ConfigName: kjsd__advperagentrankweighted__M3__L20__eps0p007__g0p003__ds0p05__dm0p05
Problem: QUBO
Kernel: jsd
Advantage: peragentrankweighted
M: 3
lambda: 20
epsilon_svgd: 0.007
gamma: 0.003
decay_start_ratio: 0.05
decay_min_factor: 0.05
bandwith_kernel: None
no_interact: False
avg_score: -2521.360107421875
median_score: -2533.0
std_score: 146.24195861816406
percentiles: 2%=-2770.419921875, 5%=-2745.10009765625, 10%=-2702.0, 25%=-2627.5, 50%=-2533.0, 75%=-2409.5, 90%=-2331.89990234375, 95%=-2268.949951171875, 98%=-2238.239990234375
ranking_best_algo: DiscreteLengler2OnePlusOne
ranking_best_score: 2617.04
ranking_my_rank: 62/504 (87.9%)
ranking_my_percent: 87.89682539682539
