ConfigName: krbf__advnormalizedfitness__M4__L24__eps0p02__g0p01__ds0p15__dm0p05
Problem: QUBO
Kernel: rbf
Advantage: normalizedfitness
M: 4
lambda: 24
epsilon_svgd: 0.02
gamma: 0.01
decay_start_ratio: 0.15
decay_min_factor: 0.05
bandwith_kernel: None
no_interact: False
avg_score: -1206.93994140625
median_score: -1194.5
std_score: 148.3904266357422
percentiles: 2%=-1497.6600341796875, 5%=-1440.5, 10%=-1395.0999755859375, 25%=-1322.75, 50%=-1194.5, 75%=-1092.25, 90%=-1033.9000244140625, 95%=-1001.7999877929688, 98%=-955.4000244140625
ranking_best_algo: SVM1MetaModelLogNormal
ranking_best_score: 2605.14
ranking_my_rank: 379/504 (25.0%)
ranking_my_percent: 25.0
