ConfigName: kjsd__advperagentrankweighted__M5__L8__eps0p01__g0p0007__ds0p2__dm0p2
Problem: QUBO
Kernel: jsd
Advantage: peragentrankweighted
M: 5
lambda: 8
epsilon_svgd: 0.01
gamma: 0.0007
decay_start_ratio: 0.2
decay_min_factor: 0.2
bandwith_kernel: None
no_interact: False
avg_score: -1199.760009765625
median_score: -1192.5
std_score: 57.80348205566406
percentiles: 2%=-1335.0400390625, 5%=-1301.5, 10%=-1275.4000244140625, 25%=-1234.0, 50%=-1192.5, 75%=-1158.75, 90%=-1131.800048828125, 95%=-1118.8499755859375, 98%=-1101.8199462890625
ranking_best_algo: Tabu
ranking_best_score: 1216.16
ranking_my_rank: 43/504 (91.7%)
ranking_my_percent: 91.66666666666667
