ConfigName: krbf__advnormalizedfitness__M4__L8__eps0p015__g0p007__ds0p3__dm0p3
Problem: NK
Kernel: rbf
Advantage: normalizedfitness
M: 4
lambda: 8
epsilon_svgd: 0.015
gamma: 0.007
decay_start_ratio: 0.3
decay_min_factor: 0.3
bandwith_kernel: None
no_interact: False
avg_score: 0.7185359001159668
median_score: 0.7180577516555786
std_score: 0.01926610618829727
percentiles: 2%=0.6842355132102966, 5%=0.6872122883796692, 10%=0.6953087449073792, 25%=0.7055462598800659, 50%=0.7180577516555786, 75%=0.7308954000473022, 90%=0.7427054047584534, 95%=0.7497383952140808, 98%=0.7576124668121338
ranking_best_algo: Tabu
ranking_best_score: 0.7470791764843752
ranking_my_rank: 205/504 (59.5%)
ranking_my_percent: 59.523809523809526
