ConfigName: krbf__advnormalizedfitness__M3__L8__eps0p033__g0p005__ds0p15__dm0p01
Problem: NK
Kernel: rbf
Advantage: normalizedfitness
M: 3
lambda: 8
epsilon_svgd: 0.033
gamma: 0.005
decay_start_ratio: 0.15
decay_min_factor: 0.01
bandwith_kernel: None
no_interact: False
avg_score: 0.7388501763343811
median_score: 0.7375838160514832
std_score: 0.014981074258685112
percentiles: 2%=0.7148280739784241, 5%=0.7176803350448608, 10%=0.7209583520889282, 25%=0.7291440963745117, 50%=0.7375838160514832, 75%=0.7467511892318726, 90%=0.7551994919776917, 95%=0.7675511240959167, 98%=0.7734312415122986
ranking_best_algo: Tabu
ranking_best_score: 0.7601875690625
ranking_my_rank: 16/504 (97.0%)
ranking_my_percent: 97.02380952380952
