ConfigName: kfr__advglobalrankweighted__M4__L9__eps0p015__g0p007__ds0p01__dm0p01
Problem: QUBO
Kernel: fr
Advantage: globalrankweighted
M: 4
lambda: 9
epsilon_svgd: 0.015
gamma: 0.007
decay_start_ratio: 0.01
decay_min_factor: 0.01
bandwith_kernel: None
no_interact: False
avg_score: -1258.239990234375
median_score: -1257.0
std_score: 69.46741485595703
percentiles: 2%=-1387.4000244140625, 5%=-1373.3499755859375, 10%=-1355.199951171875, 25%=-1308.0, 50%=-1257.0, 75%=-1208.5, 90%=-1182.9000244140625, 95%=-1152.800048828125, 98%=-1109.0
ranking_best_algo: BigLognormalDiscreteOnePlusOne
ranking_best_score: 1301.3600000000004
ranking_my_rank: 53/504 (89.7%)
ranking_my_percent: 89.68253968253968
