ConfigName: krbf__advnormalizedfitness__M2__L10__eps0p033__g0p007__ds0p3__dm0p01
Problem: QUBO
Kernel: rbf
Advantage: normalizedfitness
M: 2
lambda: 10
epsilon_svgd: 0.033
gamma: 0.007
decay_start_ratio: 0.3
decay_min_factor: 0.01
bandwith_kernel: None
no_interact: False
avg_score: -575.9600219726562
median_score: -578.5
std_score: 30.283302307128906
percentiles: 2%=-625.0800170898438, 5%=-617.0999755859375, 10%=-611.0999755859375, 25%=-597.5, 50%=-578.5, 75%=-559.0, 90%=-537.9000244140625, 95%=-525.7999877929688, 98%=-489.94000244140625
ranking_best_algo: Tabu
ranking_best_score: 588.7199999999999
ranking_my_rank: 56/503 (89.1%)
ranking_my_percent: 89.06560636182903
