ConfigName: kjsd__advperagentrankweighted__M3__L24__eps0p007__g0p001__ds0p2__dm0p1
Problem: QUBO
Kernel: jsd
Advantage: peragentrankweighted
M: 3
lambda: 24
epsilon_svgd: 0.007
gamma: 0.001
decay_start_ratio: 0.2
decay_min_factor: 0.1
bandwith_kernel: None
no_interact: False
avg_score: -584.6799926757812
median_score: -586.0
std_score: 25.722705841064453
percentiles: 2%=-631.1799926757812, 5%=-621.2999877929688, 10%=-615.0, 25%=-602.25, 50%=-586.0, 75%=-570.75, 90%=-550.9000244140625, 95%=-541.75, 98%=-534.739990234375
ranking_best_algo: Tabu
ranking_best_score: 588.7199999999999
ranking_my_rank: 5/503 (99.2%)
ranking_my_percent: 99.20477137176938
