ConfigName: kjsd__advperagentrankweighted__M4__L20__eps0p007__g0p0005__ds0p05__dm0p1
Problem: QUBO
Kernel: jsd
Advantage: peragentrankweighted
M: 4
lambda: 20
epsilon_svgd: 0.007
gamma: 0.0005
decay_start_ratio: 0.05
decay_min_factor: 0.1
bandwith_kernel: None
no_interact: False
avg_score: -200.36000061035156
median_score: -200.5
std_score: 12.610725402832031
percentiles: 2%=-224.0, 5%=-222.10000610351562, 10%=-218.0, 25%=-209.0, 50%=-200.5, 75%=-191.0, 90%=-183.0, 95%=-179.9499969482422, 98%=-177.94000244140625
ranking_best_algo: Tabu
ranking_best_score: 208.36000000000004
ranking_my_rank: 47/504 (90.9%)
ranking_my_percent: 90.87301587301587
