ConfigName: kjsd__advperagentrankweighted__M5__L10__eps0p02__g0p0005__ds0p05__dm0p05
Problem: NK
Kernel: jsd
Advantage: peragentrankweighted
M: 5
lambda: 10
epsilon_svgd: 0.02
gamma: 0.0005
decay_start_ratio: 0.05
decay_min_factor: 0.05
bandwith_kernel: None
no_interact: False
avg_score: 0.7367801070213318
median_score: 0.737411379814148
std_score: 0.008693418465554714
percentiles: 2%=0.721327006816864, 5%=0.7221552133560181, 10%=0.7253875136375427, 25%=0.7305550575256348, 50%=0.737411379814148, 75%=0.74248206615448, 90%=0.748197615146637, 95%=0.7514490485191345, 98%=0.7530755400657654
ranking_best_algo: PBIL
ranking_best_score: 0.733570253046875
ranking_my_rank: 1/504 (100.0%)
ranking_my_percent: 100.0
