ConfigName: krbf__advnormalizedfitness__M3__L8__eps0p025__g0p007__ds0p3__dm0p3
Problem: NK
Kernel: rbf
Advantage: normalizedfitness
M: 3
lambda: 8
epsilon_svgd: 0.025
gamma: 0.007
decay_start_ratio: 0.3
decay_min_factor: 0.3
bandwith_kernel: None
no_interact: False
avg_score: 0.736981213092804
median_score: 0.7384752035140991
std_score: 0.008889268152415752
percentiles: 2%=0.7180842757225037, 5%=0.7206971049308777, 10%=0.7229268550872803, 25%=0.7324877381324768, 50%=0.7384752035140991, 75%=0.743213415145874, 90%=0.7464555501937866, 95%=0.749087929725647, 98%=0.7523312568664551
ranking_best_algo: PBIL
ranking_best_score: 0.730509098125
ranking_my_rank: 1/504 (100.0%)
ranking_my_percent: 100.0
