ConfigName: kjsd__advperagentrankweighted__M4__L8__eps0p01__g0p0007__ds0p2__dm0p05
Problem: QUBO
Kernel: jsd
Advantage: peragentrankweighted
M: 4
lambda: 8
epsilon_svgd: 0.01
gamma: 0.0007
decay_start_ratio: 0.2
decay_min_factor: 0.05
bandwith_kernel: None
no_interact: False
avg_score: -446.0799865722656
median_score: -449.0
std_score: 24.25517463684082
percentiles: 2%=-485.260009765625, 5%=-481.0, 10%=-472.0, 25%=-464.25, 50%=-449.0, 75%=-431.0, 90%=-408.79998779296875, 95%=-402.8500061035156, 98%=-397.760009765625
ranking_best_algo: CMApara
ranking_best_score: 453.82
ranking_my_rank: 3/504 (99.6%)
ranking_my_percent: 99.60317460317461
