ConfigName: kjsd__advperagentrankweighted__M4__L8__eps0p01__g0p0005__ds0p2__dm0p05
Problem: NK
Kernel: jsd
Advantage: peragentrankweighted
M: 4
lambda: 8
epsilon_svgd: 0.01
gamma: 0.0005
decay_start_ratio: 0.2
decay_min_factor: 0.05
bandwith_kernel: None
no_interact: False
avg_score: 0.7475361824035645
median_score: 0.7471575736999512
std_score: 0.012203076854348183
percentiles: 2%=0.7269418239593506, 5%=0.7295969724655151, 10%=0.7319769859313965, 25%=0.739193320274353, 50%=0.7471575736999512, 75%=0.7547754645347595, 90%=0.7615830302238464, 95%=0.7684842348098755, 98%=0.7767500877380371
ranking_best_algo: Tabu
ranking_best_score: 0.7470791764843752
ranking_my_rank: 1/504 (100.0%)
ranking_my_percent: 100.0
