ConfigName: kjsd__advperagentrankweighted__M4__L12__eps0p005__g0p0007__ds0p2__dm0p05
Problem: QUBO
Kernel: jsd
Advantage: peragentrankweighted
M: 4
lambda: 12
epsilon_svgd: 0.005
gamma: 0.0007
decay_start_ratio: 0.2
decay_min_factor: 0.05
bandwith_kernel: None
no_interact: False
avg_score: -439.6600036621094
median_score: -440.5
std_score: 25.422122955322266
percentiles: 2%=-481.0799865722656, 5%=-477.1000061035156, 10%=-472.0, 25%=-460.25, 50%=-440.5, 75%=-421.0, 90%=-404.0, 95%=-398.8999938964844, 98%=-394.82000732421875
ranking_best_algo: CMApara
ranking_best_score: 453.82
ranking_my_rank: 17/504 (96.8%)
ranking_my_percent: 96.82539682539682
