ConfigName: kjsd__advperagentrankweighted__M3__L16__eps0p005__g0p0007__ds0p05__dm0p1
Problem: NK
Kernel: jsd
Advantage: peragentrankweighted
M: 3
lambda: 16
epsilon_svgd: 0.005
gamma: 0.0007
decay_start_ratio: 0.05
decay_min_factor: 0.1
bandwith_kernel: None
no_interact: False
avg_score: 0.7103986144065857
median_score: 0.7112376093864441
std_score: 0.01547109056264162
percentiles: 2%=0.670226514339447, 5%=0.6720449924468994, 10%=0.6954573392868042, 25%=0.7071875929832458, 50%=0.7112376093864441, 75%=0.7194665670394897, 90%=0.7255009412765503, 95%=0.7326699495315552, 98%=0.732848048210144
ranking_best_algo: CMApara
ranking_best_score: 0.707475975
ranking_my_rank: 1/504 (100.0%)
ranking_my_percent: 100.0
