ConfigName: kjsd__advperagentrankweighted__M4__L24__eps0p03__g0p0007__ds0p2__dm0p05
Problem: NK
Kernel: jsd
Advantage: peragentrankweighted
M: 4
lambda: 24
epsilon_svgd: 0.03
gamma: 0.0007
decay_start_ratio: 0.2
decay_min_factor: 0.05
bandwith_kernel: None
no_interact: False
avg_score: 0.7110773324966431
median_score: 0.6985580325126648
std_score: 0.03140725940465927
percentiles: 2%=0.6735799908638, 5%=0.6745544672012329, 10%=0.676158607006073, 25%=0.6823291182518005, 50%=0.6985580325126648, 75%=0.7462846040725708, 90%=0.7527669072151184, 95%=0.7613165378570557, 98%=0.7613165378570557
ranking_best_algo: CMApara
ranking_best_score: 0.7118996098437498
ranking_my_rank: 7/504 (98.8%)
ranking_my_percent: 98.80952380952381
