ConfigName: krbf__advnormalizedfitness__M4__L10__eps0p01__g0p002__ds0p05__dm0p05
Problem: QUBO
Kernel: rbf
Advantage: normalizedfitness
M: 4
lambda: 10
epsilon_svgd: 0.01
gamma: 0.002
decay_start_ratio: 0.05
decay_min_factor: 0.05
bandwith_kernel: None
no_interact: False
avg_score: -417.0
median_score: -418.0
std_score: 28.338666915893555
percentiles: 2%=-475.0, 5%=-461.29998779296875, 10%=-452.0, 25%=-440.25, 50%=-418.0, 75%=-396.0, 90%=-378.0, 95%=-374.95001220703125, 98%=-363.9599914550781
ranking_best_algo: Tabu
ranking_best_score: 438.12
ranking_my_rank: 41/504 (92.1%)
ranking_my_percent: 92.06349206349206
