ConfigName: kjsd__advperagentrankweighted__M5__L10__eps0p02__g0p0003__ds0p05__dm0p05
Problem: NK
Kernel: jsd
Advantage: peragentrankweighted
M: 5
lambda: 10
epsilon_svgd: 0.02
gamma: 0.0003
decay_start_ratio: 0.05
decay_min_factor: 0.05
bandwith_kernel: None
no_interact: False
avg_score: 0.7032798528671265
median_score: 0.7044883370399475
std_score: 0.011579890735447407
percentiles: 2%=0.6829701066017151, 5%=0.686606228351593, 10%=0.6883809566497803, 25%=0.6918277740478516, 50%=0.7044883370399475, 75%=0.7130725979804993, 90%=0.7177608013153076, 95%=0.7188892364501953, 98%=0.7203060984611511
ranking_best_algo: PBIL
ranking_best_score: 0.7013553837109374
ranking_my_rank: 1/504 (100.0%)
ranking_my_percent: 100.0
