ConfigName: kjsd__advperagentrankweighted__M3__L20__eps0p005__g0p0005__ds0p1__dm0p1
Problem: QUBO
Kernel: jsd
Advantage: peragentrankweighted
M: 3
lambda: 20
epsilon_svgd: 0.005
gamma: 0.0005
decay_start_ratio: 0.1
decay_min_factor: 0.1
bandwith_kernel: None
no_interact: False
avg_score: -1312.3800048828125
median_score: -1322.5
std_score: 59.74542236328125
percentiles: 2%=-1414.1400146484375, 5%=-1409.0, 10%=-1389.199951171875, 25%=-1352.0, 50%=-1322.5, 75%=-1264.75, 90%=-1221.9000244140625, 95%=-1218.699951171875, 98%=-1183.9000244140625
ranking_best_algo: BigLognormalDiscreteOnePlusOne
ranking_best_score: 1301.3600000000004
ranking_my_rank: 1/504 (100.0%)
ranking_my_percent: 100.0
