ConfigName: kfr__advglobalrankweighted__M4__L13__eps0p06__g0p005__ds0p01__dm0p01
Problem: QUBO
Kernel: fr
Advantage: globalrankweighted
M: 4
lambda: 13
epsilon_svgd: 0.06
gamma: 0.005
decay_start_ratio: 0.01
decay_min_factor: 0.01
bandwith_kernel: None
no_interact: False
avg_score: -409.6199951171875
median_score: -406.5
std_score: 26.39423179626465
percentiles: 2%=-469.1199951171875, 5%=-452.04998779296875, 10%=-446.0, 25%=-429.0, 50%=-406.5, 75%=-390.0, 90%=-380.0, 95%=-372.0, 98%=-365.760009765625
ranking_best_algo: Tabu
ranking_best_score: 438.12
ranking_my_rank: 94/504 (81.5%)
ranking_my_percent: 81.54761904761905
