ConfigName: kfr__advglobalrankweighted__M4__L10__eps0p02__g0p007__ds0p01__dm0p01
Problem: QUBO
Kernel: fr
Advantage: globalrankweighted
M: 4
lambda: 10
epsilon_svgd: 0.02
gamma: 0.007
decay_start_ratio: 0.01
decay_min_factor: 0.01
bandwith_kernel: None
no_interact: False
avg_score: -329.1400146484375
median_score: -334.0
std_score: 21.934911727905273
percentiles: 2%=-372.0, 5%=-358.20001220703125, 10%=-350.0, 25%=-343.0, 50%=-334.0, 75%=-316.0, 90%=-292.8999938964844, 95%=-290.0, 98%=-281.9599914550781
ranking_best_algo: CMApara
ranking_best_score: 344.22
ranking_my_rank: 82/504 (83.9%)
ranking_my_percent: 83.92857142857143
