ConfigName: kjsd__advperagentrankweighted__M3__L18__eps0p01__g0p0005__ds0p2__dm0p05
Problem: QUBO
Kernel: jsd
Advantage: peragentrankweighted
M: 3
lambda: 18
epsilon_svgd: 0.01
gamma: 0.0005
decay_start_ratio: 0.2
decay_min_factor: 0.05
bandwith_kernel: None
no_interact: False
avg_score: -1240.5799560546875
median_score: -1231.0
std_score: 61.64936065673828
percentiles: 2%=-1385.239990234375, 5%=-1343.1500244140625, 10%=-1321.800048828125, 25%=-1276.25, 50%=-1231.0, 75%=-1198.75, 90%=-1162.800048828125, 95%=-1155.0, 98%=-1143.0
ranking_best_algo: SVMMetaModelLogNormal
ranking_best_score: 1233.7999999999997
ranking_my_rank: 1/504 (100.0%)
ranking_my_percent: 100.0
