ConfigName: kjsd__advperagentrankweighted__M3__L16__eps0p007__g0p0005__ds0p05__dm0p2
Problem: QUBO
Kernel: jsd
Advantage: peragentrankweighted
M: 3
lambda: 16
epsilon_svgd: 0.007
gamma: 0.0005
decay_start_ratio: 0.05
decay_min_factor: 0.2
bandwith_kernel: None
no_interact: False
avg_score: -331.2200012207031
median_score: -335.5
std_score: 22.008899688720703
percentiles: 2%=-372.0, 5%=-372.0, 10%=-354.29998779296875, 25%=-342.0, 50%=-335.5, 75%=-321.0, 90%=-303.3999938964844, 95%=-285.8999938964844, 98%=-274.0
ranking_best_algo: CMApara
ranking_best_score: 344.22
ranking_my_rank: 77/504 (84.9%)
ranking_my_percent: 84.92063492063492
