ConfigName: krbf__advnormalizedfitness__M4__L8__eps0p015__g0p015__ds0p15__dm0p3
Problem: QUBO
Kernel: rbf
Advantage: normalizedfitness
M: 4
lambda: 8
epsilon_svgd: 0.015
gamma: 0.015
decay_start_ratio: 0.15
decay_min_factor: 0.3
bandwith_kernel: None
no_interact: False
avg_score: -318.05999755859375
median_score: -313.5
std_score: 35.56285095214844
percentiles: 2%=-386.05999755859375, 5%=-379.0, 10%=-368.1000061035156, 25%=-342.0, 50%=-313.5, 75%=-295.0, 90%=-273.8999938964844, 95%=-258.9000244140625, 98%=-254.8999786376953
ranking_best_algo: CMAL3
ranking_best_score: 435.36
ranking_my_rank: 335/504 (33.7%)
ranking_my_percent: 33.73015873015873
