ConfigName: kjsd__advperagentrankweighted__M5__L10__eps0p005__g0p0005__ds0p2__dm0p2
Problem: QUBO
Kernel: jsd
Advantage: peragentrankweighted
M: 5
lambda: 10
epsilon_svgd: 0.005
gamma: 0.0005
decay_start_ratio: 0.2
decay_min_factor: 0.2
bandwith_kernel: None
no_interact: False
avg_score: -418.32000732421875
median_score: -417.0
std_score: 27.09128189086914
percentiles: 2%=-465.20001220703125, 5%=-457.0, 10%=-454.0, 25%=-438.0, 50%=-417.0, 75%=-401.5, 90%=-387.6000061035156, 95%=-372.0, 98%=-352.0
ranking_best_algo: Tabu
ranking_best_score: 438.12
ranking_my_rank: 37/504 (92.9%)
ranking_my_percent: 92.85714285714286
