ConfigName: kfr__advglobalrankweighted__M6__L8__eps0p02__g0p003__ds0p01__dm0p01
Problem: QUBO
Kernel: fr
Advantage: globalrankweighted
M: 6
lambda: 8
epsilon_svgd: 0.02
gamma: 0.003
decay_start_ratio: 0.01
decay_min_factor: 0.01
bandwith_kernel: None
no_interact: False
avg_score: -140.0
median_score: -141.0
std_score: 10.461357116699219
percentiles: 2%=-158.02000427246094, 5%=-157.0500030517578, 10%=-153.0, 25%=-147.0, 50%=-141.0, 75%=-132.0, 90%=-125.0, 95%=-123.0, 98%=-120.91998291015625
ranking_best_algo: DiscreteDE
ranking_best_score: 143.4
ranking_my_rank: 80/504 (84.3%)
ranking_my_percent: 84.32539682539682
