ConfigName: kjsd__advperagentrankweighted__M4__L10__eps0p01__g0p0005__ds0p2__dm0p05
Problem: QUBO
Kernel: jsd
Advantage: peragentrankweighted
M: 4
lambda: 10
epsilon_svgd: 0.01
gamma: 0.0005
decay_start_ratio: 0.2
decay_min_factor: 0.05
bandwith_kernel: None
no_interact: False
avg_score: -573.9000244140625
median_score: -571.5
std_score: 28.339195251464844
percentiles: 2%=-624.1799926757812, 5%=-619.0999755859375, 10%=-615.0, 25%=-597.25, 50%=-571.5, 75%=-554.0, 90%=-538.0, 95%=-527.9000244140625, 98%=-523.9400024414062
ranking_best_algo: Tabu
ranking_best_score: 588.7199999999999
ranking_my_rank: 61/503 (88.1%)
ranking_my_percent: 88.07157057654075
