ConfigName: kjsd__advperagentrankweighted__M3__L16__eps0p01__g0p003__ds0p05__dm0p2
Problem: QUBO
Kernel: jsd
Advantage: peragentrankweighted
M: 3
lambda: 16
epsilon_svgd: 0.01
gamma: 0.003
decay_start_ratio: 0.05
decay_min_factor: 0.2
bandwith_kernel: None
no_interact: False
avg_score: -2465.360107421875
median_score: -2451.5
std_score: 119.63590240478516
percentiles: 2%=-2704.39990234375, 5%=-2682.699951171875, 10%=-2639.199951171875, 25%=-2535.75, 50%=-2451.5, 75%=-2392.25, 90%=-2310.0, 95%=-2290.550048828125, 98%=-2274.580078125
ranking_best_algo: SVM1MetaModelLogNormal
ranking_best_score: 2605.14
ranking_my_rank: 80/504 (84.3%)
ranking_my_percent: 84.32539682539682
