ConfigName: kjsd__advperagentrankweighted__M4__L8__eps0p01__g0p0005__ds0p4__dm0p05
Problem: QUBO
Kernel: jsd
Advantage: peragentrankweighted
M: 4
lambda: 8
epsilon_svgd: 0.01
gamma: 0.0005
decay_start_ratio: 0.4
decay_min_factor: 0.05
bandwith_kernel: None
no_interact: False
avg_score: -137.97999572753906
median_score: -139.0
std_score: 10.840645790100098
percentiles: 2%=-156.02000427246094, 5%=-156.0, 10%=-150.0, 25%=-146.0, 50%=-139.0, 75%=-129.0, 90%=-122.80000305175781, 95%=-119.0, 98%=-114.9800033569336
ranking_best_algo: DiscreteDE
ranking_best_score: 143.4
ranking_my_rank: 117/504 (77.0%)
ranking_my_percent: 76.98412698412699
