ConfigName: kjsd__advperagentrankweighted__M4__L20__eps0p005__g0p001__ds0p2__dm0p1
Problem: NK
Kernel: jsd
Advantage: peragentrankweighted
M: 4
lambda: 20
epsilon_svgd: 0.005
gamma: 0.001
decay_start_ratio: 0.2
decay_min_factor: 0.1
bandwith_kernel: None
no_interact: False
avg_score: 0.7312644720077515
median_score: 0.7325447797775269
std_score: 0.010143237188458443
percentiles: 2%=0.7047820687294006, 5%=0.7086057662963867, 10%=0.7191973328590393, 25%=0.725305438041687, 50%=0.7325447797775269, 75%=0.7384451627731323, 90%=0.7439900636672974, 95%=0.7443563938140869, 98%=0.7452728152275085
ranking_best_algo: PBIL
ranking_best_score: 0.7248786399609374
ranking_my_rank: 1/504 (100.0%)
ranking_my_percent: 100.0
