ConfigName: kjsd__advperagentrankweighted__M6__L30__eps0p005__g0p0005__ds0p05__dm0p05
Problem: QUBO
Kernel: jsd
Advantage: peragentrankweighted
M: 6
lambda: 30
epsilon_svgd: 0.005
gamma: 0.0005
decay_start_ratio: 0.05
decay_min_factor: 0.05
bandwith_kernel: None
no_interact: False
avg_score: -310.3999938964844
median_score: -307.0
std_score: 37.94258499145508
percentiles: 2%=-390.0, 5%=-384.20001220703125, 10%=-359.3999938964844, 25%=-338.0, 50%=-307.0, 75%=-275.0, 90%=-268.0, 95%=-262.95001220703125, 98%=-258.9800109863281
ranking_best_algo: CMApara
ranking_best_score: 319.29999999999995
ranking_my_rank: 60/504 (88.3%)
ranking_my_percent: 88.2936507936508
