ConfigName: kjsd__advperagentrankweighted__M3__L24__eps0p007__g0p0005__ds0p2__dm0p05
Problem: QUBO
Kernel: jsd
Advantage: peragentrankweighted
M: 3
lambda: 24
epsilon_svgd: 0.007
gamma: 0.0005
decay_start_ratio: 0.2
decay_min_factor: 0.05
bandwith_kernel: None
no_interact: False
avg_score: -1314.5
median_score: -1311.0
std_score: 56.34296798706055
percentiles: 2%=-1433.0, 5%=-1407.3499755859375, 10%=-1389.199951171875, 25%=-1352.5, 50%=-1311.0, 75%=-1275.0, 90%=-1243.0, 95%=-1226.75, 98%=-1212.199951171875
ranking_best_algo: BigLognormalDiscreteOnePlusOne
ranking_best_score: 1301.3600000000004
ranking_my_rank: 1/504 (100.0%)
ranking_my_percent: 100.0
