ConfigName: kjsd__advperagentrankweighted__M3__L30__eps0p007__g0p0005__ds0p2__dm0p05
Problem: QUBO
Kernel: jsd
Advantage: peragentrankweighted
M: 3
lambda: 30
epsilon_svgd: 0.007
gamma: 0.0005
decay_start_ratio: 0.2
decay_min_factor: 0.05
bandwith_kernel: None
no_interact: False
avg_score: -138.82000732421875
median_score: -139.0
std_score: 11.123290061950684
percentiles: 2%=-158.02000427246094, 5%=-157.0500030517578, 10%=-152.0, 25%=-147.0, 50%=-139.0, 75%=-130.5, 90%=-126.80000305175781, 95%=-121.0, 98%=-116.91999816894531
ranking_best_algo: DiscreteDE
ranking_best_score: 143.4
ranking_my_rank: 95/504 (81.3%)
ranking_my_percent: 81.34920634920636
