ConfigName: kjsd__advperagentrankweighted__M5__L8__eps0p03__g0p0007__ds0p05__dm0p05
Problem: QUBO
Kernel: jsd
Advantage: peragentrankweighted
M: 5
lambda: 8
epsilon_svgd: 0.03
gamma: 0.0007
decay_start_ratio: 0.05
decay_min_factor: 0.05
bandwith_kernel: None
no_interact: False
avg_score: -1181.52001953125
median_score: -1177.5
std_score: 58.51828384399414
percentiles: 2%=-1300.6199951171875, 5%=-1286.449951171875, 10%=-1263.4000244140625, 25%=-1217.5, 50%=-1177.5, 75%=-1141.25, 90%=-1115.5, 95%=-1101.9000244140625, 98%=-1084.4000244140625
ranking_best_algo: Tabu
ranking_best_score: 1216.16
ranking_my_rank: 66/504 (87.1%)
ranking_my_percent: 87.10317460317461
