ConfigName: kjsd__advperagentrankweighted__M6__L8__eps0p02__g0p0005__ds0p2__dm0p05
Problem: QUBO
Kernel: jsd
Advantage: peragentrankweighted
M: 6
lambda: 8
epsilon_svgd: 0.02
gamma: 0.0005
decay_start_ratio: 0.2
decay_min_factor: 0.05
bandwith_kernel: None
no_interact: False
avg_score: -1233.47998046875
median_score: -1236.5
std_score: 59.34197235107422
percentiles: 2%=-1359.199951171875, 5%=-1348.050048828125, 10%=-1324.4000244140625, 25%=-1260.25, 50%=-1236.5, 75%=-1192.0, 90%=-1165.800048828125, 95%=-1148.5999755859375, 98%=-1118.93994140625
ranking_best_algo: SVMMetaModelLogNormal
ranking_best_score: 1233.7999999999997
ranking_my_rank: 8/504 (98.6%)
ranking_my_percent: 98.61111111111111
