ConfigName: kjsd__advperagentrankweighted__M3__L18__eps0p005__g0p003__ds0p1__dm0p05
Problem: QUBO
Kernel: jsd
Advantage: peragentrankweighted
M: 3
lambda: 18
epsilon_svgd: 0.005
gamma: 0.003
decay_start_ratio: 0.1
decay_min_factor: 0.05
bandwith_kernel: None
no_interact: False
avg_score: -307.5400085449219
median_score: -305.0
std_score: 38.76065444946289
percentiles: 2%=-394.0799865722656, 5%=-386.0, 10%=-355.6000061035156, 25%=-332.5, 50%=-305.0, 75%=-275.0, 90%=-261.0, 95%=-258.0, 98%=-249.67999267578125
ranking_best_algo: CMApara
ranking_best_score: 319.29999999999995
ranking_my_rank: 96/504 (81.2%)
ranking_my_percent: 81.15079365079364
