ConfigName: kfr__advglobalrankweighted__M1__L9__eps0p015__g0p005__ds0p01__dm0p01
Problem: QUBO
Kernel: fr
Advantage: globalrankweighted
M: 1
lambda: 9
epsilon_svgd: 0.015
gamma: 0.005
decay_start_ratio: 0.01
decay_min_factor: 0.01
bandwith_kernel: None
no_interact: False
avg_score: -1196.02001953125
median_score: -1191.0
std_score: 57.30706024169922
percentiles: 2%=-1311.239990234375, 5%=-1293.3499755859375, 10%=-1275.0, 25%=-1239.25, 50%=-1191.0, 75%=-1151.0, 90%=-1121.0, 95%=-1106.800048828125, 98%=-1090.93994140625
ranking_best_algo: SVMMetaModelLogNormal
ranking_best_score: 1233.7999999999997
ranking_my_rank: 58/504 (88.7%)
ranking_my_percent: 88.69047619047619
