ConfigName: kjsd__advperagentrankweighted__M3__L18__eps0p01__g0p0005__ds0p2__dm0p1
Problem: QUBO
Kernel: jsd
Advantage: peragentrankweighted
M: 3
lambda: 18
epsilon_svgd: 0.01
gamma: 0.0005
decay_start_ratio: 0.2
decay_min_factor: 0.1
bandwith_kernel: None
no_interact: False
avg_score: -308.3599853515625
median_score: -310.0
std_score: 38.21767044067383
percentiles: 2%=-388.0400085449219, 5%=-382.20001220703125, 10%=-358.20001220703125, 25%=-335.0, 50%=-310.0, 75%=-273.5, 90%=-263.79998779296875, 95%=-259.95001220703125, 98%=-256.8800048828125
ranking_best_algo: CMApara
ranking_best_score: 319.29999999999995
ranking_my_rank: 89/504 (82.5%)
ranking_my_percent: 82.53968253968254
