ConfigName: kjsd__advperagentrankweighted__M3__L20__eps0p005__g0p0007__ds0p2__dm0p05
Problem: QUBO
Kernel: jsd
Advantage: peragentrankweighted
M: 3
lambda: 20
epsilon_svgd: 0.005
gamma: 0.0007
decay_start_ratio: 0.2
decay_min_factor: 0.05
bandwith_kernel: None
no_interact: False
avg_score: -3300.06005859375
median_score: -3296.0
std_score: 113.41778564453125
percentiles: 2%=-3539.0, 5%=-3454.39990234375, 10%=-3438.0, 25%=-3382.0, 50%=-3296.0, 75%=-3219.75, 90%=-3162.699951171875, 95%=-3121.949951171875, 98%=-3084.93994140625
ranking_best_algo: RLSOnePlusOne
ranking_best_score: 3316.5199999999995
ranking_my_rank: 3/504 (99.6%)
ranking_my_percent: 99.60317460317461
