ConfigName: krbf__advnormalizedfitness__M3__L15__eps0p025__g0p005__ds0p3__dm0p3
Problem: QUBO
Kernel: rbf
Advantage: normalizedfitness
M: 3
lambda: 15
epsilon_svgd: 0.025
gamma: 0.005
decay_start_ratio: 0.3
decay_min_factor: 0.3
bandwith_kernel: None
no_interact: False
avg_score: -331.5400085449219
median_score: -338.0
std_score: 21.79422950744629
percentiles: 2%=-372.0, 5%=-361.54998779296875, 10%=-354.0, 25%=-343.0, 50%=-338.0, 75%=-320.0, 90%=-298.0, 95%=-291.9000244140625, 98%=-289.59991455078125
ranking_best_algo: CMApara
ranking_best_score: 344.22
ranking_my_rank: 76/504 (85.1%)
ranking_my_percent: 85.11904761904762
