ConfigName: kjsd__advperagentrankweighted__M3__L16__eps0p005__g0p0005__ds0p1__dm0p1
Problem: NK
Kernel: jsd
Advantage: peragentrankweighted
M: 3
lambda: 16
epsilon_svgd: 0.005
gamma: 0.0005
decay_start_ratio: 0.1
decay_min_factor: 0.1
bandwith_kernel: None
no_interact: False
avg_score: 0.7394182682037354
median_score: 0.7418089509010315
std_score: 0.012741436250507832
percentiles: 2%=0.7141886949539185, 5%=0.7175952792167664, 10%=0.7210766673088074, 25%=0.7314549088478088, 50%=0.7418089509010315, 75%=0.7471740245819092, 90%=0.7557187080383301, 95%=0.7615534663200378, 98%=0.7621521353721619
ranking_best_algo: Tabu
ranking_best_score: 0.7601875690625
ranking_my_rank: 16/504 (97.0%)
ranking_my_percent: 97.02380952380952
