ConfigName: kjsd__advperagentrankweighted__M4__L20__eps0p007__g0p0005__ds0p1__dm0p2
Problem: QUBO
Kernel: jsd
Advantage: peragentrankweighted
M: 4
lambda: 20
epsilon_svgd: 0.007
gamma: 0.0005
decay_start_ratio: 0.1
decay_min_factor: 0.2
bandwith_kernel: None
no_interact: False
avg_score: -426.7200012207031
median_score: -428.0
std_score: 26.044607162475586
percentiles: 2%=-483.0400085449219, 5%=-477.0, 10%=-457.20001220703125, 25%=-443.0, 50%=-428.0, 75%=-412.0, 90%=-392.8999938964844, 95%=-381.95001220703125, 98%=-369.9200134277344
ranking_best_algo: CMAL3
ranking_best_score: 435.36
ranking_my_rank: 22/504 (95.8%)
ranking_my_percent: 95.83333333333333
