ConfigName: kjsd__advperagentrankweighted__M3__L18__eps0p005__g0p0005__ds0p1__dm0p1
Problem: QUBO
Kernel: jsd
Advantage: peragentrankweighted
M: 3
lambda: 18
epsilon_svgd: 0.005
gamma: 0.0005
decay_start_ratio: 0.1
decay_min_factor: 0.1
bandwith_kernel: None
no_interact: False
avg_score: -1308.8599853515625
median_score: -1307.5
std_score: 50.931724548339844
percentiles: 2%=-1415.199951171875, 5%=-1410.0999755859375, 10%=-1372.699951171875, 25%=-1339.25, 50%=-1307.5, 75%=-1273.75, 90%=-1250.5999755859375, 95%=-1236.5, 98%=-1211.93994140625
ranking_best_algo: BigLognormalDiscreteOnePlusOne
ranking_best_score: 1301.3600000000004
ranking_my_rank: 1/504 (100.0%)
ranking_my_percent: 100.0
