ConfigName: kjsd__advperagentrankweighted__M4__L24__eps0p008__g0p0005__ds0p05__dm0p05
Problem: NK
Kernel: jsd
Advantage: peragentrankweighted
M: 4
lambda: 24
epsilon_svgd: 0.008
gamma: 0.0005
decay_start_ratio: 0.05
decay_min_factor: 0.05
bandwith_kernel: None
no_interact: False
avg_score: 0.7079726457595825
median_score: 0.7098942995071411
std_score: 0.011687012389302254
percentiles: 2%=0.6889556050300598, 5%=0.6905009150505066, 10%=0.6931787729263306, 25%=0.6967546939849854, 50%=0.7098942995071411, 75%=0.7177520990371704, 90%=0.7222251892089844, 95%=0.7242296934127808, 98%=0.7251825928688049
ranking_best_algo: PBIL
ranking_best_score: 0.7013553837109374
ranking_my_rank: 1/504 (100.0%)
ranking_my_percent: 100.0
