ConfigName: krbf__advnormalizedfitness__M2__L10__eps0p025__g0p01__ds0p3__dm0p01
Problem: QUBO
Kernel: rbf
Advantage: normalizedfitness
M: 2
lambda: 10
epsilon_svgd: 0.025
gamma: 0.01
decay_start_ratio: 0.3
decay_min_factor: 0.01
bandwith_kernel: None
no_interact: False
avg_score: -929.6799926757812
median_score: -931.5
std_score: 62.632240295410156
percentiles: 2%=-1056.1600341796875, 5%=-1031.1500244140625, 10%=-1015.2000122070312, 25%=-970.25, 50%=-931.5, 75%=-880.75, 90%=-846.5999755859375, 95%=-833.8499755859375, 98%=-818.8400268554688
ranking_best_algo: CMApara
ranking_best_score: 964.9
ranking_my_rank: 19/504 (96.4%)
ranking_my_percent: 96.42857142857143
