ConfigName: kjsd__advperagentrankweighted__M8__L8__eps0p005__g0p0005__ds0p05__dm0p05
Problem: QUBO
Kernel: jsd
Advantage: peragentrankweighted
M: 8
lambda: 8
epsilon_svgd: 0.005
gamma: 0.0005
decay_start_ratio: 0.05
decay_min_factor: 0.05
bandwith_kernel: None
no_interact: False
avg_score: -1202.93994140625
median_score: -1188.0
std_score: 68.5123062133789
percentiles: 2%=-1346.1600341796875, 5%=-1335.0999755859375, 10%=-1305.199951171875, 25%=-1246.5, 50%=-1188.0, 75%=-1163.0, 90%=-1117.9000244140625, 95%=-1092.300048828125, 98%=-1072.97998046875
ranking_best_algo: SVMMetaModelLogNormal
ranking_best_score: 1233.7999999999997
ranking_my_rank: 53/504 (89.7%)
ranking_my_percent: 89.68253968253968
