ConfigName: kjsd__advperagentrankweighted__M5__L24__eps0p008__g0p0005__ds0p3__dm0p05
Problem: QUBO
Kernel: jsd
Advantage: peragentrankweighted
M: 5
lambda: 24
epsilon_svgd: 0.008
gamma: 0.0005
decay_start_ratio: 0.3
decay_min_factor: 0.05
bandwith_kernel: None
no_interact: False
avg_score: -416.2200012207031
median_score: -417.0
std_score: 27.031679153442383
percentiles: 2%=-473.0400085449219, 5%=-457.0, 10%=-452.1000061035156, 25%=-434.0, 50%=-417.0, 75%=-395.5, 90%=-383.79998779296875, 95%=-377.8999938964844, 98%=-371.4800109863281
ranking_best_algo: Tabu
ranking_best_score: 438.12
ranking_my_rank: 45/504 (91.3%)
ranking_my_percent: 91.26984126984127
