ConfigName: krbf__advnormalizedfitness__M2__L8__eps0p015__g0p01__ds0p15__dm0p01
Problem: QUBO
Kernel: rbf
Advantage: normalizedfitness
M: 2
lambda: 8
epsilon_svgd: 0.015
gamma: 0.01
decay_start_ratio: 0.15
decay_min_factor: 0.01
bandwith_kernel: None
no_interact: False
avg_score: -138.5399932861328
median_score: -139.0
std_score: 10.904513359069824
percentiles: 2%=-159.02000427246094, 5%=-158.0, 10%=-153.1999969482422, 25%=-146.0, 50%=-139.0, 75%=-130.0, 90%=-125.9000015258789, 95%=-122.9000015258789, 98%=-117.9800033569336
ranking_best_algo: DiscreteDE
ranking_best_score: 143.4
ranking_my_rank: 100/504 (80.4%)
ranking_my_percent: 80.35714285714286
