ConfigName: kjsd__advperagentrankweighted__M6__L12__eps0p005__g0p0005__ds0p3__dm0p05
Problem: QUBO
Kernel: jsd
Advantage: peragentrankweighted
M: 6
lambda: 12
epsilon_svgd: 0.005
gamma: 0.0005
decay_start_ratio: 0.3
decay_min_factor: 0.05
bandwith_kernel: None
no_interact: False
avg_score: -585.8200073242188
median_score: -585.0
std_score: 25.134191513061523
percentiles: 2%=-633.0800170898438, 5%=-631.0, 10%=-617.9000244140625, 25%=-604.0, 50%=-585.0, 75%=-566.75, 90%=-551.9000244140625, 95%=-547.9000244140625, 98%=-543.9400024414062
ranking_best_algo: Tabu
ranking_best_score: 588.7199999999999
ranking_my_rank: 5/503 (99.2%)
ranking_my_percent: 99.20477137176938
