ConfigName: kjsd__advperagentrankweighted__M3__L20__eps0p007__g0p0007__ds0p05__dm0p05
Problem: NK
Kernel: jsd
Advantage: peragentrankweighted
M: 3
lambda: 20
epsilon_svgd: 0.007
gamma: 0.0007
decay_start_ratio: 0.05
decay_min_factor: 0.05
bandwith_kernel: None
no_interact: False
avg_score: 0.7435951232910156
median_score: 0.7401823997497559
std_score: 0.02857164293527603
percentiles: 2%=0.7018428444862366, 5%=0.7058597803115845, 10%=0.7105557918548584, 25%=0.7242036461830139, 50%=0.7401823997497559, 75%=0.7588114738464355, 90%=0.7783300876617432, 95%=0.8044298887252808, 98%=0.8118547797203064
ranking_best_algo: CMApara
ranking_best_score: 0.7459277895312499
ranking_my_rank: 7/504 (98.8%)
ranking_my_percent: 98.80952380952381
