ConfigName: krbf__advnormalizedfitness__M3__L10__eps0p015__g0p01__ds0p15__dm0p01
Problem: QUBO
Kernel: rbf
Advantage: normalizedfitness
M: 3
lambda: 10
epsilon_svgd: 0.015
gamma: 0.01
decay_start_ratio: 0.15
decay_min_factor: 0.01
bandwith_kernel: None
no_interact: False
avg_score: -2955.9599609375
median_score: -2946.5
std_score: 226.31906127929688
percentiles: 2%=-3423.300048828125, 5%=-3345.050048828125, 10%=-3250.0, 25%=-3116.0, 50%=-2946.5, 75%=-2776.0, 90%=-2675.699951171875, 95%=-2614.75, 98%=-2562.979736328125
ranking_best_algo: RLSOnePlusOne
ranking_best_score: 3316.5199999999995
ranking_my_rank: 136/504 (73.2%)
ranking_my_percent: 73.21428571428571
