ConfigName: kjsd__advperagentrankweighted__M3__L20__eps0p007__g0p0007__ds0p2__dm0p1
Problem: NK
Kernel: jsd
Advantage: peragentrankweighted
M: 3
lambda: 20
epsilon_svgd: 0.007
gamma: 0.0007
decay_start_ratio: 0.2
decay_min_factor: 0.1
bandwith_kernel: None
no_interact: False
avg_score: 0.7350448369979858
median_score: 0.7357919216156006
std_score: 0.008158786222338676
percentiles: 2%=0.7177188992500305, 5%=0.7198104858398438, 10%=0.7214388847351074, 25%=0.7309896349906921, 50%=0.7357919216156006, 75%=0.7410212755203247, 90%=0.7443901896476746, 95%=0.7459707856178284, 98%=0.7482635378837585
ranking_best_algo: PBIL
ranking_best_score: 0.7248786399609374
ranking_my_rank: 1/504 (100.0%)
ranking_my_percent: 100.0
