ConfigName: kjsd__advperagentrankweighted__M4__L8__eps0p005__g0p0005__ds0p4__dm0p2
Problem: QUBO
Kernel: jsd
Advantage: peragentrankweighted
M: 4
lambda: 8
epsilon_svgd: 0.005
gamma: 0.0005
decay_start_ratio: 0.4
decay_min_factor: 0.2
bandwith_kernel: None
no_interact: False
avg_score: -201.24000549316406
median_score: -201.0
std_score: 12.15493392944336
percentiles: 2%=-224.0, 5%=-221.0, 10%=-218.10000610351562, 25%=-210.25, 50%=-201.0, 75%=-192.75, 90%=-183.89999389648438, 95%=-181.0, 98%=-180.0
ranking_best_algo: Tabu
ranking_best_score: 208.36000000000004
ranking_my_rank: 41/504 (92.1%)
ranking_my_percent: 92.06349206349206
