ConfigName: kjsd__advperagentrankweighted__M6__L10__eps0p02__g0p0007__ds0p05__dm0p05
Problem: QUBO
Kernel: jsd
Advantage: peragentrankweighted
M: 6
lambda: 10
epsilon_svgd: 0.02
gamma: 0.0007
decay_start_ratio: 0.05
decay_min_factor: 0.05
bandwith_kernel: None
no_interact: False
avg_score: -915.97998046875
median_score: -915.5
std_score: 56.48415756225586
percentiles: 2%=-1022.3599853515625, 5%=-1014.0999755859375, 10%=-997.2000122070312, 25%=-947.25, 50%=-915.5, 75%=-873.75, 90%=-844.5, 95%=-825.9500122070312, 98%=-810.8400268554688
ranking_best_algo: CMAL3
ranking_best_score: 928.5800000000002
ranking_my_rank: 16/504 (97.0%)
ranking_my_percent: 97.02380952380952
