ConfigName: kjsd__advperagentrankweighted__M6__L8__eps0p03__g0p0007__ds0p05__dm0p05
Problem: QUBO
Kernel: jsd
Advantage: peragentrankweighted
M: 6
lambda: 8
epsilon_svgd: 0.03
gamma: 0.0007
decay_start_ratio: 0.05
decay_min_factor: 0.05
bandwith_kernel: None
no_interact: False
avg_score: -199.97999572753906
median_score: -199.0
std_score: 13.101131439208984
percentiles: 2%=-224.0, 5%=-222.0, 10%=-219.0, 25%=-210.0, 50%=-199.0, 75%=-192.0, 90%=-181.89999389648438, 95%=-178.0, 98%=-175.97999572753906
ranking_best_algo: Tabu
ranking_best_score: 208.36000000000004
ranking_my_rank: 55/504 (89.3%)
ranking_my_percent: 89.28571428571429
