ConfigName: kjsd__advperagentrankweighted__M4__L20__eps0p007__g0p0005__ds0p2__dm0p1
Problem: QUBO
Kernel: jsd
Advantage: peragentrankweighted
M: 4
lambda: 20
epsilon_svgd: 0.007
gamma: 0.0005
decay_start_ratio: 0.2
decay_min_factor: 0.1
bandwith_kernel: None
no_interact: False
avg_score: -934.5
median_score: -934.5
std_score: 62.924476623535156
percentiles: 2%=-1060.280029296875, 5%=-1043.0999755859375, 10%=-1022.0999755859375, 25%=-975.0, 50%=-934.5, 75%=-896.25, 90%=-859.0, 95%=-834.9000244140625, 98%=-794.97998046875
ranking_best_algo: CMApara
ranking_best_score: 964.9
ranking_my_rank: 16/504 (97.0%)
ranking_my_percent: 97.02380952380952
