ConfigName: krbf__advnormalizedfitness__M2__L10__eps0p025__g0p01__ds0p01__dm0p01
Problem: QUBO
Kernel: rbf
Advantage: normalizedfitness
M: 2
lambda: 10
epsilon_svgd: 0.025
gamma: 0.01
decay_start_ratio: 0.01
decay_min_factor: 0.01
bandwith_kernel: None
no_interact: False
avg_score: -429.6199951171875
median_score: -428.0
std_score: 24.02281379699707
percentiles: 2%=-477.0400085449219, 5%=-469.1000061035156, 10%=-465.0, 25%=-445.5, 50%=-428.0, 75%=-417.0, 90%=-402.8999938964844, 95%=-388.79998779296875, 98%=-371.8999938964844
ranking_best_algo: CMAL3
ranking_best_score: 435.36
ranking_my_rank: 10/504 (98.2%)
ranking_my_percent: 98.21428571428571
