ConfigName: krbf__advnormalizedfitness__M3__L10__eps0p033__g0p01__ds0p15__dm0p3
Problem: QUBO
Kernel: rbf
Advantage: normalizedfitness
M: 3
lambda: 10
epsilon_svgd: 0.033
gamma: 0.01
decay_start_ratio: 0.15
decay_min_factor: 0.3
bandwith_kernel: None
no_interact: False
avg_score: -925.239990234375
median_score: -921.0
std_score: 63.99376678466797
percentiles: 2%=-1048.1600341796875, 5%=-1024.050048828125, 10%=-1008.5, 25%=-971.25, 50%=-921.0, 75%=-888.0, 90%=-842.2000122070312, 95%=-826.800048828125, 98%=-774.9599609375
ranking_best_algo: CMApara
ranking_best_score: 964.9
ranking_my_rank: 21/504 (96.0%)
ranking_my_percent: 96.03174603174604
