ConfigName: kjsd__advperagentrankweighted__M3__L30__eps0p007__g0p0005__ds0p05__dm0p05
Problem: QUBO
Kernel: jsd
Advantage: peragentrankweighted
M: 3
lambda: 30
epsilon_svgd: 0.007
gamma: 0.0005
decay_start_ratio: 0.05
decay_min_factor: 0.05
bandwith_kernel: None
no_interact: False
avg_score: -930.9600219726562
median_score: -926.0
std_score: 65.36251068115234
percentiles: 2%=-1072.0799560546875, 5%=-1049.75, 10%=-1019.5999755859375, 25%=-966.5, 50%=-926.0, 75%=-890.0, 90%=-853.7000122070312, 95%=-829.9500122070312, 98%=-794.8400268554688
ranking_best_algo: CMApara
ranking_best_score: 964.9
ranking_my_rank: 19/504 (96.4%)
ranking_my_percent: 96.42857142857143
