ConfigName: krbf__advnormalizedfitness__M3__L10__eps0p02__g0p005__ds0p15__dm0p05
Problem: QUBO
Kernel: rbf
Advantage: normalizedfitness
M: 3
lambda: 10
epsilon_svgd: 0.02
gamma: 0.005
decay_start_ratio: 0.15
decay_min_factor: 0.05
bandwith_kernel: None
no_interact: False
avg_score: -309.29998779296875
median_score: -307.0
std_score: 37.78451919555664
percentiles: 2%=-396.0, 5%=-386.1000061035156, 10%=-357.20001220703125, 25%=-332.0, 50%=-307.0, 75%=-275.0, 90%=-267.8999938964844, 95%=-265.75, 98%=-257.8800048828125
ranking_best_algo: CMApara
ranking_best_score: 319.29999999999995
ranking_my_rank: 81/504 (84.1%)
ranking_my_percent: 84.12698412698413
