ConfigName: krbf__advnormalizedfitness__M4__L12__eps0p015__g0p015__ds0p15__dm0p01
Problem: QUBO
Kernel: rbf
Advantage: normalizedfitness
M: 4
lambda: 12
epsilon_svgd: 0.015
gamma: 0.015
decay_start_ratio: 0.15
decay_min_factor: 0.01
bandwith_kernel: None
no_interact: False
avg_score: -1565.1400146484375
median_score: -1555.5
std_score: 169.7207794189453
percentiles: 2%=-1947.300048828125, 5%=-1848.699951171875, 10%=-1776.800048828125, 25%=-1688.5, 50%=-1555.5, 75%=-1448.25, 90%=-1374.0, 95%=-1297.9000244140625, 98%=-1245.93994140625
ranking_best_algo: DiscreteLengler2OnePlusOne
ranking_best_score: 2617.04
ranking_my_rank: 328/504 (35.1%)
ranking_my_percent: 35.11904761904762
