ConfigName: kjsd__advperagentrankweighted__M5__L24__eps0p008__g0p0005__ds0p05__dm0p05
Problem: QUBO
Kernel: jsd
Advantage: peragentrankweighted
M: 5
lambda: 24
epsilon_svgd: 0.008
gamma: 0.0005
decay_start_ratio: 0.05
decay_min_factor: 0.05
bandwith_kernel: None
no_interact: False
avg_score: -331.5199890136719
median_score: -337.5
std_score: 19.3620662689209
percentiles: 2%=-372.0, 5%=-357.0, 10%=-350.0, 25%=-342.0, 50%=-337.5, 75%=-319.5, 90%=-305.8999938964844, 95%=-290.0, 98%=-285.8800048828125
ranking_best_algo: CMApara
ranking_best_score: 344.22
ranking_my_rank: 76/504 (85.1%)
ranking_my_percent: 85.11904761904762
