ConfigName: krbf__advnormalizedfitness__M2__L9__eps0p015__g0p003__ds0p01__dm0p01
Problem: QUBO
Kernel: rbf
Advantage: normalizedfitness
M: 2
lambda: 9
epsilon_svgd: 0.015
gamma: 0.003
decay_start_ratio: 0.01
decay_min_factor: 0.01
bandwith_kernel: None
no_interact: False
avg_score: -1172.0999755859375
median_score: -1179.5
std_score: 65.79521179199219
percentiles: 2%=-1311.0, 5%=-1291.0999755859375, 10%=-1255.199951171875, 25%=-1214.5, 50%=-1179.5, 75%=-1119.75, 90%=-1079.0, 95%=-1069.8499755859375, 98%=-1053.8199462890625
ranking_best_algo: Tabu
ranking_best_score: 1216.16
ranking_my_rank: 89/504 (82.5%)
ranking_my_percent: 82.53968253968254
