ConfigName: krbf__advnormalizedfitness__M4__L8__eps0p025__g0p01__ds0p01__dm0p3
Problem: NK
Kernel: rbf
Advantage: normalizedfitness
M: 4
lambda: 8
epsilon_svgd: 0.025
gamma: 0.01
decay_start_ratio: 0.01
decay_min_factor: 0.3
bandwith_kernel: None
no_interact: False
avg_score: 0.7502071261405945
median_score: 0.7512453198432922
std_score: 0.014338971115648746
percentiles: 2%=0.7222855091094971, 5%=0.7294511198997498, 10%=0.731890082359314, 25%=0.7399647235870361, 50%=0.7512453198432922, 75%=0.7598773241043091, 90%=0.768814206123352, 95%=0.7709020376205444, 98%=0.7783495187759399
ranking_best_algo: Tabu
ranking_best_score: 0.7657846284375001
ranking_my_rank: 23/504 (95.6%)
ranking_my_percent: 95.63492063492063
