ConfigName: kjsd__advperagentrankweighted__M3__L18__eps0p007__g0p0007__ds0p1__dm0p2
Problem: NK
Kernel: jsd
Advantage: peragentrankweighted
M: 3
lambda: 18
epsilon_svgd: 0.007
gamma: 0.0007
decay_start_ratio: 0.1
decay_min_factor: 0.2
bandwith_kernel: None
no_interact: False
avg_score: 0.7427902817726135
median_score: 0.7408133745193481
std_score: 0.028017105534672737
percentiles: 2%=0.6927379965782166, 5%=0.7013471722602844, 10%=0.7105605602264404, 25%=0.7241679430007935, 50%=0.7408133745193481, 75%=0.7564567923545837, 90%=0.7757104635238647, 95%=0.8044298887252808, 98%=0.8118547797203064
ranking_best_algo: CMApara
ranking_best_score: 0.7459277895312499
ranking_my_rank: 16/504 (97.0%)
ranking_my_percent: 97.02380952380952
