ConfigName: kjsd__advperagentrankweighted__M4__L28__eps0p005__g0p0005__ds0p05__dm0p05
Problem: QUBO
Kernel: jsd
Advantage: peragentrankweighted
M: 4
lambda: 28
epsilon_svgd: 0.005
gamma: 0.0005
decay_start_ratio: 0.05
decay_min_factor: 0.05
bandwith_kernel: None
no_interact: False
avg_score: -421.17999267578125
median_score: -420.0
std_score: 25.080821990966797
percentiles: 2%=-475.0400085449219, 5%=-473.0, 10%=-453.1000061035156, 25%=-436.0, 50%=-420.0, 75%=-406.0, 90%=-387.79998779296875, 95%=-384.0, 98%=-371.9599914550781
ranking_best_algo: Tabu
ranking_best_score: 438.12
ranking_my_rank: 22/504 (95.8%)
ranking_my_percent: 95.83333333333333
