ConfigName: kjsd__advperagentrankweighted__M3__L20__eps0p005__g0p001__ds0p1__dm0p2
Problem: NK
Kernel: jsd
Advantage: peragentrankweighted
M: 3
lambda: 20
epsilon_svgd: 0.005
gamma: 0.001
decay_start_ratio: 0.1
decay_min_factor: 0.2
bandwith_kernel: None
no_interact: False
avg_score: 0.7073011994361877
median_score: 0.7104104161262512
std_score: 0.011856241151690483
percentiles: 2%=0.6875077486038208, 5%=0.6893609166145325, 10%=0.6922892332077026, 25%=0.6960237622261047, 50%=0.7104104161262512, 75%=0.7176106572151184, 90%=0.7211976051330566, 95%=0.7238625288009644, 98%=0.7244548201560974
ranking_best_algo: PBIL
ranking_best_score: 0.7013553837109374
ranking_my_rank: 1/504 (100.0%)
ranking_my_percent: 100.0
