ConfigName: kjsd__advperagentrankweighted__M6__L12__eps0p005__g0p0005__ds0p05__dm0p05
Problem: NK
Kernel: jsd
Advantage: peragentrankweighted
M: 6
lambda: 12
epsilon_svgd: 0.005
gamma: 0.0005
decay_start_ratio: 0.05
decay_min_factor: 0.05
bandwith_kernel: None
no_interact: False
avg_score: 0.7111393213272095
median_score: 0.7120304107666016
std_score: 0.015269716270267963
percentiles: 2%=0.6733976602554321, 5%=0.6739691495895386, 10%=0.6949055194854736, 25%=0.7084643244743347, 50%=0.7120304107666016, 75%=0.7198793292045593, 90%=0.7254848480224609, 95%=0.7332343459129333, 98%=0.7333329916000366
ranking_best_algo: CMApara
ranking_best_score: 0.707475975
ranking_my_rank: 1/504 (100.0%)
ranking_my_percent: 100.0
