ConfigName: kjsd__advperagentrankweighted__M4__L10__eps0p01__g0p0003__ds0p2__dm0p05
Problem: QUBO
Kernel: jsd
Advantage: peragentrankweighted
M: 4
lambda: 10
epsilon_svgd: 0.01
gamma: 0.0003
decay_start_ratio: 0.2
decay_min_factor: 0.05
bandwith_kernel: None
no_interact: False
avg_score: -3231.60009765625
median_score: -3235.0
std_score: 109.11114501953125
percentiles: 2%=-3445.159912109375, 5%=-3411.199951171875, 10%=-3380.199951171875, 25%=-3303.25, 50%=-3235.0, 75%=-3158.25, 90%=-3090.60009765625, 95%=-3065.5, 98%=-3037.97998046875
ranking_best_algo: RLSOnePlusOne
ranking_best_score: 3316.5199999999995
ranking_my_rank: 42/504 (91.9%)
ranking_my_percent: 91.86507936507937
