ConfigName: kjsd__advperagentrankweighted__M4__L10__eps0p005__g0p0003__ds0p05__dm0p05
Problem: QUBO
Kernel: jsd
Advantage: peragentrankweighted
M: 4
lambda: 10
epsilon_svgd: 0.005
gamma: 0.0003
decay_start_ratio: 0.05
decay_min_factor: 0.05
bandwith_kernel: None
no_interact: False
avg_score: -201.13999938964844
median_score: -201.0
std_score: 11.057143211364746
percentiles: 2%=-224.0, 5%=-221.0500030517578, 10%=-218.0, 25%=-207.0, 50%=-201.0, 75%=-195.0, 90%=-187.8000030517578, 95%=-180.0, 98%=-180.0
ranking_best_algo: Tabu
ranking_best_score: 208.36000000000004
ranking_my_rank: 42/504 (91.9%)
ranking_my_percent: 91.86507936507937
