ConfigName: krbf__advnormalizedfitness__M1__L8__eps0p025__g0p005__ds0p3__dm0p3
Problem: QUBO
Kernel: rbf
Advantage: normalizedfitness
M: 1
lambda: 8
epsilon_svgd: 0.025
gamma: 0.005
decay_start_ratio: 0.3
decay_min_factor: 0.3
bandwith_kernel: None
no_interact: False
avg_score: -2492.39990234375
median_score: -2494.0
std_score: 136.92405700683594
percentiles: 2%=-2738.080078125, 5%=-2728.050048828125, 10%=-2655.699951171875, 25%=-2580.25, 50%=-2494.0, 75%=-2421.25, 90%=-2343.199951171875, 95%=-2304.0, 98%=-2259.0595703125
ranking_best_algo: SVM1MetaModelLogNormal
ranking_best_score: 2605.14
ranking_my_rank: 66/504 (87.1%)
ranking_my_percent: 87.10317460317461
