ConfigName: krbf__advnormalizedfitness__M3__L12__eps0p015__g0p007__ds0p01__dm0p01
Problem: QUBO
Kernel: rbf
Advantage: normalizedfitness
M: 3
lambda: 12
epsilon_svgd: 0.015
gamma: 0.007
decay_start_ratio: 0.01
decay_min_factor: 0.01
bandwith_kernel: None
no_interact: False
avg_score: -1255.9200439453125
median_score: -1248.0
std_score: 66.4344253540039
percentiles: 2%=-1399.280029296875, 5%=-1370.8499755859375, 10%=-1351.199951171875, 25%=-1300.25, 50%=-1248.0, 75%=-1211.0, 90%=-1168.800048828125, 95%=-1152.949951171875, 98%=-1142.919921875
ranking_best_algo: BigLognormalDiscreteOnePlusOne
ranking_best_score: 1301.3600000000004
ranking_my_rank: 54/504 (89.5%)
ranking_my_percent: 89.48412698412699
