ConfigName: kjsd__advperagentrankweighted__M5__L10__eps0p005__g0p0005__ds0p05__dm0p2
Problem: QUBO
Kernel: jsd
Advantage: peragentrankweighted
M: 5
lambda: 10
epsilon_svgd: 0.005
gamma: 0.0005
decay_start_ratio: 0.05
decay_min_factor: 0.2
bandwith_kernel: None
no_interact: False
avg_score: -139.52000427246094
median_score: -141.0
std_score: 10.577787399291992
percentiles: 2%=-158.02000427246094, 5%=-156.0, 10%=-155.0, 25%=-146.0, 50%=-141.0, 75%=-130.0, 90%=-125.9000015258789, 95%=-124.9000015258789, 98%=-119.0
ranking_best_algo: DiscreteDE
ranking_best_score: 143.4
ranking_my_rank: 84/504 (83.5%)
ranking_my_percent: 83.53174603174604
