ConfigName: krbf__advnormalizedfitness__M3__L12__eps0p025__g0p01__ds0p3__dm0p01
Problem: QUBO
Kernel: rbf
Advantage: normalizedfitness
M: 3
lambda: 12
epsilon_svgd: 0.025
gamma: 0.01
decay_start_ratio: 0.3
decay_min_factor: 0.01
bandwith_kernel: None
no_interact: False
avg_score: -899.0599975585938
median_score: -893.0
std_score: 63.67555618286133
percentiles: 2%=-1032.0400390625, 5%=-1011.0499877929688, 10%=-985.7000122070312, 25%=-946.0, 50%=-893.0, 75%=-854.75, 90%=-814.9000244140625, 95%=-802.0, 98%=-797.9599609375
ranking_best_algo: CMAL3
ranking_best_score: 928.5800000000002
ranking_my_rank: 70/504 (86.3%)
ranking_my_percent: 86.30952380952381
