ConfigName: kjsd__advperagentrankweighted__M5__L24__eps0p03__g0p0003__ds0p2__dm0p05
Problem: NK
Kernel: jsd
Advantage: peragentrankweighted
M: 5
lambda: 24
epsilon_svgd: 0.03
gamma: 0.0003
decay_start_ratio: 0.2
decay_min_factor: 0.05
bandwith_kernel: None
no_interact: False
avg_score: 0.7107061743736267
median_score: 0.6987258791923523
std_score: 0.03152906149625778
percentiles: 2%=0.6736199259757996, 5%=0.6751344799995422, 10%=0.6764722466468811, 25%=0.6819996237754822, 50%=0.6987258791923523, 75%=0.7467392683029175, 90%=0.7532674670219421, 95%=0.7613165378570557, 98%=0.7613165378570557
ranking_best_algo: CMApara
ranking_best_score: 0.7118996098437498
ranking_my_rank: 14/504 (97.4%)
ranking_my_percent: 97.42063492063492
