Problem: QUBO
Kernel: jsd
Advantage: peragentrankweighted
M: 15
lambda: 7
epsilon_svgd: 0.8
gamma: 0.0005
bandwith_kernel: None
no_interact: True
avg_score: -1283.260009765625
median_score: -1262.5
std_score: 102.5320053100586
percentiles: 2%=-1514.280029296875, 5%=-1465.800048828125, 10%=-1423.5999755859375, 25%=-1348.0, 50%=-1262.5, 75%=-1208.75, 90%=-1157.9000244140625, 95%=-1145.5, 98%=-1123.8599853515625
ranking_best_algo: PPO-EDA
ranking_best_score: 2768.98
ranking_my_rank: 374/505 (26.1%)
