ConfigName: kfr__advglobalrankweighted__M1__L8__eps0p02__g0p005__ds0p01__dm0p01
Problem: QUBO
Kernel: fr
Advantage: globalrankweighted
M: 1
lambda: 8
epsilon_svgd: 0.02
gamma: 0.005
decay_start_ratio: 0.01
decay_min_factor: 0.01
bandwith_kernel: None
no_interact: False
avg_score: -2453.39990234375
median_score: -2448.5
std_score: 138.92184448242188
percentiles: 2%=-2750.9599609375, 5%=-2688.800048828125, 10%=-2630.60009765625, 25%=-2541.0, 50%=-2448.5, 75%=-2353.5, 90%=-2288.800048828125, 95%=-2229.89990234375, 98%=-2172.619873046875
ranking_best_algo: SVM1MetaModelLogNormal
ranking_best_score: 2605.14
ranking_my_rank: 82/504 (83.9%)
ranking_my_percent: 83.92857142857143
