ConfigName: krbf__advnormalizedfitness__M1__L8__eps0p033__g0p007__ds0p15__dm0p01
Problem: QUBO
Kernel: rbf
Advantage: normalizedfitness
M: 1
lambda: 8
epsilon_svgd: 0.033
gamma: 0.007
decay_start_ratio: 0.15
decay_min_factor: 0.01
bandwith_kernel: None
no_interact: False
avg_score: -888.4400024414062
median_score: -881.5
std_score: 73.77659606933594
percentiles: 2%=-1040.300048828125, 5%=-1024.0, 10%=-991.0, 25%=-934.5, 50%=-881.5, 75%=-833.0, 90%=-802.7000122070312, 95%=-778.9000244140625, 98%=-755.97998046875
ranking_best_algo: CMApara
ranking_best_score: 964.9
ranking_my_rank: 192/504 (62.1%)
ranking_my_percent: 62.1031746031746
