ConfigName: kfr__advglobalrankweighted__M6__L7__eps0p01__g0p005__ds0p01__dm0p01
Problem: QUBO
Kernel: fr
Advantage: globalrankweighted
M: 6
lambda: 7
epsilon_svgd: 0.01
gamma: 0.005
decay_start_ratio: 0.01
decay_min_factor: 0.01
bandwith_kernel: None
no_interact: False
avg_score: -1037.5999755859375
median_score: -1039.0
std_score: 60.97261428833008
percentiles: 2%=-1185.0400390625, 5%=-1141.75, 10%=-1119.0, 25%=-1075.0, 50%=-1039.0, 75%=-995.0, 90%=-963.7000122070312, 95%=-948.800048828125, 98%=-932.5999145507812
ranking_best_algo: SVMMetaModelLogNormal
ranking_best_score: 1233.7999999999997
ranking_my_rank: 205/504 (59.5%)
ranking_my_percent: 59.523809523809526
