ConfigName: kjsd__advperagentrankweighted__M3__L24__eps0p005__g0p0005__ds0p1__dm0p05
Problem: QUBO
Kernel: jsd
Advantage: peragentrankweighted
M: 3
lambda: 24
epsilon_svgd: 0.005
gamma: 0.0005
decay_start_ratio: 0.1
decay_min_factor: 0.05
bandwith_kernel: None
no_interact: False
avg_score: -3313.06005859375
median_score: -3296.0
std_score: 109.47710418701172
percentiles: 2%=-3526.47998046875, 5%=-3513.14990234375, 10%=-3456.699951171875, 25%=-3385.25, 50%=-3296.0, 75%=-3228.75, 90%=-3181.5, 95%=-3161.85009765625, 98%=-3130.860107421875
ranking_best_algo: RLSOnePlusOne
ranking_best_score: 3316.5199999999995
ranking_my_rank: 2/504 (99.8%)
ranking_my_percent: 99.8015873015873
