ConfigName: krbf__advnormalizedfitness__M3__L15__eps0p033__g0p007__ds0p15__dm0p3
Problem: QUBO
Kernel: rbf
Advantage: normalizedfitness
M: 3
lambda: 15
epsilon_svgd: 0.033
gamma: 0.007
decay_start_ratio: 0.15
decay_min_factor: 0.3
bandwith_kernel: None
no_interact: False
avg_score: -896.8400268554688
median_score: -890.0
std_score: 69.22914123535156
percentiles: 2%=-1040.3599853515625, 5%=-1016.6500244140625, 10%=-987.4000244140625, 25%=-941.75, 50%=-890.0, 75%=-845.75, 90%=-813.2999877929688, 95%=-786.9500122070312, 98%=-780.7399291992188
ranking_best_algo: CMAL3
ranking_best_score: 928.5800000000002
ranking_my_rank: 82/504 (83.9%)
ranking_my_percent: 83.92857142857143
