ConfigName: kjsd__advperagentrankweighted__M3__L20__eps0p005__g0p003__ds0p05__dm0p1
Problem: QUBO
Kernel: jsd
Advantage: peragentrankweighted
M: 3
lambda: 20
epsilon_svgd: 0.005
gamma: 0.003
decay_start_ratio: 0.05
decay_min_factor: 0.1
bandwith_kernel: None
no_interact: False
avg_score: -307.5
median_score: -308.0
std_score: 40.82732009887695
percentiles: 2%=-396.0, 5%=-388.0, 10%=-352.6000061035156, 25%=-336.0, 50%=-308.0, 75%=-270.75, 90%=-258.8999938964844, 95%=-255.89999389648438, 98%=-243.9600067138672
ranking_best_algo: CMApara
ranking_best_score: 319.29999999999995
ranking_my_rank: 96/504 (81.2%)
ranking_my_percent: 81.15079365079364
