ConfigName: krbf__advnormalizedfitness__M4__L10__eps0p025__g0p01__ds0p15__dm0p01
Problem: QUBO
Kernel: rbf
Advantage: normalizedfitness
M: 4
lambda: 10
epsilon_svgd: 0.025
gamma: 0.01
decay_start_ratio: 0.15
decay_min_factor: 0.01
bandwith_kernel: None
no_interact: False
avg_score: -440.8800048828125
median_score: -441.0
std_score: 24.81502914428711
percentiles: 2%=-489.0199890136719, 5%=-477.29998779296875, 10%=-472.0, 25%=-458.25, 50%=-441.0, 75%=-423.0, 90%=-409.0, 95%=-398.0, 98%=-387.91998291015625
ranking_best_algo: CMApara
ranking_best_score: 453.82
ranking_my_rank: 12/504 (97.8%)
ranking_my_percent: 97.81746031746032
