ConfigName: kjsd__advperagentrankweighted__M5__L8__eps0p005__g0p0005__ds0p2__dm0p2
Problem: QUBO
Kernel: jsd
Advantage: peragentrankweighted
M: 5
lambda: 8
epsilon_svgd: 0.005
gamma: 0.0005
decay_start_ratio: 0.2
decay_min_factor: 0.2
bandwith_kernel: None
no_interact: False
avg_score: -140.13999938964844
median_score: -141.5
std_score: 11.335801124572754
percentiles: 2%=-159.02000427246094, 5%=-159.0, 10%=-157.0, 25%=-146.25, 50%=-141.5, 75%=-132.0, 90%=-125.0, 95%=-121.0, 98%=-118.9000015258789
ranking_best_algo: DiscreteDE
ranking_best_score: 143.4
ranking_my_rank: 79/504 (84.5%)
ranking_my_percent: 84.52380952380952
