ConfigName: krbf__advnormalizedfitness__M3__L8__eps0p025__g0p005__ds0p01__dm0p3
Problem: QUBO
Kernel: rbf
Advantage: normalizedfitness
M: 3
lambda: 8
epsilon_svgd: 0.025
gamma: 0.005
decay_start_ratio: 0.01
decay_min_factor: 0.3
bandwith_kernel: None
no_interact: False
avg_score: -3242.43994140625
median_score: -3226.5
std_score: 130.83534240722656
percentiles: 2%=-3540.219970703125, 5%=-3479.5, 10%=-3420.0, 25%=-3311.25, 50%=-3226.5, 75%=-3151.75, 90%=-3108.5, 95%=-3033.25, 98%=-2988.800048828125
ranking_best_algo: RLSOnePlusOne
ranking_best_score: 3316.5199999999995
ranking_my_rank: 42/504 (91.9%)
ranking_my_percent: 91.86507936507937
