ConfigName: kfr__advglobalrankweighted__M3__L11__eps0p01__g0p007__ds0p01__dm0p01
Problem: QUBO
Kernel: fr
Advantage: globalrankweighted
M: 3
lambda: 11
epsilon_svgd: 0.01
gamma: 0.007
decay_start_ratio: 0.01
decay_min_factor: 0.01
bandwith_kernel: None
no_interact: False
avg_score: -2433.52001953125
median_score: -2430.5
std_score: 141.48233032226562
percentiles: 2%=-2728.5, 5%=-2631.050048828125, 10%=-2615.199951171875, 25%=-2556.0, 50%=-2430.5, 75%=-2333.0, 90%=-2253.800048828125, 95%=-2212.89990234375, 98%=-2165.659912109375
ranking_best_algo: SVM1MetaModelLogNormal
ranking_best_score: 2605.14
ranking_my_rank: 89/504 (82.5%)
ranking_my_percent: 82.53968253968254
