ConfigName: kjsd__advperagentrankweighted__M3__L20__eps0p01__g0p0005__ds0p05__dm0p05
Problem: QUBO
Kernel: jsd
Advantage: peragentrankweighted
M: 3
lambda: 20
epsilon_svgd: 0.01
gamma: 0.0005
decay_start_ratio: 0.05
decay_min_factor: 0.05
bandwith_kernel: None
no_interact: False
avg_score: -411.5400085449219
median_score: -413.0
std_score: 25.3161678314209
percentiles: 2%=-459.2799987792969, 5%=-455.1000061035156, 10%=-451.0, 25%=-426.0, 50%=-413.0, 75%=-393.5, 90%=-380.8999938964844, 95%=-375.6000061035156, 98%=-359.9599914550781
ranking_best_algo: Tabu
ranking_best_score: 438.12
ranking_my_rank: 77/504 (84.9%)
ranking_my_percent: 84.92063492063492
