ConfigName: kjsd__advperagentrankweighted__M3__L16__eps0p01__g0p0005__ds0p1__dm0p1
Problem: NK
Kernel: jsd
Advantage: peragentrankweighted
M: 3
lambda: 16
epsilon_svgd: 0.01
gamma: 0.0005
decay_start_ratio: 0.1
decay_min_factor: 0.1
bandwith_kernel: None
no_interact: False
avg_score: 0.7315728664398193
median_score: 0.7324036955833435
std_score: 0.0092495521530509
percentiles: 2%=0.7106335163116455, 5%=0.7148630619049072, 10%=0.719967782497406, 25%=0.7247567176818848, 50%=0.7324036955833435, 75%=0.7386289834976196, 90%=0.7434300184249878, 95%=0.7456148862838745, 98%=0.7462952733039856
ranking_best_algo: PBIL
ranking_best_score: 0.7248786399609374
ranking_my_rank: 1/504 (100.0%)
ranking_my_percent: 100.0
