ConfigName: kjsd__advperagentrankweighted__M6__L28__eps0p008__g0p0005__ds0p3__dm0p05
Problem: QUBO
Kernel: jsd
Advantage: peragentrankweighted
M: 6
lambda: 28
epsilon_svgd: 0.008
gamma: 0.0005
decay_start_ratio: 0.3
decay_min_factor: 0.05
bandwith_kernel: None
no_interact: False
avg_score: -2497.8798828125
median_score: -2497.0
std_score: 161.64895629882812
percentiles: 2%=-2814.52001953125, 5%=-2778.5, 10%=-2703.10009765625, 25%=-2591.0, 50%=-2497.0, 75%=-2404.5, 90%=-2309.39990234375, 95%=-2239.699951171875, 98%=-2142.4599609375
ranking_best_algo: DiscreteLengler2OnePlusOne
ranking_best_score: 2617.04
ranking_my_rank: 72/504 (85.9%)
ranking_my_percent: 85.91269841269842
