ConfigName: krbf__advnormalizedfitness__M4__L8__eps0p033__g0p005__ds0p3__dm0p3
Problem: QUBO
Kernel: rbf
Advantage: normalizedfitness
M: 4
lambda: 8
epsilon_svgd: 0.033
gamma: 0.005
decay_start_ratio: 0.3
decay_min_factor: 0.3
bandwith_kernel: None
no_interact: False
avg_score: -1552.800048828125
median_score: -1557.5
std_score: 75.60489654541016
percentiles: 2%=-1703.4000244140625, 5%=-1677.25, 10%=-1651.9000244140625, 25%=-1596.0, 50%=-1557.5, 75%=-1490.0, 90%=-1455.0, 95%=-1450.60009765625, 98%=-1434.4798583984375
ranking_best_algo: NLOPT_LN_PRAXIS
ranking_best_score: 1607.12
ranking_my_rank: 51/504 (90.1%)
ranking_my_percent: 90.07936507936508
