ConfigName: krbf__advnormalizedfitness__M3__L24__eps0p025__g0p005__ds0p05__dm0p05
Problem: NK
Kernel: rbf
Advantage: normalizedfitness
M: 3
lambda: 24
epsilon_svgd: 0.025
gamma: 0.005
decay_start_ratio: 0.05
decay_min_factor: 0.05
bandwith_kernel: None
no_interact: False
avg_score: 0.7107007503509521
median_score: 0.7111313343048096
std_score: 0.015308666042983532
percentiles: 2%=0.6722576022148132, 5%=0.6737957000732422, 10%=0.6961215734481812, 25%=0.7079141139984131, 50%=0.7111313343048096, 75%=0.7204930782318115, 90%=0.7255049347877502, 95%=0.732430100440979, 98%=0.7332958579063416
ranking_best_algo: CMApara
ranking_best_score: 0.707475975
ranking_my_rank: 1/504 (100.0%)
ranking_my_percent: 100.0
