ConfigName: kjsd__advperagentrankweighted__M3__L16__eps0p01__g0p003__ds0p1__dm0p2
Problem: NK
Kernel: jsd
Advantage: peragentrankweighted
M: 3
lambda: 16
epsilon_svgd: 0.01
gamma: 0.003
decay_start_ratio: 0.1
decay_min_factor: 0.2
bandwith_kernel: None
no_interact: False
avg_score: 0.7446956038475037
median_score: 0.7413921356201172
std_score: 0.028393471613526344
percentiles: 2%=0.6934733390808105, 5%=0.706649124622345, 10%=0.7117176055908203, 25%=0.7252984046936035, 50%=0.7413921356201172, 75%=0.7585474252700806, 90%=0.7783373594284058, 95%=0.8044298887252808, 98%=0.8104747533798218
ranking_best_algo: CMApara
ranking_best_score: 0.7459277895312499
ranking_my_rank: 3/504 (99.6%)
ranking_my_percent: 99.60317460317461
