ConfigName: krbf__advnormalizedfitness__M1__L8__eps0p025__g0p007__ds0p15__dm0p01
Problem: NK
Kernel: rbf
Advantage: normalizedfitness
M: 1
lambda: 8
epsilon_svgd: 0.025
gamma: 0.007
decay_start_ratio: 0.15
decay_min_factor: 0.01
bandwith_kernel: None
no_interact: False
avg_score: 0.7247016429901123
median_score: 0.726458728313446
std_score: 0.01016343105584383
percentiles: 2%=0.7060562968254089, 5%=0.7079761028289795, 10%=0.7106941938400269, 25%=0.7164281606674194, 50%=0.726458728313446, 75%=0.7327863574028015, 90%=0.7353588938713074, 95%=0.7393901348114014, 98%=0.743994951248169
ranking_best_algo: PBIL
ranking_best_score: 0.730509098125
ranking_my_rank: 15/504 (97.2%)
ranking_my_percent: 97.22222222222223
