ConfigName: kjsd__advperagentrankweighted__M4__L24__eps0p02__g0p0003__ds0p2__dm0p05
Problem: NK
Kernel: jsd
Advantage: peragentrankweighted
M: 4
lambda: 24
epsilon_svgd: 0.02
gamma: 0.0003
decay_start_ratio: 0.2
decay_min_factor: 0.05
bandwith_kernel: None
no_interact: False
avg_score: 0.7314400672912598
median_score: 0.7330743074417114
std_score: 0.008819065988063812
percentiles: 2%=0.7131734490394592, 5%=0.7156942486763, 10%=0.7194045782089233, 25%=0.7256556749343872, 50%=0.7330743074417114, 75%=0.7382761240005493, 90%=0.7422034740447998, 95%=0.743991494178772, 98%=0.7451173663139343
ranking_best_algo: PBIL
ranking_best_score: 0.7248786399609374
ranking_my_rank: 1/504 (100.0%)
ranking_my_percent: 100.0
