ConfigName: krbf__advnormalizedfitness__M2__L6__eps0p01__g0p01__ds0p3__dm0p3
Problem: QUBO
Kernel: rbf
Advantage: normalizedfitness
M: 2
lambda: 6
epsilon_svgd: 0.01
gamma: 0.01
decay_start_ratio: 0.3
decay_min_factor: 0.3
bandwith_kernel: None
no_interact: False
avg_score: -199.60000610351562
median_score: -201.0
std_score: 12.942952156066895
percentiles: 2%=-224.0, 5%=-222.0, 10%=-215.3000030517578, 25%=-208.25, 50%=-201.0, 75%=-191.0, 90%=-182.5, 95%=-176.90000915527344, 98%=-172.97999572753906
ranking_best_algo: Tabu
ranking_best_score: 208.36000000000004
ranking_my_rank: 68/504 (86.7%)
ranking_my_percent: 86.7063492063492
