ConfigName: krbf__advnormalizedfitness__M5__L24__eps0p025__g0p005__ds0p05__dm0p05
Problem: QUBO
Kernel: rbf
Advantage: normalizedfitness
M: 5
lambda: 24
epsilon_svgd: 0.025
gamma: 0.005
decay_start_ratio: 0.05
decay_min_factor: 0.05
bandwith_kernel: None
no_interact: False
avg_score: -770.7000122070312
median_score: -766.0
std_score: 80.89826202392578
percentiles: 2%=-957.0, 5%=-905.7999877929688, 10%=-882.2000122070312, 25%=-807.0, 50%=-766.0, 75%=-706.75, 90%=-670.0, 95%=-662.5, 98%=-626.7000122070312
ranking_best_algo: CMAL3
ranking_best_score: 928.5800000000002
ranking_my_rank: 319/504 (36.9%)
ranking_my_percent: 36.904761904761905
