ConfigName: kjsd__advperagentrankweighted__M3__L20__eps0p005__g0p0007__ds0p2__dm0p05
Problem: NK
Kernel: jsd
Advantage: peragentrankweighted
M: 3
lambda: 20
epsilon_svgd: 0.005
gamma: 0.0007
decay_start_ratio: 0.2
decay_min_factor: 0.05
bandwith_kernel: None
no_interact: False
avg_score: 0.7117311954498291
median_score: 0.70106041431427
std_score: 0.03140481188893318
percentiles: 2%=0.6742503643035889, 5%=0.6751645803451538, 10%=0.6785765886306763, 25%=0.6835365295410156, 50%=0.70106041431427, 75%=0.7474179267883301, 90%=0.7523034811019897, 95%=0.7613165378570557, 98%=0.7613165378570557
ranking_best_algo: CMApara
ranking_best_score: 0.7118996098437498
ranking_my_rank: 2/504 (99.8%)
ranking_my_percent: 99.8015873015873
