ConfigName: krbf__advnormalizedfitness__M3__L10__eps0p015__g0p007__ds0p15__dm0p3
Problem: QUBO
Kernel: rbf
Advantage: normalizedfitness
M: 3
lambda: 10
epsilon_svgd: 0.015
gamma: 0.007
decay_start_ratio: 0.15
decay_min_factor: 0.3
bandwith_kernel: None
no_interact: False
avg_score: -2829.10009765625
median_score: -2831.0
std_score: 259.2282409667969
percentiles: 2%=-3294.1201171875, 5%=-3241.60009765625, 10%=-3198.89990234375, 25%=-2997.25, 50%=-2831.0, 75%=-2643.0, 90%=-2502.900146484375, 95%=-2386.7001953125, 98%=-2321.19970703125
ranking_best_algo: RLSOnePlusOne
ranking_best_score: 3316.5199999999995
ranking_my_rank: 156/504 (69.2%)
ranking_my_percent: 69.24603174603175
