ConfigName: kjsd__advperagentrankweighted__M5__L10__eps0p01__g0p0005__ds0p2__dm0p05
Problem: QUBO
Kernel: jsd
Advantage: peragentrankweighted
M: 5
lambda: 10
epsilon_svgd: 0.01
gamma: 0.0005
decay_start_ratio: 0.2
decay_min_factor: 0.05
bandwith_kernel: None
no_interact: False
avg_score: -310.239990234375
median_score: -310.0
std_score: 38.585777282714844
percentiles: 2%=-392.0400085449219, 5%=-388.1000061035156, 10%=-358.0, 25%=-336.0, 50%=-310.0, 75%=-275.75, 90%=-264.0, 95%=-259.70001220703125, 98%=-250.89999389648438
ranking_best_algo: CMApara
ranking_best_score: 319.29999999999995
ranking_my_rank: 62/504 (87.9%)
ranking_my_percent: 87.89682539682539
