ConfigName: kjsd__advperagentrankweighted__M3__L16__eps0p007__g0p003__ds0p2__dm0p1
Problem: QUBO
Kernel: jsd
Advantage: peragentrankweighted
M: 3
lambda: 16
epsilon_svgd: 0.007
gamma: 0.003
decay_start_ratio: 0.2
decay_min_factor: 0.1
bandwith_kernel: None
no_interact: False
avg_score: -437.9200134277344
median_score: -440.5
std_score: 26.84536361694336
percentiles: 2%=-484.0199890136719, 5%=-475.29998779296875, 10%=-472.0, 25%=-457.5, 50%=-440.5, 75%=-414.75, 90%=-399.8999938964844, 95%=-396.0, 98%=-384.9599914550781
ranking_best_algo: CMApara
ranking_best_score: 453.82
ranking_my_rank: 28/504 (94.6%)
ranking_my_percent: 94.64285714285714
