ConfigName: krbf__advnormalizedfitness__M4__L15__eps0p015__g0p015__ds0p01__dm0p3
Problem: NK
Kernel: rbf
Advantage: normalizedfitness
M: 4
lambda: 15
epsilon_svgd: 0.015
gamma: 0.015
decay_start_ratio: 0.01
decay_min_factor: 0.3
bandwith_kernel: None
no_interact: False
avg_score: 0.6189213395118713
median_score: 0.6188702583312988
std_score: 0.011089497245848179
percentiles: 2%=0.6006507277488708, 5%=0.6015691161155701, 10%=0.6043897867202759, 25%=0.6112253665924072, 50%=0.6188702583312988, 75%=0.6248558163642883, 90%=0.6305564045906067, 95%=0.6384507417678833, 98%=0.6451336145401001
ranking_best_algo: Tabu
ranking_best_score: 0.7470791764843752
ranking_my_rank: 389/504 (23.0%)
ranking_my_percent: 23.015873015873016
