ConfigName: kjsd__advperagentrankweighted__M3__L20__eps0p007__g0p003__ds0p1__dm0p05
Problem: NK
Kernel: jsd
Advantage: peragentrankweighted
M: 3
lambda: 20
epsilon_svgd: 0.007
gamma: 0.003
decay_start_ratio: 0.1
decay_min_factor: 0.05
bandwith_kernel: None
no_interact: False
avg_score: 0.754250705242157
median_score: 0.7562413215637207
std_score: 0.01495154108852148
percentiles: 2%=0.7243179082870483, 5%=0.7301687002182007, 10%=0.734344482421875, 25%=0.743578314781189, 50%=0.7562413215637207, 75%=0.7653899788856506, 90%=0.773379921913147, 95%=0.7772776484489441, 98%=0.7810878753662109
ranking_best_algo: Tabu
ranking_best_score: 0.7470791764843752
ranking_my_rank: 1/504 (100.0%)
ranking_my_percent: 100.0
