ConfigName: krbf__advnormalizedfitness__M4__L8__eps0p015__g0p015__ds0p3__dm0p01
Problem: QUBO
Kernel: rbf
Advantage: normalizedfitness
M: 4
lambda: 8
epsilon_svgd: 0.015
gamma: 0.015
decay_start_ratio: 0.3
decay_min_factor: 0.01
bandwith_kernel: None
no_interact: False
avg_score: -949.8400268554688
median_score: -936.0
std_score: 100.90011596679688
percentiles: 2%=-1153.0, 5%=-1130.0999755859375, 10%=-1079.5, 25%=-1025.25, 50%=-936.0, 75%=-888.75, 90%=-819.9000244140625, 95%=-784.8500366210938, 98%=-770.3798828125
ranking_best_algo: Tabu
ranking_best_score: 1216.16
ranking_my_rank: 325/504 (35.7%)
ranking_my_percent: 35.714285714285715
