ConfigName: krbf__advnormalizedfitness__M4__L10__eps0p033__g0p01__ds0p15__dm0p3
Problem: QUBO
Kernel: rbf
Advantage: normalizedfitness
M: 4
lambda: 10
epsilon_svgd: 0.033
gamma: 0.01
decay_start_ratio: 0.15
decay_min_factor: 0.3
bandwith_kernel: None
no_interact: False
avg_score: -333.32000732421875
median_score: -334.0
std_score: 19.084484100341797
percentiles: 2%=-372.0, 5%=-364.20001220703125, 10%=-354.1000061035156, 25%=-343.75, 50%=-334.0, 75%=-322.0, 90%=-308.0, 95%=-296.0, 98%=-291.9599914550781
ranking_best_algo: CMApara
ranking_best_score: 344.22
ranking_my_rank: 68/504 (86.7%)
ranking_my_percent: 86.7063492063492
