ConfigName: kjsd__advperagentrankweighted__M3__L18__eps0p007__g0p0005__ds0p1__dm0p2
Problem: QUBO
Kernel: jsd
Advantage: peragentrankweighted
M: 3
lambda: 18
epsilon_svgd: 0.007
gamma: 0.0005
decay_start_ratio: 0.1
decay_min_factor: 0.2
bandwith_kernel: None
no_interact: False
avg_score: -325.82000732421875
median_score: -328.0
std_score: 22.705232620239258
percentiles: 2%=-372.0, 5%=-355.0, 10%=-350.0, 25%=-342.25, 50%=-328.0, 75%=-308.0, 90%=-293.8999938964844, 95%=-281.8999938964844, 98%=-279.9800109863281
ranking_best_algo: CMApara
ranking_best_score: 344.22
ranking_my_rank: 116/504 (77.2%)
ranking_my_percent: 77.18253968253968
