ConfigName: kjsd__advperagentrankweighted__M3__L18__eps0p007__g0p0005__ds0p2__dm0p05
Problem: QUBO
Kernel: jsd
Advantage: peragentrankweighted
M: 3
lambda: 18
epsilon_svgd: 0.007
gamma: 0.0005
decay_start_ratio: 0.2
decay_min_factor: 0.05
bandwith_kernel: None
no_interact: False
avg_score: -324.1400146484375
median_score: -326.0
std_score: 23.010005950927734
percentiles: 2%=-372.0, 5%=-357.0, 10%=-350.3999938964844, 25%=-342.0, 50%=-326.0, 75%=-304.75, 90%=-292.8999938964844, 95%=-287.8999938964844, 98%=-281.9599914550781
ranking_best_algo: CMApara
ranking_best_score: 344.22
ranking_my_rank: 126/504 (75.2%)
ranking_my_percent: 75.1984126984127
