ConfigName: kjsd__advperagentrankweighted__M5__L8__eps0p01__g0p0005__ds0p2__dm0p2
Problem: QUBO
Kernel: jsd
Advantage: peragentrankweighted
M: 5
lambda: 8
epsilon_svgd: 0.01
gamma: 0.0005
decay_start_ratio: 0.2
decay_min_factor: 0.2
bandwith_kernel: None
no_interact: False
avg_score: -1307.43994140625
median_score: -1304.5
std_score: 47.561607360839844
percentiles: 2%=-1412.02001953125, 5%=-1395.1500244140625, 10%=-1379.4000244140625, 25%=-1331.0, 50%=-1304.5, 75%=-1270.5, 90%=-1251.9000244140625, 95%=-1234.9000244140625, 98%=-1228.97998046875
ranking_best_algo: BigLognormalDiscreteOnePlusOne
ranking_best_score: 1301.3600000000004
ranking_my_rank: 1/504 (100.0%)
ranking_my_percent: 100.0
