ConfigName: kjsd__advperagentrankweighted__M5__L8__eps0p005__g0p0007__ds0p05__dm0p2
Problem: QUBO
Kernel: jsd
Advantage: peragentrankweighted
M: 5
lambda: 8
epsilon_svgd: 0.005
gamma: 0.0007
decay_start_ratio: 0.05
decay_min_factor: 0.2
bandwith_kernel: None
no_interact: False
avg_score: -201.0800018310547
median_score: -202.0
std_score: 12.59657096862793
percentiles: 2%=-222.0399932861328, 5%=-222.0, 10%=-216.10000610351562, 25%=-209.25, 50%=-202.0, 75%=-192.0, 90%=-182.89999389648438, 95%=-180.0, 98%=-177.97999572753906
ranking_best_algo: Tabu
ranking_best_score: 208.36000000000004
ranking_my_rank: 42/504 (91.9%)
ranking_my_percent: 91.86507936507937
