ConfigName: kjsd__advperagentrankweighted__M5__L10__eps0p005__g0p0005__ds0p4__dm0p05
Problem: NK
Kernel: jsd
Advantage: peragentrankweighted
M: 5
lambda: 10
epsilon_svgd: 0.005
gamma: 0.0005
decay_start_ratio: 0.4
decay_min_factor: 0.05
bandwith_kernel: None
no_interact: False
avg_score: 0.7300431728363037
median_score: 0.7286654710769653
std_score: 0.010769992135465145
percentiles: 2%=0.7119098901748657, 5%=0.7134948372840881, 10%=0.715965986251831, 25%=0.7231786847114563, 50%=0.7286654710769653, 75%=0.7361230850219727, 90%=0.7442205548286438, 95%=0.7502570748329163, 98%=0.7540415525436401
ranking_best_algo: Tabu
ranking_best_score: 0.7429702712499999
ranking_my_rank: 2/504 (99.8%)
ranking_my_percent: 99.8015873015873
