ConfigName: krbf__advnormalizedfitness__M3__L10__eps0p025__g0p005__ds0p15__dm0p3
Problem: NK
Kernel: rbf
Advantage: normalizedfitness
M: 3
lambda: 10
epsilon_svgd: 0.025
gamma: 0.005
decay_start_ratio: 0.15
decay_min_factor: 0.3
bandwith_kernel: None
no_interact: False
avg_score: 0.7524381875991821
median_score: 0.7531426548957825
std_score: 0.012514209374785423
percentiles: 2%=0.7292382717132568, 5%=0.7339085936546326, 10%=0.737406849861145, 25%=0.7420543432235718, 50%=0.7531426548957825, 75%=0.7609522938728333, 90%=0.7696187496185303, 95%=0.7736796736717224, 98%=0.7783697843551636
ranking_best_algo: Tabu
ranking_best_score: 0.7657846284375001
ranking_my_rank: 10/504 (98.2%)
ranking_my_percent: 98.21428571428571
