ConfigName: kjsd__advperagentrankweighted__M3__L16__eps0p01__g0p0005__ds0p2__dm0p1
Problem: QUBO
Kernel: jsd
Advantage: peragentrankweighted
M: 3
lambda: 16
epsilon_svgd: 0.01
gamma: 0.0005
decay_start_ratio: 0.2
decay_min_factor: 0.1
bandwith_kernel: None
no_interact: False
avg_score: -439.6600036621094
median_score: -441.0
std_score: 26.80530548095703
percentiles: 2%=-490.0400085449219, 5%=-473.29998779296875, 10%=-469.0, 25%=-458.25, 50%=-441.0, 75%=-426.0, 90%=-403.79998779296875, 95%=-393.95001220703125, 98%=-385.5799865722656
ranking_best_algo: CMApara
ranking_best_score: 453.82
ranking_my_rank: 17/504 (96.8%)
ranking_my_percent: 96.82539682539682
