ConfigName: kfr__advglobalrankweighted__M2__L9__eps0p015__g0p003__ds0p01__dm0p01
Problem: QUBO
Kernel: fr
Advantage: globalrankweighted
M: 2
lambda: 9
epsilon_svgd: 0.015
gamma: 0.003
decay_start_ratio: 0.01
decay_min_factor: 0.01
bandwith_kernel: None
no_interact: False
avg_score: -2612.300048828125
median_score: -2609.5
std_score: 125.21849060058594
percentiles: 2%=-2889.739990234375, 5%=-2807.300048828125, 10%=-2786.199951171875, 25%=-2678.25, 50%=-2609.5, 75%=-2522.0, 90%=-2465.800048828125, 95%=-2423.0, 98%=-2385.9599609375
ranking_best_algo: DiscreteLengler2OnePlusOne
ranking_best_score: 2617.04
ranking_my_rank: 2/504 (99.8%)
ranking_my_percent: 99.8015873015873
