ConfigName: krbf__advnormalizedfitness__M4__L15__eps0p025__g0p015__ds0p15__dm0p3
Problem: NK
Kernel: rbf
Advantage: normalizedfitness
M: 4
lambda: 15
epsilon_svgd: 0.025
gamma: 0.015
decay_start_ratio: 0.15
decay_min_factor: 0.3
bandwith_kernel: None
no_interact: False
avg_score: 0.6819068789482117
median_score: 0.6828216910362244
std_score: 0.011443287134170532
percentiles: 2%=0.6566063761711121, 5%=0.6627821922302246, 10%=0.6664058566093445, 25%=0.675411581993103, 50%=0.6828216910362244, 75%=0.6896318197250366, 90%=0.6964050531387329, 95%=0.6979301571846008, 98%=0.7001339197158813
ranking_best_algo: PBIL
ranking_best_score: 0.730509098125
ranking_my_rank: 314/504 (37.9%)
ranking_my_percent: 37.8968253968254
