ConfigName: krbf__advnormalizedfitness__M3__L10__eps0p015__g0p007__ds0p15__dm0p3
Problem: QUBO
Kernel: rbf
Advantage: normalizedfitness
M: 3
lambda: 10
epsilon_svgd: 0.015
gamma: 0.007
decay_start_ratio: 0.15
decay_min_factor: 0.3
bandwith_kernel: None
no_interact: False
avg_score: -2226.860107421875
median_score: -2216.5
std_score: 180.2958221435547
percentiles: 2%=-2596.0400390625, 5%=-2496.800048828125, 10%=-2455.699951171875, 25%=-2355.0, 50%=-2216.5, 75%=-2085.0, 90%=-2011.4000244140625, 95%=-1962.4500732421875, 98%=-1889.31982421875
ranking_best_algo: SVM1MetaModelLogNormal
ranking_best_score: 2605.14
ranking_my_rank: 176/504 (65.3%)
ranking_my_percent: 65.27777777777777
