ConfigName: kjsd__advperagentrankweighted__M6__L24__eps0p005__g0p0005__ds0p05__dm0p05
Problem: QUBO
Kernel: jsd
Advantage: peragentrankweighted
M: 6
lambda: 24
epsilon_svgd: 0.005
gamma: 0.0005
decay_start_ratio: 0.05
decay_min_factor: 0.05
bandwith_kernel: None
no_interact: False
avg_score: -941.219970703125
median_score: -937.5
std_score: 66.40731811523438
percentiles: 2%=-1068.0, 5%=-1050.0, 10%=-1037.800048828125, 25%=-986.25, 50%=-937.5, 75%=-892.5, 90%=-860.7999877929688, 95%=-841.9500122070312, 98%=-814.3599853515625
ranking_best_algo: CMApara
ranking_best_score: 964.9
ranking_my_rank: 5/504 (99.2%)
ranking_my_percent: 99.2063492063492
