ConfigName: kjsd__advperagentrankweighted__M4__L10__eps0p005__g0p0003__ds0p4__dm0p05
Problem: NK
Kernel: jsd
Advantage: peragentrankweighted
M: 4
lambda: 10
epsilon_svgd: 0.005
gamma: 0.0003
decay_start_ratio: 0.4
decay_min_factor: 0.05
bandwith_kernel: None
no_interact: False
avg_score: 0.7385143041610718
median_score: 0.7381963729858398
std_score: 0.013810164295136929
percentiles: 2%=0.7088450193405151, 5%=0.7148809432983398, 10%=0.7201768755912781, 25%=0.7307851314544678, 50%=0.7381963729858398, 75%=0.7478407025337219, 90%=0.7528541684150696, 95%=0.7607537508010864, 98%=0.7649404406547546
ranking_best_algo: Tabu
ranking_best_score: 0.7601875690625
ranking_my_rank: 19/504 (96.4%)
ranking_my_percent: 96.42857142857143
