ConfigName: krbf__advnormalizedfitness__M1__L10__eps0p015__g0p01__ds0p01__dm0p3
Problem: QUBO
Kernel: rbf
Advantage: normalizedfitness
M: 1
lambda: 10
epsilon_svgd: 0.015
gamma: 0.01
decay_start_ratio: 0.01
decay_min_factor: 0.3
bandwith_kernel: None
no_interact: False
avg_score: -302.44000244140625
median_score: -300.0
std_score: 40.991294860839844
percentiles: 2%=-384.239990234375, 5%=-380.0, 10%=-355.79998779296875, 25%=-328.5, 50%=-300.0, 75%=-267.75, 90%=-257.8999938964844, 95%=-245.95001220703125, 98%=-235.97999572753906
ranking_best_algo: CMApara
ranking_best_score: 319.29999999999995
ranking_my_rank: 216/504 (57.3%)
ranking_my_percent: 57.34126984126984
