ConfigName: krbf__advnormalizedfitness__M3__L15__eps0p015__g0p01__ds0p01__dm0p3
Problem: QUBO
Kernel: rbf
Advantage: normalizedfitness
M: 3
lambda: 15
epsilon_svgd: 0.015
gamma: 0.01
decay_start_ratio: 0.01
decay_min_factor: 0.3
bandwith_kernel: None
no_interact: False
avg_score: -783.8599853515625
median_score: -781.0
std_score: 80.09819793701172
percentiles: 2%=-946.280029296875, 5%=-920.2000122070312, 10%=-879.0, 25%=-823.5, 50%=-781.0, 75%=-731.75, 90%=-688.7999877929688, 95%=-649.0, 98%=-627.719970703125
ranking_best_algo: SVMMetaModelLogNormal
ranking_best_score: 1233.7999999999997
ranking_my_rank: 328/504 (35.1%)
ranking_my_percent: 35.11904761904762
