ConfigName: krbf__advnormalizedfitness__M4__L10__eps0p01__g0p0005__ds0p05__dm0p05
Problem: QUBO
Kernel: rbf
Advantage: normalizedfitness
M: 4
lambda: 10
epsilon_svgd: 0.01
gamma: 0.0005
decay_start_ratio: 0.05
decay_min_factor: 0.05
bandwith_kernel: None
no_interact: False
avg_score: -137.77999877929688
median_score: -139.0
std_score: 11.738466262817383
percentiles: 2%=-158.0, 5%=-157.0, 10%=-154.10000610351562, 25%=-146.0, 50%=-139.0, 75%=-128.75, 90%=-123.0, 95%=-118.94999694824219, 98%=-114.95999908447266
ranking_best_algo: DiscreteDE
ranking_best_score: 143.4
ranking_my_rank: 117/504 (77.0%)
ranking_my_percent: 76.98412698412699
