ConfigName: kjsd__advperagentrankweighted__M4__L10__eps0p03__g0p0003__ds0p2__dm0p05
Problem: QUBO
Kernel: jsd
Advantage: peragentrankweighted
M: 4
lambda: 10
epsilon_svgd: 0.03
gamma: 0.0003
decay_start_ratio: 0.2
decay_min_factor: 0.05
bandwith_kernel: None
no_interact: False
avg_score: -1170.52001953125
median_score: -1170.0
std_score: 56.87837600708008
percentiles: 2%=-1273.06005859375, 5%=-1266.050048828125, 10%=-1246.699951171875, 25%=-1210.25, 50%=-1170.0, 75%=-1126.5, 90%=-1095.0, 95%=-1085.0, 98%=-1068.9000244140625
ranking_best_algo: SVMMetaModelLogNormal
ranking_best_score: 1233.7999999999997
ranking_my_rank: 78/504 (84.7%)
ranking_my_percent: 84.72222222222223
