ConfigName: kjsd__advperagentrankweighted__M4__L24__eps0p005__g0p0005__ds0p05__dm0p05
Problem: QUBO
Kernel: jsd
Advantage: peragentrankweighted
M: 4
lambda: 24
epsilon_svgd: 0.005
gamma: 0.0005
decay_start_ratio: 0.05
decay_min_factor: 0.05
bandwith_kernel: None
no_interact: False
avg_score: -139.5399932861328
median_score: -141.5
std_score: 11.204838752746582
percentiles: 2%=-160.0, 5%=-159.0, 10%=-153.3000030517578, 25%=-146.0, 50%=-141.5, 75%=-130.0, 90%=-125.0, 95%=-122.80000305175781, 98%=-116.9000015258789
ranking_best_algo: DiscreteDE
ranking_best_score: 143.4
ranking_my_rank: 84/504 (83.5%)
ranking_my_percent: 83.53174603174604
