ConfigName: krbf__advnormalizedfitness__M3__L12__eps0p033__g0p01__ds0p3__dm0p01
Problem: QUBO
Kernel: rbf
Advantage: normalizedfitness
M: 3
lambda: 12
epsilon_svgd: 0.033
gamma: 0.01
decay_start_ratio: 0.3
decay_min_factor: 0.01
bandwith_kernel: None
no_interact: False
avg_score: -331.29998779296875
median_score: -334.0
std_score: 18.149105072021484
percentiles: 2%=-368.0799865722656, 5%=-353.04998779296875, 10%=-350.0, 25%=-343.0, 50%=-334.0, 75%=-324.0, 90%=-306.8999938964844, 95%=-294.0, 98%=-289.97998046875
ranking_best_algo: CMApara
ranking_best_score: 344.22
ranking_my_rank: 77/504 (84.9%)
ranking_my_percent: 84.92063492063492
