ConfigName: kjsd__advperagentrankweighted__M4__L24__eps0p02__g0p0003__ds0p05__dm0p05
Problem: QUBO
Kernel: jsd
Advantage: peragentrankweighted
M: 4
lambda: 24
epsilon_svgd: 0.02
gamma: 0.0003
decay_start_ratio: 0.05
decay_min_factor: 0.05
bandwith_kernel: None
no_interact: False
avg_score: -422.6199951171875
median_score: -421.0
std_score: 28.471311569213867
percentiles: 2%=-475.0400085449219, 5%=-471.1000061035156, 10%=-463.0, 25%=-442.0, 50%=-421.0, 75%=-407.75, 90%=-385.8999938964844, 95%=-372.8500061035156, 98%=-357.9200134277344
ranking_best_algo: CMAL3
ranking_best_score: 435.36
ranking_my_rank: 35/504 (93.3%)
ranking_my_percent: 93.25396825396825
