ConfigName: krbf__advnormalizedfitness__M4__L10__eps0p033__g0p005__ds0p3__dm0p01
Problem: QUBO
Kernel: rbf
Advantage: normalizedfitness
M: 4
lambda: 10
epsilon_svgd: 0.033
gamma: 0.005
decay_start_ratio: 0.3
decay_min_factor: 0.01
bandwith_kernel: None
no_interact: False
avg_score: -2457.360107421875
median_score: -2435.5
std_score: 160.1400146484375
percentiles: 2%=-2826.260009765625, 5%=-2736.10009765625, 10%=-2678.0, 25%=-2571.75, 50%=-2435.5, 75%=-2325.5, 90%=-2264.89990234375, 95%=-2228.89990234375, 98%=-2212.85986328125
ranking_best_algo: SVM1MetaModelLogNormal
ranking_best_score: 2605.14
ranking_my_rank: 81/504 (84.1%)
ranking_my_percent: 84.12698412698413
