ConfigName: krbf__advnormalizedfitness__M1__L8__eps0p033__g0p01__ds0p15__dm0p01
Problem: QUBO
Kernel: rbf
Advantage: normalizedfitness
M: 1
lambda: 8
epsilon_svgd: 0.033
gamma: 0.01
decay_start_ratio: 0.15
decay_min_factor: 0.01
bandwith_kernel: None
no_interact: False
avg_score: -1589.5999755859375
median_score: -1595.0
std_score: 61.008358001708984
percentiles: 2%=-1701.5400390625, 5%=-1672.199951171875, 10%=-1656.199951171875, 25%=-1629.5, 50%=-1595.0, 75%=-1543.75, 90%=-1500.699951171875, 95%=-1488.7000732421875, 98%=-1466.7999267578125
ranking_best_algo: NLOPT_LN_PRAXIS
ranking_best_score: 1607.12
ranking_my_rank: 39/504 (92.5%)
ranking_my_percent: 92.46031746031746
