ConfigName: kjsd__advperagentrankweighted__M3__L20__eps0p005__g0p0005__ds0p2__dm0p1
Problem: QUBO
Kernel: jsd
Advantage: peragentrankweighted
M: 3
lambda: 20
epsilon_svgd: 0.005
gamma: 0.0005
decay_start_ratio: 0.2
decay_min_factor: 0.1
bandwith_kernel: None
no_interact: False
avg_score: -2591.6201171875
median_score: -2601.5
std_score: 118.6261978149414
percentiles: 2%=-2848.159912109375, 5%=-2774.949951171875, 10%=-2728.0, 25%=-2681.0, 50%=-2601.5, 75%=-2492.0, 90%=-2445.199951171875, 95%=-2417.5, 98%=-2391.9599609375
ranking_best_algo: SVM1MetaModelLogNormal
ranking_best_score: 2605.14
ranking_my_rank: 11/504 (98.0%)
ranking_my_percent: 98.01587301587301
