ConfigName: kjsd__advperagentrankweighted__M4__L12__eps0p01__g0p0003__ds0p4__dm0p05
Problem: QUBO
Kernel: jsd
Advantage: peragentrankweighted
M: 4
lambda: 12
epsilon_svgd: 0.01
gamma: 0.0003
decay_start_ratio: 0.4
decay_min_factor: 0.05
bandwith_kernel: None
no_interact: False
avg_score: -935.3599853515625
median_score: -932.0
std_score: 61.04368209838867
percentiles: 2%=-1074.0, 5%=-1043.0, 10%=-1013.0, 25%=-978.0, 50%=-932.0, 75%=-891.25, 90%=-860.2000122070312, 95%=-838.9000244140625, 98%=-818.9199829101562
ranking_best_algo: CMApara
ranking_best_score: 964.9
ranking_my_rank: 16/504 (97.0%)
ranking_my_percent: 97.02380952380952
