ConfigName: kjsd__advperagentrankweighted__M3__L16__eps0p01__g0p0005__ds0p2__dm0p1
Problem: QUBO
Kernel: jsd
Advantage: peragentrankweighted
M: 3
lambda: 16
epsilon_svgd: 0.01
gamma: 0.0005
decay_start_ratio: 0.2
decay_min_factor: 0.1
bandwith_kernel: None
no_interact: False
avg_score: -304.94000244140625
median_score: -300.0
std_score: 41.631195068359375
percentiles: 2%=-398.0400085449219, 5%=-390.29998779296875, 10%=-359.79998779296875, 25%=-330.5, 50%=-300.0, 75%=-270.0, 90%=-261.6000061035156, 95%=-254.9499969482422, 98%=-239.97999572753906
ranking_best_algo: CMApara
ranking_best_score: 319.29999999999995
ranking_my_rank: 136/504 (73.2%)
ranking_my_percent: 73.21428571428571
