ConfigName: krbf__advnormalizedfitness__M4__L10__eps0p015__g0p01__ds0p01__dm0p01
Problem: QUBO
Kernel: rbf
Advantage: normalizedfitness
M: 4
lambda: 10
epsilon_svgd: 0.015
gamma: 0.01
decay_start_ratio: 0.01
decay_min_factor: 0.01
bandwith_kernel: None
no_interact: False
avg_score: -1102.1199951171875
median_score: -1087.5
std_score: 83.3227767944336
percentiles: 2%=-1305.56005859375, 5%=-1254.050048828125, 10%=-1213.4000244140625, 25%=-1154.0, 50%=-1087.5, 75%=-1047.0, 90%=-1011.7999877929688, 95%=-989.75, 98%=-951.5599365234375
ranking_best_algo: Tabu
ranking_best_score: 1216.16
ranking_my_rank: 187/504 (63.1%)
ranking_my_percent: 63.095238095238095
