ConfigName: kjsd__advperagentrankweighted__M3__L16__eps0p01__g0p0005__ds0p2__dm0p05
Problem: QUBO
Kernel: jsd
Advantage: peragentrankweighted
M: 3
lambda: 16
epsilon_svgd: 0.01
gamma: 0.0005
decay_start_ratio: 0.2
decay_min_factor: 0.05
bandwith_kernel: None
no_interact: False
avg_score: -2635.93994140625
median_score: -2642.5
std_score: 120.0846176147461
percentiles: 2%=-2853.419921875, 5%=-2830.5, 10%=-2781.699951171875, 25%=-2728.75, 50%=-2642.5, 75%=-2543.0, 90%=-2462.0, 95%=-2425.800048828125, 98%=-2412.8798828125
ranking_best_algo: DiscreteLengler2OnePlusOne
ranking_best_score: 2617.04
ranking_my_rank: 1/504 (100.0%)
ranking_my_percent: 100.0
