ConfigName: kjsd__advperagentrankweighted__M3__L20__eps0p007__g0p0005__ds0p1__dm0p1
Problem: QUBO
Kernel: jsd
Advantage: peragentrankweighted
M: 3
lambda: 20
epsilon_svgd: 0.007
gamma: 0.0005
decay_start_ratio: 0.1
decay_min_factor: 0.1
bandwith_kernel: None
no_interact: False
avg_score: -328.29998779296875
median_score: -335.5
std_score: 24.352209091186523
percentiles: 2%=-372.0, 5%=-357.20001220703125, 10%=-354.0, 25%=-343.0, 50%=-335.5, 75%=-317.0, 90%=-289.79998779296875, 95%=-279.8999938964844, 98%=-273.9200134277344
ranking_best_algo: CMApara
ranking_best_score: 344.22
ranking_my_rank: 84/504 (83.5%)
ranking_my_percent: 83.53174603174604
