ConfigName: kjsd__advperagentrankweighted__M8__L24__eps0p008__g0p0005__ds0p05__dm0p05
Problem: QUBO
Kernel: jsd
Advantage: peragentrankweighted
M: 8
lambda: 24
epsilon_svgd: 0.008
gamma: 0.0005
decay_start_ratio: 0.05
decay_min_factor: 0.05
bandwith_kernel: None
no_interact: False
avg_score: -140.55999755859375
median_score: -141.0
std_score: 10.592752456665039
percentiles: 2%=-159.0399932861328, 5%=-158.0, 10%=-156.0, 25%=-148.25, 50%=-141.0, 75%=-132.0, 90%=-127.0, 95%=-124.94999694824219, 98%=-122.95999908447266
ranking_best_algo: DiscreteDE
ranking_best_score: 143.4
ranking_my_rank: 78/504 (84.7%)
ranking_my_percent: 84.72222222222223
