ConfigName: kfr__advglobalrankweighted__M6__L9__eps0p01__g0p005__ds0p01__dm0p01
Problem: QUBO
Kernel: fr
Advantage: globalrankweighted
M: 6
lambda: 9
epsilon_svgd: 0.01
gamma: 0.005
decay_start_ratio: 0.01
decay_min_factor: 0.01
bandwith_kernel: None
no_interact: False
avg_score: -986.47998046875
median_score: -989.0
std_score: 55.61500930786133
percentiles: 2%=-1088.0400390625, 5%=-1076.050048828125, 10%=-1059.0999755859375, 25%=-1029.5, 50%=-989.0, 75%=-941.75, 90%=-914.7999877929688, 95%=-898.9000244140625, 98%=-882.8399658203125
ranking_best_algo: SVMMetaModelLogNormal
ranking_best_score: 1233.7999999999997
ranking_my_rank: 276/504 (45.4%)
ranking_my_percent: 45.43650793650794
