ConfigName: krbf__advnormalizedfitness__M3__L8__eps0p015__g0p01__ds0p01__dm0p01
Problem: NK
Kernel: rbf
Advantage: normalizedfitness
M: 3
lambda: 8
epsilon_svgd: 0.015
gamma: 0.01
decay_start_ratio: 0.01
decay_min_factor: 0.01
bandwith_kernel: None
no_interact: False
avg_score: 0.7127990126609802
median_score: 0.7128913402557373
std_score: 0.015803134068846703
percentiles: 2%=0.6822848916053772, 5%=0.6897931098937988, 10%=0.6923758387565613, 25%=0.7020711898803711, 50%=0.7128913402557373, 75%=0.7232685089111328, 90%=0.734201192855835, 95%=0.7378251552581787, 98%=0.7451409697532654
ranking_best_algo: Tabu
ranking_best_score: 0.7429702712499999
ranking_my_rank: 139/504 (72.6%)
ranking_my_percent: 72.61904761904762
