ConfigName: kjsd__advperagentrankweighted__M5__L8__eps0p005__g0p003__ds0p2__dm0p2
Problem: NK
Kernel: jsd
Advantage: peragentrankweighted
M: 5
lambda: 8
epsilon_svgd: 0.005
gamma: 0.003
decay_start_ratio: 0.2
decay_min_factor: 0.2
bandwith_kernel: None
no_interact: False
avg_score: 0.7453653812408447
median_score: 0.7457655072212219
std_score: 0.01790081337094307
percentiles: 2%=0.7174943685531616, 5%=0.7185162305831909, 10%=0.7212291955947876, 25%=0.7319084405899048, 50%=0.7457655072212219, 75%=0.7595123052597046, 90%=0.7666372060775757, 95%=0.7707107663154602, 98%=0.7783483862876892
ranking_best_algo: Tabu
ranking_best_score: 0.7657846284375001
ranking_my_rank: 43/504 (91.7%)
ranking_my_percent: 91.66666666666667
