ConfigName: krbf__advnormalizedfitness__M1__L8__eps0p015__g0p007__ds0p01__dm0p3
Problem: NK
Kernel: rbf
Advantage: normalizedfitness
M: 1
lambda: 8
epsilon_svgd: 0.015
gamma: 0.007
decay_start_ratio: 0.01
decay_min_factor: 0.3
bandwith_kernel: None
no_interact: False
avg_score: 0.7078017592430115
median_score: 0.696268618106842
std_score: 0.0317990705370903
percentiles: 2%=0.6702355742454529, 5%=0.671309232711792, 10%=0.6728090047836304, 25%=0.6781620383262634, 50%=0.696268618106842, 75%=0.7438799142837524, 90%=0.7522416710853577, 95%=0.7567710280418396, 98%=0.7598990797996521
ranking_best_algo: CMApara
ranking_best_score: 0.7118996098437498
ranking_my_rank: 83/504 (83.7%)
ranking_my_percent: 83.73015873015873
