ConfigName: kjsd__advperagentrankweighted__M4__L20__eps0p005__g0p001__ds0p1__dm0p1
Problem: QUBO
Kernel: jsd
Advantage: peragentrankweighted
M: 4
lambda: 20
epsilon_svgd: 0.005
gamma: 0.001
decay_start_ratio: 0.1
decay_min_factor: 0.1
bandwith_kernel: None
no_interact: False
avg_score: -139.5399932861328
median_score: -141.0
std_score: 11.039401054382324
percentiles: 2%=-158.02000427246094, 5%=-158.0, 10%=-155.10000610351562, 25%=-146.0, 50%=-141.0, 75%=-130.75, 90%=-126.9000015258789, 95%=-123.0, 98%=-113.9800033569336
ranking_best_algo: DiscreteDE
ranking_best_score: 143.4
ranking_my_rank: 84/504 (83.5%)
ranking_my_percent: 83.53174603174604
