ConfigName: krbf__advnormalizedfitness__M3__L12__eps0p033__g0p015__ds0p15__dm0p3
Problem: QUBO
Kernel: rbf
Advantage: normalizedfitness
M: 3
lambda: 12
epsilon_svgd: 0.033
gamma: 0.015
decay_start_ratio: 0.15
decay_min_factor: 0.3
bandwith_kernel: None
no_interact: False
avg_score: -139.24000549316406
median_score: -139.5
std_score: 12.012593269348145
percentiles: 2%=-158.02000427246094, 5%=-157.0, 10%=-157.0, 25%=-148.25, 50%=-139.5, 75%=-130.0, 90%=-125.0, 95%=-120.90000915527344, 98%=-111.0
ranking_best_algo: DiscreteDE
ranking_best_score: 143.4
ranking_my_rank: 86/504 (83.1%)
ranking_my_percent: 83.13492063492063
