ConfigName: kjsd__advperagentrankweighted__M4__L20__eps0p005__g0p001__ds0p1__dm0p05
Problem: NK
Kernel: jsd
Advantage: peragentrankweighted
M: 4
lambda: 20
epsilon_svgd: 0.005
gamma: 0.001
decay_start_ratio: 0.1
decay_min_factor: 0.05
bandwith_kernel: None
no_interact: False
avg_score: 0.7384124994277954
median_score: 0.7381808757781982
std_score: 0.011573265306651592
percentiles: 2%=0.7144449949264526, 5%=0.7166666388511658, 10%=0.7228308320045471, 25%=0.7325192093849182, 50%=0.7381808757781982, 75%=0.7460978031158447, 90%=0.7521604299545288, 95%=0.757015585899353, 98%=0.7596781253814697
ranking_best_algo: PBIL
ranking_best_score: 0.733570253046875
ranking_my_rank: 1/504 (100.0%)
ranking_my_percent: 100.0
