ConfigName: krbf__advnormalizedfitness__M3__L12__eps0p015__g0p015__ds0p01__dm0p01
Problem: QUBO
Kernel: rbf
Advantage: normalizedfitness
M: 3
lambda: 12
epsilon_svgd: 0.015
gamma: 0.015
decay_start_ratio: 0.01
decay_min_factor: 0.01
bandwith_kernel: None
no_interact: False
avg_score: -331.0199890136719
median_score: -334.0
std_score: 21.660091400146484
percentiles: 2%=-372.0, 5%=-364.1000061035156, 10%=-357.0, 25%=-343.0, 50%=-334.0, 75%=-320.75, 90%=-297.79998779296875, 95%=-289.60003662109375, 98%=-280.0
ranking_best_algo: CMApara
ranking_best_score: 344.22
ranking_my_rank: 77/504 (84.9%)
ranking_my_percent: 84.92063492063492
