ConfigName: kjsd__advperagentrankweighted__M4__L8__eps0p01__g0p0007__ds0p2__dm0p05
Problem: QUBO
Kernel: jsd
Advantage: peragentrankweighted
M: 4
lambda: 8
epsilon_svgd: 0.01
gamma: 0.0007
decay_start_ratio: 0.2
decay_min_factor: 0.05
bandwith_kernel: None
no_interact: False
avg_score: -309.1000061035156
median_score: -312.0
std_score: 38.7255744934082
percentiles: 2%=-388.0, 5%=-382.1000061035156, 10%=-359.6000061035156, 25%=-336.0, 50%=-312.0, 75%=-273.75, 90%=-262.0, 95%=-256.95001220703125, 98%=-254.8800048828125
ranking_best_algo: CMApara
ranking_best_score: 319.29999999999995
ranking_my_rank: 81/504 (84.1%)
ranking_my_percent: 84.12698412698413
