ConfigName: krbf__advnormalizedfitness__M1__L10__eps0p015__g0p015__ds0p15__dm0p3
Problem: NK
Kernel: rbf
Advantage: normalizedfitness
M: 1
lambda: 10
epsilon_svgd: 0.015
gamma: 0.015
decay_start_ratio: 0.15
decay_min_factor: 0.3
bandwith_kernel: None
no_interact: False
avg_score: 0.7342761754989624
median_score: 0.7349655032157898
std_score: 0.009050962515175343
percentiles: 2%=0.7173686623573303, 5%=0.7183406949043274, 10%=0.7211146354675293, 25%=0.7276669144630432, 50%=0.7349655032157898, 75%=0.7415227890014648, 90%=0.7456266283988953, 95%=0.7468814849853516, 98%=0.7492589354515076
ranking_best_algo: PBIL
ranking_best_score: 0.730509098125
ranking_my_rank: 1/504 (100.0%)
ranking_my_percent: 100.0
