ConfigName: krbf__advnormalizedfitness__M1__L8__eps0p025__g0p01__ds0p15__dm0p01
Problem: NK
Kernel: rbf
Advantage: normalizedfitness
M: 1
lambda: 8
epsilon_svgd: 0.025
gamma: 0.01
decay_start_ratio: 0.15
decay_min_factor: 0.01
bandwith_kernel: None
no_interact: False
avg_score: 0.726982831954956
median_score: 0.7273445725440979
std_score: 0.008778288960456848
percentiles: 2%=0.7088819146156311, 5%=0.7126156687736511, 10%=0.7150556445121765, 25%=0.7205188870429993, 50%=0.7273445725440979, 75%=0.7329531908035278, 90%=0.7376010417938232, 95%=0.7394602298736572, 98%=0.743441641330719
ranking_best_algo: PBIL
ranking_best_score: 0.7248786399609374
ranking_my_rank: 1/504 (100.0%)
ranking_my_percent: 100.0
