ConfigName: kjsd__advperagentrankweighted__M10__L10__eps0p008__g0p0005__ds0p05__dm0p05
Problem: QUBO
Kernel: jsd
Advantage: peragentrankweighted
M: 10
lambda: 10
epsilon_svgd: 0.008
gamma: 0.0005
decay_start_ratio: 0.05
decay_min_factor: 0.05
bandwith_kernel: None
no_interact: False
avg_score: -314.5
median_score: -318.0
std_score: 39.10383605957031
percentiles: 2%=-398.0, 5%=-388.20001220703125, 10%=-361.0, 25%=-340.5, 50%=-318.0, 75%=-278.5, 90%=-266.0, 95%=-260.95001220703125, 98%=-257.760009765625
ranking_best_algo: CMApara
ranking_best_score: 319.29999999999995
ranking_my_rank: 14/504 (97.4%)
ranking_my_percent: 97.42063492063492
