ConfigName: kjsd__advperagentrankweighted__M3__L18__eps0p007__g0p003__ds0p2__dm0p05
Problem: QUBO
Kernel: jsd
Advantage: peragentrankweighted
M: 3
lambda: 18
epsilon_svgd: 0.007
gamma: 0.003
decay_start_ratio: 0.2
decay_min_factor: 0.05
bandwith_kernel: None
no_interact: False
avg_score: -308.79998779296875
median_score: -300.0
std_score: 39.71146011352539
percentiles: 2%=-394.0799865722656, 5%=-392.1000061035156, 10%=-362.20001220703125, 25%=-334.0, 50%=-300.0, 75%=-274.0, 90%=-266.0, 95%=-259.0, 98%=-253.9600067138672
ranking_best_algo: CMApara
ranking_best_score: 319.29999999999995
ranking_my_rank: 87/504 (82.9%)
ranking_my_percent: 82.93650793650794
