ConfigName: krbf__advnormalizedfitness__M4__L24__eps0p025__g0p005__ds0p05__dm0p05
Problem: QUBO
Kernel: rbf
Advantage: normalizedfitness
M: 4
lambda: 24
epsilon_svgd: 0.025
gamma: 0.005
decay_start_ratio: 0.05
decay_min_factor: 0.05
bandwith_kernel: None
no_interact: False
avg_score: -433.260009765625
median_score: -433.0
std_score: 26.02407455444336
percentiles: 2%=-481.1400146484375, 5%=-473.1499938964844, 10%=-468.1000061035156, 25%=-453.0, 50%=-433.0, 75%=-417.5, 90%=-399.0, 95%=-389.75, 98%=-378.9599914550781
ranking_best_algo: CMApara
ranking_best_score: 453.82
ranking_my_rank: 43/504 (91.7%)
ranking_my_percent: 91.66666666666667
