ConfigName: kjsd__advperagentrankweighted__M4__L24__eps0p01__g0p0007__ds0p4__dm0p05
Problem: NK
Kernel: jsd
Advantage: peragentrankweighted
M: 4
lambda: 24
epsilon_svgd: 0.01
gamma: 0.0007
decay_start_ratio: 0.4
decay_min_factor: 0.05
bandwith_kernel: None
no_interact: False
avg_score: 0.7358241081237793
median_score: 0.7372734546661377
std_score: 0.009049959480762482
percentiles: 2%=0.7168455719947815, 5%=0.7176593542098999, 10%=0.7202556729316711, 25%=0.7303754091262817, 50%=0.7372734546661377, 75%=0.7426382303237915, 90%=0.7457386255264282, 95%=0.7482063174247742, 98%=0.7495017051696777
ranking_best_algo: PBIL
ranking_best_score: 0.7248786399609374
ranking_my_rank: 1/504 (100.0%)
ranking_my_percent: 100.0
