ConfigName: kjsd__advperagentrankweighted__M6__L24__eps0p008__g0p0005__ds0p3__dm0p05
Problem: QUBO
Kernel: jsd
Advantage: peragentrankweighted
M: 6
lambda: 24
epsilon_svgd: 0.008
gamma: 0.0005
decay_start_ratio: 0.3
decay_min_factor: 0.05
bandwith_kernel: None
no_interact: False
avg_score: -1172.52001953125
median_score: -1170.0
std_score: 66.29622650146484
percentiles: 2%=-1304.739990234375, 5%=-1267.050048828125, 10%=-1250.300048828125, 25%=-1222.25, 50%=-1170.0, 75%=-1122.25, 90%=-1086.800048828125, 95%=-1072.8499755859375, 98%=-1056.760009765625
ranking_best_algo: SVMMetaModelLogNormal
ranking_best_score: 1233.7999999999997
ranking_my_rank: 78/504 (84.7%)
ranking_my_percent: 84.72222222222223
