ConfigName: krbf__advnormalizedfitness__M4__L8__eps0p033__g0p01__ds0p3__dm0p01
Problem: QUBO
Kernel: rbf
Advantage: normalizedfitness
M: 4
lambda: 8
epsilon_svgd: 0.033
gamma: 0.01
decay_start_ratio: 0.3
decay_min_factor: 0.01
bandwith_kernel: None
no_interact: False
avg_score: -1501.9000244140625
median_score: -1495.5
std_score: 103.20082092285156
percentiles: 2%=-1703.239990234375, 5%=-1683.300048828125, 10%=-1627.699951171875, 25%=-1577.5, 50%=-1495.5, 75%=-1438.5, 90%=-1377.5999755859375, 95%=-1337.8499755859375, 98%=-1310.039794921875
ranking_best_algo: NLOPT_LN_PRAXIS
ranking_best_score: 1607.12
ranking_my_rank: 76/504 (85.1%)
ranking_my_percent: 85.11904761904762
