ConfigName: kjsd__advperagentrankweighted__M3__L18__eps0p007__g0p001__ds0p2__dm0p2
Problem: QUBO
Kernel: jsd
Advantage: peragentrankweighted
M: 3
lambda: 18
epsilon_svgd: 0.007
gamma: 0.001
decay_start_ratio: 0.2
decay_min_factor: 0.2
bandwith_kernel: None
no_interact: False
avg_score: -1622.8800048828125
median_score: -1625.0
std_score: 69.8996810913086
percentiles: 2%=-1750.0799560546875, 5%=-1736.1500244140625, 10%=-1717.4000244140625, 25%=-1677.0, 50%=-1625.0, 75%=-1570.75, 90%=-1532.800048828125, 95%=-1516.800048828125, 98%=-1502.5999755859375
ranking_best_algo: NLOPT_LN_PRAXIS
ranking_best_score: 1607.12
ranking_my_rank: 1/504 (100.0%)
ranking_my_percent: 100.0
