ConfigName: kjsd__advperagentrankweighted__M5__L10__eps0p03__g0p0005__ds0p05__dm0p05
Problem: QUBO
Kernel: jsd
Advantage: peragentrankweighted
M: 5
lambda: 10
epsilon_svgd: 0.03
gamma: 0.0005
decay_start_ratio: 0.05
decay_min_factor: 0.05
bandwith_kernel: None
no_interact: False
avg_score: -138.72000122070312
median_score: -139.0
std_score: 11.280141830444336
percentiles: 2%=-158.02000427246094, 5%=-158.0, 10%=-153.0, 25%=-146.0, 50%=-139.0, 75%=-130.0, 90%=-123.0, 95%=-120.94999694824219, 98%=-114.95999908447266
ranking_best_algo: DiscreteDE
ranking_best_score: 143.4
ranking_my_rank: 96/504 (81.2%)
ranking_my_percent: 81.15079365079364
