ConfigName: krbf__advnormalizedfitness__M4__L12__eps0p033__g0p01__ds0p3__dm0p3
Problem: QUBO
Kernel: rbf
Advantage: normalizedfitness
M: 4
lambda: 12
epsilon_svgd: 0.033
gamma: 0.01
decay_start_ratio: 0.3
decay_min_factor: 0.3
bandwith_kernel: None
no_interact: False
avg_score: -2102.02001953125
median_score: -2105.0
std_score: 185.1077423095703
percentiles: 2%=-2443.06005859375, 5%=-2398.64990234375, 10%=-2352.39990234375, 25%=-2244.0, 50%=-2105.0, 75%=-1965.5, 90%=-1848.300048828125, 95%=-1798.85009765625, 98%=-1761.739990234375
ranking_best_algo: DiscreteLengler2OnePlusOne
ranking_best_score: 2617.04
ranking_my_rank: 218/504 (56.9%)
ranking_my_percent: 56.94444444444444
