ConfigName: krbf__advnormalizedfitness__M3__L10__eps0p015__g0p007__ds0p01__dm0p3
Problem: QUBO
Kernel: rbf
Advantage: normalizedfitness
M: 3
lambda: 10
epsilon_svgd: 0.015
gamma: 0.007
decay_start_ratio: 0.01
decay_min_factor: 0.3
bandwith_kernel: None
no_interact: False
avg_score: -1158.1400146484375
median_score: -1159.5
std_score: 76.38037109375
percentiles: 2%=-1303.4000244140625, 5%=-1285.0999755859375, 10%=-1252.0, 25%=-1218.25, 50%=-1159.5, 75%=-1097.75, 90%=-1063.300048828125, 95%=-1040.800048828125, 98%=-1028.760009765625
ranking_best_algo: Tabu
ranking_best_score: 1216.16
ranking_my_rank: 100/504 (80.4%)
ranking_my_percent: 80.35714285714286
