ConfigName: kjsd__advperagentrankweighted__M5__L24__eps0p03__g0p0005__ds0p05__dm0p05
Problem: NK
Kernel: jsd
Advantage: peragentrankweighted
M: 5
lambda: 24
epsilon_svgd: 0.03
gamma: 0.0005
decay_start_ratio: 0.05
decay_min_factor: 0.05
bandwith_kernel: None
no_interact: False
avg_score: 0.7099395990371704
median_score: 0.7113951444625854
std_score: 0.015531918033957481
percentiles: 2%=0.6692832112312317, 5%=0.6720460057258606, 10%=0.6963881850242615, 25%=0.7070397138595581, 50%=0.7113951444625854, 75%=0.7197651267051697, 90%=0.7246943116188049, 95%=0.732345461845398, 98%=0.732913613319397
ranking_best_algo: CMApara
ranking_best_score: 0.707475975
ranking_my_rank: 1/504 (100.0%)
ranking_my_percent: 100.0
