ConfigName: kjsd__advperagentrankweighted__M3__L18__eps0p005__g0p0005__ds0p1__dm0p05
Problem: NK
Kernel: jsd
Advantage: peragentrankweighted
M: 3
lambda: 18
epsilon_svgd: 0.005
gamma: 0.0005
decay_start_ratio: 0.1
decay_min_factor: 0.05
bandwith_kernel: None
no_interact: False
avg_score: 0.738517165184021
median_score: 0.7379224896430969
std_score: 0.01449526660144329
percentiles: 2%=0.7120541334152222, 5%=0.7165389657020569, 10%=0.7208486795425415, 25%=0.7294511795043945, 50%=0.7379224896430969, 75%=0.747100293636322, 90%=0.7588815689086914, 95%=0.7624661326408386, 98%=0.7657912373542786
ranking_best_algo: Tabu
ranking_best_score: 0.7601875690625
ranking_my_rank: 19/504 (96.4%)
ranking_my_percent: 96.42857142857143
