ConfigName: kfr__advglobalrankweighted__M4__L5__eps0p01__g0p007__ds0p01__dm0p01
Problem: NK
Kernel: fr
Advantage: globalrankweighted
M: 4
lambda: 5
epsilon_svgd: 0.01
gamma: 0.007
decay_start_ratio: 0.01
decay_min_factor: 0.01
bandwith_kernel: None
no_interact: False
avg_score: 0.7561154961585999
median_score: 0.7550078630447388
std_score: 0.012561541050672531
percentiles: 2%=0.7303316593170166, 5%=0.732944905757904, 10%=0.7401711940765381, 25%=0.7478993535041809, 50%=0.7550078630447388, 75%=0.76622074842453, 90%=0.7716435790061951, 95%=0.7752427458763123, 98%=0.7796220779418945
ranking_best_algo: Tabu
ranking_best_score: 0.7657846284375001
ranking_my_rank: 3/504 (99.6%)
ranking_my_percent: 99.60317460317461
