ConfigName: kjsd__advperagentrankweighted__M3__L20__eps0p005__g0p001__ds0p1__dm0p1
Problem: QUBO
Kernel: jsd
Advantage: peragentrankweighted
M: 3
lambda: 20
epsilon_svgd: 0.005
gamma: 0.001
decay_start_ratio: 0.1
decay_min_factor: 0.1
bandwith_kernel: None
no_interact: False
avg_score: -2542.8798828125
median_score: -2551.5
std_score: 113.72433471679688
percentiles: 2%=-2744.840087890625, 5%=-2710.050048828125, 10%=-2688.0, 25%=-2613.75, 50%=-2551.5, 75%=-2465.0, 90%=-2396.0, 95%=-2353.60009765625, 98%=-2295.840087890625
ranking_best_algo: SVM1MetaModelLogNormal
ranking_best_score: 2605.14
ranking_my_rank: 43/504 (91.7%)
ranking_my_percent: 91.66666666666667
