ConfigName: krbf__advnormalizedfitness__M2__L8__eps0p033__g0p01__ds0p15__dm0p01
Problem: QUBO
Kernel: rbf
Advantage: normalizedfitness
M: 2
lambda: 8
epsilon_svgd: 0.033
gamma: 0.01
decay_start_ratio: 0.15
decay_min_factor: 0.01
bandwith_kernel: None
no_interact: False
avg_score: -1284.239990234375
median_score: -1283.0
std_score: 60.78850555419922
percentiles: 2%=-1415.0400390625, 5%=-1388.0, 10%=-1361.4000244140625, 25%=-1323.25, 50%=-1283.0, 75%=-1238.0, 90%=-1202.800048828125, 95%=-1190.9000244140625, 98%=-1166.9200439453125
ranking_best_algo: BigLognormalDiscreteOnePlusOne
ranking_best_score: 1301.3600000000004
ranking_my_rank: 5/504 (99.2%)
ranking_my_percent: 99.2063492063492
