ConfigName: krbf__advnormalizedfitness__M3__L8__eps0p025__g0p01__ds0p3__dm0p01
Problem: NK
Kernel: rbf
Advantage: normalizedfitness
M: 3
lambda: 8
epsilon_svgd: 0.025
gamma: 0.01
decay_start_ratio: 0.3
decay_min_factor: 0.01
bandwith_kernel: None
no_interact: False
avg_score: 0.7367103099822998
median_score: 0.7388701438903809
std_score: 0.009519277140498161
percentiles: 2%=0.7152597308158875, 5%=0.7180787324905396, 10%=0.7208613753318787, 25%=0.7312831282615662, 50%=0.7388701438903809, 75%=0.7429912686347961, 90%=0.7468883991241455, 95%=0.7507967352867126, 98%=0.7519723773002625
ranking_best_algo: PBIL
ranking_best_score: 0.730509098125
ranking_my_rank: 1/504 (100.0%)
ranking_my_percent: 100.0
