ConfigName: kfr__advglobalrankweighted__M4__L9__eps0p02__g0p003__ds0p01__dm0p01
Problem: QUBO
Kernel: fr
Advantage: globalrankweighted
M: 4
lambda: 9
epsilon_svgd: 0.02
gamma: 0.003
decay_start_ratio: 0.01
decay_min_factor: 0.01
bandwith_kernel: None
no_interact: False
avg_score: -200.55999755859375
median_score: -202.0
std_score: 12.685677528381348
percentiles: 2%=-224.0, 5%=-222.0, 10%=-215.5, 25%=-207.0, 50%=-202.0, 75%=-194.5, 90%=-181.89999389648438, 95%=-178.0, 98%=-172.97999572753906
ranking_best_algo: Tabu
ranking_best_score: 208.36000000000004
ranking_my_rank: 46/504 (91.1%)
ranking_my_percent: 91.07142857142857
