ConfigName: krbf__advnormalizedfitness__M3__L12__eps0p025__g0p01__ds0p15__dm0p01
Problem: NK
Kernel: rbf
Advantage: normalizedfitness
M: 3
lambda: 12
epsilon_svgd: 0.025
gamma: 0.01
decay_start_ratio: 0.15
decay_min_factor: 0.01
bandwith_kernel: None
no_interact: False
avg_score: 0.7526391744613647
median_score: 0.7539867162704468
std_score: 0.013457280583679676
percentiles: 2%=0.7235919833183289, 5%=0.7311751842498779, 10%=0.7335113286972046, 25%=0.7458279132843018, 50%=0.7539867162704468, 75%=0.7596685886383057, 90%=0.7702602744102478, 95%=0.7743282914161682, 98%=0.7825085520744324
ranking_best_algo: Tabu
ranking_best_score: 0.7657846284375001
ranking_my_rank: 10/504 (98.2%)
ranking_my_percent: 98.21428571428571
