ConfigName: krbf__advnormalizedfitness__M4__L15__eps0p025__g0p01__ds0p15__dm0p01
Problem: NK
Kernel: rbf
Advantage: normalizedfitness
M: 4
lambda: 15
epsilon_svgd: 0.025
gamma: 0.01
decay_start_ratio: 0.15
decay_min_factor: 0.01
bandwith_kernel: None
no_interact: False
avg_score: 0.7129898071289062
median_score: 0.7125836610794067
std_score: 0.010664954781532288
percentiles: 2%=0.6912338733673096, 5%=0.6933326125144958, 10%=0.6991251111030579, 25%=0.7059683203697205, 50%=0.7125836610794067, 75%=0.7207677364349365, 90%=0.7260509133338928, 95%=0.7295567393302917, 98%=0.733784556388855
ranking_best_algo: PBIL
ranking_best_score: 0.7248786399609374
ranking_my_rank: 52/504 (89.9%)
ranking_my_percent: 89.88095238095238
