ConfigName: krbf__advnormalizedfitness__M3__L8__eps0p02__g0p005__ds0p15__dm0p05
Problem: QUBO
Kernel: rbf
Advantage: normalizedfitness
M: 3
lambda: 8
epsilon_svgd: 0.02
gamma: 0.005
decay_start_ratio: 0.15
decay_min_factor: 0.05
bandwith_kernel: None
no_interact: False
avg_score: -424.1199951171875
median_score: -424.5
std_score: 26.60424041748047
percentiles: 2%=-477.0, 5%=-465.29998779296875, 10%=-461.0, 25%=-439.5, 50%=-424.5, 75%=-409.0, 90%=-388.8999938964844, 95%=-381.95001220703125, 98%=-359.9599914550781
ranking_best_algo: CMAL3
ranking_best_score: 435.36
ranking_my_rank: 31/504 (94.0%)
ranking_my_percent: 94.04761904761905
