ConfigName: krbf__advnormalizedfitness__M3__L15__eps0p033__g0p015__ds0p15__dm0p01
Problem: QUBO
Kernel: rbf
Advantage: normalizedfitness
M: 3
lambda: 15
epsilon_svgd: 0.033
gamma: 0.015
decay_start_ratio: 0.15
decay_min_factor: 0.01
bandwith_kernel: None
no_interact: False
avg_score: -140.6999969482422
median_score: -141.0
std_score: 10.586311340332031
percentiles: 2%=-159.0, 5%=-158.0, 10%=-156.0, 25%=-146.0, 50%=-141.0, 75%=-132.0, 90%=-127.0, 95%=-125.0, 98%=-122.93998718261719
ranking_best_algo: DiscreteDE
ranking_best_score: 143.4
ranking_my_rank: 77/504 (84.9%)
ranking_my_percent: 84.92063492063492
