ConfigName: kjsd__advperagentrankweighted__M3__L16__eps0p007__g0p001__ds0p2__dm0p1
Problem: QUBO
Kernel: jsd
Advantage: peragentrankweighted
M: 3
lambda: 16
epsilon_svgd: 0.007
gamma: 0.001
decay_start_ratio: 0.2
decay_min_factor: 0.1
bandwith_kernel: None
no_interact: False
avg_score: -578.6599731445312
median_score: -580.0
std_score: 26.656414031982422
percentiles: 2%=-633.0399780273438, 5%=-627.2000122070312, 10%=-611.5, 25%=-595.0, 50%=-580.0, 75%=-562.25, 90%=-541.9000244140625, 95%=-537.9000244140625, 98%=-528.9600219726562
ranking_best_algo: Tabu
ranking_best_score: 588.7199999999999
ranking_my_rank: 41/503 (92.0%)
ranking_my_percent: 92.04771371769384
