ConfigName: kjsd__advperagentrankweighted__M4__L30__eps0p01__g0p0003__ds0p05__dm0p05
Problem: QUBO
Kernel: jsd
Advantage: peragentrankweighted
M: 4
lambda: 30
epsilon_svgd: 0.01
gamma: 0.0003
decay_start_ratio: 0.05
decay_min_factor: 0.05
bandwith_kernel: None
no_interact: False
avg_score: -414.3599853515625
median_score: -413.5
std_score: 23.514896392822266
percentiles: 2%=-455.239990234375, 5%=-454.04998779296875, 10%=-446.1000061035156, 25%=-430.0, 50%=-413.5, 75%=-396.0, 90%=-385.79998779296875, 95%=-377.8500061035156, 98%=-369.8399963378906
ranking_best_algo: Tabu
ranking_best_score: 438.12
ranking_my_rank: 55/504 (89.3%)
ranking_my_percent: 89.28571428571429
