ConfigName: kjsd__advperagentrankweighted__M3__L24__eps0p007__g0p001__ds0p1__dm0p1
Problem: QUBO
Kernel: jsd
Advantage: peragentrankweighted
M: 3
lambda: 24
epsilon_svgd: 0.007
gamma: 0.001
decay_start_ratio: 0.1
decay_min_factor: 0.1
bandwith_kernel: None
no_interact: False
avg_score: -199.24000549316406
median_score: -199.0
std_score: 12.708359718322754
percentiles: 2%=-224.0, 5%=-222.0, 10%=-216.1999969482422, 25%=-207.5, 50%=-199.0, 75%=-189.75, 90%=-181.89999389648438, 95%=-179.85000610351562, 98%=-174.0
ranking_best_algo: Tabu
ranking_best_score: 208.36000000000004
ranking_my_rank: 86/504 (83.1%)
ranking_my_percent: 83.13492063492063
