ConfigName: kjsd__advperagentrankweighted__M6__L24__eps0p005__g0p0005__ds0p05__dm0p05
Problem: QUBO
Kernel: jsd
Advantage: peragentrankweighted
M: 6
lambda: 24
epsilon_svgd: 0.005
gamma: 0.0005
decay_start_ratio: 0.05
decay_min_factor: 0.05
bandwith_kernel: None
no_interact: False
avg_score: -2315.1201171875
median_score: -2296.5
std_score: 162.01156616210938
percentiles: 2%=-2627.239990234375, 5%=-2560.0, 10%=-2513.800048828125, 25%=-2445.5, 50%=-2296.5, 75%=-2214.25, 90%=-2101.89990234375, 95%=-2082.0, 98%=-1992.5400390625
ranking_best_algo: SVM1MetaModelLogNormal
ranking_best_score: 2605.14
ranking_my_rank: 153/504 (69.8%)
ranking_my_percent: 69.84126984126983
