ConfigName: kjsd__advperagentrankweighted__M4__L24__eps0p02__g0p0003__ds0p05__dm0p05
Problem: NK
Kernel: jsd
Advantage: peragentrankweighted
M: 4
lambda: 24
epsilon_svgd: 0.02
gamma: 0.0003
decay_start_ratio: 0.05
decay_min_factor: 0.05
bandwith_kernel: None
no_interact: False
avg_score: 0.7407175302505493
median_score: 0.7385658621788025
std_score: 0.02886446751654148
percentiles: 2%=0.6932584047317505, 5%=0.7018749713897705, 10%=0.7095816731452942, 25%=0.7206048965454102, 50%=0.7385658621788025, 75%=0.7573025822639465, 90%=0.7767289876937866, 95%=0.8045625686645508, 98%=0.8118547797203064
ranking_best_algo: CMApara
ranking_best_score: 0.7459277895312499
ranking_my_rank: 42/504 (91.9%)
ranking_my_percent: 91.86507936507937
