ConfigName: kjsd__advperagentrankweighted__M4__L20__eps0p005__g0p001__ds0p1__dm0p1
Problem: QUBO
Kernel: jsd
Advantage: peragentrankweighted
M: 4
lambda: 20
epsilon_svgd: 0.005
gamma: 0.001
decay_start_ratio: 0.1
decay_min_factor: 0.1
bandwith_kernel: None
no_interact: False
avg_score: -444.32000732421875
median_score: -444.0
std_score: 23.89095115661621
percentiles: 2%=-487.0, 5%=-481.0, 10%=-472.0, 25%=-461.0, 50%=-444.0, 75%=-428.5, 90%=-408.70001220703125, 95%=-401.8999938964844, 98%=-393.9800109863281
ranking_best_algo: CMApara
ranking_best_score: 453.82
ranking_my_rank: 6/504 (99.0%)
ranking_my_percent: 99.0079365079365
