ConfigName: kjsd__advperagentrankweighted__M4__L24__eps0p01__g0p0007__ds0p2__dm0p05
Problem: NK
Kernel: jsd
Advantage: peragentrankweighted
M: 4
lambda: 24
epsilon_svgd: 0.01
gamma: 0.0007
decay_start_ratio: 0.2
decay_min_factor: 0.05
bandwith_kernel: None
no_interact: False
avg_score: 0.754065990447998
median_score: 0.7545866370201111
std_score: 0.013291736133396626
percentiles: 2%=0.7269694209098816, 5%=0.7321211099624634, 10%=0.7388830780982971, 25%=0.7438412308692932, 50%=0.7545866370201111, 75%=0.7638354897499084, 90%=0.7707402110099792, 95%=0.7738913297653198, 98%=0.7824806571006775
ranking_best_algo: Tabu
ranking_best_score: 0.7657846284375001
ranking_my_rank: 7/504 (98.8%)
ranking_my_percent: 98.80952380952381
