ConfigName: krbf__advnormalizedfitness__M1__L8__eps0p015__g0p015__ds0p3__dm0p01
Problem: QUBO
Kernel: rbf
Advantage: normalizedfitness
M: 1
lambda: 8
epsilon_svgd: 0.015
gamma: 0.015
decay_start_ratio: 0.3
decay_min_factor: 0.01
bandwith_kernel: None
no_interact: False
avg_score: -418.239990234375
median_score: -420.5
std_score: 35.250282287597656
percentiles: 2%=-477.0400085449219, 5%=-469.29998779296875, 10%=-455.20001220703125, 25%=-440.0, 50%=-420.5, 75%=-398.0, 90%=-385.0, 95%=-378.15008544921875, 98%=-341.7999572753906
ranking_best_algo: CMAL3
ranking_best_score: 435.36
ranking_my_rank: 97/504 (81.0%)
ranking_my_percent: 80.95238095238095
