ConfigName: kjsd__advperagentrankweighted__M4__L8__eps0p005__g0p0007__ds0p05__dm0p2
Problem: QUBO
Kernel: jsd
Advantage: peragentrankweighted
M: 4
lambda: 8
epsilon_svgd: 0.005
gamma: 0.0007
decay_start_ratio: 0.05
decay_min_factor: 0.2
bandwith_kernel: None
no_interact: False
avg_score: -932.9199829101562
median_score: -941.0
std_score: 66.7920150756836
percentiles: 2%=-1048.56005859375, 5%=-1039.1500244140625, 10%=-1016.0999755859375, 25%=-982.75, 50%=-941.0, 75%=-876.25, 90%=-836.7999877929688, 95%=-820.8499755859375, 98%=-808.9199829101562
ranking_best_algo: CMApara
ranking_best_score: 964.9
ranking_my_rank: 19/504 (96.4%)
ranking_my_percent: 96.42857142857143
