ConfigName: krbf__advnormalizedfitness__M4__L24__eps0p02__g0p005__ds0p15__dm0p05
Problem: QUBO
Kernel: rbf
Advantage: normalizedfitness
M: 4
lambda: 24
epsilon_svgd: 0.02
gamma: 0.005
decay_start_ratio: 0.15
decay_min_factor: 0.05
bandwith_kernel: None
no_interact: False
avg_score: -863.7999877929688
median_score: -853.5
std_score: 77.29695129394531
percentiles: 2%=-1028.1600341796875, 5%=-995.5, 10%=-965.7999877929688, 25%=-924.0, 50%=-853.5, 75%=-800.0, 90%=-770.9000244140625, 95%=-756.2999877929688, 98%=-732.9199829101562
ranking_best_algo: CMApara
ranking_best_score: 964.9
ranking_my_rank: 246/504 (51.4%)
ranking_my_percent: 51.388888888888886
