ConfigName: krbf__advnormalizedfitness__M2__L8__eps0p025__g0p007__ds0p15__dm0p3
Problem: QUBO
Kernel: rbf
Advantage: normalizedfitness
M: 2
lambda: 8
epsilon_svgd: 0.025
gamma: 0.007
decay_start_ratio: 0.15
decay_min_factor: 0.3
bandwith_kernel: None
no_interact: False
avg_score: -325.4599914550781
median_score: -327.0
std_score: 26.50261116027832
percentiles: 2%=-372.0, 5%=-372.0, 10%=-354.70001220703125, 25%=-342.25, 50%=-327.0, 75%=-306.0, 90%=-286.0, 95%=-279.95001220703125, 98%=-277.9200134277344
ranking_best_algo: CMApara
ranking_best_score: 344.22
ranking_my_rank: 118/504 (76.8%)
ranking_my_percent: 76.78571428571429
