ConfigName: kjsd__advperagentrankweighted__M4__L8__eps0p006__g0p0005__ds0p05__dm0p05
Problem: NK
Kernel: jsd
Advantage: peragentrankweighted
M: 4
lambda: 8
epsilon_svgd: 0.006
gamma: 0.0005
decay_start_ratio: 0.05
decay_min_factor: 0.05
bandwith_kernel: None
no_interact: False
avg_score: 0.7305906414985657
median_score: 0.7293509244918823
std_score: 0.010037093423306942
percentiles: 2%=0.7123035788536072, 5%=0.7154655456542969, 10%=0.719541072845459, 25%=0.7233741283416748, 50%=0.7293509244918823, 75%=0.7381067276000977, 90%=0.7436103820800781, 95%=0.7464088201522827, 98%=0.7528398036956787
ranking_best_algo: Tabu
ranking_best_score: 0.7429702712499999
ranking_my_rank: 2/504 (99.8%)
ranking_my_percent: 99.8015873015873
