ConfigName: krbf__advnormalizedfitness__M3__L15__eps0p025__g0p01__ds0p01__dm0p3
Problem: QUBO
Kernel: rbf
Advantage: normalizedfitness
M: 3
lambda: 15
epsilon_svgd: 0.025
gamma: 0.01
decay_start_ratio: 0.01
decay_min_factor: 0.3
bandwith_kernel: None
no_interact: False
avg_score: -897.6799926757812
median_score: -897.0
std_score: 78.26492309570312
percentiles: 2%=-1054.239990234375, 5%=-1028.800048828125, 10%=-1006.2999877929688, 25%=-951.75, 50%=-897.0, 75%=-842.75, 90%=-802.2000122070312, 95%=-784.300048828125, 98%=-762.5599365234375
ranking_best_algo: CMApara
ranking_best_score: 964.9
ranking_my_rank: 156/504 (69.2%)
ranking_my_percent: 69.24603174603175
