ConfigName: kjsd__advperagentrankweighted__M5__L8__eps0p005__g0p0007__ds0p4__dm0p05
Problem: NK
Kernel: jsd
Advantage: peragentrankweighted
M: 5
lambda: 8
epsilon_svgd: 0.005
gamma: 0.0007
decay_start_ratio: 0.4
decay_min_factor: 0.05
bandwith_kernel: None
no_interact: False
avg_score: 0.7349101305007935
median_score: 0.7363142371177673
std_score: 0.008667131885886192
percentiles: 2%=0.7163366079330444, 5%=0.719126284122467, 10%=0.7219915390014648, 25%=0.7291349172592163, 50%=0.7363142371177673, 75%=0.7422106862068176, 90%=0.7445752024650574, 95%=0.7469558715820312, 98%=0.7483378052711487
ranking_best_algo: PBIL
ranking_best_score: 0.7248786399609374
ranking_my_rank: 1/504 (100.0%)
ranking_my_percent: 100.0
