ConfigName: kjsd__advperagentrankweighted__M3__L16__eps0p005__g0p0005__ds0p1__dm0p05
Problem: QUBO
Kernel: jsd
Advantage: peragentrankweighted
M: 3
lambda: 16
epsilon_svgd: 0.005
gamma: 0.0005
decay_start_ratio: 0.1
decay_min_factor: 0.05
bandwith_kernel: None
no_interact: False
avg_score: -197.4199981689453
median_score: -200.5
std_score: 12.908276557922363
percentiles: 2%=-218.0, 5%=-215.0500030517578, 10%=-215.0, 25%=-207.0, 50%=-200.5, 75%=-186.75, 90%=-181.89999389648438, 95%=-176.0, 98%=-167.97999572753906
ranking_best_algo: Tabu
ranking_best_score: 208.36000000000004
ranking_my_rank: 115/504 (77.4%)
ranking_my_percent: 77.38095238095238
