ConfigName: kjsd__advperagentrankweighted__M6__L10__eps0p02__g0p0007__ds0p2__dm0p05
Problem: NK
Kernel: jsd
Advantage: peragentrankweighted
M: 6
lambda: 10
epsilon_svgd: 0.02
gamma: 0.0007
decay_start_ratio: 0.2
decay_min_factor: 0.05
bandwith_kernel: None
no_interact: False
avg_score: 0.7541924118995667
median_score: 0.7543373107910156
std_score: 0.012533784843981266
percentiles: 2%=0.7291422486305237, 5%=0.7346019744873047, 10%=0.7365339398384094, 25%=0.7464205026626587, 50%=0.7543373107910156, 75%=0.7597454786300659, 90%=0.771084725856781, 95%=0.7775159478187561, 98%=0.7826229333877563
ranking_best_algo: Tabu
ranking_best_score: 0.7470791764843752
ranking_my_rank: 1/504 (100.0%)
ranking_my_percent: 100.0
