ConfigName: krbf__advnormalizedfitness__M1__L8__eps0p015__g0p01__ds0p01__dm0p01
Problem: NK
Kernel: rbf
Advantage: normalizedfitness
M: 1
lambda: 8
epsilon_svgd: 0.015
gamma: 0.01
decay_start_ratio: 0.01
decay_min_factor: 0.01
bandwith_kernel: None
no_interact: False
avg_score: 0.7066457271575928
median_score: 0.7091689109802246
std_score: 0.015614686533808708
percentiles: 2%=0.6674447655677795, 5%=0.6702462434768677, 10%=0.6880123615264893, 25%=0.700748085975647, 50%=0.7091689109802246, 75%=0.7161182165145874, 90%=0.7245122194290161, 95%=0.7292748093605042, 98%=0.7316445112228394
ranking_best_algo: CMApara
ranking_best_score: 0.707475975
ranking_my_rank: 2/504 (99.8%)
ranking_my_percent: 99.8015873015873
