ConfigName: kjsd__advperagentrankweighted__M3__L16__eps0p005__g0p0007__ds0p05__dm0p2
Problem: QUBO
Kernel: jsd
Advantage: peragentrankweighted
M: 3
lambda: 16
epsilon_svgd: 0.005
gamma: 0.0007
decay_start_ratio: 0.05
decay_min_factor: 0.2
bandwith_kernel: None
no_interact: False
avg_score: -309.239990234375
median_score: -310.0
std_score: 40.25596237182617
percentiles: 2%=-392.0799865722656, 5%=-382.20001220703125, 10%=-356.20001220703125, 25%=-340.5, 50%=-310.0, 75%=-272.0, 90%=-265.79998779296875, 95%=-255.89999389648438, 98%=-247.97999572753906
ranking_best_algo: CMApara
ranking_best_score: 319.29999999999995
ranking_my_rank: 81/504 (84.1%)
ranking_my_percent: 84.12698412698413
