ConfigName: krbf__advnormalizedfitness__M3__L8__eps0p033__g0p01__ds0p15__dm0p3
Problem: QUBO
Kernel: rbf
Advantage: normalizedfitness
M: 3
lambda: 8
epsilon_svgd: 0.033
gamma: 0.01
decay_start_ratio: 0.15
decay_min_factor: 0.3
bandwith_kernel: None
no_interact: False
avg_score: -424.3599853515625
median_score: -423.0
std_score: 27.763832092285156
percentiles: 2%=-479.1199951171875, 5%=-471.1000061035156, 10%=-462.1000061035156, 25%=-439.75, 50%=-423.0, 75%=-404.5, 90%=-389.0, 95%=-386.95001220703125, 98%=-377.59991455078125
ranking_best_algo: CMAL3
ranking_best_score: 435.36
ranking_my_rank: 30/504 (94.2%)
ranking_my_percent: 94.24603174603175
