ConfigName: krbf__advnormalizedfitness__M2__L8__eps0p025__g0p01__ds0p15__dm0p01
Problem: NK
Kernel: rbf
Advantage: normalizedfitness
M: 2
lambda: 8
epsilon_svgd: 0.025
gamma: 0.01
decay_start_ratio: 0.15
decay_min_factor: 0.01
bandwith_kernel: None
no_interact: False
avg_score: 0.7364010810852051
median_score: 0.7378264665603638
std_score: 0.008887410163879395
percentiles: 2%=0.7168610692024231, 5%=0.7194234132766724, 10%=0.7230962514877319, 25%=0.7315096855163574, 50%=0.7378264665603638, 75%=0.7425535321235657, 90%=0.7458804249763489, 95%=0.747515857219696, 98%=0.7527455687522888
ranking_best_algo: PBIL
ranking_best_score: 0.730509098125
ranking_my_rank: 1/504 (100.0%)
ranking_my_percent: 100.0
