ConfigName: krbf__advnormalizedfitness__M1__L8__eps0p015__g0p007__ds0p3__dm0p01
Problem: QUBO
Kernel: rbf
Advantage: normalizedfitness
M: 1
lambda: 8
epsilon_svgd: 0.015
gamma: 0.007
decay_start_ratio: 0.3
decay_min_factor: 0.01
bandwith_kernel: None
no_interact: False
avg_score: -394.70001220703125
median_score: -391.0
std_score: 36.541893005371094
percentiles: 2%=-461.239990234375, 5%=-446.3500061035156, 10%=-437.0, 25%=-420.0, 50%=-391.0, 75%=-374.0, 90%=-362.0, 95%=-355.60003662109375, 98%=-341.679931640625
ranking_best_algo: Tabu
ranking_best_score: 438.12
ranking_my_rank: 237/504 (53.2%)
ranking_my_percent: 53.17460317460318
