ConfigName: kjsd__advperagentrankweighted__M5__L12__eps0p03__g0p0003__ds0p05__dm0p05
Problem: NK
Kernel: jsd
Advantage: peragentrankweighted
M: 5
lambda: 12
epsilon_svgd: 0.03
gamma: 0.0003
decay_start_ratio: 0.05
decay_min_factor: 0.05
bandwith_kernel: None
no_interact: False
avg_score: 0.72150057554245
median_score: 0.7205567359924316
std_score: 0.013340468518435955
percentiles: 2%=0.6995052099227905, 5%=0.702465832233429, 10%=0.7053350210189819, 25%=0.712533175945282, 50%=0.7205567359924316, 75%=0.731072723865509, 90%=0.7381038069725037, 95%=0.7435216307640076, 98%=0.7491627335548401
ranking_best_algo: Tabu
ranking_best_score: 0.7601875690625
ranking_my_rank: 132/504 (74.0%)
ranking_my_percent: 74.0079365079365
