ConfigName: krbf__advnormalizedfitness__M3__L10__eps0p025__g0p015__ds0p15__dm0p3
Problem: QUBO
Kernel: rbf
Advantage: normalizedfitness
M: 3
lambda: 10
epsilon_svgd: 0.025
gamma: 0.015
decay_start_ratio: 0.15
decay_min_factor: 0.3
bandwith_kernel: None
no_interact: False
avg_score: -424.6000061035156
median_score: -427.5
std_score: 30.434850692749023
percentiles: 2%=-473.0199890136719, 5%=-471.04998779296875, 10%=-463.1000061035156, 25%=-449.0, 50%=-427.5, 75%=-399.5, 90%=-380.0, 95%=-375.95001220703125, 98%=-368.8599853515625
ranking_best_algo: CMApara
ranking_best_score: 453.82
ranking_my_rank: 124/504 (75.6%)
ranking_my_percent: 75.5952380952381
