ConfigName: krbf__advnormalizedfitness__M4__L15__eps0p033__g0p007__ds0p15__dm0p01
Problem: NK
Kernel: rbf
Advantage: normalizedfitness
M: 4
lambda: 15
epsilon_svgd: 0.033
gamma: 0.007
decay_start_ratio: 0.15
decay_min_factor: 0.01
bandwith_kernel: None
no_interact: False
avg_score: 0.7058959007263184
median_score: 0.7067049145698547
std_score: 0.01198351476341486
percentiles: 2%=0.6869536638259888, 5%=0.6878409385681152, 10%=0.6903823614120483, 25%=0.6946945190429688, 50%=0.7067049145698547, 75%=0.7165147066116333, 90%=0.7207755446434021, 95%=0.7239444255828857, 98%=0.724343478679657
ranking_best_algo: PBIL
ranking_best_score: 0.7013553837109374
ranking_my_rank: 1/504 (100.0%)
ranking_my_percent: 100.0
