ConfigName: kjsd__advperagentrankweighted__M4__L8__eps0p005__g0p0007__ds0p05__dm0p05
Problem: QUBO
Kernel: jsd
Advantage: peragentrankweighted
M: 4
lambda: 8
epsilon_svgd: 0.005
gamma: 0.0007
decay_start_ratio: 0.05
decay_min_factor: 0.05
bandwith_kernel: None
no_interact: False
avg_score: -2639.93994140625
median_score: -2633.5
std_score: 127.86835479736328
percentiles: 2%=-2871.0400390625, 5%=-2843.050048828125, 10%=-2801.0, 25%=-2730.75, 50%=-2633.5, 75%=-2549.0, 90%=-2474.10009765625, 95%=-2413.699951171875, 98%=-2377.93994140625
ranking_best_algo: DiscreteLengler2OnePlusOne
ranking_best_score: 2617.04
ranking_my_rank: 1/504 (100.0%)
ranking_my_percent: 100.0
