ConfigName: kjsd__advperagentrankweighted__M3__L30__eps0p005__g0p0005__ds0p1__dm0p2
Problem: NK
Kernel: jsd
Advantage: peragentrankweighted
M: 3
lambda: 30
epsilon_svgd: 0.005
gamma: 0.0005
decay_start_ratio: 0.1
decay_min_factor: 0.2
bandwith_kernel: None
no_interact: False
avg_score: 0.7358384728431702
median_score: 0.7376158237457275
std_score: 0.008809761144220829
percentiles: 2%=0.7154481410980225, 5%=0.7200477719306946, 10%=0.7230526208877563, 25%=0.7290216684341431, 50%=0.7376158237457275, 75%=0.7432793974876404, 90%=0.7453449964523315, 95%=0.7457959651947021, 98%=0.748180627822876
ranking_best_algo: PBIL
ranking_best_score: 0.7248786399609374
ranking_my_rank: 1/504 (100.0%)
ranking_my_percent: 100.0
