ConfigName: kjsd__advperagentrankweighted__M3__L30__eps0p005__g0p001__ds0p1__dm0p1
Problem: QUBO
Kernel: jsd
Advantage: peragentrankweighted
M: 3
lambda: 30
epsilon_svgd: 0.005
gamma: 0.001
decay_start_ratio: 0.1
decay_min_factor: 0.1
bandwith_kernel: None
no_interact: False
avg_score: -311.29998779296875
median_score: -316.0
std_score: 38.32374954223633
percentiles: 2%=-394.0799865722656, 5%=-386.1000061035156, 10%=-357.3999938964844, 25%=-334.5, 50%=-316.0, 75%=-276.0, 90%=-264.8999938964844, 95%=-262.95001220703125, 98%=-257.9599914550781
ranking_best_algo: CMApara
ranking_best_score: 319.29999999999995
ranking_my_rank: 39/504 (92.5%)
ranking_my_percent: 92.46031746031746
