ConfigName: krbf__advnormalizedfitness__M3__L8__eps0p015__g0p01__ds0p15__dm0p3
Problem: NK
Kernel: rbf
Advantage: normalizedfitness
M: 3
lambda: 8
epsilon_svgd: 0.015
gamma: 0.01
decay_start_ratio: 0.15
decay_min_factor: 0.3
bandwith_kernel: None
no_interact: False
avg_score: 0.5797165036201477
median_score: 0.5782802104949951
std_score: 0.006792223080992699
percentiles: 2%=0.5682092905044556, 5%=0.5706009864807129, 10%=0.5720135569572449, 25%=0.575275719165802, 50%=0.5782802104949951, 75%=0.5829184651374817, 90%=0.5887851715087891, 95%=0.594357430934906, 98%=0.5969967246055603
ranking_best_algo: PBIL
ranking_best_score: 0.7170882103515624
ranking_my_rank: 385/504 (23.8%)
ranking_my_percent: 23.80952380952381
