ConfigName: krbf__advnormalizedfitness__M4__L8__eps0p033__g0p01__ds0p15__dm0p01
Problem: NK
Kernel: rbf
Advantage: normalizedfitness
M: 4
lambda: 8
epsilon_svgd: 0.033
gamma: 0.01
decay_start_ratio: 0.15
decay_min_factor: 0.01
bandwith_kernel: None
no_interact: False
avg_score: 0.7376828789710999
median_score: 0.7387818098068237
std_score: 0.008754033595323563
percentiles: 2%=0.7204822897911072, 5%=0.7225518822669983, 10%=0.7238505482673645, 25%=0.732791006565094, 50%=0.7387818098068237, 75%=0.7445116639137268, 90%=0.7466850280761719, 95%=0.7495622038841248, 98%=0.7511172890663147
ranking_best_algo: PBIL
ranking_best_score: 0.730509098125
ranking_my_rank: 1/504 (100.0%)
ranking_my_percent: 100.0
