ConfigName: krbf__advglobalrankweighted__M4__L10__eps0p02__g0p003__ds0p01__dm0p01
Problem: QUBO
Kernel: rbf
Advantage: globalrankweighted
M: 4
lambda: 10
epsilon_svgd: 0.02
gamma: 0.003
decay_start_ratio: 0.01
decay_min_factor: 0.01
bandwith_kernel: None
no_interact: False
avg_score: -139.3800048828125
median_score: -141.0
std_score: 11.517621040344238
percentiles: 2%=-159.0399932861328, 5%=-158.0, 10%=-156.0, 25%=-146.0, 50%=-141.0, 75%=-131.0, 90%=-125.0, 95%=-123.0, 98%=-114.79995727539062
ranking_best_algo: DiscreteDE
ranking_best_score: 143.4
ranking_my_rank: 85/504 (83.3%)
ranking_my_percent: 83.33333333333333
