ConfigName: krbf__advnormalizedfitness__M3__L15__eps0p03__g0p01__ds0p15__dm0p05
Problem: NK
Kernel: rbf
Advantage: normalizedfitness
M: 3
lambda: 15
epsilon_svgd: 0.03
gamma: 0.01
decay_start_ratio: 0.15
decay_min_factor: 0.05
bandwith_kernel: None
no_interact: False
avg_score: 0.7444728016853333
median_score: 0.741506814956665
std_score: 0.027663450688123703
percentiles: 2%=0.702021062374115, 5%=0.705616295337677, 10%=0.7105064988136292, 25%=0.7226963043212891, 50%=0.741506814956665, 75%=0.7580187320709229, 90%=0.7783373594284058, 95%=0.8044298887252808, 98%=0.8044298887252808
ranking_best_algo: CMApara
ranking_best_score: 0.7459277895312499
ranking_my_rank: 3/504 (99.6%)
ranking_my_percent: 99.60317460317461
