ConfigName: kfr__advglobalrankweighted__M4__L5__eps0p01__g0p005__ds0p01__dm0p01
Problem: QUBO
Kernel: fr
Advantage: globalrankweighted
M: 4
lambda: 5
epsilon_svgd: 0.01
gamma: 0.005
decay_start_ratio: 0.01
decay_min_factor: 0.01
bandwith_kernel: None
no_interact: False
avg_score: -931.6199951171875
median_score: -933.0
std_score: 68.91324615478516
percentiles: 2%=-1076.0400390625, 5%=-1066.199951171875, 10%=-1021.5, 25%=-970.75, 50%=-933.0, 75%=-879.0, 90%=-848.5999755859375, 95%=-820.75, 98%=-808.719970703125
ranking_best_algo: CMApara
ranking_best_score: 964.9
ranking_my_rank: 19/504 (96.4%)
ranking_my_percent: 96.42857142857143
