ConfigName: kfr__advglobalrankweighted__M4__L5__eps0p01__g0p005__ds0p01__dm0p01
Problem: QUBO
Kernel: fr
Advantage: globalrankweighted
M: 4
lambda: 5
epsilon_svgd: 0.01
gamma: 0.005
decay_start_ratio: 0.01
decay_min_factor: 0.01
bandwith_kernel: None
no_interact: False
avg_score: -948.0399780273438
median_score: -933.0
std_score: 68.04188537597656
percentiles: 2%=-1074.0799560546875, 5%=-1072.0999755859375, 10%=-1050.0, 25%=-1003.5, 50%=-933.0, 75%=-888.75, 90%=-860.7999877929688, 95%=-854.9000244140625, 98%=-845.0
ranking_best_algo: CMApara
ranking_best_score: 964.9
ranking_my_rank: 2/504 (99.8%)
ranking_my_percent: 99.8015873015873
