ConfigName: kjsd__advperagentrankweighted__M3__L16__eps0p01__g0p0007__ds0p1__dm0p2
Problem: NK
Kernel: jsd
Advantage: peragentrankweighted
M: 3
lambda: 16
epsilon_svgd: 0.01
gamma: 0.0007
decay_start_ratio: 0.1
decay_min_factor: 0.2
bandwith_kernel: None
no_interact: False
avg_score: 0.7104631066322327
median_score: 0.6994725465774536
std_score: 0.031388282775878906
percentiles: 2%=0.6734704971313477, 5%=0.6744175553321838, 10%=0.6761800646781921, 25%=0.6819581389427185, 50%=0.6994725465774536, 75%=0.7455553412437439, 90%=0.7535372376441956, 95%=0.7613165378570557, 98%=0.7613165378570557
ranking_best_algo: CMApara
ranking_best_score: 0.7118996098437498
ranking_my_rank: 22/504 (95.8%)
ranking_my_percent: 95.83333333333333
