ConfigName: kjsd__advperagentrankweighted__M3__L20__eps0p005__g0p0007__ds0p1__dm0p2
Problem: QUBO
Kernel: jsd
Advantage: peragentrankweighted
M: 3
lambda: 20
epsilon_svgd: 0.005
gamma: 0.0007
decay_start_ratio: 0.1
decay_min_factor: 0.2
bandwith_kernel: None
no_interact: False
avg_score: -410.82000732421875
median_score: -411.5
std_score: 28.39027214050293
percentiles: 2%=-473.0400085449219, 5%=-454.04998779296875, 10%=-450.1000061035156, 25%=-429.25, 50%=-411.5, 75%=-387.5, 90%=-371.8999938964844, 95%=-367.8999938964844, 98%=-366.0
ranking_best_algo: Tabu
ranking_best_score: 438.12
ranking_my_rank: 86/504 (83.1%)
ranking_my_percent: 83.13492063492063
