ConfigName: kjsd__advperagentrankweighted__M4__L12__eps0p02__g0p0003__ds0p05__dm0p05
Problem: QUBO
Kernel: jsd
Advantage: peragentrankweighted
M: 4
lambda: 12
epsilon_svgd: 0.02
gamma: 0.0003
decay_start_ratio: 0.05
decay_min_factor: 0.05
bandwith_kernel: None
no_interact: False
avg_score: -147.44000244140625
median_score: -146.0
std_score: 12.472625732421875
percentiles: 2%=-179.0, 5%=-177.10000610351562, 10%=-164.0, 25%=-154.0, 50%=-146.0, 75%=-141.0, 90%=-134.89999389648438, 95%=-130.9499969482422, 98%=-121.91999816894531
ranking_best_algo: CMApara
ranking_best_score: 154.28
ranking_my_rank: 95/504 (81.3%)
ranking_my_percent: 81.34920634920636
