ConfigName: krbf__advglobalrankweighted__M4__L10__eps0p01__g0p007__ds0p01__dm0p01
Problem: QUBO
Kernel: rbf
Advantage: globalrankweighted
M: 4
lambda: 10
epsilon_svgd: 0.01
gamma: 0.007
decay_start_ratio: 0.01
decay_min_factor: 0.01
bandwith_kernel: None
no_interact: False
avg_score: -332.17999267578125
median_score: -334.0
std_score: 19.199155807495117
percentiles: 2%=-372.0, 5%=-364.1000061035156, 10%=-354.0, 25%=-346.0, 50%=-334.0, 75%=-320.0, 90%=-308.0, 95%=-300.0, 98%=-295.8799743652344
ranking_best_algo: CMApara
ranking_best_score: 344.22
ranking_my_rank: 72/504 (85.9%)
ranking_my_percent: 85.91269841269842
