ConfigName: kjsd__advperagentrankweighted__M5__L8__eps0p03__g0p0007__ds0p2__dm0p05
Problem: NK
Kernel: jsd
Advantage: peragentrankweighted
M: 5
lambda: 8
epsilon_svgd: 0.03
gamma: 0.0007
decay_start_ratio: 0.2
decay_min_factor: 0.05
bandwith_kernel: None
no_interact: False
avg_score: 0.730274498462677
median_score: 0.7309753894805908
std_score: 0.00987875834107399
percentiles: 2%=0.7122693657875061, 5%=0.7133772969245911, 10%=0.7157832384109497, 25%=0.723915696144104, 50%=0.7309753894805908, 75%=0.7370922565460205, 90%=0.7425947189331055, 95%=0.7442930936813354, 98%=0.7473106384277344
ranking_best_algo: PBIL
ranking_best_score: 0.730509098125
ranking_my_rank: 3/504 (99.6%)
ranking_my_percent: 99.60317460317461
