ConfigName: kfr__advglobalrankweighted__M4__L15__eps0p015__g0p007__ds0p01__dm0p01
Problem: QUBO
Kernel: fr
Advantage: globalrankweighted
M: 4
lambda: 15
epsilon_svgd: 0.015
gamma: 0.007
decay_start_ratio: 0.01
decay_min_factor: 0.01
bandwith_kernel: None
no_interact: False
avg_score: -1437.3199462890625
median_score: -1435.0
std_score: 78.96884155273438
percentiles: 2%=-1607.06005859375, 5%=-1559.800048828125, 10%=-1543.0999755859375, 25%=-1484.0, 50%=-1435.0, 75%=-1380.5, 90%=-1342.9000244140625, 95%=-1311.550048828125, 98%=-1289.4598388671875
ranking_best_algo: NLOPT_LN_PRAXIS
ranking_best_score: 1607.12
ranking_my_rank: 91/504 (82.1%)
ranking_my_percent: 82.14285714285714
