ConfigName: kjsd__advperagentrankweighted__M5__L24__eps0p007__g0p0005__ds0p05__dm0p05
Problem: NK
Kernel: jsd
Advantage: peragentrankweighted
M: 5
lambda: 24
epsilon_svgd: 0.007
gamma: 0.0005
decay_start_ratio: 0.05
decay_min_factor: 0.05
bandwith_kernel: None
no_interact: False
avg_score: 0.744700014591217
median_score: 0.7436124086380005
std_score: 0.011863790452480316
percentiles: 2%=0.7233119606971741, 5%=0.7274051904678345, 10%=0.7315845489501953, 25%=0.7366580963134766, 50%=0.7436124086380005, 75%=0.7508724927902222, 90%=0.7619013786315918, 95%=0.7659958004951477, 98%=0.7708940505981445
ranking_best_algo: Tabu
ranking_best_score: 0.7601875690625
ranking_my_rank: 5/504 (99.2%)
ranking_my_percent: 99.2063492063492
