ConfigName: kjsd__advperagentrankweighted__M4__L10__eps0p01__g0p0007__ds0p2__dm0p05
Problem: QUBO
Kernel: jsd
Advantage: peragentrankweighted
M: 4
lambda: 10
epsilon_svgd: 0.01
gamma: 0.0007
decay_start_ratio: 0.2
decay_min_factor: 0.05
bandwith_kernel: None
no_interact: False
avg_score: -199.8000030517578
median_score: -199.5
std_score: 12.449898719787598
percentiles: 2%=-224.0, 5%=-222.10000610351562, 10%=-219.0, 25%=-207.0, 50%=-199.5, 75%=-192.0, 90%=-184.0, 95%=-178.89999389648438, 98%=-174.97999572753906
ranking_best_algo: Tabu
ranking_best_score: 208.36000000000004
ranking_my_rank: 59/504 (88.5%)
ranking_my_percent: 88.4920634920635
