ConfigName: kjsd__advperagentrankweighted__M3__L30__eps0p005__g0p0005__ds0p2__dm0p2
Problem: QUBO
Kernel: jsd
Advantage: peragentrankweighted
M: 3
lambda: 30
epsilon_svgd: 0.005
gamma: 0.0005
decay_start_ratio: 0.2
decay_min_factor: 0.2
bandwith_kernel: None
no_interact: False
avg_score: -2554.360107421875
median_score: -2553.0
std_score: 129.75125122070312
percentiles: 2%=-2792.780029296875, 5%=-2779.10009765625, 10%=-2719.800048828125, 25%=-2641.0, 50%=-2553.0, 75%=-2467.5, 90%=-2384.800048828125, 95%=-2368.64990234375, 98%=-2320.639892578125
ranking_best_algo: SVM1MetaModelLogNormal
ranking_best_score: 2605.14
ranking_my_rank: 41/504 (92.1%)
ranking_my_percent: 92.06349206349206
