ConfigName: krbf__advnormalizedfitness__M2__L8__eps0p025__g0p015__ds0p15__dm0p01
Problem: QUBO
Kernel: rbf
Advantage: normalizedfitness
M: 2
lambda: 8
epsilon_svgd: 0.025
gamma: 0.015
decay_start_ratio: 0.15
decay_min_factor: 0.01
bandwith_kernel: None
no_interact: False
avg_score: -136.89999389648438
median_score: -138.0
std_score: 12.300812721252441
percentiles: 2%=-159.02000427246094, 5%=-156.10000610351562, 10%=-151.10000610351562, 25%=-146.0, 50%=-138.0, 75%=-127.0, 90%=-119.9000015258789, 95%=-116.9000015258789, 98%=-113.94000244140625
ranking_best_algo: DiscreteDE
ranking_best_score: 143.4
ranking_my_rank: 202/504 (60.1%)
ranking_my_percent: 60.11904761904762
