ConfigName: krbf__advnormalizedfitness__M5__L8__eps0p02__g0p01__ds0p15__dm0p05
Problem: NK
Kernel: rbf
Advantage: normalizedfitness
M: 5
lambda: 8
epsilon_svgd: 0.02
gamma: 0.01
decay_start_ratio: 0.15
decay_min_factor: 0.05
bandwith_kernel: None
no_interact: False
avg_score: 0.7086407542228699
median_score: 0.7095861434936523
std_score: 0.015049559064209461
percentiles: 2%=0.6706112623214722, 5%=0.6713632941246033, 10%=0.6945454478263855, 25%=0.7049660086631775, 50%=0.7095861434936523, 75%=0.7183941602706909, 90%=0.7251606583595276, 95%=0.7287235260009766, 98%=0.730557382106781
ranking_best_algo: CMApara
ranking_best_score: 0.707475975
ranking_my_rank: 1/504 (100.0%)
ranking_my_percent: 100.0
