ConfigName: krbf__advnormalizedfitness__M4__L12__eps0p033__g0p007__ds0p3__dm0p01
Problem: NK
Kernel: rbf
Advantage: normalizedfitness
M: 4
lambda: 12
epsilon_svgd: 0.033
gamma: 0.007
decay_start_ratio: 0.3
decay_min_factor: 0.01
bandwith_kernel: None
no_interact: False
avg_score: 0.7300605773925781
median_score: 0.7330846786499023
std_score: 0.00999901071190834
percentiles: 2%=0.7072574496269226, 5%=0.7107434868812561, 10%=0.7151793241500854, 25%=0.7223073244094849, 50%=0.7330846786499023, 75%=0.7379244565963745, 90%=0.7406044602394104, 95%=0.7420202493667603, 98%=0.7431811094284058
ranking_best_algo: PBIL
ranking_best_score: 0.7248786399609374
ranking_my_rank: 1/504 (100.0%)
ranking_my_percent: 100.0
