ConfigName: krbf__advnormalizedfitness__M3__L15__eps0p025__g0p015__ds0p01__dm0p01
Problem: NK
Kernel: rbf
Advantage: normalizedfitness
M: 3
lambda: 15
epsilon_svgd: 0.025
gamma: 0.015
decay_start_ratio: 0.01
decay_min_factor: 0.01
bandwith_kernel: None
no_interact: False
avg_score: 0.710409939289093
median_score: 0.7111018300056458
std_score: 0.015204469673335552
percentiles: 2%=0.6718856692314148, 5%=0.6729660630226135, 10%=0.6967759728431702, 25%=0.7075833678245544, 50%=0.7111018300056458, 75%=0.7202422618865967, 90%=0.7254567742347717, 95%=0.7313908934593201, 98%=0.7327690124511719
ranking_best_algo: CMApara
ranking_best_score: 0.707475975
ranking_my_rank: 1/504 (100.0%)
ranking_my_percent: 100.0
