ConfigName: kfr__advglobalrankweighted__M1__L11__eps0p02__g0p005__ds0p01__dm0p01
Problem: QUBO
Kernel: fr
Advantage: globalrankweighted
M: 1
lambda: 11
epsilon_svgd: 0.02
gamma: 0.005
decay_start_ratio: 0.01
decay_min_factor: 0.01
bandwith_kernel: None
no_interact: False
avg_score: -313.239990234375
median_score: -310.0
std_score: 26.65825080871582
percentiles: 2%=-357.260009765625, 5%=-350.04998779296875, 10%=-343.29998779296875, 25%=-338.0, 50%=-310.0, 75%=-292.0, 90%=-278.8999938964844, 95%=-269.9000244140625, 98%=-263.8799743652344
ranking_best_algo: CMApara
ranking_best_score: 344.22
ranking_my_rank: 248/504 (51.0%)
ranking_my_percent: 50.992063492063494
