ConfigName: kjsd__advperagentrankweighted__M3__L16__eps0p01__g0p0007__ds0p2__dm0p2
Problem: QUBO
Kernel: jsd
Advantage: peragentrankweighted
M: 3
lambda: 16
epsilon_svgd: 0.01
gamma: 0.0007
decay_start_ratio: 0.2
decay_min_factor: 0.2
bandwith_kernel: None
no_interact: False
avg_score: -1239.699951171875
median_score: -1235.5
std_score: 55.092376708984375
percentiles: 2%=-1349.4000244140625, 5%=-1340.050048828125, 10%=-1305.199951171875, 25%=-1274.25, 50%=-1235.5, 75%=-1203.0, 90%=-1176.800048828125, 95%=-1157.6500244140625, 98%=-1132.800048828125
ranking_best_algo: SVMMetaModelLogNormal
ranking_best_score: 1233.7999999999997
ranking_my_rank: 1/504 (100.0%)
ranking_my_percent: 100.0
