ConfigName: krbf__advnormalizedfitness__M4__L8__eps0p025__g0p01__ds0p01__dm0p01
Problem: QUBO
Kernel: rbf
Advantage: normalizedfitness
M: 4
lambda: 8
epsilon_svgd: 0.025
gamma: 0.01
decay_start_ratio: 0.01
decay_min_factor: 0.01
bandwith_kernel: None
no_interact: False
avg_score: -572.719970703125
median_score: -572.5
std_score: 28.210664749145508
percentiles: 2%=-625.1199951171875, 5%=-613.25, 10%=-607.2000122070312, 25%=-594.0, 50%=-572.5, 75%=-555.0, 90%=-534.9000244140625, 95%=-526.9000244140625, 98%=-510.91998291015625
ranking_best_algo: Tabu
ranking_best_score: 588.7199999999999
ranking_my_rank: 62/503 (87.9%)
ranking_my_percent: 87.8727634194831
