ConfigName: krbf__advnormalizedfitness__M3__L12__eps0p025__g0p01__ds0p15__dm0p01
Problem: QUBO
Kernel: rbf
Advantage: normalizedfitness
M: 3
lambda: 12
epsilon_svgd: 0.025
gamma: 0.01
decay_start_ratio: 0.15
decay_min_factor: 0.01
bandwith_kernel: None
no_interact: False
avg_score: -138.5
median_score: -139.5
std_score: 11.204909324645996
percentiles: 2%=-159.0, 5%=-157.0500030517578, 10%=-153.3000030517578, 25%=-146.0, 50%=-139.5, 75%=-129.75, 90%=-124.9000015258789, 95%=-121.0, 98%=-119.93998718261719
ranking_best_algo: DiscreteDE
ranking_best_score: 143.4
ranking_my_rank: 100/504 (80.4%)
ranking_my_percent: 80.35714285714286
