ConfigName: krbf__advnormalizedfitness__M3__L8__eps0p025__g0p005__ds0p15__dm0p01
Problem: NK
Kernel: rbf
Advantage: normalizedfitness
M: 3
lambda: 8
epsilon_svgd: 0.025
gamma: 0.005
decay_start_ratio: 0.15
decay_min_factor: 0.01
bandwith_kernel: None
no_interact: False
avg_score: 0.7341476678848267
median_score: 0.7353928089141846
std_score: 0.008996429853141308
percentiles: 2%=0.713067889213562, 5%=0.7165883779525757, 10%=0.7203999757766724, 25%=0.7288066148757935, 50%=0.7353928089141846, 75%=0.7403236627578735, 90%=0.74327152967453, 95%=0.7467736005783081, 98%=0.7485477924346924
ranking_best_algo: PBIL
ranking_best_score: 0.7248786399609374
ranking_my_rank: 1/504 (100.0%)
ranking_my_percent: 100.0
