ConfigName: krbf__advnormalizedfitness__M4__L15__eps0p025__g0p01__ds0p01__dm0p01
Problem: NK
Kernel: rbf
Advantage: normalizedfitness
M: 4
lambda: 15
epsilon_svgd: 0.025
gamma: 0.01
decay_start_ratio: 0.01
decay_min_factor: 0.01
bandwith_kernel: None
no_interact: False
avg_score: 0.7436668872833252
median_score: 0.7432901859283447
std_score: 0.01577962562441826
percentiles: 2%=0.7129480838775635, 5%=0.7195196747779846, 10%=0.7217435836791992, 25%=0.7322409152984619, 50%=0.7432901859283447, 75%=0.7544647455215454, 90%=0.7660878300666809, 95%=0.7698720097541809, 98%=0.7734453082084656
ranking_best_algo: Tabu
ranking_best_score: 0.7470791764843752
ranking_my_rank: 3/504 (99.6%)
ranking_my_percent: 99.60317460317461
