ConfigName: kjsd__advperagentrankweighted__M4__L24__eps0p01__g0p0005__ds1__dm1
Problem: NK
Kernel: jsd
Advantage: peragentrankweighted
M: 4
lambda: 24
epsilon_svgd: 0.01
gamma: 0.0005
decay_start_ratio: 1.0
decay_min_factor: 1.0
bandwith_kernel: None
no_interact: False
avg_score: 0.7504088878631592
median_score: 0.7514865398406982
std_score: 0.014028678648173809
percentiles: 2%=0.7203556895256042, 5%=0.7240638136863708, 10%=0.7290482521057129, 25%=0.7436334490776062, 50%=0.7514865398406982, 75%=0.7600768804550171, 90%=0.7674739956855774, 95%=0.7687392234802246, 98%=0.771181583404541
ranking_best_algo: Tabu
ranking_best_score: 0.7657846284375001
ranking_my_rank: 22/504 (95.8%)
ranking_my_percent: 95.83333333333333
no_repulsion: True
