ConfigName: krbf__advnormalizedfitness__M3__L12__eps0p015__g0p01__ds0p3__dm0p01
Problem: QUBO
Kernel: rbf
Advantage: normalizedfitness
M: 3
lambda: 12
epsilon_svgd: 0.015
gamma: 0.01
decay_start_ratio: 0.3
decay_min_factor: 0.01
bandwith_kernel: None
no_interact: False
avg_score: -426.20001220703125
median_score: -426.5
std_score: 26.81044578552246
percentiles: 2%=-479.0799865722656, 5%=-468.0, 10%=-462.1000061035156, 25%=-446.25, 50%=-426.5, 75%=-408.0, 90%=-392.70001220703125, 95%=-383.95001220703125, 98%=-377.8799743652344
ranking_best_algo: CMApara
ranking_best_score: 453.82
ranking_my_rank: 117/504 (77.0%)
ranking_my_percent: 76.98412698412699
