ConfigName: kjsd__advperagentrankweighted__M4__L8__eps0p01__g0p0007__ds0p05__dm0p05
Problem: QUBO
Kernel: jsd
Advantage: peragentrankweighted
M: 4
lambda: 8
epsilon_svgd: 0.01
gamma: 0.0007
decay_start_ratio: 0.05
decay_min_factor: 0.05
bandwith_kernel: None
no_interact: False
avg_score: -580.4199829101562
median_score: -579.0
std_score: 27.067760467529297
percentiles: 2%=-634.0999755859375, 5%=-623.0999755859375, 10%=-617.0, 25%=-597.25, 50%=-579.0, 75%=-563.0, 90%=-542.9000244140625, 95%=-534.8499755859375, 98%=-528.8400268554688
ranking_best_algo: Tabu
ranking_best_score: 588.7199999999999
ranking_my_rank: 38/503 (92.6%)
ranking_my_percent: 92.6441351888668
