ConfigName: kjsd__advperagentrankweighted__M3__L16__eps0p007__g0p001__ds0p2__dm0p05
Problem: NK
Kernel: jsd
Advantage: peragentrankweighted
M: 3
lambda: 16
epsilon_svgd: 0.007
gamma: 0.001
decay_start_ratio: 0.2
decay_min_factor: 0.05
bandwith_kernel: None
no_interact: False
avg_score: 0.7548220753669739
median_score: 0.7548014521598816
std_score: 0.01550170686095953
percentiles: 2%=0.7200888395309448, 5%=0.7290678024291992, 10%=0.737250804901123, 25%=0.7447561621665955, 50%=0.7548014521598816, 75%=0.7665694952011108, 90%=0.7738507986068726, 95%=0.7795768976211548, 98%=0.7817018628120422
ranking_best_algo: Tabu
ranking_best_score: 0.7657846284375001
ranking_my_rank: 7/504 (98.8%)
ranking_my_percent: 98.80952380952381
