ConfigName: krbf__advnormalizedfitness__M5__L10__eps0p03__g0p01__ds0p05__dm0p05
Problem: QUBO
Kernel: rbf
Advantage: normalizedfitness
M: 5
lambda: 10
epsilon_svgd: 0.03
gamma: 0.01
decay_start_ratio: 0.05
decay_min_factor: 0.05
bandwith_kernel: None
no_interact: False
avg_score: -847.9600219726562
median_score: -839.5
std_score: 82.631103515625
percentiles: 2%=-1013.1400146484375, 5%=-977.75, 10%=-960.0999755859375, 25%=-909.5, 50%=-839.5, 75%=-779.5, 90%=-747.5999755859375, 95%=-732.7999877929688, 98%=-707.8599853515625
ranking_best_algo: CMAL3
ranking_best_score: 928.5800000000002
ranking_my_rank: 216/504 (57.3%)
ranking_my_percent: 57.34126984126984
