ConfigName: kjsd__advperagentrankweighted__M4__L10__eps0p01__g0p0005__ds0p05__dm0p05
Problem: QUBO
Kernel: jsd
Advantage: peragentrankweighted
M: 4
lambda: 10
epsilon_svgd: 0.01
gamma: 0.0005
decay_start_ratio: 0.05
decay_min_factor: 0.05
bandwith_kernel: None
no_interact: False
avg_score: -577.6599731445312
median_score: -580.0
std_score: 27.407377243041992
percentiles: 2%=-629.0599975585938, 5%=-621.0999755859375, 10%=-611.2000122070312, 25%=-595.0, 50%=-580.0, 75%=-558.0, 90%=-541.9000244140625, 95%=-533.9500122070312, 98%=-524.739990234375
ranking_best_algo: Tabu
ranking_best_score: 588.7199999999999
ranking_my_rank: 44/503 (91.5%)
ranking_my_percent: 91.45129224652088
