ConfigName: kjsd__advperagentrankweighted__M5__L8__eps0p02__g0p0003__ds0p2__dm0p05
Problem: QUBO
Kernel: jsd
Advantage: peragentrankweighted
M: 5
lambda: 8
epsilon_svgd: 0.02
gamma: 0.0003
decay_start_ratio: 0.2
decay_min_factor: 0.05
bandwith_kernel: None
no_interact: False
avg_score: -2580.219970703125
median_score: -2580.0
std_score: 135.0581817626953
percentiles: 2%=-2849.800048828125, 5%=-2806.85009765625, 10%=-2751.89990234375, 25%=-2689.0, 50%=-2580.0, 75%=-2461.25, 90%=-2413.39990234375, 95%=-2374.14990234375, 98%=-2336.8798828125
ranking_best_algo: DiscreteLengler2OnePlusOne
ranking_best_score: 2617.04
ranking_my_rank: 47/504 (90.9%)
ranking_my_percent: 90.87301587301587
