ConfigName: krbf__advnormalizedfitness__M3__L15__eps0p015__g0p01__ds0p01__dm0p3
Problem: NK
Kernel: rbf
Advantage: normalizedfitness
M: 3
lambda: 15
epsilon_svgd: 0.015
gamma: 0.01
decay_start_ratio: 0.01
decay_min_factor: 0.3
bandwith_kernel: None
no_interact: False
avg_score: 0.7267642021179199
median_score: 0.7292853593826294
std_score: 0.019384918734431267
percentiles: 2%=0.6958480477333069, 5%=0.6982507109642029, 10%=0.6996937394142151, 25%=0.7120850086212158, 50%=0.7292853593826294, 75%=0.7399551272392273, 90%=0.7514067888259888, 95%=0.7558441162109375, 98%=0.7589115500450134
ranking_best_algo: Tabu
ranking_best_score: 0.7657846284375001
ranking_my_rank: 199/504 (60.7%)
ranking_my_percent: 60.714285714285715
