ConfigName: kjsd__advperagentrankweighted__M6__L8__eps0p02__g0p0007__ds0p05__dm0p05
Problem: NK
Kernel: jsd
Advantage: peragentrankweighted
M: 6
lambda: 8
epsilon_svgd: 0.02
gamma: 0.0007
decay_start_ratio: 0.05
decay_min_factor: 0.05
bandwith_kernel: None
no_interact: False
avg_score: 0.7510131597518921
median_score: 0.7485891580581665
std_score: 0.0136967021971941
percentiles: 2%=0.7286514043807983, 5%=0.7314569354057312, 10%=0.7340282201766968, 25%=0.7416037917137146, 50%=0.7485891580581665, 75%=0.7602143287658691, 90%=0.7699869871139526, 95%=0.7735586166381836, 98%=0.7795138359069824
ranking_best_algo: Tabu
ranking_best_score: 0.7470791764843752
ranking_my_rank: 1/504 (100.0%)
ranking_my_percent: 100.0
