ConfigName: kjsd__advperagentrankweighted__M8__L12__eps0p008__g0p0005__ds0p3__dm0p05
Problem: QUBO
Kernel: jsd
Advantage: peragentrankweighted
M: 8
lambda: 12
epsilon_svgd: 0.008
gamma: 0.0005
decay_start_ratio: 0.3
decay_min_factor: 0.05
bandwith_kernel: None
no_interact: False
avg_score: -1192.0
median_score: -1188.0
std_score: 64.75106048583984
percentiles: 2%=-1359.0400390625, 5%=-1317.699951171875, 10%=-1282.0999755859375, 25%=-1222.0, 50%=-1188.0, 75%=-1145.75, 90%=-1110.5, 95%=-1099.0, 98%=-1097.5799560546875
ranking_best_algo: Tabu
ranking_best_score: 1216.16
ranking_my_rank: 49/504 (90.5%)
ranking_my_percent: 90.47619047619048
