ConfigName: krbf__advnormalizedfitness__M4__L10__eps0p015__g0p005__ds0p01__dm0p01
Problem: QUBO
Kernel: rbf
Advantage: normalizedfitness
M: 4
lambda: 10
epsilon_svgd: 0.015
gamma: 0.005
decay_start_ratio: 0.01
decay_min_factor: 0.01
bandwith_kernel: None
no_interact: False
avg_score: -3034.780029296875
median_score: -3039.0
std_score: 233.39552307128906
percentiles: 2%=-3464.3798828125, 5%=-3421.35009765625, 10%=-3368.10009765625, 25%=-3197.75, 50%=-3039.0, 75%=-2875.5, 90%=-2753.10009765625, 95%=-2650.35009765625, 98%=-2584.959716796875
ranking_best_algo: RLSOnePlusOne
ranking_best_score: 3316.5199999999995
ranking_my_rank: 126/504 (75.2%)
ranking_my_percent: 75.1984126984127
