ConfigName: krbf__advnormalizedfitness__M5__L10__eps0p03__g0p005__ds0p05__dm0p05
Problem: QUBO
Kernel: rbf
Advantage: normalizedfitness
M: 5
lambda: 10
epsilon_svgd: 0.03
gamma: 0.005
decay_start_ratio: 0.05
decay_min_factor: 0.05
bandwith_kernel: None
no_interact: False
avg_score: -331.4800109863281
median_score: -335.0
std_score: 21.73222541809082
percentiles: 2%=-372.0, 5%=-361.45001220703125, 10%=-355.0, 25%=-346.5, 50%=-335.0, 75%=-315.5, 90%=-299.8999938964844, 95%=-294.8500061035156, 98%=-283.9599914550781
ranking_best_algo: CMApara
ranking_best_score: 344.22
ranking_my_rank: 76/504 (85.1%)
ranking_my_percent: 85.11904761904762
