ConfigName: kfr__advglobalrankweighted__M4__L10__eps0p01__g0p003__ds0p01__dm0p01
Problem: QUBO
Kernel: fr
Advantage: globalrankweighted
M: 4
lambda: 10
epsilon_svgd: 0.01
gamma: 0.003
decay_start_ratio: 0.01
decay_min_factor: 0.01
bandwith_kernel: None
no_interact: False
avg_score: -935.280029296875
median_score: -940.0
std_score: 72.15387725830078
percentiles: 2%=-1072.0400390625, 5%=-1050.550048828125, 10%=-1027.0999755859375, 25%=-983.75, 50%=-940.0, 75%=-888.5, 90%=-840.2000122070312, 95%=-815.5499877929688, 98%=-784.6400146484375
ranking_best_algo: CMApara
ranking_best_score: 964.9
ranking_my_rank: 16/504 (97.0%)
ranking_my_percent: 97.02380952380952
