ConfigName: krbf__advnormalizedfitness__M4__L15__eps0p015__g0p007__ds0p3__dm0p3
Problem: NK
Kernel: rbf
Advantage: normalizedfitness
M: 4
lambda: 15
epsilon_svgd: 0.015
gamma: 0.007
decay_start_ratio: 0.3
decay_min_factor: 0.3
bandwith_kernel: None
no_interact: False
avg_score: 0.6443516612052917
median_score: 0.6436238884925842
std_score: 0.011171495541930199
percentiles: 2%=0.6278119683265686, 5%=0.6285401582717896, 10%=0.6305323839187622, 25%=0.635108470916748, 50%=0.6436238884925842, 75%=0.6528507471084595, 90%=0.6573715806007385, 95%=0.6631332635879517, 98%=0.6719536781311035
ranking_best_algo: Tabu
ranking_best_score: 0.7601875690625
ranking_my_rank: 389/504 (23.0%)
ranking_my_percent: 23.015873015873016
