ConfigName: krbf__advnormalizedfitness__M3__L10__eps0p033__g0p01__ds0p15__dm0p01
Problem: NK
Kernel: rbf
Advantage: normalizedfitness
M: 3
lambda: 10
epsilon_svgd: 0.033
gamma: 0.01
decay_start_ratio: 0.15
decay_min_factor: 0.01
bandwith_kernel: None
no_interact: False
avg_score: 0.7441095113754272
median_score: 0.7408133745193481
std_score: 0.029156658798456192
percentiles: 2%=0.6981566548347473, 5%=0.7059075236320496, 10%=0.7093318700790405, 25%=0.7198627591133118, 50%=0.7408133745193481, 75%=0.7585474252700806, 90%=0.778337299823761, 95%=0.8066015839576721, 98%=0.8118547797203064
ranking_best_algo: CMApara
ranking_best_score: 0.7459277895312499
ranking_my_rank: 6/504 (99.0%)
ranking_my_percent: 99.0079365079365
