ConfigName: kjsd__advperagentrankweighted__M5__L8__eps0p01__g0p0005__ds0p4__dm0p2
Problem: QUBO
Kernel: jsd
Advantage: peragentrankweighted
M: 5
lambda: 8
epsilon_svgd: 0.01
gamma: 0.0005
decay_start_ratio: 0.4
decay_min_factor: 0.2
bandwith_kernel: None
no_interact: False
avg_score: -442.7200012207031
median_score: -443.0
std_score: 23.932437896728516
percentiles: 2%=-488.0799865722656, 5%=-479.1000061035156, 10%=-473.0, 25%=-461.25, 50%=-443.0, 75%=-427.0, 90%=-410.0, 95%=-403.79998779296875, 98%=-398.8800048828125
ranking_best_algo: CMApara
ranking_best_score: 453.82
ranking_my_rank: 9/504 (98.4%)
ranking_my_percent: 98.41269841269842
