ConfigName: kjsd__advperagentrankweighted__M4__L12__eps0p005__g0p0007__ds0p1__dm0p05
Problem: NK
Kernel: jsd
Advantage: peragentrankweighted
M: 4
lambda: 12
epsilon_svgd: 0.005
gamma: 0.0007
decay_start_ratio: 0.1
decay_min_factor: 0.05
bandwith_kernel: None
no_interact: False
avg_score: 0.7483450174331665
median_score: 0.7484277486801147
std_score: 0.009412257932126522
percentiles: 2%=0.7303532361984253, 5%=0.7331750392913818, 10%=0.7367979884147644, 25%=0.7429662942886353, 50%=0.7484277486801147, 75%=0.7534571886062622, 90%=0.7601227760314941, 95%=0.7639341950416565, 98%=0.7681408524513245
ranking_best_algo: PBIL
ranking_best_score: 0.733570253046875
ranking_my_rank: 1/504 (100.0%)
ranking_my_percent: 100.0
