ConfigName: krbf__advnormalizedfitness__M3__L8__eps0p015__g0p01__ds0p3__dm0p01
Problem: QUBO
Kernel: rbf
Advantage: normalizedfitness
M: 3
lambda: 8
epsilon_svgd: 0.015
gamma: 0.01
decay_start_ratio: 0.3
decay_min_factor: 0.01
bandwith_kernel: None
no_interact: False
avg_score: -441.94000244140625
median_score: -444.0
std_score: 25.061450958251953
percentiles: 2%=-485.1400146484375, 5%=-481.1000061035156, 10%=-472.0, 25%=-461.0, 50%=-444.0, 75%=-422.75, 90%=-403.0, 95%=-398.8500061035156, 98%=-390.0
ranking_best_algo: CMApara
ranking_best_score: 453.82
ranking_my_rank: 10/504 (98.2%)
ranking_my_percent: 98.21428571428571
