ConfigName: krbf__advnormalizedfitness__M1__L8__eps0p015__g0p005__ds0p01__dm0p01
Problem: QUBO
Kernel: rbf
Advantage: normalizedfitness
M: 1
lambda: 8
epsilon_svgd: 0.015
gamma: 0.005
decay_start_ratio: 0.01
decay_min_factor: 0.01
bandwith_kernel: None
no_interact: False
avg_score: -907.97998046875
median_score: -907.5
std_score: 80.34513092041016
percentiles: 2%=-1068.0400390625, 5%=-1031.949951171875, 10%=-1005.7999877929688, 25%=-974.0, 50%=-907.5, 75%=-848.0, 90%=-798.7999877929688, 95%=-783.0, 98%=-776.1998291015625
ranking_best_algo: CMApara
ranking_best_score: 964.9
ranking_my_rank: 98/504 (80.8%)
ranking_my_percent: 80.75396825396825
