ConfigName: kjsd__advperagentrankweighted__M3__L20__eps0p007__g0p003__ds0p05__dm0p1
Problem: QUBO
Kernel: jsd
Advantage: peragentrankweighted
M: 3
lambda: 20
epsilon_svgd: 0.007
gamma: 0.003
decay_start_ratio: 0.05
decay_min_factor: 0.1
bandwith_kernel: None
no_interact: False
avg_score: -932.97998046875
median_score: -934.5
std_score: 68.85651397705078
percentiles: 2%=-1061.02001953125, 5%=-1048.050048828125, 10%=-1022.7999877929688, 25%=-981.25, 50%=-934.5, 75%=-878.75, 90%=-840.4000244140625, 95%=-815.0, 98%=-797.0
ranking_best_algo: CMApara
ranking_best_score: 964.9
ranking_my_rank: 19/504 (96.4%)
ranking_my_percent: 96.42857142857143
