ConfigName: krbf__advnormalizedfitness__M4__L10__eps0p01__g0p001__ds0p05__dm0p05
Problem: QUBO
Kernel: rbf
Advantage: normalizedfitness
M: 4
lambda: 10
epsilon_svgd: 0.01
gamma: 0.001
decay_start_ratio: 0.05
decay_min_factor: 0.05
bandwith_kernel: None
no_interact: False
avg_score: -3158.52001953125
median_score: -3167.5
std_score: 163.79208374023438
percentiles: 2%=-3466.699951171875, 5%=-3376.0, 10%=-3350.5, 25%=-3282.25, 50%=-3167.5, 75%=-3032.5, 90%=-2942.800048828125, 95%=-2899.89990234375, 98%=-2780.739990234375
ranking_best_algo: RLSOnePlusOne
ranking_best_score: 3316.5199999999995
ranking_my_rank: 61/504 (88.1%)
ranking_my_percent: 88.0952380952381
