ConfigName: kjsd__advperagentrankweighted__M5__L12__eps0p03__g0p0005__ds0p05__dm0p05
Problem: QUBO
Kernel: jsd
Advantage: peragentrankweighted
M: 5
lambda: 12
epsilon_svgd: 0.03
gamma: 0.0005
decay_start_ratio: 0.05
decay_min_factor: 0.05
bandwith_kernel: None
no_interact: False
avg_score: -328.94000244140625
median_score: -332.0
std_score: 19.5733585357666
percentiles: 2%=-370.0400085449219, 5%=-357.0, 10%=-350.0, 25%=-342.0, 50%=-332.0, 75%=-317.5, 90%=-307.79998779296875, 95%=-290.95001220703125, 98%=-283.79998779296875
ranking_best_algo: CMApara
ranking_best_score: 344.22
ranking_my_rank: 83/504 (83.7%)
ranking_my_percent: 83.73015873015873
