ConfigName: kjsd__advperagentrankweighted__M3__L24__eps0p007__g0p001__ds0p1__dm0p2
Problem: QUBO
Kernel: jsd
Advantage: peragentrankweighted
M: 3
lambda: 24
epsilon_svgd: 0.007
gamma: 0.001
decay_start_ratio: 0.1
decay_min_factor: 0.2
bandwith_kernel: None
no_interact: False
avg_score: -328.4599914550781
median_score: -334.0
std_score: 18.194185256958008
percentiles: 2%=-354.3599853515625, 5%=-350.0, 10%=-346.29998779296875, 25%=-341.25, 50%=-334.0, 75%=-317.75, 90%=-300.0, 95%=-296.0, 98%=-289.79998779296875
ranking_best_algo: CMApara
ranking_best_score: 344.22
ranking_my_rank: 84/504 (83.5%)
ranking_my_percent: 83.53174603174604
