ConfigName: krbf__advnormalizedfitness__M4__L12__eps0p033__g0p015__ds0p3__dm0p3
Problem: QUBO
Kernel: rbf
Advantage: normalizedfitness
M: 4
lambda: 12
epsilon_svgd: 0.033
gamma: 0.015
decay_start_ratio: 0.3
decay_min_factor: 0.3
bandwith_kernel: None
no_interact: False
avg_score: -322.79998779296875
median_score: -325.0
std_score: 18.170305252075195
percentiles: 2%=-350.32000732421875, 5%=-350.0, 10%=-343.29998779296875, 25%=-337.0, 50%=-325.0, 75%=-308.0, 90%=-298.0, 95%=-294.0, 98%=-286.0
ranking_best_algo: CMApara
ranking_best_score: 344.22
ranking_my_rank: 136/504 (73.2%)
ranking_my_percent: 73.21428571428571
