ConfigName: kjsd__advperagentrankweighted__M3__L24__eps0p005__g0p0005__ds0p1__dm0p1
Problem: NK
Kernel: jsd
Advantage: peragentrankweighted
M: 3
lambda: 24
epsilon_svgd: 0.005
gamma: 0.0005
decay_start_ratio: 0.1
decay_min_factor: 0.1
bandwith_kernel: None
no_interact: False
avg_score: 0.7437154650688171
median_score: 0.7459143400192261
std_score: 0.013027871027588844
percentiles: 2%=0.7103747725486755, 5%=0.7180936336517334, 10%=0.7248808741569519, 25%=0.7373306155204773, 50%=0.7459143400192261, 75%=0.7520092129707336, 90%=0.758482813835144, 95%=0.7604013085365295, 98%=0.7651452422142029
ranking_best_algo: Tabu
ranking_best_score: 0.7601875690625
ranking_my_rank: 7/504 (98.8%)
ranking_my_percent: 98.80952380952381
