ConfigName: krbf__advglobalrankweighted__M4__L10__eps0p01__g0p003__ds0p01__dm0p01
Problem: QUBO
Kernel: rbf
Advantage: globalrankweighted
M: 4
lambda: 10
epsilon_svgd: 0.01
gamma: 0.003
decay_start_ratio: 0.01
decay_min_factor: 0.01
bandwith_kernel: None
no_interact: False
avg_score: -331.0
median_score: -334.0
std_score: 17.376996994018555
percentiles: 2%=-357.0799865722656, 5%=-354.04998779296875, 10%=-350.0, 25%=-343.0, 50%=-334.0, 75%=-322.0, 90%=-307.79998779296875, 95%=-298.0, 98%=-289.91998291015625
ranking_best_algo: CMApara
ranking_best_score: 344.22
ranking_my_rank: 77/504 (84.9%)
ranking_my_percent: 84.92063492063492
