ConfigName: krbf__advnormalizedfitness__M4__L8__eps0p033__g0p005__ds0p01__dm0p3
Problem: QUBO
Kernel: rbf
Advantage: normalizedfitness
M: 4
lambda: 8
epsilon_svgd: 0.033
gamma: 0.005
decay_start_ratio: 0.01
decay_min_factor: 0.3
bandwith_kernel: None
no_interact: False
avg_score: -332.7799987792969
median_score: -338.0
std_score: 19.53744125366211
percentiles: 2%=-372.0, 5%=-361.54998779296875, 10%=-351.1000061035156, 25%=-346.0, 50%=-338.0, 75%=-321.5, 90%=-300.0, 95%=-295.95001220703125, 98%=-292.0
ranking_best_algo: CMApara
ranking_best_score: 344.22
ranking_my_rank: 70/504 (86.3%)
ranking_my_percent: 86.30952380952381
