ConfigName: krbf__advnormalizedfitness__M5__L15__eps0p03__g0p01__ds0p05__dm0p05
Problem: QUBO
Kernel: rbf
Advantage: normalizedfitness
M: 5
lambda: 15
epsilon_svgd: 0.03
gamma: 0.01
decay_start_ratio: 0.05
decay_min_factor: 0.05
bandwith_kernel: None
no_interact: False
avg_score: -982.8200073242188
median_score: -972.5
std_score: 103.12200927734375
percentiles: 2%=-1201.280029296875, 5%=-1184.449951171875, 10%=-1128.0999755859375, 25%=-1052.5, 50%=-972.5, 75%=-910.0, 90%=-852.9000244140625, 95%=-828.6500244140625, 98%=-815.5599975585938
ranking_best_algo: Tabu
ranking_best_score: 1216.16
ranking_my_rank: 296/504 (41.5%)
ranking_my_percent: 41.46825396825397
