ConfigName: kfr__advglobalrankweighted__M5__L9__eps0p02__g0p005__ds0p01__dm0p01
Problem: QUBO
Kernel: fr
Advantage: globalrankweighted
M: 5
lambda: 9
epsilon_svgd: 0.02
gamma: 0.005
decay_start_ratio: 0.01
decay_min_factor: 0.01
bandwith_kernel: None
no_interact: False
avg_score: -329.32000732421875
median_score: -334.0
std_score: 18.36675453186035
percentiles: 2%=-370.0400085449219, 5%=-354.1499938964844, 10%=-350.0, 25%=-341.25, 50%=-334.0, 75%=-315.5, 90%=-306.0, 95%=-291.95001220703125, 98%=-290.0
ranking_best_algo: CMApara
ranking_best_score: 344.22
ranking_my_rank: 81/504 (84.1%)
ranking_my_percent: 84.12698412698413
