ConfigName: krbf__advnormalizedfitness__M3__L12__eps0p025__g0p015__ds0p01__dm0p01
Problem: QUBO
Kernel: rbf
Advantage: normalizedfitness
M: 3
lambda: 12
epsilon_svgd: 0.025
gamma: 0.015
decay_start_ratio: 0.01
decay_min_factor: 0.01
bandwith_kernel: None
no_interact: False
avg_score: -1174.43994140625
median_score: -1165.5
std_score: 64.37039184570312
percentiles: 2%=-1319.1199951171875, 5%=-1299.5999755859375, 10%=-1264.5999755859375, 25%=-1215.5, 50%=-1165.5, 75%=-1135.25, 90%=-1092.0, 95%=-1083.9000244140625, 98%=-1069.9599609375
ranking_best_algo: Tabu
ranking_best_score: 1216.16
ranking_my_rank: 84/504 (83.5%)
ranking_my_percent: 83.53174603174604
