ConfigName: krbf__advnormalizedfitness__M3__L15__eps0p015__g0p005__ds0p15__dm0p3
Problem: QUBO
Kernel: rbf
Advantage: normalizedfitness
M: 3
lambda: 15
epsilon_svgd: 0.015
gamma: 0.005
decay_start_ratio: 0.15
decay_min_factor: 0.3
bandwith_kernel: None
no_interact: False
avg_score: -1326.1600341796875
median_score: -1321.0
std_score: 129.2700958251953
percentiles: 2%=-1572.260009765625, 5%=-1550.800048828125, 10%=-1511.199951171875, 25%=-1417.5, 50%=-1321.0, 75%=-1227.0, 90%=-1164.0, 95%=-1117.7000732421875, 98%=-1098.93994140625
ranking_best_algo: NLOPT_LN_PRAXIS
ranking_best_score: 1607.12
ranking_my_rank: 198/504 (60.9%)
ranking_my_percent: 60.91269841269841
