ConfigName: kfr__advglobalrankweighted__M5__L11__eps0p01__g0p003__ds0p01__dm0p01
Problem: QUBO
Kernel: fr
Advantage: globalrankweighted
M: 5
lambda: 11
epsilon_svgd: 0.01
gamma: 0.003
decay_start_ratio: 0.01
decay_min_factor: 0.01
bandwith_kernel: None
no_interact: False
avg_score: -413.8599853515625
median_score: -416.0
std_score: 22.909832000732422
percentiles: 2%=-454.29998779296875, 5%=-451.04998779296875, 10%=-440.20001220703125, 25%=-430.0, 50%=-416.0, 75%=-396.0, 90%=-381.79998779296875, 95%=-378.95001220703125, 98%=-375.91998291015625
ranking_best_algo: Tabu
ranking_best_score: 438.12
ranking_my_rank: 57/504 (88.9%)
ranking_my_percent: 88.88888888888889
