ConfigName: krbf__advnormalizedfitness__M4__L15__eps0p015__g0p015__ds0p3__dm0p01
Problem: NK
Kernel: rbf
Advantage: normalizedfitness
M: 4
lambda: 15
epsilon_svgd: 0.015
gamma: 0.015
decay_start_ratio: 0.3
decay_min_factor: 0.01
bandwith_kernel: None
no_interact: False
avg_score: 0.6852487921714783
median_score: 0.6849677562713623
std_score: 0.013401116244494915
percentiles: 2%=0.6608662009239197, 5%=0.6624884605407715, 10%=0.6691640019416809, 25%=0.6764639019966125, 50%=0.6849677562713623, 75%=0.69504714012146, 90%=0.7028264403343201, 95%=0.7065538167953491, 98%=0.7148099541664124
ranking_best_algo: PBIL
ranking_best_score: 0.730509098125
ranking_my_rank: 312/504 (38.3%)
ranking_my_percent: 38.29365079365079
