ConfigName: kjsd__advperagentrankweighted__M3__L24__eps0p005__g0p0005__ds0p05__dm0p2
Problem: QUBO
Kernel: jsd
Advantage: peragentrankweighted
M: 3
lambda: 24
epsilon_svgd: 0.005
gamma: 0.0005
decay_start_ratio: 0.05
decay_min_factor: 0.2
bandwith_kernel: None
no_interact: False
avg_score: -3278.300048828125
median_score: -3285.0
std_score: 118.81494903564453
percentiles: 2%=-3496.699951171875, 5%=-3459.050048828125, 10%=-3420.60009765625, 25%=-3359.0, 50%=-3285.0, 75%=-3194.25, 90%=-3116.60009765625, 95%=-3066.89990234375, 98%=-3062.659912109375
ranking_best_algo: RLSOnePlusOne
ranking_best_score: 3316.5199999999995
ranking_my_rank: 11/504 (98.0%)
ranking_my_percent: 98.01587301587301
