ConfigName: kfr__advglobalrankweighted__M5__L11__eps0p02__g0p007__ds0p01__dm0p01
Problem: QUBO
Kernel: fr
Advantage: globalrankweighted
M: 5
lambda: 11
epsilon_svgd: 0.02
gamma: 0.007
decay_start_ratio: 0.01
decay_min_factor: 0.01
bandwith_kernel: None
no_interact: False
avg_score: -409.29998779296875
median_score: -408.0
std_score: 26.21583366394043
percentiles: 2%=-469.0400085449219, 5%=-452.25, 10%=-447.0, 25%=-424.25, 50%=-408.0, 75%=-390.0, 90%=-374.0, 95%=-369.9000244140625, 98%=-361.9599914550781
ranking_best_algo: Tabu
ranking_best_score: 438.12
ranking_my_rank: 111/504 (78.2%)
ranking_my_percent: 78.17460317460318
