ConfigName: kjsd__advperagentrankweighted__M4__L24__eps0p02__g0p0003__ds0p05__dm0p05
Problem: QUBO
Kernel: jsd
Advantage: peragentrankweighted
M: 4
lambda: 24
epsilon_svgd: 0.02
gamma: 0.0003
decay_start_ratio: 0.05
decay_min_factor: 0.05
bandwith_kernel: None
no_interact: False
avg_score: -437.6000061035156
median_score: -441.0
std_score: 24.61463165283203
percentiles: 2%=-485.0799865722656, 5%=-479.1000061035156, 10%=-464.29998779296875, 25%=-456.0, 50%=-441.0, 75%=-419.0, 90%=-405.70001220703125, 95%=-400.0, 98%=-387.8999938964844
ranking_best_algo: CMApara
ranking_best_score: 453.82
ranking_my_rank: 28/504 (94.6%)
ranking_my_percent: 94.64285714285714
