ConfigName: krbf__advnormalizedfitness__M1__L8__eps0p025__g0p015__ds0p01__dm0p3
Problem: QUBO
Kernel: rbf
Advantage: normalizedfitness
M: 1
lambda: 8
epsilon_svgd: 0.025
gamma: 0.015
decay_start_ratio: 0.01
decay_min_factor: 0.3
bandwith_kernel: None
no_interact: False
avg_score: -905.5
median_score: -902.5
std_score: 71.23236846923828
percentiles: 2%=-1061.0799560546875, 5%=-1025.75, 10%=-997.0, 25%=-954.0, 50%=-902.5, 75%=-865.75, 90%=-823.7000122070312, 95%=-786.9000244140625, 98%=-768.9199829101562
ranking_best_algo: CMApara
ranking_best_score: 964.9
ranking_my_rank: 102/504 (80.0%)
ranking_my_percent: 79.96031746031746
