ConfigName: kjsd__advperagentrankweighted__M4__L12__eps0p005__g0p001__ds0p05__dm0p05
Problem: QUBO
Kernel: jsd
Advantage: peragentrankweighted
M: 4
lambda: 12
epsilon_svgd: 0.005
gamma: 0.001
decay_start_ratio: 0.05
decay_min_factor: 0.05
bandwith_kernel: None
no_interact: False
avg_score: -1193.5799560546875
median_score: -1191.0
std_score: 57.74948501586914
percentiles: 2%=-1349.1600341796875, 5%=-1283.6500244140625, 10%=-1263.699951171875, 25%=-1227.25, 50%=-1191.0, 75%=-1154.5, 90%=-1124.0, 95%=-1108.0, 98%=-1096.93994140625
ranking_best_algo: Tabu
ranking_best_score: 1216.16
ranking_my_rank: 48/504 (90.7%)
ranking_my_percent: 90.67460317460318
