ConfigName: kjsd__advperagentrankweighted__M3__L16__eps0p007__g0p003__ds0p05__dm0p05
Problem: QUBO
Kernel: jsd
Advantage: peragentrankweighted
M: 3
lambda: 16
epsilon_svgd: 0.007
gamma: 0.003
decay_start_ratio: 0.05
decay_min_factor: 0.05
bandwith_kernel: None
no_interact: False
avg_score: -148.0399932861328
median_score: -146.0
std_score: 14.833690643310547
percentiles: 2%=-179.0, 5%=-179.0, 10%=-164.0, 25%=-155.0, 50%=-146.0, 75%=-141.0, 90%=-130.8000030517578, 95%=-125.4000015258789, 98%=-113.0
ranking_best_algo: CMApara
ranking_best_score: 154.28
ranking_my_rank: 86/504 (83.1%)
ranking_my_percent: 83.13492063492063
