ConfigName: kjsd__advperagentrankweighted__M5__L12__eps0p03__g0p0007__ds0p05__dm0p05
Problem: QUBO
Kernel: jsd
Advantage: peragentrankweighted
M: 5
lambda: 12
epsilon_svgd: 0.03
gamma: 0.0007
decay_start_ratio: 0.05
decay_min_factor: 0.05
bandwith_kernel: None
no_interact: False
avg_score: -1611.0400390625
median_score: -1611.5
std_score: 51.54317092895508
percentiles: 2%=-1717.0799560546875, 5%=-1691.25, 10%=-1671.0, 25%=-1653.25, 50%=-1611.5, 75%=-1578.0, 90%=-1540.800048828125, 95%=-1524.800048828125, 98%=-1512.800048828125
ranking_best_algo: NLOPT_LN_PRAXIS
ranking_best_score: 1607.12
ranking_my_rank: 1/504 (100.0%)
ranking_my_percent: 100.0
