ConfigName: krbf__advnormalizedfitness__M2__L10__eps0p015__g0p015__ds0p01__dm0p01
Problem: QUBO
Kernel: rbf
Advantage: normalizedfitness
M: 2
lambda: 10
epsilon_svgd: 0.015
gamma: 0.015
decay_start_ratio: 0.01
decay_min_factor: 0.01
bandwith_kernel: None
no_interact: False
avg_score: -1284.6400146484375
median_score: -1290.0
std_score: 61.97039794921875
percentiles: 2%=-1416.260009765625, 5%=-1391.050048828125, 10%=-1367.0, 25%=-1324.5, 50%=-1290.0, 75%=-1233.75, 90%=-1208.5999755859375, 95%=-1190.699951171875, 98%=-1174.8599853515625
ranking_best_algo: BigLognormalDiscreteOnePlusOne
ranking_best_score: 1301.3600000000004
ranking_my_rank: 5/504 (99.2%)
ranking_my_percent: 99.2063492063492
