ConfigName: krbf__advnormalizedfitness__M4__L15__eps0p033__g0p01__ds0p01__dm0p3
Problem: NK
Kernel: rbf
Advantage: normalizedfitness
M: 4
lambda: 15
epsilon_svgd: 0.033
gamma: 0.01
decay_start_ratio: 0.01
decay_min_factor: 0.3
bandwith_kernel: None
no_interact: False
avg_score: 0.7079510688781738
median_score: 0.7093276977539062
std_score: 0.015275046229362488
percentiles: 2%=0.6683239340782166, 5%=0.670597493648529, 10%=0.6942018270492554, 25%=0.7036325931549072, 50%=0.7093276977539062, 75%=0.7167364954948425, 90%=0.7243507504463196, 95%=0.7287499904632568, 98%=0.7308796048164368
ranking_best_algo: CMApara
ranking_best_score: 0.707475975
ranking_my_rank: 1/504 (100.0%)
ranking_my_percent: 100.0
