ConfigName: kjsd__advperagentrankweighted__M3__L20__eps0p007__g0p001__ds0p1__dm0p05
Problem: NK
Kernel: jsd
Advantage: peragentrankweighted
M: 3
lambda: 20
epsilon_svgd: 0.007
gamma: 0.001
decay_start_ratio: 0.1
decay_min_factor: 0.05
bandwith_kernel: None
no_interact: False
avg_score: 0.7496547102928162
median_score: 0.7500506639480591
std_score: 0.009168983437120914
percentiles: 2%=0.7319788932800293, 5%=0.735340416431427, 10%=0.7393752336502075, 25%=0.7428377866744995, 50%=0.7500506639480591, 75%=0.7551664710044861, 90%=0.7615156769752502, 95%=0.7652308940887451, 98%=0.7685737609863281
ranking_best_algo: PBIL
ranking_best_score: 0.733570253046875
ranking_my_rank: 1/504 (100.0%)
ranking_my_percent: 100.0
