ConfigName: kjsd__advperagentrankweighted__M4__L28__eps0p005__g0p0005__ds0p05__dm0p05
Problem: NK
Kernel: jsd
Advantage: peragentrankweighted
M: 4
lambda: 28
epsilon_svgd: 0.005
gamma: 0.0005
decay_start_ratio: 0.05
decay_min_factor: 0.05
bandwith_kernel: None
no_interact: False
avg_score: 0.7385255694389343
median_score: 0.7399560809135437
std_score: 0.008158277720212936
percentiles: 2%=0.7225152850151062, 5%=0.7245785593986511, 10%=0.7256600260734558, 25%=0.7325879335403442, 50%=0.7399560809135437, 75%=0.7437755465507507, 90%=0.7488107085227966, 95%=0.7513952255249023, 98%=0.7531929016113281
ranking_best_algo: PBIL
ranking_best_score: 0.730509098125
ranking_my_rank: 1/504 (100.0%)
ranking_my_percent: 100.0
