ConfigName: kjsd__advperagentrankweighted__M10__L24__eps0p008__g0p0005__ds0p3__dm0p05
Problem: QUBO
Kernel: jsd
Advantage: peragentrankweighted
M: 10
lambda: 24
epsilon_svgd: 0.008
gamma: 0.0005
decay_start_ratio: 0.3
decay_min_factor: 0.05
bandwith_kernel: None
no_interact: False
avg_score: -410.3800048828125
median_score: -412.0
std_score: 31.822250366210938
percentiles: 2%=-461.260009765625, 5%=-453.1499938964844, 10%=-447.29998779296875, 25%=-433.0, 50%=-412.0, 75%=-392.0, 90%=-368.3999938964844, 95%=-355.95001220703125, 98%=-336.94000244140625
ranking_best_algo: CMApara
ranking_best_score: 453.82
ranking_my_rank: 236/504 (53.4%)
ranking_my_percent: 53.37301587301587
