ConfigName: kjsd__advperagentrankweighted__M3__L16__eps0p007__g0p0005__ds0p1__dm0p05
Problem: QUBO
Kernel: jsd
Advantage: peragentrankweighted
M: 3
lambda: 16
epsilon_svgd: 0.007
gamma: 0.0005
decay_start_ratio: 0.1
decay_min_factor: 0.05
bandwith_kernel: None
no_interact: False
avg_score: -308.4200134277344
median_score: -310.0
std_score: 39.872589111328125
percentiles: 2%=-396.0400085449219, 5%=-388.29998779296875, 10%=-355.3999938964844, 25%=-334.0, 50%=-310.0, 75%=-273.75, 90%=-265.8999938964844, 95%=-259.8500061035156, 98%=-250.0
ranking_best_algo: CMApara
ranking_best_score: 319.29999999999995
ranking_my_rank: 88/504 (82.7%)
ranking_my_percent: 82.73809523809524
