ConfigName: krbf__advnormalizedfitness__M4__L8__eps0p025__g0p015__ds0p01__dm0p01
Problem: NK
Kernel: rbf
Advantage: normalizedfitness
M: 4
lambda: 8
epsilon_svgd: 0.025
gamma: 0.015
decay_start_ratio: 0.01
decay_min_factor: 0.01
bandwith_kernel: None
no_interact: False
avg_score: 0.7534722089767456
median_score: 0.7551875114440918
std_score: 0.014303596690297127
percentiles: 2%=0.7230304479598999, 5%=0.7307692170143127, 10%=0.7337940335273743, 25%=0.7433956861495972, 50%=0.7551875114440918, 75%=0.7645772695541382, 90%=0.7707259654998779, 95%=0.7719512581825256, 98%=0.7811163663864136
ranking_best_algo: Tabu
ranking_best_score: 0.7657846284375001
ranking_my_rank: 9/504 (98.4%)
ranking_my_percent: 98.41269841269842
