ConfigName: kjsd__advperagentrankweighted__M3__L16__eps0p01__g0p0007__ds0p2__dm0p2
Problem: NK
Kernel: jsd
Advantage: peragentrankweighted
M: 3
lambda: 16
epsilon_svgd: 0.01
gamma: 0.0007
decay_start_ratio: 0.2
decay_min_factor: 0.2
bandwith_kernel: None
no_interact: False
avg_score: 0.7439433336257935
median_score: 0.7436812520027161
std_score: 0.009826546534895897
percentiles: 2%=0.7297957539558411, 5%=0.7310459017753601, 10%=0.7312888503074646, 25%=0.7361018657684326, 50%=0.7436812520027161, 75%=0.7509740591049194, 90%=0.7556908130645752, 95%=0.7619537711143494, 98%=0.7656979560852051
ranking_best_algo: PBIL
ranking_best_score: 0.733570253046875
ranking_my_rank: 1/504 (100.0%)
ranking_my_percent: 100.0
