ConfigName: kjsd__advperagentrankweighted__M5__L8__eps0p01__g0p003__ds0p05__dm0p2
Problem: QUBO
Kernel: jsd
Advantage: peragentrankweighted
M: 5
lambda: 8
epsilon_svgd: 0.01
gamma: 0.003
decay_start_ratio: 0.05
decay_min_factor: 0.2
bandwith_kernel: None
no_interact: False
avg_score: -140.13999938964844
median_score: -141.0
std_score: 10.834223747253418
percentiles: 2%=-159.02000427246094, 5%=-158.0500030517578, 10%=-156.10000610351562, 25%=-146.0, 50%=-141.0, 75%=-131.0, 90%=-127.0, 95%=-125.0, 98%=-122.80000305175781
ranking_best_algo: DiscreteDE
ranking_best_score: 143.4
ranking_my_rank: 79/504 (84.5%)
ranking_my_percent: 84.52380952380952
