ConfigName: kjsd__advperagentrankweighted__M3__L16__eps0p005__g0p0007__ds0p1__dm0p1
Problem: QUBO
Kernel: jsd
Advantage: peragentrankweighted
M: 3
lambda: 16
epsilon_svgd: 0.005
gamma: 0.0007
decay_start_ratio: 0.1
decay_min_factor: 0.1
bandwith_kernel: None
no_interact: False
avg_score: -578.1599731445312
median_score: -578.5
std_score: 28.64916229248047
percentiles: 2%=-631.02001953125, 5%=-627.0999755859375, 10%=-617.4000244140625, 25%=-596.0, 50%=-578.5, 75%=-561.75, 90%=-539.9000244140625, 95%=-526.0, 98%=-518.97998046875
ranking_best_algo: Tabu
ranking_best_score: 588.7199999999999
ranking_my_rank: 42/503 (91.8%)
ranking_my_percent: 91.84890656063618
