ConfigName: kjsd__advperagentrankweighted__M3__L30__eps0p007__g0p0005__ds0p2__dm0p2
Problem: NK
Kernel: jsd
Advantage: peragentrankweighted
M: 3
lambda: 30
epsilon_svgd: 0.007
gamma: 0.0005
decay_start_ratio: 0.2
decay_min_factor: 0.2
bandwith_kernel: None
no_interact: False
avg_score: 0.7543992400169373
median_score: 0.7559375762939453
std_score: 0.014550036750733852
percentiles: 2%=0.7273154854774475, 5%=0.7301299571990967, 10%=0.7349613904953003, 25%=0.7417928576469421, 50%=0.7559375762939453, 75%=0.7657659649848938, 90%=0.7716951370239258, 95%=0.7773927450180054, 98%=0.7810879945755005
ranking_best_algo: Tabu
ranking_best_score: 0.7657846284375001
ranking_my_rank: 7/504 (98.8%)
ranking_my_percent: 98.80952380952381
