ConfigName: krbf__advnormalizedfitness__M4__L12__eps0p033__g0p015__ds0p3__dm0p01
Problem: QUBO
Kernel: rbf
Advantage: normalizedfitness
M: 4
lambda: 12
epsilon_svgd: 0.033
gamma: 0.015
decay_start_ratio: 0.3
decay_min_factor: 0.01
bandwith_kernel: None
no_interact: False
avg_score: -307.4599914550781
median_score: -310.0
std_score: 40.0712890625
percentiles: 2%=-392.0400085449219, 5%=-386.1000061035156, 10%=-360.6000061035156, 25%=-326.0, 50%=-310.0, 75%=-269.0, 90%=-261.0, 95%=-251.90000915527344, 98%=-250.0
ranking_best_algo: CMApara
ranking_best_score: 319.29999999999995
ranking_my_rank: 96/504 (81.2%)
ranking_my_percent: 81.15079365079364
