ConfigName: kjsd__advperagentrankweighted__M6__L28__eps0p005__g0p0005__ds0p3__dm0p05
Problem: QUBO
Kernel: jsd
Advantage: peragentrankweighted
M: 6
lambda: 28
epsilon_svgd: 0.005
gamma: 0.0005
decay_start_ratio: 0.3
decay_min_factor: 0.05
bandwith_kernel: None
no_interact: False
avg_score: -202.0800018310547
median_score: -201.5
std_score: 11.642748832702637
percentiles: 2%=-224.0, 5%=-222.0, 10%=-218.0, 25%=-209.0, 50%=-201.5, 75%=-194.0, 90%=-185.89999389648438, 95%=-181.9499969482422, 98%=-179.94000244140625
ranking_best_algo: Tabu
ranking_best_score: 208.36000000000004
ranking_my_rank: 35/504 (93.3%)
ranking_my_percent: 93.25396825396825
