ConfigName: kjsd__advperagentrankweighted__M3__L20__eps0p005__g0p001__ds0p05__dm0p2
Problem: QUBO
Kernel: jsd
Advantage: peragentrankweighted
M: 3
lambda: 20
epsilon_svgd: 0.005
gamma: 0.001
decay_start_ratio: 0.05
decay_min_factor: 0.2
bandwith_kernel: None
no_interact: False
avg_score: -1188.52001953125
median_score: -1171.0
std_score: 64.8878173828125
percentiles: 2%=-1339.0, 5%=-1307.800048828125, 10%=-1278.800048828125, 25%=-1233.0, 50%=-1171.0, 75%=-1141.0, 90%=-1112.9000244140625, 95%=-1103.5999755859375, 98%=-1085.8800048828125
ranking_best_algo: Tabu
ranking_best_score: 1216.16
ranking_my_rank: 61/504 (88.1%)
ranking_my_percent: 88.0952380952381
