ConfigName: kjsd__advperagentrankweighted__M4__L10__eps0p02__g0p0005__ds0p05__dm0p05
Problem: QUBO
Kernel: jsd
Advantage: peragentrankweighted
M: 4
lambda: 10
epsilon_svgd: 0.02
gamma: 0.0005
decay_start_ratio: 0.05
decay_min_factor: 0.05
bandwith_kernel: None
no_interact: False
avg_score: -933.0999755859375
median_score: -921.5
std_score: 67.61693572998047
percentiles: 2%=-1066.0799560546875, 5%=-1050.199951171875, 10%=-1035.199951171875, 25%=-974.0, 50%=-921.5, 75%=-881.0, 90%=-848.9000244140625, 95%=-830.5, 98%=-811.0
ranking_best_algo: CMApara
ranking_best_score: 964.9
ranking_my_rank: 19/504 (96.4%)
ranking_my_percent: 96.42857142857143
