ConfigName: kjsd__advperagentrankweighted__M3__L30__eps0p005__g0p001__ds0p1__dm0p1
Problem: NK
Kernel: jsd
Advantage: peragentrankweighted
M: 3
lambda: 30
epsilon_svgd: 0.005
gamma: 0.001
decay_start_ratio: 0.1
decay_min_factor: 0.1
bandwith_kernel: None
no_interact: False
avg_score: 0.7069553136825562
median_score: 0.7100316286087036
std_score: 0.011829315684735775
percentiles: 2%=0.687859833240509, 5%=0.6890753507614136, 10%=0.6911236643791199, 25%=0.6957021951675415, 50%=0.7100316286087036, 75%=0.7179674506187439, 90%=0.7211623191833496, 95%=0.7227672338485718, 98%=0.7244115471839905
ranking_best_algo: PBIL
ranking_best_score: 0.7013553837109374
ranking_my_rank: 1/504 (100.0%)
ranking_my_percent: 100.0
