ConfigName: krbf__advnormalizedfitness__M4__L15__eps0p02__g0p001__ds0p05__dm0p05
Problem: NK
Kernel: rbf
Advantage: normalizedfitness
M: 4
lambda: 15
epsilon_svgd: 0.02
gamma: 0.001
decay_start_ratio: 0.05
decay_min_factor: 0.05
bandwith_kernel: None
no_interact: False
avg_score: 0.7058077454566956
median_score: 0.7073100805282593
std_score: 0.011670168489217758
percentiles: 2%=0.6847259998321533, 5%=0.688275933265686, 10%=0.690000057220459, 25%=0.6950205564498901, 50%=0.7073100805282593, 75%=0.7160021066665649, 90%=0.7191551327705383, 95%=0.7220799326896667, 98%=0.7228209972381592
ranking_best_algo: PBIL
ranking_best_score: 0.7013553837109374
ranking_my_rank: 1/504 (100.0%)
ranking_my_percent: 100.0
