ConfigName: kjsd__advperagentrankweighted__M3__L18__eps0p007__g0p0005__ds0p1__dm0p05
Problem: NK
Kernel: jsd
Advantage: peragentrankweighted
M: 3
lambda: 18
epsilon_svgd: 0.007
gamma: 0.0005
decay_start_ratio: 0.1
decay_min_factor: 0.05
bandwith_kernel: None
no_interact: False
avg_score: 0.7219589352607727
median_score: 0.7213045358657837
std_score: 0.007950320839881897
percentiles: 2%=0.7084435820579529, 5%=0.7124679088592529, 10%=0.7130714654922485, 25%=0.7157704830169678, 50%=0.7213045358657837, 75%=0.7265318036079407, 90%=0.7315037846565247, 95%=0.7374690771102905, 98%=0.7387921214103699
ranking_best_algo: PBIL
ranking_best_score: 0.7170882103515624
ranking_my_rank: 1/504 (100.0%)
ranking_my_percent: 100.0
