ConfigName: krbf__advnormalizedfitness__M3__L15__eps0p025__g0p005__ds0p01__dm0p3
Problem: QUBO
Kernel: rbf
Advantage: normalizedfitness
M: 3
lambda: 15
epsilon_svgd: 0.025
gamma: 0.005
decay_start_ratio: 0.01
decay_min_factor: 0.3
bandwith_kernel: None
no_interact: False
avg_score: -1185.739990234375
median_score: -1187.5
std_score: 66.26788330078125
percentiles: 2%=-1330.4200439453125, 5%=-1296.25, 10%=-1275.300048828125, 25%=-1228.0, 50%=-1187.5, 75%=-1142.5, 90%=-1097.699951171875, 95%=-1084.5, 98%=-1057.739990234375
ranking_best_algo: SVMMetaModelLogNormal
ranking_best_score: 1233.7999999999997
ranking_my_rank: 58/504 (88.7%)
ranking_my_percent: 88.69047619047619
