ConfigName: kjsd__advperagentrankweighted__M3__L18__eps0p005__g0p001__ds0p1__dm0p1
Problem: NK
Kernel: jsd
Advantage: peragentrankweighted
M: 3
lambda: 18
epsilon_svgd: 0.005
gamma: 0.001
decay_start_ratio: 0.1
decay_min_factor: 0.1
bandwith_kernel: None
no_interact: False
avg_score: 0.7376471757888794
median_score: 0.7383161783218384
std_score: 0.014615889638662338
percentiles: 2%=0.7069339752197266, 5%=0.7110936045646667, 10%=0.7198739647865295, 25%=0.7304234504699707, 50%=0.7383161783218384, 75%=0.7452995777130127, 90%=0.7562940120697021, 95%=0.7607139348983765, 98%=0.7649573683738708
ranking_best_algo: Tabu
ranking_best_score: 0.7601875690625
ranking_my_rank: 20/504 (96.2%)
ranking_my_percent: 96.23015873015873
