ConfigName: kfr__advglobalrankweighted__M4__L10__eps0p02__g0p005__ds0p01__dm0p01
Problem: QUBO
Kernel: fr
Advantage: globalrankweighted
M: 4
lambda: 10
epsilon_svgd: 0.02
gamma: 0.005
decay_start_ratio: 0.01
decay_min_factor: 0.01
bandwith_kernel: None
no_interact: False
avg_score: -146.05999755859375
median_score: -146.0
std_score: 12.428853034973145
percentiles: 2%=-179.0, 5%=-164.0, 10%=-158.1999969482422, 25%=-154.25, 50%=-146.0, 75%=-138.75, 90%=-130.60000610351562, 95%=-124.8499984741211, 98%=-117.0
ranking_best_algo: CMApara
ranking_best_score: 154.28
ranking_my_rank: 128/504 (74.8%)
ranking_my_percent: 74.8015873015873
