ConfigName: krbf__advglobalrankweighted__M4__L9__eps0p01__g0p003__ds0p01__dm0p01
Problem: QUBO
Kernel: rbf
Advantage: globalrankweighted
M: 4
lambda: 9
epsilon_svgd: 0.01
gamma: 0.003
decay_start_ratio: 0.01
decay_min_factor: 0.01
bandwith_kernel: None
no_interact: False
avg_score: -3206.300048828125
median_score: -3193.0
std_score: 144.11520385742188
percentiles: 2%=-3518.080078125, 5%=-3440.10009765625, 10%=-3416.39990234375, 25%=-3312.25, 50%=-3193.0, 75%=-3096.5, 90%=-3034.0, 95%=-3002.949951171875, 98%=-2964.999755859375
ranking_best_algo: RLSOnePlusOne
ranking_best_score: 3316.5199999999995
ranking_my_rank: 53/504 (89.7%)
ranking_my_percent: 89.68253968253968
