ConfigName: krbf__advnormalizedfitness__M3__L10__eps0p025__g0p007__ds0p01__dm0p01
Problem: QUBO
Kernel: rbf
Advantage: normalizedfitness
M: 3
lambda: 10
epsilon_svgd: 0.025
gamma: 0.007
decay_start_ratio: 0.01
decay_min_factor: 0.01
bandwith_kernel: None
no_interact: False
avg_score: -939.0999755859375
median_score: -938.5
std_score: 66.54088592529297
percentiles: 2%=-1064.0799560546875, 5%=-1050.0, 10%=-1024.199951171875, 25%=-988.25, 50%=-938.5, 75%=-886.0, 90%=-856.2999877929688, 95%=-836.6000366210938, 98%=-806.9599609375
ranking_best_algo: CMApara
ranking_best_score: 964.9
ranking_my_rank: 7/504 (98.8%)
ranking_my_percent: 98.80952380952381
