ConfigName: kjsd__advperagentrankweighted__M5__L24__eps0p02__g0p0005__ds0p05__dm0p05
Problem: QUBO
Kernel: jsd
Advantage: peragentrankweighted
M: 5
lambda: 24
epsilon_svgd: 0.02
gamma: 0.0005
decay_start_ratio: 0.05
decay_min_factor: 0.05
bandwith_kernel: None
no_interact: False
avg_score: -2648.5400390625
median_score: -2652.5
std_score: 112.23096466064453
percentiles: 2%=-2846.760009765625, 5%=-2809.64990234375, 10%=-2784.300048828125, 25%=-2730.25, 50%=-2652.5, 75%=-2559.5, 90%=-2493.39990234375, 95%=-2470.85009765625, 98%=-2423.860107421875
ranking_best_algo: DiscreteLengler2OnePlusOne
ranking_best_score: 2617.04
ranking_my_rank: 1/504 (100.0%)
ranking_my_percent: 100.0
