ConfigName: kjsd__advperagentrankweighted__M3__L20__eps0p005__g0p001__ds0p1__dm0p1
Problem: NK
Kernel: jsd
Advantage: peragentrankweighted
M: 3
lambda: 20
epsilon_svgd: 0.005
gamma: 0.001
decay_start_ratio: 0.1
decay_min_factor: 0.1
bandwith_kernel: None
no_interact: False
avg_score: 0.7314512729644775
median_score: 0.7310104966163635
std_score: 0.01000758446753025
percentiles: 2%=0.7103965878486633, 5%=0.7147894501686096, 10%=0.7188114523887634, 25%=0.725257396697998, 50%=0.7310104966163635, 75%=0.7376369833946228, 90%=0.7445834279060364, 95%=0.7484355568885803, 98%=0.749969482421875
ranking_best_algo: Tabu
ranking_best_score: 0.7429702712499999
ranking_my_rank: 2/504 (99.8%)
ranking_my_percent: 99.8015873015873
