ConfigName: kjsd__advperagentrankweighted__M3__L16__eps0p007__g0p0005__ds0p1__dm0p2
Problem: NK
Kernel: jsd
Advantage: peragentrankweighted
M: 3
lambda: 16
epsilon_svgd: 0.007
gamma: 0.0005
decay_start_ratio: 0.1
decay_min_factor: 0.2
bandwith_kernel: None
no_interact: False
avg_score: 0.7359140515327454
median_score: 0.7356979250907898
std_score: 0.013298433274030685
percentiles: 2%=0.7124281525611877, 5%=0.7173449397087097, 10%=0.7215419411659241, 25%=0.7271256446838379, 50%=0.7356979250907898, 75%=0.7444640398025513, 90%=0.7513620257377625, 95%=0.75932377576828, 98%=0.7668470144271851
ranking_best_algo: Tabu
ranking_best_score: 0.7601875690625
ranking_my_rank: 24/504 (95.4%)
ranking_my_percent: 95.43650793650794
