ConfigName: kjsd__advperagentrankweighted__M5__L24__eps0p02__g0p0003__ds0p2__dm0p05
Problem: NK
Kernel: jsd
Advantage: peragentrankweighted
M: 5
lambda: 24
epsilon_svgd: 0.02
gamma: 0.0003
decay_start_ratio: 0.2
decay_min_factor: 0.05
bandwith_kernel: None
no_interact: False
avg_score: 0.7397490739822388
median_score: 0.7392249703407288
std_score: 0.013520960696041584
percentiles: 2%=0.7154554128646851, 5%=0.7200003266334534, 10%=0.7220118641853333, 25%=0.7306212782859802, 50%=0.7392249703407288, 75%=0.7485325336456299, 90%=0.7561842203140259, 95%=0.762474000453949, 98%=0.7705730199813843
ranking_best_algo: Tabu
ranking_best_score: 0.7601875690625
ranking_my_rank: 15/504 (97.2%)
ranking_my_percent: 97.22222222222223
