ConfigName: krbf__advnormalizedfitness__M3__L12__eps0p015__g0p01__ds0p15__dm0p3
Problem: QUBO
Kernel: rbf
Advantage: normalizedfitness
M: 3
lambda: 12
epsilon_svgd: 0.015
gamma: 0.01
decay_start_ratio: 0.15
decay_min_factor: 0.3
bandwith_kernel: None
no_interact: False
avg_score: -925.5800170898438
median_score: -920.0
std_score: 114.51761627197266
percentiles: 2%=-1165.3800048828125, 5%=-1132.5, 10%=-1074.199951171875, 25%=-985.5, 50%=-920.0, 75%=-855.75, 90%=-784.0, 95%=-750.6000366210938, 98%=-708.9599609375
ranking_best_algo: NLOPT_LN_PRAXIS
ranking_best_score: 1607.12
ranking_my_rank: 324/504 (35.9%)
ranking_my_percent: 35.91269841269841
