ConfigName: kjsd__advperagentrankweighted__M4__L20__eps0p005__g0p001__ds0p05__dm0p2
Problem: QUBO
Kernel: jsd
Advantage: peragentrankweighted
M: 4
lambda: 20
epsilon_svgd: 0.005
gamma: 0.001
decay_start_ratio: 0.05
decay_min_factor: 0.2
bandwith_kernel: None
no_interact: False
avg_score: -1503.6199951171875
median_score: -1495.0
std_score: 94.6439437866211
percentiles: 2%=-1680.0999755859375, 5%=-1653.4000244140625, 10%=-1619.0999755859375, 25%=-1581.75, 50%=-1495.0, 75%=-1441.5, 90%=-1370.0, 95%=-1340.800048828125, 98%=-1327.0
ranking_best_algo: NLOPT_LN_PRAXIS
ranking_best_score: 1607.12
ranking_my_rank: 76/504 (85.1%)
ranking_my_percent: 85.11904761904762
