ConfigName: kfr__advglobalrankweighted__M2__L9__eps0p02__g0p007__ds0p01__dm0p01
Problem: QUBO
Kernel: fr
Advantage: globalrankweighted
M: 2
lambda: 9
epsilon_svgd: 0.02
gamma: 0.007
decay_start_ratio: 0.01
decay_min_factor: 0.01
bandwith_kernel: None
no_interact: False
avg_score: -1239.6400146484375
median_score: -1243.0
std_score: 60.387168884277344
percentiles: 2%=-1356.1400146484375, 5%=-1343.050048828125, 10%=-1323.5, 25%=-1273.25, 50%=-1243.0, 75%=-1204.0, 90%=-1155.5, 95%=-1136.60009765625, 98%=-1126.8800048828125
ranking_best_algo: SVMMetaModelLogNormal
ranking_best_score: 1233.7999999999997
ranking_my_rank: 1/504 (100.0%)
ranking_my_percent: 100.0
