ConfigName: krbf__advnormalizedfitness__M3__L15__eps0p033__g0p005__ds0p01__dm0p01
Problem: QUBO
Kernel: rbf
Advantage: normalizedfitness
M: 3
lambda: 15
epsilon_svgd: 0.033
gamma: 0.005
decay_start_ratio: 0.01
decay_min_factor: 0.01
bandwith_kernel: None
no_interact: False
avg_score: -138.52000427246094
median_score: -140.0
std_score: 12.164275169372559
percentiles: 2%=-159.0, 5%=-157.0500030517578, 10%=-156.0, 25%=-146.0, 50%=-140.0, 75%=-129.75, 90%=-123.0, 95%=-116.90000915527344, 98%=-113.97999572753906
ranking_best_algo: DiscreteDE
ranking_best_score: 143.4
ranking_my_rank: 100/504 (80.4%)
ranking_my_percent: 80.35714285714286
