ConfigName: kfr__advglobalrankweighted__M3__L11__eps0p02__g0p007__ds0p01__dm0p01
Problem: QUBO
Kernel: fr
Advantage: globalrankweighted
M: 3
lambda: 11
epsilon_svgd: 0.02
gamma: 0.007
decay_start_ratio: 0.01
decay_min_factor: 0.01
bandwith_kernel: None
no_interact: False
avg_score: -325.8999938964844
median_score: -326.0
std_score: 23.024986267089844
percentiles: 2%=-372.0, 5%=-354.1000061035156, 10%=-350.0, 25%=-342.0, 50%=-326.0, 75%=-315.5, 90%=-305.0, 95%=-281.60003662109375, 98%=-269.9599914550781
ranking_best_algo: CMApara
ranking_best_score: 344.22
ranking_my_rank: 116/504 (77.2%)
ranking_my_percent: 77.18253968253968
