ConfigName: kjsd__advperagentrankweighted__M2__L20__eps0p005__g0p0005__ds0p05__dm0p1
Problem: NK
Kernel: jsd
Advantage: peragentrankweighted
M: 2
lambda: 20
epsilon_svgd: 0.005
gamma: 0.0005
decay_start_ratio: 0.05
decay_min_factor: 0.1
bandwith_kernel: None
no_interact: False
avg_score: 0.7052204608917236
median_score: 0.7072736024856567
std_score: 0.011625394225120544
percentiles: 2%=0.6852779984474182, 5%=0.6871429085731506, 10%=0.6895701885223389, 25%=0.6941148042678833, 50%=0.7072736024856567, 75%=0.7161803245544434, 90%=0.7189567685127258, 95%=0.7205238342285156, 98%=0.721286952495575
ranking_best_algo: PBIL
ranking_best_score: 0.7013553837109374
ranking_my_rank: 1/504 (100.0%)
ranking_my_percent: 100.0
