ConfigName: krbf__advnormalizedfitness__M2__L8__eps0p025__g0p015__ds0p01__dm0p3
Problem: QUBO
Kernel: rbf
Advantage: normalizedfitness
M: 2
lambda: 8
epsilon_svgd: 0.025
gamma: 0.015
decay_start_ratio: 0.01
decay_min_factor: 0.3
bandwith_kernel: None
no_interact: False
avg_score: -904.0599975585938
median_score: -897.0
std_score: 58.72934341430664
percentiles: 2%=-1014.0599975585938, 5%=-1006.2999877929688, 10%=-985.0999755859375, 25%=-951.0, 50%=-897.0, 75%=-857.0, 90%=-829.9000244140625, 95%=-813.0, 98%=-810.8200073242188
ranking_best_algo: CMAL3
ranking_best_score: 928.5800000000002
ranking_my_rank: 66/504 (87.1%)
ranking_my_percent: 87.10317460317461
