ConfigName: kjsd__advperagentrankweighted__M3__L30__eps0p007__g0p0005__ds0p2__dm0p1
Problem: QUBO
Kernel: jsd
Advantage: peragentrankweighted
M: 3
lambda: 30
epsilon_svgd: 0.007
gamma: 0.0005
decay_start_ratio: 0.2
decay_min_factor: 0.1
bandwith_kernel: None
no_interact: False
avg_score: -411.4800109863281
median_score: -412.0
std_score: 24.327959060668945
percentiles: 2%=-457.1600036621094, 5%=-451.04998779296875, 10%=-441.0, 25%=-428.25, 50%=-412.0, 75%=-397.5, 90%=-376.8999938964844, 95%=-371.79998779296875, 98%=-367.9200134277344
ranking_best_algo: Tabu
ranking_best_score: 438.12
ranking_my_rank: 78/504 (84.7%)
ranking_my_percent: 84.72222222222223
