ConfigName: kjsd__advperagentrankweighted__M3__L20__eps0p005__g0p0005__ds0p1__dm0p2
Problem: QUBO
Kernel: jsd
Advantage: peragentrankweighted
M: 3
lambda: 20
epsilon_svgd: 0.005
gamma: 0.0005
decay_start_ratio: 0.1
decay_min_factor: 0.2
bandwith_kernel: None
no_interact: False
avg_score: -2581.580078125
median_score: -2565.0
std_score: 126.94528198242188
percentiles: 2%=-2831.080078125, 5%=-2800.10009765625, 10%=-2758.39990234375, 25%=-2680.75, 50%=-2565.0, 75%=-2481.5, 90%=-2421.89990234375, 95%=-2395.800048828125, 98%=-2387.5
ranking_best_algo: SVM1MetaModelLogNormal
ranking_best_score: 2605.14
ranking_my_rank: 13/504 (97.6%)
ranking_my_percent: 97.61904761904762
