ConfigName: kjsd__advperagentrankweighted__M5__L10__eps0p005__g0p0003__ds0p2__dm0p05
Problem: QUBO
Kernel: jsd
Advantage: peragentrankweighted
M: 5
lambda: 10
epsilon_svgd: 0.005
gamma: 0.0003
decay_start_ratio: 0.2
decay_min_factor: 0.05
bandwith_kernel: None
no_interact: False
avg_score: -139.33999633789062
median_score: -141.0
std_score: 12.167348861694336
percentiles: 2%=-159.0, 5%=-158.0, 10%=-156.0, 25%=-147.25, 50%=-141.0, 75%=-131.0, 90%=-125.0, 95%=-118.8499984741211, 98%=-110.94000244140625
ranking_best_algo: DiscreteDE
ranking_best_score: 143.4
ranking_my_rank: 86/504 (83.1%)
ranking_my_percent: 83.13492063492063
