ConfigName: krbf__advnormalizedfitness__M3__L8__eps0p015__g0p01__ds0p3__dm0p01
Problem: NK
Kernel: rbf
Advantage: normalizedfitness
M: 3
lambda: 8
epsilon_svgd: 0.015
gamma: 0.01
decay_start_ratio: 0.3
decay_min_factor: 0.01
bandwith_kernel: None
no_interact: False
avg_score: 0.7543098330497742
median_score: 0.7533538341522217
std_score: 0.013255628757178783
percentiles: 2%=0.7256611585617065, 5%=0.7343734502792358, 10%=0.7377997636795044, 25%=0.7452602386474609, 50%=0.7533538341522217, 75%=0.7636088132858276, 90%=0.7728832364082336, 95%=0.7756298780441284, 98%=0.7774674296379089
ranking_best_algo: Tabu
ranking_best_score: 0.7470791764843752
ranking_my_rank: 1/504 (100.0%)
ranking_my_percent: 100.0
