ConfigName: kjsd__advperagentrankweighted__M4__L20__eps0p005__g0p0005__ds0p2__dm0p05
Problem: NK
Kernel: jsd
Advantage: peragentrankweighted
M: 4
lambda: 20
epsilon_svgd: 0.005
gamma: 0.0005
decay_start_ratio: 0.2
decay_min_factor: 0.05
bandwith_kernel: None
no_interact: False
avg_score: 0.7588956952095032
median_score: 0.7592666745185852
std_score: 0.01216055266559124
percentiles: 2%=0.7379107475280762, 5%=0.7426446676254272, 10%=0.7454437017440796, 25%=0.7483951449394226, 50%=0.7592666745185852, 75%=0.7675265073776245, 90%=0.7750352621078491, 95%=0.7801909446716309, 98%=0.7864071726799011
ranking_best_algo: Tabu
ranking_best_score: 0.7470791764843752
ranking_my_rank: 1/504 (100.0%)
ranking_my_percent: 100.0
