ConfigName: kjsd__advperagentrankweighted__M6__L10__eps0p02__g0p0003__ds0p05__dm0p05
Problem: QUBO
Kernel: jsd
Advantage: peragentrankweighted
M: 6
lambda: 10
epsilon_svgd: 0.02
gamma: 0.0003
decay_start_ratio: 0.05
decay_min_factor: 0.05
bandwith_kernel: None
no_interact: False
avg_score: -412.55999755859375
median_score: -413.0
std_score: 22.49725341796875
percentiles: 2%=-459.1199951171875, 5%=-451.20001220703125, 10%=-440.1000061035156, 25%=-428.0, 50%=-413.0, 75%=-399.75, 90%=-379.8999938964844, 95%=-376.0, 98%=-371.9599914550781
ranking_best_algo: Tabu
ranking_best_score: 438.12
ranking_my_rank: 67/504 (86.9%)
ranking_my_percent: 86.9047619047619
