ConfigName: krbf__advnormalizedfitness__M3__L12__eps0p015__g0p01__ds0p3__dm0p01
Problem: QUBO
Kernel: rbf
Advantage: normalizedfitness
M: 3
lambda: 12
epsilon_svgd: 0.015
gamma: 0.01
decay_start_ratio: 0.3
decay_min_factor: 0.01
bandwith_kernel: None
no_interact: False
avg_score: -139.86000061035156
median_score: -141.0
std_score: 10.222542762756348
percentiles: 2%=-158.0, 5%=-157.0500030517578, 10%=-155.10000610351562, 25%=-146.25, 50%=-141.0, 75%=-132.0, 90%=-127.0, 95%=-124.90000915527344, 98%=-121.0
ranking_best_algo: DiscreteDE
ranking_best_score: 143.4
ranking_my_rank: 80/504 (84.3%)
ranking_my_percent: 84.32539682539682
