ConfigName: kjsd__advperagentrankweighted__M3__L18__eps0p005__g0p003__ds0p1__dm0p05
Problem: NK
Kernel: jsd
Advantage: peragentrankweighted
M: 3
lambda: 18
epsilon_svgd: 0.005
gamma: 0.003
decay_start_ratio: 0.1
decay_min_factor: 0.05
bandwith_kernel: None
no_interact: False
avg_score: 0.6774129271507263
median_score: 0.6774247884750366
std_score: 0.021995501592755318
percentiles: 2%=0.6374062895774841, 5%=0.6438441872596741, 10%=0.6496002674102783, 25%=0.6591974496841431, 50%=0.6774247884750366, 75%=0.6938174366950989, 90%=0.7090519666671753, 95%=0.7129602432250977, 98%=0.7154870629310608
ranking_best_algo: Tabu
ranking_best_score: 0.7429702712499999
ranking_my_rank: 305/504 (39.7%)
ranking_my_percent: 39.682539682539684
