ConfigName: krbf__advnormalizedfitness__M4__L15__eps0p025__g0p005__ds0p01__dm0p3
Problem: NK
Kernel: rbf
Advantage: normalizedfitness
M: 4
lambda: 15
epsilon_svgd: 0.025
gamma: 0.005
decay_start_ratio: 0.01
decay_min_factor: 0.3
bandwith_kernel: None
no_interact: False
avg_score: 0.7192646861076355
median_score: 0.7215777635574341
std_score: 0.0109496945515275
percentiles: 2%=0.6946557760238647, 5%=0.6974881887435913, 10%=0.7030400037765503, 25%=0.7113713026046753, 50%=0.7215777635574341, 75%=0.7274172902107239, 90%=0.7319461703300476, 95%=0.7335333228111267, 98%=0.7369327545166016
ranking_best_algo: PBIL
ranking_best_score: 0.7248786399609374
ranking_my_rank: 7/504 (98.8%)
ranking_my_percent: 98.80952380952381
