ConfigName: krbf__advnormalizedfitness__M2__L10__eps0p015__g0p005__ds0p3__dm0p3
Problem: QUBO
Kernel: rbf
Advantage: normalizedfitness
M: 2
lambda: 10
epsilon_svgd: 0.015
gamma: 0.005
decay_start_ratio: 0.3
decay_min_factor: 0.3
bandwith_kernel: None
no_interact: False
avg_score: -1181.3199462890625
median_score: -1179.5
std_score: 54.57506561279297
percentiles: 2%=-1277.199951171875, 5%=-1262.1500244140625, 10%=-1245.0, 25%=-1220.0, 50%=-1179.5, 75%=-1143.25, 90%=-1114.699951171875, 95%=-1088.800048828125, 98%=-1068.6800537109375
ranking_best_algo: Tabu
ranking_best_score: 1216.16
ranking_my_rank: 66/504 (87.1%)
ranking_my_percent: 87.10317460317461
