ConfigName: krbf__advnormalizedfitness__M4__L12__eps0p033__g0p005__ds0p15__dm0p01
Problem: NK
Kernel: rbf
Advantage: normalizedfitness
M: 4
lambda: 12
epsilon_svgd: 0.033
gamma: 0.005
decay_start_ratio: 0.15
decay_min_factor: 0.01
bandwith_kernel: None
no_interact: False
avg_score: 0.710518479347229
median_score: 0.7111972570419312
std_score: 0.015267852693796158
percentiles: 2%=0.6721527576446533, 5%=0.673919677734375, 10%=0.6957591772079468, 25%=0.7074445486068726, 50%=0.7111972570419312, 75%=0.7203459739685059, 90%=0.7255440950393677, 95%=0.733100414276123, 98%=0.7333986759185791
ranking_best_algo: CMApara
ranking_best_score: 0.707475975
ranking_my_rank: 1/504 (100.0%)
ranking_my_percent: 100.0
