ConfigName: kjsd__advperagentrankweighted__M5__L8__eps0p01__g0p0005__ds0p2__dm0p05
Problem: QUBO
Kernel: jsd
Advantage: peragentrankweighted
M: 5
lambda: 8
epsilon_svgd: 0.01
gamma: 0.0005
decay_start_ratio: 0.2
decay_min_factor: 0.05
bandwith_kernel: None
no_interact: False
avg_score: -415.9800109863281
median_score: -414.0
std_score: 26.621036529541016
percentiles: 2%=-469.0799865722656, 5%=-469.0, 10%=-450.29998779296875, 25%=-434.5, 50%=-414.0, 75%=-395.5, 90%=-387.8999938964844, 95%=-376.0, 98%=-371.9599914550781
ranking_best_algo: Tabu
ranking_best_score: 438.12
ranking_my_rank: 45/504 (91.3%)
ranking_my_percent: 91.26984126984127
