ConfigName: kjsd__advperagentrankweighted__M3__L20__eps0p005__g0p003__ds0p05__dm0p05
Problem: QUBO
Kernel: jsd
Advantage: peragentrankweighted
M: 3
lambda: 20
epsilon_svgd: 0.005
gamma: 0.003
decay_start_ratio: 0.05
decay_min_factor: 0.05
bandwith_kernel: None
no_interact: False
avg_score: -914.3400268554688
median_score: -902.0
std_score: 71.59849548339844
percentiles: 2%=-1070.0400390625, 5%=-1043.449951171875, 10%=-1008.0999755859375, 25%=-968.0, 50%=-902.0, 75%=-859.75, 90%=-821.0, 95%=-814.9500122070312, 98%=-804.9199829101562
ranking_best_algo: CMApara
ranking_best_score: 964.9
ranking_my_rank: 73/504 (85.7%)
ranking_my_percent: 85.71428571428571
