ConfigName: krbf__advnormalizedfitness__M3__L15__eps0p025__g0p005__ds0p3__dm0p3
Problem: QUBO
Kernel: rbf
Advantage: normalizedfitness
M: 3
lambda: 15
epsilon_svgd: 0.025
gamma: 0.005
decay_start_ratio: 0.3
decay_min_factor: 0.3
bandwith_kernel: None
no_interact: False
avg_score: -2409.199951171875
median_score: -2415.5
std_score: 180.10662841796875
percentiles: 2%=-2708.239990234375, 5%=-2669.75, 10%=-2628.39990234375, 25%=-2558.75, 50%=-2415.5, 75%=-2247.25, 90%=-2163.300048828125, 95%=-2116.85009765625, 98%=-2107.8798828125
ranking_best_algo: SVM1MetaModelLogNormal
ranking_best_score: 2605.14
ranking_my_rank: 94/504 (81.5%)
ranking_my_percent: 81.54761904761905
