ConfigName: kjsd__advperagentrankweighted__M5__L10__eps0p005__g0p0007__ds0p05__dm0p2
Problem: NK
Kernel: jsd
Advantage: peragentrankweighted
M: 5
lambda: 10
epsilon_svgd: 0.005
gamma: 0.0007
decay_start_ratio: 0.05
decay_min_factor: 0.2
bandwith_kernel: None
no_interact: False
avg_score: 0.7419378757476807
median_score: 0.7410223484039307
std_score: 0.009368368424475193
percentiles: 2%=0.723331868648529, 5%=0.7281184196472168, 10%=0.7317553162574768, 25%=0.7351605296134949, 50%=0.7410223484039307, 75%=0.7496908903121948, 90%=0.7541694641113281, 95%=0.756434977054596, 98%=0.758094847202301
ranking_best_algo: PBIL
ranking_best_score: 0.733570253046875
ranking_my_rank: 1/504 (100.0%)
ranking_my_percent: 100.0
