ConfigName: kjsd__advperagentrankweighted__M4__L10__eps0p005__g0p0007__ds0p2__dm0p05
Problem: NK
Kernel: jsd
Advantage: peragentrankweighted
M: 4
lambda: 10
epsilon_svgd: 0.005
gamma: 0.0007
decay_start_ratio: 0.2
decay_min_factor: 0.05
bandwith_kernel: None
no_interact: False
avg_score: 0.7473735809326172
median_score: 0.748191237449646
std_score: 0.009997048415243626
percentiles: 2%=0.72788405418396, 5%=0.7311913967132568, 10%=0.7329021692276001, 25%=0.7396382093429565, 50%=0.748191237449646, 75%=0.7552935481071472, 90%=0.7599641680717468, 95%=0.7607405185699463, 98%=0.7655164003372192
ranking_best_algo: PBIL
ranking_best_score: 0.733570253046875
ranking_my_rank: 1/504 (100.0%)
ranking_my_percent: 100.0
