ConfigName: kjsd__advperagentrankweighted__M5__L24__eps0p03__g0p0005__ds0p05__dm0p05
Problem: NK
Kernel: jsd
Advantage: peragentrankweighted
M: 5
lambda: 24
epsilon_svgd: 0.03
gamma: 0.0005
decay_start_ratio: 0.05
decay_min_factor: 0.05
bandwith_kernel: None
no_interact: False
avg_score: 0.7133359313011169
median_score: 0.7135132551193237
std_score: 0.006030498072504997
percentiles: 2%=0.7026611566543579, 5%=0.7032260894775391, 10%=0.7052597999572754, 25%=0.7094337344169617, 50%=0.7135132551193237, 75%=0.7164857387542725, 90%=0.7207977771759033, 95%=0.7239930629730225, 98%=0.7264466285705566
ranking_best_algo: PBIL
ranking_best_score: 0.7170882103515624
ranking_my_rank: 42/504 (91.9%)
ranking_my_percent: 91.86507936507937
