ConfigName: kjsd__advperagentrankweighted__M3__L20__eps0p007__g0p001__ds0p05__dm0p05
Problem: QUBO
Kernel: jsd
Advantage: peragentrankweighted
M: 3
lambda: 20
epsilon_svgd: 0.007
gamma: 0.001
decay_start_ratio: 0.05
decay_min_factor: 0.05
bandwith_kernel: None
no_interact: False
avg_score: -1620.0
median_score: -1622.0
std_score: 63.21819305419922
percentiles: 2%=-1749.0799560546875, 5%=-1726.1500244140625, 10%=-1707.300048828125, 25%=-1660.75, 50%=-1622.0, 75%=-1578.5, 90%=-1528.699951171875, 95%=-1512.75, 98%=-1503.0
ranking_best_algo: NLOPT_LN_PRAXIS
ranking_best_score: 1607.12
ranking_my_rank: 1/504 (100.0%)
ranking_my_percent: 100.0
