ConfigName: krbf__advnormalizedfitness__M1__L8__eps0p015__g0p015__ds0p15__dm0p3
Problem: NK
Kernel: rbf
Advantage: normalizedfitness
M: 1
lambda: 8
epsilon_svgd: 0.015
gamma: 0.015
decay_start_ratio: 0.15
decay_min_factor: 0.3
bandwith_kernel: None
no_interact: False
avg_score: 0.7336581945419312
median_score: 0.7341648936271667
std_score: 0.01178544107824564
percentiles: 2%=0.7073884010314941, 5%=0.712354302406311, 10%=0.7180182337760925, 25%=0.7257980108261108, 50%=0.7341648936271667, 75%=0.7421416640281677, 90%=0.7480889558792114, 95%=0.7515169382095337, 98%=0.7549684643745422
ranking_best_algo: Tabu
ranking_best_score: 0.7429702712499999
ranking_my_rank: 2/504 (99.8%)
ranking_my_percent: 99.8015873015873
