ConfigName: krbf__advnormalizedfitness__M3__L15__eps0p015__g0p005__ds0p01__dm0p01
Problem: NK
Kernel: rbf
Advantage: normalizedfitness
M: 3
lambda: 15
epsilon_svgd: 0.015
gamma: 0.005
decay_start_ratio: 0.01
decay_min_factor: 0.01
bandwith_kernel: None
no_interact: False
avg_score: 0.7107524871826172
median_score: 0.71123868227005
std_score: 0.015462832525372505
percentiles: 2%=0.6716235876083374, 5%=0.6728478074073792, 10%=0.6959139108657837, 25%=0.7084593772888184, 50%=0.71123868227005, 75%=0.7197520732879639, 90%=0.7254820466041565, 95%=0.7326814532279968, 98%=0.7344768047332764
ranking_best_algo: CMApara
ranking_best_score: 0.707475975
ranking_my_rank: 1/504 (100.0%)
ranking_my_percent: 100.0
