ConfigName: krbf__advnormalizedfitness__M5__L15__eps0p03__g0p005__ds0p05__dm0p05
Problem: QUBO
Kernel: rbf
Advantage: normalizedfitness
M: 5
lambda: 15
epsilon_svgd: 0.03
gamma: 0.005
decay_start_ratio: 0.05
decay_min_factor: 0.05
bandwith_kernel: None
no_interact: False
avg_score: -568.4600219726562
median_score: -571.0
std_score: 27.125417709350586
percentiles: 2%=-611.02001953125, 5%=-607.0, 10%=-601.0, 25%=-593.0, 50%=-571.0, 75%=-547.5, 90%=-531.7999877929688, 95%=-522.75, 98%=-512.97998046875
ranking_best_algo: Tabu
ranking_best_score: 588.7199999999999
ranking_my_rank: 81/503 (84.1%)
ranking_my_percent: 84.09542743538768
