ConfigName: kjsd__advperagentrankweighted__M4__L20__eps0p005__g0p001__ds0p2__dm0p05
Problem: QUBO
Kernel: jsd
Advantage: peragentrankweighted
M: 4
lambda: 20
epsilon_svgd: 0.005
gamma: 0.001
decay_start_ratio: 0.2
decay_min_factor: 0.05
bandwith_kernel: None
no_interact: False
avg_score: -1263.9599609375
median_score: -1264.0
std_score: 69.73764038085938
percentiles: 2%=-1402.1199951171875, 5%=-1379.4000244140625, 10%=-1361.5999755859375, 25%=-1307.25, 50%=-1264.0, 75%=-1217.5, 90%=-1173.300048828125, 95%=-1162.300048828125, 98%=-1138.6800537109375
ranking_best_algo: BigLognormalDiscreteOnePlusOne
ranking_best_score: 1301.3600000000004
ranking_my_rank: 51/504 (90.1%)
ranking_my_percent: 90.07936507936508
