ConfigName: kjsd__advperagentrankweighted__M6__L8__eps0p03__g0p0003__ds0p2__dm0p05
Problem: QUBO
Kernel: jsd
Advantage: peragentrankweighted
M: 6
lambda: 8
epsilon_svgd: 0.03
gamma: 0.0003
decay_start_ratio: 0.2
decay_min_factor: 0.05
bandwith_kernel: None
no_interact: False
avg_score: -306.4800109863281
median_score: -306.0
std_score: 38.31669998168945
percentiles: 2%=-392.0, 5%=-382.20001220703125, 10%=-353.3999938964844, 25%=-330.0, 50%=-306.0, 75%=-272.0, 90%=-260.0, 95%=-255.8000030517578, 98%=-246.0
ranking_best_algo: CMApara
ranking_best_score: 319.29999999999995
ranking_my_rank: 113/504 (77.8%)
ranking_my_percent: 77.77777777777777
