ConfigName: kjsd__advperagentrankweighted__M4__L8__eps0p005__g0p0003__ds0p05__dm0p05
Problem: QUBO
Kernel: jsd
Advantage: peragentrankweighted
M: 4
lambda: 8
epsilon_svgd: 0.005
gamma: 0.0003
decay_start_ratio: 0.05
decay_min_factor: 0.05
bandwith_kernel: None
no_interact: False
avg_score: -411.239990234375
median_score: -410.0
std_score: 26.88312339782715
percentiles: 2%=-457.239990234375, 5%=-455.1000061035156, 10%=-450.20001220703125, 25%=-429.25, 50%=-410.0, 75%=-392.0, 90%=-376.0, 95%=-369.3999938964844, 98%=-355.8800048828125
ranking_best_algo: Tabu
ranking_best_score: 438.12
ranking_my_rank: 80/504 (84.3%)
ranking_my_percent: 84.32539682539682
