ConfigName: krbf__advnormalizedfitness__M3__L15__eps0p015__g0p01__ds0p15__dm0p01
Problem: QUBO
Kernel: rbf
Advantage: normalizedfitness
M: 3
lambda: 15
epsilon_svgd: 0.015
gamma: 0.01
decay_start_ratio: 0.15
decay_min_factor: 0.01
bandwith_kernel: None
no_interact: False
avg_score: -330.79998779296875
median_score: -334.0
std_score: 19.016834259033203
percentiles: 2%=-361.2200012207031, 5%=-354.1499938964844, 10%=-350.0, 25%=-343.0, 50%=-334.0, 75%=-319.5, 90%=-308.0, 95%=-293.95001220703125, 98%=-284.0
ranking_best_algo: CMApara
ranking_best_score: 344.22
ranking_my_rank: 77/504 (84.9%)
ranking_my_percent: 84.92063492063492
