ConfigName: kfr__advglobalrankweighted__M4__L12__eps0p02__g0p007__ds0p01__dm0p01
Problem: QUBO
Kernel: fr
Advantage: globalrankweighted
M: 4
lambda: 12
epsilon_svgd: 0.02
gamma: 0.007
decay_start_ratio: 0.01
decay_min_factor: 0.01
bandwith_kernel: None
no_interact: False
avg_score: -309.29998779296875
median_score: -307.0
std_score: 38.37069320678711
percentiles: 2%=-390.0400085449219, 5%=-388.1000061035156, 10%=-361.5999755859375, 25%=-330.0, 50%=-307.0, 75%=-273.75, 90%=-265.8999938964844, 95%=-262.0, 98%=-259.7199401855469
ranking_best_algo: CMApara
ranking_best_score: 319.29999999999995
ranking_my_rank: 81/504 (84.1%)
ranking_my_percent: 84.12698412698413
