ConfigName: kjsd__advperagentrankweighted__M5__L12__eps0p03__g0p0005__ds0p2__dm0p05
Problem: QUBO
Kernel: jsd
Advantage: peragentrankweighted
M: 5
lambda: 12
epsilon_svgd: 0.03
gamma: 0.0005
decay_start_ratio: 0.2
decay_min_factor: 0.05
bandwith_kernel: None
no_interact: False
avg_score: -147.44000244140625
median_score: -146.0
std_score: 10.818798065185547
percentiles: 2%=-179.0, 5%=-164.25, 10%=-160.0, 25%=-154.0, 50%=-146.0, 75%=-141.0, 90%=-135.0, 95%=-131.0, 98%=-129.9600067138672
ranking_best_algo: CMApara
ranking_best_score: 154.28
ranking_my_rank: 95/504 (81.3%)
ranking_my_percent: 81.34920634920636
