ConfigName: kjsd__advperagentrankweighted__M5__L10__eps0p03__g0p0007__ds0p2__dm0p05
Problem: QUBO
Kernel: jsd
Advantage: peragentrankweighted
M: 5
lambda: 10
epsilon_svgd: 0.03
gamma: 0.0007
decay_start_ratio: 0.2
decay_min_factor: 0.05
bandwith_kernel: None
no_interact: False
avg_score: -912.47998046875
median_score: -907.5
std_score: 61.02252960205078
percentiles: 2%=-1035.4599609375, 5%=-1017.3499755859375, 10%=-995.0, 25%=-948.0, 50%=-907.5, 75%=-874.0, 90%=-835.0, 95%=-820.4000244140625, 98%=-798.9600219726562
ranking_best_algo: CMAL3
ranking_best_score: 928.5800000000002
ranking_my_rank: 20/504 (96.2%)
ranking_my_percent: 96.23015873015873
