ConfigName: kjsd__advperagentrankweighted__M4__L20__eps0p005__g0p001__ds0p1__dm0p05
Problem: QUBO
Kernel: jsd
Advantage: peragentrankweighted
M: 4
lambda: 20
epsilon_svgd: 0.005
gamma: 0.001
decay_start_ratio: 0.1
decay_min_factor: 0.05
bandwith_kernel: None
no_interact: False
avg_score: -412.29998779296875
median_score: -415.5
std_score: 27.666404724121094
percentiles: 2%=-471.0400085449219, 5%=-459.29998779296875, 10%=-449.1000061035156, 25%=-428.0, 50%=-415.5, 75%=-390.0, 90%=-372.0, 95%=-368.0, 98%=-359.9599914550781
ranking_best_algo: Tabu
ranking_best_score: 438.12
ranking_my_rank: 70/504 (86.3%)
ranking_my_percent: 86.30952380952381
