ConfigName: krbf__advnormalizedfitness__M3__L10__eps0p025__g0p005__ds0p01__dm0p01
Problem: NK
Kernel: rbf
Advantage: normalizedfitness
M: 3
lambda: 10
epsilon_svgd: 0.025
gamma: 0.005
decay_start_ratio: 0.01
decay_min_factor: 0.01
bandwith_kernel: None
no_interact: False
avg_score: 0.7099009156227112
median_score: 0.7107782959938049
std_score: 0.015355711802840233
percentiles: 2%=0.6707289218902588, 5%=0.6720154881477356, 10%=0.6962411403656006, 25%=0.7071579694747925, 50%=0.7107782959938049, 75%=0.7179423570632935, 90%=0.7254872918128967, 95%=0.7325230240821838, 98%=0.7331164479255676
ranking_best_algo: CMApara
ranking_best_score: 0.707475975
ranking_my_rank: 1/504 (100.0%)
ranking_my_percent: 100.0
