ConfigName: kjsd__advperagentrankweighted__M5__L8__eps0p02__g0p0005__ds0p2__dm0p05
Problem: QUBO
Kernel: jsd
Advantage: peragentrankweighted
M: 5
lambda: 8
epsilon_svgd: 0.02
gamma: 0.0005
decay_start_ratio: 0.2
decay_min_factor: 0.05
bandwith_kernel: None
no_interact: False
avg_score: -308.6000061035156
median_score: -312.0
std_score: 36.90203094482422
percentiles: 2%=-392.0400085449219, 5%=-380.0, 10%=-352.20001220703125, 25%=-328.5, 50%=-312.0, 75%=-273.75, 90%=-263.79998779296875, 95%=-260.0, 98%=-255.97999572753906
ranking_best_algo: CMApara
ranking_best_score: 319.29999999999995
ranking_my_rank: 87/504 (82.9%)
ranking_my_percent: 82.93650793650794
