ConfigName: kjsd__advperagentrankweighted__M2__L20__eps0p005__g0p0005__ds0p1__dm0p1
Problem: QUBO
Kernel: jsd
Advantage: peragentrankweighted
M: 2
lambda: 20
epsilon_svgd: 0.005
gamma: 0.0005
decay_start_ratio: 0.1
decay_min_factor: 0.1
bandwith_kernel: None
no_interact: False
avg_score: -2625.159912109375
median_score: -2612.0
std_score: 129.7945098876953
percentiles: 2%=-2911.199951171875, 5%=-2834.75, 10%=-2786.0, 25%=-2723.75, 50%=-2612.0, 75%=-2541.25, 90%=-2455.39990234375, 95%=-2416.949951171875, 98%=-2389.760009765625
ranking_best_algo: DiscreteLengler2OnePlusOne
ranking_best_score: 2617.04
ranking_my_rank: 1/504 (100.0%)
ranking_my_percent: 100.0
