ConfigName: kjsd__advperagentrankweighted__M3__L20__eps0p007__g0p001__ds0p2__dm0p1
Problem: QUBO
Kernel: jsd
Advantage: peragentrankweighted
M: 3
lambda: 20
epsilon_svgd: 0.007
gamma: 0.001
decay_start_ratio: 0.2
decay_min_factor: 0.1
bandwith_kernel: None
no_interact: False
avg_score: -427.3999938964844
median_score: -428.5
std_score: 30.611108779907227
percentiles: 2%=-479.0, 5%=-477.0, 10%=-475.0, 25%=-447.25, 50%=-428.5, 75%=-408.75, 90%=-384.6000061035156, 95%=-374.0, 98%=-369.8800048828125
ranking_best_algo: CMAL3
ranking_best_score: 435.36
ranking_my_rank: 19/504 (96.4%)
ranking_my_percent: 96.42857142857143
