ConfigName: krbf__advnormalizedfitness__M4__L15__eps0p025__g0p01__ds0p15__dm0p3
Problem: QUBO
Kernel: rbf
Advantage: normalizedfitness
M: 4
lambda: 15
epsilon_svgd: 0.025
gamma: 0.01
decay_start_ratio: 0.15
decay_min_factor: 0.3
bandwith_kernel: None
no_interact: False
avg_score: -372.3800048828125
median_score: -372.5
std_score: 34.030216217041016
percentiles: 2%=-430.1199951171875, 5%=-426.04998779296875, 10%=-419.1000061035156, 25%=-398.25, 50%=-372.5, 75%=-348.75, 90%=-322.8999938964844, 95%=-316.95001220703125, 98%=-307.8399658203125
ranking_best_algo: CMApara
ranking_best_score: 453.82
ranking_my_rank: 327/504 (35.3%)
ranking_my_percent: 35.317460317460316
