ConfigName: krbf__advnormalizedfitness__M2__L11__eps0p02__g0p007__ds0p01__dm0p01
Problem: QUBO
Kernel: rbf
Advantage: normalizedfitness
M: 2
lambda: 11
epsilon_svgd: 0.02
gamma: 0.007
decay_start_ratio: 0.01
decay_min_factor: 0.01
bandwith_kernel: None
no_interact: False
avg_score: -2608.199951171875
median_score: -2585.5
std_score: 123.9269027709961
percentiles: 2%=-2863.260009765625, 5%=-2839.14990234375, 10%=-2782.199951171875, 25%=-2682.75, 50%=-2585.5, 75%=-2523.25, 90%=-2447.60009765625, 95%=-2426.0, 98%=-2391.9599609375
ranking_best_algo: DiscreteLengler2OnePlusOne
ranking_best_score: 2617.04
ranking_my_rank: 2/504 (99.8%)
ranking_my_percent: 99.8015873015873
