ConfigName: krbf__advnormalizedfitness__M4__L15__eps0p025__g0p015__ds0p3__dm0p3
Problem: QUBO
Kernel: rbf
Advantage: normalizedfitness
M: 4
lambda: 15
epsilon_svgd: 0.025
gamma: 0.015
decay_start_ratio: 0.3
decay_min_factor: 0.3
bandwith_kernel: None
no_interact: False
avg_score: -469.3399963378906
median_score: -461.0
std_score: 36.99708557128906
percentiles: 2%=-555.3400268554688, 5%=-543.4000244140625, 10%=-521.2000122070312, 25%=-484.0, 50%=-461.0, 75%=-446.5, 90%=-427.0, 95%=-419.0, 98%=-406.91998291015625
ranking_best_algo: NLOPT_LN_PRAXIS
ranking_best_score: 1607.12
ranking_my_rank: 396/504 (21.6%)
ranking_my_percent: 21.626984126984127
