ConfigName: kjsd__advperagentrankweighted__M2__L20__eps0p005__g0p0005__ds0p1__dm0p1
Problem: NK
Kernel: jsd
Advantage: peragentrankweighted
M: 2
lambda: 20
epsilon_svgd: 0.005
gamma: 0.0005
decay_start_ratio: 0.1
decay_min_factor: 0.1
bandwith_kernel: None
no_interact: False
avg_score: 0.7449720501899719
median_score: 0.7453067302703857
std_score: 0.01013157144188881
percentiles: 2%=0.7278416752815247, 5%=0.7296032309532166, 10%=0.7317781448364258, 25%=0.7371490001678467, 50%=0.7453067302703857, 75%=0.7511410713195801, 90%=0.7575474381446838, 95%=0.7624793648719788, 98%=0.7672688364982605
ranking_best_algo: PBIL
ranking_best_score: 0.733570253046875
ranking_my_rank: 1/504 (100.0%)
ranking_my_percent: 100.0
