ConfigName: kjsd__advperagentrankweighted__M3__L30__eps0p007__g0p0005__ds0p2__dm0p1
Problem: QUBO
Kernel: jsd
Advantage: peragentrankweighted
M: 3
lambda: 30
epsilon_svgd: 0.007
gamma: 0.0005
decay_start_ratio: 0.2
decay_min_factor: 0.1
bandwith_kernel: None
no_interact: False
avg_score: -307.67999267578125
median_score: -303.0
std_score: 39.91262435913086
percentiles: 2%=-396.0400085449219, 5%=-382.3999938964844, 10%=-354.3999938964844, 25%=-336.5, 50%=-303.0, 75%=-273.0, 90%=-265.8999938964844, 95%=-254.85000610351562, 98%=-243.9199981689453
ranking_best_algo: CMApara
ranking_best_score: 319.29999999999995
ranking_my_rank: 96/504 (81.2%)
ranking_my_percent: 81.15079365079364
