ConfigName: krbf__advnormalizedfitness__M4__L12__eps0p015__g0p01__ds0p15__dm0p3
Problem: QUBO
Kernel: rbf
Advantage: normalizedfitness
M: 4
lambda: 12
epsilon_svgd: 0.015
gamma: 0.01
decay_start_ratio: 0.15
decay_min_factor: 0.3
bandwith_kernel: None
no_interact: False
avg_score: -600.4199829101562
median_score: -588.5
std_score: 69.45533752441406
percentiles: 2%=-735.7000122070312, 5%=-719.2000122070312, 10%=-694.2999877929688, 25%=-649.25, 50%=-588.5, 75%=-545.25, 90%=-512.0, 95%=-509.70001220703125, 98%=-492.94000244140625
ranking_best_algo: Tabu
ranking_best_score: 1216.16
ranking_my_rank: 379/504 (25.0%)
ranking_my_percent: 25.0
