ConfigName: kjsd__advperagentrankweighted__M4__L20__eps0p005__g0p001__ds0p05__dm0p1
Problem: QUBO
Kernel: jsd
Advantage: peragentrankweighted
M: 4
lambda: 20
epsilon_svgd: 0.005
gamma: 0.001
decay_start_ratio: 0.05
decay_min_factor: 0.1
bandwith_kernel: None
no_interact: False
avg_score: -933.3200073242188
median_score: -921.0
std_score: 68.35172271728516
percentiles: 2%=-1072.0400390625, 5%=-1061.0, 10%=-1046.199951171875, 25%=-975.5, 50%=-921.0, 75%=-881.5, 90%=-855.0, 95%=-835.0, 98%=-820.9600219726562
ranking_best_algo: CMApara
ranking_best_score: 964.9
ranking_my_rank: 19/504 (96.4%)
ranking_my_percent: 96.42857142857143
