ConfigName: kjsd__advperagentrankweighted__M3__L16__eps0p01__g0p0005__ds0p2__dm0p05
Problem: NK
Kernel: jsd
Advantage: peragentrankweighted
M: 3
lambda: 16
epsilon_svgd: 0.01
gamma: 0.0005
decay_start_ratio: 0.2
decay_min_factor: 0.05
bandwith_kernel: None
no_interact: False
avg_score: 0.7081380486488342
median_score: 0.7092171907424927
std_score: 0.015494242310523987
percentiles: 2%=0.6691426038742065, 5%=0.6703787446022034, 10%=0.6919664740562439, 25%=0.7039563655853271, 50%=0.7092171907424927, 75%=0.7170693874359131, 90%=0.725064754486084, 95%=0.7309579849243164, 98%=0.7322100400924683
ranking_best_algo: CMApara
ranking_best_score: 0.707475975
ranking_my_rank: 1/504 (100.0%)
ranking_my_percent: 100.0
