ConfigName: kjsd__advperagentrankweighted__M3__L20__eps0p005__g0p0007__ds0p1__dm0p05
Problem: QUBO
Kernel: jsd
Advantage: peragentrankweighted
M: 3
lambda: 20
epsilon_svgd: 0.005
gamma: 0.0007
decay_start_ratio: 0.1
decay_min_factor: 0.05
bandwith_kernel: None
no_interact: False
avg_score: -1305.1800537109375
median_score: -1294.0
std_score: 56.23689270019531
percentiles: 2%=-1417.0400390625, 5%=-1401.550048828125, 10%=-1388.300048828125, 25%=-1344.25, 50%=-1294.0, 75%=-1269.75, 90%=-1249.800048828125, 95%=-1222.5999755859375, 98%=-1182.6199951171875
ranking_best_algo: BigLognormalDiscreteOnePlusOne
ranking_best_score: 1301.3600000000004
ranking_my_rank: 1/504 (100.0%)
ranking_my_percent: 100.0
