ConfigName: krbf__advnormalizedfitness__M3__L15__eps0p015__g0p015__ds0p3__dm0p01
Problem: QUBO
Kernel: rbf
Advantage: normalizedfitness
M: 3
lambda: 15
epsilon_svgd: 0.015
gamma: 0.015
decay_start_ratio: 0.3
decay_min_factor: 0.01
bandwith_kernel: None
no_interact: False
avg_score: -293.0799865722656
median_score: -291.0
std_score: 39.94438171386719
percentiles: 2%=-378.20001220703125, 5%=-372.1000061035156, 10%=-350.20001220703125, 25%=-322.0, 50%=-291.0, 75%=-258.0, 90%=-247.0, 95%=-237.6500244140625, 98%=-227.91998291015625
ranking_best_algo: CMApara
ranking_best_score: 319.29999999999995
ranking_my_rank: 270/504 (46.6%)
ranking_my_percent: 46.62698412698413
