ConfigName: kjsd__advperagentrankweighted__M4__L24__eps0p03__g0p0003__ds0p05__dm0p05
Problem: QUBO
Kernel: jsd
Advantage: peragentrankweighted
M: 4
lambda: 24
epsilon_svgd: 0.03
gamma: 0.0003
decay_start_ratio: 0.05
decay_min_factor: 0.05
bandwith_kernel: None
no_interact: False
avg_score: -2585.39990234375
median_score: -2576.0
std_score: 129.93182373046875
percentiles: 2%=-2831.5400390625, 5%=-2803.89990234375, 10%=-2760.10009765625, 25%=-2672.25, 50%=-2576.0, 75%=-2489.5, 90%=-2418.699951171875, 95%=-2386.699951171875, 98%=-2341.919921875
ranking_best_algo: DiscreteLengler2OnePlusOne
ranking_best_score: 2617.04
ranking_my_rank: 46/504 (91.1%)
ranking_my_percent: 91.07142857142857
