ConfigName: krbf__advnormalizedfitness__M3__L10__eps0p03__g0p01__ds0p15__dm0p05
Problem: QUBO
Kernel: rbf
Advantage: normalizedfitness
M: 3
lambda: 10
epsilon_svgd: 0.03
gamma: 0.01
decay_start_ratio: 0.15
decay_min_factor: 0.05
bandwith_kernel: None
no_interact: False
avg_score: -919.0999755859375
median_score: -915.5
std_score: 60.27378845214844
percentiles: 2%=-1054.1199951171875, 5%=-1016.25, 10%=-996.7000122070312, 25%=-959.25, 50%=-915.5, 75%=-877.5, 90%=-842.7999877929688, 95%=-831.5499877929688, 98%=-814.9600219726562
ranking_best_algo: CMApara
ranking_best_score: 964.9
ranking_my_rank: 64/504 (87.5%)
ranking_my_percent: 87.5
