ConfigName: krbf__advnormalizedfitness__M4__L8__eps0p033__g0p01__ds0p15__dm0p3
Problem: QUBO
Kernel: rbf
Advantage: normalizedfitness
M: 4
lambda: 8
epsilon_svgd: 0.033
gamma: 0.01
decay_start_ratio: 0.15
decay_min_factor: 0.3
bandwith_kernel: None
no_interact: False
avg_score: -1107.699951171875
median_score: -1104.5
std_score: 81.2724380493164
percentiles: 2%=-1255.06005859375, 5%=-1238.300048828125, 10%=-1215.5, 25%=-1171.0, 50%=-1104.5, 75%=-1044.5, 90%=-1001.9000244140625, 95%=-984.6500244140625, 98%=-970.8800048828125
ranking_best_algo: SVMMetaModelLogNormal
ranking_best_score: 1233.7999999999997
ranking_my_rank: 114/504 (77.6%)
ranking_my_percent: 77.57936507936508
