ConfigName: kjsd__advperagentrankweighted__M8__L12__eps0p005__g0p0005__ds0p05__dm0p05
Problem: QUBO
Kernel: jsd
Advantage: peragentrankweighted
M: 8
lambda: 12
epsilon_svgd: 0.005
gamma: 0.0005
decay_start_ratio: 0.05
decay_min_factor: 0.05
bandwith_kernel: None
no_interact: False
avg_score: -904.02001953125
median_score: -898.0
std_score: 60.71786880493164
percentiles: 2%=-1046.0799560546875, 5%=-1012.1500244140625, 10%=-983.4000244140625, 25%=-940.5, 50%=-898.0, 75%=-861.0, 90%=-837.5, 95%=-819.7999877929688, 98%=-786.6400146484375
ranking_best_algo: CMAL3
ranking_best_score: 928.5800000000002
ranking_my_rank: 66/504 (87.1%)
ranking_my_percent: 87.10317460317461
