ConfigName: kjsd__advperagentrankweighted__M3__L16__eps0p007__g0p001__ds0p2__dm0p2
Problem: QUBO
Kernel: jsd
Advantage: peragentrankweighted
M: 3
lambda: 16
epsilon_svgd: 0.007
gamma: 0.001
decay_start_ratio: 0.2
decay_min_factor: 0.2
bandwith_kernel: None
no_interact: False
avg_score: -3268.239990234375
median_score: -3251.5
std_score: 129.29200744628906
percentiles: 2%=-3521.9599609375, 5%=-3482.60009765625, 10%=-3437.0, 25%=-3351.25, 50%=-3251.5, 75%=-3175.75, 90%=-3117.199951171875, 95%=-3079.75, 98%=-3069.340087890625
ranking_best_algo: RLSOnePlusOne
ranking_best_score: 3316.5199999999995
ranking_my_rank: 12/504 (97.8%)
ranking_my_percent: 97.81746031746032
