ConfigName: krbf__advnormalizedfitness__M1__L10__eps0p015__g0p005__ds0p01__dm0p01
Problem: QUBO
Kernel: rbf
Advantage: normalizedfitness
M: 1
lambda: 10
epsilon_svgd: 0.015
gamma: 0.005
decay_start_ratio: 0.01
decay_min_factor: 0.01
bandwith_kernel: None
no_interact: False
avg_score: -191.47999572753906
median_score: -191.0
std_score: 15.539935111999512
percentiles: 2%=-222.0399932861328, 5%=-221.0, 10%=-211.0, 25%=-201.25, 50%=-191.0, 75%=-179.75, 90%=-172.8000030517578, 95%=-166.0, 98%=-163.91998291015625
ranking_best_algo: Tabu
ranking_best_score: 208.36000000000004
ranking_my_rank: 232/504 (54.2%)
ranking_my_percent: 54.166666666666664
