ConfigName: kjsd__advperagentrankweighted__M3__L18__eps0p01__g0p0007__ds0p2__dm0p1
Problem: NK
Kernel: jsd
Advantage: peragentrankweighted
M: 3
lambda: 18
epsilon_svgd: 0.01
gamma: 0.0007
decay_start_ratio: 0.2
decay_min_factor: 0.1
bandwith_kernel: None
no_interact: False
avg_score: 0.7340953946113586
median_score: 0.7346704602241516
std_score: 0.008688674308359623
percentiles: 2%=0.7162309288978577, 5%=0.7184183597564697, 10%=0.7208766937255859, 25%=0.728043794631958, 50%=0.7346704602241516, 75%=0.7409557104110718, 90%=0.7444601058959961, 95%=0.7457771897315979, 98%=0.7478042840957642
ranking_best_algo: PBIL
ranking_best_score: 0.7248786399609374
ranking_my_rank: 1/504 (100.0%)
ranking_my_percent: 100.0
