ConfigName: kjsd__advperagentrankweighted__M3__L20__eps0p007__g0p0007__ds0p1__dm0p2
Problem: QUBO
Kernel: jsd
Advantage: peragentrankweighted
M: 3
lambda: 20
epsilon_svgd: 0.007
gamma: 0.0007
decay_start_ratio: 0.1
decay_min_factor: 0.2
bandwith_kernel: None
no_interact: False
avg_score: -2640.860107421875
median_score: -2625.5
std_score: 123.68695068359375
percentiles: 2%=-2889.6201171875, 5%=-2855.050048828125, 10%=-2827.10009765625, 25%=-2735.5, 50%=-2625.5, 75%=-2549.0, 90%=-2489.800048828125, 95%=-2463.800048828125, 98%=-2454.56005859375
ranking_best_algo: DiscreteLengler2OnePlusOne
ranking_best_score: 2617.04
ranking_my_rank: 1/504 (100.0%)
ranking_my_percent: 100.0
