ConfigName: kjsd__advperagentrankweighted__M5__L10__eps0p005__g0p0005__ds0p05__dm0p2
Problem: QUBO
Kernel: jsd
Advantage: peragentrankweighted
M: 5
lambda: 10
epsilon_svgd: 0.005
gamma: 0.0005
decay_start_ratio: 0.05
decay_min_factor: 0.2
bandwith_kernel: None
no_interact: False
avg_score: -912.8599853515625
median_score: -908.0
std_score: 68.24632263183594
percentiles: 2%=-1050.1199951171875, 5%=-1030.050048828125, 10%=-1008.2000122070312, 25%=-964.25, 50%=-908.0, 75%=-856.75, 90%=-823.5, 95%=-808.9500122070312, 98%=-802.9199829101562
ranking_best_algo: CMAL3
ranking_best_score: 928.5800000000002
ranking_my_rank: 19/504 (96.4%)
ranking_my_percent: 96.42857142857143
