ConfigName: kjsd__advperagentrankweighted__M2__L20__eps0p005__g0p0005__ds0p1__dm0p2
Problem: QUBO
Kernel: jsd
Advantage: peragentrankweighted
M: 2
lambda: 20
epsilon_svgd: 0.005
gamma: 0.0005
decay_start_ratio: 0.1
decay_min_factor: 0.2
bandwith_kernel: None
no_interact: False
avg_score: -572.3800048828125
median_score: -569.5
std_score: 29.002336502075195
percentiles: 2%=-633.1599731445312, 5%=-620.0499877929688, 10%=-606.0999755859375, 25%=-593.25, 50%=-569.5, 75%=-556.5, 90%=-534.0, 95%=-524.9000244140625, 98%=-510.0
ranking_best_algo: Tabu
ranking_best_score: 588.7199999999999
ranking_my_rank: 62/503 (87.9%)
ranking_my_percent: 87.8727634194831
