ConfigName: kjsd__advperagentrankweighted__M3__L16__eps0p005__g0p001__ds0p1__dm0p2
Problem: QUBO
Kernel: jsd
Advantage: peragentrankweighted
M: 3
lambda: 16
epsilon_svgd: 0.005
gamma: 0.001
decay_start_ratio: 0.1
decay_min_factor: 0.2
bandwith_kernel: None
no_interact: False
avg_score: -329.05999755859375
median_score: -334.0
std_score: 24.427780151367188
percentiles: 2%=-372.0, 5%=-357.20001220703125, 10%=-354.0, 25%=-343.25, 50%=-334.0, 75%=-316.0, 90%=-296.70001220703125, 95%=-282.8500061035156, 98%=-267.9200134277344
ranking_best_algo: CMApara
ranking_best_score: 344.22
ranking_my_rank: 83/504 (83.7%)
ranking_my_percent: 83.73015873015873
