ConfigName: kjsd__advperagentrankweighted__M3__L24__eps0p007__g0p0005__ds0p05__dm0p1
Problem: NK
Kernel: jsd
Advantage: peragentrankweighted
M: 3
lambda: 24
epsilon_svgd: 0.007
gamma: 0.0005
decay_start_ratio: 0.05
decay_min_factor: 0.1
bandwith_kernel: None
no_interact: False
avg_score: 0.7527061700820923
median_score: 0.7517914175987244
std_score: 0.011337603442370892
percentiles: 2%=0.7303745746612549, 5%=0.7313186526298523, 10%=0.7375421524047852, 25%=0.7457213401794434, 50%=0.7517914175987244, 75%=0.7618599534034729, 90%=0.7677199244499207, 95%=0.7706186771392822, 98%=0.7718719840049744
ranking_best_algo: Tabu
ranking_best_score: 0.7657846284375001
ranking_my_rank: 10/504 (98.2%)
ranking_my_percent: 98.21428571428571
