ConfigName: kjsd__advperagentrankweighted__M5__L10__eps0p01__g0p0005__ds0p05__dm0p05
Problem: QUBO
Kernel: jsd
Advantage: peragentrankweighted
M: 5
lambda: 10
epsilon_svgd: 0.01
gamma: 0.0005
decay_start_ratio: 0.05
decay_min_factor: 0.05
bandwith_kernel: None
no_interact: False
avg_score: -332.1400146484375
median_score: -334.5
std_score: 22.712560653686523
percentiles: 2%=-372.0, 5%=-372.0, 10%=-357.3999938964844, 25%=-346.0, 50%=-334.5, 75%=-322.0, 90%=-305.5, 95%=-292.0, 98%=-275.79998779296875
ranking_best_algo: CMApara
ranking_best_score: 344.22
ranking_my_rank: 72/504 (85.9%)
ranking_my_percent: 85.91269841269842
