ConfigName: krbf__advnormalizedfitness__M2__L6__eps0p02__g0p006__ds0p3__dm0p3
Problem: QUBO
Kernel: rbf
Advantage: normalizedfitness
M: 2
lambda: 6
epsilon_svgd: 0.02
gamma: 0.006
decay_start_ratio: 0.3
decay_min_factor: 0.3
bandwith_kernel: None
no_interact: False
avg_score: -137.83999633789062
median_score: -140.0
std_score: 11.623011589050293
percentiles: 2%=-158.0, 5%=-156.0, 10%=-151.10000610351562, 25%=-146.25, 50%=-140.0, 75%=-128.75, 90%=-122.80000305175781, 95%=-120.90000915527344, 98%=-111.0
ranking_best_algo: DiscreteDE
ranking_best_score: 143.4
ranking_my_rank: 117/504 (77.0%)
ranking_my_percent: 76.98412698412699
