ConfigName: kfr__advglobalrankweighted__M2__L11__eps0p02__g0p007__ds0p01__dm0p01
Problem: QUBO
Kernel: fr
Advantage: globalrankweighted
M: 2
lambda: 11
epsilon_svgd: 0.02
gamma: 0.007
decay_start_ratio: 0.01
decay_min_factor: 0.01
bandwith_kernel: None
no_interact: False
avg_score: -1183.1199951171875
median_score: -1175.5
std_score: 65.28556823730469
percentiles: 2%=-1307.760009765625, 5%=-1285.0999755859375, 10%=-1263.0999755859375, 25%=-1226.5, 50%=-1175.5, 75%=-1139.25, 90%=-1108.5999755859375, 95%=-1078.949951171875, 98%=-1068.93994140625
ranking_best_algo: Tabu
ranking_best_score: 1216.16
ranking_my_rank: 65/504 (87.3%)
ranking_my_percent: 87.3015873015873
