ConfigName: kjsd__advperagentrankweighted__M3__L20__eps0p007__g0p001__ds0p05__dm0p1
Problem: QUBO
Kernel: jsd
Advantage: peragentrankweighted
M: 3
lambda: 20
epsilon_svgd: 0.007
gamma: 0.001
decay_start_ratio: 0.05
decay_min_factor: 0.1
bandwith_kernel: None
no_interact: False
avg_score: -306.7200012207031
median_score: -308.0
std_score: 39.42234802246094
percentiles: 2%=-388.1600036621094, 5%=-384.1000061035156, 10%=-356.20001220703125, 25%=-334.0, 50%=-308.0, 75%=-272.75, 90%=-259.79998779296875, 95%=-249.9499969482422, 98%=-244.94000244140625
ranking_best_algo: CMApara
ranking_best_score: 319.29999999999995
ranking_my_rank: 112/504 (78.0%)
ranking_my_percent: 77.97619047619048
