ConfigName: kjsd__advperagentrankweighted__M6__L8__eps0p02__g0p0003__ds0p05__dm0p05
Problem: QUBO
Kernel: jsd
Advantage: peragentrankweighted
M: 6
lambda: 8
epsilon_svgd: 0.02
gamma: 0.0003
decay_start_ratio: 0.05
decay_min_factor: 0.05
bandwith_kernel: None
no_interact: False
avg_score: -1211.219970703125
median_score: -1204.0
std_score: 56.35043716430664
percentiles: 2%=-1329.06005859375, 5%=-1307.5999755859375, 10%=-1287.699951171875, 25%=-1253.0, 50%=-1204.0, 75%=-1170.0, 90%=-1143.0, 95%=-1129.0, 98%=-1112.719970703125
ranking_best_algo: SVMMetaModelLogNormal
ranking_best_score: 1233.7999999999997
ranking_my_rank: 45/504 (91.3%)
ranking_my_percent: 91.26984126984127
