ConfigName: krbf__advnormalizedfitness__M1__L8__eps0p033__g0p015__ds0p15__dm0p01
Problem: QUBO
Kernel: rbf
Advantage: normalizedfitness
M: 1
lambda: 8
epsilon_svgd: 0.033
gamma: 0.015
decay_start_ratio: 0.15
decay_min_factor: 0.01
bandwith_kernel: None
no_interact: False
avg_score: -422.0400085449219
median_score: -421.5
std_score: 43.26150894165039
percentiles: 2%=-479.0400085449219, 5%=-473.0, 10%=-463.1000061035156, 25%=-448.25, 50%=-421.5, 75%=-405.5, 90%=-385.0, 95%=-375.95001220703125, 98%=-354.7999572753906
ranking_best_algo: CMApara
ranking_best_score: 453.82
ranking_my_rank: 142/504 (72.0%)
ranking_my_percent: 72.02380952380952
