ConfigName: krbf__advnormalizedfitness__M1__L10__eps0p015__g0p015__ds0p15__dm0p01
Problem: QUBO
Kernel: rbf
Advantage: normalizedfitness
M: 1
lambda: 10
epsilon_svgd: 0.015
gamma: 0.015
decay_start_ratio: 0.15
decay_min_factor: 0.01
bandwith_kernel: None
no_interact: False
avg_score: -1241.0799560546875
median_score: -1239.5
std_score: 56.2147102355957
percentiles: 2%=-1345.4000244140625, 5%=-1336.300048828125, 10%=-1311.300048828125, 25%=-1285.0, 50%=-1239.5, 75%=-1205.0, 90%=-1173.9000244140625, 95%=-1144.800048828125, 98%=-1114.919921875
ranking_best_algo: SVMMetaModelLogNormal
ranking_best_score: 1233.7999999999997
ranking_my_rank: 1/504 (100.0%)
ranking_my_percent: 100.0
