ConfigName: kjsd__advperagentrankweighted__M3__L20__eps0p005__g0p003__ds0p1__dm0p05
Problem: QUBO
Kernel: jsd
Advantage: peragentrankweighted
M: 3
lambda: 20
epsilon_svgd: 0.005
gamma: 0.003
decay_start_ratio: 0.1
decay_min_factor: 0.05
bandwith_kernel: None
no_interact: False
avg_score: -856.780029296875
median_score: -849.5
std_score: 70.50482940673828
percentiles: 2%=-1026.1400146484375, 5%=-977.7000122070312, 10%=-945.0, 25%=-904.0, 50%=-849.5, 75%=-807.0, 90%=-772.0, 95%=-755.0, 98%=-722.9600219726562
ranking_best_algo: CMAL3
ranking_best_score: 928.5800000000002
ranking_my_rank: 204/504 (59.7%)
ranking_my_percent: 59.72222222222222
