ConfigName: krbf__advnormalizedfitness__M4__L24__eps0p025__g0p01__ds0p05__dm0p05
Problem: QUBO
Kernel: rbf
Advantage: normalizedfitness
M: 4
lambda: 24
epsilon_svgd: 0.025
gamma: 0.01
decay_start_ratio: 0.05
decay_min_factor: 0.05
bandwith_kernel: None
no_interact: False
avg_score: -1556.1800537109375
median_score: -1561.0
std_score: 163.44798278808594
percentiles: 2%=-1877.219970703125, 5%=-1830.300048828125, 10%=-1748.300048828125, 25%=-1676.0, 50%=-1561.0, 75%=-1449.25, 90%=-1316.9000244140625, 95%=-1273.550048828125, 98%=-1257.6600341796875
ranking_best_algo: SVM1MetaModelLogNormal
ranking_best_score: 2605.14
ranking_my_rank: 328/504 (35.1%)
ranking_my_percent: 35.11904761904762
