ConfigName: krbf__advnormalizedfitness__M4__L8__eps0p033__g0p005__ds0p01__dm0p3
Problem: NK
Kernel: rbf
Advantage: normalizedfitness
M: 4
lambda: 8
epsilon_svgd: 0.033
gamma: 0.005
decay_start_ratio: 0.01
decay_min_factor: 0.3
bandwith_kernel: None
no_interact: False
avg_score: 0.7419369220733643
median_score: 0.7408844232559204
std_score: 0.010347537696361542
percentiles: 2%=0.723970890045166, 5%=0.7263913154602051, 10%=0.7297274470329285, 25%=0.7340587377548218, 50%=0.7408844232559204, 75%=0.7501446604728699, 90%=0.7559139728546143, 95%=0.7593626976013184, 98%=0.7612839937210083
ranking_best_algo: PBIL
ranking_best_score: 0.733570253046875
ranking_my_rank: 1/504 (100.0%)
ranking_my_percent: 100.0
