ConfigName: kjsd__advperagentrankweighted__M8__L24__eps0p008__g0p0005__ds0p05__dm0p05
Problem: QUBO
Kernel: jsd
Advantage: peragentrankweighted
M: 8
lambda: 24
epsilon_svgd: 0.008
gamma: 0.0005
decay_start_ratio: 0.05
decay_min_factor: 0.05
bandwith_kernel: None
no_interact: False
avg_score: -2919.93994140625
median_score: -2960.0
std_score: 214.24163818359375
percentiles: 2%=-3308.02001953125, 5%=-3291.14990234375, 10%=-3203.10009765625, 25%=-3053.25, 50%=-2960.0, 75%=-2760.0, 90%=-2615.60009765625, 95%=-2572.75, 98%=-2488.780029296875
ranking_best_algo: RLSOnePlusOne
ranking_best_score: 3316.5199999999995
ranking_my_rank: 141/504 (72.2%)
ranking_my_percent: 72.22222222222223
