ConfigName: kjsd__advperagentrankweighted__M4__L24__eps0p01__g0p0005__ds1__dm1
Problem: QUBO
Kernel: jsd
Advantage: peragentrankweighted
M: 4
lambda: 24
epsilon_svgd: 0.01
gamma: 0.0005
decay_start_ratio: 1.0
decay_min_factor: 1.0
bandwith_kernel: None
no_interact: False
avg_score: -429.4800109863281
median_score: -429.5
std_score: 27.96157455444336
percentiles: 2%=-479.0400085449219, 5%=-479.0, 10%=-475.20001220703125, 25%=-444.5, 50%=-429.5, 75%=-412.0, 90%=-394.8999938964844, 95%=-381.8500061035156, 98%=-375.8800048828125
ranking_best_algo: CMAL3
ranking_best_score: 435.36
ranking_my_rank: 10/504 (98.2%)
ranking_my_percent: 98.21428571428571
