ConfigName: kjsd__advperagentrankweighted__M3__L18__eps0p01__g0p0005__ds0p1__dm0p1
Problem: QUBO
Kernel: jsd
Advantage: peragentrankweighted
M: 3
lambda: 18
epsilon_svgd: 0.01
gamma: 0.0005
decay_start_ratio: 0.1
decay_min_factor: 0.1
bandwith_kernel: None
no_interact: False
avg_score: -137.16000366210938
median_score: -138.5
std_score: 11.222049713134766
percentiles: 2%=-157.02000427246094, 5%=-155.0500030517578, 10%=-152.0, 25%=-145.25, 50%=-138.5, 75%=-129.0, 90%=-122.9000015258789, 95%=-117.94999694824219, 98%=-112.95999908447266
ranking_best_algo: DiscreteDE
ranking_best_score: 143.4
ranking_my_rank: 157/504 (69.0%)
ranking_my_percent: 69.04761904761905
