ConfigName: krbf__advnormalizedfitness__M4__L8__eps0p033__g0p007__ds0p15__dm0p01
Problem: QUBO
Kernel: rbf
Advantage: normalizedfitness
M: 4
lambda: 8
epsilon_svgd: 0.033
gamma: 0.007
decay_start_ratio: 0.15
decay_min_factor: 0.01
bandwith_kernel: None
no_interact: False
avg_score: -2471.89990234375
median_score: -2465.0
std_score: 136.43836975097656
percentiles: 2%=-2756.419921875, 5%=-2684.300048828125, 10%=-2632.800048828125, 25%=-2556.25, 50%=-2465.0, 75%=-2375.75, 90%=-2306.199951171875, 95%=-2279.75, 98%=-2238.999755859375
ranking_best_algo: SVM1MetaModelLogNormal
ranking_best_score: 2605.14
ranking_my_rank: 80/504 (84.3%)
ranking_my_percent: 84.32539682539682
