ConfigName: kjsd__advperagentrankweighted__M4__L10__eps0p02__g0p0003__ds0p05__dm0p05
Problem: NK
Kernel: jsd
Advantage: peragentrankweighted
M: 4
lambda: 10
epsilon_svgd: 0.02
gamma: 0.0003
decay_start_ratio: 0.05
decay_min_factor: 0.05
bandwith_kernel: None
no_interact: False
avg_score: 0.702820897102356
median_score: 0.7037557363510132
std_score: 0.0065058497712016106
percentiles: 2%=0.6911692023277283, 5%=0.6925461888313293, 10%=0.6936634182929993, 25%=0.6974043846130371, 50%=0.7037557363510132, 75%=0.7071772813796997, 90%=0.7108545303344727, 95%=0.7130149006843567, 98%=0.7174326181411743
ranking_best_algo: PBIL
ranking_best_score: 0.7170882103515624
ranking_my_rank: 62/504 (87.9%)
ranking_my_percent: 87.89682539682539
