ConfigName: krbf__advnormalizedfitness__M3__L12__eps0p033__g0p005__ds0p15__dm0p3
Problem: QUBO
Kernel: rbf
Advantage: normalizedfitness
M: 3
lambda: 12
epsilon_svgd: 0.033
gamma: 0.005
decay_start_ratio: 0.15
decay_min_factor: 0.3
bandwith_kernel: None
no_interact: False
avg_score: -414.0
median_score: -415.5
std_score: 26.434825897216797
percentiles: 2%=-467.0400085449219, 5%=-454.3500061035156, 10%=-446.3999938964844, 25%=-431.25, 50%=-415.5, 75%=-395.5, 90%=-375.8999938964844, 95%=-372.0, 98%=-359.91998291015625
ranking_best_algo: Tabu
ranking_best_score: 438.12
ranking_my_rank: 57/504 (88.9%)
ranking_my_percent: 88.88888888888889
