ConfigName: kjsd__advperagentrankweighted__M3__L16__eps0p005__g0p001__ds0p1__dm0p2
Problem: NK
Kernel: jsd
Advantage: peragentrankweighted
M: 3
lambda: 16
epsilon_svgd: 0.005
gamma: 0.001
decay_start_ratio: 0.1
decay_min_factor: 0.2
bandwith_kernel: None
no_interact: False
avg_score: 0.7373622059822083
median_score: 0.7384108304977417
std_score: 0.009248020127415657
percentiles: 2%=0.7175875306129456, 5%=0.7191025018692017, 10%=0.724040150642395, 25%=0.7318916916847229, 50%=0.7384108304977417, 75%=0.7441773414611816, 90%=0.7471040487289429, 95%=0.7510865926742554, 98%=0.7529779672622681
ranking_best_algo: PBIL
ranking_best_score: 0.730509098125
ranking_my_rank: 1/504 (100.0%)
ranking_my_percent: 100.0
