ConfigName: kjsd__advperagentrankweighted__M4__L12__eps0p02__g0p0005__ds0p2__dm0p05
Problem: QUBO
Kernel: jsd
Advantage: peragentrankweighted
M: 4
lambda: 12
epsilon_svgd: 0.02
gamma: 0.0005
decay_start_ratio: 0.2
decay_min_factor: 0.05
bandwith_kernel: None
no_interact: False
avg_score: -1609.5999755859375
median_score: -1604.5
std_score: 62.02338409423828
percentiles: 2%=-1753.739990234375, 5%=-1726.5, 10%=-1685.5, 25%=-1640.75, 50%=-1604.5, 75%=-1565.0, 90%=-1542.5999755859375, 95%=-1531.8499755859375, 98%=-1525.47998046875
ranking_best_algo: NLOPT_LN_PRAXIS
ranking_best_score: 1607.12
ranking_my_rank: 1/504 (100.0%)
ranking_my_percent: 100.0
