ConfigName: krbf__advnormalizedfitness__M3__L8__eps0p033__g0p007__ds0p3__dm0p01
Problem: QUBO
Kernel: rbf
Advantage: normalizedfitness
M: 3
lambda: 8
epsilon_svgd: 0.033
gamma: 0.007
decay_start_ratio: 0.3
decay_min_factor: 0.01
bandwith_kernel: None
no_interact: False
avg_score: -138.36000061035156
median_score: -139.0
std_score: 10.930251121520996
percentiles: 2%=-158.02000427246094, 5%=-157.0500030517578, 10%=-152.1999969482422, 25%=-146.0, 50%=-139.0, 75%=-130.0, 90%=-125.0, 95%=-121.95000457763672, 98%=-120.89997863769531
ranking_best_algo: DiscreteDE
ranking_best_score: 143.4
ranking_my_rank: 108/504 (78.8%)
ranking_my_percent: 78.76984126984127
