ConfigName: kjsd__advperagentrankweighted__M3__L20__eps0p007__g0p003__ds0p2__dm0p2
Problem: NK
Kernel: jsd
Advantage: peragentrankweighted
M: 3
lambda: 20
epsilon_svgd: 0.007
gamma: 0.003
decay_start_ratio: 0.2
decay_min_factor: 0.2
bandwith_kernel: None
no_interact: False
avg_score: 0.6485742926597595
median_score: 0.6461305618286133
std_score: 0.02035149745643139
percentiles: 2%=0.615790843963623, 5%=0.6193282604217529, 10%=0.6234373450279236, 25%=0.6325902938842773, 50%=0.6461305618286133, 75%=0.6642167568206787, 90%=0.674309253692627, 95%=0.6819751262664795, 98%=0.6887189745903015
ranking_best_algo: Tabu
ranking_best_score: 0.7429702712499999
ranking_my_rank: 324/504 (35.9%)
ranking_my_percent: 35.91269841269841
