ConfigName: krbf__advnormalizedfitness__M3__L10__eps0p033__g0p007__ds0p3__dm0p3
Problem: NK
Kernel: rbf
Advantage: normalizedfitness
M: 3
lambda: 10
epsilon_svgd: 0.033
gamma: 0.007
decay_start_ratio: 0.3
decay_min_factor: 0.3
bandwith_kernel: None
no_interact: False
avg_score: 0.7335100769996643
median_score: 0.7343974709510803
std_score: 0.009264402091503143
percentiles: 2%=0.712557315826416, 5%=0.7139802575111389, 10%=0.7198693156242371, 25%=0.7278060913085938, 50%=0.7343974709510803, 75%=0.7401151061058044, 90%=0.7443280220031738, 95%=0.7454182505607605, 98%=0.7469590902328491
ranking_best_algo: PBIL
ranking_best_score: 0.7248786399609374
ranking_my_rank: 1/504 (100.0%)
ranking_my_percent: 100.0
