ConfigName: krbf__advnormalizedfitness__M1__L8__eps0p025__g0p005__ds0p3__dm0p3
Problem: NK
Kernel: rbf
Advantage: normalizedfitness
M: 1
lambda: 8
epsilon_svgd: 0.025
gamma: 0.005
decay_start_ratio: 0.3
decay_min_factor: 0.3
bandwith_kernel: None
no_interact: False
avg_score: 0.7153969407081604
median_score: 0.717424213886261
std_score: 0.013889375142753124
percentiles: 2%=0.6885125041007996, 5%=0.692043125629425, 10%=0.6962994933128357, 25%=0.7062869071960449, 50%=0.717424213886261, 75%=0.72394198179245, 90%=0.7342563271522522, 95%=0.7383095622062683, 98%=0.7401123642921448
ranking_best_algo: Tabu
ranking_best_score: 0.7429702712499999
ranking_my_rank: 86/504 (83.1%)
ranking_my_percent: 83.13492063492063
