ConfigName: kfr__advglobalrankweighted__M6__L11__eps0p01__g0p005__ds0p01__dm0p01
Problem: QUBO
Kernel: fr
Advantage: globalrankweighted
M: 6
lambda: 11
epsilon_svgd: 0.01
gamma: 0.005
decay_start_ratio: 0.01
decay_min_factor: 0.01
bandwith_kernel: None
no_interact: False
avg_score: -1137.219970703125
median_score: -1118.5
std_score: 85.31829833984375
percentiles: 2%=-1313.1600341796875, 5%=-1278.050048828125, 10%=-1267.199951171875, 25%=-1204.25, 50%=-1118.5, 75%=-1074.5, 90%=-1050.300048828125, 95%=-1026.7000732421875, 98%=-972.8800048828125
ranking_best_algo: NLOPT_LN_PRAXIS
ranking_best_score: 1607.12
ranking_my_rank: 282/504 (44.2%)
ranking_my_percent: 44.24603174603175
