ConfigName: kjsd__advperagentrankweighted__M4__L30__eps0p005__g0p0005__ds0p05__dm0p05
Problem: QUBO
Kernel: jsd
Advantage: peragentrankweighted
M: 4
lambda: 30
epsilon_svgd: 0.005
gamma: 0.0005
decay_start_ratio: 0.05
decay_min_factor: 0.05
bandwith_kernel: None
no_interact: False
avg_score: -442.9200134277344
median_score: -445.0
std_score: 26.87291717529297
percentiles: 2%=-489.05999755859375, 5%=-485.1000061035156, 10%=-475.1000061035156, 25%=-463.0, 50%=-445.0, 75%=-426.0, 90%=-407.6000061035156, 95%=-395.5, 98%=-381.9599914550781
ranking_best_algo: CMApara
ranking_best_score: 453.82
ranking_my_rank: 8/504 (98.6%)
ranking_my_percent: 98.61111111111111
