ConfigName: kfr__advglobalrankweighted__M6__L11__eps0p01__g0p007__ds0p01__dm0p01
Problem: QUBO
Kernel: fr
Advantage: globalrankweighted
M: 6
lambda: 11
epsilon_svgd: 0.01
gamma: 0.007
decay_start_ratio: 0.01
decay_min_factor: 0.01
bandwith_kernel: None
no_interact: False
avg_score: -842.3200073242188
median_score: -836.0
std_score: 72.94379425048828
percentiles: 2%=-1001.0999755859375, 5%=-972.3499755859375, 10%=-947.0999755859375, 25%=-893.0, 50%=-836.0, 75%=-793.0, 90%=-747.9000244140625, 95%=-737.8500366210938, 98%=-732.5399169921875
ranking_best_algo: SVMMetaModelLogNormal
ranking_best_score: 1233.7999999999997
ranking_my_rank: 322/504 (36.3%)
ranking_my_percent: 36.30952380952381
