ConfigName: krbf__advnormalizedfitness__M3__L10__eps0p033__g0p015__ds0p15__dm0p01
Problem: QUBO
Kernel: rbf
Advantage: normalizedfitness
M: 3
lambda: 10
epsilon_svgd: 0.033
gamma: 0.015
decay_start_ratio: 0.15
decay_min_factor: 0.01
bandwith_kernel: None
no_interact: False
avg_score: -2529.280029296875
median_score: -2532.5
std_score: 143.59234619140625
percentiles: 2%=-2786.179931640625, 5%=-2765.449951171875, 10%=-2721.5, 25%=-2627.0, 50%=-2532.5, 75%=-2434.0, 90%=-2339.199951171875, 95%=-2287.800048828125, 98%=-2261.599853515625
ranking_best_algo: DiscreteLengler2OnePlusOne
ranking_best_score: 2617.04
ranking_my_rank: 60/504 (88.3%)
ranking_my_percent: 88.2936507936508
