ConfigName: kfr__advglobalrankweighted__M1__L8__eps0p01__g0p007__ds0p01__dm0p01
Problem: QUBO
Kernel: fr
Advantage: globalrankweighted
M: 1
lambda: 8
epsilon_svgd: 0.01
gamma: 0.007
decay_start_ratio: 0.01
decay_min_factor: 0.01
bandwith_kernel: None
no_interact: False
avg_score: -1149.0799560546875
median_score: -1147.0
std_score: 69.44014739990234
percentiles: 2%=-1295.9200439453125, 5%=-1253.0, 10%=-1222.0999755859375, 25%=-1202.75, 50%=-1147.0, 75%=-1096.75, 90%=-1063.800048828125, 95%=-1052.300048828125, 98%=-1016.5798950195312
ranking_best_algo: Tabu
ranking_best_score: 1216.16
ranking_my_rank: 147/504 (71.0%)
ranking_my_percent: 71.03174603174604
