ConfigName: kjsd__advperagentrankweighted__M3__L16__eps0p005__g0p0005__ds0p1__dm0p05
Problem: QUBO
Kernel: jsd
Advantage: peragentrankweighted
M: 3
lambda: 16
epsilon_svgd: 0.005
gamma: 0.0005
decay_start_ratio: 0.1
decay_min_factor: 0.05
bandwith_kernel: None
no_interact: False
avg_score: -412.0400085449219
median_score: -416.0
std_score: 27.310041427612305
percentiles: 2%=-457.2799987792969, 5%=-454.1499938964844, 10%=-447.3999938964844, 25%=-430.0, 50%=-416.0, 75%=-391.5, 90%=-375.79998779296875, 95%=-371.8999938964844, 98%=-361.9200134277344
ranking_best_algo: Tabu
ranking_best_score: 438.12
ranking_my_rank: 72/504 (85.9%)
ranking_my_percent: 85.91269841269842
