ConfigName: krbf__advnormalizedfitness__M4__L12__eps0p033__g0p01__ds0p15__dm0p01
Problem: QUBO
Kernel: rbf
Advantage: normalizedfitness
M: 4
lambda: 12
epsilon_svgd: 0.033
gamma: 0.01
decay_start_ratio: 0.15
decay_min_factor: 0.01
bandwith_kernel: None
no_interact: False
avg_score: -1162.5
median_score: -1163.0
std_score: 67.91796875
percentiles: 2%=-1295.0799560546875, 5%=-1269.9000244140625, 10%=-1243.800048828125, 25%=-1209.5, 50%=-1163.0, 75%=-1106.5, 90%=-1074.0, 95%=-1068.5, 98%=-1047.33984375
ranking_best_algo: Tabu
ranking_best_score: 1216.16
ranking_my_rank: 98/504 (80.8%)
ranking_my_percent: 80.75396825396825
