ConfigName: krbf__advnormalizedfitness__M4__L12__eps0p015__g0p01__ds0p3__dm0p01
Problem: NK
Kernel: rbf
Advantage: normalizedfitness
M: 4
lambda: 12
epsilon_svgd: 0.015
gamma: 0.01
decay_start_ratio: 0.3
decay_min_factor: 0.01
bandwith_kernel: None
no_interact: False
avg_score: 0.6510313153266907
median_score: 0.6490516662597656
std_score: 0.014644269831478596
percentiles: 2%=0.6309666037559509, 5%=0.6320883631706238, 10%=0.6342766284942627, 25%=0.6387550234794617, 50%=0.6490516662597656, 75%=0.6604837775230408, 90%=0.6715918183326721, 95%=0.6762374043464661, 98%=0.6822041869163513
ranking_best_algo: Tabu
ranking_best_score: 0.7601875690625
ranking_my_rank: 385/504 (23.8%)
ranking_my_percent: 23.80952380952381
