ConfigName: kjsd__advperagentrankweighted__M3__L20__eps0p005__g0p0005__ds0p2__dm0p05
Problem: NK
Kernel: jsd
Advantage: peragentrankweighted
M: 3
lambda: 20
epsilon_svgd: 0.005
gamma: 0.0005
decay_start_ratio: 0.2
decay_min_factor: 0.05
bandwith_kernel: None
no_interact: False
avg_score: 0.7217437028884888
median_score: 0.7211451530456543
std_score: 0.008256553672254086
percentiles: 2%=0.7073603868484497, 5%=0.7088214755058289, 10%=0.7121454477310181, 25%=0.7166817784309387, 50%=0.7211451530456543, 75%=0.7253170609474182, 90%=0.7319054007530212, 95%=0.7362859845161438, 98%=0.7405394911766052
ranking_best_algo: PBIL
ranking_best_score: 0.7170882103515624
ranking_my_rank: 1/504 (100.0%)
ranking_my_percent: 100.0
