ConfigName: kjsd__advperagentrankweighted__M5__L8__eps0p01__g0p0005__ds0p4__dm0p2
Problem: QUBO
Kernel: jsd
Advantage: peragentrankweighted
M: 5
lambda: 8
epsilon_svgd: 0.01
gamma: 0.0005
decay_start_ratio: 0.4
decay_min_factor: 0.2
bandwith_kernel: None
no_interact: False
avg_score: -2633.6201171875
median_score: -2601.0
std_score: 124.91043090820312
percentiles: 2%=-2852.800048828125, 5%=-2837.050048828125, 10%=-2799.60009765625, 25%=-2747.5, 50%=-2601.0, 75%=-2546.25, 90%=-2484.60009765625, 95%=-2415.949951171875, 98%=-2403.760009765625
ranking_best_algo: DiscreteLengler2OnePlusOne
ranking_best_score: 2617.04
ranking_my_rank: 1/504 (100.0%)
ranking_my_percent: 100.0
