ConfigName: kjsd__advperagentrankweighted__M3__L20__eps0p007__g0p0005__ds0p1__dm0p2
Problem: NK
Kernel: jsd
Advantage: peragentrankweighted
M: 3
lambda: 20
epsilon_svgd: 0.007
gamma: 0.0005
decay_start_ratio: 0.1
decay_min_factor: 0.2
bandwith_kernel: None
no_interact: False
avg_score: 0.7502942681312561
median_score: 0.7498586177825928
std_score: 0.012001755647361279
percentiles: 2%=0.7306870818138123, 5%=0.7342512607574463, 10%=0.7358229756355286, 25%=0.7408820390701294, 50%=0.7498586177825928, 75%=0.7591817378997803, 90%=0.7637278437614441, 95%=0.7706388235092163, 98%=0.7754254937171936
ranking_best_algo: Tabu
ranking_best_score: 0.7657846284375001
ranking_my_rank: 22/504 (95.8%)
ranking_my_percent: 95.83333333333333
