ConfigName: kjsd__advperagentrankweighted__M3__L16__eps0p007__g0p0007__ds0p05__dm0p05
Problem: QUBO
Kernel: jsd
Advantage: peragentrankweighted
M: 3
lambda: 16
epsilon_svgd: 0.007
gamma: 0.0007
decay_start_ratio: 0.05
decay_min_factor: 0.05
bandwith_kernel: None
no_interact: False
avg_score: -411.44000244140625
median_score: -412.0
std_score: 26.78295135498047
percentiles: 2%=-461.2799987792969, 5%=-453.04998779296875, 10%=-444.20001220703125, 25%=-429.25, 50%=-412.0, 75%=-392.75, 90%=-374.0, 95%=-370.0, 98%=-361.9599914550781
ranking_best_algo: Tabu
ranking_best_score: 438.12
ranking_my_rank: 78/504 (84.7%)
ranking_my_percent: 84.72222222222223
