ConfigName: kfr__advglobalrankweighted__M4__L9__eps0p02__g0p007__ds0p01__dm0p01
Problem: QUBO
Kernel: fr
Advantage: globalrankweighted
M: 4
lambda: 9
epsilon_svgd: 0.02
gamma: 0.007
decay_start_ratio: 0.01
decay_min_factor: 0.01
bandwith_kernel: None
no_interact: False
avg_score: -413.67999267578125
median_score: -412.0
std_score: 26.658912658691406
percentiles: 2%=-469.0400085449219, 5%=-465.20001220703125, 10%=-450.0, 25%=-430.0, 50%=-412.0, 75%=-397.5, 90%=-379.6000061035156, 95%=-369.79998779296875, 98%=-361.8399963378906
ranking_best_algo: Tabu
ranking_best_score: 438.12
ranking_my_rank: 58/504 (88.7%)
ranking_my_percent: 88.69047619047619
