ConfigName: krbf__advnormalizedfitness__M3__L12__eps0p015__g0p015__ds0p15__dm0p3
Problem: NK
Kernel: rbf
Advantage: normalizedfitness
M: 3
lambda: 12
epsilon_svgd: 0.015
gamma: 0.015
decay_start_ratio: 0.15
decay_min_factor: 0.3
bandwith_kernel: None
no_interact: False
avg_score: 0.644559919834137
median_score: 0.6420160531997681
std_score: 0.011933456175029278
percentiles: 2%=0.6262211203575134, 5%=0.6287705302238464, 10%=0.6305494904518127, 25%=0.6364690065383911, 50%=0.6420160531997681, 75%=0.6528052091598511, 90%=0.6616131067276001, 95%=0.6668094396591187, 98%=0.6716482043266296
ranking_best_algo: Tabu
ranking_best_score: 0.7601875690625
ranking_my_rank: 389/504 (23.0%)
ranking_my_percent: 23.015873015873016
