ConfigName: krbf__advnormalizedfitness__M4__L10__eps0p025__g0p015__ds0p01__dm0p3
Problem: QUBO
Kernel: rbf
Advantage: normalizedfitness
M: 4
lambda: 10
epsilon_svgd: 0.025
gamma: 0.015
decay_start_ratio: 0.01
decay_min_factor: 0.3
bandwith_kernel: None
no_interact: False
avg_score: -381.55999755859375
median_score: -387.0
std_score: 35.36617660522461
percentiles: 2%=-450.17999267578125, 5%=-434.1000061035156, 10%=-423.29998779296875, 25%=-410.0, 50%=-387.0, 75%=-352.0, 90%=-333.6000061035156, 95%=-319.0, 98%=-310.97998046875
ranking_best_algo: CMApara
ranking_best_score: 453.82
ranking_my_rank: 322/504 (36.3%)
ranking_my_percent: 36.30952380952381
