ConfigName: kjsd__advperagentrankweighted__M5__L10__eps0p01__g0p0005__ds0p2__dm0p2
Problem: QUBO
Kernel: jsd
Advantage: peragentrankweighted
M: 5
lambda: 10
epsilon_svgd: 0.01
gamma: 0.0005
decay_start_ratio: 0.2
decay_min_factor: 0.2
bandwith_kernel: None
no_interact: False
avg_score: -1191.739990234375
median_score: -1192.0
std_score: 54.161170959472656
percentiles: 2%=-1285.280029296875, 5%=-1277.300048828125, 10%=-1256.0999755859375, 25%=-1234.25, 50%=-1192.0, 75%=-1151.75, 90%=-1118.9000244140625, 95%=-1104.5999755859375, 98%=-1088.0
ranking_best_algo: Tabu
ranking_best_score: 1216.16
ranking_my_rank: 50/504 (90.3%)
ranking_my_percent: 90.27777777777777
