ConfigName: krbf__advnormalizedfitness__M1__L8__eps0p033__g0p01__ds0p3__dm0p3
Problem: QUBO
Kernel: rbf
Advantage: normalizedfitness
M: 1
lambda: 8
epsilon_svgd: 0.033
gamma: 0.01
decay_start_ratio: 0.3
decay_min_factor: 0.3
bandwith_kernel: None
no_interact: False
avg_score: -3182.06005859375
median_score: -3197.5
std_score: 213.7838897705078
percentiles: 2%=-3432.239990234375, 5%=-3386.39990234375, 10%=-3368.39990234375, 25%=-3302.0, 50%=-3197.5, 75%=-3096.5, 90%=-3043.699951171875, 95%=-3019.60009765625, 98%=-2905.2197265625
ranking_best_algo: RLSOnePlusOne
ranking_best_score: 3316.5199999999995
ranking_my_rank: 57/504 (88.9%)
ranking_my_percent: 88.88888888888889
