ConfigName: krbf__advnormalizedfitness__M3__L8__eps0p033__g0p015__ds0p15__dm0p01
Problem: NK
Kernel: rbf
Advantage: normalizedfitness
M: 3
lambda: 8
epsilon_svgd: 0.033
gamma: 0.015
decay_start_ratio: 0.15
decay_min_factor: 0.01
bandwith_kernel: None
no_interact: False
avg_score: 0.7594677805900574
median_score: 0.7612332105636597
std_score: 0.013037408702075481
percentiles: 2%=0.7324025630950928, 5%=0.7397629618644714, 10%=0.7409599423408508, 25%=0.7500271797180176, 50%=0.7612332105636597, 75%=0.7682355046272278, 90%=0.7749388813972473, 95%=0.7800686955451965, 98%=0.7817032337188721
ranking_best_algo: Tabu
ranking_best_score: 0.7470791764843752
ranking_my_rank: 1/504 (100.0%)
ranking_my_percent: 100.0
