ConfigName: krbf__advnormalizedfitness__M3__L10__eps0p015__g0p01__ds0p3__dm0p3
Problem: QUBO
Kernel: rbf
Advantage: normalizedfitness
M: 3
lambda: 10
epsilon_svgd: 0.015
gamma: 0.01
decay_start_ratio: 0.3
decay_min_factor: 0.3
bandwith_kernel: None
no_interact: False
avg_score: -149.16000366210938
median_score: -148.0
std_score: 11.548783302307129
percentiles: 2%=-179.0, 5%=-164.75, 10%=-164.0, 25%=-156.25, 50%=-148.0, 75%=-140.75, 90%=-135.0, 95%=-133.0, 98%=-132.91998291015625
ranking_best_algo: CMApara
ranking_best_score: 154.28
ranking_my_rank: 79/504 (84.5%)
ranking_my_percent: 84.52380952380952
