ConfigName: krbf__advnormalizedfitness__M4__L12__eps0p015__g0p005__ds0p3__dm0p3
Problem: NK
Kernel: rbf
Advantage: normalizedfitness
M: 4
lambda: 12
epsilon_svgd: 0.015
gamma: 0.005
decay_start_ratio: 0.3
decay_min_factor: 0.3
bandwith_kernel: None
no_interact: False
avg_score: 0.7076440453529358
median_score: 0.7092111706733704
std_score: 0.015605508349835873
percentiles: 2%=0.6674460172653198, 5%=0.6688637137413025, 10%=0.6930306553840637, 25%=0.704367995262146, 50%=0.7092111706733704, 75%=0.7176249027252197, 90%=0.7235243916511536, 95%=0.7290971279144287, 98%=0.7298910021781921
ranking_best_algo: CMApara
ranking_best_score: 0.707475975
ranking_my_rank: 1/504 (100.0%)
ranking_my_percent: 100.0
