ConfigName: kjsd__advperagentrankweighted__M5__L8__eps0p01__g0p0005__ds0p2__dm0p2
Problem: QUBO
Kernel: jsd
Advantage: peragentrankweighted
M: 5
lambda: 8
epsilon_svgd: 0.01
gamma: 0.0005
decay_start_ratio: 0.2
decay_min_factor: 0.2
bandwith_kernel: None
no_interact: False
avg_score: -2575.239990234375
median_score: -2578.0
std_score: 102.58743286132812
percentiles: 2%=-2818.419921875, 5%=-2730.64990234375, 10%=-2692.0, 25%=-2643.0, 50%=-2578.0, 75%=-2504.5, 90%=-2434.89990234375, 95%=-2407.800048828125, 98%=-2379.800048828125
ranking_best_algo: SVM1MetaModelLogNormal
ranking_best_score: 2605.14
ranking_my_rank: 14/504 (97.4%)
ranking_my_percent: 97.42063492063492
