ConfigName: krbf__advnormalizedfitness__M2__L8__eps0p015__g0p015__ds0p01__dm0p3
Problem: QUBO
Kernel: rbf
Advantage: normalizedfitness
M: 2
lambda: 8
epsilon_svgd: 0.015
gamma: 0.015
decay_start_ratio: 0.01
decay_min_factor: 0.3
bandwith_kernel: None
no_interact: False
avg_score: -138.5399932861328
median_score: -141.0
std_score: 12.196244239807129
percentiles: 2%=-158.02000427246094, 5%=-157.0500030517578, 10%=-155.0, 25%=-146.0, 50%=-141.0, 75%=-131.0, 90%=-120.9000015258789, 95%=-116.8499984741211, 98%=-113.0
ranking_best_algo: DiscreteDE
ranking_best_score: 143.4
ranking_my_rank: 100/504 (80.4%)
ranking_my_percent: 80.35714285714286
