ConfigName: krbf__advnormalizedfitness__M4__L10__eps0p033__g0p005__ds0p15__dm0p3
Problem: QUBO
Kernel: rbf
Advantage: normalizedfitness
M: 4
lambda: 10
epsilon_svgd: 0.033
gamma: 0.005
decay_start_ratio: 0.15
decay_min_factor: 0.3
bandwith_kernel: None
no_interact: False
avg_score: -139.74000549316406
median_score: -141.0
std_score: 10.58359146118164
percentiles: 2%=-159.0, 5%=-157.0, 10%=-156.0, 25%=-146.0, 50%=-141.0, 75%=-131.0, 90%=-127.0, 95%=-124.80001831054688, 98%=-118.91998291015625
ranking_best_algo: DiscreteDE
ranking_best_score: 143.4
ranking_my_rank: 83/504 (83.7%)
ranking_my_percent: 83.73015873015873
