ConfigName: kjsd__advperagentrankweighted__M3__L24__eps0p007__g0p0005__ds0p1__dm0p2
Problem: QUBO
Kernel: jsd
Advantage: peragentrankweighted
M: 3
lambda: 24
epsilon_svgd: 0.007
gamma: 0.0005
decay_start_ratio: 0.1
decay_min_factor: 0.2
bandwith_kernel: None
no_interact: False
avg_score: -2643.820068359375
median_score: -2642.5
std_score: 126.21904754638672
percentiles: 2%=-2899.080078125, 5%=-2863.5, 10%=-2810.0, 25%=-2737.25, 50%=-2642.5, 75%=-2557.25, 90%=-2481.10009765625, 95%=-2425.89990234375, 98%=-2412.89990234375
ranking_best_algo: DiscreteLengler2OnePlusOne
ranking_best_score: 2617.04
ranking_my_rank: 1/504 (100.0%)
ranking_my_percent: 100.0
