ConfigName: krbf__advnormalizedfitness__M3__L15__eps0p033__g0p007__ds0p01__dm0p01
Problem: NK
Kernel: rbf
Advantage: normalizedfitness
M: 3
lambda: 15
epsilon_svgd: 0.033
gamma: 0.007
decay_start_ratio: 0.01
decay_min_factor: 0.01
bandwith_kernel: None
no_interact: False
avg_score: 0.7530220150947571
median_score: 0.7539594173431396
std_score: 0.014461914077401161
percentiles: 2%=0.716057300567627, 5%=0.7295485138893127, 10%=0.7343384027481079, 25%=0.744259238243103, 50%=0.7539594173431396, 75%=0.7640312314033508, 90%=0.7706454992294312, 95%=0.7713507413864136, 98%=0.7755038738250732
ranking_best_algo: Tabu
ranking_best_score: 0.7657846284375001
ranking_my_rank: 9/504 (98.4%)
ranking_my_percent: 98.41269841269842
