ConfigName: krbf__advnormalizedfitness__M3__L15__eps0p025__g0p007__ds0p15__dm0p01
Problem: QUBO
Kernel: rbf
Advantage: normalizedfitness
M: 3
lambda: 15
epsilon_svgd: 0.025
gamma: 0.007
decay_start_ratio: 0.15
decay_min_factor: 0.01
bandwith_kernel: None
no_interact: False
avg_score: -907.739990234375
median_score: -906.5
std_score: 68.8327865600586
percentiles: 2%=-1034.239990234375, 5%=-1021.0499877929688, 10%=-1000.5, 25%=-961.25, 50%=-906.5, 75%=-862.75, 90%=-817.7000122070312, 95%=-801.550048828125, 98%=-774.9199829101562
ranking_best_algo: CMAL3
ranking_best_score: 928.5800000000002
ranking_my_rank: 53/504 (89.7%)
ranking_my_percent: 89.68253968253968
