ConfigName: krbf__advnormalizedfitness__M3__L15__eps0p015__g0p005__ds0p3__dm0p01
Problem: QUBO
Kernel: rbf
Advantage: normalizedfitness
M: 3
lambda: 15
epsilon_svgd: 0.015
gamma: 0.005
decay_start_ratio: 0.3
decay_min_factor: 0.01
bandwith_kernel: None
no_interact: False
avg_score: -1222.9000244140625
median_score: -1216.5
std_score: 80.21053314208984
percentiles: 2%=-1373.52001953125, 5%=-1349.0, 10%=-1335.5, 25%=-1281.5, 50%=-1216.5, 75%=-1156.75, 90%=-1128.5999755859375, 95%=-1108.9000244140625, 98%=-1081.0
ranking_best_algo: BigLognormalDiscreteOnePlusOne
ranking_best_score: 1301.3600000000004
ranking_my_rank: 71/504 (86.1%)
ranking_my_percent: 86.11111111111111
