ConfigName: kjsd__advperagentrankweighted__M3__L18__eps0p01__g0p0005__ds0p2__dm0p05
Problem: NK
Kernel: jsd
Advantage: peragentrankweighted
M: 3
lambda: 18
epsilon_svgd: 0.01
gamma: 0.0005
decay_start_ratio: 0.2
decay_min_factor: 0.05
bandwith_kernel: None
no_interact: False
avg_score: 0.7533342242240906
median_score: 0.7526317238807678
std_score: 0.01272240187972784
percentiles: 2%=0.730793833732605, 5%=0.7312943935394287, 10%=0.73628169298172, 25%=0.7449949383735657, 50%=0.7526317238807678, 75%=0.7619134187698364, 90%=0.7688337564468384, 95%=0.7763416171073914, 98%=0.7782489657402039
ranking_best_algo: Tabu
ranking_best_score: 0.7470791764843752
ranking_my_rank: 1/504 (100.0%)
ranking_my_percent: 100.0
