ConfigName: kjsd__advperagentrankweighted__M5__L8__eps0p005__g0p0005__ds0p2__dm0p2
Problem: NK
Kernel: jsd
Advantage: peragentrankweighted
M: 5
lambda: 8
epsilon_svgd: 0.005
gamma: 0.0005
decay_start_ratio: 0.2
decay_min_factor: 0.2
bandwith_kernel: None
no_interact: False
avg_score: 0.7446634769439697
median_score: 0.7408133745193481
std_score: 0.027455415576696396
percentiles: 2%=0.7075473070144653, 5%=0.7093135118484497, 10%=0.7125560641288757, 25%=0.7241866588592529, 50%=0.7408133745193481, 75%=0.756351113319397, 90%=0.7767738699913025, 95%=0.8046090006828308, 98%=0.8109671473503113
ranking_best_algo: CMApara
ranking_best_score: 0.7459277895312499
ranking_my_rank: 3/504 (99.6%)
ranking_my_percent: 99.60317460317461
