ConfigName: kfr__advglobalrankweighted__M4__L15__eps0p015__g0p007__ds0p01__dm0p01
Problem: QUBO
Kernel: fr
Advantage: globalrankweighted
M: 4
lambda: 15
epsilon_svgd: 0.015
gamma: 0.007
decay_start_ratio: 0.01
decay_min_factor: 0.01
bandwith_kernel: None
no_interact: False
avg_score: -915.9000244140625
median_score: -920.5
std_score: 69.9383316040039
percentiles: 2%=-1029.43994140625, 5%=-1025.0, 10%=-1001.2000122070312, 25%=-969.75, 50%=-920.5, 75%=-868.5, 90%=-828.2000122070312, 95%=-796.800048828125, 98%=-772.9199829101562
ranking_best_algo: CMApara
ranking_best_score: 964.9
ranking_my_rank: 71/504 (86.1%)
ranking_my_percent: 86.11111111111111
