ConfigName: krbf__advnormalizedfitness__M3__L10__eps0p033__g0p015__ds0p01__dm0p3
Problem: QUBO
Kernel: rbf
Advantage: normalizedfitness
M: 3
lambda: 10
epsilon_svgd: 0.033
gamma: 0.015
decay_start_ratio: 0.01
decay_min_factor: 0.3
bandwith_kernel: None
no_interact: False
avg_score: -311.239990234375
median_score: -314.0
std_score: 38.904781341552734
percentiles: 2%=-394.0799865722656, 5%=-388.1000061035156, 10%=-360.1999816894531, 25%=-336.0, 50%=-314.0, 75%=-272.0, 90%=-265.8999938964844, 95%=-261.8500061035156, 98%=-256.0
ranking_best_algo: CMApara
ranking_best_score: 319.29999999999995
ranking_my_rank: 39/504 (92.5%)
ranking_my_percent: 92.46031746031746
