ConfigName: kjsd__advperagentrankweighted__M3__L30__eps0p007__g0p0005__ds0p2__dm0p05
Problem: NK
Kernel: jsd
Advantage: peragentrankweighted
M: 3
lambda: 30
epsilon_svgd: 0.007
gamma: 0.0005
decay_start_ratio: 0.2
decay_min_factor: 0.05
bandwith_kernel: None
no_interact: False
avg_score: 0.7361725568771362
median_score: 0.7372221946716309
std_score: 0.008771161548793316
percentiles: 2%=0.7185261845588684, 5%=0.719817042350769, 10%=0.721584677696228, 25%=0.7300071716308594, 50%=0.7372221946716309, 75%=0.7436857223510742, 90%=0.7457839250564575, 95%=0.7474159002304077, 98%=0.7489873170852661
ranking_best_algo: PBIL
ranking_best_score: 0.7248786399609374
ranking_my_rank: 1/504 (100.0%)
ranking_my_percent: 100.0
