ConfigName: kjsd__advperagentrankweighted__M3__L16__eps0p005__g0p003__ds0p1__dm0p05
Problem: QUBO
Kernel: jsd
Advantage: peragentrankweighted
M: 3
lambda: 16
epsilon_svgd: 0.005
gamma: 0.003
decay_start_ratio: 0.1
decay_min_factor: 0.05
bandwith_kernel: None
no_interact: False
avg_score: -330.0199890136719
median_score: -334.0
std_score: 22.260269165039062
percentiles: 2%=-372.0, 5%=-368.1000061035156, 10%=-354.0, 25%=-343.75, 50%=-334.0, 75%=-318.0, 90%=-297.79998779296875, 95%=-291.8999938964844, 98%=-279.9200134277344
ranking_best_algo: CMApara
ranking_best_score: 344.22
ranking_my_rank: 79/504 (84.5%)
ranking_my_percent: 84.52380952380952
