ConfigName: krbf__advnormalizedfitness__M4__L8__eps0p025__g0p005__ds0p05__dm0p05
Problem: QUBO
Kernel: rbf
Advantage: normalizedfitness
M: 4
lambda: 8
epsilon_svgd: 0.025
gamma: 0.005
decay_start_ratio: 0.05
decay_min_factor: 0.05
bandwith_kernel: None
no_interact: False
avg_score: -1555.6800537109375
median_score: -1555.5
std_score: 86.03184509277344
percentiles: 2%=-1713.0999755859375, 5%=-1686.0, 10%=-1657.5999755859375, 25%=-1623.5, 50%=-1555.5, 75%=-1498.75, 90%=-1431.0, 95%=-1390.9000244140625, 98%=-1382.8800048828125
ranking_best_algo: NLOPT_LN_PRAXIS
ranking_best_score: 1607.12
ranking_my_rank: 51/504 (90.1%)
ranking_my_percent: 90.07936507936508
