ConfigName: kfr__advglobalrankweighted__M6__L7__eps0p01__g0p007__ds0p01__dm0p01
Problem: QUBO
Kernel: fr
Advantage: globalrankweighted
M: 6
lambda: 7
epsilon_svgd: 0.01
gamma: 0.007
decay_start_ratio: 0.01
decay_min_factor: 0.01
bandwith_kernel: None
no_interact: False
avg_score: -964.4400024414062
median_score: -955.0
std_score: 54.06650161743164
percentiles: 2%=-1072.0999755859375, 5%=-1058.1500244140625, 10%=-1048.0999755859375, 25%=-995.0, 50%=-955.0, 75%=-932.75, 90%=-896.7999877929688, 95%=-881.0, 98%=-870.9599609375
ranking_best_algo: SVMMetaModelLogNormal
ranking_best_score: 1233.7999999999997
ranking_my_rank: 286/504 (43.5%)
ranking_my_percent: 43.45238095238095
