ConfigName: kjsd__advperagentrankweighted__M3__L18__eps0p005__g0p0005__ds0p05__dm0p1
Problem: NK
Kernel: jsd
Advantage: peragentrankweighted
M: 3
lambda: 18
epsilon_svgd: 0.005
gamma: 0.0005
decay_start_ratio: 0.05
decay_min_factor: 0.1
bandwith_kernel: None
no_interact: False
avg_score: 0.7212086319923401
median_score: 0.7204977869987488
std_score: 0.0071501899510622025
percentiles: 2%=0.7092535495758057, 5%=0.7106702327728271, 10%=0.7123156785964966, 25%=0.7162973284721375, 50%=0.7204977869987488, 75%=0.725010871887207, 90%=0.7313022613525391, 95%=0.7353780269622803, 98%=0.7368202209472656
ranking_best_algo: PBIL
ranking_best_score: 0.7170882103515624
ranking_my_rank: 1/504 (100.0%)
ranking_my_percent: 100.0
