ConfigName: krbf__advnormalizedfitness__M2__L10__eps0p015__g0p007__ds0p15__dm0p3
Problem: QUBO
Kernel: rbf
Advantage: normalizedfitness
M: 2
lambda: 10
epsilon_svgd: 0.015
gamma: 0.007
decay_start_ratio: 0.15
decay_min_factor: 0.3
bandwith_kernel: None
no_interact: False
avg_score: -2619.3798828125
median_score: -2616.5
std_score: 133.5654754638672
percentiles: 2%=-2875.02001953125, 5%=-2839.25, 10%=-2812.0, 25%=-2729.0, 50%=-2616.5, 75%=-2514.0, 90%=-2455.39990234375, 95%=-2422.5, 98%=-2383.93994140625
ranking_best_algo: DiscreteLengler2OnePlusOne
ranking_best_score: 2617.04
ranking_my_rank: 1/504 (100.0%)
ranking_my_percent: 100.0
