ConfigName: kfr__advglobalrankweighted__M2__L8__eps0p02__g0p007__ds0p01__dm0p01
Problem: QUBO
Kernel: fr
Advantage: globalrankweighted
M: 2
lambda: 8
epsilon_svgd: 0.02
gamma: 0.007
decay_start_ratio: 0.01
decay_min_factor: 0.01
bandwith_kernel: None
no_interact: False
avg_score: -1236.3199462890625
median_score: -1231.5
std_score: 60.413883209228516
percentiles: 2%=-1353.6600341796875, 5%=-1330.0999755859375, 10%=-1307.4000244140625, 25%=-1279.0, 50%=-1231.5, 75%=-1191.75, 90%=-1164.5999755859375, 95%=-1138.7000732421875, 98%=-1118.599853515625
ranking_best_algo: SVMMetaModelLogNormal
ranking_best_score: 1233.7999999999997
ranking_my_rank: 1/504 (100.0%)
ranking_my_percent: 100.0
