ConfigName: krbf__advnormalizedfitness__M4__L10__eps0p03__g0p005__ds0p05__dm0p05
Problem: NK
Kernel: rbf
Advantage: normalizedfitness
M: 4
lambda: 10
epsilon_svgd: 0.03
gamma: 0.005
decay_start_ratio: 0.05
decay_min_factor: 0.05
bandwith_kernel: None
no_interact: False
avg_score: 0.7272459268569946
median_score: 0.7249131202697754
std_score: 0.010844319127500057
percentiles: 2%=0.7073974609375, 5%=0.7100628614425659, 10%=0.7158759236335754, 25%=0.7210686206817627, 50%=0.7249131202697754, 75%=0.7340703010559082, 90%=0.741478681564331, 95%=0.7456768155097961, 98%=0.7516523599624634
ranking_best_algo: Tabu
ranking_best_score: 0.7429702712499999
ranking_my_rank: 2/504 (99.8%)
ranking_my_percent: 99.8015873015873
