ConfigName: kjsd__advperagentrankweighted__M4__L10__eps0p01__g0p0007__ds0p4__dm0p05
Problem: NK
Kernel: jsd
Advantage: peragentrankweighted
M: 4
lambda: 10
epsilon_svgd: 0.01
gamma: 0.0007
decay_start_ratio: 0.4
decay_min_factor: 0.05
bandwith_kernel: None
no_interact: False
avg_score: 0.7366804480552673
median_score: 0.7341551780700684
std_score: 0.013281256891787052
percentiles: 2%=0.7106188535690308, 5%=0.7179601788520813, 10%=0.721100926399231, 25%=0.7277641892433167, 50%=0.7341551780700684, 75%=0.7457312941551208, 90%=0.7544450759887695, 95%=0.7566310167312622, 98%=0.7686696648597717
ranking_best_algo: Tabu
ranking_best_score: 0.7601875690625
ranking_my_rank: 20/504 (96.2%)
ranking_my_percent: 96.23015873015873
