ConfigName: kjsd__advperagentrankweighted__M4__L10__eps0p005__g0p0005__ds0p05__dm0p05
Problem: QUBO
Kernel: jsd
Advantage: peragentrankweighted
M: 4
lambda: 10
epsilon_svgd: 0.005
gamma: 0.0005
decay_start_ratio: 0.05
decay_min_factor: 0.05
bandwith_kernel: None
no_interact: False
avg_score: -581.0
median_score: -582.0
std_score: 28.79166603088379
percentiles: 2%=-639.0, 5%=-629.0, 10%=-615.2000122070312, 25%=-600.25, 50%=-582.0, 75%=-560.5, 90%=-543.0, 95%=-539.75, 98%=-530.8200073242188
ranking_best_algo: Tabu
ranking_best_score: 588.7199999999999
ranking_my_rank: 37/503 (92.8%)
ranking_my_percent: 92.84294234592446
