ConfigName: kjsd__advperagentrankweighted__M8__L24__eps0p005__g0p0005__ds0p3__dm0p05
Problem: QUBO
Kernel: jsd
Advantage: peragentrankweighted
M: 8
lambda: 24
epsilon_svgd: 0.005
gamma: 0.0005
decay_start_ratio: 0.3
decay_min_factor: 0.05
bandwith_kernel: None
no_interact: False
avg_score: -413.6600036621094
median_score: -410.0
std_score: 34.906795501708984
percentiles: 2%=-480.1400146484375, 5%=-469.1499938964844, 10%=-454.70001220703125, 25%=-439.5, 50%=-410.0, 75%=-387.0, 90%=-369.0, 95%=-358.95001220703125, 98%=-343.9599914550781
ranking_best_algo: CMApara
ranking_best_score: 453.82
ranking_my_rank: 224/504 (55.8%)
ranking_my_percent: 55.75396825396825
