ConfigName: krbf__advnormalizedfitness__M3__L12__eps0p033__g0p015__ds0p01__dm0p3
Problem: QUBO
Kernel: rbf
Advantage: normalizedfitness
M: 3
lambda: 12
epsilon_svgd: 0.033
gamma: 0.015
decay_start_ratio: 0.01
decay_min_factor: 0.3
bandwith_kernel: None
no_interact: False
avg_score: -2295.39990234375
median_score: -2305.5
std_score: 185.94644165039062
percentiles: 2%=-2617.340087890625, 5%=-2607.300048828125, 10%=-2567.699951171875, 25%=-2396.0, 50%=-2305.5, 75%=-2177.75, 90%=-2048.0, 95%=-1964.7000732421875, 98%=-1934.97998046875
ranking_best_algo: DiscreteLengler2OnePlusOne
ranking_best_score: 2617.04
ranking_my_rank: 163/504 (67.9%)
ranking_my_percent: 67.85714285714286
