ConfigName: kfr__advglobalrankweighted__M6__L10__eps0p01__g0p007__ds0p01__dm0p01
Problem: QUBO
Kernel: fr
Advantage: globalrankweighted
M: 6
lambda: 10
epsilon_svgd: 0.01
gamma: 0.007
decay_start_ratio: 0.01
decay_min_factor: 0.01
bandwith_kernel: None
no_interact: False
avg_score: -1896.6600341796875
median_score: -1889.0
std_score: 156.52017211914062
percentiles: 2%=-2273.1201171875, 5%=-2177.10009765625, 10%=-2116.300048828125, 25%=-1974.25, 50%=-1889.0, 75%=-1776.75, 90%=-1727.0999755859375, 95%=-1645.9000244140625, 98%=-1641.719970703125
ranking_best_algo: DiscreteLengler2OnePlusOne
ranking_best_score: 2617.04
ranking_my_rank: 295/504 (41.7%)
ranking_my_percent: 41.666666666666664
