ConfigName: kjsd__advperagentrankweighted__M5__L12__eps0p03__g0p0005__ds0p05__dm0p05
Problem: QUBO
Kernel: jsd
Advantage: peragentrankweighted
M: 5
lambda: 12
epsilon_svgd: 0.03
gamma: 0.0005
decay_start_ratio: 0.05
decay_min_factor: 0.05
bandwith_kernel: None
no_interact: False
avg_score: -1282.8800048828125
median_score: -1280.0
std_score: 56.62760543823242
percentiles: 2%=-1413.239990234375, 5%=-1396.25, 10%=-1349.199951171875, 25%=-1313.25, 50%=-1280.0, 75%=-1243.0, 90%=-1221.0, 95%=-1198.949951171875, 98%=-1180.800048828125
ranking_best_algo: BigLognormalDiscreteOnePlusOne
ranking_best_score: 1301.3600000000004
ranking_my_rank: 5/504 (99.2%)
ranking_my_percent: 99.2063492063492
