ConfigName: krbf__advnormalizedfitness__M3__L24__eps0p03__g0p01__ds0p05__dm0p05
Problem: QUBO
Kernel: rbf
Advantage: normalizedfitness
M: 3
lambda: 24
epsilon_svgd: 0.03
gamma: 0.01
decay_start_ratio: 0.05
decay_min_factor: 0.05
bandwith_kernel: None
no_interact: False
avg_score: -555.0800170898438
median_score: -556.5
std_score: 35.74903869628906
percentiles: 2%=-628.0800170898438, 5%=-611.0999755859375, 10%=-603.2999877929688, 25%=-579.25, 50%=-556.5, 75%=-530.75, 90%=-507.70001220703125, 95%=-495.95001220703125, 98%=-486.9200134277344
ranking_best_algo: Tabu
ranking_best_score: 588.7199999999999
ranking_my_rank: 144/503 (71.6%)
ranking_my_percent: 71.57057654075547
