ConfigName: kjsd__advperagentrankweighted__M5__L12__eps0p02__g0p0005__ds0p2__dm0p05
Problem: QUBO
Kernel: jsd
Advantage: peragentrankweighted
M: 5
lambda: 12
epsilon_svgd: 0.02
gamma: 0.0005
decay_start_ratio: 0.2
decay_min_factor: 0.05
bandwith_kernel: None
no_interact: False
avg_score: -333.4200134277344
median_score: -334.0
std_score: 19.392358779907227
percentiles: 2%=-372.0, 5%=-372.0, 10%=-354.0, 25%=-344.5, 50%=-334.0, 75%=-323.5, 90%=-305.8999938964844, 95%=-299.8999938964844, 98%=-286.94000244140625
ranking_best_algo: CMApara
ranking_best_score: 344.22
ranking_my_rank: 67/504 (86.9%)
ranking_my_percent: 86.9047619047619
