ConfigName: kjsd__advperagentrankweighted__M3__L18__eps0p01__g0p0005__ds0p2__dm0p05
Problem: NK
Kernel: jsd
Advantage: peragentrankweighted
M: 3
lambda: 18
epsilon_svgd: 0.01
gamma: 0.0005
decay_start_ratio: 0.2
decay_min_factor: 0.05
bandwith_kernel: None
no_interact: False
avg_score: 0.7316796779632568
median_score: 0.7329837083816528
std_score: 0.01033952459692955
percentiles: 2%=0.7107760310173035, 5%=0.7153047919273376, 10%=0.7183293700218201, 25%=0.7234625816345215, 50%=0.7329837083816528, 75%=0.7390368580818176, 90%=0.7438422441482544, 95%=0.7478483319282532, 98%=0.7514913082122803
ranking_best_algo: Tabu
ranking_best_score: 0.7429702712499999
ranking_my_rank: 2/504 (99.8%)
ranking_my_percent: 99.8015873015873
