ConfigName: kfr__advglobalrankweighted__M2__L7__eps0p015__g0p007__ds0p01__dm0p01
Problem: NK
Kernel: fr
Advantage: globalrankweighted
M: 2
lambda: 7
epsilon_svgd: 0.015
gamma: 0.007
decay_start_ratio: 0.01
decay_min_factor: 0.01
bandwith_kernel: None
no_interact: False
avg_score: 0.7469687461853027
median_score: 0.7457582950592041
std_score: 0.015454097650945187
percentiles: 2%=0.7201643586158752, 5%=0.7222392559051514, 10%=0.7260041832923889, 25%=0.7362031936645508, 50%=0.7457582950592041, 75%=0.7601869106292725, 90%=0.766950786113739, 95%=0.7703841328620911, 98%=0.7763771414756775
ranking_best_algo: Tabu
ranking_best_score: 0.7657846284375001
ranking_my_rank: 36/504 (93.1%)
ranking_my_percent: 93.05555555555556
