ConfigName: kjsd__advperagentrankweighted__M4__L8__eps0p005__g0p003__ds0p05__dm0p05
Problem: QUBO
Kernel: jsd
Advantage: peragentrankweighted
M: 4
lambda: 8
epsilon_svgd: 0.005
gamma: 0.003
decay_start_ratio: 0.05
decay_min_factor: 0.05
bandwith_kernel: None
no_interact: False
avg_score: -1250.56005859375
median_score: -1243.0
std_score: 75.44154357910156
percentiles: 2%=-1388.199951171875, 5%=-1381.0, 10%=-1347.199951171875, 25%=-1310.25, 50%=-1243.0, 75%=-1192.0, 90%=-1150.800048828125, 95%=-1139.449951171875, 98%=-1114.9000244140625
ranking_best_algo: BigLognormalDiscreteOnePlusOne
ranking_best_score: 1301.3600000000004
ranking_my_rank: 56/504 (89.1%)
ranking_my_percent: 89.08730158730158
