ConfigName: kjsd__advperagentrankweighted__M3__L30__eps0p007__g0p0005__ds0p2__dm0p1
Problem: NK
Kernel: jsd
Advantage: peragentrankweighted
M: 3
lambda: 30
epsilon_svgd: 0.007
gamma: 0.0005
decay_start_ratio: 0.2
decay_min_factor: 0.1
bandwith_kernel: None
no_interact: False
avg_score: 0.7575500011444092
median_score: 0.7556076645851135
std_score: 0.012825272977352142
percentiles: 2%=0.7342082262039185, 5%=0.7381002306938171, 10%=0.7414524555206299, 25%=0.7492908835411072, 50%=0.7556076645851135, 75%=0.7666719555854797, 90%=0.7745860815048218, 95%=0.7777539491653442, 98%=0.7840774059295654
ranking_best_algo: Tabu
ranking_best_score: 0.7470791764843752
ranking_my_rank: 1/504 (100.0%)
ranking_my_percent: 100.0
