ConfigName: krbf__advnormalizedfitness__M3__L15__eps0p033__g0p007__ds0p15__dm0p3
Problem: QUBO
Kernel: rbf
Advantage: normalizedfitness
M: 3
lambda: 15
epsilon_svgd: 0.033
gamma: 0.007
decay_start_ratio: 0.15
decay_min_factor: 0.3
bandwith_kernel: None
no_interact: False
avg_score: -1173.1800537109375
median_score: -1174.5
std_score: 84.99993133544922
percentiles: 2%=-1341.199951171875, 5%=-1302.8499755859375, 10%=-1287.199951171875, 25%=-1239.0, 50%=-1174.5, 75%=-1100.75, 90%=-1068.800048828125, 95%=-1035.75, 98%=-1020.9199829101562
ranking_best_algo: SVMMetaModelLogNormal
ranking_best_score: 1233.7999999999997
ranking_my_rank: 78/504 (84.7%)
ranking_my_percent: 84.72222222222223
