ConfigName: krbf__advnormalizedfitness__M2__L10__eps0p01__g0p003__ds0p01__dm0p01
Problem: QUBO
Kernel: rbf
Advantage: normalizedfitness
M: 2
lambda: 10
epsilon_svgd: 0.01
gamma: 0.003
decay_start_ratio: 0.01
decay_min_factor: 0.01
bandwith_kernel: None
no_interact: False
avg_score: -931.7999877929688
median_score: -932.5
std_score: 67.73640441894531
percentiles: 2%=-1068.0799560546875, 5%=-1050.0999755859375, 10%=-1020.2999877929688, 25%=-985.0, 50%=-932.5, 75%=-886.0, 90%=-838.9000244140625, 95%=-814.9000244140625, 98%=-808.8400268554688
ranking_best_algo: CMApara
ranking_best_score: 964.9
ranking_my_rank: 19/504 (96.4%)
ranking_my_percent: 96.42857142857143
