ConfigName: krbf__advnormalizedfitness__M4__L8__eps0p03__g0p005__ds0p05__dm0p05
Problem: QUBO
Kernel: rbf
Advantage: normalizedfitness
M: 4
lambda: 8
epsilon_svgd: 0.03
gamma: 0.005
decay_start_ratio: 0.05
decay_min_factor: 0.05
bandwith_kernel: None
no_interact: False
avg_score: -202.86000061035156
median_score: -203.0
std_score: 12.093816757202148
percentiles: 2%=-224.0, 5%=-224.0, 10%=-221.0, 25%=-211.0, 50%=-203.0, 75%=-193.0, 90%=-188.0, 95%=-183.89999389648438, 98%=-178.89999389648438
ranking_best_algo: Tabu
ranking_best_score: 208.36000000000004
ranking_my_rank: 32/504 (93.8%)
ranking_my_percent: 93.84920634920636
