ConfigName: kjsd__advperagentrankweighted__M3__L18__eps0p005__g0p0005__ds0p2__dm0p2
Problem: NK
Kernel: jsd
Advantage: peragentrankweighted
M: 3
lambda: 18
epsilon_svgd: 0.005
gamma: 0.0005
decay_start_ratio: 0.2
decay_min_factor: 0.2
bandwith_kernel: None
no_interact: False
avg_score: 0.7339220643043518
median_score: 0.7340297698974609
std_score: 0.0095359580591321
percentiles: 2%=0.7160974740982056, 5%=0.7182441353797913, 10%=0.7214368581771851, 25%=0.7279345989227295, 50%=0.7340297698974609, 75%=0.7398943901062012, 90%=0.7467485070228577, 95%=0.749596893787384, 98%=0.7531160712242126
ranking_best_algo: Tabu
ranking_best_score: 0.7429702712499999
ranking_my_rank: 2/504 (99.8%)
ranking_my_percent: 99.8015873015873
