ConfigName: krbf__advnormalizedfitness__M3__L12__eps0p025__g0p005__ds0p15__dm0p01
Problem: QUBO
Kernel: rbf
Advantage: normalizedfitness
M: 3
lambda: 12
epsilon_svgd: 0.025
gamma: 0.005
decay_start_ratio: 0.15
decay_min_factor: 0.01
bandwith_kernel: None
no_interact: False
avg_score: -417.0799865722656
median_score: -414.0
std_score: 24.99987030029297
percentiles: 2%=-473.0799865722656, 5%=-467.1000061035156, 10%=-452.0, 25%=-430.5, 50%=-414.0, 75%=-403.5, 90%=-387.6000061035156, 95%=-377.9000244140625, 98%=-369.91998291015625
ranking_best_algo: Tabu
ranking_best_score: 438.12
ranking_my_rank: 41/504 (92.1%)
ranking_my_percent: 92.06349206349206
