ConfigName: kjsd__advperagentrankweighted__M5__L12__eps0p03__g0p0003__ds0p2__dm0p05
Problem: NK
Kernel: jsd
Advantage: peragentrankweighted
M: 5
lambda: 12
epsilon_svgd: 0.03
gamma: 0.0003
decay_start_ratio: 0.2
decay_min_factor: 0.05
bandwith_kernel: None
no_interact: False
avg_score: 0.7356677055358887
median_score: 0.7343569397926331
std_score: 0.01389654353260994
percentiles: 2%=0.71303391456604, 5%=0.7151830792427063, 10%=0.7184478044509888, 25%=0.7255280017852783, 50%=0.7343569397926331, 75%=0.7462677359580994, 90%=0.7546827793121338, 95%=0.7578878402709961, 98%=0.7667326927185059
ranking_best_algo: Tabu
ranking_best_score: 0.7470791764843752
ranking_my_rank: 18/504 (96.6%)
ranking_my_percent: 96.62698412698413
