ConfigName: kfr__advglobalrankweighted__M5__L11__eps0p015__g0p007__ds0p01__dm0p01
Problem: QUBO
Kernel: fr
Advantage: globalrankweighted
M: 5
lambda: 11
epsilon_svgd: 0.015
gamma: 0.007
decay_start_ratio: 0.01
decay_min_factor: 0.01
bandwith_kernel: None
no_interact: False
avg_score: -200.5399932861328
median_score: -200.0
std_score: 12.612232208251953
percentiles: 2%=-224.0, 5%=-222.0, 10%=-221.0, 25%=-208.0, 50%=-200.0, 75%=-193.0, 90%=-182.89999389648438, 95%=-179.85000610351562, 98%=-174.95999145507812
ranking_best_algo: Tabu
ranking_best_score: 208.36000000000004
ranking_my_rank: 46/504 (91.1%)
ranking_my_percent: 91.07142857142857
