ConfigName: kjsd__advperagentrankweighted__M6__L12__eps0p005__g0p0005__ds0p3__dm0p05
Problem: QUBO
Kernel: jsd
Advantage: peragentrankweighted
M: 6
lambda: 12
epsilon_svgd: 0.005
gamma: 0.0005
decay_start_ratio: 0.3
decay_min_factor: 0.05
bandwith_kernel: None
no_interact: False
avg_score: -150.77999877929688
median_score: -148.5
std_score: 12.47203254699707
percentiles: 2%=-179.0, 5%=-179.0, 10%=-165.5, 25%=-158.0, 50%=-148.5, 75%=-141.0, 90%=-136.0, 95%=-135.0, 98%=-130.9600067138672
ranking_best_algo: CMApara
ranking_best_score: 154.28
ranking_my_rank: 75/504 (85.3%)
ranking_my_percent: 85.31746031746032
