ConfigName: krbf__advnormalizedfitness__M4__L12__eps0p033__g0p005__ds0p3__dm0p01
Problem: QUBO
Kernel: rbf
Advantage: normalizedfitness
M: 4
lambda: 12
epsilon_svgd: 0.033
gamma: 0.005
decay_start_ratio: 0.3
decay_min_factor: 0.01
bandwith_kernel: None
no_interact: False
avg_score: -926.7999877929688
median_score: -912.5
std_score: 68.99260711669922
percentiles: 2%=-1070.1199951171875, 5%=-1061.050048828125, 10%=-1039.0999755859375, 25%=-964.25, 50%=-912.5, 75%=-882.5, 90%=-844.5999755859375, 95%=-817.0, 98%=-812.5999145507812
ranking_best_algo: CMApara
ranking_best_score: 964.9
ranking_my_rank: 21/504 (96.0%)
ranking_my_percent: 96.03174603174604
