ConfigName: kjsd__advperagentrankweighted__M3__L24__eps0p005__g0p0005__ds0p1__dm0p2
Problem: QUBO
Kernel: jsd
Advantage: peragentrankweighted
M: 3
lambda: 24
epsilon_svgd: 0.005
gamma: 0.0005
decay_start_ratio: 0.1
decay_min_factor: 0.2
bandwith_kernel: None
no_interact: False
avg_score: -140.0399932861328
median_score: -142.5
std_score: 11.50123405456543
percentiles: 2%=-159.02000427246094, 5%=-158.0500030517578, 10%=-155.0, 25%=-149.0, 50%=-142.5, 75%=-130.75, 90%=-125.0, 95%=-123.0, 98%=-113.9800033569336
ranking_best_algo: DiscreteDE
ranking_best_score: 143.4
ranking_my_rank: 80/504 (84.3%)
ranking_my_percent: 84.32539682539682
