ConfigName: krbf__advnormalizedfitness__M3__L12__eps0p015__g0p015__ds0p01__dm0p01
Problem: QUBO
Kernel: rbf
Advantage: normalizedfitness
M: 3
lambda: 12
epsilon_svgd: 0.015
gamma: 0.015
decay_start_ratio: 0.01
decay_min_factor: 0.01
bandwith_kernel: None
no_interact: False
avg_score: -896.1400146484375
median_score: -882.0
std_score: 75.0045394897461
percentiles: 2%=-1034.0400390625, 5%=-1028.0, 10%=-1007.0, 25%=-952.75, 50%=-882.0, 75%=-842.0, 90%=-806.7999877929688, 95%=-776.9000244140625, 98%=-760.639892578125
ranking_best_algo: CMApara
ranking_best_score: 964.9
ranking_my_rank: 161/504 (68.3%)
ranking_my_percent: 68.25396825396825
