ConfigName: kjsd__advperagentrankweighted__M10__L10__eps0p005__g0p0005__ds0p3__dm0p05
Problem: NK
Kernel: jsd
Advantage: peragentrankweighted
M: 10
lambda: 10
epsilon_svgd: 0.005
gamma: 0.0005
decay_start_ratio: 0.3
decay_min_factor: 0.05
bandwith_kernel: None
no_interact: False
avg_score: 0.7102249264717102
median_score: 0.7111265659332275
std_score: 0.015532025136053562
percentiles: 2%=0.6705246567726135, 5%=0.6731362342834473, 10%=0.6967164874076843, 25%=0.7062348127365112, 50%=0.7111265659332275, 75%=0.7191683053970337, 90%=0.7253310084342957, 95%=0.7314590215682983, 98%=0.7331427931785583
ranking_best_algo: CMApara
ranking_best_score: 0.707475975
ranking_my_rank: 1/504 (100.0%)
ranking_my_percent: 100.0
