ConfigName: kjsd__advperagentrankweighted__M3__L20__eps0p005__g0p003__ds0p1__dm0p1
Problem: QUBO
Kernel: jsd
Advantage: peragentrankweighted
M: 3
lambda: 20
epsilon_svgd: 0.005
gamma: 0.003
decay_start_ratio: 0.1
decay_min_factor: 0.1
bandwith_kernel: None
no_interact: False
avg_score: -2039.6800537109375
median_score: -1998.0
std_score: 177.93634033203125
percentiles: 2%=-2401.06005859375, 5%=-2373.199951171875, 10%=-2278.300048828125, 25%=-2188.25, 50%=-1998.0, 75%=-1895.75, 90%=-1827.9000244140625, 95%=-1806.699951171875, 98%=-1778.9000244140625
ranking_best_algo: SVM1MetaModelLogNormal
ranking_best_score: 2605.14
ranking_my_rank: 265/504 (47.6%)
ranking_my_percent: 47.61904761904762
