ConfigName: krbf__advnormalizedfitness__M4__L8__eps0p025__g0p005__ds0p05__dm0p05
Problem: NK
Kernel: rbf
Advantage: normalizedfitness
M: 4
lambda: 8
epsilon_svgd: 0.025
gamma: 0.005
decay_start_ratio: 0.05
decay_min_factor: 0.05
bandwith_kernel: None
no_interact: False
avg_score: 0.7337462902069092
median_score: 0.7351623177528381
std_score: 0.009015432558953762
percentiles: 2%=0.7158148884773254, 5%=0.7174476981163025, 10%=0.7198715209960938, 25%=0.727794885635376, 50%=0.7351623177528381, 75%=0.7410285472869873, 90%=0.7437589764595032, 95%=0.7451934814453125, 98%=0.7470539808273315
ranking_best_algo: PBIL
ranking_best_score: 0.7248786399609374
ranking_my_rank: 1/504 (100.0%)
ranking_my_percent: 100.0
