ConfigName: krbf__advnormalizedfitness__M1__L8__eps0p015__g0p005__ds0p01__dm0p01
Problem: QUBO
Kernel: rbf
Advantage: normalizedfitness
M: 1
lambda: 8
epsilon_svgd: 0.015
gamma: 0.005
decay_start_ratio: 0.01
decay_min_factor: 0.01
bandwith_kernel: None
no_interact: False
avg_score: -2539.919921875
median_score: -2559.5
std_score: 162.92916870117188
percentiles: 2%=-2804.93994140625, 5%=-2740.10009765625, 10%=-2700.5, 25%=-2637.25, 50%=-2559.5, 75%=-2461.0, 90%=-2361.60009765625, 95%=-2345.550048828125, 98%=-2197.85986328125
ranking_best_algo: DiscreteLengler2OnePlusOne
ranking_best_score: 2617.04
ranking_my_rank: 56/504 (89.1%)
ranking_my_percent: 89.08730158730158
