ConfigName: kjsd__advperagentrankweighted__M4__L20__eps0p005__g0p0005__ds0p2__dm0p05
Problem: NK
Kernel: jsd
Advantage: peragentrankweighted
M: 4
lambda: 20
epsilon_svgd: 0.005
gamma: 0.0005
decay_start_ratio: 0.2
decay_min_factor: 0.05
bandwith_kernel: None
no_interact: False
avg_score: 0.7448359131813049
median_score: 0.7441411018371582
std_score: 0.01326264813542366
percentiles: 2%=0.7214963436126709, 5%=0.7252413630485535, 10%=0.727246105670929, 25%=0.7367846965789795, 50%=0.7441411018371582, 75%=0.7531123161315918, 90%=0.7610479593276978, 95%=0.7694786787033081, 98%=0.7712211608886719
ranking_best_algo: Tabu
ranking_best_score: 0.7601875690625
ranking_my_rank: 5/504 (99.2%)
ranking_my_percent: 99.2063492063492
