ConfigName: kjsd__advperagentrankweighted__M4__L24__eps0p01__g0p0003__ds0p2__dm0p05
Problem: NK
Kernel: jsd
Advantage: peragentrankweighted
M: 4
lambda: 24
epsilon_svgd: 0.01
gamma: 0.0003
decay_start_ratio: 0.2
decay_min_factor: 0.05
bandwith_kernel: None
no_interact: False
avg_score: 0.7303897738456726
median_score: 0.730388879776001
std_score: 0.009770135395228863
percentiles: 2%=0.7119940519332886, 5%=0.7149057984352112, 10%=0.7182708382606506, 25%=0.7241295576095581, 50%=0.730388879776001, 75%=0.7368402481079102, 90%=0.742613673210144, 95%=0.7467079162597656, 98%=0.750076413154602
ranking_best_algo: Tabu
ranking_best_score: 0.7429702712499999
ranking_my_rank: 2/504 (99.8%)
ranking_my_percent: 99.8015873015873
