ConfigName: kjsd__advperagentrankweighted__M4__L24__eps0p01__g0p0005__ds1__dm1
Problem: QUBO
Kernel: jsd
Advantage: peragentrankweighted
M: 4
lambda: 24
epsilon_svgd: 0.01
gamma: 0.0005
decay_start_ratio: 1.0
decay_min_factor: 1.0
bandwith_kernel: None
no_interact: False
avg_score: -325.1199951171875
median_score: -328.0
std_score: 21.90035629272461
percentiles: 2%=-372.0, 5%=-357.0, 10%=-350.0, 25%=-340.25, 50%=-328.0, 75%=-308.0, 90%=-292.0, 95%=-286.0, 98%=-283.9800109863281
ranking_best_algo: CMApara
ranking_best_score: 344.22
ranking_my_rank: 121/504 (76.2%)
ranking_my_percent: 76.19047619047619
no_repulsion: True
