ConfigName: krbf__advnormalizedfitness__M4__L10__eps0p015__g0p005__ds0p01__dm0p3
Problem: QUBO
Kernel: rbf
Advantage: normalizedfitness
M: 4
lambda: 10
epsilon_svgd: 0.015
gamma: 0.005
decay_start_ratio: 0.01
decay_min_factor: 0.3
bandwith_kernel: None
no_interact: False
avg_score: -2616.6201171875
median_score: -2623.5
std_score: 312.8087158203125
percentiles: 2%=-3280.89990234375, 5%=-3190.14990234375, 10%=-3045.5, 25%=-2795.0, 50%=-2623.5, 75%=-2380.5, 90%=-2219.199951171875, 95%=-2183.750244140625, 98%=-2115.52001953125
ranking_best_algo: RLSOnePlusOne
ranking_best_score: 3316.5199999999995
ranking_my_rank: 207/504 (59.1%)
ranking_my_percent: 59.12698412698413
