ConfigName: kjsd__advperagentrankweighted__M6__L10__eps0p02__g0p0003__ds0p05__dm0p05
Problem: QUBO
Kernel: jsd
Advantage: peragentrankweighted
M: 6
lambda: 10
epsilon_svgd: 0.02
gamma: 0.0003
decay_start_ratio: 0.05
decay_min_factor: 0.05
bandwith_kernel: None
no_interact: False
avg_score: -199.6999969482422
median_score: -200.0
std_score: 12.782410621643066
percentiles: 2%=-224.0, 5%=-220.10000610351562, 10%=-214.5, 25%=-209.0, 50%=-200.0, 75%=-191.0, 90%=-180.89999389648438, 95%=-177.9499969482422, 98%=-173.9600067138672
ranking_best_algo: Tabu
ranking_best_score: 208.36000000000004
ranking_my_rank: 64/504 (87.5%)
ranking_my_percent: 87.5
