ConfigName: kjsd__advperagentrankweighted__M3__L16__eps0p01__g0p0007__ds0p05__dm0p1
Problem: QUBO
Kernel: jsd
Advantage: peragentrankweighted
M: 3
lambda: 16
epsilon_svgd: 0.01
gamma: 0.0007
decay_start_ratio: 0.05
decay_min_factor: 0.1
bandwith_kernel: None
no_interact: False
avg_score: -1246.280029296875
median_score: -1241.5
std_score: 65.4661865234375
percentiles: 2%=-1376.3199462890625, 5%=-1357.0999755859375, 10%=-1334.0, 25%=-1289.75, 50%=-1241.5, 75%=-1195.0, 90%=-1165.0, 95%=-1150.9000244140625, 98%=-1147.0
ranking_best_algo: SVMMetaModelLogNormal
ranking_best_score: 1233.7999999999997
ranking_my_rank: 1/504 (100.0%)
ranking_my_percent: 100.0
