ConfigName: kfr__advglobalrankweighted__M4__L12__eps0p01__g0p003__ds0p01__dm0p01
Problem: QUBO
Kernel: fr
Advantage: globalrankweighted
M: 4
lambda: 12
epsilon_svgd: 0.01
gamma: 0.003
decay_start_ratio: 0.01
decay_min_factor: 0.01
bandwith_kernel: None
no_interact: False
avg_score: -1265.780029296875
median_score: -1266.0
std_score: 58.895259857177734
percentiles: 2%=-1392.02001953125, 5%=-1350.4000244140625, 10%=-1342.300048828125, 25%=-1307.0, 50%=-1266.0, 75%=-1221.0, 90%=-1195.5, 95%=-1176.75, 98%=-1156.760009765625
ranking_best_algo: BigLognormalDiscreteOnePlusOne
ranking_best_score: 1301.3600000000004
ranking_my_rank: 50/504 (90.3%)
ranking_my_percent: 90.27777777777777
