ConfigName: krbf__advnormalizedfitness__M1__L8__eps0p015__g0p005__ds0p15__dm0p3
Problem: NK
Kernel: rbf
Advantage: normalizedfitness
M: 1
lambda: 8
epsilon_svgd: 0.015
gamma: 0.005
decay_start_ratio: 0.15
decay_min_factor: 0.3
bandwith_kernel: None
no_interact: False
avg_score: 0.7014406323432922
median_score: 0.7022252678871155
std_score: 0.011775671504437923
percentiles: 2%=0.6786885261535645, 5%=0.683483362197876, 10%=0.6852333545684814, 25%=0.6903186440467834, 50%=0.7022252678871155, 75%=0.7126100659370422, 90%=0.7150938510894775, 95%=0.7170350551605225, 98%=0.7177140116691589
ranking_best_algo: PBIL
ranking_best_score: 0.7013553837109374
ranking_my_rank: 1/504 (100.0%)
ranking_my_percent: 100.0
