ConfigName: krbf__advnormalizedfitness__M5__L8__eps0p025__g0p01__ds0p05__dm0p05
Problem: QUBO
Kernel: rbf
Advantage: normalizedfitness
M: 5
lambda: 8
epsilon_svgd: 0.025
gamma: 0.01
decay_start_ratio: 0.05
decay_min_factor: 0.05
bandwith_kernel: None
no_interact: False
avg_score: -852.6799926757812
median_score: -847.0
std_score: 74.4754867553711
percentiles: 2%=-996.260009765625, 5%=-990.0999755859375, 10%=-965.0999755859375, 25%=-898.25, 50%=-847.0, 75%=-794.5, 90%=-760.7999877929688, 95%=-741.9000244140625, 98%=-716.9600219726562
ranking_best_algo: CMAL3
ranking_best_score: 928.5800000000002
ranking_my_rank: 205/504 (59.5%)
ranking_my_percent: 59.523809523809526
