ConfigName: kjsd__advperagentrankweighted__M3__L18__eps0p005__g0p003__ds0p1__dm0p05
Problem: QUBO
Kernel: jsd
Advantage: peragentrankweighted
M: 3
lambda: 18
epsilon_svgd: 0.005
gamma: 0.003
decay_start_ratio: 0.1
decay_min_factor: 0.05
bandwith_kernel: None
no_interact: False
avg_score: -2219.5400390625
median_score: -2200.0
std_score: 175.9951934814453
percentiles: 2%=-2587.360107421875, 5%=-2521.39990234375, 10%=-2478.699951171875, 25%=-2336.25, 50%=-2200.0, 75%=-2083.5, 90%=-2023.9000244140625, 95%=-1995.699951171875, 98%=-1905.56005859375
ranking_best_algo: SVM1MetaModelLogNormal
ranking_best_score: 2605.14
ranking_my_rank: 178/504 (64.9%)
ranking_my_percent: 64.88095238095238
