ConfigName: kjsd__advperagentrankweighted__M3__L24__eps0p007__g0p001__ds0p05__dm0p2
Problem: QUBO
Kernel: jsd
Advantage: peragentrankweighted
M: 3
lambda: 24
epsilon_svgd: 0.007
gamma: 0.001
decay_start_ratio: 0.05
decay_min_factor: 0.2
bandwith_kernel: None
no_interact: False
avg_score: -1191.5
median_score: -1190.0
std_score: 58.17430877685547
percentiles: 2%=-1311.1199951171875, 5%=-1291.199951171875, 10%=-1269.4000244140625, 25%=-1225.5, 50%=-1190.0, 75%=-1156.0, 90%=-1124.800048828125, 95%=-1101.5, 98%=-1070.4000244140625
ranking_best_algo: Tabu
ranking_best_score: 1216.16
ranking_my_rank: 50/504 (90.3%)
ranking_my_percent: 90.27777777777777
