ConfigName: krbf__advnormalizedfitness__M3__L15__eps0p025__g0p01__ds0p01__dm0p3
Problem: NK
Kernel: rbf
Advantage: normalizedfitness
M: 3
lambda: 15
epsilon_svgd: 0.025
gamma: 0.01
decay_start_ratio: 0.01
decay_min_factor: 0.3
bandwith_kernel: None
no_interact: False
avg_score: 0.6806926131248474
median_score: 0.681464433670044
std_score: 0.01404105219990015
percentiles: 2%=0.6560675501823425, 5%=0.6588426828384399, 10%=0.6634584665298462, 25%=0.6705673336982727, 50%=0.681464433670044, 75%=0.6883282661437988, 90%=0.6992851495742798, 95%=0.7072020173072815, 98%=0.710960865020752
ranking_best_algo: PBIL
ranking_best_score: 0.733570253046875
ranking_my_rank: 201/504 (60.3%)
ranking_my_percent: 60.317460317460316
