ConfigName: kjsd__advperagentrankweighted__M3__L20__eps0p007__g0p0005__ds0p1__dm0p1
Problem: QUBO
Kernel: jsd
Advantage: peragentrankweighted
M: 3
lambda: 20
epsilon_svgd: 0.007
gamma: 0.0005
decay_start_ratio: 0.1
decay_min_factor: 0.1
bandwith_kernel: None
no_interact: False
avg_score: -905.8400268554688
median_score: -901.0
std_score: 64.4232406616211
percentiles: 2%=-1034.3199462890625, 5%=-1011.0999755859375, 10%=-983.0, 25%=-954.5, 50%=-901.0, 75%=-857.0, 90%=-822.7999877929688, 95%=-805.7999877929688, 98%=-783.780029296875
ranking_best_algo: CMAL3
ranking_best_score: 928.5800000000002
ranking_my_rank: 62/504 (87.9%)
ranking_my_percent: 87.89682539682539
