ConfigName: krbf__advnormalizedfitness__M3__L8__eps0p025__g0p007__ds0p01__dm0p01
Problem: NK
Kernel: rbf
Advantage: normalizedfitness
M: 3
lambda: 8
epsilon_svgd: 0.025
gamma: 0.007
decay_start_ratio: 0.01
decay_min_factor: 0.01
bandwith_kernel: None
no_interact: False
avg_score: 0.7094224691390991
median_score: 0.7068464756011963
std_score: 0.013211616314947605
percentiles: 2%=0.6851944923400879, 5%=0.6886122226715088, 10%=0.6915435791015625, 25%=0.7002406716346741, 50%=0.7068464756011963, 75%=0.7200106978416443, 90%=0.7282482385635376, 95%=0.7309185266494751, 98%=0.7361735105514526
ranking_best_algo: PBIL
ranking_best_score: 0.7170882103515624
ranking_my_rank: 54/504 (89.5%)
ranking_my_percent: 89.48412698412699
