ConfigName: kfr__advglobalrankweighted__M5__L10__eps0p02__g0p007__ds0p01__dm0p01
Problem: QUBO
Kernel: fr
Advantage: globalrankweighted
M: 5
lambda: 10
epsilon_svgd: 0.02
gamma: 0.007
decay_start_ratio: 0.01
decay_min_factor: 0.01
bandwith_kernel: None
no_interact: False
avg_score: -312.3800048828125
median_score: -306.0
std_score: 37.31454849243164
percentiles: 2%=-392.0400085449219, 5%=-382.29998779296875, 10%=-359.1999816894531, 25%=-342.0, 50%=-306.0, 75%=-276.0, 90%=-268.8999938964844, 95%=-264.0, 98%=-258.97998046875
ranking_best_algo: CMApara
ranking_best_score: 319.29999999999995
ranking_my_rank: 34/504 (93.5%)
ranking_my_percent: 93.45238095238095
