ConfigName: krbf__advnormalizedfitness__M4__L12__eps0p015__g0p007__ds0p3__dm0p3
Problem: QUBO
Kernel: rbf
Advantage: normalizedfitness
M: 4
lambda: 12
epsilon_svgd: 0.015
gamma: 0.007
decay_start_ratio: 0.3
decay_min_factor: 0.3
bandwith_kernel: None
no_interact: False
avg_score: -379.3599853515625
median_score: -377.0
std_score: 37.299739837646484
percentiles: 2%=-453.0799865722656, 5%=-438.45001220703125, 10%=-431.1000061035156, 25%=-410.0, 50%=-377.0, 75%=-352.0, 90%=-331.8999938964844, 95%=-325.70001220703125, 98%=-311.9599914550781
ranking_best_algo: Tabu
ranking_best_score: 438.12
ranking_my_rank: 265/504 (47.6%)
ranking_my_percent: 47.61904761904762
