ConfigName: kfr__advglobalrankweighted__M6__L11__eps0p015__g0p003__ds0p01__dm0p01
Problem: QUBO
Kernel: fr
Advantage: globalrankweighted
M: 6
lambda: 11
epsilon_svgd: 0.015
gamma: 0.003
decay_start_ratio: 0.01
decay_min_factor: 0.01
bandwith_kernel: None
no_interact: False
avg_score: -440.94000244140625
median_score: -440.0
std_score: 24.535615921020508
percentiles: 2%=-489.0199890136719, 5%=-479.04998779296875, 10%=-471.1000061035156, 25%=-461.25, 50%=-440.0, 75%=-421.75, 90%=-409.0, 95%=-405.95001220703125, 98%=-395.94000244140625
ranking_best_algo: CMApara
ranking_best_score: 453.82
ranking_my_rank: 12/504 (97.8%)
ranking_my_percent: 97.81746031746032
