ConfigName: kjsd__advperagentrankweighted__M4__L12__eps0p005__g0p0003__ds0p4__dm0p05
Problem: QUBO
Kernel: jsd
Advantage: peragentrankweighted
M: 4
lambda: 12
epsilon_svgd: 0.005
gamma: 0.0003
decay_start_ratio: 0.4
decay_min_factor: 0.05
bandwith_kernel: None
no_interact: False
avg_score: -3295.860107421875
median_score: -3287.0
std_score: 112.51498413085938
percentiles: 2%=-3598.4599609375, 5%=-3476.5, 10%=-3448.10009765625, 25%=-3361.5, 50%=-3287.0, 75%=-3212.25, 90%=-3171.199951171875, 95%=-3142.5, 98%=-3109.860107421875
ranking_best_algo: RLSOnePlusOne
ranking_best_score: 3316.5199999999995
ranking_my_rank: 3/504 (99.6%)
ranking_my_percent: 99.60317460317461
