ConfigName: kjsd__advperagentrankweighted__M3__L18__eps0p005__g0p003__ds0p2__dm0p2
Problem: NK
Kernel: jsd
Advantage: peragentrankweighted
M: 3
lambda: 18
epsilon_svgd: 0.005
gamma: 0.003
decay_start_ratio: 0.2
decay_min_factor: 0.2
bandwith_kernel: None
no_interact: False
avg_score: 0.7288151383399963
median_score: 0.7283220887184143
std_score: 0.022348197177052498
percentiles: 2%=0.6887456178665161, 5%=0.6900056004524231, 10%=0.6962594389915466, 25%=0.7145369648933411, 50%=0.7283220887184143, 75%=0.7474945187568665, 90%=0.7576964497566223, 95%=0.7636260986328125, 98%=0.7669486999511719
ranking_best_algo: Tabu
ranking_best_score: 0.7470791764843752
ranking_my_rank: 88/504 (82.7%)
ranking_my_percent: 82.73809523809524
