ConfigName: krbf__advglobalrankweighted__M4__L10__eps0p01__g0p003__ds0p01__dm0p01
Problem: QUBO
Kernel: rbf
Advantage: globalrankweighted
M: 4
lambda: 10
epsilon_svgd: 0.01
gamma: 0.003
decay_start_ratio: 0.01
decay_min_factor: 0.01
bandwith_kernel: None
no_interact: False
avg_score: -911.280029296875
median_score: -912.5
std_score: 62.17219161987305
percentiles: 2%=-1050.0400390625, 5%=-1024.1500244140625, 10%=-987.7000122070312, 25%=-947.0, 50%=-912.5, 75%=-877.75, 90%=-824.9000244140625, 95%=-818.6500244140625, 98%=-798.7999267578125
ranking_best_algo: CMAL3
ranking_best_score: 928.5800000000002
ranking_my_rank: 20/504 (96.2%)
ranking_my_percent: 96.23015873015873
