ConfigName: kjsd__advperagentrankweighted__M3__L18__eps0p007__g0p003__ds0p2__dm0p05
Problem: NK
Kernel: jsd
Advantage: peragentrankweighted
M: 3
lambda: 18
epsilon_svgd: 0.007
gamma: 0.003
decay_start_ratio: 0.2
decay_min_factor: 0.05
bandwith_kernel: None
no_interact: False
avg_score: 0.7361422777175903
median_score: 0.736735463142395
std_score: 0.013164935633540154
percentiles: 2%=0.7105129957199097, 5%=0.7149606347084045, 10%=0.7181909680366516, 25%=0.728452742099762, 50%=0.736735463142395, 75%=0.7439219951629639, 90%=0.7560005187988281, 95%=0.7592735290527344, 98%=0.761302649974823
ranking_best_algo: Tabu
ranking_best_score: 0.7601875690625
ranking_my_rank: 24/504 (95.4%)
ranking_my_percent: 95.43650793650794
