ConfigName: krbf__advnormalizedfitness__M3__L10__eps0p025__g0p007__ds0p3__dm0p3
Problem: QUBO
Kernel: rbf
Advantage: normalizedfitness
M: 3
lambda: 10
epsilon_svgd: 0.025
gamma: 0.007
decay_start_ratio: 0.3
decay_min_factor: 0.3
bandwith_kernel: None
no_interact: False
avg_score: -903.6199951171875
median_score: -901.0
std_score: 64.11953735351562
percentiles: 2%=-1052.06005859375, 5%=-996.1500244140625, 10%=-984.5999755859375, 25%=-950.5, 50%=-901.0, 75%=-852.5, 90%=-819.9000244140625, 95%=-810.7000122070312, 98%=-792.8800048828125
ranking_best_algo: CMAL3
ranking_best_score: 928.5800000000002
ranking_my_rank: 66/504 (87.1%)
ranking_my_percent: 87.10317460317461
