ConfigName: krbf__advnormalizedfitness__M1__L10__eps0p015__g0p015__ds0p01__dm0p01
Problem: QUBO
Kernel: rbf
Advantage: normalizedfitness
M: 1
lambda: 10
epsilon_svgd: 0.015
gamma: 0.015
decay_start_ratio: 0.01
decay_min_factor: 0.01
bandwith_kernel: None
no_interact: False
avg_score: -2602.760009765625
median_score: -2600.0
std_score: 136.23663330078125
percentiles: 2%=-2865.10009765625, 5%=-2825.300048828125, 10%=-2776.300048828125, 25%=-2696.75, 50%=-2600.0, 75%=-2514.25, 90%=-2425.800048828125, 95%=-2395.75, 98%=-2347.919921875
ranking_best_algo: SVM1MetaModelLogNormal
ranking_best_score: 2605.14
ranking_my_rank: 2/504 (99.8%)
ranking_my_percent: 99.8015873015873
