ConfigName: krbf__advnormalizedfitness__M3__L15__eps0p03__g0p005__ds0p15__dm0p05
Problem: QUBO
Kernel: rbf
Advantage: normalizedfitness
M: 3
lambda: 15
epsilon_svgd: 0.03
gamma: 0.005
decay_start_ratio: 0.15
decay_min_factor: 0.05
bandwith_kernel: None
no_interact: False
avg_score: -438.6199951171875
median_score: -437.0
std_score: 29.685949325561523
percentiles: 2%=-492.1199951171875, 5%=-487.0, 10%=-477.1000061035156, 25%=-461.25, 50%=-437.0, 75%=-413.75, 90%=-402.0, 95%=-390.8999938964844, 98%=-375.9599914550781
ranking_best_algo: CMApara
ranking_best_score: 453.82
ranking_my_rank: 19/504 (96.4%)
ranking_my_percent: 96.42857142857143
