ConfigName: kjsd__advperagentrankweighted__M3__L20__eps0p007__g0p0007__ds0p2__dm0p05
Problem: NK
Kernel: jsd
Advantage: peragentrankweighted
M: 3
lambda: 20
epsilon_svgd: 0.007
gamma: 0.0007
decay_start_ratio: 0.2
decay_min_factor: 0.05
bandwith_kernel: None
no_interact: False
avg_score: 0.7528138756752014
median_score: 0.7520266771316528
std_score: 0.014137379825115204
percentiles: 2%=0.7262514233589172, 5%=0.7310763597488403, 10%=0.7352614402770996, 25%=0.7444405555725098, 50%=0.7520266771316528, 75%=0.7619218230247498, 90%=0.7728900909423828, 95%=0.7755972146987915, 98%=0.7818236351013184
ranking_best_algo: Tabu
ranking_best_score: 0.7657846284375001
ranking_my_rank: 9/504 (98.4%)
ranking_my_percent: 98.41269841269842
