ConfigName: kjsd__advperagentrankweighted__M6__L8__eps0p03__g0p0005__ds0p2__dm0p05
Problem: NK
Kernel: jsd
Advantage: peragentrankweighted
M: 6
lambda: 8
epsilon_svgd: 0.03
gamma: 0.0005
decay_start_ratio: 0.2
decay_min_factor: 0.05
bandwith_kernel: None
no_interact: False
avg_score: 0.707700252532959
median_score: 0.7091208100318909
std_score: 0.01635221391916275
percentiles: 2%=0.6650716662406921, 5%=0.6675693988800049, 10%=0.6921330094337463, 25%=0.7033063769340515, 50%=0.7091208100318909, 75%=0.7175445556640625, 90%=0.7252131700515747, 95%=0.7309083938598633, 98%=0.7322462797164917
ranking_best_algo: CMApara
ranking_best_score: 0.707475975
ranking_my_rank: 1/504 (100.0%)
ranking_my_percent: 100.0
