ConfigName: kjsd__advperagentrankweighted__M8__L24__eps0p005__g0p0005__ds0p05__dm0p05
Problem: QUBO
Kernel: jsd
Advantage: peragentrankweighted
M: 8
lambda: 24
epsilon_svgd: 0.005
gamma: 0.0005
decay_start_ratio: 0.05
decay_min_factor: 0.05
bandwith_kernel: None
no_interact: False
avg_score: -150.67999267578125
median_score: -151.0
std_score: 12.410382270812988
percentiles: 2%=-179.0, 5%=-179.0, 10%=-162.1999969482422, 25%=-155.0, 50%=-151.0, 75%=-141.0, 90%=-138.8000030517578, 95%=-134.9499969482422, 98%=-125.0
ranking_best_algo: CMApara
ranking_best_score: 154.28
ranking_my_rank: 75/504 (85.3%)
ranking_my_percent: 85.31746031746032
