ConfigName: kjsd__advperagentrankweighted__M3__L16__eps0p007__g0p001__ds0p2__dm0p2
Problem: QUBO
Kernel: jsd
Advantage: peragentrankweighted
M: 3
lambda: 16
epsilon_svgd: 0.007
gamma: 0.001
decay_start_ratio: 0.2
decay_min_factor: 0.2
bandwith_kernel: None
no_interact: False
avg_score: -138.63999938964844
median_score: -139.5
std_score: 11.052166938781738
percentiles: 2%=-159.0, 5%=-157.0, 10%=-152.10000610351562, 25%=-146.0, 50%=-139.5, 75%=-129.75, 90%=-125.0, 95%=-122.80000305175781, 98%=-116.94000244140625
ranking_best_algo: DiscreteDE
ranking_best_score: 143.4
ranking_my_rank: 97/504 (81.0%)
ranking_my_percent: 80.95238095238095
