ConfigName: kjsd__advperagentrankweighted__M3__L16__eps0p01__g0p0005__ds0p1__dm0p05
Problem: NK
Kernel: jsd
Advantage: peragentrankweighted
M: 3
lambda: 16
epsilon_svgd: 0.01
gamma: 0.0005
decay_start_ratio: 0.1
decay_min_factor: 0.05
bandwith_kernel: None
no_interact: False
avg_score: 0.7316708564758301
median_score: 0.7322936654090881
std_score: 0.0076601337641477585
percentiles: 2%=0.717625617980957, 5%=0.7185518741607666, 10%=0.7203911542892456, 25%=0.7269625663757324, 50%=0.7322936654090881, 75%=0.737542986869812, 90%=0.7400942444801331, 95%=0.7431731820106506, 98%=0.7449160814285278
ranking_best_algo: PBIL
ranking_best_score: 0.7248786399609374
ranking_my_rank: 1/504 (100.0%)
ranking_my_percent: 100.0
