ConfigName: kjsd__advperagentrankweighted__M6__L10__eps0p008__g0p0005__ds0p3__dm0p05
Problem: QUBO
Kernel: jsd
Advantage: peragentrankweighted
M: 6
lambda: 10
epsilon_svgd: 0.008
gamma: 0.0005
decay_start_ratio: 0.3
decay_min_factor: 0.05
bandwith_kernel: None
no_interact: False
avg_score: -433.9800109863281
median_score: -433.0
std_score: 23.03908920288086
percentiles: 2%=-479.0, 5%=-473.1000061035156, 10%=-471.0, 25%=-450.0, 50%=-433.0, 75%=-418.75, 90%=-400.79998779296875, 95%=-394.95001220703125, 98%=-392.9599914550781
ranking_best_algo: CMAL3
ranking_best_score: 435.36
ranking_my_rank: 2/504 (99.8%)
ranking_my_percent: 99.8015873015873
