ConfigName: krbf__advnormalizedfitness__M3__L12__eps0p033__g0p01__ds0p01__dm0p3
Problem: NK
Kernel: rbf
Advantage: normalizedfitness
M: 3
lambda: 12
epsilon_svgd: 0.033
gamma: 0.01
decay_start_ratio: 0.01
decay_min_factor: 0.3
bandwith_kernel: None
no_interact: False
avg_score: 0.6884509921073914
median_score: 0.6889044046401978
std_score: 0.02203124389052391
percentiles: 2%=0.6471980810165405, 5%=0.6531113982200623, 10%=0.6622479557991028, 25%=0.6733201146125793, 50%=0.6889044046401978, 75%=0.7008181214332581, 90%=0.7175244688987732, 95%=0.7230978608131409, 98%=0.7327032685279846
ranking_best_algo: Tabu
ranking_best_score: 0.7429702712499999
ranking_my_rank: 248/504 (51.0%)
ranking_my_percent: 50.992063492063494
