ConfigName: kjsd__advperagentrankweighted__M3__L18__eps0p005__g0p003__ds0p05__dm0p1
Problem: QUBO
Kernel: jsd
Advantage: peragentrankweighted
M: 3
lambda: 18
epsilon_svgd: 0.005
gamma: 0.003
decay_start_ratio: 0.05
decay_min_factor: 0.1
bandwith_kernel: None
no_interact: False
avg_score: -413.4599914550781
median_score: -414.0
std_score: 23.539506912231445
percentiles: 2%=-455.1199951171875, 5%=-452.0, 10%=-449.1000061035156, 25%=-428.0, 50%=-414.0, 75%=-396.0, 90%=-386.0, 95%=-374.0, 98%=-366.94000244140625
ranking_best_algo: Tabu
ranking_best_score: 438.12
ranking_my_rank: 58/504 (88.7%)
ranking_my_percent: 88.69047619047619
