ConfigName: krbf__advnormalizedfitness__M4__L12__eps0p033__g0p007__ds0p3__dm0p3
Problem: NK
Kernel: rbf
Advantage: normalizedfitness
M: 4
lambda: 12
epsilon_svgd: 0.033
gamma: 0.007
decay_start_ratio: 0.3
decay_min_factor: 0.3
bandwith_kernel: None
no_interact: False
avg_score: 0.6420677900314331
median_score: 0.6388123631477356
std_score: 0.021496420726180077
percentiles: 2%=0.6124877333641052, 5%=0.615631639957428, 10%=0.6203158497810364, 25%=0.626079797744751, 50%=0.6388123631477356, 75%=0.6519337892532349, 90%=0.6677478551864624, 95%=0.6820022463798523, 98%=0.7002080082893372
ranking_best_algo: Tabu
ranking_best_score: 0.7429702712499999
ranking_my_rank: 340/504 (32.7%)
ranking_my_percent: 32.73809523809524
