ConfigName: krbf__advnormalizedfitness__M4__L12__eps0p015__g0p007__ds0p3__dm0p3
Problem: NK
Kernel: rbf
Advantage: normalizedfitness
M: 4
lambda: 12
epsilon_svgd: 0.015
gamma: 0.007
decay_start_ratio: 0.3
decay_min_factor: 0.3
bandwith_kernel: None
no_interact: False
avg_score: 0.6720907092094421
median_score: 0.6760687828063965
std_score: 0.01295442320406437
percentiles: 2%=0.6494542956352234, 5%=0.651357889175415, 10%=0.653954029083252, 25%=0.6601364612579346, 50%=0.6760687828063965, 75%=0.6819033026695251, 90%=0.6871933341026306, 95%=0.6891942620277405, 98%=0.691196084022522
ranking_best_algo: PBIL
ranking_best_score: 0.7013553837109374
ranking_my_rank: 191/504 (62.3%)
ranking_my_percent: 62.301587301587304
