ConfigName: krbf__advnormalizedfitness__M3__L15__eps0p025__g0p015__ds0p15__dm0p3
Problem: NK
Kernel: rbf
Advantage: normalizedfitness
M: 3
lambda: 15
epsilon_svgd: 0.025
gamma: 0.015
decay_start_ratio: 0.15
decay_min_factor: 0.3
bandwith_kernel: None
no_interact: False
avg_score: 0.6028512120246887
median_score: 0.601207971572876
std_score: 0.007576592732220888
percentiles: 2%=0.5919905304908752, 5%=0.5931574106216431, 10%=0.5943188667297363, 25%=0.5973937511444092, 50%=0.601207971572876, 75%=0.607396125793457, 90%=0.6149394512176514, 95%=0.6179161667823792, 98%=0.620015025138855
ranking_best_algo: Tabu
ranking_best_score: 0.7429702712499999
ranking_my_rank: 392/504 (22.4%)
ranking_my_percent: 22.42063492063492
