ConfigName: kjsd__advperagentrankweighted__M3__L18__eps0p005__g0p003__ds0p2__dm0p05
Problem: NK
Kernel: jsd
Advantage: peragentrankweighted
M: 3
lambda: 18
epsilon_svgd: 0.005
gamma: 0.003
decay_start_ratio: 0.2
decay_min_factor: 0.05
bandwith_kernel: None
no_interact: False
avg_score: 0.7442488074302673
median_score: 0.7423104643821716
std_score: 0.02833874337375164
percentiles: 2%=0.7018941044807434, 5%=0.7074315547943115, 10%=0.7100967168807983, 25%=0.7188246250152588, 50%=0.7423104643821716, 75%=0.7580187320709229, 90%=0.7783373594284058, 95%=0.8044298887252808, 98%=0.8044298887252808
ranking_best_algo: CMApara
ranking_best_score: 0.7459277895312499
ranking_my_rank: 5/504 (99.2%)
ranking_my_percent: 99.2063492063492
