ConfigName: kjsd__advperagentrankweighted__M5__L10__eps0p005__g0p003__ds0p05__dm0p2
Problem: QUBO
Kernel: jsd
Advantage: peragentrankweighted
M: 5
lambda: 10
epsilon_svgd: 0.005
gamma: 0.003
decay_start_ratio: 0.05
decay_min_factor: 0.2
bandwith_kernel: None
no_interact: False
avg_score: -996.1199951171875
median_score: -987.0
std_score: 97.04723358154297
percentiles: 2%=-1207.4000244140625, 5%=-1161.6500244140625, 10%=-1107.0999755859375, 25%=-1061.5, 50%=-987.0, 75%=-928.75, 90%=-871.0, 95%=-840.7000122070312, 98%=-825.47998046875
ranking_best_algo: NLOPT_LN_PRAXIS
ranking_best_score: 1607.12
ranking_my_rank: 322/504 (36.3%)
ranking_my_percent: 36.30952380952381
