ConfigName: kjsd__advperagentrankweighted__M5__L10__eps0p03__g0p0007__ds0p2__dm0p05
Problem: QUBO
Kernel: jsd
Advantage: peragentrankweighted
M: 5
lambda: 10
epsilon_svgd: 0.03
gamma: 0.0007
decay_start_ratio: 0.2
decay_min_factor: 0.05
bandwith_kernel: None
no_interact: False
avg_score: -146.9199981689453
median_score: -146.0
std_score: 13.148139953613281
percentiles: 2%=-179.0, 5%=-175.10000610351562, 10%=-163.10000610351562, 25%=-154.25, 50%=-146.0, 75%=-139.75, 90%=-130.8000030517578, 95%=-127.0, 98%=-122.81999969482422
ranking_best_algo: CMApara
ranking_best_score: 154.28
ranking_my_rank: 109/504 (78.6%)
ranking_my_percent: 78.57142857142857
