ConfigName: krbf__advnormalizedfitness__M3__L8__eps0p033__g0p015__ds0p01__dm0p01
Problem: NK
Kernel: rbf
Advantage: normalizedfitness
M: 3
lambda: 8
epsilon_svgd: 0.033
gamma: 0.015
decay_start_ratio: 0.01
decay_min_factor: 0.01
bandwith_kernel: None
no_interact: False
avg_score: 0.6929324865341187
median_score: 0.6897725462913513
std_score: 0.019427703693509102
percentiles: 2%=0.6666896939277649, 5%=0.6679370999336243, 10%=0.6705641150474548, 25%=0.6789456605911255, 50%=0.6897725462913513, 75%=0.7064387798309326, 90%=0.723940372467041, 95%=0.7284082770347595, 98%=0.7319637537002563
ranking_best_algo: PBIL
ranking_best_score: 0.7170882103515624
ranking_my_rank: 88/504 (82.7%)
ranking_my_percent: 82.73809523809524
