ConfigName: kjsd__advperagentrankweighted__M3__L18__eps0p005__g0p0007__ds0p1__dm0p1
Problem: NK
Kernel: jsd
Advantage: peragentrankweighted
M: 3
lambda: 18
epsilon_svgd: 0.005
gamma: 0.0007
decay_start_ratio: 0.1
decay_min_factor: 0.1
bandwith_kernel: None
no_interact: False
avg_score: 0.7398250699043274
median_score: 0.7389380931854248
std_score: 0.016007889062166214
percentiles: 2%=0.7111859321594238, 5%=0.7159342765808105, 10%=0.7205063700675964, 25%=0.728499174118042, 50%=0.7389380931854248, 75%=0.7495568990707397, 90%=0.7612169981002808, 95%=0.7646948099136353, 98%=0.7725546360015869
ranking_best_algo: Tabu
ranking_best_score: 0.7601875690625
ranking_my_rank: 15/504 (97.2%)
ranking_my_percent: 97.22222222222223
