ConfigName: kjsd__advperagentrankweighted__M4__L10__eps0p005__g0p0003__ds0p05__dm0p05
Problem: QUBO
Kernel: jsd
Advantage: peragentrankweighted
M: 4
lambda: 10
epsilon_svgd: 0.005
gamma: 0.0003
decay_start_ratio: 0.05
decay_min_factor: 0.05
bandwith_kernel: None
no_interact: False
avg_score: -413.55999755859375
median_score: -414.0
std_score: 25.49443817138672
percentiles: 2%=-473.0, 5%=-457.0, 10%=-446.20001220703125, 25%=-428.25, 50%=-414.0, 75%=-393.5, 90%=-380.0, 95%=-373.79998779296875, 98%=-369.9599914550781
ranking_best_algo: Tabu
ranking_best_score: 438.12
ranking_my_rank: 58/504 (88.7%)
ranking_my_percent: 88.69047619047619
