ConfigName: krbf__advnormalizedfitness__M1__L8__eps0p033__g0p005__ds0p3__dm0p01
Problem: NK
Kernel: rbf
Advantage: normalizedfitness
M: 1
lambda: 8
epsilon_svgd: 0.033
gamma: 0.005
decay_start_ratio: 0.3
decay_min_factor: 0.01
bandwith_kernel: None
no_interact: False
avg_score: 0.7130180597305298
median_score: 0.7123861312866211
std_score: 0.018611645326018333
percentiles: 2%=0.6702449321746826, 5%=0.685225784778595, 10%=0.6917561888694763, 25%=0.7009480595588684, 50%=0.7123861312866211, 75%=0.7260718941688538, 90%=0.7352178692817688, 95%=0.7386838793754578, 98%=0.7525632977485657
ranking_best_algo: Tabu
ranking_best_score: 0.7601875690625
ranking_my_rank: 246/504 (51.4%)
ranking_my_percent: 51.388888888888886
