ConfigName: kjsd__advperagentrankweighted__M4__L8__eps0p02__g0p0003__ds0p05__dm0p05
Problem: NK
Kernel: jsd
Advantage: peragentrankweighted
M: 4
lambda: 8
epsilon_svgd: 0.02
gamma: 0.0003
decay_start_ratio: 0.05
decay_min_factor: 0.05
bandwith_kernel: None
no_interact: False
avg_score: 0.7200347185134888
median_score: 0.7206617593765259
std_score: 0.010234719142317772
percentiles: 2%=0.6989459991455078, 5%=0.7015829682350159, 10%=0.7083802819252014, 25%=0.712393581867218, 50%=0.7206617593765259, 75%=0.726739227771759, 90%=0.7343961000442505, 95%=0.7371737957000732, 98%=0.739596962928772
ranking_best_algo: PBIL
ranking_best_score: 0.7248786399609374
ranking_my_rank: 6/504 (99.0%)
ranking_my_percent: 99.0079365079365
