ConfigName: kjsd__advperagentrankweighted__M3__L16__eps0p01__g0p0007__ds0p05__dm0p1
Problem: QUBO
Kernel: jsd
Advantage: peragentrankweighted
M: 3
lambda: 16
epsilon_svgd: 0.01
gamma: 0.0007
decay_start_ratio: 0.05
decay_min_factor: 0.1
bandwith_kernel: None
no_interact: False
avg_score: -3298.739990234375
median_score: -3301.5
std_score: 98.21737670898438
percentiles: 2%=-3501.10009765625, 5%=-3470.10009765625, 10%=-3412.10009765625, 25%=-3361.25, 50%=-3301.5, 75%=-3229.5, 90%=-3174.39990234375, 95%=-3148.0, 98%=-3131.219970703125
ranking_best_algo: RLSOnePlusOne
ranking_best_score: 3316.5199999999995
ranking_my_rank: 3/504 (99.6%)
ranking_my_percent: 99.60317460317461
