ConfigName: krbf__advnormalizedfitness__M2__L8__eps0p025__g0p01__ds0p15__dm0p3
Problem: QUBO
Kernel: rbf
Advantage: normalizedfitness
M: 2
lambda: 8
epsilon_svgd: 0.025
gamma: 0.01
decay_start_ratio: 0.15
decay_min_factor: 0.3
bandwith_kernel: None
no_interact: False
avg_score: -137.05999755859375
median_score: -137.0
std_score: 12.320568084716797
percentiles: 2%=-159.0, 5%=-156.0500030517578, 10%=-153.0, 25%=-146.25, 50%=-137.0, 75%=-128.75, 90%=-120.80000305175781, 95%=-116.94999694824219, 98%=-113.0
ranking_best_algo: DiscreteDE
ranking_best_score: 143.4
ranking_my_rank: 164/504 (67.7%)
ranking_my_percent: 67.65873015873017
