ConfigName: kjsd__advperagentrankweighted__M4__L30__eps0p005__g0p0005__ds0p05__dm0p05
Problem: QUBO
Kernel: jsd
Advantage: peragentrankweighted
M: 4
lambda: 30
epsilon_svgd: 0.005
gamma: 0.0005
decay_start_ratio: 0.05
decay_min_factor: 0.05
bandwith_kernel: None
no_interact: False
avg_score: -1593.5799560546875
median_score: -1601.0
std_score: 68.4862289428711
percentiles: 2%=-1726.1600341796875, 5%=-1699.050048828125, 10%=-1685.199951171875, 25%=-1635.5, 50%=-1601.0, 75%=-1545.0, 90%=-1501.699951171875, 95%=-1478.5999755859375, 98%=-1458.8199462890625
ranking_best_algo: NLOPT_LN_PRAXIS
ranking_best_score: 1607.12
ranking_my_rank: 38/504 (92.7%)
ranking_my_percent: 92.65873015873017
