ConfigName: kjsd__advperagentrankweighted__M5__L8__eps0p03__g0p0007__ds0p05__dm0p05
Problem: QUBO
Kernel: jsd
Advantage: peragentrankweighted
M: 5
lambda: 8
epsilon_svgd: 0.03
gamma: 0.0007
decay_start_ratio: 0.05
decay_min_factor: 0.05
bandwith_kernel: None
no_interact: False
avg_score: -928.3200073242188
median_score: -919.0
std_score: 64.13390350341797
percentiles: 2%=-1068.0799560546875, 5%=-1050.550048828125, 10%=-1024.0999755859375, 25%=-972.25, 50%=-919.0, 75%=-885.25, 90%=-844.7000122070312, 95%=-830.7999877929688, 98%=-823.0
ranking_best_algo: CMApara
ranking_best_score: 964.9
ranking_my_rank: 21/504 (96.0%)
ranking_my_percent: 96.03174603174604
