ConfigName: krbf__advnormalizedfitness__M4__L10__eps0p02__g0p002__ds0p05__dm0p05
Problem: QUBO
Kernel: rbf
Advantage: normalizedfitness
M: 4
lambda: 10
epsilon_svgd: 0.02
gamma: 0.002
decay_start_ratio: 0.05
decay_min_factor: 0.05
bandwith_kernel: None
no_interact: False
avg_score: -423.3999938964844
median_score: -425.0
std_score: 26.79178810119629
percentiles: 2%=-479.0400085449219, 5%=-466.3500061035156, 10%=-457.3999938964844, 25%=-439.5, 50%=-425.0, 75%=-409.0, 90%=-390.8999938964844, 95%=-377.95001220703125, 98%=-367.79998779296875
ranking_best_algo: CMAL3
ranking_best_score: 435.36
ranking_my_rank: 33/504 (93.7%)
ranking_my_percent: 93.65079365079364
