ConfigName: krbf__advnormalizedfitness__M4__L10__eps0p033__g0p005__ds0p15__dm0p01
Problem: QUBO
Kernel: rbf
Advantage: normalizedfitness
M: 4
lambda: 10
epsilon_svgd: 0.033
gamma: 0.005
decay_start_ratio: 0.15
decay_min_factor: 0.01
bandwith_kernel: None
no_interact: False
avg_score: -201.82000732421875
median_score: -202.0
std_score: 11.546757698059082
percentiles: 2%=-224.0, 5%=-221.0500030517578, 10%=-218.10000610351562, 25%=-209.0, 50%=-202.0, 75%=-194.0, 90%=-188.0, 95%=-181.90000915527344, 98%=-175.87997436523438
ranking_best_algo: Tabu
ranking_best_score: 208.36000000000004
ranking_my_rank: 39/504 (92.5%)
ranking_my_percent: 92.46031746031746
