ConfigName: kjsd__advperagentrankweighted__M3__L16__eps0p005__g0p003__ds0p2__dm0p2
Problem: NK
Kernel: jsd
Advantage: peragentrankweighted
M: 3
lambda: 16
epsilon_svgd: 0.005
gamma: 0.003
decay_start_ratio: 0.2
decay_min_factor: 0.2
bandwith_kernel: None
no_interact: False
avg_score: 0.6971127986907959
median_score: 0.7010986804962158
std_score: 0.01277867890894413
percentiles: 2%=0.675602912902832, 5%=0.6769796013832092, 10%=0.6803874969482422, 25%=0.6856881976127625, 50%=0.7010986804962158, 75%=0.7069782018661499, 90%=0.7135673761367798, 95%=0.7158982157707214, 98%=0.7177179455757141
ranking_best_algo: PBIL
ranking_best_score: 0.7013553837109374
ranking_my_rank: 34/504 (93.5%)
ranking_my_percent: 93.45238095238095
