ConfigName: krbf__advnormalizedfitness__M2__L8__eps0p033__g0p007__ds0p3__dm0p01
Problem: QUBO
Kernel: rbf
Advantage: normalizedfitness
M: 2
lambda: 8
epsilon_svgd: 0.033
gamma: 0.007
decay_start_ratio: 0.3
decay_min_factor: 0.01
bandwith_kernel: None
no_interact: False
avg_score: -3240.280029296875
median_score: -3233.0
std_score: 123.70626831054688
percentiles: 2%=-3457.4599609375, 5%=-3423.14990234375, 10%=-3386.5, 25%=-3331.0, 50%=-3233.0, 75%=-3163.0, 90%=-3082.5, 95%=-3034.14990234375, 98%=-2967.89990234375
ranking_best_algo: RLSOnePlusOne
ranking_best_score: 3316.5199999999995
ranking_my_rank: 42/504 (91.9%)
ranking_my_percent: 91.86507936507937
