ConfigName: krbf__advnormalizedfitness__M3__L15__eps0p015__g0p015__ds0p15__dm0p3
Problem: QUBO
Kernel: rbf
Advantage: normalizedfitness
M: 3
lambda: 15
epsilon_svgd: 0.015
gamma: 0.015
decay_start_ratio: 0.15
decay_min_factor: 0.3
bandwith_kernel: None
no_interact: False
avg_score: -265.739990234375
median_score: -259.0
std_score: 30.976318359375
percentiles: 2%=-344.1199951171875, 5%=-333.20001220703125, 10%=-312.5, 25%=-280.75, 50%=-259.0, 75%=-244.0, 90%=-232.89999389648438, 95%=-228.85000610351562, 98%=-221.0
ranking_best_algo: Tabu
ranking_best_score: 588.7199999999999
ranking_my_rank: 392/503 (22.3%)
ranking_my_percent: 22.266401590457257
