ConfigName: kjsd__advperagentrankweighted__M4__L12__eps0p02__g0p0007__ds0p05__dm0p05
Problem: NK
Kernel: jsd
Advantage: peragentrankweighted
M: 4
lambda: 12
epsilon_svgd: 0.02
gamma: 0.0007
decay_start_ratio: 0.05
decay_min_factor: 0.05
bandwith_kernel: None
no_interact: False
avg_score: 0.7385967969894409
median_score: 0.7402825355529785
std_score: 0.008652858436107635
percentiles: 2%=0.7211211919784546, 5%=0.7241005301475525, 10%=0.7266808748245239, 25%=0.7324707508087158, 50%=0.7402825355529785, 75%=0.744827926158905, 90%=0.7489381432533264, 95%=0.7511279582977295, 98%=0.7529347538948059
ranking_best_algo: PBIL
ranking_best_score: 0.733570253046875
ranking_my_rank: 1/504 (100.0%)
ranking_my_percent: 100.0
