ConfigName: krbf__advnormalizedfitness__M1__L8__eps0p033__g0p015__ds0p3__dm0p3
Problem: NK
Kernel: rbf
Advantage: normalizedfitness
M: 1
lambda: 8
epsilon_svgd: 0.033
gamma: 0.015
decay_start_ratio: 0.3
decay_min_factor: 0.3
bandwith_kernel: None
no_interact: False
avg_score: 0.73911452293396
median_score: 0.7399121522903442
std_score: 0.010639069601893425
percentiles: 2%=0.7197657227516174, 5%=0.7215753197669983, 10%=0.725328266620636, 25%=0.7317415475845337, 50%=0.7399121522903442, 75%=0.7470813989639282, 90%=0.752922773361206, 95%=0.7554264068603516, 98%=0.7565222978591919
ranking_best_algo: PBIL
ranking_best_score: 0.733570253046875
ranking_my_rank: 1/504 (100.0%)
ranking_my_percent: 100.0
