ConfigName: kjsd__advperagentrankweighted__M3__L20__eps0p005__g0p001__ds0p1__dm0p1
Problem: QUBO
Kernel: jsd
Advantage: peragentrankweighted
M: 3
lambda: 20
epsilon_svgd: 0.005
gamma: 0.001
decay_start_ratio: 0.1
decay_min_factor: 0.1
bandwith_kernel: None
no_interact: False
avg_score: -2615.919921875
median_score: -2627.5
std_score: 126.24925231933594
percentiles: 2%=-2862.820068359375, 5%=-2807.60009765625, 10%=-2768.10009765625, 25%=-2705.5, 50%=-2627.5, 75%=-2516.75, 90%=-2450.300048828125, 95%=-2412.800048828125, 98%=-2391.919921875
ranking_best_algo: DiscreteLengler2OnePlusOne
ranking_best_score: 2617.04
ranking_my_rank: 2/504 (99.8%)
ranking_my_percent: 99.8015873015873
