ConfigName: kjsd__advperagentrankweighted__M4__L10__eps0p02__g0p0007__ds0p05__dm0p05
Problem: QUBO
Kernel: jsd
Advantage: peragentrankweighted
M: 4
lambda: 10
epsilon_svgd: 0.02
gamma: 0.0007
decay_start_ratio: 0.05
decay_min_factor: 0.05
bandwith_kernel: None
no_interact: False
avg_score: -2558.10009765625
median_score: -2547.0
std_score: 101.94288635253906
percentiles: 2%=-2769.10009765625, 5%=-2719.449951171875, 10%=-2696.300048828125, 25%=-2627.75, 50%=-2547.0, 75%=-2485.5, 90%=-2426.800048828125, 95%=-2399.699951171875, 98%=-2351.9599609375
ranking_best_algo: SVM1MetaModelLogNormal
ranking_best_score: 2605.14
ranking_my_rank: 40/504 (92.3%)
ranking_my_percent: 92.26190476190476
