ConfigName: krbf__advnormalizedfitness__M2__L8__eps0p015__g0p01__ds0p15__dm0p01
Problem: NK
Kernel: rbf
Advantage: normalizedfitness
M: 2
lambda: 8
epsilon_svgd: 0.015
gamma: 0.01
decay_start_ratio: 0.15
decay_min_factor: 0.01
bandwith_kernel: None
no_interact: False
avg_score: 0.7436382174491882
median_score: 0.7408133745193481
std_score: 0.02937871217727661
percentiles: 2%=0.6948851943016052, 5%=0.6985225677490234, 10%=0.7081356048583984, 25%=0.7210283279418945, 50%=0.7408133745193481, 75%=0.7580187320709229, 90%=0.7783358693122864, 95%=0.8046253323554993, 98%=0.8118547797203064
ranking_best_algo: CMApara
ranking_best_score: 0.7459277895312499
ranking_my_rank: 7/504 (98.8%)
ranking_my_percent: 98.80952380952381
