ConfigName: kjsd__advperagentrankweighted__M3__L18__eps0p005__g0p0007__ds0p2__dm0p2
Problem: QUBO
Kernel: jsd
Advantage: peragentrankweighted
M: 3
lambda: 18
epsilon_svgd: 0.005
gamma: 0.0007
decay_start_ratio: 0.2
decay_min_factor: 0.2
bandwith_kernel: None
no_interact: False
avg_score: -138.77999877929688
median_score: -139.0
std_score: 11.565102577209473
percentiles: 2%=-160.02000427246094, 5%=-156.0500030517578, 10%=-153.0, 25%=-147.5, 50%=-139.0, 75%=-130.0, 90%=-126.80000305175781, 95%=-122.5999984741211, 98%=-114.9000015258789
ranking_best_algo: DiscreteDE
ranking_best_score: 143.4
ranking_my_rank: 96/504 (81.2%)
ranking_my_percent: 81.15079365079364
