ConfigName: krbf__advnormalizedfitness__M4__L8__eps0p015__g0p015__ds0p3__dm0p3
Problem: QUBO
Kernel: rbf
Advantage: normalizedfitness
M: 4
lambda: 8
epsilon_svgd: 0.015
gamma: 0.015
decay_start_ratio: 0.3
decay_min_factor: 0.3
bandwith_kernel: None
no_interact: False
avg_score: -1122.300048828125
median_score: -1111.5
std_score: 122.35926818847656
percentiles: 2%=-1323.52001953125, 5%=-1311.199951171875, 10%=-1290.4000244140625, 25%=-1200.5, 50%=-1111.5, 75%=-1042.0, 90%=-950.7000122070312, 95%=-926.5000610351562, 98%=-913.2398681640625
ranking_best_algo: DiscreteLengler2OnePlusOne
ranking_best_score: 2617.04
ranking_my_rank: 389/504 (23.0%)
ranking_my_percent: 23.015873015873016
