ConfigName: kjsd__advperagentrankweighted__M3__L18__eps0p007__g0p001__ds0p2__dm0p05
Problem: NK
Kernel: jsd
Advantage: peragentrankweighted
M: 3
lambda: 18
epsilon_svgd: 0.007
gamma: 0.001
decay_start_ratio: 0.2
decay_min_factor: 0.05
bandwith_kernel: None
no_interact: False
avg_score: 0.7196000814437866
median_score: 0.7187461256980896
std_score: 0.00905468687415123
percentiles: 2%=0.7033364772796631, 5%=0.7060439586639404, 10%=0.708940863609314, 25%=0.7124810814857483, 50%=0.7187461256980896, 75%=0.7258763909339905, 90%=0.7325530052185059, 95%=0.7344116568565369, 98%=0.7383525371551514
ranking_best_algo: PBIL
ranking_best_score: 0.7170882103515624
ranking_my_rank: 1/504 (100.0%)
ranking_my_percent: 100.0
