ConfigName: krbf__advnormalizedfitness__M4__L10__eps0p015__g0p015__ds0p15__dm0p3
Problem: QUBO
Kernel: rbf
Advantage: normalizedfitness
M: 4
lambda: 10
epsilon_svgd: 0.015
gamma: 0.015
decay_start_ratio: 0.15
decay_min_factor: 0.3
bandwith_kernel: None
no_interact: False
avg_score: -281.9200134277344
median_score: -278.5
std_score: 35.68519973754883
percentiles: 2%=-352.05999755859375, 5%=-343.1000061035156, 10%=-333.1000061035156, 25%=-307.25, 50%=-278.5, 75%=-255.5, 90%=-236.0, 95%=-232.0, 98%=-227.95999145507812
ranking_best_algo: Tabu
ranking_best_score: 438.12
ranking_my_rank: 379/504 (25.0%)
ranking_my_percent: 25.0
