ConfigName: kjsd__advperagentrankweighted__M5__L8__eps0p005__g0p0003__ds0p05__dm0p05
Problem: QUBO
Kernel: jsd
Advantage: peragentrankweighted
M: 5
lambda: 8
epsilon_svgd: 0.005
gamma: 0.0003
decay_start_ratio: 0.05
decay_min_factor: 0.05
bandwith_kernel: None
no_interact: False
avg_score: -1308.1800537109375
median_score: -1307.0
std_score: 52.030643463134766
percentiles: 2%=-1412.260009765625, 5%=-1387.699951171875, 10%=-1374.199951171875, 25%=-1345.25, 50%=-1307.0, 75%=-1270.5, 90%=-1234.9000244140625, 95%=-1216.9000244140625, 98%=-1209.97998046875
ranking_best_algo: BigLognormalDiscreteOnePlusOne
ranking_best_score: 1301.3600000000004
ranking_my_rank: 1/504 (100.0%)
ranking_my_percent: 100.0
