ConfigName: kjsd__advperagentrankweighted__M5__L8__eps0p005__g0p003__ds0p2__dm0p2
Problem: QUBO
Kernel: jsd
Advantage: peragentrankweighted
M: 5
lambda: 8
epsilon_svgd: 0.005
gamma: 0.003
decay_start_ratio: 0.2
decay_min_factor: 0.2
bandwith_kernel: None
no_interact: False
avg_score: -922.4600219726562
median_score: -919.5
std_score: 70.42960357666016
percentiles: 2%=-1056.43994140625, 5%=-1044.3499755859375, 10%=-1015.0999755859375, 25%=-973.0, 50%=-919.5, 75%=-870.75, 90%=-827.0, 95%=-822.4000244140625, 98%=-805.739990234375
ranking_best_algo: SVMMetaModelLogNormal
ranking_best_score: 1233.7999999999997
ranking_my_rank: 312/504 (38.3%)
ranking_my_percent: 38.29365079365079
