ConfigName: kjsd__advperagentrankweighted__M5__L8__eps0p02__g0p0007__ds0p2__dm0p05
Problem: NK
Kernel: jsd
Advantage: peragentrankweighted
M: 5
lambda: 8
epsilon_svgd: 0.02
gamma: 0.0007
decay_start_ratio: 0.2
decay_min_factor: 0.05
bandwith_kernel: None
no_interact: False
avg_score: 0.7307735681533813
median_score: 0.7306337356567383
std_score: 0.008422891609370708
percentiles: 2%=0.7141286730766296, 5%=0.7165999412536621, 10%=0.7180277109146118, 25%=0.7248466610908508, 50%=0.7306337356567383, 75%=0.7378278374671936, 90%=0.7407925724983215, 95%=0.742800772190094, 98%=0.7446089386940002
ranking_best_algo: PBIL
ranking_best_score: 0.7248786399609374
ranking_my_rank: 1/504 (100.0%)
ranking_my_percent: 100.0
