ConfigName: kjsd__advperagentrankweighted__M5__L8__eps0p005__g0p0007__ds0p4__dm0p2
Problem: QUBO
Kernel: jsd
Advantage: peragentrankweighted
M: 5
lambda: 8
epsilon_svgd: 0.005
gamma: 0.0007
decay_start_ratio: 0.4
decay_min_factor: 0.2
bandwith_kernel: None
no_interact: False
avg_score: -1188.52001953125
median_score: -1185.5
std_score: 56.51786804199219
percentiles: 2%=-1290.0799560546875, 5%=-1286.050048828125, 10%=-1254.300048828125, 25%=-1223.25, 50%=-1185.5, 75%=-1156.0, 90%=-1113.0, 95%=-1101.6500244140625, 98%=-1072.6800537109375
ranking_best_algo: Tabu
ranking_best_score: 1216.16
ranking_my_rank: 61/504 (88.1%)
ranking_my_percent: 88.0952380952381
