ConfigName: kjsd__advperagentrankweighted__M4__L20__eps0p005__g0p0005__ds0p05__dm0p05
Problem: NK
Kernel: jsd
Advantage: peragentrankweighted
M: 4
lambda: 20
epsilon_svgd: 0.005
gamma: 0.0005
decay_start_ratio: 0.05
decay_min_factor: 0.05
bandwith_kernel: None
no_interact: False
avg_score: 0.7321228981018066
median_score: 0.7316550612449646
std_score: 0.01072610355913639
percentiles: 2%=0.713300883769989, 5%=0.7158369421958923, 10%=0.7197430729866028, 25%=0.7249367237091064, 50%=0.7316550612449646, 75%=0.7382748126983643, 90%=0.7454134821891785, 95%=0.7499274611473083, 98%=0.757217526435852
ranking_best_algo: Tabu
ranking_best_score: 0.7429702712499999
ranking_my_rank: 2/504 (99.8%)
ranking_my_percent: 99.8015873015873
