ConfigName: kfr__advglobalrankweighted__M4__L5__eps0p01__g0p005__ds0p01__dm0p01
Problem: QUBO
Kernel: fr
Advantage: globalrankweighted
M: 4
lambda: 5
epsilon_svgd: 0.01
gamma: 0.005
decay_start_ratio: 0.01
decay_min_factor: 0.01
bandwith_kernel: None
no_interact: False
avg_score: -1277.0799560546875
median_score: -1264.5
std_score: 64.57192993164062
percentiles: 2%=-1418.0400390625, 5%=-1389.0, 10%=-1364.0, 25%=-1315.75, 50%=-1264.5, 75%=-1233.0, 90%=-1196.9000244140625, 95%=-1180.949951171875, 98%=-1174.8399658203125
ranking_best_algo: SVMMetaModelLogNormal
ranking_best_score: 1233.7999999999997
ranking_my_rank: 1/504 (100.0%)
ranking_my_percent: 100.0
