ConfigName: kjsd__advperagentrankweighted__M4__L24__eps0p005__g0p0005__ds0p05__dm0p05
Problem: QUBO
Kernel: jsd
Advantage: peragentrankweighted
M: 4
lambda: 24
epsilon_svgd: 0.005
gamma: 0.0005
decay_start_ratio: 0.05
decay_min_factor: 0.05
bandwith_kernel: None
no_interact: False
avg_score: -201.47999572753906
median_score: -203.0
std_score: 12.288597106933594
percentiles: 2%=-224.0, 5%=-221.0500030517578, 10%=-219.10000610351562, 25%=-209.0, 50%=-203.0, 75%=-191.0, 90%=-184.89999389648438, 95%=-182.0, 98%=-180.0
ranking_best_algo: Tabu
ranking_best_score: 208.36000000000004
ranking_my_rank: 40/504 (92.3%)
ranking_my_percent: 92.26190476190476
