ConfigName: krbf__advnormalizedfitness__M3__L8__eps0p015__g0p007__ds0p3__dm0p3
Problem: NK
Kernel: rbf
Advantage: normalizedfitness
M: 3
lambda: 8
epsilon_svgd: 0.015
gamma: 0.007
decay_start_ratio: 0.3
decay_min_factor: 0.3
bandwith_kernel: None
no_interact: False
avg_score: 0.6625592112541199
median_score: 0.6614207029342651
std_score: 0.025822725147008896
percentiles: 2%=0.6189804673194885, 5%=0.6236258149147034, 10%=0.6310198903083801, 25%=0.6420345306396484, 50%=0.6614207029342651, 75%=0.6780226826667786, 90%=0.6940441727638245, 95%=0.7110949754714966, 98%=0.7177467942237854
ranking_best_algo: Tabu
ranking_best_score: 0.7429702712499999
ranking_my_rank: 315/504 (37.7%)
ranking_my_percent: 37.698412698412696
