ConfigName: krbf__advnormalizedfitness__M3__L15__eps0p015__g0p01__ds0p01__dm0p3
Problem: QUBO
Kernel: rbf
Advantage: normalizedfitness
M: 3
lambda: 15
epsilon_svgd: 0.015
gamma: 0.01
decay_start_ratio: 0.01
decay_min_factor: 0.3
bandwith_kernel: None
no_interact: False
avg_score: -383.739990234375
median_score: -389.0
std_score: 34.502349853515625
percentiles: 2%=-455.1199951171875, 5%=-437.25, 10%=-427.1000061035156, 25%=-406.0, 50%=-389.0, 75%=-357.5, 90%=-339.4000244140625, 95%=-325.8000183105469, 98%=-315.91998291015625
ranking_best_algo: Tabu
ranking_best_score: 438.12
ranking_my_rank: 263/504 (48.0%)
ranking_my_percent: 48.01587301587302
