ConfigName: kfr__advglobalrankweighted__M2__L10__eps0p02__g0p007__ds0p01__dm0p01
Problem: QUBO
Kernel: fr
Advantage: globalrankweighted
M: 2
lambda: 10
epsilon_svgd: 0.02
gamma: 0.007
decay_start_ratio: 0.01
decay_min_factor: 0.01
bandwith_kernel: None
no_interact: False
avg_score: -1176.8599853515625
median_score: -1175.0
std_score: 64.44253540039062
percentiles: 2%=-1311.1400146484375, 5%=-1283.0999755859375, 10%=-1258.0999755859375, 25%=-1221.25, 50%=-1175.0, 75%=-1130.0, 90%=-1103.0, 95%=-1074.800048828125, 98%=-1037.93994140625
ranking_best_algo: Tabu
ranking_best_score: 1216.16
ranking_my_rank: 82/504 (83.9%)
ranking_my_percent: 83.92857142857143
