ConfigName: krbf__advnormalizedfitness__M3__L8__eps0p015__g0p01__ds0p3__dm0p01
Problem: QUBO
Kernel: rbf
Advantage: normalizedfitness
M: 3
lambda: 8
epsilon_svgd: 0.015
gamma: 0.01
decay_start_ratio: 0.3
decay_min_factor: 0.01
bandwith_kernel: None
no_interact: False
avg_score: -923.1599731445312
median_score: -917.0
std_score: 66.95576477050781
percentiles: 2%=-1052.219970703125, 5%=-1044.0999755859375, 10%=-1009.2000122070312, 25%=-970.5, 50%=-917.0, 75%=-874.75, 90%=-838.7000122070312, 95%=-826.6000366210938, 98%=-786.8399658203125
ranking_best_algo: CMApara
ranking_best_score: 964.9
ranking_my_rank: 24/504 (95.4%)
ranking_my_percent: 95.43650793650794
