ConfigName: kjsd__advperagentrankweighted__M4__L12__eps0p01__g0p0003__ds0p05__dm0p05
Problem: QUBO
Kernel: jsd
Advantage: peragentrankweighted
M: 4
lambda: 12
epsilon_svgd: 0.01
gamma: 0.0003
decay_start_ratio: 0.05
decay_min_factor: 0.05
bandwith_kernel: None
no_interact: False
avg_score: -327.8800048828125
median_score: -334.0
std_score: 23.091678619384766
percentiles: 2%=-372.0, 5%=-357.20001220703125, 10%=-352.20001220703125, 25%=-342.0, 50%=-334.0, 75%=-316.0, 90%=-295.8999938964844, 95%=-278.0, 98%=-273.9200134277344
ranking_best_algo: CMApara
ranking_best_score: 344.22
ranking_my_rank: 85/504 (83.3%)
ranking_my_percent: 83.33333333333333
