ConfigName: krbf__advnormalizedfitness__M4__L10__eps0p033__g0p015__ds0p01__dm0p01
Problem: QUBO
Kernel: rbf
Advantage: normalizedfitness
M: 4
lambda: 10
epsilon_svgd: 0.033
gamma: 0.015
decay_start_ratio: 0.01
decay_min_factor: 0.01
bandwith_kernel: None
no_interact: False
avg_score: -1156.5400390625
median_score: -1153.5
std_score: 65.86174011230469
percentiles: 2%=-1345.0400390625, 5%=-1270.6500244140625, 10%=-1244.4000244140625, 25%=-1195.25, 50%=-1153.5, 75%=-1107.0, 90%=-1076.800048828125, 95%=-1065.60009765625, 98%=-1039.97998046875
ranking_best_algo: Tabu
ranking_best_score: 1216.16
ranking_my_rank: 104/504 (79.6%)
ranking_my_percent: 79.56349206349206
