ConfigName: krbf__advnormalizedfitness__M3__L8__eps0p02__g0p01__ds0p15__dm0p05
Problem: QUBO
Kernel: rbf
Advantage: normalizedfitness
M: 3
lambda: 8
epsilon_svgd: 0.02
gamma: 0.01
decay_start_ratio: 0.15
decay_min_factor: 0.05
bandwith_kernel: None
no_interact: False
avg_score: -428.4200134277344
median_score: -428.0
std_score: 30.548709869384766
percentiles: 2%=-481.0, 5%=-477.0, 10%=-473.0, 25%=-446.0, 50%=-428.0, 75%=-415.0, 90%=-387.0, 95%=-380.95001220703125, 98%=-343.9599914550781
ranking_best_algo: CMAL3
ranking_best_score: 435.36
ranking_my_rank: 15/504 (97.2%)
ranking_my_percent: 97.22222222222223
