ConfigName: krbf__advnormalizedfitness__M4__L10__eps0p033__g0p005__ds0p3__dm0p3
Problem: NK
Kernel: rbf
Advantage: normalizedfitness
M: 4
lambda: 10
epsilon_svgd: 0.033
gamma: 0.005
decay_start_ratio: 0.3
decay_min_factor: 0.3
bandwith_kernel: None
no_interact: False
avg_score: 0.7066674828529358
median_score: 0.7093230485916138
std_score: 0.01174002792686224
percentiles: 2%=0.6875767111778259, 5%=0.6891870498657227, 10%=0.6913392543792725, 25%=0.6954866051673889, 50%=0.7093230485916138, 75%=0.7170915603637695, 90%=0.7208830118179321, 95%=0.7222786545753479, 98%=0.723098635673523
ranking_best_algo: PBIL
ranking_best_score: 0.7013553837109374
ranking_my_rank: 1/504 (100.0%)
ranking_my_percent: 100.0
