ConfigName: kjsd__advperagentrankweighted__M5__L8__eps0p01__g0p0007__ds0p2__dm0p2
Problem: NK
Kernel: jsd
Advantage: peragentrankweighted
M: 5
lambda: 8
epsilon_svgd: 0.01
gamma: 0.0007
decay_start_ratio: 0.2
decay_min_factor: 0.2
bandwith_kernel: None
no_interact: False
avg_score: 0.7537890672683716
median_score: 0.7520958185195923
std_score: 0.012553646229207516
percentiles: 2%=0.7294893264770508, 5%=0.735349178314209, 10%=0.7394118905067444, 25%=0.7453914284706116, 50%=0.7520958185195923, 75%=0.7618597149848938, 90%=0.7701433300971985, 95%=0.7766839861869812, 98%=0.7794033288955688
ranking_best_algo: Tabu
ranking_best_score: 0.7470791764843752
ranking_my_rank: 1/504 (100.0%)
ranking_my_percent: 100.0
