ConfigName: kjsd__advperagentrankweighted__M3__L24__eps0p005__g0p0005__ds0p1__dm0p1
Problem: QUBO
Kernel: jsd
Advantage: peragentrankweighted
M: 3
lambda: 24
epsilon_svgd: 0.005
gamma: 0.0005
decay_start_ratio: 0.1
decay_min_factor: 0.1
bandwith_kernel: None
no_interact: False
avg_score: -939.1400146484375
median_score: -930.5
std_score: 65.81793212890625
percentiles: 2%=-1063.1800537109375, 5%=-1041.1500244140625, 10%=-1023.0, 25%=-996.75, 50%=-930.5, 75%=-889.5, 90%=-856.4000244140625, 95%=-836.7000122070312, 98%=-800.8400268554688
ranking_best_algo: CMApara
ranking_best_score: 964.9
ranking_my_rank: 7/504 (98.8%)
ranking_my_percent: 98.80952380952381
