ConfigName: kjsd__advperagentrankweighted__M3__L18__eps0p007__g0p003__ds0p2__dm0p05
Problem: QUBO
Kernel: jsd
Advantage: peragentrankweighted
M: 3
lambda: 18
epsilon_svgd: 0.007
gamma: 0.003
decay_start_ratio: 0.2
decay_min_factor: 0.05
bandwith_kernel: None
no_interact: False
avg_score: -1253.4000244140625
median_score: -1260.0
std_score: 78.67439270019531
percentiles: 2%=-1385.4000244140625, 5%=-1365.449951171875, 10%=-1359.4000244140625, 25%=-1309.25, 50%=-1260.0, 75%=-1186.5, 90%=-1148.5999755859375, 95%=-1130.75, 98%=-1114.43994140625
ranking_best_algo: BigLognormalDiscreteOnePlusOne
ranking_best_score: 1301.3600000000004
ranking_my_rank: 55/504 (89.3%)
ranking_my_percent: 89.28571428571429
