ConfigName: kfr__advglobalrankweighted__M2__L10__eps0p015__g0p007__ds0p01__dm0p01
Problem: QUBO
Kernel: fr
Advantage: globalrankweighted
M: 2
lambda: 10
epsilon_svgd: 0.015
gamma: 0.007
decay_start_ratio: 0.01
decay_min_factor: 0.01
bandwith_kernel: None
no_interact: False
avg_score: -1294.5400390625
median_score: -1298.5
std_score: 66.13839721679688
percentiles: 2%=-1419.3599853515625, 5%=-1399.25, 10%=-1390.300048828125, 25%=-1326.5, 50%=-1298.5, 75%=-1259.0, 90%=-1208.5999755859375, 95%=-1174.5, 98%=-1154.7999267578125
ranking_best_algo: BigLognormalDiscreteOnePlusOne
ranking_best_score: 1301.3600000000004
ranking_my_rank: 2/504 (99.8%)
ranking_my_percent: 99.8015873015873
