ConfigName: krbf__advnormalizedfitness__M3__L8__eps0p033__g0p007__ds0p01__dm0p01
Problem: QUBO
Kernel: rbf
Advantage: normalizedfitness
M: 3
lambda: 8
epsilon_svgd: 0.033
gamma: 0.007
decay_start_ratio: 0.01
decay_min_factor: 0.01
bandwith_kernel: None
no_interact: False
avg_score: -200.1199951171875
median_score: -199.5
std_score: 12.872669219970703
percentiles: 2%=-222.0399932861328, 5%=-222.0, 10%=-218.10000610351562, 25%=-211.0, 50%=-199.5, 75%=-191.0, 90%=-182.8000030517578, 95%=-179.85000610351562, 98%=-175.0
ranking_best_algo: Tabu
ranking_best_score: 208.36000000000004
ranking_my_rank: 52/504 (89.9%)
ranking_my_percent: 89.88095238095238
