ConfigName: krbf__advnormalizedfitness__M3__L8__eps0p03__g0p001__ds0p05__dm0p05
Problem: QUBO
Kernel: rbf
Advantage: normalizedfitness
M: 3
lambda: 8
epsilon_svgd: 0.03
gamma: 0.001
decay_start_ratio: 0.05
decay_min_factor: 0.05
bandwith_kernel: None
no_interact: False
avg_score: -316.6600036621094
median_score: -318.0
std_score: 23.229385375976562
percentiles: 2%=-357.17999267578125, 5%=-350.1000061035156, 10%=-344.0, 25%=-335.25, 50%=-318.0, 75%=-296.75, 90%=-285.79998779296875, 95%=-278.0, 98%=-274.9800109863281
ranking_best_algo: CMApara
ranking_best_score: 344.22
ranking_my_rank: 194/504 (61.7%)
ranking_my_percent: 61.70634920634921
