ConfigName: kfr__advglobalrankweighted__M5__L11__eps0p01__g0p005__ds0p01__dm0p01
Problem: QUBO
Kernel: fr
Advantage: globalrankweighted
M: 5
lambda: 11
epsilon_svgd: 0.01
gamma: 0.005
decay_start_ratio: 0.01
decay_min_factor: 0.01
bandwith_kernel: None
no_interact: False
avg_score: -861.8200073242188
median_score: -848.5
std_score: 66.79302215576172
percentiles: 2%=-998.239990234375, 5%=-982.25, 10%=-958.0999755859375, 25%=-912.0, 50%=-848.5, 75%=-811.0, 90%=-789.7000122070312, 95%=-768.7000122070312, 98%=-741.8999633789062
ranking_best_algo: CMAL3
ranking_best_score: 928.5800000000002
ranking_my_rank: 196/504 (61.3%)
ranking_my_percent: 61.30952380952381
