ConfigName: kjsd__advperagentrankweighted__M5__L10__eps0p005__g0p0005__ds0p2__dm0p2
Problem: NK
Kernel: jsd
Advantage: peragentrankweighted
M: 5
lambda: 10
epsilon_svgd: 0.005
gamma: 0.0005
decay_start_ratio: 0.2
decay_min_factor: 0.2
bandwith_kernel: None
no_interact: False
avg_score: 0.7045933604240417
median_score: 0.7044394016265869
std_score: 0.007715036626905203
percentiles: 2%=0.6887503862380981, 5%=0.6921069622039795, 10%=0.6959207057952881, 25%=0.6994211673736572, 50%=0.7044394016265869, 75%=0.7095316648483276, 90%=0.714576244354248, 95%=0.7170178890228271, 98%=0.7208026647567749
ranking_best_algo: PBIL
ranking_best_score: 0.7170882103515624
ranking_my_rank: 62/504 (87.9%)
ranking_my_percent: 87.89682539682539
