ConfigName: kfr__advglobalrankweighted__M4__L9__eps0p01__g0p005__ds0p01__dm0p01
Problem: QUBO
Kernel: fr
Advantage: globalrankweighted
M: 4
lambda: 9
epsilon_svgd: 0.01
gamma: 0.005
decay_start_ratio: 0.01
decay_min_factor: 0.01
bandwith_kernel: None
no_interact: False
avg_score: -201.36000061035156
median_score: -201.0
std_score: 11.961204528808594
percentiles: 2%=-222.0399932861328, 5%=-222.0, 10%=-221.0, 25%=-209.0, 50%=-201.0, 75%=-192.0, 90%=-184.8000030517578, 95%=-181.9499969482422, 98%=-179.94000244140625
ranking_best_algo: Tabu
ranking_best_score: 208.36000000000004
ranking_my_rank: 40/504 (92.3%)
ranking_my_percent: 92.26190476190476
