ConfigName: kjsd__advperagentrankweighted__M3__L24__eps0p005__g0p0005__ds0p05__dm0p2
Problem: NK
Kernel: jsd
Advantage: peragentrankweighted
M: 3
lambda: 24
epsilon_svgd: 0.005
gamma: 0.0005
decay_start_ratio: 0.05
decay_min_factor: 0.2
bandwith_kernel: None
no_interact: False
avg_score: 0.7362064123153687
median_score: 0.7377832531929016
std_score: 0.008506189100444317
percentiles: 2%=0.7194929122924805, 5%=0.7213103771209717, 10%=0.7235018014907837, 25%=0.7308354377746582, 50%=0.7377832531929016, 75%=0.742087185382843, 90%=0.7462226748466492, 95%=0.7483073472976685, 98%=0.7520849108695984
ranking_best_algo: PBIL
ranking_best_score: 0.730509098125
ranking_my_rank: 1/504 (100.0%)
ranking_my_percent: 100.0
