ConfigName: kjsd__advperagentrankweighted__M3__L18__eps0p01__g0p0005__ds0p05__dm0p2
Problem: QUBO
Kernel: jsd
Advantage: peragentrankweighted
M: 3
lambda: 18
epsilon_svgd: 0.01
gamma: 0.0005
decay_start_ratio: 0.05
decay_min_factor: 0.2
bandwith_kernel: None
no_interact: False
avg_score: -196.83999633789062
median_score: -197.0
std_score: 13.859811782836914
percentiles: 2%=-220.02000427246094, 5%=-216.0500030517578, 10%=-213.0, 25%=-208.25, 50%=-197.0, 75%=-190.0, 90%=-174.89999389648438, 95%=-174.0, 98%=-165.97999572753906
ranking_best_algo: Tabu
ranking_best_score: 208.36000000000004
ranking_my_rank: 164/504 (67.7%)
ranking_my_percent: 67.65873015873017
