ConfigName: kfr__advglobalrankweighted__M4__L5__eps0p06__g0p007__ds0p01__dm0p01
Problem: QUBO
Kernel: fr
Advantage: globalrankweighted
M: 4
lambda: 5
epsilon_svgd: 0.06
gamma: 0.007
decay_start_ratio: 0.01
decay_min_factor: 0.01
bandwith_kernel: None
no_interact: False
avg_score: -1172.9599609375
median_score: -1168.0
std_score: 62.26442337036133
percentiles: 2%=-1316.0, 5%=-1272.550048828125, 10%=-1262.300048828125, 25%=-1209.5, 50%=-1168.0, 75%=-1128.0, 90%=-1090.9000244140625, 95%=-1086.949951171875, 98%=-1079.97998046875
ranking_best_algo: Tabu
ranking_best_score: 1216.16
ranking_my_rank: 85/504 (83.3%)
ranking_my_percent: 83.33333333333333
