ConfigName: krbf__advnormalizedfitness__M3__L12__eps0p025__g0p005__ds0p3__dm0p3
Problem: QUBO
Kernel: rbf
Advantage: normalizedfitness
M: 3
lambda: 12
epsilon_svgd: 0.025
gamma: 0.005
decay_start_ratio: 0.3
decay_min_factor: 0.3
bandwith_kernel: None
no_interact: False
avg_score: -1199.3800048828125
median_score: -1206.0
std_score: 60.89397430419922
percentiles: 2%=-1338.47998046875, 5%=-1301.0, 10%=-1275.300048828125, 25%=-1235.5, 50%=-1206.0, 75%=-1160.0, 90%=-1126.0, 95%=-1098.9000244140625, 98%=-1066.9000244140625
ranking_best_algo: SVMMetaModelLogNormal
ranking_best_score: 1233.7999999999997
ranking_my_rank: 57/504 (88.9%)
ranking_my_percent: 88.88888888888889
