ConfigName: kjsd__advperagentrankweighted__M4__L8__eps0p01__g0p0005__ds0p05__dm0p05
Problem: QUBO
Kernel: jsd
Advantage: peragentrankweighted
M: 4
lambda: 8
epsilon_svgd: 0.01
gamma: 0.0005
decay_start_ratio: 0.05
decay_min_factor: 0.05
bandwith_kernel: None
no_interact: False
avg_score: -324.32000732421875
median_score: -331.0
std_score: 25.28433609008789
percentiles: 2%=-372.0, 5%=-360.04998779296875, 10%=-350.0, 25%=-341.25, 50%=-331.0, 75%=-308.0, 90%=-290.0, 95%=-279.70001220703125, 98%=-261.8800048828125
ranking_best_algo: CMApara
ranking_best_score: 344.22
ranking_my_rank: 126/504 (75.2%)
ranking_my_percent: 75.1984126984127
