ConfigName: kjsd__advperagentrankweighted__M3__L18__eps0p01__g0p0005__ds0p2__dm0p1
Problem: QUBO
Kernel: jsd
Advantage: peragentrankweighted
M: 3
lambda: 18
epsilon_svgd: 0.01
gamma: 0.0005
decay_start_ratio: 0.2
decay_min_factor: 0.1
bandwith_kernel: None
no_interact: False
avg_score: -1625.93994140625
median_score: -1626.0
std_score: 54.60491180419922
percentiles: 2%=-1740.5, 5%=-1732.0999755859375, 10%=-1693.5999755859375, 25%=-1655.0, 50%=-1626.0, 75%=-1589.75, 90%=-1570.800048828125, 95%=-1539.0, 98%=-1514.9599609375
ranking_best_algo: NLOPT_LN_PRAXIS
ranking_best_score: 1607.12
ranking_my_rank: 1/504 (100.0%)
ranking_my_percent: 100.0
