ConfigName: kjsd__advperagentrankweighted__M4__L8__eps0p005__g0p0007__ds0p05__dm0p05
Problem: NK
Kernel: jsd
Advantage: peragentrankweighted
M: 4
lambda: 8
epsilon_svgd: 0.005
gamma: 0.0007
decay_start_ratio: 0.05
decay_min_factor: 0.05
bandwith_kernel: None
no_interact: False
avg_score: 0.7410002946853638
median_score: 0.7402800917625427
std_score: 0.014490196481347084
percentiles: 2%=0.7122548818588257, 5%=0.7189571857452393, 10%=0.722257673740387, 25%=0.730282187461853, 50%=0.7402800917625427, 75%=0.750103235244751, 90%=0.7621227502822876, 95%=0.7638288736343384, 98%=0.7669079303741455
ranking_best_algo: Tabu
ranking_best_score: 0.7601875690625
ranking_my_rank: 12/504 (97.8%)
ranking_my_percent: 97.81746031746032
