Problem: NK
Kernel: jsd
Advantage: peragentrankweighted
M: 15
lambda: 24
epsilon_svgd: 0.1
gamma: 0.0005
bandwith_kernel: None
no_interact: False
avg_score: 0.7124305963516235
median_score: 0.70106041431427
std_score: 0.031044956296682358
percentiles: 2%=0.6751645803451538, 5%=0.6757138967514038, 10%=0.6817788481712341, 25%=0.6847031712532043, 50%=0.70106041431427, 75%=0.7474179267883301, 90%=0.7540167570114136, 95%=0.7613165378570557, 98%=0.7613165378570557
ranking_best_algo: CMApara
ranking_best_score: 0.7118996098437498
ranking_my_rank: 1/505 (100.0%)
