ConfigName: kjsd__advperagentrankweighted__M3__L30__eps0p007__g0p001__ds0p05__dm0p2
Problem: QUBO
Kernel: jsd
Advantage: peragentrankweighted
M: 3
lambda: 30
epsilon_svgd: 0.007
gamma: 0.001
decay_start_ratio: 0.05
decay_min_factor: 0.2
bandwith_kernel: None
no_interact: False
avg_score: -427.79998779296875
median_score: -432.0
std_score: 24.582921981811523
percentiles: 2%=-469.0400085449219, 5%=-465.1000061035156, 10%=-459.20001220703125, 25%=-442.5, 50%=-432.0, 75%=-414.5, 90%=-390.79998779296875, 95%=-384.8999938964844, 98%=-371.9599914550781
ranking_best_algo: CMAL3
ranking_best_score: 435.36
ranking_my_rank: 18/504 (96.6%)
ranking_my_percent: 96.62698412698413
