ConfigName: krbf__advnormalizedfitness__M1__L8__eps0p033__g0p01__ds0p3__dm0p01
Problem: NK
Kernel: rbf
Advantage: normalizedfitness
M: 1
lambda: 8
epsilon_svgd: 0.033
gamma: 0.01
decay_start_ratio: 0.3
decay_min_factor: 0.01
bandwith_kernel: None
no_interact: False
avg_score: 0.7238304615020752
median_score: 0.7235909700393677
std_score: 0.01252188440412283
percentiles: 2%=0.6979255080223083, 5%=0.7040596008300781, 10%=0.710510790348053, 25%=0.7148976922035217, 50%=0.7235909700393677, 75%=0.7327042818069458, 90%=0.7397881150245667, 95%=0.7438487410545349, 98%=0.7520391345024109
ranking_best_algo: Tabu
ranking_best_score: 0.7429702712499999
ranking_my_rank: 4/504 (99.4%)
ranking_my_percent: 99.4047619047619
