ConfigName: krbf__advnormalizedfitness__M3__L15__eps0p033__g0p01__ds0p3__dm0p01
Problem: NK
Kernel: rbf
Advantage: normalizedfitness
M: 3
lambda: 15
epsilon_svgd: 0.033
gamma: 0.01
decay_start_ratio: 0.3
decay_min_factor: 0.01
bandwith_kernel: None
no_interact: False
avg_score: 0.743510901927948
median_score: 0.7423104643821716
std_score: 0.029607875272631645
percentiles: 2%=0.6951361298561096, 5%=0.7026068568229675, 10%=0.710502028465271, 25%=0.7213038206100464, 50%=0.7423104643821716, 75%=0.7580187320709229, 90%=0.778337299823761, 95%=0.8057907819747925, 98%=0.8118547797203064
ranking_best_algo: CMApara
ranking_best_score: 0.7459277895312499
ranking_my_rank: 8/504 (98.6%)
ranking_my_percent: 98.61111111111111
