ConfigName: kjsd__advperagentrankweighted__M5__L10__eps0p03__g0p0003__ds0p2__dm0p05
Problem: QUBO
Kernel: jsd
Advantage: peragentrankweighted
M: 5
lambda: 10
epsilon_svgd: 0.03
gamma: 0.0003
decay_start_ratio: 0.2
decay_min_factor: 0.05
bandwith_kernel: None
no_interact: False
avg_score: -1537.4200439453125
median_score: -1531.5
std_score: 68.34590911865234
percentiles: 2%=-1667.3599853515625, 5%=-1650.300048828125, 10%=-1634.9000244140625, 25%=-1583.5, 50%=-1531.5, 75%=-1491.0, 90%=-1446.800048828125, 95%=-1432.5, 98%=-1414.8800048828125
ranking_best_algo: NLOPT_LN_PRAXIS
ranking_best_score: 1607.12
ranking_my_rank: 57/504 (88.9%)
ranking_my_percent: 88.88888888888889
