ConfigName: kjsd__advperagentrankweighted__M4__L12__eps0p005__g0p0003__ds0p2__dm0p05
Problem: NK
Kernel: jsd
Advantage: peragentrankweighted
M: 4
lambda: 12
epsilon_svgd: 0.005
gamma: 0.0003
decay_start_ratio: 0.2
decay_min_factor: 0.05
bandwith_kernel: None
no_interact: False
avg_score: 0.7423198819160461
median_score: 0.7393127679824829
std_score: 0.028820492327213287
percentiles: 2%=0.6978405117988586, 5%=0.7055224180221558, 10%=0.7116356492042542, 25%=0.7232077717781067, 50%=0.7393127679824829, 75%=0.7546901702880859, 90%=0.7766762971878052, 95%=0.8047558665275574, 98%=0.8118547797203064
ranking_best_algo: CMApara
ranking_best_score: 0.7459277895312499
ranking_my_rank: 20/504 (96.2%)
ranking_my_percent: 96.23015873015873
