ConfigName: krbf__advnormalizedfitness__M4__L15__eps0p015__g0p015__ds0p3__dm0p3
Problem: NK
Kernel: rbf
Advantage: normalizedfitness
M: 4
lambda: 15
epsilon_svgd: 0.015
gamma: 0.015
decay_start_ratio: 0.3
decay_min_factor: 0.3
bandwith_kernel: None
no_interact: False
avg_score: 0.6912676095962524
median_score: 0.6901281476020813
std_score: 0.027940040454268456
percentiles: 2%=0.6433991193771362, 5%=0.6491724252700806, 10%=0.6594145894050598, 25%=0.6698100566864014, 50%=0.6901281476020813, 75%=0.7013241052627563, 90%=0.7281902432441711, 95%=0.7506558895111084, 98%=0.7543692588806152
ranking_best_algo: CMApara
ranking_best_score: 0.7459277895312499
ranking_my_rank: 346/504 (31.5%)
ranking_my_percent: 31.547619047619047
