ConfigName: krbf__advnormalizedfitness__M1__L8__eps0p015__g0p005__ds0p3__dm0p3
Problem: NK
Kernel: rbf
Advantage: normalizedfitness
M: 1
lambda: 8
epsilon_svgd: 0.015
gamma: 0.005
decay_start_ratio: 0.3
decay_min_factor: 0.3
bandwith_kernel: None
no_interact: False
avg_score: 0.7227119207382202
median_score: 0.7231791615486145
std_score: 0.01157127134501934
percentiles: 2%=0.7029402852058411, 5%=0.7044234871864319, 10%=0.7072539329528809, 25%=0.7136958837509155, 50%=0.7231791615486145, 75%=0.7298808097839355, 90%=0.736433207988739, 95%=0.74118971824646, 98%=0.7459983825683594
ranking_best_algo: Tabu
ranking_best_score: 0.7429702712499999
ranking_my_rank: 6/504 (99.0%)
ranking_my_percent: 99.0079365079365
