Problem: QUBO
Kernel: rbf
Advantage: peragentrankweighted
M: 15
lambda: 7
epsilon_svgd: 0.8
gamma: 0.01
bandwith_kernel: None
no_interact: False
avg_score: -449.8800048828125
median_score: -449.0
std_score: 20.75634002685547
percentiles: 2%=-488.0400085449219, 5%=-482.04998779296875, 10%=-476.1000061035156, 25%=-468.0, 50%=-449.0, 75%=-435.0, 90%=-423.0, 95%=-417.6500244140625, 98%=-407.9599914550781
ranking_best_algo: CMApara
ranking_best_score: 453.82
ranking_my_rank: 2/505 (99.8%)
