ConfigName: kjsd__advperagentrankweighted__M4__L20__eps0p005__g0p0005__ds0p05__dm0p05
Problem: NK
Kernel: jsd
Advantage: peragentrankweighted
M: 4
lambda: 20
epsilon_svgd: 0.005
gamma: 0.0005
decay_start_ratio: 0.05
decay_min_factor: 0.05
bandwith_kernel: None
no_interact: False
avg_score: 0.7105982899665833
median_score: 0.7116199731826782
std_score: 0.015397727489471436
percentiles: 2%=0.6718302369117737, 5%=0.6729377508163452, 10%=0.6973047852516174, 25%=0.7067872285842896, 50%=0.7116199731826782, 75%=0.7205085754394531, 90%=0.7254595756530762, 95%=0.7320747375488281, 98%=0.7333096265792847
ranking_best_algo: CMApara
ranking_best_score: 0.707475975
ranking_my_rank: 1/504 (100.0%)
ranking_my_percent: 100.0
