ConfigName: kjsd__advperagentrankweighted__M3__L16__eps0p01__g0p0007__ds0p2__dm0p1
Problem: QUBO
Kernel: jsd
Advantage: peragentrankweighted
M: 3
lambda: 16
epsilon_svgd: 0.01
gamma: 0.0007
decay_start_ratio: 0.2
decay_min_factor: 0.1
bandwith_kernel: None
no_interact: False
avg_score: -423.0
median_score: -423.5
std_score: 28.44503402709961
percentiles: 2%=-481.0400085449219, 5%=-471.20001220703125, 10%=-460.29998779296875, 25%=-439.0, 50%=-423.5, 75%=-403.25, 90%=-387.79998779296875, 95%=-377.95001220703125, 98%=-363.9200134277344
ranking_best_algo: CMAL3
ranking_best_score: 435.36
ranking_my_rank: 33/504 (93.7%)
ranking_my_percent: 93.65079365079364
