ConfigName: krbf__advnormalizedfitness__M3__L8__eps0p025__g0p01__ds0p3__dm0p3
Problem: QUBO
Kernel: rbf
Advantage: normalizedfitness
M: 3
lambda: 8
epsilon_svgd: 0.025
gamma: 0.01
decay_start_ratio: 0.3
decay_min_factor: 0.3
bandwith_kernel: None
no_interact: False
avg_score: -309.44000244140625
median_score: -301.0
std_score: 40.16922378540039
percentiles: 2%=-398.0400085449219, 5%=-392.0, 10%=-359.79998779296875, 25%=-337.0, 50%=-301.0, 75%=-272.75, 90%=-265.8999938964844, 95%=-262.95001220703125, 98%=-260.0
ranking_best_algo: CMApara
ranking_best_score: 319.29999999999995
ranking_my_rank: 76/504 (85.1%)
ranking_my_percent: 85.11904761904762
