ConfigName: kjsd__advperagentrankweighted__M6__L10__eps0p02__g0p0007__ds0p2__dm0p05
Problem: QUBO
Kernel: jsd
Advantage: peragentrankweighted
M: 6
lambda: 10
epsilon_svgd: 0.02
gamma: 0.0007
decay_start_ratio: 0.2
decay_min_factor: 0.05
bandwith_kernel: None
no_interact: False
avg_score: -445.79998779296875
median_score: -446.0
std_score: 24.392621994018555
percentiles: 2%=-489.0, 5%=-479.25, 10%=-473.20001220703125, 25%=-464.25, 50%=-446.0, 75%=-433.0, 90%=-409.70001220703125, 95%=-397.79998779296875, 98%=-391.94000244140625
ranking_best_algo: CMApara
ranking_best_score: 453.82
ranking_my_rank: 3/504 (99.6%)
ranking_my_percent: 99.60317460317461
