ConfigName: krbf__advnormalizedfitness__M2__L8__eps0p015__g0p005__ds0p15__dm0p3
Problem: QUBO
Kernel: rbf
Advantage: normalizedfitness
M: 2
lambda: 8
epsilon_svgd: 0.015
gamma: 0.005
decay_start_ratio: 0.15
decay_min_factor: 0.3
bandwith_kernel: None
no_interact: False
avg_score: -423.79998779296875
median_score: -423.5
std_score: 26.40833282470703
percentiles: 2%=-481.0, 5%=-477.1000061035156, 10%=-463.20001220703125, 25%=-438.5, 50%=-423.5, 75%=-407.5, 90%=-389.0, 95%=-384.8500061035156, 98%=-378.0
ranking_best_algo: CMAL3
ranking_best_score: 435.36
ranking_my_rank: 31/504 (94.0%)
ranking_my_percent: 94.04761904761905
