ConfigName: kjsd__advperagentrankweighted__M8__L10__eps0p008__g0p0005__ds0p05__dm0p05
Problem: QUBO
Kernel: jsd
Advantage: peragentrankweighted
M: 8
lambda: 10
epsilon_svgd: 0.008
gamma: 0.0005
decay_start_ratio: 0.05
decay_min_factor: 0.05
bandwith_kernel: None
no_interact: False
avg_score: -449.29998779296875
median_score: -450.5
std_score: 23.1549129486084
percentiles: 2%=-490.0400085449219, 5%=-485.20001220703125, 10%=-477.20001220703125, 25%=-467.75, 50%=-450.5, 75%=-432.75, 90%=-419.79998779296875, 95%=-412.95001220703125, 98%=-405.8800048828125
ranking_best_algo: CMApara
ranking_best_score: 453.82
ranking_my_rank: 2/504 (99.8%)
ranking_my_percent: 99.8015873015873
