ConfigName: krbf__advnormalizedfitness__M3__L8__eps0p015__g0p005__ds0p15__dm0p01
Problem: QUBO
Kernel: rbf
Advantage: normalizedfitness
M: 3
lambda: 8
epsilon_svgd: 0.015
gamma: 0.005
decay_start_ratio: 0.15
decay_min_factor: 0.01
bandwith_kernel: None
no_interact: False
avg_score: -328.29998779296875
median_score: -334.0
std_score: 20.850662231445312
percentiles: 2%=-361.2200012207031, 5%=-354.1499938964844, 10%=-350.0, 25%=-341.25, 50%=-334.0, 75%=-317.5, 90%=-296.0, 95%=-290.0, 98%=-287.5599060058594
ranking_best_algo: CMApara
ranking_best_score: 344.22
ranking_my_rank: 84/504 (83.5%)
ranking_my_percent: 83.53174603174604
