ConfigName: kjsd__advperagentrankweighted__M4__L10__eps0p03__g0p0005__ds0p05__dm0p05
Problem: QUBO
Kernel: jsd
Advantage: peragentrankweighted
M: 4
lambda: 10
epsilon_svgd: 0.03
gamma: 0.0005
decay_start_ratio: 0.05
decay_min_factor: 0.05
bandwith_kernel: None
no_interact: False
avg_score: -2522.580078125
median_score: -2523.5
std_score: 116.1954574584961
percentiles: 2%=-2740.6201171875, 5%=-2720.300048828125, 10%=-2658.199951171875, 25%=-2596.5, 50%=-2523.5, 75%=-2441.75, 90%=-2379.5, 95%=-2357.60009765625, 98%=-2344.199951171875
ranking_best_algo: SVM1MetaModelLogNormal
ranking_best_score: 2605.14
ranking_my_rank: 55/504 (89.3%)
ranking_my_percent: 89.28571428571429
