ConfigName: kfr__advglobalrankweighted__M1__L10__eps0p02__g0p007__ds0p01__dm0p01
Problem: QUBO
Kernel: fr
Advantage: globalrankweighted
M: 1
lambda: 10
epsilon_svgd: 0.02
gamma: 0.007
decay_start_ratio: 0.01
decay_min_factor: 0.01
bandwith_kernel: None
no_interact: False
avg_score: -141.17999267578125
median_score: -141.0
std_score: 16.190353393554688
percentiles: 2%=-179.0, 5%=-175.10000610351562, 10%=-158.0, 25%=-154.0, 50%=-141.0, 75%=-131.0, 90%=-119.0, 95%=-114.0, 98%=-109.93998718261719
ranking_best_algo: CMApara
ranking_best_score: 154.28
ranking_my_rank: 269/504 (46.8%)
ranking_my_percent: 46.82539682539682
