ConfigName: krbf__advnormalizedfitness__M5__L24__eps0p03__g0p01__ds0p05__dm0p05
Problem: QUBO
Kernel: rbf
Advantage: normalizedfitness
M: 5
lambda: 24
epsilon_svgd: 0.03
gamma: 0.01
decay_start_ratio: 0.05
decay_min_factor: 0.05
bandwith_kernel: None
no_interact: False
avg_score: -621.1599731445312
median_score: -611.5
std_score: 83.22664642333984
percentiles: 2%=-793.02001953125, 5%=-766.0999755859375, 10%=-729.7999877929688, 25%=-680.25, 50%=-611.5, 75%=-558.5, 90%=-520.0999755859375, 95%=-498.79998779296875, 98%=-483.1400146484375
ranking_best_algo: SVMMetaModelLogNormal
ranking_best_score: 1233.7999999999997
ranking_my_rank: 379/504 (25.0%)
ranking_my_percent: 25.0
