ConfigName: krbf__advnormalizedfitness__M2__L10__eps0p015__g0p007__ds0p01__dm0p3
Problem: QUBO
Kernel: rbf
Advantage: normalizedfitness
M: 2
lambda: 10
epsilon_svgd: 0.015
gamma: 0.007
decay_start_ratio: 0.01
decay_min_factor: 0.3
bandwith_kernel: None
no_interact: False
avg_score: -578.0599975585938
median_score: -578.0
std_score: 30.2125186920166
percentiles: 2%=-633.1599731445312, 5%=-629.2000122070312, 10%=-619.2000122070312, 25%=-598.25, 50%=-578.0, 75%=-556.75, 90%=-540.9000244140625, 95%=-529.75, 98%=-521.7999877929688
ranking_best_algo: Tabu
ranking_best_score: 588.7199999999999
ranking_my_rank: 42/503 (91.8%)
ranking_my_percent: 91.84890656063618
