ConfigName: kjsd__advperagentrankweighted__M5__L10__eps0p005__g0p003__ds0p4__dm0p2
Problem: QUBO
Kernel: jsd
Advantage: peragentrankweighted
M: 5
lambda: 10
epsilon_svgd: 0.005
gamma: 0.003
decay_start_ratio: 0.4
decay_min_factor: 0.2
bandwith_kernel: None
no_interact: False
avg_score: -392.739990234375
median_score: -396.0
std_score: 33.509586334228516
percentiles: 2%=-450.0, 5%=-439.0, 10%=-432.1000061035156, 25%=-418.0, 50%=-396.0, 75%=-375.5, 90%=-349.6000061035156, 95%=-333.79998779296875, 98%=-317.9200134277344
ranking_best_algo: Tabu
ranking_best_score: 438.12
ranking_my_rank: 255/504 (49.6%)
ranking_my_percent: 49.6031746031746
