ConfigName: kfr__advglobalrankweighted__M4__L13__eps0p03__g0p007__ds0p01__dm0p01
Problem: QUBO
Kernel: fr
Advantage: globalrankweighted
M: 4
lambda: 13
epsilon_svgd: 0.03
gamma: 0.007
decay_start_ratio: 0.01
decay_min_factor: 0.01
bandwith_kernel: None
no_interact: False
avg_score: -2476.719970703125
median_score: -2478.0
std_score: 125.44337463378906
percentiles: 2%=-2717.300048828125, 5%=-2670.89990234375, 10%=-2641.5, 25%=-2571.25, 50%=-2478.0, 75%=-2375.25, 90%=-2298.89990234375, 95%=-2280.699951171875, 98%=-2267.9599609375
ranking_best_algo: SVM1MetaModelLogNormal
ranking_best_score: 2605.14
ranking_my_rank: 77/504 (84.9%)
ranking_my_percent: 84.92063492063492
