ConfigName: kjsd__advperagentrankweighted__M3__L20__eps0p005__g0p003__ds0p05__dm0p05
Problem: NK
Kernel: jsd
Advantage: peragentrankweighted
M: 3
lambda: 20
epsilon_svgd: 0.005
gamma: 0.003
decay_start_ratio: 0.05
decay_min_factor: 0.05
bandwith_kernel: None
no_interact: False
avg_score: 0.7520631551742554
median_score: 0.7531282901763916
std_score: 0.01255116332322359
percentiles: 2%=0.7302767634391785, 5%=0.7312583923339844, 10%=0.7346028089523315, 25%=0.7409242391586304, 50%=0.7531282901763916, 75%=0.7602949738502502, 90%=0.7689472436904907, 95%=0.7719643712043762, 98%=0.7740556001663208
ranking_best_algo: Tabu
ranking_best_score: 0.7657846284375001
ranking_my_rank: 14/504 (97.4%)
ranking_my_percent: 97.42063492063492
