ConfigName: kjsd__advperagentrankweighted__M4__L20__eps0p005__g0p0005__ds0p05__dm0p2
Problem: NK
Kernel: jsd
Advantage: peragentrankweighted
M: 4
lambda: 20
epsilon_svgd: 0.005
gamma: 0.0005
decay_start_ratio: 0.05
decay_min_factor: 0.2
bandwith_kernel: None
no_interact: False
avg_score: 0.7076585292816162
median_score: 0.7099864482879639
std_score: 0.011814851313829422
percentiles: 2%=0.688545286655426, 5%=0.6897090077400208, 10%=0.6925542950630188, 25%=0.6962601542472839, 50%=0.7099864482879639, 75%=0.7178995609283447, 90%=0.7223784327507019, 95%=0.7242282032966614, 98%=0.7247411012649536
ranking_best_algo: PBIL
ranking_best_score: 0.7013553837109374
ranking_my_rank: 1/504 (100.0%)
ranking_my_percent: 100.0
