ConfigName: krbf__advnormalizedfitness__M4__L15__eps0p015__g0p007__ds0p15__dm0p3
Problem: QUBO
Kernel: rbf
Advantage: normalizedfitness
M: 4
lambda: 15
epsilon_svgd: 0.015
gamma: 0.007
decay_start_ratio: 0.15
decay_min_factor: 0.3
bandwith_kernel: None
no_interact: False
avg_score: -340.2799987792969
median_score: -340.5
std_score: 42.45752716064453
percentiles: 2%=-427.0, 5%=-416.1499938964844, 10%=-395.0, 25%=-370.5, 50%=-340.5, 75%=-308.0, 90%=-284.6000061035156, 95%=-275.70001220703125, 98%=-258.0
ranking_best_algo: Tabu
ranking_best_score: 588.7199999999999
ranking_my_rank: 354/503 (29.8%)
ranking_my_percent: 29.821073558648113
