ConfigName: kjsd__advperagentrankweighted__M4__L8__eps0p006__g0p0005__ds0p05__dm0p05
Problem: QUBO
Kernel: jsd
Advantage: peragentrankweighted
M: 4
lambda: 8
epsilon_svgd: 0.006
gamma: 0.0005
decay_start_ratio: 0.05
decay_min_factor: 0.05
bandwith_kernel: None
no_interact: False
avg_score: -1638.6199951171875
median_score: -1636.5
std_score: 58.26899337768555
percentiles: 2%=-1745.0, 5%=-1726.4000244140625, 10%=-1716.0999755859375, 25%=-1680.75, 50%=-1636.5, 75%=-1602.5, 90%=-1560.5999755859375, 95%=-1536.9000244140625, 98%=-1520.93994140625
ranking_best_algo: NLOPT_LN_PRAXIS
ranking_best_score: 1607.12
ranking_my_rank: 1/504 (100.0%)
ranking_my_percent: 100.0
