ConfigName: kjsd__advperagentrankweighted__M3__L16__eps0p01__g0p0005__ds0p05__dm0p1
Problem: QUBO
Kernel: jsd
Advantage: peragentrankweighted
M: 3
lambda: 16
epsilon_svgd: 0.01
gamma: 0.0005
decay_start_ratio: 0.05
decay_min_factor: 0.1
bandwith_kernel: None
no_interact: False
avg_score: -3274.739990234375
median_score: -3273.5
std_score: 109.84158325195312
percentiles: 2%=-3494.080078125, 5%=-3438.0, 10%=-3406.699951171875, 25%=-3353.5, 50%=-3273.5, 75%=-3190.75, 90%=-3137.0, 95%=-3111.199951171875, 98%=-3061.719970703125
ranking_best_algo: RLSOnePlusOne
ranking_best_score: 3316.5199999999995
ranking_my_rank: 12/504 (97.8%)
ranking_my_percent: 97.81746031746032
