ConfigName: kjsd__advperagentrankweighted__M4__L20__eps0p005__g0p0005__ds0p1__dm0p05
Problem: NK
Kernel: jsd
Advantage: peragentrankweighted
M: 4
lambda: 20
epsilon_svgd: 0.005
gamma: 0.0005
decay_start_ratio: 0.1
decay_min_factor: 0.05
bandwith_kernel: None
no_interact: False
avg_score: 0.7589402794837952
median_score: 0.7574580907821655
std_score: 0.01114494726061821
percentiles: 2%=0.739834189414978, 5%=0.7431771755218506, 10%=0.7453499436378479, 25%=0.750478982925415, 50%=0.7574580907821655, 75%=0.7691092491149902, 90%=0.7753921151161194, 95%=0.7760939598083496, 98%=0.7783685326576233
ranking_best_algo: Tabu
ranking_best_score: 0.7470791764843752
ranking_my_rank: 1/504 (100.0%)
ranking_my_percent: 100.0
