ConfigName: krbf__advnormalizedfitness__M4__L12__eps0p033__g0p015__ds0p01__dm0p3
Problem: QUBO
Kernel: rbf
Advantage: normalizedfitness
M: 4
lambda: 12
epsilon_svgd: 0.033
gamma: 0.015
decay_start_ratio: 0.01
decay_min_factor: 0.3
bandwith_kernel: None
no_interact: False
avg_score: -397.17999267578125
median_score: -395.0
std_score: 32.04508972167969
percentiles: 2%=-449.239990234375, 5%=-447.04998779296875, 10%=-439.1000061035156, 25%=-425.0, 50%=-395.0, 75%=-371.75, 90%=-357.79998779296875, 95%=-350.0, 98%=-333.8799743652344
ranking_best_algo: CMApara
ranking_best_score: 453.82
ranking_my_rank: 268/504 (47.0%)
ranking_my_percent: 47.023809523809526
