ConfigName: kjsd__advperagentrankweighted__M3__L30__eps0p007__g0p001__ds0p2__dm0p2
Problem: QUBO
Kernel: jsd
Advantage: peragentrankweighted
M: 3
lambda: 30
epsilon_svgd: 0.007
gamma: 0.001
decay_start_ratio: 0.2
decay_min_factor: 0.2
bandwith_kernel: None
no_interact: False
avg_score: -2483.139892578125
median_score: -2488.5
std_score: 132.58001708984375
percentiles: 2%=-2761.320068359375, 5%=-2695.35009765625, 10%=-2653.10009765625, 25%=-2564.0, 50%=-2488.5, 75%=-2403.0, 90%=-2298.800048828125, 95%=-2247.949951171875, 98%=-2223.760009765625
ranking_best_algo: SVM1MetaModelLogNormal
ranking_best_score: 2605.14
ranking_my_rank: 72/504 (85.9%)
ranking_my_percent: 85.91269841269842
