ConfigName: kfr__advglobalrankweighted__M4__L24__eps0p03__g0p007__ds0p01__dm0p01
Problem: NK
Kernel: fr
Advantage: globalrankweighted
M: 4
lambda: 24
epsilon_svgd: 0.03
gamma: 0.007
decay_start_ratio: 0.01
decay_min_factor: 0.01
bandwith_kernel: None
no_interact: False
avg_score: 0.7544973492622375
median_score: 0.754282534122467
std_score: 0.013292830437421799
percentiles: 2%=0.7280593514442444, 5%=0.7327567338943481, 10%=0.7376035451889038, 25%=0.744942843914032, 50%=0.754282534122467, 75%=0.7650649547576904, 90%=0.7701178789138794, 95%=0.7730666399002075, 98%=0.7783153653144836
ranking_best_algo: Tabu
ranking_best_score: 0.7470791764843752
ranking_my_rank: 1/504 (100.0%)
ranking_my_percent: 100.0
