ConfigName: kjsd__advperagentrankweighted__M3__L18__eps0p007__g0p003__ds0p05__dm0p05
Problem: QUBO
Kernel: jsd
Advantage: peragentrankweighted
M: 3
lambda: 18
epsilon_svgd: 0.007
gamma: 0.003
decay_start_ratio: 0.05
decay_min_factor: 0.05
bandwith_kernel: None
no_interact: False
avg_score: -1187.3800048828125
median_score: -1182.0
std_score: 65.04487609863281
percentiles: 2%=-1339.239990234375, 5%=-1299.5, 10%=-1269.0, 25%=-1236.25, 50%=-1182.0, 75%=-1138.0, 90%=-1116.5, 95%=-1091.9000244140625, 98%=-1073.8599853515625
ranking_best_algo: Tabu
ranking_best_score: 1216.16
ranking_my_rank: 64/504 (87.5%)
ranking_my_percent: 87.5
