ConfigName: kjsd__advperagentrankweighted__M3__L18__eps0p007__g0p001__ds0p05__dm0p1
Problem: QUBO
Kernel: jsd
Advantage: peragentrankweighted
M: 3
lambda: 18
epsilon_svgd: 0.007
gamma: 0.001
decay_start_ratio: 0.05
decay_min_factor: 0.1
bandwith_kernel: None
no_interact: False
avg_score: -201.9199981689453
median_score: -204.0
std_score: 11.946280479431152
percentiles: 2%=-224.0, 5%=-222.0, 10%=-219.0, 25%=-209.0, 50%=-204.0, 75%=-191.0, 90%=-185.89999389648438, 95%=-182.9499969482422, 98%=-180.97999572753906
ranking_best_algo: Tabu
ranking_best_score: 208.36000000000004
ranking_my_rank: 38/504 (92.7%)
ranking_my_percent: 92.65873015873017
