ConfigName: kjsd__advperagentrankweighted__M15__L8__eps0p005__g0p0005__ds0p05__dm0p05
Problem: QUBO
Kernel: jsd
Advantage: peragentrankweighted
M: 15
lambda: 8
epsilon_svgd: 0.005
gamma: 0.0005
decay_start_ratio: 0.05
decay_min_factor: 0.05
bandwith_kernel: None
no_interact: False
avg_score: -413.1199951171875
median_score: -414.0
std_score: 25.892576217651367
percentiles: 2%=-477.0, 5%=-457.1000061035156, 10%=-446.1000061035156, 25%=-428.0, 50%=-414.0, 75%=-394.0, 90%=-379.6000061035156, 95%=-368.0, 98%=-361.9599914550781
ranking_best_algo: Tabu
ranking_best_score: 438.12
ranking_my_rank: 59/504 (88.5%)
ranking_my_percent: 88.4920634920635
