ConfigName: krbf__advnormalizedfitness__M4__L10__eps0p025__g0p007__ds0p01__dm0p3
Problem: QUBO
Kernel: rbf
Advantage: normalizedfitness
M: 4
lambda: 10
epsilon_svgd: 0.025
gamma: 0.007
decay_start_ratio: 0.01
decay_min_factor: 0.3
bandwith_kernel: None
no_interact: False
avg_score: -203.10000610351562
median_score: -204.0
std_score: 11.823282241821289
percentiles: 2%=-224.0, 5%=-221.0500030517578, 10%=-218.10000610351562, 25%=-211.0, 50%=-204.0, 75%=-196.75, 90%=-185.0, 95%=-179.90000915527344, 98%=-177.97999572753906
ranking_best_algo: Tabu
ranking_best_score: 208.36000000000004
ranking_my_rank: 25/504 (95.2%)
ranking_my_percent: 95.23809523809524
