ConfigName: krbf__advnormalizedfitness__M3__L12__eps0p025__g0p007__ds0p01__dm0p3
Problem: QUBO
Kernel: rbf
Advantage: normalizedfitness
M: 3
lambda: 12
epsilon_svgd: 0.025
gamma: 0.007
decay_start_ratio: 0.01
decay_min_factor: 0.3
bandwith_kernel: None
no_interact: False
avg_score: -440.94000244140625
median_score: -444.0
std_score: 25.404653549194336
percentiles: 2%=-485.0199890136719, 5%=-480.04998779296875, 10%=-472.0, 25%=-459.25, 50%=-444.0, 75%=-418.75, 90%=-407.70001220703125, 95%=-401.95001220703125, 98%=-383.97998046875
ranking_best_algo: CMApara
ranking_best_score: 453.82
ranking_my_rank: 12/504 (97.8%)
ranking_my_percent: 97.81746031746032
