ConfigName: krbf__advnormalizedfitness__M2__L8__eps0p025__g0p015__ds0p01__dm0p01
Problem: QUBO
Kernel: rbf
Advantage: normalizedfitness
M: 2
lambda: 8
epsilon_svgd: 0.025
gamma: 0.015
decay_start_ratio: 0.01
decay_min_factor: 0.01
bandwith_kernel: None
no_interact: False
avg_score: -425.9800109863281
median_score: -425.5
std_score: 26.994064331054688
percentiles: 2%=-477.0799865722656, 5%=-473.0, 10%=-457.0, 25%=-445.0, 50%=-425.5, 75%=-410.5, 90%=-390.0, 95%=-383.6499938964844, 98%=-366.8599853515625
ranking_best_algo: CMAL3
ranking_best_score: 435.36
ranking_my_rank: 23/504 (95.6%)
ranking_my_percent: 95.63492063492063
