ConfigName: kjsd__advperagentrankweighted__M3__L20__eps0p005__g0p001__ds0p05__dm0p1
Problem: NK
Kernel: jsd
Advantage: peragentrankweighted
M: 3
lambda: 20
epsilon_svgd: 0.005
gamma: 0.001
decay_start_ratio: 0.05
decay_min_factor: 0.1
bandwith_kernel: None
no_interact: False
avg_score: 0.7346218824386597
median_score: 0.7344790697097778
std_score: 0.01157732680439949
percentiles: 2%=0.7111712694168091, 5%=0.7139266729354858, 10%=0.7174268960952759, 25%=0.728213369846344, 50%=0.7344790697097778, 75%=0.7427457571029663, 90%=0.74847012758255, 95%=0.7546114325523376, 98%=0.7549148201942444
ranking_best_algo: Tabu
ranking_best_score: 0.7429702712499999
ranking_my_rank: 2/504 (99.8%)
ranking_my_percent: 99.8015873015873
