ConfigName: kjsd__advperagentrankweighted__M3__L20__eps0p007__g0p0007__ds0p1__dm0p1
Problem: NK
Kernel: jsd
Advantage: peragentrankweighted
M: 3
lambda: 20
epsilon_svgd: 0.007
gamma: 0.0007
decay_start_ratio: 0.1
decay_min_factor: 0.1
bandwith_kernel: None
no_interact: False
avg_score: 0.7348877787590027
median_score: 0.7367753982543945
std_score: 0.008643124252557755
percentiles: 2%=0.7157194018363953, 5%=0.7178871035575867, 10%=0.7217519283294678, 25%=0.7291741371154785, 50%=0.7367753982543945, 75%=0.7416059970855713, 90%=0.7446920275688171, 95%=0.7466512322425842, 98%=0.7473211288452148
ranking_best_algo: PBIL
ranking_best_score: 0.7248786399609374
ranking_my_rank: 1/504 (100.0%)
ranking_my_percent: 100.0
