ConfigName: kjsd__advperagentrankweighted__M4__L12__eps0p03__g0p0005__ds0p2__dm0p05
Problem: QUBO
Kernel: jsd
Advantage: peragentrankweighted
M: 4
lambda: 12
epsilon_svgd: 0.03
gamma: 0.0005
decay_start_ratio: 0.2
decay_min_factor: 0.05
bandwith_kernel: None
no_interact: False
avg_score: -1216.5999755859375
median_score: -1218.5
std_score: 61.13117599487305
percentiles: 2%=-1345.1400146484375, 5%=-1311.4000244140625, 10%=-1302.0999755859375, 25%=-1257.0, 50%=-1218.5, 75%=-1169.0, 90%=-1135.0, 95%=-1114.949951171875, 98%=-1112.9200439453125
ranking_best_algo: SVMMetaModelLogNormal
ranking_best_score: 1233.7999999999997
ranking_my_rank: 40/504 (92.3%)
ranking_my_percent: 92.26190476190476
