ConfigName: krbf__advnormalizedfitness__M4__L12__eps0p033__g0p005__ds0p15__dm0p01
Problem: QUBO
Kernel: rbf
Advantage: normalizedfitness
M: 4
lambda: 12
epsilon_svgd: 0.033
gamma: 0.005
decay_start_ratio: 0.15
decay_min_factor: 0.01
bandwith_kernel: None
no_interact: False
avg_score: -573.6400146484375
median_score: -569.5
std_score: 26.639638900756836
percentiles: 2%=-629.0599975585938, 5%=-619.2999877929688, 10%=-607.2000122070312, 25%=-592.25, 50%=-569.5, 75%=-554.75, 90%=-544.0, 95%=-538.5000610351562, 98%=-527.679931640625
ranking_best_algo: Tabu
ranking_best_score: 588.7199999999999
ranking_my_rank: 61/503 (88.1%)
ranking_my_percent: 88.07157057654075
