ConfigName: krbf__advnormalizedfitness__M3__L8__eps0p015__g0p005__ds0p3__dm0p3
Problem: NK
Kernel: rbf
Advantage: normalizedfitness
M: 3
lambda: 8
epsilon_svgd: 0.015
gamma: 0.005
decay_start_ratio: 0.3
decay_min_factor: 0.3
bandwith_kernel: None
no_interact: False
avg_score: 0.7103814482688904
median_score: 0.7114137411117554
std_score: 0.015357564203441143
percentiles: 2%=0.6716034412384033, 5%=0.671898365020752, 10%=0.6962656378746033, 25%=0.7071797251701355, 50%=0.7114137411117554, 75%=0.7191689014434814, 90%=0.7254820466041565, 95%=0.7327702045440674, 98%=0.7332695126533508
ranking_best_algo: CMApara
ranking_best_score: 0.707475975
ranking_my_rank: 1/504 (100.0%)
ranking_my_percent: 100.0
