ConfigName: krbf__advnormalizedfitness__M1__L8__eps0p033__g0p01__ds0p15__dm0p01
Problem: NK
Kernel: rbf
Advantage: normalizedfitness
M: 1
lambda: 8
epsilon_svgd: 0.033
gamma: 0.01
decay_start_ratio: 0.15
decay_min_factor: 0.01
bandwith_kernel: None
no_interact: False
avg_score: 0.7221361398696899
median_score: 0.7240771055221558
std_score: 0.01642557792365551
percentiles: 2%=0.6880074739456177, 5%=0.6931153535842896, 10%=0.700178861618042, 25%=0.712515115737915, 50%=0.7240771055221558, 75%=0.7334161996841431, 90%=0.7433077096939087, 95%=0.7471264600753784, 98%=0.7515409588813782
ranking_best_algo: Tabu
ranking_best_score: 0.7601875690625
ranking_my_rank: 129/504 (74.6%)
ranking_my_percent: 74.60317460317461
