ConfigName: krbf__advnormalizedfitness__M3__L15__eps0p015__g0p005__ds0p3__dm0p3
Problem: QUBO
Kernel: rbf
Advantage: normalizedfitness
M: 3
lambda: 15
epsilon_svgd: 0.015
gamma: 0.005
decay_start_ratio: 0.3
decay_min_factor: 0.3
bandwith_kernel: None
no_interact: False
avg_score: -200.17999267578125
median_score: -199.0
std_score: 11.555414199829102
percentiles: 2%=-224.0, 5%=-222.10000610351562, 10%=-215.10000610351562, 25%=-207.5, 50%=-199.0, 75%=-192.75, 90%=-185.8000030517578, 95%=-180.95001220703125, 98%=-177.97999572753906
ranking_best_algo: Tabu
ranking_best_score: 208.36000000000004
ranking_my_rank: 52/504 (89.9%)
ranking_my_percent: 89.88095238095238
