ConfigName: kjsd__advperagentrankweighted__M5__L8__eps0p01__g0p0005__ds0p2__dm0p2
Problem: QUBO
Kernel: jsd
Advantage: peragentrankweighted
M: 5
lambda: 8
epsilon_svgd: 0.01
gamma: 0.0005
decay_start_ratio: 0.2
decay_min_factor: 0.2
bandwith_kernel: None
no_interact: False
avg_score: -2639.6201171875
median_score: -2625.5
std_score: 107.35723114013672
percentiles: 2%=-2853.43994140625, 5%=-2837.199951171875, 10%=-2786.10009765625, 25%=-2709.5, 50%=-2625.5, 75%=-2571.75, 90%=-2519.60009765625, 95%=-2459.300048828125, 98%=-2437.800048828125
ranking_best_algo: DiscreteLengler2OnePlusOne
ranking_best_score: 2617.04
ranking_my_rank: 1/504 (100.0%)
ranking_my_percent: 100.0
