ConfigName: kjsd__advperagentrankweighted__M4__L24__eps0p03__g0p0003__ds0p05__dm0p05
Problem: NK
Kernel: jsd
Advantage: peragentrankweighted
M: 4
lambda: 24
epsilon_svgd: 0.03
gamma: 0.0003
decay_start_ratio: 0.05
decay_min_factor: 0.05
bandwith_kernel: None
no_interact: False
avg_score: 0.7071130871772766
median_score: 0.7087841629981995
std_score: 0.015275620855391026
percentiles: 2%=0.6693316698074341, 5%=0.6707139015197754, 10%=0.6848403215408325, 25%=0.7021217346191406, 50%=0.7087841629981995, 75%=0.7151755094528198, 90%=0.725159227848053, 95%=0.7299878597259521, 98%=0.7316747903823853
ranking_best_algo: CMApara
ranking_best_score: 0.707475975
ranking_my_rank: 2/504 (99.8%)
ranking_my_percent: 99.8015873015873
