ConfigName: krbf__advnormalizedfitness__M1__L8__eps0p015__g0p005__ds0p01__dm0p3
Problem: QUBO
Kernel: rbf
Advantage: normalizedfitness
M: 1
lambda: 8
epsilon_svgd: 0.015
gamma: 0.005
decay_start_ratio: 0.01
decay_min_factor: 0.3
bandwith_kernel: None
no_interact: False
avg_score: -133.32000732421875
median_score: -135.0
std_score: 13.348318099975586
percentiles: 2%=-154.0800018310547, 5%=-152.0, 10%=-149.0, 25%=-144.0, 50%=-135.0, 75%=-124.75, 90%=-114.0, 95%=-110.85001373291016, 98%=-106.93998718261719
ranking_best_algo: DiscreteDE
ranking_best_score: 143.4
ranking_my_rank: 313/504 (38.1%)
ranking_my_percent: 38.095238095238095
