ConfigName: kjsd__advperagentrankweighted__M6__L28__eps0p008__g0p0005__ds0p05__dm0p05
Problem: QUBO
Kernel: jsd
Advantage: peragentrankweighted
M: 6
lambda: 28
epsilon_svgd: 0.008
gamma: 0.0005
decay_start_ratio: 0.05
decay_min_factor: 0.05
bandwith_kernel: None
no_interact: False
avg_score: -1558.219970703125
median_score: -1557.5
std_score: 82.24409484863281
percentiles: 2%=-1717.0999755859375, 5%=-1695.300048828125, 10%=-1666.300048828125, 25%=-1618.25, 50%=-1557.5, 75%=-1511.0, 90%=-1432.5999755859375, 95%=-1417.6500244140625, 98%=-1402.9200439453125
ranking_best_algo: NLOPT_LN_PRAXIS
ranking_best_score: 1607.12
ranking_my_rank: 49/504 (90.5%)
ranking_my_percent: 90.47619047619048
