ConfigName: kjsd__advperagentrankweighted__M3__L16__eps0p007__g0p0007__ds0p1__dm0p05
Problem: NK
Kernel: jsd
Advantage: peragentrankweighted
M: 3
lambda: 16
epsilon_svgd: 0.007
gamma: 0.0007
decay_start_ratio: 0.1
decay_min_factor: 0.05
bandwith_kernel: None
no_interact: False
avg_score: 0.752613365650177
median_score: 0.7521273493766785
std_score: 0.012753945775330067
percentiles: 2%=0.7271448969841003, 5%=0.73240065574646, 10%=0.7370113730430603, 25%=0.7447214126586914, 50%=0.7521273493766785, 75%=0.759824275970459, 90%=0.7709851861000061, 95%=0.773832380771637, 98%=0.7770471572875977
ranking_best_algo: Tabu
ranking_best_score: 0.7470791764843752
ranking_my_rank: 1/504 (100.0%)
ranking_my_percent: 100.0
