ConfigName: krbf__advnormalizedfitness__M3__L10__eps0p033__g0p007__ds0p15__dm0p01
Problem: NK
Kernel: rbf
Advantage: normalizedfitness
M: 3
lambda: 10
epsilon_svgd: 0.033
gamma: 0.007
decay_start_ratio: 0.15
decay_min_factor: 0.01
bandwith_kernel: None
no_interact: False
avg_score: 0.7464024424552917
median_score: 0.74726402759552
std_score: 0.010726760141551495
percentiles: 2%=0.7211952209472656, 5%=0.7275028824806213, 10%=0.7318438291549683, 25%=0.7393876314163208, 50%=0.74726402759552, 75%=0.7537065744400024, 90%=0.758682370185852, 95%=0.7636455297470093, 98%=0.765601396560669
ranking_best_algo: PBIL
ranking_best_score: 0.733570253046875
ranking_my_rank: 1/504 (100.0%)
ranking_my_percent: 100.0
