ConfigName: kjsd__advperagentrankweighted__M3__L18__eps0p007__g0p0007__ds0p2__dm0p05
Problem: NK
Kernel: jsd
Advantage: peragentrankweighted
M: 3
lambda: 18
epsilon_svgd: 0.007
gamma: 0.0007
decay_start_ratio: 0.2
decay_min_factor: 0.05
bandwith_kernel: None
no_interact: False
avg_score: 0.7112067341804504
median_score: 0.6974745988845825
std_score: 0.0317961759865284
percentiles: 2%=0.6734704971313477, 5%=0.6743782162666321, 10%=0.6782187223434448, 25%=0.6820790767669678, 50%=0.6974745988845825, 75%=0.7474179267883301, 90%=0.7530527710914612, 95%=0.7613165378570557, 98%=0.7613165378570557
ranking_best_algo: CMApara
ranking_best_score: 0.7118996098437498
ranking_my_rank: 3/504 (99.6%)
ranking_my_percent: 99.60317460317461
