ConfigName: krbf__advnormalizedfitness__M4__L15__eps0p015__g0p015__ds0p15__dm0p3
Problem: NK
Kernel: rbf
Advantage: normalizedfitness
M: 4
lambda: 15
epsilon_svgd: 0.015
gamma: 0.015
decay_start_ratio: 0.15
decay_min_factor: 0.3
bandwith_kernel: None
no_interact: False
avg_score: 0.6387121677398682
median_score: 0.6377983093261719
std_score: 0.009309072047472
percentiles: 2%=0.6230353713035583, 5%=0.6251378059387207, 10%=0.6266643404960632, 25%=0.632360577583313, 50%=0.6377983093261719, 75%=0.6451585292816162, 90%=0.6504712104797363, 95%=0.6549500823020935, 98%=0.6604349613189697
ranking_best_algo: Tabu
ranking_best_score: 0.7601875690625
ranking_my_rank: 400/504 (20.8%)
ranking_my_percent: 20.833333333333332
