ConfigName: kjsd__advperagentrankweighted__M4__L24__eps0p03__g0p0007__ds0p2__dm0p05
Problem: QUBO
Kernel: jsd
Advantage: peragentrankweighted
M: 4
lambda: 24
epsilon_svgd: 0.03
gamma: 0.0007
decay_start_ratio: 0.2
decay_min_factor: 0.05
bandwith_kernel: None
no_interact: False
avg_score: -307.9800109863281
median_score: -306.0
std_score: 39.64592742919922
percentiles: 2%=-396.0, 5%=-380.1000061035156, 10%=-359.3999938964844, 25%=-336.0, 50%=-306.0, 75%=-272.0, 90%=-264.79998779296875, 95%=-257.95001220703125, 98%=-255.8800048828125
ranking_best_algo: CMApara
ranking_best_score: 319.29999999999995
ranking_my_rank: 91/504 (82.1%)
ranking_my_percent: 82.14285714285714
