ConfigName: krbf__advnormalizedfitness__M3__L12__eps0p033__g0p01__ds0p3__dm0p3
Problem: QUBO
Kernel: rbf
Advantage: normalizedfitness
M: 3
lambda: 12
epsilon_svgd: 0.033
gamma: 0.01
decay_start_ratio: 0.3
decay_min_factor: 0.3
bandwith_kernel: None
no_interact: False
avg_score: -926.2999877929688
median_score: -920.0
std_score: 64.18948364257812
percentiles: 2%=-1054.1600341796875, 5%=-1038.1500244140625, 10%=-1019.2999877929688, 25%=-971.25, 50%=-920.0, 75%=-881.0, 90%=-852.5999755859375, 95%=-830.9000244140625, 98%=-802.8999633789062
ranking_best_algo: CMApara
ranking_best_score: 964.9
ranking_my_rank: 21/504 (96.0%)
ranking_my_percent: 96.03174603174604
