ConfigName: kjsd__advperagentrankweighted__M3__L20__eps0p007__g0p001__ds0p2__dm0p05
Problem: QUBO
Kernel: jsd
Advantage: peragentrankweighted
M: 3
lambda: 20
epsilon_svgd: 0.007
gamma: 0.001
decay_start_ratio: 0.2
decay_min_factor: 0.05
bandwith_kernel: None
no_interact: False
avg_score: -148.6199951171875
median_score: -146.0
std_score: 13.4927978515625
percentiles: 2%=-179.0, 5%=-179.0, 10%=-160.39999389648438, 25%=-156.25, 50%=-146.0, 75%=-139.75, 90%=-132.8000030517578, 95%=-131.0, 98%=-125.95999908447266
ranking_best_algo: CMApara
ranking_best_score: 154.28
ranking_my_rank: 83/504 (83.7%)
ranking_my_percent: 83.73015873015873
