ConfigName: kjsd__advperagentrankweighted__M3__L30__eps0p007__g0p001__ds0p1__dm0p05
Problem: QUBO
Kernel: jsd
Advantage: peragentrankweighted
M: 3
lambda: 30
epsilon_svgd: 0.007
gamma: 0.001
decay_start_ratio: 0.1
decay_min_factor: 0.05
bandwith_kernel: None
no_interact: False
avg_score: -915.219970703125
median_score: -918.0
std_score: 60.60372543334961
percentiles: 2%=-1028.1600341796875, 5%=-1003.6500244140625, 10%=-996.0999755859375, 25%=-958.75, 50%=-918.0, 75%=-865.25, 90%=-834.5999755859375, 95%=-817.75, 98%=-805.8599853515625
ranking_best_algo: CMAL3
ranking_best_score: 928.5800000000002
ranking_my_rank: 17/504 (96.8%)
ranking_my_percent: 96.82539682539682
