ConfigName: kjsd__advperagentrankweighted__M4__L30__eps0p01__g0p0003__ds0p05__dm0p05
Problem: QUBO
Kernel: jsd
Advantage: peragentrankweighted
M: 4
lambda: 30
epsilon_svgd: 0.01
gamma: 0.0003
decay_start_ratio: 0.05
decay_min_factor: 0.05
bandwith_kernel: None
no_interact: False
avg_score: -329.4800109863281
median_score: -334.0
std_score: 23.38054084777832
percentiles: 2%=-372.0, 5%=-372.0, 10%=-354.29998779296875, 25%=-343.0, 50%=-334.0, 75%=-317.5, 90%=-298.8999938964844, 95%=-286.6499938964844, 98%=-273.9200134277344
ranking_best_algo: CMApara
ranking_best_score: 344.22
ranking_my_rank: 81/504 (84.1%)
ranking_my_percent: 84.12698412698413
