ConfigName: kjsd__advperagentrankweighted__M4__L8__eps0p005__g0p0007__ds0p05__dm0p05
Problem: QUBO
Kernel: jsd
Advantage: peragentrankweighted
M: 4
lambda: 8
epsilon_svgd: 0.005
gamma: 0.0007
decay_start_ratio: 0.05
decay_min_factor: 0.05
bandwith_kernel: None
no_interact: False
avg_score: -582.4400024414062
median_score: -585.0
std_score: 26.9600887298584
percentiles: 2%=-635.0, 5%=-629.0, 10%=-618.2999877929688, 25%=-600.25, 50%=-585.0, 75%=-562.0, 90%=-552.7000122070312, 95%=-540.75, 98%=-529.97998046875
ranking_best_algo: Tabu
ranking_best_score: 588.7199999999999
ranking_my_rank: 9/503 (98.4%)
ranking_my_percent: 98.40954274353876
