ConfigName: kjsd__advperagentrankweighted__M3__L16__eps0p01__g0p003__ds0p1__dm0p2
Problem: QUBO
Kernel: jsd
Advantage: peragentrankweighted
M: 3
lambda: 16
epsilon_svgd: 0.01
gamma: 0.003
decay_start_ratio: 0.1
decay_min_factor: 0.2
bandwith_kernel: None
no_interact: False
avg_score: -3169.919921875
median_score: -3172.0
std_score: 152.94781494140625
percentiles: 2%=-3486.360107421875, 5%=-3446.050048828125, 10%=-3366.0, 25%=-3260.25, 50%=-3172.0, 75%=-3062.5, 90%=-2990.800048828125, 95%=-2920.949951171875, 98%=-2894.9599609375
ranking_best_algo: RLSOnePlusOne
ranking_best_score: 3316.5199999999995
ranking_my_rank: 60/504 (88.3%)
ranking_my_percent: 88.2936507936508
