ConfigName: krbf__advnormalizedfitness__M4__L10__eps0p015__g0p015__ds0p01__dm0p01
Problem: NK
Kernel: rbf
Advantage: normalizedfitness
M: 4
lambda: 10
epsilon_svgd: 0.015
gamma: 0.015
decay_start_ratio: 0.01
decay_min_factor: 0.01
bandwith_kernel: None
no_interact: False
avg_score: 0.6514559388160706
median_score: 0.6501622200012207
std_score: 0.01315685547888279
percentiles: 2%=0.6239453554153442, 5%=0.6318421959877014, 10%=0.6351585388183594, 25%=0.6422930955886841, 50%=0.6501622200012207, 75%=0.6594353914260864, 90%=0.6704555153846741, 95%=0.674657940864563, 98%=0.6777192950248718
ranking_best_algo: PBIL
ranking_best_score: 0.733570253046875
ranking_my_rank: 299/504 (40.9%)
ranking_my_percent: 40.87301587301587
