ConfigName: kjsd__advperagentrankweighted__M3__L16__eps0p005__g0p001__ds0p05__dm0p1
Problem: QUBO
Kernel: jsd
Advantage: peragentrankweighted
M: 3
lambda: 16
epsilon_svgd: 0.005
gamma: 0.001
decay_start_ratio: 0.05
decay_min_factor: 0.1
bandwith_kernel: None
no_interact: False
avg_score: -327.1400146484375
median_score: -326.5
std_score: 23.07250213623047
percentiles: 2%=-372.0, 5%=-354.8999938964844, 10%=-354.0, 25%=-343.0, 50%=-326.5, 75%=-314.0, 90%=-293.8999938964844, 95%=-289.79998779296875, 98%=-279.9200134277344
ranking_best_algo: CMApara
ranking_best_score: 344.22
ranking_my_rank: 111/504 (78.2%)
ranking_my_percent: 78.17460317460318
