ConfigName: kjsd__advperagentrankweighted__M3__L18__eps0p007__g0p001__ds0p1__dm0p1
Problem: QUBO
Kernel: jsd
Advantage: peragentrankweighted
M: 3
lambda: 18
epsilon_svgd: 0.007
gamma: 0.001
decay_start_ratio: 0.1
decay_min_factor: 0.1
bandwith_kernel: None
no_interact: False
avg_score: -198.89999389648438
median_score: -201.0
std_score: 13.051820755004883
percentiles: 2%=-224.0, 5%=-221.0500030517578, 10%=-214.10000610351562, 25%=-209.0, 50%=-201.0, 75%=-189.0, 90%=-181.0, 95%=-176.0, 98%=-173.0
ranking_best_algo: Tabu
ranking_best_score: 208.36000000000004
ranking_my_rank: 89/504 (82.5%)
ranking_my_percent: 82.53968253968254
