ConfigName: kjsd__advperagentrankweighted__M3__L18__eps0p007__g0p003__ds0p05__dm0p1
Problem: QUBO
Kernel: jsd
Advantage: peragentrankweighted
M: 3
lambda: 18
epsilon_svgd: 0.007
gamma: 0.003
decay_start_ratio: 0.05
decay_min_factor: 0.1
bandwith_kernel: None
no_interact: False
avg_score: -138.13999938964844
median_score: -138.0
std_score: 11.905477523803711
percentiles: 2%=-158.0399932861328, 5%=-157.0500030517578, 10%=-156.0, 25%=-147.0, 50%=-138.0, 75%=-130.0, 90%=-124.80000305175781, 95%=-116.9000015258789, 98%=-113.9800033569336
ranking_best_algo: DiscreteDE
ranking_best_score: 143.4
ranking_my_rank: 115/504 (77.4%)
ranking_my_percent: 77.38095238095238
