ConfigName: krbf__advnormalizedfitness__M1__L8__eps0p033__g0p007__ds0p3__dm0p01
Problem: QUBO
Kernel: rbf
Advantage: normalizedfitness
M: 1
lambda: 8
epsilon_svgd: 0.033
gamma: 0.007
decay_start_ratio: 0.3
decay_min_factor: 0.01
bandwith_kernel: None
no_interact: False
avg_score: -187.44000244140625
median_score: -188.0
std_score: 22.8159236907959
percentiles: 2%=-224.0, 5%=-222.0, 10%=-209.1999969482422, 25%=-197.5, 50%=-188.0, 75%=-177.0, 90%=-170.0, 95%=-165.90000915527344, 98%=-150.85997009277344
ranking_best_algo: Tabu
ranking_best_score: 208.36000000000004
ranking_my_rank: 250/504 (50.6%)
ranking_my_percent: 50.595238095238095
