ConfigName: kjsd__advperagentrankweighted__M3__L18__eps0p005__g0p003__ds0p1__dm0p2
Problem: NK
Kernel: jsd
Advantage: peragentrankweighted
M: 3
lambda: 18
epsilon_svgd: 0.005
gamma: 0.003
decay_start_ratio: 0.1
decay_min_factor: 0.2
bandwith_kernel: None
no_interact: False
avg_score: 0.7500026226043701
median_score: 0.7515482902526855
std_score: 0.014068732038140297
percentiles: 2%=0.7230839133262634, 5%=0.7271553874015808, 10%=0.7316336035728455, 25%=0.7400875091552734, 50%=0.7515482902526855, 75%=0.761492133140564, 90%=0.7668527364730835, 95%=0.7705106735229492, 98%=0.7720174789428711
ranking_best_algo: Tabu
ranking_best_score: 0.7657846284375001
ranking_my_rank: 24/504 (95.4%)
ranking_my_percent: 95.43650793650794
