ConfigName: kjsd__advperagentrankweighted__M3__L24__eps0p007__g0p0005__ds0p05__dm0p1
Problem: QUBO
Kernel: jsd
Advantage: peragentrankweighted
M: 3
lambda: 24
epsilon_svgd: 0.007
gamma: 0.0005
decay_start_ratio: 0.05
decay_min_factor: 0.1
bandwith_kernel: None
no_interact: False
avg_score: -3316.199951171875
median_score: -3311.0
std_score: 119.18407440185547
percentiles: 2%=-3573.080078125, 5%=-3512.39990234375, 10%=-3486.60009765625, 25%=-3386.25, 50%=-3311.0, 75%=-3227.0, 90%=-3169.699951171875, 95%=-3141.85009765625, 98%=-3083.89990234375
ranking_best_algo: RLSOnePlusOne
ranking_best_score: 3316.5199999999995
ranking_my_rank: 2/504 (99.8%)
ranking_my_percent: 99.8015873015873
