ConfigName: kjsd__advperagentrankweighted__M3__L24__eps0p005__g0p001__ds0p05__dm0p05
Problem: QUBO
Kernel: jsd
Advantage: peragentrankweighted
M: 3
lambda: 24
epsilon_svgd: 0.005
gamma: 0.001
decay_start_ratio: 0.05
decay_min_factor: 0.05
bandwith_kernel: None
no_interact: False
avg_score: -1616.3199462890625
median_score: -1609.5
std_score: 68.76276397705078
percentiles: 2%=-1753.1800537109375, 5%=-1731.199951171875, 10%=-1712.5999755859375, 25%=-1668.25, 50%=-1609.5, 75%=-1567.0, 90%=-1533.9000244140625, 95%=-1518.800048828125, 98%=-1494.52001953125
ranking_best_algo: NLOPT_LN_PRAXIS
ranking_best_score: 1607.12
ranking_my_rank: 1/504 (100.0%)
ranking_my_percent: 100.0
