ConfigName: kjsd__advperagentrankweighted__M3__L20__eps0p007__g0p003__ds0p2__dm0p05
Problem: QUBO
Kernel: jsd
Advantage: peragentrankweighted
M: 3
lambda: 20
epsilon_svgd: 0.007
gamma: 0.003
decay_start_ratio: 0.2
decay_min_factor: 0.05
bandwith_kernel: None
no_interact: False
avg_score: -891.8599853515625
median_score: -884.5
std_score: 63.836669921875
percentiles: 2%=-1017.3800048828125, 5%=-1009.2000122070312, 10%=-975.0999755859375, 25%=-936.75, 50%=-884.5, 75%=-854.5, 90%=-811.9000244140625, 95%=-800.5999755859375, 98%=-781.1400146484375
ranking_best_algo: CMAL3
ranking_best_score: 928.5800000000002
ranking_my_rank: 98/504 (80.8%)
ranking_my_percent: 80.75396825396825
