ConfigName: krbf__advnormalizedfitness__M3__L15__eps0p015__g0p005__ds0p15__dm0p01
Problem: NK
Kernel: rbf
Advantage: normalizedfitness
M: 3
lambda: 15
epsilon_svgd: 0.015
gamma: 0.005
decay_start_ratio: 0.15
decay_min_factor: 0.01
bandwith_kernel: None
no_interact: False
avg_score: 0.7439671158790588
median_score: 0.742251992225647
std_score: 0.02850928157567978
percentiles: 2%=0.6979572176933289, 5%=0.705764651298523, 10%=0.7085569500923157, 25%=0.7216469049453735, 50%=0.742251992225647, 75%=0.7618602514266968, 90%=0.7783300280570984, 95%=0.8044298887252808, 98%=0.8044298887252808
ranking_best_algo: CMApara
ranking_best_score: 0.7459277895312499
ranking_my_rank: 6/504 (99.0%)
ranking_my_percent: 99.0079365079365
