ConfigName: kfr__advglobalrankweighted__M6__L10__eps0p01__g0p003__ds0p01__dm0p01
Problem: QUBO
Kernel: fr
Advantage: globalrankweighted
M: 6
lambda: 10
epsilon_svgd: 0.01
gamma: 0.003
decay_start_ratio: 0.01
decay_min_factor: 0.01
bandwith_kernel: None
no_interact: False
avg_score: -417.8399963378906
median_score: -421.0
std_score: 29.611726760864258
percentiles: 2%=-477.0, 5%=-469.1000061035156, 10%=-455.1000061035156, 25%=-437.0, 50%=-421.0, 75%=-395.5, 90%=-376.8999938964844, 95%=-365.0, 98%=-353.97998046875
ranking_best_algo: CMAL3
ranking_best_score: 435.36
ranking_my_rank: 99/504 (80.6%)
ranking_my_percent: 80.55555555555556
