ConfigName: kjsd__advperagentrankweighted__M3__L16__eps0p01__g0p0005__ds0p05__dm0p05
Problem: QUBO
Kernel: jsd
Advantage: peragentrankweighted
M: 3
lambda: 16
epsilon_svgd: 0.01
gamma: 0.0005
decay_start_ratio: 0.05
decay_min_factor: 0.05
bandwith_kernel: None
no_interact: False
avg_score: -1187.3399658203125
median_score: -1186.5
std_score: 59.952186584472656
percentiles: 2%=-1329.1199951171875, 5%=-1288.4000244140625, 10%=-1269.0999755859375, 25%=-1222.0, 50%=-1186.5, 75%=-1142.0, 90%=-1116.9000244140625, 95%=-1109.75, 98%=-1080.6600341796875
ranking_best_algo: Tabu
ranking_best_score: 1216.16
ranking_my_rank: 64/504 (87.5%)
ranking_my_percent: 87.5
