ConfigName: kjsd__advperagentrankweighted__M3__L24__eps0p007__g0p0005__ds0p1__dm0p1
Problem: QUBO
Kernel: jsd
Advantage: peragentrankweighted
M: 3
lambda: 24
epsilon_svgd: 0.007
gamma: 0.0005
decay_start_ratio: 0.1
decay_min_factor: 0.1
bandwith_kernel: None
no_interact: False
avg_score: -1631.47998046875
median_score: -1637.0
std_score: 52.79194641113281
percentiles: 2%=-1728.02001953125, 5%=-1710.0999755859375, 10%=-1699.0999755859375, 25%=-1672.75, 50%=-1637.0, 75%=-1598.5, 90%=-1552.5, 95%=-1535.9000244140625, 98%=-1526.9599609375
ranking_best_algo: NLOPT_LN_PRAXIS
ranking_best_score: 1607.12
ranking_my_rank: 1/504 (100.0%)
ranking_my_percent: 100.0
