ConfigName: kjsd__advperagentrankweighted__M5__L10__eps0p02__g0p0007__ds0p2__dm0p05
Problem: QUBO
Kernel: jsd
Advantage: peragentrankweighted
M: 5
lambda: 10
epsilon_svgd: 0.02
gamma: 0.0007
decay_start_ratio: 0.2
decay_min_factor: 0.05
bandwith_kernel: None
no_interact: False
avg_score: -1308.1800537109375
median_score: -1297.5
std_score: 57.497718811035156
percentiles: 2%=-1433.0400390625, 5%=-1405.8499755859375, 10%=-1392.0, 25%=-1352.25, 50%=-1297.5, 75%=-1265.0, 90%=-1240.800048828125, 95%=-1228.800048828125, 98%=-1218.47998046875
ranking_best_algo: BigLognormalDiscreteOnePlusOne
ranking_best_score: 1301.3600000000004
ranking_my_rank: 1/504 (100.0%)
ranking_my_percent: 100.0
