ConfigName: krbf__advnormalizedfitness__M2__L8__eps0p025__g0p01__ds0p3__dm0p01
Problem: NK
Kernel: rbf
Advantage: normalizedfitness
M: 2
lambda: 8
epsilon_svgd: 0.025
gamma: 0.01
decay_start_ratio: 0.3
decay_min_factor: 0.01
bandwith_kernel: None
no_interact: False
avg_score: 0.7417949438095093
median_score: 0.7422178387641907
std_score: 0.014702114276587963
percentiles: 2%=0.7052949070930481, 5%=0.7198038101196289, 10%=0.724921464920044, 25%=0.7328382730484009, 50%=0.7422178387641907, 75%=0.7514925599098206, 90%=0.7598547339439392, 95%=0.7662897706031799, 98%=0.7714328169822693
ranking_best_algo: Tabu
ranking_best_score: 0.7601875690625
ranking_my_rank: 12/504 (97.8%)
ranking_my_percent: 97.81746031746032
