ConfigName: kjsd__advperagentrankweighted__M4__L24__eps0p01__g0p0005__ds1__dm1
Problem: NK
Kernel: jsd
Advantage: peragentrankweighted
M: 4
lambda: 24
epsilon_svgd: 0.01
gamma: 0.0005
decay_start_ratio: 1.0
decay_min_factor: 1.0
bandwith_kernel: None
no_interact: False
avg_score: 0.7407085299491882
median_score: 0.741253137588501
std_score: 0.014551381580531597
percentiles: 2%=0.7123153805732727, 5%=0.7167462706565857, 10%=0.7221916913986206, 25%=0.7316932082176208, 50%=0.741253137588501, 75%=0.7488608360290527, 90%=0.7585327625274658, 95%=0.768336296081543, 98%=0.7718173265457153
ranking_best_algo: Tabu
ranking_best_score: 0.7601875690625
ranking_my_rank: 12/504 (97.8%)
ranking_my_percent: 97.81746031746032
no_repulsion: True
