ConfigName: kfr__advglobalrankweighted__M2__L9__eps0p015__g0p005__ds0p01__dm0p01
Problem: NK
Kernel: fr
Advantage: globalrankweighted
M: 2
lambda: 9
epsilon_svgd: 0.015
gamma: 0.005
decay_start_ratio: 0.01
decay_min_factor: 0.01
bandwith_kernel: None
no_interact: False
avg_score: 0.7350521683692932
median_score: 0.7360891103744507
std_score: 0.009275677613914013
percentiles: 2%=0.715166449546814, 5%=0.717771589756012, 10%=0.7230939269065857, 25%=0.7285419702529907, 50%=0.7360891103744507, 75%=0.7414853572845459, 90%=0.7461768388748169, 95%=0.749234139919281, 98%=0.752325713634491
ranking_best_algo: PBIL
ranking_best_score: 0.730509098125
ranking_my_rank: 1/504 (100.0%)
ranking_my_percent: 100.0
