ConfigName: kjsd__advperagentrankweighted__M3__L18__eps0p007__g0p001__ds0p2__dm0p2
Problem: QUBO
Kernel: jsd
Advantage: peragentrankweighted
M: 3
lambda: 18
epsilon_svgd: 0.007
gamma: 0.001
decay_start_ratio: 0.2
decay_min_factor: 0.2
bandwith_kernel: None
no_interact: False
avg_score: -328.82000732421875
median_score: -334.0
std_score: 20.50969696044922
percentiles: 2%=-372.0, 5%=-354.1499938964844, 10%=-350.0, 25%=-342.0, 50%=-334.0, 75%=-314.0, 90%=-299.8999938964844, 95%=-294.0, 98%=-287.9599914550781
ranking_best_algo: CMApara
ranking_best_score: 344.22
ranking_my_rank: 83/504 (83.7%)
ranking_my_percent: 83.73015873015873
