ConfigName: kjsd__advperagentrankweighted__M5__L28__eps0p005__g0p0005__ds0p3__dm0p05
Problem: NK
Kernel: jsd
Advantage: peragentrankweighted
M: 5
lambda: 28
epsilon_svgd: 0.005
gamma: 0.0005
decay_start_ratio: 0.3
decay_min_factor: 0.05
bandwith_kernel: None
no_interact: False
avg_score: 0.7541703581809998
median_score: 0.7545174360275269
std_score: 0.01475679874420166
percentiles: 2%=0.7213937044143677, 5%=0.7298389673233032, 10%=0.7388013601303101, 25%=0.7449460029602051, 50%=0.7545174360275269, 75%=0.7649696469306946, 90%=0.7706454992294312, 95%=0.7776142358779907, 98%=0.7799379229545593
ranking_best_algo: Tabu
ranking_best_score: 0.7657846284375001
ranking_my_rank: 7/504 (98.8%)
ranking_my_percent: 98.80952380952381
