ConfigName: krbf__advnormalizedfitness__M3__L8__eps0p015__g0p007__ds0p01__dm0p3
Problem: QUBO
Kernel: rbf
Advantage: normalizedfitness
M: 3
lambda: 8
epsilon_svgd: 0.015
gamma: 0.007
decay_start_ratio: 0.01
decay_min_factor: 0.3
bandwith_kernel: None
no_interact: False
avg_score: -2508.340087890625
median_score: -2507.5
std_score: 157.332275390625
percentiles: 2%=-2802.1201171875, 5%=-2757.800048828125, 10%=-2705.60009765625, 25%=-2622.25, 50%=-2507.5, 75%=-2396.0, 90%=-2292.10009765625, 95%=-2268.9501953125, 98%=-2209.93994140625
ranking_best_algo: DiscreteLengler2OnePlusOne
ranking_best_score: 2617.04
ranking_my_rank: 65/504 (87.3%)
ranking_my_percent: 87.3015873015873
