ConfigName: krbf__advnormalizedfitness__M4__L12__eps0p025__g0p01__ds0p01__dm0p3
Problem: NK
Kernel: rbf
Advantage: normalizedfitness
M: 4
lambda: 12
epsilon_svgd: 0.025
gamma: 0.01
decay_start_ratio: 0.01
decay_min_factor: 0.3
bandwith_kernel: None
no_interact: False
avg_score: 0.7428304553031921
median_score: 0.7463516592979431
std_score: 0.01753300242125988
percentiles: 2%=0.7094670534133911, 5%=0.7117348313331604, 10%=0.7169674038887024, 25%=0.7309673428535461, 50%=0.7463516592979431, 75%=0.7558939456939697, 90%=0.7639856338500977, 95%=0.7659211158752441, 98%=0.7702963352203369
ranking_best_algo: Tabu
ranking_best_score: 0.7657846284375001
ranking_my_rank: 60/504 (88.3%)
ranking_my_percent: 88.2936507936508
