ConfigName: kfr__advglobalrankweighted__M1__L7__eps0p015__g0p005__ds0p01__dm0p01
Problem: QUBO
Kernel: fr
Advantage: globalrankweighted
M: 1
lambda: 7
epsilon_svgd: 0.015
gamma: 0.005
decay_start_ratio: 0.01
decay_min_factor: 0.01
bandwith_kernel: None
no_interact: False
avg_score: -139.8800048828125
median_score: -140.5
std_score: 16.339693069458008
percentiles: 2%=-179.0, 5%=-175.1999969482422, 10%=-158.1999969482422, 25%=-150.0, 50%=-140.5, 75%=-127.0, 90%=-120.0, 95%=-115.95000457763672, 98%=-113.87997436523438
ranking_best_algo: CMApara
ranking_best_score: 154.28
ranking_my_rank: 313/504 (38.1%)
ranking_my_percent: 38.095238095238095
