ConfigName: kjsd__advperagentrankweighted__M4__L24__eps0p03__g0p0005__ds0p05__dm0p05
Problem: QUBO
Kernel: jsd
Advantage: peragentrankweighted
M: 4
lambda: 24
epsilon_svgd: 0.03
gamma: 0.0005
decay_start_ratio: 0.05
decay_min_factor: 0.05
bandwith_kernel: None
no_interact: False
avg_score: -405.7200012207031
median_score: -403.0
std_score: 26.055356979370117
percentiles: 2%=-455.3599853515625, 5%=-452.1000061035156, 10%=-439.0, 25%=-425.25, 50%=-403.0, 75%=-390.0, 90%=-370.0, 95%=-364.8500061035156, 98%=-361.9200134277344
ranking_best_algo: Tabu
ranking_best_score: 438.12
ranking_my_rank: 167/504 (67.1%)
ranking_my_percent: 67.06349206349206
