ConfigName: krbf__advnormalizedfitness__M3__L8__eps0p033__g0p01__ds0p01__dm0p01
Problem: QUBO
Kernel: rbf
Advantage: normalizedfitness
M: 3
lambda: 8
epsilon_svgd: 0.033
gamma: 0.01
decay_start_ratio: 0.01
decay_min_factor: 0.01
bandwith_kernel: None
no_interact: False
avg_score: -2583.47998046875
median_score: -2569.5
std_score: 153.49583435058594
percentiles: 2%=-2873.52001953125, 5%=-2851.25, 10%=-2789.10009765625, 25%=-2708.5, 50%=-2569.5, 75%=-2477.75, 90%=-2391.89990234375, 95%=-2347.550048828125, 98%=-2322.899658203125
ranking_best_algo: DiscreteLengler2OnePlusOne
ranking_best_score: 2617.04
ranking_my_rank: 47/504 (90.9%)
ranking_my_percent: 90.87301587301587
