ConfigName: krbf__advnormalizedfitness__M2__L15__eps0p025__g0p007__ds0p15__dm0p01
Problem: QUBO
Kernel: rbf
Advantage: normalizedfitness
M: 2
lambda: 15
epsilon_svgd: 0.025
gamma: 0.007
decay_start_ratio: 0.15
decay_min_factor: 0.01
bandwith_kernel: None
no_interact: False
avg_score: -928.5800170898438
median_score: -926.5
std_score: 68.77734375
percentiles: 2%=-1072.1199951171875, 5%=-1064.300048828125, 10%=-1010.0, 25%=-979.25, 50%=-926.5, 75%=-870.75, 90%=-842.9000244140625, 95%=-825.8499755859375, 98%=-806.7000122070312
ranking_best_algo: CMApara
ranking_best_score: 964.9
ranking_my_rank: 21/504 (96.0%)
ranking_my_percent: 96.03174603174604
