ConfigName: krbf__advnormalizedfitness__M2__L8__eps0p015__g0p007__ds0p01__dm0p3
Problem: QUBO
Kernel: rbf
Advantage: normalizedfitness
M: 2
lambda: 8
epsilon_svgd: 0.015
gamma: 0.007
decay_start_ratio: 0.01
decay_min_factor: 0.3
bandwith_kernel: None
no_interact: False
avg_score: -1608.1600341796875
median_score: -1613.0
std_score: 65.01103210449219
percentiles: 2%=-1733.199951171875, 5%=-1706.199951171875, 10%=-1687.4000244140625, 25%=-1651.75, 50%=-1613.0, 75%=-1560.5, 90%=-1512.800048828125, 95%=-1505.949951171875, 98%=-1496.780029296875
ranking_best_algo: NLOPT_LN_PRAXIS
ranking_best_score: 1607.12
ranking_my_rank: 1/504 (100.0%)
ranking_my_percent: 100.0
