ConfigName: kjsd__advperagentrankweighted__M3__L16__eps0p007__g0p003__ds0p2__dm0p2
Problem: QUBO
Kernel: jsd
Advantage: peragentrankweighted
M: 3
lambda: 16
epsilon_svgd: 0.007
gamma: 0.003
decay_start_ratio: 0.2
decay_min_factor: 0.2
bandwith_kernel: None
no_interact: False
avg_score: -309.17999267578125
median_score: -312.0
std_score: 39.14495849609375
percentiles: 2%=-398.0, 5%=-388.29998779296875, 10%=-357.79998779296875, 25%=-334.0, 50%=-312.0, 75%=-276.0, 90%=-267.70001220703125, 95%=-256.95001220703125, 98%=-251.9600067138672
ranking_best_algo: CMApara
ranking_best_score: 319.29999999999995
ranking_my_rank: 81/504 (84.1%)
ranking_my_percent: 84.12698412698413
