ConfigName: kjsd__advperagentrankweighted__M5__L10__eps0p01__g0p0005__ds0p4__dm0p2
Problem: QUBO
Kernel: jsd
Advantage: peragentrankweighted
M: 5
lambda: 10
epsilon_svgd: 0.01
gamma: 0.0005
decay_start_ratio: 0.4
decay_min_factor: 0.2
bandwith_kernel: None
no_interact: False
avg_score: -1307.780029296875
median_score: -1301.0
std_score: 55.29928970336914
percentiles: 2%=-1429.260009765625, 5%=-1405.199951171875, 10%=-1389.0999755859375, 25%=-1339.5, 50%=-1301.0, 75%=-1272.5, 90%=-1240.800048828125, 95%=-1226.949951171875, 98%=-1206.8800048828125
ranking_best_algo: BigLognormalDiscreteOnePlusOne
ranking_best_score: 1301.3600000000004
ranking_my_rank: 1/504 (100.0%)
ranking_my_percent: 100.0
