ConfigName: krbf__advnormalizedfitness__M4__L15__eps0p033__g0p007__ds0p01__dm0p3
Problem: QUBO
Kernel: rbf
Advantage: normalizedfitness
M: 4
lambda: 15
epsilon_svgd: 0.033
gamma: 0.007
decay_start_ratio: 0.01
decay_min_factor: 0.3
bandwith_kernel: None
no_interact: False
avg_score: -2119.320068359375
median_score: -2105.5
std_score: 184.76715087890625
percentiles: 2%=-2509.659912109375, 5%=-2438.25, 10%=-2350.60009765625, 25%=-2228.5, 50%=-2105.5, 75%=-1990.75, 90%=-1871.7000732421875, 95%=-1845.300048828125, 98%=-1822.0
ranking_best_algo: SVM1MetaModelLogNormal
ranking_best_score: 2605.14
ranking_my_rank: 203/504 (59.9%)
ranking_my_percent: 59.92063492063492
