ConfigName: kjsd__advperagentrankweighted__M3__L18__eps0p01__g0p001__ds0p05__dm0p05
Problem: QUBO
Kernel: jsd
Advantage: peragentrankweighted
M: 3
lambda: 18
epsilon_svgd: 0.01
gamma: 0.001
decay_start_ratio: 0.05
decay_min_factor: 0.05
bandwith_kernel: None
no_interact: False
avg_score: -912.02001953125
median_score: -911.5
std_score: 67.53235626220703
percentiles: 2%=-1032.3599853515625, 5%=-1018.2000122070312, 10%=-1003.2000122070312, 25%=-964.0, 50%=-911.5, 75%=-865.5, 90%=-825.7999877929688, 95%=-808.8499755859375, 98%=-770.6400146484375
ranking_best_algo: CMAL3
ranking_best_score: 928.5800000000002
ranking_my_rank: 20/504 (96.2%)
ranking_my_percent: 96.23015873015873
