ConfigName: krbf__advnormalizedfitness__M2__L8__eps0p025__g0p005__ds0p01__dm0p01
Problem: QUBO
Kernel: rbf
Advantage: normalizedfitness
M: 2
lambda: 8
epsilon_svgd: 0.025
gamma: 0.005
decay_start_ratio: 0.01
decay_min_factor: 0.01
bandwith_kernel: None
no_interact: False
avg_score: -418.3800048828125
median_score: -419.5
std_score: 31.63503646850586
percentiles: 2%=-475.0400085449219, 5%=-471.1000061035156, 10%=-465.20001220703125, 25%=-437.0, 50%=-419.5, 75%=-396.5, 90%=-378.8999938964844, 95%=-369.8999938964844, 98%=-355.760009765625
ranking_best_algo: CMAL3
ranking_best_score: 435.36
ranking_my_rank: 96/504 (81.2%)
ranking_my_percent: 81.15079365079364
