ConfigName: kjsd__advperagentrankweighted__M6__L28__eps0p008__g0p0005__ds0p05__dm0p05
Problem: NK
Kernel: jsd
Advantage: peragentrankweighted
M: 6
lambda: 28
epsilon_svgd: 0.008
gamma: 0.0005
decay_start_ratio: 0.05
decay_min_factor: 0.05
bandwith_kernel: None
no_interact: False
avg_score: 0.745225191116333
median_score: 0.7423104643821716
std_score: 0.028476258739829063
percentiles: 2%=0.7042319178581238, 5%=0.7059153914451599, 10%=0.7104935646057129, 25%=0.7232444882392883, 50%=0.7423104643821716, 75%=0.7580187320709229, 90%=0.7783373594284058, 95%=0.8103775382041931, 98%=0.8118547797203064
ranking_best_algo: CMApara
ranking_best_score: 0.7459277895312499
ranking_my_rank: 2/504 (99.8%)
ranking_my_percent: 99.8015873015873
