ConfigName: kjsd__advperagentrankweighted__M10__L10__eps0p008__g0p0005__ds0p3__dm0p05
Problem: QUBO
Kernel: jsd
Advantage: peragentrankweighted
M: 10
lambda: 10
epsilon_svgd: 0.008
gamma: 0.0005
decay_start_ratio: 0.3
decay_min_factor: 0.05
bandwith_kernel: None
no_interact: False
avg_score: -2300.260009765625
median_score: -2287.0
std_score: 149.07464599609375
percentiles: 2%=-2597.43994140625, 5%=-2537.14990234375, 10%=-2502.699951171875, 25%=-2410.75, 50%=-2287.0, 75%=-2202.25, 90%=-2114.5, 95%=-2057.550048828125, 98%=-2019.9200439453125
ranking_best_algo: SVM1MetaModelLogNormal
ranking_best_score: 2605.14
ranking_my_rank: 155/504 (69.4%)
ranking_my_percent: 69.44444444444444
