ConfigName: kjsd__advperagentrankweighted__M4__L12__eps0p005__g0p0003__ds0p2__dm0p05
Problem: NK
Kernel: jsd
Advantage: peragentrankweighted
M: 4
lambda: 12
epsilon_svgd: 0.005
gamma: 0.0003
decay_start_ratio: 0.2
decay_min_factor: 0.05
bandwith_kernel: None
no_interact: False
avg_score: 0.743683397769928
median_score: 0.744206428527832
std_score: 0.008745608851313591
percentiles: 2%=0.727117657661438, 5%=0.7302607297897339, 10%=0.7324265241622925, 25%=0.7373306751251221, 50%=0.744206428527832, 75%=0.7498315572738647, 90%=0.7533859610557556, 95%=0.7545294165611267, 98%=0.7612720131874084
ranking_best_algo: PBIL
ranking_best_score: 0.733570253046875
ranking_my_rank: 1/504 (100.0%)
ranking_my_percent: 100.0
