ConfigName: kjsd__advperagentrankweighted__M3__L16__eps0p007__g0p0005__ds0p1__dm0p05
Problem: QUBO
Kernel: jsd
Advantage: peragentrankweighted
M: 3
lambda: 16
epsilon_svgd: 0.007
gamma: 0.0005
decay_start_ratio: 0.1
decay_min_factor: 0.05
bandwith_kernel: None
no_interact: False
avg_score: -1305.0999755859375
median_score: -1301.5
std_score: 59.73550033569336
percentiles: 2%=-1422.02001953125, 5%=-1408.6500244140625, 10%=-1393.199951171875, 25%=-1338.0, 50%=-1301.5, 75%=-1253.0, 90%=-1234.199951171875, 95%=-1215.0, 98%=-1199.0
ranking_best_algo: BigLognormalDiscreteOnePlusOne
ranking_best_score: 1301.3600000000004
ranking_my_rank: 1/504 (100.0%)
ranking_my_percent: 100.0
