ConfigName: kjsd__advperagentrankweighted__M3__L20__eps0p005__g0p001__ds0p2__dm0p2
Problem: NK
Kernel: jsd
Advantage: peragentrankweighted
M: 3
lambda: 20
epsilon_svgd: 0.005
gamma: 0.001
decay_start_ratio: 0.2
decay_min_factor: 0.2
bandwith_kernel: None
no_interact: False
avg_score: 0.7395080327987671
median_score: 0.7382306456565857
std_score: 0.014337267726659775
percentiles: 2%=0.7109166979789734, 5%=0.7176968455314636, 10%=0.7226859331130981, 25%=0.7299678325653076, 50%=0.7382306456565857, 75%=0.7497240900993347, 90%=0.7585924863815308, 95%=0.7622830867767334, 98%=0.7690722346305847
ranking_best_algo: Tabu
ranking_best_score: 0.7601875690625
ranking_my_rank: 15/504 (97.2%)
ranking_my_percent: 97.22222222222223
