ConfigName: kjsd__advperagentrankweighted__M3__L18__eps0p01__g0p0007__ds0p1__dm0p2
Problem: QUBO
Kernel: jsd
Advantage: peragentrankweighted
M: 3
lambda: 18
epsilon_svgd: 0.01
gamma: 0.0007
decay_start_ratio: 0.1
decay_min_factor: 0.2
bandwith_kernel: None
no_interact: False
avg_score: -306.8599853515625
median_score: -308.0
std_score: 39.43831253051758
percentiles: 2%=-388.0400085449219, 5%=-382.20001220703125, 10%=-357.0, 25%=-332.5, 50%=-308.0, 75%=-270.0, 90%=-260.8999938964844, 95%=-255.85000610351562, 98%=-247.9600067138672
ranking_best_algo: CMApara
ranking_best_score: 319.29999999999995
ranking_my_rank: 111/504 (78.2%)
ranking_my_percent: 78.17460317460318
