ConfigName: krbf__advnormalizedfitness__M4__L15__eps0p033__g0p007__ds0p3__dm0p3
Problem: NK
Kernel: rbf
Advantage: normalizedfitness
M: 4
lambda: 15
epsilon_svgd: 0.033
gamma: 0.007
decay_start_ratio: 0.3
decay_min_factor: 0.3
bandwith_kernel: None
no_interact: False
avg_score: 0.7319507002830505
median_score: 0.7333178520202637
std_score: 0.019134845584630966
percentiles: 2%=0.6975530982017517, 5%=0.7003991007804871, 10%=0.7066999673843384, 25%=0.7150168418884277, 50%=0.7333178520202637, 75%=0.7472783327102661, 90%=0.755382776260376, 95%=0.7604602575302124, 98%=0.7643489241600037
ranking_best_algo: Tabu
ranking_best_score: 0.7470791764843752
ranking_my_rank: 51/504 (90.1%)
ranking_my_percent: 90.07936507936508
