ConfigName: krbf__advnormalizedfitness__M1__L10__eps0p015__g0p005__ds0p3__dm0p01
Problem: NK
Kernel: rbf
Advantage: normalizedfitness
M: 1
lambda: 10
epsilon_svgd: 0.015
gamma: 0.005
decay_start_ratio: 0.3
decay_min_factor: 0.01
bandwith_kernel: None
no_interact: False
avg_score: 0.7026539444923401
median_score: 0.7036855220794678
std_score: 0.01125948317348957
percentiles: 2%=0.6850515604019165, 5%=0.6854842901229858, 10%=0.6870458722114563, 25%=0.6924017667770386, 50%=0.7036855220794678, 75%=0.7129837274551392, 90%=0.7162356376647949, 95%=0.7184728980064392, 98%=0.7204607129096985
ranking_best_algo: PBIL
ranking_best_score: 0.7013553837109374
ranking_my_rank: 1/504 (100.0%)
ranking_my_percent: 100.0
