ConfigName: krbf__advnormalizedfitness__M2__L10__eps0p015__g0p01__ds0p3__dm0p01
Problem: QUBO
Kernel: rbf
Advantage: normalizedfitness
M: 2
lambda: 10
epsilon_svgd: 0.015
gamma: 0.01
decay_start_ratio: 0.3
decay_min_factor: 0.01
bandwith_kernel: None
no_interact: False
avg_score: -1213.9599609375
median_score: -1221.0
std_score: 64.37840270996094
percentiles: 2%=-1344.02001953125, 5%=-1313.050048828125, 10%=-1297.0, 25%=-1252.25, 50%=-1221.0, 75%=-1169.0, 90%=-1126.9000244140625, 95%=-1106.699951171875, 98%=-1093.739990234375
ranking_best_algo: SVMMetaModelLogNormal
ranking_best_score: 1233.7999999999997
ranking_my_rank: 45/504 (91.3%)
ranking_my_percent: 91.26984126984127
