ConfigName: krbf__advnormalizedfitness__M3__L12__eps0p015__g0p007__ds0p01__dm0p01
Problem: QUBO
Kernel: rbf
Advantage: normalizedfitness
M: 3
lambda: 12
epsilon_svgd: 0.015
gamma: 0.007
decay_start_ratio: 0.01
decay_min_factor: 0.01
bandwith_kernel: None
no_interact: False
avg_score: -576.8400268554688
median_score: -577.5
std_score: 26.792804718017578
percentiles: 2%=-623.1199951171875, 5%=-620.0499877929688, 10%=-611.2000122070312, 25%=-596.25, 50%=-577.5, 75%=-561.25, 90%=-542.9000244140625, 95%=-532.7000122070312, 98%=-523.639892578125
ranking_best_algo: Tabu
ranking_best_score: 588.7199999999999
ranking_my_rank: 47/503 (90.9%)
ranking_my_percent: 90.85487077534792
