ConfigName: kjsd__advperagentrankweighted__M4__L20__eps0p005__g0p001__ds0p05__dm0p05
Problem: QUBO
Kernel: jsd
Advantage: peragentrankweighted
M: 4
lambda: 20
epsilon_svgd: 0.005
gamma: 0.001
decay_start_ratio: 0.05
decay_min_factor: 0.05
bandwith_kernel: None
no_interact: False
avg_score: -139.74000549316406
median_score: -141.0
std_score: 11.130696296691895
percentiles: 2%=-159.0, 5%=-158.0, 10%=-156.10000610351562, 25%=-146.0, 50%=-141.0, 75%=-132.75, 90%=-124.80000305175781, 95%=-120.0, 98%=-117.9800033569336
ranking_best_algo: DiscreteDE
ranking_best_score: 143.4
ranking_my_rank: 83/504 (83.7%)
ranking_my_percent: 83.73015873015873
