ConfigName: kjsd__advperagentrankweighted__M5__L8__eps0p005__g0p0005__ds0p05__dm0p2
Problem: NK
Kernel: jsd
Advantage: peragentrankweighted
M: 5
lambda: 8
epsilon_svgd: 0.005
gamma: 0.0005
decay_start_ratio: 0.05
decay_min_factor: 0.2
bandwith_kernel: None
no_interact: False
avg_score: 0.7293621897697449
median_score: 0.7279548645019531
std_score: 0.009445295669138432
percentiles: 2%=0.7102627754211426, 5%=0.7145683765411377, 10%=0.7171904444694519, 25%=0.7229869365692139, 50%=0.7279548645019531, 75%=0.7373032569885254, 90%=0.7424406409263611, 95%=0.7455384135246277, 98%=0.7461152076721191
ranking_best_algo: Tabu
ranking_best_score: 0.7429702712499999
ranking_my_rank: 2/504 (99.8%)
ranking_my_percent: 99.8015873015873
