ConfigName: krbf__advnormalizedfitness__M4__L8__eps0p033__g0p015__ds0p15__dm0p3
Problem: QUBO
Kernel: rbf
Advantage: normalizedfitness
M: 4
lambda: 8
epsilon_svgd: 0.033
gamma: 0.015
decay_start_ratio: 0.15
decay_min_factor: 0.3
bandwith_kernel: None
no_interact: False
avg_score: -2368.340087890625
median_score: -2328.5
std_score: 260.5248718261719
percentiles: 2%=-2904.679931640625, 5%=-2883.64990234375, 10%=-2725.199951171875, 25%=-2528.25, 50%=-2328.5, 75%=-2196.75, 90%=-2043.4000244140625, 95%=-2011.9501953125, 98%=-1910.1798095703125
ranking_best_algo: RLSOnePlusOne
ranking_best_score: 3316.5199999999995
ranking_my_rank: 275/504 (45.6%)
ranking_my_percent: 45.63492063492063
