ConfigName: krbf__advnormalizedfitness__M3__L10__eps0p02__g0p01__ds0p15__dm0p05
Problem: QUBO
Kernel: rbf
Advantage: normalizedfitness
M: 3
lambda: 10
epsilon_svgd: 0.02
gamma: 0.01
decay_start_ratio: 0.15
decay_min_factor: 0.05
bandwith_kernel: None
no_interact: False
avg_score: -2382.219970703125
median_score: -2378.5
std_score: 156.1173553466797
percentiles: 2%=-2691.360107421875, 5%=-2648.35009765625, 10%=-2598.39990234375, 25%=-2506.0, 50%=-2378.5, 75%=-2267.75, 90%=-2171.39990234375, 95%=-2128.699951171875, 98%=-2099.97998046875
ranking_best_algo: SVM1MetaModelLogNormal
ranking_best_score: 2605.14
ranking_my_rank: 132/504 (74.0%)
ranking_my_percent: 74.0079365079365
