ConfigName: krbf__advnormalizedfitness__M4__L8__eps0p015__g0p005__ds0p01__dm0p3
Problem: QUBO
Kernel: rbf
Advantage: normalizedfitness
M: 4
lambda: 8
epsilon_svgd: 0.015
gamma: 0.005
decay_start_ratio: 0.01
decay_min_factor: 0.3
bandwith_kernel: None
no_interact: False
avg_score: -424.6199951171875
median_score: -422.0
std_score: 29.26047706604004
percentiles: 2%=-485.0400085449219, 5%=-477.1000061035156, 10%=-465.6000061035156, 25%=-443.25, 50%=-422.0, 75%=-405.5, 90%=-388.8999938964844, 95%=-381.95001220703125, 98%=-375.77996826171875
ranking_best_algo: CMAL3
ranking_best_score: 435.36
ranking_my_rank: 30/504 (94.2%)
ranking_my_percent: 94.24603174603175
