ConfigName: krbf__advnormalizedfitness__M4__L24__eps0p01__g0p002__ds0p05__dm0p05
Problem: QUBO
Kernel: rbf
Advantage: normalizedfitness
M: 4
lambda: 24
epsilon_svgd: 0.01
gamma: 0.002
decay_start_ratio: 0.05
decay_min_factor: 0.05
bandwith_kernel: None
no_interact: False
avg_score: -2630.5
median_score: -2616.5
std_score: 284.2022705078125
percentiles: 2%=-3191.8798828125, 5%=-3128.699951171875, 10%=-3017.0, 25%=-2831.0, 50%=-2616.5, 75%=-2399.5, 90%=-2286.5, 95%=-2229.0, 98%=-2147.320068359375
ranking_best_algo: RLSOnePlusOne
ranking_best_score: 3316.5199999999995
ranking_my_rank: 201/504 (60.3%)
ranking_my_percent: 60.317460317460316
