ConfigName: kjsd__advperagentrankweighted__M4__L8__eps0p01__g0p0003__ds0p4__dm0p05
Problem: NK
Kernel: jsd
Advantage: peragentrankweighted
M: 4
lambda: 8
epsilon_svgd: 0.01
gamma: 0.0003
decay_start_ratio: 0.4
decay_min_factor: 0.05
bandwith_kernel: None
no_interact: False
avg_score: 0.7299904823303223
median_score: 0.7298367023468018
std_score: 0.008485916070640087
percentiles: 2%=0.7107980251312256, 5%=0.7151554226875305, 10%=0.7182581424713135, 25%=0.7252510786056519, 50%=0.7298367023468018, 75%=0.7359304428100586, 90%=0.7411959767341614, 95%=0.7433414459228516, 98%=0.7442718744277954
ranking_best_algo: PBIL
ranking_best_score: 0.733570253046875
ranking_my_rank: 2/504 (99.8%)
ranking_my_percent: 99.8015873015873
