ConfigName: krbf__advnormalizedfitness__M4__L24__eps0p02__g0p005__ds0p15__dm0p05
Problem: QUBO
Kernel: rbf
Advantage: normalizedfitness
M: 4
lambda: 24
epsilon_svgd: 0.02
gamma: 0.005
decay_start_ratio: 0.15
decay_min_factor: 0.05
bandwith_kernel: None
no_interact: False
avg_score: -1039.6600341796875
median_score: -1041.0
std_score: 105.2750015258789
percentiles: 2%=-1247.0799560546875, 5%=-1205.0999755859375, 10%=-1169.300048828125, 25%=-1123.0, 50%=-1041.0, 75%=-957.5, 90%=-915.7999877929688, 95%=-869.5499877929688, 98%=-839.6799926757812
ranking_best_algo: Tabu
ranking_best_score: 1216.16
ranking_my_rank: 257/504 (49.2%)
ranking_my_percent: 49.20634920634921
