ConfigName: krbf__advnormalizedfitness__M3__L8__eps0p015__g0p015__ds0p3__dm0p3
Problem: NK
Kernel: rbf
Advantage: normalizedfitness
M: 3
lambda: 8
epsilon_svgd: 0.015
gamma: 0.015
decay_start_ratio: 0.3
decay_min_factor: 0.3
bandwith_kernel: None
no_interact: False
avg_score: 0.6499645709991455
median_score: 0.6483049988746643
std_score: 0.011707255616784096
percentiles: 2%=0.6329648494720459, 5%=0.6346333622932434, 10%=0.6359651684761047, 25%=0.6416990160942078, 50%=0.6483049988746643, 75%=0.6562486886978149, 90%=0.6663231253623962, 95%=0.6718594431877136, 98%=0.6766254305839539
ranking_best_algo: Tabu
ranking_best_score: 0.7601875690625
ranking_my_rank: 385/504 (23.8%)
ranking_my_percent: 23.80952380952381
