ConfigName: kjsd__advperagentrankweighted__M5__L10__eps0p02__g0p0007__ds0p2__dm0p05
Problem: NK
Kernel: jsd
Advantage: peragentrankweighted
M: 5
lambda: 10
epsilon_svgd: 0.02
gamma: 0.0007
decay_start_ratio: 0.2
decay_min_factor: 0.05
bandwith_kernel: None
no_interact: False
avg_score: 0.7431461811065674
median_score: 0.7408133745193481
std_score: 0.027963077649474144
percentiles: 2%=0.7031057476997375, 5%=0.7049609422683716, 10%=0.7123447060585022, 25%=0.7181471586227417, 50%=0.7408133745193481, 75%=0.7583657503128052, 90%=0.7757577300071716, 95%=0.8044298887252808, 98%=0.8109490275382996
ranking_best_algo: CMApara
ranking_best_score: 0.7459277895312499
ranking_my_rank: 13/504 (97.6%)
ranking_my_percent: 97.61904761904762
