ConfigName: krbf__advnormalizedfitness__M3__L8__eps0p033__g0p015__ds0p3__dm0p3
Problem: NK
Kernel: rbf
Advantage: normalizedfitness
M: 3
lambda: 8
epsilon_svgd: 0.033
gamma: 0.015
decay_start_ratio: 0.3
decay_min_factor: 0.3
bandwith_kernel: None
no_interact: False
avg_score: 0.7370747327804565
median_score: 0.7384790182113647
std_score: 0.009027606807649136
percentiles: 2%=0.7188774943351746, 5%=0.7207489609718323, 10%=0.7244048118591309, 25%=0.7311641573905945, 50%=0.7384790182113647, 75%=0.7437777519226074, 90%=0.7469785213470459, 95%=0.7509709000587463, 98%=0.7522866129875183
ranking_best_algo: PBIL
ranking_best_score: 0.730509098125
ranking_my_rank: 1/504 (100.0%)
ranking_my_percent: 100.0
