ConfigName: kfr__advglobalrankweighted__M6__L9__eps0p02__g0p003__ds0p01__dm0p01
Problem: QUBO
Kernel: fr
Advantage: globalrankweighted
M: 6
lambda: 9
epsilon_svgd: 0.02
gamma: 0.003
decay_start_ratio: 0.01
decay_min_factor: 0.01
bandwith_kernel: None
no_interact: False
avg_score: -330.6199951171875
median_score: -334.0
std_score: 20.99846649169922
percentiles: 2%=-372.0, 5%=-357.20001220703125, 10%=-354.0, 25%=-342.25, 50%=-334.0, 75%=-320.0, 90%=-304.8999938964844, 95%=-294.8500061035156, 98%=-277.91998291015625
ranking_best_algo: CMApara
ranking_best_score: 344.22
ranking_my_rank: 77/504 (84.9%)
ranking_my_percent: 84.92063492063492
