ConfigName: kjsd__advperagentrankweighted__M4__L12__eps0p005__g0p001__ds0p1__dm0p2
Problem: QUBO
Kernel: jsd
Advantage: peragentrankweighted
M: 4
lambda: 12
epsilon_svgd: 0.005
gamma: 0.001
decay_start_ratio: 0.1
decay_min_factor: 0.2
bandwith_kernel: None
no_interact: False
avg_score: -2585.39990234375
median_score: -2584.5
std_score: 134.80075073242188
percentiles: 2%=-2836.1201171875, 5%=-2798.449951171875, 10%=-2751.10009765625, 25%=-2668.25, 50%=-2584.5, 75%=-2485.5, 90%=-2430.800048828125, 95%=-2356.35009765625, 98%=-2282.89990234375
ranking_best_algo: DiscreteLengler2OnePlusOne
ranking_best_score: 2617.04
ranking_my_rank: 46/504 (91.1%)
ranking_my_percent: 91.07142857142857
