ConfigName: kjsd__advperagentrankweighted__M3__L24__eps0p007__g0p001__ds0p05__dm0p05
Problem: QUBO
Kernel: jsd
Advantage: peragentrankweighted
M: 3
lambda: 24
epsilon_svgd: 0.007
gamma: 0.001
decay_start_ratio: 0.05
decay_min_factor: 0.05
bandwith_kernel: None
no_interact: False
avg_score: -943.719970703125
median_score: -937.0
std_score: 62.157073974609375
percentiles: 2%=-1066.1600341796875, 5%=-1048.300048828125, 10%=-1027.0999755859375, 25%=-993.0, 50%=-937.0, 75%=-890.75, 90%=-870.7999877929688, 95%=-859.6500244140625, 98%=-840.760009765625
ranking_best_algo: CMApara
ranking_best_score: 964.9
ranking_my_rank: 3/504 (99.6%)
ranking_my_percent: 99.60317460317461
