ConfigName: kjsd__advperagentrankweighted__M3__L18__eps0p01__g0p001__ds0p05__dm0p1
Problem: QUBO
Kernel: jsd
Advantage: peragentrankweighted
M: 3
lambda: 18
epsilon_svgd: 0.01
gamma: 0.001
decay_start_ratio: 0.05
decay_min_factor: 0.1
bandwith_kernel: None
no_interact: False
avg_score: -1632.4200439453125
median_score: -1636.5
std_score: 55.20184326171875
percentiles: 2%=-1763.300048828125, 5%=-1723.25, 10%=-1695.199951171875, 25%=-1667.75, 50%=-1636.5, 75%=-1592.5, 90%=-1564.800048828125, 95%=-1546.8499755859375, 98%=-1531.0
ranking_best_algo: NLOPT_LN_PRAXIS
ranking_best_score: 1607.12
ranking_my_rank: 1/504 (100.0%)
ranking_my_percent: 100.0
