ConfigName: kjsd__advperagentrankweighted__M4__L10__eps0p005__g0p0003__ds0p4__dm0p05
Problem: QUBO
Kernel: jsd
Advantage: peragentrankweighted
M: 4
lambda: 10
epsilon_svgd: 0.005
gamma: 0.0003
decay_start_ratio: 0.4
decay_min_factor: 0.05
bandwith_kernel: None
no_interact: False
avg_score: -575.0800170898438
median_score: -574.0
std_score: 25.16651725769043
percentiles: 2%=-633.1199951171875, 5%=-621.2000122070312, 10%=-609.2000122070312, 25%=-589.0, 50%=-574.0, 75%=-558.0, 90%=-550.9000244140625, 95%=-536.8499755859375, 98%=-519.719970703125
ranking_best_algo: Tabu
ranking_best_score: 588.7199999999999
ranking_my_rank: 57/503 (88.9%)
ranking_my_percent: 88.86679920477137
