ConfigName: kjsd__advperagentrankweighted__M3__L16__eps0p005__g0p0007__ds0p05__dm0p05
Problem: QUBO
Kernel: jsd
Advantage: peragentrankweighted
M: 3
lambda: 16
epsilon_svgd: 0.005
gamma: 0.0007
decay_start_ratio: 0.05
decay_min_factor: 0.05
bandwith_kernel: None
no_interact: False
avg_score: -198.97999572753906
median_score: -201.0
std_score: 13.995699882507324
percentiles: 2%=-224.0, 5%=-221.0500030517578, 10%=-217.10000610351562, 25%=-208.25, 50%=-201.0, 75%=-190.75, 90%=-179.0, 95%=-172.0, 98%=-168.94000244140625
ranking_best_algo: Tabu
ranking_best_score: 208.36000000000004
ranking_my_rank: 88/504 (82.7%)
ranking_my_percent: 82.73809523809524
