ConfigName: kjsd__advperagentrankweighted__M3__L16__eps0p007__g0p003__ds0p2__dm0p2
Problem: QUBO
Kernel: jsd
Advantage: peragentrankweighted
M: 3
lambda: 16
epsilon_svgd: 0.007
gamma: 0.003
decay_start_ratio: 0.2
decay_min_factor: 0.2
bandwith_kernel: None
no_interact: False
avg_score: -920.1400146484375
median_score: -921.0
std_score: 72.91694641113281
percentiles: 2%=-1072.0400390625, 5%=-1048.4000244140625, 10%=-1017.9000244140625, 25%=-959.5, 50%=-921.0, 75%=-879.0, 90%=-825.2999877929688, 95%=-792.7999877929688, 98%=-780.6400146484375
ranking_best_algo: CMApara
ranking_best_score: 964.9
ranking_my_rank: 61/504 (88.1%)
ranking_my_percent: 88.0952380952381
