ConfigName: krbf__advnormalizedfitness__M3__L15__eps0p03__g0p005__ds0p05__dm0p05
Problem: NK
Kernel: rbf
Advantage: normalizedfitness
M: 3
lambda: 15
epsilon_svgd: 0.03
gamma: 0.005
decay_start_ratio: 0.05
decay_min_factor: 0.05
bandwith_kernel: None
no_interact: False
avg_score: 0.7475365996360779
median_score: 0.7476173639297485
std_score: 0.009063397534191608
percentiles: 2%=0.7298422455787659, 5%=0.7312902808189392, 10%=0.7346889972686768, 25%=0.7422134876251221, 50%=0.7476173639297485, 75%=0.7532989382743835, 90%=0.760224461555481, 95%=0.7619745135307312, 98%=0.7642720341682434
ranking_best_algo: PBIL
ranking_best_score: 0.733570253046875
ranking_my_rank: 1/504 (100.0%)
ranking_my_percent: 100.0
