ConfigName: kjsd__advperagentrankweighted__M4__L12__eps0p005__g0p0005__ds0p2__dm0p05
Problem: QUBO
Kernel: jsd
Advantage: peragentrankweighted
M: 4
lambda: 12
epsilon_svgd: 0.005
gamma: 0.0005
decay_start_ratio: 0.2
decay_min_factor: 0.05
bandwith_kernel: None
no_interact: False
avg_score: -1190.3800048828125
median_score: -1190.5
std_score: 57.60586166381836
percentiles: 2%=-1301.0400390625, 5%=-1288.5, 10%=-1265.199951171875, 25%=-1231.5, 50%=-1190.5, 75%=-1146.0, 90%=-1122.0, 95%=-1094.0, 98%=-1072.9200439453125
ranking_best_algo: Tabu
ranking_best_score: 1216.16
ranking_my_rank: 55/504 (89.3%)
ranking_my_percent: 89.28571428571429
