ConfigName: kjsd__advperagentrankweighted__M5__L12__eps0p005__g0p0005__ds0p3__dm0p05
Problem: QUBO
Kernel: jsd
Advantage: peragentrankweighted
M: 5
lambda: 12
epsilon_svgd: 0.005
gamma: 0.0005
decay_start_ratio: 0.3
decay_min_factor: 0.05
bandwith_kernel: None
no_interact: False
avg_score: -3251.760009765625
median_score: -3241.0
std_score: 130.29052734375
percentiles: 2%=-3539.739990234375, 5%=-3478.10009765625, 10%=-3442.300048828125, 25%=-3337.0, 50%=-3241.0, 75%=-3164.0, 90%=-3101.89990234375, 95%=-3051.75, 98%=-3024.679931640625
ranking_best_algo: RLSOnePlusOne
ranking_best_score: 3316.5199999999995
ranking_my_rank: 40/504 (92.3%)
ranking_my_percent: 92.26190476190476
