ConfigName: kjsd__advperagentrankweighted__M3__L20__eps0p005__g0p001__ds0p2__dm0p2
Problem: QUBO
Kernel: jsd
Advantage: peragentrankweighted
M: 3
lambda: 20
epsilon_svgd: 0.005
gamma: 0.001
decay_start_ratio: 0.2
decay_min_factor: 0.2
bandwith_kernel: None
no_interact: False
avg_score: -2585.02001953125
median_score: -2574.5
std_score: 133.04495239257812
percentiles: 2%=-2855.1201171875, 5%=-2798.050048828125, 10%=-2758.5, 25%=-2679.75, 50%=-2574.5, 75%=-2505.5, 90%=-2420.0, 95%=-2361.5, 98%=-2332.93994140625
ranking_best_algo: DiscreteLengler2OnePlusOne
ranking_best_score: 2617.04
ranking_my_rank: 47/504 (90.9%)
ranking_my_percent: 90.87301587301587
