ConfigName: krbf__advnormalizedfitness__M2__L8__eps0p025__g0p015__ds0p15__dm0p3
Problem: QUBO
Kernel: rbf
Advantage: normalizedfitness
M: 2
lambda: 8
epsilon_svgd: 0.025
gamma: 0.015
decay_start_ratio: 0.15
decay_min_factor: 0.3
bandwith_kernel: None
no_interact: False
avg_score: -1283.5999755859375
median_score: -1281.0
std_score: 60.24134826660156
percentiles: 2%=-1394.260009765625, 5%=-1380.050048828125, 10%=-1367.0999755859375, 25%=-1319.75, 50%=-1281.0, 75%=-1253.0, 90%=-1200.800048828125, 95%=-1169.75, 98%=-1154.97998046875
ranking_best_algo: BigLognormalDiscreteOnePlusOne
ranking_best_score: 1301.3600000000004
ranking_my_rank: 5/504 (99.2%)
ranking_my_percent: 99.2063492063492
