ConfigName: krbf__advnormalizedfitness__M4__L8__eps0p015__g0p01__ds0p3__dm0p3
Problem: QUBO
Kernel: rbf
Advantage: normalizedfitness
M: 4
lambda: 8
epsilon_svgd: 0.015
gamma: 0.01
decay_start_ratio: 0.3
decay_min_factor: 0.3
bandwith_kernel: None
no_interact: False
avg_score: -700.9400024414062
median_score: -699.0
std_score: 74.4509048461914
percentiles: 2%=-860.239990234375, 5%=-831.75, 10%=-799.4000244140625, 25%=-746.0, 50%=-699.0, 75%=-648.25, 90%=-606.4000244140625, 95%=-589.5000610351562, 98%=-569.9599609375
ranking_best_algo: CMAL3
ranking_best_score: 928.5800000000002
ranking_my_rank: 331/504 (34.5%)
ranking_my_percent: 34.523809523809526
