ConfigName: kjsd__advperagentrankweighted__M3__L16__eps0p005__g0p003__ds0p2__dm0p05
Problem: QUBO
Kernel: jsd
Advantage: peragentrankweighted
M: 3
lambda: 16
epsilon_svgd: 0.005
gamma: 0.003
decay_start_ratio: 0.2
decay_min_factor: 0.05
bandwith_kernel: None
no_interact: False
avg_score: -917.0800170898438
median_score: -911.0
std_score: 64.99425506591797
percentiles: 2%=-1055.02001953125, 5%=-1025.0, 10%=-1013.2000122070312, 25%=-963.0, 50%=-911.0, 75%=-870.0, 90%=-836.7999877929688, 95%=-816.9000244140625, 98%=-803.0
ranking_best_algo: CMApara
ranking_best_score: 964.9
ranking_my_rank: 68/504 (86.7%)
ranking_my_percent: 86.7063492063492
