ConfigName: kjsd__advperagentrankweighted__M3__L24__eps0p005__g0p0005__ds0p1__dm0p1
Problem: QUBO
Kernel: jsd
Advantage: peragentrankweighted
M: 3
lambda: 24
epsilon_svgd: 0.005
gamma: 0.0005
decay_start_ratio: 0.1
decay_min_factor: 0.1
bandwith_kernel: None
no_interact: False
avg_score: -442.739990234375
median_score: -443.5
std_score: 25.524349212646484
percentiles: 2%=-489.0, 5%=-479.20001220703125, 10%=-472.1000061035156, 25%=-463.0, 50%=-443.5, 75%=-422.75, 90%=-405.8999938964844, 95%=-401.95001220703125, 98%=-400.8399963378906
ranking_best_algo: CMApara
ranking_best_score: 453.82
ranking_my_rank: 9/504 (98.4%)
ranking_my_percent: 98.41269841269842
