ConfigName: kjsd__advperagentrankweighted__M3__L30__eps0p005__g0p0005__ds0p1__dm0p05
Problem: QUBO
Kernel: jsd
Advantage: peragentrankweighted
M: 3
lambda: 30
epsilon_svgd: 0.005
gamma: 0.0005
decay_start_ratio: 0.1
decay_min_factor: 0.05
bandwith_kernel: None
no_interact: False
avg_score: -1307.06005859375
median_score: -1308.0
std_score: 55.65119934082031
percentiles: 2%=-1411.1600341796875, 5%=-1391.6500244140625, 10%=-1373.4000244140625, 25%=-1347.75, 50%=-1308.0, 75%=-1270.5, 90%=-1228.5999755859375, 95%=-1212.9000244140625, 98%=-1191.97998046875
ranking_best_algo: BigLognormalDiscreteOnePlusOne
ranking_best_score: 1301.3600000000004
ranking_my_rank: 1/504 (100.0%)
ranking_my_percent: 100.0
