ConfigName: kfr__advglobalrankweighted__M3__L9__eps0p02__g0p005__ds0p01__dm0p01
Problem: QUBO
Kernel: fr
Advantage: globalrankweighted
M: 3
lambda: 9
epsilon_svgd: 0.02
gamma: 0.005
decay_start_ratio: 0.01
decay_min_factor: 0.01
bandwith_kernel: None
no_interact: False
avg_score: -1179.52001953125
median_score: -1168.0
std_score: 61.58367919921875
percentiles: 2%=-1343.3199462890625, 5%=-1297.699951171875, 10%=-1252.300048828125, 25%=-1221.25, 50%=-1168.0, 75%=-1141.0, 90%=-1105.9000244140625, 95%=-1101.6500244140625, 98%=-1081.760009765625
ranking_best_algo: Tabu
ranking_best_score: 1216.16
ranking_my_rank: 70/504 (86.3%)
ranking_my_percent: 86.30952380952381
