ConfigName: kfr__advglobalrankweighted__M1__L10__eps0p015__g0p007__ds0p01__dm0p01
Problem: QUBO
Kernel: fr
Advantage: globalrankweighted
M: 1
lambda: 10
epsilon_svgd: 0.015
gamma: 0.007
decay_start_ratio: 0.01
decay_min_factor: 0.01
bandwith_kernel: None
no_interact: False
avg_score: -2585.080078125
median_score: -2597.5
std_score: 139.11776733398438
percentiles: 2%=-2848.47998046875, 5%=-2811.550048828125, 10%=-2751.800048828125, 25%=-2671.75, 50%=-2597.5, 75%=-2498.0, 90%=-2374.800048828125, 95%=-2315.699951171875, 98%=-2297.89990234375
ranking_best_algo: DiscreteLengler2OnePlusOne
ranking_best_score: 2617.04
ranking_my_rank: 47/504 (90.9%)
ranking_my_percent: 90.87301587301587
