ConfigName: krbf__advnormalizedfitness__M2__L10__eps0p033__g0p005__ds0p01__dm0p3
Problem: QUBO
Kernel: rbf
Advantage: normalizedfitness
M: 2
lambda: 10
epsilon_svgd: 0.033
gamma: 0.005
decay_start_ratio: 0.01
decay_min_factor: 0.3
bandwith_kernel: None
no_interact: False
avg_score: -573.0399780273438
median_score: -573.0
std_score: 29.475387573242188
percentiles: 2%=-629.0800170898438, 5%=-623.0999755859375, 10%=-614.2999877929688, 25%=-592.25, 50%=-573.0, 75%=-549.75, 90%=-537.5, 95%=-528.75, 98%=-517.0
ranking_best_algo: Tabu
ranking_best_score: 588.7199999999999
ranking_my_rank: 61/503 (88.1%)
ranking_my_percent: 88.07157057654075
