ConfigName: kjsd__advperagentrankweighted__M3__L30__eps0p005__g0p0005__ds0p1__dm0p2
Problem: QUBO
Kernel: jsd
Advantage: peragentrankweighted
M: 3
lambda: 30
epsilon_svgd: 0.005
gamma: 0.0005
decay_start_ratio: 0.1
decay_min_factor: 0.2
bandwith_kernel: None
no_interact: False
avg_score: -200.25999450683594
median_score: -201.5
std_score: 11.72230339050293
percentiles: 2%=-224.0, 5%=-222.10000610351562, 10%=-217.1999969482422, 25%=-208.25, 50%=-201.5, 75%=-190.0, 90%=-186.8000030517578, 95%=-180.89999389648438, 98%=-177.97999572753906
ranking_best_algo: Tabu
ranking_best_score: 208.36000000000004
ranking_my_rank: 49/504 (90.5%)
ranking_my_percent: 90.47619047619048
