ConfigName: krbf__advnormalizedfitness__M3__L15__eps0p025__g0p015__ds0p01__dm0p01
Problem: QUBO
Kernel: rbf
Advantage: normalizedfitness
M: 3
lambda: 15
epsilon_svgd: 0.025
gamma: 0.015
decay_start_ratio: 0.01
decay_min_factor: 0.01
bandwith_kernel: None
no_interact: False
avg_score: -918.4600219726562
median_score: -911.5
std_score: 70.3062515258789
percentiles: 2%=-1062.1600341796875, 5%=-1038.449951171875, 10%=-1015.2000122070312, 25%=-964.5, 50%=-911.5, 75%=-868.0, 90%=-840.4000244140625, 95%=-810.9000244140625, 98%=-786.679931640625
ranking_best_algo: CMApara
ranking_best_score: 964.9
ranking_my_rank: 64/504 (87.5%)
ranking_my_percent: 87.5
