ConfigName: kjsd__advperagentrankweighted__M3__L16__eps0p007__g0p0005__ds0p05__dm0p1
Problem: QUBO
Kernel: jsd
Advantage: peragentrankweighted
M: 3
lambda: 16
epsilon_svgd: 0.007
gamma: 0.0005
decay_start_ratio: 0.05
decay_min_factor: 0.1
bandwith_kernel: None
no_interact: False
avg_score: -1638.02001953125
median_score: -1634.0
std_score: 57.211708068847656
percentiles: 2%=-1746.0, 5%=-1736.4000244140625, 10%=-1724.0999755859375, 25%=-1676.5, 50%=-1634.0, 75%=-1596.5, 90%=-1568.9000244140625, 95%=-1548.5999755859375, 98%=-1532.800048828125
ranking_best_algo: NLOPT_LN_PRAXIS
ranking_best_score: 1607.12
ranking_my_rank: 1/504 (100.0%)
ranking_my_percent: 100.0
