ConfigName: kfr__advglobalrankweighted__M1__L10__eps0p01__g0p005__ds0p01__dm0p01
Problem: QUBO
Kernel: fr
Advantage: globalrankweighted
M: 1
lambda: 10
epsilon_svgd: 0.01
gamma: 0.005
decay_start_ratio: 0.01
decay_min_factor: 0.01
bandwith_kernel: None
no_interact: False
avg_score: -911.7000122070312
median_score: -912.5
std_score: 68.13904571533203
percentiles: 2%=-1057.3800048828125, 5%=-1041.050048828125, 10%=-1000.2000122070312, 25%=-956.5, 50%=-912.5, 75%=-858.5, 90%=-827.7000122070312, 95%=-812.800048828125, 98%=-794.9400024414062
ranking_best_algo: CMApara
ranking_best_score: 964.9
ranking_my_rank: 84/504 (83.5%)
ranking_my_percent: 83.53174603174604
