ConfigName: kjsd__advperagentrankweighted__M3__L18__eps0p01__g0p001__ds0p2__dm0p2
Problem: QUBO
Kernel: jsd
Advantage: peragentrankweighted
M: 3
lambda: 18
epsilon_svgd: 0.01
gamma: 0.001
decay_start_ratio: 0.2
decay_min_factor: 0.2
bandwith_kernel: None
no_interact: False
avg_score: -416.0400085449219
median_score: -420.0
std_score: 25.491928100585938
percentiles: 2%=-473.0400085449219, 5%=-455.1000061035156, 10%=-451.1000061035156, 25%=-431.75, 50%=-420.0, 75%=-395.25, 90%=-381.8999938964844, 95%=-372.0, 98%=-368.8999938964844
ranking_best_algo: Tabu
ranking_best_score: 438.12
ranking_my_rank: 45/504 (91.3%)
ranking_my_percent: 91.26984126984127
