ConfigName: krbf__advnormalizedfitness__M4__L12__eps0p025__g0p005__ds0p3__dm0p3
Problem: NK
Kernel: rbf
Advantage: normalizedfitness
M: 4
lambda: 12
epsilon_svgd: 0.025
gamma: 0.005
decay_start_ratio: 0.3
decay_min_factor: 0.3
bandwith_kernel: None
no_interact: False
avg_score: 0.7104597687721252
median_score: 0.7115594148635864
std_score: 0.015277826227247715
percentiles: 2%=0.6724514365196228, 5%=0.6736510992050171, 10%=0.6964647173881531, 25%=0.707412600517273, 50%=0.7115594148635864, 75%=0.71868896484375, 90%=0.7251447439193726, 95%=0.7329834699630737, 98%=0.7340726852416992
ranking_best_algo: CMApara
ranking_best_score: 0.707475975
ranking_my_rank: 1/504 (100.0%)
ranking_my_percent: 100.0
