ConfigName: krbf__advnormalizedfitness__M2__L8__eps0p025__g0p005__ds0p15__dm0p01
Problem: QUBO
Kernel: rbf
Advantage: normalizedfitness
M: 2
lambda: 8
epsilon_svgd: 0.025
gamma: 0.005
decay_start_ratio: 0.15
decay_min_factor: 0.01
bandwith_kernel: None
no_interact: False
avg_score: -2604.93994140625
median_score: -2586.0
std_score: 131.91192626953125
percentiles: 2%=-2855.6201171875, 5%=-2831.550048828125, 10%=-2763.0, 25%=-2711.75, 50%=-2586.0, 75%=-2515.75, 90%=-2426.89990234375, 95%=-2401.64990234375, 98%=-2361.760009765625
ranking_best_algo: DiscreteLengler2OnePlusOne
ranking_best_score: 2617.04
ranking_my_rank: 3/504 (99.6%)
ranking_my_percent: 99.60317460317461
