ConfigName: krbf__advnormalizedfitness__M4__L8__eps0p025__g0p005__ds0p3__dm0p3
Problem: QUBO
Kernel: rbf
Advantage: normalizedfitness
M: 4
lambda: 8
epsilon_svgd: 0.025
gamma: 0.005
decay_start_ratio: 0.3
decay_min_factor: 0.3
bandwith_kernel: None
no_interact: False
avg_score: -311.82000732421875
median_score: -312.0
std_score: 39.16743087768555
percentiles: 2%=-390.1199951171875, 5%=-384.29998779296875, 10%=-361.1999816894531, 25%=-340.5, 50%=-312.0, 75%=-273.0, 90%=-263.8999938964844, 95%=-260.0, 98%=-253.95999145507812
ranking_best_algo: CMApara
ranking_best_score: 319.29999999999995
ranking_my_rank: 36/504 (93.1%)
ranking_my_percent: 93.05555555555556
