ConfigName: kjsd__advperagentrankweighted__M3__L18__eps0p007__g0p003__ds0p1__dm0p1
Problem: NK
Kernel: jsd
Advantage: peragentrankweighted
M: 3
lambda: 18
epsilon_svgd: 0.007
gamma: 0.003
decay_start_ratio: 0.1
decay_min_factor: 0.1
bandwith_kernel: None
no_interact: False
avg_score: 0.7369621992111206
median_score: 0.7387393712997437
std_score: 0.009263711981475353
percentiles: 2%=0.7171846628189087, 5%=0.7208009362220764, 10%=0.7244719862937927, 25%=0.7305768728256226, 50%=0.7387393712997437, 75%=0.7436718940734863, 90%=0.7466306686401367, 95%=0.7511284351348877, 98%=0.7530571818351746
ranking_best_algo: PBIL
ranking_best_score: 0.730509098125
ranking_my_rank: 1/504 (100.0%)
ranking_my_percent: 100.0
