ConfigName: kjsd__advperagentrankweighted__M3__L20__eps0p007__g0p0005__ds0p05__dm0p2
Problem: QUBO
Kernel: jsd
Advantage: peragentrankweighted
M: 3
lambda: 20
epsilon_svgd: 0.007
gamma: 0.0005
decay_start_ratio: 0.05
decay_min_factor: 0.2
bandwith_kernel: None
no_interact: False
avg_score: -575.47998046875
median_score: -576.0
std_score: 30.503273010253906
percentiles: 2%=-627.0, 5%=-621.0, 10%=-614.2999877929688, 25%=-598.75, 50%=-576.0, 75%=-557.0, 90%=-534.9000244140625, 95%=-519.9500122070312, 98%=-512.719970703125
ranking_best_algo: Tabu
ranking_best_score: 588.7199999999999
ranking_my_rank: 57/503 (88.9%)
ranking_my_percent: 88.86679920477137
