ConfigName: kjsd__advperagentrankweighted__M5__L12__eps0p03__g0p0003__ds0p2__dm0p05
Problem: QUBO
Kernel: jsd
Advantage: peragentrankweighted
M: 5
lambda: 12
epsilon_svgd: 0.03
gamma: 0.0003
decay_start_ratio: 0.2
decay_min_factor: 0.05
bandwith_kernel: None
no_interact: False
avg_score: -305.32000732421875
median_score: -308.0
std_score: 36.86159896850586
percentiles: 2%=-384.0400085449219, 5%=-374.1000061035156, 10%=-356.0, 25%=-328.0, 50%=-308.0, 75%=-271.5, 90%=-261.0, 95%=-256.95001220703125, 98%=-247.9600067138672
ranking_best_algo: CMApara
ranking_best_score: 319.29999999999995
ranking_my_rank: 135/504 (73.4%)
ranking_my_percent: 73.41269841269842
