ConfigName: krbf__advnormalizedfitness__M4__L15__eps0p033__g0p015__ds0p15__dm0p3
Problem: QUBO
Kernel: rbf
Advantage: normalizedfitness
M: 4
lambda: 15
epsilon_svgd: 0.033
gamma: 0.015
decay_start_ratio: 0.15
decay_min_factor: 0.3
bandwith_kernel: None
no_interact: False
avg_score: -352.3599853515625
median_score: -354.0
std_score: 34.278717041015625
percentiles: 2%=-410.2799987792969, 5%=-401.1000061035156, 10%=-397.1000061035156, 25%=-376.25, 50%=-354.0, 75%=-329.5, 90%=-307.4000244140625, 95%=-295.60003662109375, 98%=-278.89996337890625
ranking_best_algo: CMApara
ranking_best_score: 453.82
ranking_my_rank: 331/504 (34.5%)
ranking_my_percent: 34.523809523809526
