ConfigName: kjsd__advperagentrankweighted__M3__L24__eps0p005__g0p001__ds0p1__dm0p2
Problem: NK
Kernel: jsd
Advantage: peragentrankweighted
M: 3
lambda: 24
epsilon_svgd: 0.005
gamma: 0.001
decay_start_ratio: 0.1
decay_min_factor: 0.2
bandwith_kernel: None
no_interact: False
avg_score: 0.756061315536499
median_score: 0.7548533082008362
std_score: 0.012654870748519897
percentiles: 2%=0.736050009727478, 5%=0.7377745509147644, 10%=0.7416337728500366, 25%=0.7464116215705872, 50%=0.7548533082008362, 75%=0.765941858291626, 90%=0.7739888429641724, 95%=0.7789490222930908, 98%=0.7792530059814453
ranking_best_algo: Tabu
ranking_best_score: 0.7470791764843752
ranking_my_rank: 1/504 (100.0%)
ranking_my_percent: 100.0
