ConfigName: kjsd__advperagentrankweighted__M3__L16__eps0p01__g0p003__ds0p2__dm0p05
Problem: QUBO
Kernel: jsd
Advantage: peragentrankweighted
M: 3
lambda: 16
epsilon_svgd: 0.01
gamma: 0.003
decay_start_ratio: 0.2
decay_min_factor: 0.05
bandwith_kernel: None
no_interact: False
avg_score: -2522.6201171875
median_score: -2534.5
std_score: 123.58955383300781
percentiles: 2%=-2770.080078125, 5%=-2735.10009765625, 10%=-2680.39990234375, 25%=-2599.5, 50%=-2534.5, 75%=-2436.75, 90%=-2377.800048828125, 95%=-2309.85009765625, 98%=-2300.6201171875
ranking_best_algo: SVM1MetaModelLogNormal
ranking_best_score: 2605.14
ranking_my_rank: 55/504 (89.3%)
ranking_my_percent: 89.28571428571429
