ConfigName: krbf__advnormalizedfitness__M3__L8__eps0p033__g0p007__ds0p01__dm0p3
Problem: QUBO
Kernel: rbf
Advantage: normalizedfitness
M: 3
lambda: 8
epsilon_svgd: 0.033
gamma: 0.007
decay_start_ratio: 0.01
decay_min_factor: 0.3
bandwith_kernel: None
no_interact: False
avg_score: -412.70001220703125
median_score: -412.0
std_score: 28.409683227539062
percentiles: 2%=-477.0, 5%=-453.29998779296875, 10%=-449.20001220703125, 25%=-432.0, 50%=-412.0, 75%=-390.0, 90%=-380.0, 95%=-371.8000183105469, 98%=-360.8199462890625
ranking_best_algo: Tabu
ranking_best_score: 438.12
ranking_my_rank: 65/504 (87.3%)
ranking_my_percent: 87.3015873015873
