ConfigName: kfr__advglobalrankweighted__M2__L11__eps0p015__g0p007__ds0p01__dm0p01
Problem: QUBO
Kernel: fr
Advantage: globalrankweighted
M: 2
lambda: 11
epsilon_svgd: 0.015
gamma: 0.007
decay_start_ratio: 0.01
decay_min_factor: 0.01
bandwith_kernel: None
no_interact: False
avg_score: -426.4800109863281
median_score: -426.5
std_score: 26.538455963134766
percentiles: 2%=-477.0799865722656, 5%=-467.20001220703125, 10%=-461.20001220703125, 25%=-443.75, 50%=-426.5, 75%=-409.25, 90%=-396.8999938964844, 95%=-389.9000244140625, 98%=-372.5399169921875
ranking_best_algo: CMAL3
ranking_best_score: 435.36
ranking_my_rank: 23/504 (95.6%)
ranking_my_percent: 95.63492063492063
