ConfigName: krbf__advnormalizedfitness__M3__L12__eps0p025__g0p01__ds0p01__dm0p3
Problem: NK
Kernel: rbf
Advantage: normalizedfitness
M: 3
lambda: 12
epsilon_svgd: 0.025
gamma: 0.01
decay_start_ratio: 0.01
decay_min_factor: 0.3
bandwith_kernel: None
no_interact: False
avg_score: 0.5879736542701721
median_score: 0.5868486762046814
std_score: 0.007757257204502821
percentiles: 2%=0.5746580362319946, 5%=0.5770251154899597, 10%=0.5783031582832336, 25%=0.583584725856781, 50%=0.5868486762046814, 75%=0.593276858329773, 90%=0.5982683897018433, 95%=0.6016885638237, 98%=0.6061244010925293
ranking_best_algo: PBIL
ranking_best_score: 0.7170882103515624
ranking_my_rank: 369/504 (27.0%)
ranking_my_percent: 26.984126984126984
