ConfigName: kjsd__advperagentrankweighted__M5__L24__eps0p005__g0p0005__ds0p3__dm0p05
Problem: QUBO
Kernel: jsd
Advantage: peragentrankweighted
M: 5
lambda: 24
epsilon_svgd: 0.005
gamma: 0.0005
decay_start_ratio: 0.3
decay_min_factor: 0.05
bandwith_kernel: None
no_interact: False
avg_score: -333.6400146484375
median_score: -339.5
std_score: 20.202730178833008
percentiles: 2%=-372.0, 5%=-361.54998779296875, 10%=-354.0, 25%=-348.25, 50%=-339.5, 75%=-320.0, 90%=-307.79998779296875, 95%=-296.0, 98%=-286.8599853515625
ranking_best_algo: CMApara
ranking_best_score: 344.22
ranking_my_rank: 64/504 (87.5%)
ranking_my_percent: 87.5
