ConfigName: krbf__advnormalizedfitness__M3__L15__eps0p033__g0p005__ds0p15__dm0p3
Problem: QUBO
Kernel: rbf
Advantage: normalizedfitness
M: 3
lambda: 15
epsilon_svgd: 0.033
gamma: 0.005
decay_start_ratio: 0.15
decay_min_factor: 0.3
bandwith_kernel: None
no_interact: False
avg_score: -329.0
median_score: -334.0
std_score: 22.342784881591797
percentiles: 2%=-372.0, 5%=-354.0, 10%=-350.29998779296875, 25%=-343.0, 50%=-334.0, 75%=-316.0, 90%=-296.5, 95%=-289.8000183105469, 98%=-275.9599914550781
ranking_best_algo: CMApara
ranking_best_score: 344.22
ranking_my_rank: 83/504 (83.7%)
ranking_my_percent: 83.73015873015873
