ConfigName: krbf__advnormalizedfitness__M1__L8__eps0p015__g0p015__ds0p01__dm0p3
Problem: NK
Kernel: rbf
Advantage: normalizedfitness
M: 1
lambda: 8
epsilon_svgd: 0.015
gamma: 0.015
decay_start_ratio: 0.01
decay_min_factor: 0.3
bandwith_kernel: None
no_interact: False
avg_score: 0.7316067218780518
median_score: 0.7320040464401245
std_score: 0.010609852150082588
percentiles: 2%=0.710647463798523, 5%=0.7139474749565125, 10%=0.7182972431182861, 25%=0.7226784229278564, 50%=0.7320040464401245, 75%=0.7383112907409668, 90%=0.7458339929580688, 95%=0.7493332028388977, 98%=0.7534292340278625
ranking_best_algo: Tabu
ranking_best_score: 0.7429702712499999
ranking_my_rank: 2/504 (99.8%)
ranking_my_percent: 99.8015873015873
