ConfigName: krbf__advnormalizedfitness__M4__L8__eps0p025__g0p015__ds0p15__dm0p3
Problem: QUBO
Kernel: rbf
Advantage: normalizedfitness
M: 4
lambda: 8
epsilon_svgd: 0.025
gamma: 0.015
decay_start_ratio: 0.15
decay_min_factor: 0.3
bandwith_kernel: None
no_interact: False
avg_score: -917.8800048828125
median_score: -897.5
std_score: 120.0420150756836
percentiles: 2%=-1257.1199951171875, 5%=-1126.3499755859375, 10%=-1101.4000244140625, 25%=-977.25, 50%=-897.5, 75%=-834.25, 90%=-792.5999755859375, 95%=-747.0, 98%=-730.9599609375
ranking_best_algo: NLOPT_LN_PRAXIS
ranking_best_score: 1607.12
ranking_my_rank: 324/504 (35.9%)
ranking_my_percent: 35.91269841269841
