ConfigName: krbf__advnormalizedfitness__M4__L10__eps0p03__g0p005__ds0p05__dm0p05
Problem: QUBO
Kernel: rbf
Advantage: normalizedfitness
M: 4
lambda: 10
epsilon_svgd: 0.03
gamma: 0.005
decay_start_ratio: 0.05
decay_min_factor: 0.05
bandwith_kernel: None
no_interact: False
avg_score: -332.8800048828125
median_score: -334.0
std_score: 19.491168975830078
percentiles: 2%=-372.0, 5%=-370.0, 10%=-354.1000061035156, 25%=-343.0, 50%=-334.0, 75%=-323.75, 90%=-305.3999938964844, 95%=-297.95001220703125, 98%=-292.9599914550781
ranking_best_algo: CMApara
ranking_best_score: 344.22
ranking_my_rank: 69/504 (86.5%)
ranking_my_percent: 86.5079365079365
