ConfigName: kjsd__advperagentrankweighted__M3__L30__eps0p007__g0p001__ds0p05__dm0p2
Problem: QUBO
Kernel: jsd
Advantage: peragentrankweighted
M: 3
lambda: 30
epsilon_svgd: 0.007
gamma: 0.001
decay_start_ratio: 0.05
decay_min_factor: 0.2
bandwith_kernel: None
no_interact: False
avg_score: -202.13999938964844
median_score: -203.0
std_score: 11.834711074829102
percentiles: 2%=-224.0, 5%=-222.0, 10%=-219.0, 25%=-209.0, 50%=-203.0, 75%=-195.0, 90%=-185.89999389648438, 95%=-181.9499969482422, 98%=-175.9199981689453
ranking_best_algo: Tabu
ranking_best_score: 208.36000000000004
ranking_my_rank: 35/504 (93.3%)
ranking_my_percent: 93.25396825396825
