ConfigName: krbf__advnormalizedfitness__M4__L15__eps0p033__g0p01__ds0p01__dm0p3
Problem: NK
Kernel: rbf
Advantage: normalizedfitness
M: 4
lambda: 15
epsilon_svgd: 0.033
gamma: 0.01
decay_start_ratio: 0.01
decay_min_factor: 0.3
bandwith_kernel: None
no_interact: False
avg_score: 0.6071117520332336
median_score: 0.6058104038238525
std_score: 0.008383482694625854
percentiles: 2%=0.5938184857368469, 5%=0.5967456102371216, 10%=0.5981451272964478, 25%=0.6017435193061829, 50%=0.6058104038238525, 75%=0.6101957559585571, 90%=0.6184905171394348, 95%=0.6234772801399231, 98%=0.6278945207595825
ranking_best_algo: Tabu
ranking_best_score: 0.7429702712499999
ranking_my_rank: 388/504 (23.2%)
ranking_my_percent: 23.214285714285715
