ConfigName: krbf__advnormalizedfitness__M4__L10__eps0p03__g0p002__ds0p05__dm0p05
Problem: QUBO
Kernel: rbf
Advantage: normalizedfitness
M: 4
lambda: 10
epsilon_svgd: 0.03
gamma: 0.002
decay_start_ratio: 0.05
decay_min_factor: 0.05
bandwith_kernel: None
no_interact: False
avg_score: -1235.5999755859375
median_score: -1238.5
std_score: 58.25925064086914
percentiles: 2%=-1338.1800537109375, 5%=-1330.25, 10%=-1311.199951171875, 25%=-1274.5, 50%=-1238.5, 75%=-1189.0, 90%=-1158.800048828125, 95%=-1143.0, 98%=-1134.43994140625
ranking_best_algo: BigLognormalDiscreteOnePlusOne
ranking_best_score: 1301.3600000000004
ranking_my_rank: 57/504 (88.9%)
ranking_my_percent: 88.88888888888889
