ConfigName: kjsd__advperagentrankweighted__M4__L20__eps0p005__g0p0005__ds0p1__dm0p1
Problem: QUBO
Kernel: jsd
Advantage: peragentrankweighted
M: 4
lambda: 20
epsilon_svgd: 0.005
gamma: 0.0005
decay_start_ratio: 0.1
decay_min_factor: 0.1
bandwith_kernel: None
no_interact: False
avg_score: -2564.199951171875
median_score: -2558.5
std_score: 143.4057159423828
percentiles: 2%=-2866.360107421875, 5%=-2794.14990234375, 10%=-2764.39990234375, 25%=-2661.25, 50%=-2558.5, 75%=-2449.5, 90%=-2380.800048828125, 95%=-2349.60009765625, 98%=-2319.89990234375
ranking_best_algo: SVM1MetaModelLogNormal
ranking_best_score: 2605.14
ranking_my_rank: 39/504 (92.5%)
ranking_my_percent: 92.46031746031746
