ConfigName: kfr__advglobalrankweighted__M2__L9__eps0p02__g0p005__ds0p01__dm0p01
Problem: QUBO
Kernel: fr
Advantage: globalrankweighted
M: 2
lambda: 9
epsilon_svgd: 0.02
gamma: 0.005
decay_start_ratio: 0.01
decay_min_factor: 0.01
bandwith_kernel: None
no_interact: False
avg_score: -2549.1201171875
median_score: -2541.0
std_score: 137.74057006835938
percentiles: 2%=-2795.419921875, 5%=-2788.10009765625, 10%=-2743.89990234375, 25%=-2637.0, 50%=-2541.0, 75%=-2453.25, 90%=-2389.300048828125, 95%=-2331.0, 98%=-2275.97998046875
ranking_best_algo: SVM1MetaModelLogNormal
ranking_best_score: 2605.14
ranking_my_rank: 41/504 (92.1%)
ranking_my_percent: 92.06349206349206
