ConfigName: krbf__advnormalizedfitness__M3__L8__eps0p025__g0p007__ds0p3__dm0p01
Problem: QUBO
Kernel: rbf
Advantage: normalizedfitness
M: 3
lambda: 8
epsilon_svgd: 0.025
gamma: 0.007
decay_start_ratio: 0.3
decay_min_factor: 0.01
bandwith_kernel: None
no_interact: False
avg_score: -3230.0400390625
median_score: -3254.0
std_score: 138.59999084472656
percentiles: 2%=-3468.340087890625, 5%=-3448.10009765625, 10%=-3398.0, 25%=-3331.25, 50%=-3254.0, 75%=-3123.5, 90%=-3049.699951171875, 95%=-3026.75, 98%=-2935.780029296875
ranking_best_algo: RLSOnePlusOne
ranking_best_score: 3316.5199999999995
ranking_my_rank: 42/504 (91.9%)
ranking_my_percent: 91.86507936507937
