ConfigName: krbf__advnormalizedfitness__M3__L8__eps0p025__g0p01__ds0p3__dm0p3
Problem: QUBO
Kernel: rbf
Advantage: normalizedfitness
M: 3
lambda: 8
epsilon_svgd: 0.025
gamma: 0.01
decay_start_ratio: 0.3
decay_min_factor: 0.3
bandwith_kernel: None
no_interact: False
avg_score: -412.17999267578125
median_score: -410.0
std_score: 27.29775619506836
percentiles: 2%=-471.0799865722656, 5%=-453.29998779296875, 10%=-449.1000061035156, 25%=-430.75, 50%=-410.0, 75%=-394.0, 90%=-378.0, 95%=-369.8000183105469, 98%=-359.91998291015625
ranking_best_algo: Tabu
ranking_best_score: 438.12
ranking_my_rank: 72/504 (85.9%)
ranking_my_percent: 85.91269841269842
