ConfigName: kjsd__advperagentrankweighted__M4__L20__eps0p005__g0p0005__ds0p2__dm0p05
Problem: NK
Kernel: jsd
Advantage: peragentrankweighted
M: 4
lambda: 20
epsilon_svgd: 0.005
gamma: 0.0005
decay_start_ratio: 0.2
decay_min_factor: 0.05
bandwith_kernel: None
no_interact: False
avg_score: 0.7079811692237854
median_score: 0.7105148434638977
std_score: 0.011668136343359947
percentiles: 2%=0.6893538236618042, 5%=0.6901217699050903, 10%=0.6918860077857971, 25%=0.6967861652374268, 50%=0.7105148434638977, 75%=0.7180005311965942, 90%=0.7226439118385315, 95%=0.7244600057601929, 98%=0.7252236008644104
ranking_best_algo: PBIL
ranking_best_score: 0.7013553837109374
ranking_my_rank: 1/504 (100.0%)
ranking_my_percent: 100.0
