ConfigName: kjsd__advperagentrankweighted__M3__L16__eps0p005__g0p0007__ds0p1__dm0p05
Problem: NK
Kernel: jsd
Advantage: peragentrankweighted
M: 3
lambda: 16
epsilon_svgd: 0.005
gamma: 0.0007
decay_start_ratio: 0.1
decay_min_factor: 0.05
bandwith_kernel: None
no_interact: False
avg_score: 0.7576960921287537
median_score: 0.7581011652946472
std_score: 0.0133160799741745
percentiles: 2%=0.7356928586959839, 5%=0.7364946603775024, 10%=0.7391019463539124, 25%=0.7482700943946838, 50%=0.7581011652946472, 75%=0.7655247449874878, 90%=0.7748998999595642, 95%=0.7809175252914429, 98%=0.7849733233451843
ranking_best_algo: Tabu
ranking_best_score: 0.7470791764843752
ranking_my_rank: 1/504 (100.0%)
ranking_my_percent: 100.0
