ConfigName: kjsd__advperagentrankweighted__M3__L20__eps0p007__g0p0007__ds0p05__dm0p1
Problem: QUBO
Kernel: jsd
Advantage: peragentrankweighted
M: 3
lambda: 20
epsilon_svgd: 0.007
gamma: 0.0007
decay_start_ratio: 0.05
decay_min_factor: 0.1
bandwith_kernel: None
no_interact: False
avg_score: -139.17999267578125
median_score: -143.0
std_score: 11.980300903320312
percentiles: 2%=-157.02000427246094, 5%=-157.0, 10%=-154.10000610351562, 25%=-146.5, 50%=-143.0, 75%=-131.0, 90%=-122.80000305175781, 95%=-118.94999694824219, 98%=-113.86000061035156
ranking_best_algo: DiscreteDE
ranking_best_score: 143.4
ranking_my_rank: 86/504 (83.1%)
ranking_my_percent: 83.13492063492063
