ConfigName: krbf__advnormalizedfitness__M4__L8__eps0p033__g0p007__ds0p15__dm0p01
Problem: NK
Kernel: rbf
Advantage: normalizedfitness
M: 4
lambda: 8
epsilon_svgd: 0.033
gamma: 0.007
decay_start_ratio: 0.15
decay_min_factor: 0.01
bandwith_kernel: None
no_interact: False
avg_score: 0.7413663268089294
median_score: 0.7413686513900757
std_score: 0.015895966440439224
percentiles: 2%=0.712250292301178, 5%=0.7147230505943298, 10%=0.7217035293579102, 25%=0.7291406393051147, 50%=0.7413686513900757, 75%=0.7515998482704163, 90%=0.7618573904037476, 95%=0.7667538523674011, 98%=0.7758685350418091
ranking_best_algo: Tabu
ranking_best_score: 0.7601875690625
ranking_my_rank: 12/504 (97.8%)
ranking_my_percent: 97.81746031746032
