ConfigName: kjsd__advperagentrankweighted__M4__L10__eps0p005__g0p0003__ds0p2__dm0p05
Problem: QUBO
Kernel: jsd
Advantage: peragentrankweighted
M: 4
lambda: 10
epsilon_svgd: 0.005
gamma: 0.0003
decay_start_ratio: 0.2
decay_min_factor: 0.05
bandwith_kernel: None
no_interact: False
avg_score: -1308.02001953125
median_score: -1308.5
std_score: 55.94014358520508
percentiles: 2%=-1415.47998046875, 5%=-1391.4000244140625, 10%=-1379.300048828125, 25%=-1350.25, 50%=-1308.5, 75%=-1265.0, 90%=-1243.0, 95%=-1226.3499755859375, 98%=-1209.1400146484375
ranking_best_algo: BigLognormalDiscreteOnePlusOne
ranking_best_score: 1301.3600000000004
ranking_my_rank: 1/504 (100.0%)
ranking_my_percent: 100.0
