ConfigName: krbf__advnormalizedfitness__M4__L10__eps0p015__g0p01__ds0p3__dm0p01
Problem: QUBO
Kernel: rbf
Advantage: normalizedfitness
M: 4
lambda: 10
epsilon_svgd: 0.015
gamma: 0.01
decay_start_ratio: 0.3
decay_min_factor: 0.01
bandwith_kernel: None
no_interact: False
avg_score: -2112.659912109375
median_score: -2094.0
std_score: 218.0113983154297
percentiles: 2%=-2578.719970703125, 5%=-2464.550048828125, 10%=-2400.39990234375, 25%=-2259.75, 50%=-2094.0, 75%=-1955.5, 90%=-1859.5, 95%=-1783.4000244140625, 98%=-1717.33984375
ranking_best_algo: RLSOnePlusOne
ranking_best_score: 3316.5199999999995
ranking_my_rank: 318/504 (37.1%)
ranking_my_percent: 37.1031746031746
