ConfigName: krbf__advnormalizedfitness__M3__L8__eps0p025__g0p007__ds0p3__dm0p01
Problem: NK
Kernel: rbf
Advantage: normalizedfitness
M: 3
lambda: 8
epsilon_svgd: 0.025
gamma: 0.007
decay_start_ratio: 0.3
decay_min_factor: 0.01
bandwith_kernel: None
no_interact: False
avg_score: 0.7351403832435608
median_score: 0.7371150255203247
std_score: 0.00901030097156763
percentiles: 2%=0.7139718532562256, 5%=0.7191265225410461, 10%=0.7218641638755798, 25%=0.7306901216506958, 50%=0.7371150255203247, 75%=0.741012454032898, 90%=0.7457984685897827, 95%=0.7481408715248108, 98%=0.7488515377044678
ranking_best_algo: PBIL
ranking_best_score: 0.7248786399609374
ranking_my_rank: 1/504 (100.0%)
ranking_my_percent: 100.0
