ConfigName: kjsd__advperagentrankweighted__M3__L20__eps0p007__g0p0005__ds0p1__dm0p1
Problem: NK
Kernel: jsd
Advantage: peragentrankweighted
M: 3
lambda: 20
epsilon_svgd: 0.007
gamma: 0.0005
decay_start_ratio: 0.1
decay_min_factor: 0.1
bandwith_kernel: None
no_interact: False
avg_score: 0.7360656261444092
median_score: 0.7385121583938599
std_score: 0.009607947431504726
percentiles: 2%=0.7136371731758118, 5%=0.7202025651931763, 10%=0.7216354608535767, 25%=0.7301036715507507, 50%=0.7385121583938599, 75%=0.7425093650817871, 90%=0.7467843294143677, 95%=0.7498716711997986, 98%=0.7515525221824646
ranking_best_algo: PBIL
ranking_best_score: 0.730509098125
ranking_my_rank: 1/504 (100.0%)
ranking_my_percent: 100.0
