ConfigName: kjsd__advperagentrankweighted__M3__L18__eps0p01__g0p001__ds0p1__dm0p1
Problem: QUBO
Kernel: jsd
Advantage: peragentrankweighted
M: 3
lambda: 18
epsilon_svgd: 0.01
gamma: 0.001
decay_start_ratio: 0.1
decay_min_factor: 0.1
bandwith_kernel: None
no_interact: False
avg_score: -1637.199951171875
median_score: -1631.0
std_score: 67.32354736328125
percentiles: 2%=-1771.0999755859375, 5%=-1744.550048828125, 10%=-1727.4000244140625, 25%=-1692.25, 50%=-1631.0, 75%=-1591.0, 90%=-1556.800048828125, 95%=-1538.9000244140625, 98%=-1522.9200439453125
ranking_best_algo: NLOPT_LN_PRAXIS
ranking_best_score: 1607.12
ranking_my_rank: 1/504 (100.0%)
ranking_my_percent: 100.0
