ConfigName: kfr__advglobalrankweighted__M4__L5__eps0p05__g0p007__ds0p01__dm0p01
Problem: QUBO
Kernel: fr
Advantage: globalrankweighted
M: 4
lambda: 5
epsilon_svgd: 0.05
gamma: 0.007
decay_start_ratio: 0.01
decay_min_factor: 0.01
bandwith_kernel: None
no_interact: False
avg_score: -2606.0400390625
median_score: -2605.0
std_score: 114.07627868652344
percentiles: 2%=-2844.340087890625, 5%=-2791.85009765625, 10%=-2740.89990234375, 25%=-2687.25, 50%=-2605.0, 75%=-2524.75, 90%=-2464.89990234375, 95%=-2429.10009765625, 98%=-2371.780029296875
ranking_best_algo: SVM1MetaModelLogNormal
ranking_best_score: 2605.14
ranking_my_rank: 1/504 (100.0%)
ranking_my_percent: 100.0
