ConfigName: kfr__advglobalrankweighted__M5__L11__eps0p02__g0p007__ds0p01__dm0p01
Problem: QUBO
Kernel: fr
Advantage: globalrankweighted
M: 5
lambda: 11
epsilon_svgd: 0.02
gamma: 0.007
decay_start_ratio: 0.01
decay_min_factor: 0.01
bandwith_kernel: None
no_interact: False
avg_score: -437.29998779296875
median_score: -437.0
std_score: 29.355579376220703
percentiles: 2%=-492.0, 5%=-481.04998779296875, 10%=-473.0, 25%=-461.75, 50%=-437.0, 75%=-415.0, 90%=-394.8999938964844, 95%=-390.8500061035156, 98%=-382.97998046875
ranking_best_algo: CMApara
ranking_best_score: 453.82
ranking_my_rank: 28/504 (94.6%)
ranking_my_percent: 94.64285714285714
