ConfigName: kjsd__advperagentrankweighted__M4__L24__eps0p01__g0p0007__ds0p2__dm0p05
Problem: QUBO
Kernel: jsd
Advantage: peragentrankweighted
M: 4
lambda: 24
epsilon_svgd: 0.01
gamma: 0.0007
decay_start_ratio: 0.2
decay_min_factor: 0.05
bandwith_kernel: None
no_interact: False
avg_score: -1628.9599609375
median_score: -1633.5
std_score: 61.94754409790039
percentiles: 2%=-1738.6800537109375, 5%=-1727.3499755859375, 10%=-1704.0999755859375, 25%=-1674.75, 50%=-1633.5, 75%=-1586.5, 90%=-1546.0, 95%=-1520.699951171875, 98%=-1504.9599609375
ranking_best_algo: NLOPT_LN_PRAXIS
ranking_best_score: 1607.12
ranking_my_rank: 1/504 (100.0%)
ranking_my_percent: 100.0
