ConfigName: kjsd__advperagentrankweighted__M5__L24__eps0p02__g0p0007__ds0p05__dm0p05
Problem: QUBO
Kernel: jsd
Advantage: peragentrankweighted
M: 5
lambda: 24
epsilon_svgd: 0.02
gamma: 0.0007
decay_start_ratio: 0.05
decay_min_factor: 0.05
bandwith_kernel: None
no_interact: False
avg_score: -1313.719970703125
median_score: -1313.0
std_score: 56.884986877441406
percentiles: 2%=-1431.0400390625, 5%=-1406.199951171875, 10%=-1394.199951171875, 25%=-1354.5, 50%=-1313.0, 75%=-1271.75, 90%=-1243.699951171875, 95%=-1222.9000244140625, 98%=-1204.6800537109375
ranking_best_algo: BigLognormalDiscreteOnePlusOne
ranking_best_score: 1301.3600000000004
ranking_my_rank: 1/504 (100.0%)
ranking_my_percent: 100.0
