ConfigName: kjsd__advperagentrankweighted__M3__L18__eps0p005__g0p003__ds0p05__dm0p1
Problem: QUBO
Kernel: jsd
Advantage: peragentrankweighted
M: 3
lambda: 18
epsilon_svgd: 0.005
gamma: 0.003
decay_start_ratio: 0.05
decay_min_factor: 0.1
bandwith_kernel: None
no_interact: False
avg_score: -1141.97998046875
median_score: -1132.5
std_score: 75.81912994384766
percentiles: 2%=-1301.56005859375, 5%=-1277.0999755859375, 10%=-1254.300048828125, 25%=-1189.0, 50%=-1132.5, 75%=-1087.0, 90%=-1049.800048828125, 95%=-1032.8499755859375, 98%=-1009.9600219726562
ranking_best_algo: Tabu
ranking_best_score: 1216.16
ranking_my_rank: 152/504 (70.0%)
ranking_my_percent: 70.03968253968254
