ConfigName: kjsd__advperagentrankweighted__M3__L20__eps0p01__g0p0005__ds0p1__dm0p05
Problem: NK
Kernel: jsd
Advantage: peragentrankweighted
M: 3
lambda: 20
epsilon_svgd: 0.01
gamma: 0.0005
decay_start_ratio: 0.1
decay_min_factor: 0.05
bandwith_kernel: None
no_interact: False
avg_score: 0.7320565581321716
median_score: 0.7310998439788818
std_score: 0.010220585390925407
percentiles: 2%=0.7131946086883545, 5%=0.7164272665977478, 10%=0.719231903553009, 25%=0.7245784997940063, 50%=0.7310998439788818, 75%=0.7396234273910522, 90%=0.7456114888191223, 95%=0.7486843466758728, 98%=0.7552499175071716
ranking_best_algo: Tabu
ranking_best_score: 0.7429702712499999
ranking_my_rank: 2/504 (99.8%)
ranking_my_percent: 99.8015873015873
