ConfigName: krbf__advnormalizedfitness__M2__L8__eps0p025__g0p007__ds0p3__dm0p01
Problem: NK
Kernel: rbf
Advantage: normalizedfitness
M: 2
lambda: 8
epsilon_svgd: 0.025
gamma: 0.007
decay_start_ratio: 0.3
decay_min_factor: 0.01
bandwith_kernel: None
no_interact: False
avg_score: 0.7060415744781494
median_score: 0.7080178260803223
std_score: 0.011633404530584812
percentiles: 2%=0.686400294303894, 5%=0.6875563859939575, 10%=0.6900121569633484, 25%=0.6955523490905762, 50%=0.7080178260803223, 75%=0.7168022394180298, 90%=0.7201541662216187, 95%=0.7215176224708557, 98%=0.7228683233261108
ranking_best_algo: PBIL
ranking_best_score: 0.7013553837109374
ranking_my_rank: 1/504 (100.0%)
ranking_my_percent: 100.0
