ConfigName: kjsd__advperagentrankweighted__M3__L16__eps0p005__g0p001__ds0p2__dm0p1
Problem: QUBO
Kernel: jsd
Advantage: peragentrankweighted
M: 3
lambda: 16
epsilon_svgd: 0.005
gamma: 0.001
decay_start_ratio: 0.2
decay_min_factor: 0.1
bandwith_kernel: None
no_interact: False
avg_score: -139.27999877929688
median_score: -139.0
std_score: 12.377463340759277
percentiles: 2%=-159.02000427246094, 5%=-159.0, 10%=-157.0, 25%=-148.25, 50%=-139.0, 75%=-129.0, 90%=-125.0, 95%=-123.0, 98%=-114.95999908447266
ranking_best_algo: DiscreteDE
ranking_best_score: 143.4
ranking_my_rank: 86/504 (83.1%)
ranking_my_percent: 83.13492063492063
