ConfigName: krbf__advnormalizedfitness__M2__L8__eps0p025__g0p005__ds0p01__dm0p3
Problem: NK
Kernel: rbf
Advantage: normalizedfitness
M: 2
lambda: 8
epsilon_svgd: 0.025
gamma: 0.005
decay_start_ratio: 0.01
decay_min_factor: 0.3
bandwith_kernel: None
no_interact: False
avg_score: 0.7293592691421509
median_score: 0.7284020781517029
std_score: 0.009295332245528698
percentiles: 2%=0.713131308555603, 5%=0.7147507071495056, 10%=0.7166809439659119, 25%=0.7225168943405151, 50%=0.7284020781517029, 75%=0.7368147373199463, 90%=0.741489052772522, 95%=0.744519829750061, 98%=0.7481655478477478
ranking_best_algo: PBIL
ranking_best_score: 0.7248786399609374
ranking_my_rank: 1/504 (100.0%)
ranking_my_percent: 100.0
