ConfigName: krbf__advnormalizedfitness__M2__L10__eps0p033__g0p007__ds0p3__dm0p3
Problem: QUBO
Kernel: rbf
Advantage: normalizedfitness
M: 2
lambda: 10
epsilon_svgd: 0.033
gamma: 0.007
decay_start_ratio: 0.3
decay_min_factor: 0.3
bandwith_kernel: None
no_interact: False
avg_score: -897.219970703125
median_score: -894.5
std_score: 68.77478790283203
percentiles: 2%=-1034.1600341796875, 5%=-1016.4000244140625, 10%=-996.0999755859375, 25%=-942.25, 50%=-894.5, 75%=-858.0, 90%=-804.7999877929688, 95%=-788.8499755859375, 98%=-755.780029296875
ranking_best_algo: CMAL3
ranking_best_score: 928.5800000000002
ranking_my_rank: 80/504 (84.3%)
ranking_my_percent: 84.32539682539682
