ConfigName: krbf__advnormalizedfitness__M4__L8__eps0p025__g0p015__ds0p3__dm0p01
Problem: NK
Kernel: rbf
Advantage: normalizedfitness
M: 4
lambda: 8
epsilon_svgd: 0.025
gamma: 0.015
decay_start_ratio: 0.3
decay_min_factor: 0.01
bandwith_kernel: None
no_interact: False
avg_score: 0.7513298988342285
median_score: 0.7522488236427307
std_score: 0.014051091857254505
percentiles: 2%=0.7216490507125854, 5%=0.726386308670044, 10%=0.7319056987762451, 25%=0.7419043779373169, 50%=0.7522488236427307, 75%=0.7615951299667358, 90%=0.7706213593482971, 95%=0.771950900554657, 98%=0.772238552570343
ranking_best_algo: Tabu
ranking_best_score: 0.7657846284375001
ranking_my_rank: 17/504 (96.8%)
ranking_my_percent: 96.82539682539682
