ConfigName: krbf__advnormalizedfitness__M4__L12__eps0p025__g0p005__ds0p01__dm0p01
Problem: QUBO
Kernel: rbf
Advantage: normalizedfitness
M: 4
lambda: 12
epsilon_svgd: 0.025
gamma: 0.005
decay_start_ratio: 0.01
decay_min_factor: 0.01
bandwith_kernel: None
no_interact: False
avg_score: -2429.89990234375
median_score: -2422.0
std_score: 148.0172576904297
percentiles: 2%=-2709.219970703125, 5%=-2651.10009765625, 10%=-2634.199951171875, 25%=-2541.75, 50%=-2422.0, 75%=-2313.75, 90%=-2240.89990234375, 95%=-2209.800048828125, 98%=-2178.52001953125
ranking_best_algo: SVM1MetaModelLogNormal
ranking_best_score: 2605.14
ranking_my_rank: 90/504 (82.3%)
ranking_my_percent: 82.34126984126983
