ConfigName: kjsd__advperagentrankweighted__M3__L30__eps0p007__g0p001__ds0p1__dm0p2
Problem: NK
Kernel: jsd
Advantage: peragentrankweighted
M: 3
lambda: 30
epsilon_svgd: 0.007
gamma: 0.001
decay_start_ratio: 0.1
decay_min_factor: 0.2
bandwith_kernel: None
no_interact: False
avg_score: 0.7396836876869202
median_score: 0.739937424659729
std_score: 0.013912472873926163
percentiles: 2%=0.7131919264793396, 5%=0.7153717875480652, 10%=0.7186961770057678, 25%=0.7306661009788513, 50%=0.739937424659729, 75%=0.7485693097114563, 90%=0.7589930295944214, 95%=0.7610883712768555, 98%=0.7652177810668945
ranking_best_algo: Tabu
ranking_best_score: 0.7601875690625
ranking_my_rank: 15/504 (97.2%)
ranking_my_percent: 97.22222222222223
