ConfigName: krbf__advnormalizedfitness__M2__L8__eps0p015__g0p01__ds0p3__dm0p3
Problem: QUBO
Kernel: rbf
Advantage: normalizedfitness
M: 2
lambda: 8
epsilon_svgd: 0.015
gamma: 0.01
decay_start_ratio: 0.3
decay_min_factor: 0.3
bandwith_kernel: None
no_interact: False
avg_score: -1176.5400390625
median_score: -1173.5
std_score: 60.93708419799805
percentiles: 2%=-1311.199951171875, 5%=-1275.9000244140625, 10%=-1261.5999755859375, 25%=-1211.75, 50%=-1173.5, 75%=-1130.25, 90%=-1101.800048828125, 95%=-1085.75, 98%=-1076.43994140625
ranking_best_algo: Tabu
ranking_best_score: 1216.16
ranking_my_rank: 82/504 (83.9%)
ranking_my_percent: 83.92857142857143
