ConfigName: kjsd__advperagentrankweighted__M4__L30__eps0p005__g0p0007__ds0p2__dm0p05
Problem: QUBO
Kernel: jsd
Advantage: peragentrankweighted
M: 4
lambda: 30
epsilon_svgd: 0.005
gamma: 0.0007
decay_start_ratio: 0.2
decay_min_factor: 0.05
bandwith_kernel: None
no_interact: False
avg_score: -569.9400024414062
median_score: -570.0
std_score: 27.52446937561035
percentiles: 2%=-629.0399780273438, 5%=-617.2000122070312, 10%=-607.0, 25%=-587.25, 50%=-570.0, 75%=-549.0, 90%=-536.0, 95%=-529.0, 98%=-526.9600219726562
ranking_best_algo: Tabu
ranking_best_score: 588.7199999999999
ranking_my_rank: 71/503 (86.1%)
ranking_my_percent: 86.08349900596421
