ConfigName: kjsd__advperagentrankweighted__M4__L12__eps0p01__g0p0007__ds0p4__dm0p05
Problem: NK
Kernel: jsd
Advantage: peragentrankweighted
M: 4
lambda: 12
epsilon_svgd: 0.01
gamma: 0.0007
decay_start_ratio: 0.4
decay_min_factor: 0.05
bandwith_kernel: None
no_interact: False
avg_score: 0.754122793674469
median_score: 0.7542896866798401
std_score: 0.011617578566074371
percentiles: 2%=0.7304781079292297, 5%=0.733616292476654, 10%=0.7409558296203613, 25%=0.7461240291595459, 50%=0.7542896866798401, 75%=0.7615442872047424, 90%=0.7707955837249756, 95%=0.773338258266449, 98%=0.7757000923156738
ranking_best_algo: Tabu
ranking_best_score: 0.7470791764843752
ranking_my_rank: 1/504 (100.0%)
ranking_my_percent: 100.0
