ConfigName: kjsd__advperagentrankweighted__M4__L8__eps0p01__g0p0003__ds0p05__dm0p05
Problem: QUBO
Kernel: jsd
Advantage: peragentrankweighted
M: 4
lambda: 8
epsilon_svgd: 0.01
gamma: 0.0003
decay_start_ratio: 0.05
decay_min_factor: 0.05
bandwith_kernel: None
no_interact: False
avg_score: -570.2000122070312
median_score: -570.0
std_score: 32.868831634521484
percentiles: 2%=-633.1199951171875, 5%=-625.2999877929688, 10%=-611.0999755859375, 25%=-590.0, 50%=-570.0, 75%=-550.75, 90%=-531.0, 95%=-513.9500122070312, 98%=-503.8800048828125
ranking_best_algo: Tabu
ranking_best_score: 588.7199999999999
ranking_my_rank: 70/503 (86.3%)
ranking_my_percent: 86.28230616302187
