ConfigName: krbf__advnormalizedfitness__M4__L24__eps0p02__g0p0005__ds0p05__dm0p05
Problem: NK
Kernel: rbf
Advantage: normalizedfitness
M: 4
lambda: 24
epsilon_svgd: 0.02
gamma: 0.0005
decay_start_ratio: 0.05
decay_min_factor: 0.05
bandwith_kernel: None
no_interact: False
avg_score: 0.7074426412582397
median_score: 0.7092630863189697
std_score: 0.015520285815000534
percentiles: 2%=0.6682336926460266, 5%=0.6718140840530396, 10%=0.6909372210502625, 25%=0.7025476694107056, 50%=0.7092630863189697, 75%=0.716174840927124, 90%=0.7250486612319946, 95%=0.7310186624526978, 98%=0.7324298024177551
ranking_best_algo: CMApara
ranking_best_score: 0.707475975
ranking_my_rank: 2/504 (99.8%)
ranking_my_percent: 99.8015873015873
