ConfigName: kjsd__advperagentrankweighted__M6__L8__eps0p02__g0p0003__ds0p05__dm0p05
Problem: QUBO
Kernel: jsd
Advantage: peragentrankweighted
M: 6
lambda: 8
epsilon_svgd: 0.02
gamma: 0.0003
decay_start_ratio: 0.05
decay_min_factor: 0.05
bandwith_kernel: None
no_interact: False
avg_score: -1166.9000244140625
median_score: -1161.5
std_score: 60.56145477294922
percentiles: 2%=-1307.5999755859375, 5%=-1291.0999755859375, 10%=-1255.300048828125, 25%=-1196.5, 50%=-1161.5, 75%=-1128.75, 90%=-1091.5, 95%=-1079.9000244140625, 98%=-1070.97998046875
ranking_best_algo: Tabu
ranking_best_score: 1216.16
ranking_my_rank: 93/504 (81.7%)
ranking_my_percent: 81.74603174603175
