ConfigName: kjsd__advperagentrankweighted__M3__L18__eps0p007__g0p0005__ds0p2__dm0p1
Problem: QUBO
Kernel: jsd
Advantage: peragentrankweighted
M: 3
lambda: 18
epsilon_svgd: 0.007
gamma: 0.0005
decay_start_ratio: 0.2
decay_min_factor: 0.1
bandwith_kernel: None
no_interact: False
avg_score: -1185.260009765625
median_score: -1186.5
std_score: 67.61266326904297
percentiles: 2%=-1315.3599853515625, 5%=-1298.0, 10%=-1282.300048828125, 25%=-1224.25, 50%=-1186.5, 75%=-1143.5, 90%=-1098.800048828125, 95%=-1073.800048828125, 98%=-1053.780029296875
ranking_best_algo: Tabu
ranking_best_score: 1216.16
ranking_my_rank: 64/504 (87.5%)
ranking_my_percent: 87.5
