ConfigName: krbf__advnormalizedfitness__M3__L8__eps0p025__g0p015__ds0p01__dm0p3
Problem: NK
Kernel: rbf
Advantage: normalizedfitness
M: 3
lambda: 8
epsilon_svgd: 0.025
gamma: 0.015
decay_start_ratio: 0.01
decay_min_factor: 0.3
bandwith_kernel: None
no_interact: False
avg_score: 0.7164430022239685
median_score: 0.7182900309562683
std_score: 0.0219747181981802
percentiles: 2%=0.6709398627281189, 5%=0.678568422794342, 10%=0.6878717541694641, 25%=0.7006046772003174, 50%=0.7182900309562683, 75%=0.7323298454284668, 90%=0.7442815899848938, 95%=0.7478257417678833, 98%=0.7648074626922607
ranking_best_algo: Tabu
ranking_best_score: 0.7601875690625
ranking_my_rank: 210/504 (58.5%)
ranking_my_percent: 58.53174603174603
