ConfigName: krbf__advnormalizedfitness__M4__L15__eps0p025__g0p005__ds0p05__dm0p05
Problem: NK
Kernel: rbf
Advantage: normalizedfitness
M: 4
lambda: 15
epsilon_svgd: 0.025
gamma: 0.005
decay_start_ratio: 0.05
decay_min_factor: 0.05
bandwith_kernel: None
no_interact: False
avg_score: 0.7109646797180176
median_score: 0.7114494442939758
std_score: 0.015058092772960663
percentiles: 2%=0.6734786033630371, 5%=0.6737706065177917, 10%=0.6976694464683533, 25%=0.7081202864646912, 50%=0.7114494442939758, 75%=0.7196457386016846, 90%=0.725540041923523, 95%=0.732656717300415, 98%=0.7331840991973877
ranking_best_algo: CMApara
ranking_best_score: 0.707475975
ranking_my_rank: 1/504 (100.0%)
ranking_my_percent: 100.0
