ConfigName: krbf__advnormalizedfitness__M4__L12__eps0p033__g0p01__ds0p01__dm0p3
Problem: NK
Kernel: rbf
Advantage: normalizedfitness
M: 4
lambda: 12
epsilon_svgd: 0.033
gamma: 0.01
decay_start_ratio: 0.01
decay_min_factor: 0.3
bandwith_kernel: None
no_interact: False
avg_score: 0.5779675841331482
median_score: 0.5781362056732178
std_score: 0.00597451301291585
percentiles: 2%=0.569208025932312, 5%=0.5693764090538025, 10%=0.5705463290214539, 25%=0.5729004144668579, 50%=0.5781362056732178, 75%=0.5814316868782043, 90%=0.5842845439910889, 95%=0.5891000032424927, 98%=0.5925238728523254
ranking_best_algo: PBIL
ranking_best_score: 0.7170882103515624
ranking_my_rank: 385/504 (23.8%)
ranking_my_percent: 23.80952380952381
