ConfigName: krbf__advnormalizedfitness__M3__L10__eps0p025__g0p005__ds0p3__dm0p3
Problem: NK
Kernel: rbf
Advantage: normalizedfitness
M: 3
lambda: 10
epsilon_svgd: 0.025
gamma: 0.005
decay_start_ratio: 0.3
decay_min_factor: 0.3
bandwith_kernel: None
no_interact: False
avg_score: 0.7576842308044434
median_score: 0.7588112354278564
std_score: 0.012990632094442844
percentiles: 2%=0.7323680520057678, 5%=0.7365458607673645, 10%=0.7399466633796692, 25%=0.7472314238548279, 50%=0.7588112354278564, 75%=0.7692538499832153, 90%=0.7742694020271301, 95%=0.7769254446029663, 98%=0.7775318622589111
ranking_best_algo: Tabu
ranking_best_score: 0.7470791764843752
ranking_my_rank: 1/504 (100.0%)
ranking_my_percent: 100.0
