ConfigName: kjsd__advperagentrankweighted__M4__L10__eps0p01__g0p0003__ds0p05__dm0p05
Problem: NK
Kernel: jsd
Advantage: peragentrankweighted
M: 4
lambda: 10
epsilon_svgd: 0.01
gamma: 0.0003
decay_start_ratio: 0.05
decay_min_factor: 0.05
bandwith_kernel: None
no_interact: False
avg_score: 0.7472332119941711
median_score: 0.7472435235977173
std_score: 0.015485593117773533
percentiles: 2%=0.7175460457801819, 5%=0.7206941246986389, 10%=0.7279757261276245, 25%=0.7368214726448059, 50%=0.7472435235977173, 75%=0.7575317621231079, 90%=0.7686409950256348, 95%=0.7736838459968567, 98%=0.7780677080154419
ranking_best_algo: Tabu
ranking_best_score: 0.7657846284375001
ranking_my_rank: 35/504 (93.3%)
ranking_my_percent: 93.25396825396825
