ConfigName: krbf__advnormalizedfitness__M3__L10__eps0p025__g0p005__ds0p01__dm0p3
Problem: QUBO
Kernel: rbf
Advantage: normalizedfitness
M: 3
lambda: 10
epsilon_svgd: 0.025
gamma: 0.005
decay_start_ratio: 0.01
decay_min_factor: 0.3
bandwith_kernel: None
no_interact: False
avg_score: -3212.56005859375
median_score: -3200.0
std_score: 125.53742218017578
percentiles: 2%=-3438.47998046875, 5%=-3416.35009765625, 10%=-3390.699951171875, 25%=-3294.75, 50%=-3200.0, 75%=-3126.5, 90%=-3043.300048828125, 95%=-2999.85009765625, 98%=-2983.83984375
ranking_best_algo: RLSOnePlusOne
ranking_best_score: 3316.5199999999995
ranking_my_rank: 48/504 (90.7%)
ranking_my_percent: 90.67460317460318
