ConfigName: krbf__advnormalizedfitness__M3__L12__eps0p033__g0p015__ds0p3__dm0p01
Problem: NK
Kernel: rbf
Advantage: normalizedfitness
M: 3
lambda: 12
epsilon_svgd: 0.033
gamma: 0.015
decay_start_ratio: 0.3
decay_min_factor: 0.01
bandwith_kernel: None
no_interact: False
avg_score: 0.6828814744949341
median_score: 0.6816897392272949
std_score: 0.020053714513778687
percentiles: 2%=0.6461691856384277, 5%=0.6555482149124146, 10%=0.6581091284751892, 25%=0.666972279548645, 50%=0.6816897392272949, 75%=0.6965689063072205, 90%=0.7088927626609802, 95%=0.7169012427330017, 98%=0.7233220934867859
ranking_best_algo: Tabu
ranking_best_score: 0.7429702712499999
ranking_my_rank: 269/504 (46.8%)
ranking_my_percent: 46.82539682539682
