ConfigName: krbf__advnormalizedfitness__M4__L8__eps0p033__g0p01__ds0p3__dm0p01
Problem: QUBO
Kernel: rbf
Advantage: normalizedfitness
M: 4
lambda: 8
epsilon_svgd: 0.033
gamma: 0.01
decay_start_ratio: 0.3
decay_min_factor: 0.01
bandwith_kernel: None
no_interact: False
avg_score: -202.60000610351562
median_score: -203.0
std_score: 12.92284870147705
percentiles: 2%=-224.0, 5%=-224.0, 10%=-221.10000610351562, 25%=-211.25, 50%=-203.0, 75%=-195.0, 90%=-185.0, 95%=-180.0, 98%=-172.97999572753906
ranking_best_algo: Tabu
ranking_best_score: 208.36000000000004
ranking_my_rank: 34/504 (93.5%)
ranking_my_percent: 93.45238095238095
