ConfigName: krbf__advnormalizedfitness__M3__L8__eps0p015__g0p01__ds0p3__dm0p01
Problem: QUBO
Kernel: rbf
Advantage: normalizedfitness
M: 3
lambda: 8
epsilon_svgd: 0.015
gamma: 0.01
decay_start_ratio: 0.3
decay_min_factor: 0.01
bandwith_kernel: None
no_interact: False
avg_score: -1140.97998046875
median_score: -1133.5
std_score: 76.66120147705078
percentiles: 2%=-1330.260009765625, 5%=-1262.2999267578125, 10%=-1236.199951171875, 25%=-1191.5, 50%=-1133.5, 75%=-1088.0, 90%=-1050.800048828125, 95%=-1025.0, 98%=-1016.8800048828125
ranking_best_algo: SVMMetaModelLogNormal
ranking_best_score: 1233.7999999999997
ranking_my_rank: 95/504 (81.3%)
ranking_my_percent: 81.34920634920636
