ConfigName: kjsd__advperagentrankweighted__M3__L18__eps0p005__g0p0005__ds0p05__dm0p1
Problem: QUBO
Kernel: jsd
Advantage: peragentrankweighted
M: 3
lambda: 18
epsilon_svgd: 0.005
gamma: 0.0005
decay_start_ratio: 0.05
decay_min_factor: 0.1
bandwith_kernel: None
no_interact: False
avg_score: -1309.739990234375
median_score: -1315.0
std_score: 52.70135498046875
percentiles: 2%=-1415.0400390625, 5%=-1392.0999755859375, 10%=-1370.0, 25%=-1344.25, 50%=-1315.0, 75%=-1276.5, 90%=-1242.9000244140625, 95%=-1220.5999755859375, 98%=-1200.1199951171875
ranking_best_algo: BigLognormalDiscreteOnePlusOne
ranking_best_score: 1301.3600000000004
ranking_my_rank: 1/504 (100.0%)
ranking_my_percent: 100.0
