ConfigName: krbf__advnormalizedfitness__M3__L12__eps0p025__g0p005__ds0p3__dm0p01
Problem: QUBO
Kernel: rbf
Advantage: normalizedfitness
M: 3
lambda: 12
epsilon_svgd: 0.025
gamma: 0.005
decay_start_ratio: 0.3
decay_min_factor: 0.01
bandwith_kernel: None
no_interact: False
avg_score: -330.79998779296875
median_score: -334.0
std_score: 21.542516708374023
percentiles: 2%=-372.0, 5%=-361.0, 10%=-354.0, 25%=-343.0, 50%=-334.0, 75%=-319.5, 90%=-297.79998779296875, 95%=-289.9000244140625, 98%=-286.0
ranking_best_algo: CMApara
ranking_best_score: 344.22
ranking_my_rank: 77/504 (84.9%)
ranking_my_percent: 84.92063492063492
