ConfigName: kjsd__advperagentrankweighted__M3__L18__eps0p007__g0p0005__ds0p2__dm0p05
Problem: QUBO
Kernel: jsd
Advantage: peragentrankweighted
M: 3
lambda: 18
epsilon_svgd: 0.007
gamma: 0.0005
decay_start_ratio: 0.2
decay_min_factor: 0.05
bandwith_kernel: None
no_interact: False
avg_score: -2596.780029296875
median_score: -2601.5
std_score: 121.25804138183594
percentiles: 2%=-2828.02001953125, 5%=-2808.5, 10%=-2777.0, 25%=-2685.0, 50%=-2601.5, 75%=-2494.5, 90%=-2437.5, 95%=-2425.39990234375, 98%=-2399.56005859375
ranking_best_algo: SVM1MetaModelLogNormal
ranking_best_score: 2605.14
ranking_my_rank: 10/504 (98.2%)
ranking_my_percent: 98.21428571428571
