ConfigName: kjsd__advperagentrankweighted__M3__L18__eps0p005__g0p003__ds0p2__dm0p1
Problem: NK
Kernel: jsd
Advantage: peragentrankweighted
M: 3
lambda: 18
epsilon_svgd: 0.005
gamma: 0.003
decay_start_ratio: 0.2
decay_min_factor: 0.1
bandwith_kernel: None
no_interact: False
avg_score: 0.7506823539733887
median_score: 0.7514806389808655
std_score: 0.013350820168852806
percentiles: 2%=0.7188913822174072, 5%=0.7285445928573608, 10%=0.7336205840110779, 25%=0.7412968873977661, 50%=0.7514806389808655, 75%=0.759764552116394, 90%=0.7681134939193726, 95%=0.7707952857017517, 98%=0.7719681262969971
ranking_best_algo: Tabu
ranking_best_score: 0.7657846284375001
ranking_my_rank: 21/504 (96.0%)
ranking_my_percent: 96.03174603174604
