ConfigName: kjsd__advperagentrankweighted__M3__L24__eps0p007__g0p0005__ds0p05__dm0p1
Problem: NK
Kernel: jsd
Advantage: peragentrankweighted
M: 3
lambda: 24
epsilon_svgd: 0.007
gamma: 0.0005
decay_start_ratio: 0.05
decay_min_factor: 0.1
bandwith_kernel: None
no_interact: False
avg_score: 0.7324585914611816
median_score: 0.73285973072052
std_score: 0.010246511548757553
percentiles: 2%=0.7147408723831177, 5%=0.7166976928710938, 10%=0.7203246355056763, 25%=0.7250786423683167, 50%=0.73285973072052, 75%=0.739011287689209, 90%=0.7458764910697937, 95%=0.7509611248970032, 98%=0.7538139820098877
ranking_best_algo: Tabu
ranking_best_score: 0.7429702712499999
ranking_my_rank: 2/504 (99.8%)
ranking_my_percent: 99.8015873015873
