ConfigName: krbf__advnormalizedfitness__M4__L10__eps0p033__g0p01__ds0p01__dm0p3
Problem: QUBO
Kernel: rbf
Advantage: normalizedfitness
M: 4
lambda: 10
epsilon_svgd: 0.033
gamma: 0.01
decay_start_ratio: 0.01
decay_min_factor: 0.3
bandwith_kernel: None
no_interact: False
avg_score: -1135.5400390625
median_score: -1135.5
std_score: 69.25408935546875
percentiles: 2%=-1321.1400146484375, 5%=-1225.5, 10%=-1205.0999755859375, 25%=-1179.25, 50%=-1135.5, 75%=-1089.5, 90%=-1039.800048828125, 95%=-1021.0, 98%=-1001.9400024414062
ranking_best_algo: Tabu
ranking_best_score: 1216.16
ranking_my_rank: 156/504 (69.2%)
ranking_my_percent: 69.24603174603175
