ConfigName: krbf__advnormalizedfitness__M1__L8__eps0p025__g0p01__ds0p15__dm0p3
Problem: NK
Kernel: rbf
Advantage: normalizedfitness
M: 1
lambda: 8
epsilon_svgd: 0.025
gamma: 0.01
decay_start_ratio: 0.15
decay_min_factor: 0.3
bandwith_kernel: None
no_interact: False
avg_score: 0.7047839164733887
median_score: 0.7067197561264038
std_score: 0.015881353989243507
percentiles: 2%=0.6639774441719055, 5%=0.6644720435142517, 10%=0.6891989707946777, 25%=0.7002415657043457, 50%=0.7067197561264038, 75%=0.712250292301178, 90%=0.7231920957565308, 95%=0.7284472584724426, 98%=0.7297253012657166
ranking_best_algo: CMApara
ranking_best_score: 0.707475975
ranking_my_rank: 9/504 (98.4%)
ranking_my_percent: 98.41269841269842
