ConfigName: krbf__advnormalizedfitness__M4__L8__eps0p033__g0p007__ds0p15__dm0p3
Problem: QUBO
Kernel: rbf
Advantage: normalizedfitness
M: 4
lambda: 8
epsilon_svgd: 0.033
gamma: 0.007
decay_start_ratio: 0.15
decay_min_factor: 0.3
bandwith_kernel: None
no_interact: False
avg_score: -933.0399780273438
median_score: -936.0
std_score: 69.67767333984375
percentiles: 2%=-1074.0400390625, 5%=-1072.0, 10%=-1019.5999755859375, 25%=-970.75, 50%=-936.0, 75%=-888.25, 90%=-828.7999877929688, 95%=-822.6000366210938, 98%=-810.97998046875
ranking_best_algo: CMApara
ranking_best_score: 964.9
ranking_my_rank: 19/504 (96.4%)
ranking_my_percent: 96.42857142857143
