ConfigName: krbf__advnormalizedfitness__M3__L10__eps0p015__g0p01__ds0p3__dm0p01
Problem: QUBO
Kernel: rbf
Advantage: normalizedfitness
M: 3
lambda: 10
epsilon_svgd: 0.015
gamma: 0.01
decay_start_ratio: 0.3
decay_min_factor: 0.01
bandwith_kernel: None
no_interact: False
avg_score: -1175.02001953125
median_score: -1170.0
std_score: 90.05054473876953
percentiles: 2%=-1339.300048828125, 5%=-1314.699951171875, 10%=-1295.199951171875, 25%=-1243.5, 50%=-1170.0, 75%=-1107.0, 90%=-1056.9000244140625, 95%=-1038.9000244140625, 98%=-1024.719970703125
ranking_best_algo: BigLognormalDiscreteOnePlusOne
ranking_best_score: 1301.3600000000004
ranking_my_rank: 98/504 (80.8%)
ranking_my_percent: 80.75396825396825
