ConfigName: krbf__advnormalizedfitness__M3__L8__eps0p025__g0p01__ds0p3__dm0p3
Problem: NK
Kernel: rbf
Advantage: normalizedfitness
M: 3
lambda: 8
epsilon_svgd: 0.025
gamma: 0.01
decay_start_ratio: 0.3
decay_min_factor: 0.3
bandwith_kernel: None
no_interact: False
avg_score: 0.730608344078064
median_score: 0.7330647706985474
std_score: 0.009428884834051132
percentiles: 2%=0.7091277837753296, 5%=0.7123849987983704, 10%=0.7165787220001221, 25%=0.7246971130371094, 50%=0.7330647706985474, 75%=0.7371934056282043, 90%=0.7419576048851013, 95%=0.7435013055801392, 98%=0.7439731955528259
ranking_best_algo: PBIL
ranking_best_score: 0.7248786399609374
ranking_my_rank: 1/504 (100.0%)
ranking_my_percent: 100.0
