ConfigName: krbf__advnormalizedfitness__M2__L8__eps0p015__g0p005__ds0p3__dm0p01
Problem: NK
Kernel: rbf
Advantage: normalizedfitness
M: 2
lambda: 8
epsilon_svgd: 0.015
gamma: 0.005
decay_start_ratio: 0.3
decay_min_factor: 0.01
bandwith_kernel: None
no_interact: False
avg_score: 0.7494785189628601
median_score: 0.748018741607666
std_score: 0.014800472185015678
percentiles: 2%=0.7242500185966492, 5%=0.7273830771446228, 10%=0.7326715588569641, 25%=0.7395910620689392, 50%=0.748018741607666, 75%=0.7586236596107483, 90%=0.7701293230056763, 95%=0.7726824283599854, 98%=0.7820991277694702
ranking_best_algo: Tabu
ranking_best_score: 0.7657846284375001
ranking_my_rank: 29/504 (94.4%)
ranking_my_percent: 94.44444444444444
