ConfigName: krbf__advnormalizedfitness__M3__L15__eps0p033__g0p007__ds0p3__dm0p3
Problem: NK
Kernel: rbf
Advantage: normalizedfitness
M: 3
lambda: 15
epsilon_svgd: 0.033
gamma: 0.007
decay_start_ratio: 0.3
decay_min_factor: 0.3
bandwith_kernel: None
no_interact: False
avg_score: 0.7296673655509949
median_score: 0.7323129177093506
std_score: 0.010110965929925442
percentiles: 2%=0.7047019004821777, 5%=0.7098754644393921, 10%=0.7149161696434021, 25%=0.7234984636306763, 50%=0.7323129177093506, 75%=0.7370162010192871, 90%=0.7405605316162109, 95%=0.7421597242355347, 98%=0.7439040541648865
ranking_best_algo: PBIL
ranking_best_score: 0.7248786399609374
ranking_my_rank: 1/504 (100.0%)
ranking_my_percent: 100.0
