ConfigName: kjsd__advperagentrankweighted__M2__L20__eps0p005__g0p0005__ds0p1__dm0p1
Problem: QUBO
Kernel: jsd
Advantage: peragentrankweighted
M: 2
lambda: 20
epsilon_svgd: 0.005
gamma: 0.0005
decay_start_ratio: 0.1
decay_min_factor: 0.1
bandwith_kernel: None
no_interact: False
avg_score: -565.9199829101562
median_score: -566.5
std_score: 32.986568450927734
percentiles: 2%=-631.0, 5%=-627.0999755859375, 10%=-609.0999755859375, 25%=-586.25, 50%=-566.5, 75%=-548.75, 90%=-520.9000244140625, 95%=-509.8500061035156, 98%=-495.8599853515625
ranking_best_algo: Tabu
ranking_best_score: 588.7199999999999
ranking_my_rank: 91/503 (82.1%)
ranking_my_percent: 82.10735586481114
