ConfigName: kjsd__advperagentrankweighted__M3__L20__eps0p005__g0p0005__ds0p1__dm0p05
Problem: NK
Kernel: jsd
Advantage: peragentrankweighted
M: 3
lambda: 20
epsilon_svgd: 0.005
gamma: 0.0005
decay_start_ratio: 0.1
decay_min_factor: 0.05
bandwith_kernel: None
no_interact: False
avg_score: 0.7373651266098022
median_score: 0.7387965321540833
std_score: 0.008951443247497082
percentiles: 2%=0.7209561467170715, 5%=0.7218348383903503, 10%=0.7238934636116028, 25%=0.7294261455535889, 50%=0.7387965321540833, 75%=0.7439682483673096, 90%=0.7468099594116211, 95%=0.7497482299804688, 98%=0.7546091079711914
ranking_best_algo: PBIL
ranking_best_score: 0.730509098125
ranking_my_rank: 1/504 (100.0%)
ranking_my_percent: 100.0
