ConfigName: kjsd__advperagentrankweighted__M3__L24__eps0p007__g0p0005__ds0p05__dm0p05
Problem: NK
Kernel: jsd
Advantage: peragentrankweighted
M: 3
lambda: 24
epsilon_svgd: 0.007
gamma: 0.0005
decay_start_ratio: 0.05
decay_min_factor: 0.05
bandwith_kernel: None
no_interact: False
avg_score: 0.7417566776275635
median_score: 0.7409874200820923
std_score: 0.015085236169397831
percentiles: 2%=0.719100296497345, 5%=0.7212833166122437, 10%=0.7230926156044006, 25%=0.7301062941551208, 50%=0.7409874200820923, 75%=0.7518576979637146, 90%=0.761265218257904, 95%=0.7675930261611938, 98%=0.7730973958969116
ranking_best_algo: Tabu
ranking_best_score: 0.7601875690625
ranking_my_rank: 12/504 (97.8%)
ranking_my_percent: 97.81746031746032
