ConfigName: kjsd__advperagentrankweighted__M3__L30__eps0p007__g0p001__ds0p05__dm0p05
Problem: QUBO
Kernel: jsd
Advantage: peragentrankweighted
M: 3
lambda: 30
epsilon_svgd: 0.007
gamma: 0.001
decay_start_ratio: 0.05
decay_min_factor: 0.05
bandwith_kernel: None
no_interact: False
avg_score: -427.8999938964844
median_score: -428.0
std_score: 28.133787155151367
percentiles: 2%=-477.0400085449219, 5%=-473.0, 10%=-467.20001220703125, 25%=-447.25, 50%=-428.0, 75%=-410.5, 90%=-388.6000061035156, 95%=-377.95001220703125, 98%=-372.94000244140625
ranking_best_algo: CMAL3
ranking_best_score: 435.36
ranking_my_rank: 16/504 (97.0%)
ranking_my_percent: 97.02380952380952
