ConfigName: kjsd__advperagentrankweighted__M3__L18__eps0p007__g0p001__ds0p1__dm0p2
Problem: NK
Kernel: jsd
Advantage: peragentrankweighted
M: 3
lambda: 18
epsilon_svgd: 0.007
gamma: 0.001
decay_start_ratio: 0.1
decay_min_factor: 0.2
bandwith_kernel: None
no_interact: False
avg_score: 0.7320387959480286
median_score: 0.7320103645324707
std_score: 0.009212637320160866
percentiles: 2%=0.7150915861129761, 5%=0.7165226340293884, 10%=0.7205908298492432, 25%=0.7251251935958862, 50%=0.7320103645324707, 75%=0.7375032901763916, 90%=0.7446105480194092, 95%=0.7476053237915039, 98%=0.7495018243789673
ranking_best_algo: Tabu
ranking_best_score: 0.7429702712499999
ranking_my_rank: 2/504 (99.8%)
ranking_my_percent: 99.8015873015873
