ConfigName: kjsd__advperagentrankweighted__M3__L30__eps0p005__g0p0005__ds0p2__dm0p2
Problem: QUBO
Kernel: jsd
Advantage: peragentrankweighted
M: 3
lambda: 30
epsilon_svgd: 0.005
gamma: 0.0005
decay_start_ratio: 0.2
decay_min_factor: 0.2
bandwith_kernel: None
no_interact: False
avg_score: -575.1199951171875
median_score: -570.0
std_score: 28.544450759887695
percentiles: 2%=-639.0800170898438, 5%=-627.0, 10%=-619.2000122070312, 25%=-592.0, 50%=-570.0, 75%=-556.75, 90%=-542.7999877929688, 95%=-528.0, 98%=-526.9600219726562
ranking_best_algo: Tabu
ranking_best_score: 588.7199999999999
ranking_my_rank: 57/503 (88.9%)
ranking_my_percent: 88.86679920477137
