ConfigName: kjsd__advperagentrankweighted__M3__L20__eps0p007__g0p003__ds0p1__dm0p2
Problem: QUBO
Kernel: jsd
Advantage: peragentrankweighted
M: 3
lambda: 20
epsilon_svgd: 0.007
gamma: 0.003
decay_start_ratio: 0.1
decay_min_factor: 0.2
bandwith_kernel: None
no_interact: False
avg_score: -308.17999267578125
median_score: -310.0
std_score: 39.09383010864258
percentiles: 2%=-390.1199951171875, 5%=-380.29998779296875, 10%=-353.20001220703125, 25%=-332.5, 50%=-310.0, 75%=-272.0, 90%=-261.8999938964844, 95%=-253.0, 98%=-246.0
ranking_best_algo: CMApara
ranking_best_score: 319.29999999999995
ranking_my_rank: 90/504 (82.3%)
ranking_my_percent: 82.34126984126983
