ConfigName: krbf__advnormalizedfitness__M2__L10__eps0p015__g0p007__ds0p3__dm0p3
Problem: QUBO
Kernel: rbf
Advantage: normalizedfitness
M: 2
lambda: 10
epsilon_svgd: 0.015
gamma: 0.007
decay_start_ratio: 0.3
decay_min_factor: 0.3
bandwith_kernel: None
no_interact: False
avg_score: -440.1199951171875
median_score: -442.5
std_score: 27.001955032348633
percentiles: 2%=-489.05999755859375, 5%=-481.1000061035156, 10%=-472.0, 25%=-460.0, 50%=-442.5, 75%=-417.75, 90%=-403.0, 95%=-395.6499938964844, 98%=-384.0
ranking_best_algo: CMApara
ranking_best_score: 453.82
ranking_my_rank: 15/504 (97.2%)
ranking_my_percent: 97.22222222222223
