ConfigName: krbf__advnormalizedfitness__M2__L6__eps0p02__g0p006__ds0p01__dm0p01
Problem: QUBO
Kernel: rbf
Advantage: normalizedfitness
M: 2
lambda: 6
epsilon_svgd: 0.02
gamma: 0.006
decay_start_ratio: 0.01
decay_min_factor: 0.01
bandwith_kernel: None
no_interact: False
avg_score: -917.7000122070312
median_score: -913.0
std_score: 63.19216537475586
percentiles: 2%=-1054.1199951171875, 5%=-1036.300048828125, 10%=-1006.5, 25%=-948.0, 50%=-913.0, 75%=-873.75, 90%=-846.7999877929688, 95%=-818.800048828125, 98%=-794.679931640625
ranking_best_algo: CMApara
ranking_best_score: 964.9
ranking_my_rank: 66/504 (87.1%)
ranking_my_percent: 87.10317460317461
