ConfigName: krbf__advnormalizedfitness__M4__L15__eps0p033__g0p005__ds0p15__dm0p3
Problem: QUBO
Kernel: rbf
Advantage: normalizedfitness
M: 4
lambda: 15
epsilon_svgd: 0.033
gamma: 0.005
decay_start_ratio: 0.15
decay_min_factor: 0.3
bandwith_kernel: None
no_interact: False
avg_score: -439.9200134277344
median_score: -440.5
std_score: 27.657073974609375
percentiles: 2%=-489.05999755859375, 5%=-483.20001220703125, 10%=-481.0, 25%=-459.5, 50%=-440.5, 75%=-417.75, 90%=-404.0, 95%=-398.95001220703125, 98%=-391.7999572753906
ranking_best_algo: CMApara
ranking_best_score: 453.82
ranking_my_rank: 16/504 (97.0%)
ranking_my_percent: 97.02380952380952
