ConfigName: krbf__advnormalizedfitness__M3__L8__eps0p025__g0p01__ds0p15__dm0p01
Problem: QUBO
Kernel: rbf
Advantage: normalizedfitness
M: 3
lambda: 8
epsilon_svgd: 0.025
gamma: 0.01
decay_start_ratio: 0.15
decay_min_factor: 0.01
bandwith_kernel: None
no_interact: False
avg_score: -1194.93994140625
median_score: -1188.0
std_score: 65.02965545654297
percentiles: 2%=-1361.0400390625, 5%=-1329.199951171875, 10%=-1273.199951171875, 25%=-1233.5, 50%=-1188.0, 75%=-1155.5, 90%=-1125.5999755859375, 95%=-1101.800048828125, 98%=-1058.8599853515625
ranking_best_algo: Tabu
ranking_best_score: 1216.16
ranking_my_rank: 48/504 (90.7%)
ranking_my_percent: 90.67460317460318
