ConfigName: krbf__advnormalizedfitness__M3__L10__eps0p015__g0p007__ds0p3__dm0p01
Problem: NK
Kernel: rbf
Advantage: normalizedfitness
M: 3
lambda: 10
epsilon_svgd: 0.015
gamma: 0.007
decay_start_ratio: 0.3
decay_min_factor: 0.01
bandwith_kernel: None
no_interact: False
avg_score: 0.7334845662117004
median_score: 0.7332613468170166
std_score: 0.012878072448074818
percentiles: 2%=0.7046661972999573, 5%=0.7122634649276733, 10%=0.7157975435256958, 25%=0.7258159518241882, 50%=0.7332613468170166, 75%=0.7434625625610352, 90%=0.7497271299362183, 95%=0.7511724829673767, 98%=0.754583477973938
ranking_best_algo: PBIL
ranking_best_score: 0.733570253046875
ranking_my_rank: 2/504 (99.8%)
ranking_my_percent: 99.8015873015873
