ConfigName: kjsd__advperagentrankweighted__M3__L16__eps0p005__g0p003__ds0p1__dm0p2
Problem: NK
Kernel: jsd
Advantage: peragentrankweighted
M: 3
lambda: 16
epsilon_svgd: 0.005
gamma: 0.003
decay_start_ratio: 0.1
decay_min_factor: 0.2
bandwith_kernel: None
no_interact: False
avg_score: 0.694874107837677
median_score: 0.6965233683586121
std_score: 0.01515782717615366
percentiles: 2%=0.6687833666801453, 5%=0.6736797094345093, 10%=0.6749977469444275, 25%=0.6836940050125122, 50%=0.6965233683586121, 75%=0.7045544385910034, 90%=0.7138386964797974, 95%=0.7197012901306152, 98%=0.722579836845398
ranking_best_algo: PBIL
ranking_best_score: 0.733570253046875
ranking_my_rank: 170/504 (66.5%)
ranking_my_percent: 66.46825396825396
