ConfigName: krbf__advnormalizedfitness__M2__L11__eps0p02__g0p005__ds0p01__dm0p01
Problem: QUBO
Kernel: rbf
Advantage: normalizedfitness
M: 2
lambda: 11
epsilon_svgd: 0.02
gamma: 0.005
decay_start_ratio: 0.01
decay_min_factor: 0.01
bandwith_kernel: None
no_interact: False
avg_score: -1628.719970703125
median_score: -1617.5
std_score: 57.67271041870117
percentiles: 2%=-1789.1400146484375, 5%=-1730.699951171875, 10%=-1700.0999755859375, 25%=-1659.0, 50%=-1617.5, 75%=-1594.5, 90%=-1564.0, 95%=-1545.949951171875, 98%=-1532.5999755859375
ranking_best_algo: NLOPT_LN_PRAXIS
ranking_best_score: 1607.12
ranking_my_rank: 1/504 (100.0%)
ranking_my_percent: 100.0
