ConfigName: krbf__advnormalizedfitness__M4__L12__eps0p015__g0p007__ds0p15__dm0p01
Problem: NK
Kernel: rbf
Advantage: normalizedfitness
M: 4
lambda: 12
epsilon_svgd: 0.015
gamma: 0.007
decay_start_ratio: 0.15
decay_min_factor: 0.01
bandwith_kernel: None
no_interact: False
avg_score: 0.6298556923866272
median_score: 0.62700355052948
std_score: 0.01752593368291855
percentiles: 2%=0.6032783389091492, 5%=0.6078919172286987, 10%=0.610184371471405, 25%=0.6164718866348267, 50%=0.62700355052948, 75%=0.6406285762786865, 90%=0.6495295166969299, 95%=0.6637099981307983, 98%=0.6790603995323181
ranking_best_algo: Tabu
ranking_best_score: 0.7429702712499999
ranking_my_rank: 364/504 (28.0%)
ranking_my_percent: 27.976190476190474
