ConfigName: krbf__advnormalizedfitness__M3__L10__eps0p025__g0p015__ds0p01__dm0p3
Problem: QUBO
Kernel: rbf
Advantage: normalizedfitness
M: 3
lambda: 10
epsilon_svgd: 0.025
gamma: 0.015
decay_start_ratio: 0.01
decay_min_factor: 0.3
bandwith_kernel: None
no_interact: False
avg_score: -139.9199981689453
median_score: -141.5
std_score: 11.017876625061035
percentiles: 2%=-158.0, 5%=-157.0500030517578, 10%=-156.10000610351562, 25%=-146.25, 50%=-141.5, 75%=-131.0, 90%=-125.9000015258789, 95%=-124.7500228881836, 98%=-118.95999145507812
ranking_best_algo: DiscreteDE
ranking_best_score: 143.4
ranking_my_rank: 80/504 (84.3%)
ranking_my_percent: 84.32539682539682
