ConfigName: kjsd__advperagentrankweighted__M3__L24__eps0p007__g0p001__ds0p05__dm0p05
Problem: QUBO
Kernel: jsd
Advantage: peragentrankweighted
M: 3
lambda: 24
epsilon_svgd: 0.007
gamma: 0.001
decay_start_ratio: 0.05
decay_min_factor: 0.05
bandwith_kernel: None
no_interact: False
avg_score: -441.5
median_score: -441.5
std_score: 28.948747634887695
percentiles: 2%=-492.0799865722656, 5%=-489.1499938964844, 10%=-481.20001220703125, 25%=-463.0, 50%=-441.5, 75%=-419.0, 90%=-402.0, 95%=-393.79998779296875, 98%=-387.8800048828125
ranking_best_algo: CMApara
ranking_best_score: 453.82
ranking_my_rank: 11/504 (98.0%)
ranking_my_percent: 98.01587301587301
