ConfigName: krbf__advnormalizedfitness__M4__L10__eps0p033__g0p01__ds0p01__dm0p01
Problem: QUBO
Kernel: rbf
Advantage: normalizedfitness
M: 4
lambda: 10
epsilon_svgd: 0.033
gamma: 0.01
decay_start_ratio: 0.01
decay_min_factor: 0.01
bandwith_kernel: None
no_interact: False
avg_score: -429.7200012207031
median_score: -426.5
std_score: 27.097633361816406
percentiles: 2%=-485.0400085449219, 5%=-479.1000061035156, 10%=-465.20001220703125, 25%=-445.25, 50%=-426.5, 75%=-410.0, 90%=-392.8999938964844, 95%=-388.8500061035156, 98%=-380.97998046875
ranking_best_algo: CMAL3
ranking_best_score: 435.36
ranking_my_rank: 10/504 (98.2%)
ranking_my_percent: 98.21428571428571
