ConfigName: kjsd__advperagentrankweighted__M3__L16__eps0p007__g0p0007__ds0p2__dm0p1
Problem: QUBO
Kernel: jsd
Advantage: peragentrankweighted
M: 3
lambda: 16
epsilon_svgd: 0.007
gamma: 0.0007
decay_start_ratio: 0.2
decay_min_factor: 0.1
bandwith_kernel: None
no_interact: False
avg_score: -137.4199981689453
median_score: -137.5
std_score: 12.711553573608398
percentiles: 2%=-160.0, 5%=-158.0, 10%=-154.0, 25%=-146.0, 50%=-137.5, 75%=-126.75, 90%=-122.69999694824219, 95%=-118.94999694824219, 98%=-110.91999816894531
ranking_best_algo: DiscreteDE
ranking_best_score: 143.4
ranking_my_rank: 128/504 (74.8%)
ranking_my_percent: 74.8015873015873
