ConfigName: kjsd__advperagentrankweighted__M6__L10__eps0p005__g0p0005__ds0p3__dm0p05
Problem: QUBO
Kernel: jsd
Advantage: peragentrankweighted
M: 6
lambda: 10
epsilon_svgd: 0.005
gamma: 0.0005
decay_start_ratio: 0.3
decay_min_factor: 0.05
bandwith_kernel: None
no_interact: False
avg_score: -417.6199951171875
median_score: -418.0
std_score: 26.880765914916992
percentiles: 2%=-471.1199951171875, 5%=-459.5, 10%=-454.1000061035156, 25%=-434.5, 50%=-418.0, 75%=-400.75, 90%=-382.0, 95%=-375.79998779296875, 98%=-367.9599914550781
ranking_best_algo: Tabu
ranking_best_score: 438.12
ranking_my_rank: 40/504 (92.3%)
ranking_my_percent: 92.26190476190476
