ConfigName: kjsd__advperagentrankweighted__M3__L18__eps0p007__g0p003__ds0p05__dm0p2
Problem: QUBO
Kernel: jsd
Advantage: peragentrankweighted
M: 3
lambda: 18
epsilon_svgd: 0.007
gamma: 0.003
decay_start_ratio: 0.05
decay_min_factor: 0.2
bandwith_kernel: None
no_interact: False
avg_score: -2415.60009765625
median_score: -2405.5
std_score: 142.76441955566406
percentiles: 2%=-2696.800048828125, 5%=-2683.199951171875, 10%=-2612.5, 25%=-2499.5, 50%=-2405.5, 75%=-2318.5, 90%=-2246.89990234375, 95%=-2150.85009765625, 98%=-2134.919921875
ranking_best_algo: DiscreteLengler2OnePlusOne
ranking_best_score: 2617.04
ranking_my_rank: 131/504 (74.2%)
ranking_my_percent: 74.2063492063492
