ConfigName: krbf__advnormalizedfitness__M3__L10__eps0p025__g0p01__ds0p3__dm0p3
Problem: QUBO
Kernel: rbf
Advantage: normalizedfitness
M: 3
lambda: 10
epsilon_svgd: 0.025
gamma: 0.01
decay_start_ratio: 0.3
decay_min_factor: 0.3
bandwith_kernel: None
no_interact: False
avg_score: -443.0400085449219
median_score: -444.0
std_score: 23.54651641845703
percentiles: 2%=-484.0799865722656, 5%=-475.29998779296875, 10%=-471.1000061035156, 25%=-461.0, 50%=-444.0, 75%=-427.0, 90%=-410.5, 95%=-398.0, 98%=-393.97998046875
ranking_best_algo: CMApara
ranking_best_score: 453.82
ranking_my_rank: 8/504 (98.6%)
ranking_my_percent: 98.61111111111111
