ConfigName: kjsd__advperagentrankweighted__M6__L8__eps0p03__g0p0005__ds0p2__dm0p05
Problem: QUBO
Kernel: jsd
Advantage: peragentrankweighted
M: 6
lambda: 8
epsilon_svgd: 0.03
gamma: 0.0005
decay_start_ratio: 0.2
decay_min_factor: 0.05
bandwith_kernel: None
no_interact: False
avg_score: -197.60000610351562
median_score: -199.0
std_score: 11.2641019821167
percentiles: 2%=-220.02000427246094, 5%=-216.0, 10%=-213.0, 25%=-206.0, 50%=-199.0, 75%=-190.0, 90%=-183.89999389648438, 95%=-179.89999389648438, 98%=-175.9199981689453
ranking_best_algo: Tabu
ranking_best_score: 208.36000000000004
ranking_my_rank: 113/504 (77.8%)
ranking_my_percent: 77.77777777777777
