ConfigName: krbf__advnormalizedfitness__M3__L12__eps0p015__g0p01__ds0p01__dm0p3
Problem: QUBO
Kernel: rbf
Advantage: normalizedfitness
M: 3
lambda: 12
epsilon_svgd: 0.015
gamma: 0.01
decay_start_ratio: 0.01
decay_min_factor: 0.3
bandwith_kernel: None
no_interact: False
avg_score: -1981.8199462890625
median_score: -1975.5
std_score: 176.33131408691406
percentiles: 2%=-2302.159912109375, 5%=-2273.300048828125, 10%=-2223.800048828125, 25%=-2092.0, 50%=-1975.5, 75%=-1855.0, 90%=-1759.699951171875, 95%=-1727.1500244140625, 98%=-1610.1798095703125
ranking_best_algo: DiscreteLengler2OnePlusOne
ranking_best_score: 2617.04
ranking_my_rank: 281/504 (44.4%)
ranking_my_percent: 44.44444444444444
