ConfigName: kfr__advglobalrankweighted__M4__L9__eps0p015__g0p003__ds0p01__dm0p01
Problem: QUBO
Kernel: fr
Advantage: globalrankweighted
M: 4
lambda: 9
epsilon_svgd: 0.015
gamma: 0.003
decay_start_ratio: 0.01
decay_min_factor: 0.01
bandwith_kernel: None
no_interact: False
avg_score: -425.5199890136719
median_score: -424.5
std_score: 26.06932258605957
percentiles: 2%=-483.0799865722656, 5%=-473.1000061035156, 10%=-461.0, 25%=-443.5, 50%=-424.5, 75%=-406.25, 90%=-391.0, 95%=-389.0, 98%=-383.760009765625
ranking_best_algo: CMAL3
ranking_best_score: 435.36
ranking_my_rank: 27/504 (94.8%)
ranking_my_percent: 94.84126984126983
