ConfigName: kjsd__advperagentrankweighted__M6__L8__eps0p03__g0p0007__ds0p2__dm0p05
Problem: NK
Kernel: jsd
Advantage: peragentrankweighted
M: 6
lambda: 8
epsilon_svgd: 0.03
gamma: 0.0007
decay_start_ratio: 0.2
decay_min_factor: 0.05
bandwith_kernel: None
no_interact: False
avg_score: 0.7216565012931824
median_score: 0.7199543714523315
std_score: 0.009096642956137657
percentiles: 2%=0.7044705748558044, 5%=0.7103323340415955, 10%=0.7120702862739563, 25%=0.7153509259223938, 50%=0.7199543714523315, 75%=0.7275313138961792, 90%=0.7338100671768188, 95%=0.7374889850616455, 98%=0.7415446043014526
ranking_best_algo: Tabu
ranking_best_score: 0.7429702712499999
ranking_my_rank: 8/504 (98.6%)
ranking_my_percent: 98.61111111111111
