ConfigName: kjsd__advperagentrankweighted__M4__L10__eps0p005__g0p0005__ds0p05__dm0p05
Problem: QUBO
Kernel: jsd
Advantage: peragentrankweighted
M: 4
lambda: 10
epsilon_svgd: 0.005
gamma: 0.0005
decay_start_ratio: 0.05
decay_min_factor: 0.05
bandwith_kernel: None
no_interact: False
avg_score: -309.4200134277344
median_score: -313.0
std_score: 38.632938385009766
percentiles: 2%=-396.0400085449219, 5%=-386.20001220703125, 10%=-351.20001220703125, 25%=-330.0, 50%=-313.0, 75%=-274.75, 90%=-265.8999938964844, 95%=-258.95001220703125, 98%=-251.77999877929688
ranking_best_algo: CMApara
ranking_best_score: 319.29999999999995
ranking_my_rank: 76/504 (85.1%)
ranking_my_percent: 85.11904761904762
