ConfigName: kjsd__advperagentrankweighted__M3__L24__eps0p005__g0p001__ds0p05__dm0p05
Problem: QUBO
Kernel: jsd
Advantage: peragentrankweighted
M: 3
lambda: 24
epsilon_svgd: 0.005
gamma: 0.001
decay_start_ratio: 0.05
decay_min_factor: 0.05
bandwith_kernel: None
no_interact: False
avg_score: -138.5
median_score: -141.0
std_score: 12.580540657043457
percentiles: 2%=-160.0, 5%=-158.0, 10%=-155.1999969482422, 25%=-146.0, 50%=-141.0, 75%=-129.75, 90%=-122.80000305175781, 95%=-115.94999694824219, 98%=-113.0
ranking_best_algo: DiscreteDE
ranking_best_score: 143.4
ranking_my_rank: 100/504 (80.4%)
ranking_my_percent: 80.35714285714286
