ConfigName: kjsd__advperagentrankweighted__M3__L20__eps0p007__g0p003__ds0p1__dm0p2
Problem: NK
Kernel: jsd
Advantage: peragentrankweighted
M: 3
lambda: 20
epsilon_svgd: 0.007
gamma: 0.003
decay_start_ratio: 0.1
decay_min_factor: 0.2
bandwith_kernel: None
no_interact: False
avg_score: 0.7039132118225098
median_score: 0.7032805681228638
std_score: 0.0140196168795228
percentiles: 2%=0.679294764995575, 5%=0.6828196048736572, 10%=0.6861420273780823, 25%=0.6927378177642822, 50%=0.7032805681228638, 75%=0.7129086256027222, 90%=0.7203200459480286, 95%=0.7295833826065063, 98%=0.7374985218048096
ranking_best_algo: PBIL
ranking_best_score: 0.733570253046875
ranking_my_rank: 94/504 (81.5%)
ranking_my_percent: 81.54761904761905
