ConfigName: krbf__advnormalizedfitness__M4__L10__eps0p025__g0p007__ds0p01__dm0p3
Problem: QUBO
Kernel: rbf
Advantage: normalizedfitness
M: 4
lambda: 10
epsilon_svgd: 0.025
gamma: 0.007
decay_start_ratio: 0.01
decay_min_factor: 0.3
bandwith_kernel: None
no_interact: False
avg_score: -1088.02001953125
median_score: -1082.5
std_score: 90.86154174804688
percentiles: 2%=-1281.0, 5%=-1243.25, 10%=-1210.699951171875, 25%=-1151.25, 50%=-1082.5, 75%=-1014.5, 90%=-985.0, 95%=-964.3500366210938, 98%=-918.5198974609375
ranking_best_algo: SVMMetaModelLogNormal
ranking_best_score: 1233.7999999999997
ranking_my_rank: 171/504 (66.3%)
ranking_my_percent: 66.26984126984127
