ConfigName: kjsd__advperagentrankweighted__M5__L10__eps0p03__g0p0005__ds0p2__dm0p05
Problem: NK
Kernel: jsd
Advantage: peragentrankweighted
M: 5
lambda: 10
epsilon_svgd: 0.03
gamma: 0.0005
decay_start_ratio: 0.2
decay_min_factor: 0.05
bandwith_kernel: None
no_interact: False
avg_score: 0.7399978637695312
median_score: 0.7382228374481201
std_score: 0.029609443619847298
percentiles: 2%=0.6900559067726135, 5%=0.6980164051055908, 10%=0.7035745978355408, 25%=0.7218326926231384, 50%=0.7382228374481201, 75%=0.7529195547103882, 90%=0.7762897610664368, 95%=0.8076355457305908, 98%=0.8118547797203064
ranking_best_algo: CMApara
ranking_best_score: 0.7459277895312499
ranking_my_rank: 48/504 (90.7%)
ranking_my_percent: 90.67460317460318
