ConfigName: kjsd__advperagentrankweighted__M3__L16__eps0p01__g0p0005__ds0p1__dm0p2
Problem: QUBO
Kernel: jsd
Advantage: peragentrankweighted
M: 3
lambda: 16
epsilon_svgd: 0.01
gamma: 0.0005
decay_start_ratio: 0.1
decay_min_factor: 0.2
bandwith_kernel: None
no_interact: False
avg_score: -136.9199981689453
median_score: -137.0
std_score: 12.601332664489746
percentiles: 2%=-159.02000427246094, 5%=-156.0500030517578, 10%=-154.10000610351562, 25%=-146.0, 50%=-137.0, 75%=-129.0, 90%=-120.80000305175781, 95%=-113.94999694824219, 98%=-108.95999908447266
ranking_best_algo: DiscreteDE
ranking_best_score: 143.4
ranking_my_rank: 200/504 (60.5%)
ranking_my_percent: 60.51587301587302
