ConfigName: krbf__advnormalizedfitness__M3__L8__eps0p025__g0p015__ds0p15__dm0p01
Problem: QUBO
Kernel: rbf
Advantage: normalizedfitness
M: 3
lambda: 8
epsilon_svgd: 0.025
gamma: 0.015
decay_start_ratio: 0.15
decay_min_factor: 0.01
bandwith_kernel: None
no_interact: False
avg_score: -429.4800109863281
median_score: -426.0
std_score: 24.79212760925293
percentiles: 2%=-479.0400085449219, 5%=-471.1000061035156, 10%=-465.0, 25%=-448.5, 50%=-426.0, 75%=-411.75, 90%=-398.8999938964844, 95%=-392.9000244140625, 98%=-384.97998046875
ranking_best_algo: CMAL3
ranking_best_score: 435.36
ranking_my_rank: 10/504 (98.2%)
ranking_my_percent: 98.21428571428571
