ConfigName: kjsd__advperagentrankweighted__M5__L12__eps0p005__g0p0005__ds0p05__dm0p05
Problem: NK
Kernel: jsd
Advantage: peragentrankweighted
M: 5
lambda: 12
epsilon_svgd: 0.005
gamma: 0.0005
decay_start_ratio: 0.05
decay_min_factor: 0.05
bandwith_kernel: None
no_interact: False
avg_score: 0.7078474164009094
median_score: 0.7089086174964905
std_score: 0.011868158355355263
percentiles: 2%=0.6897946000099182, 5%=0.6900201439857483, 10%=0.6914260983467102, 25%=0.6962873935699463, 50%=0.7089086174964905, 75%=0.7183091044425964, 90%=0.7220098972320557, 95%=0.7242363095283508, 98%=0.7252730131149292
ranking_best_algo: PBIL
ranking_best_score: 0.7013553837109374
ranking_my_rank: 1/504 (100.0%)
ranking_my_percent: 100.0
