ConfigName: krbf__advnormalizedfitness__M4__L15__eps0p033__g0p01__ds0p15__dm0p01
Problem: QUBO
Kernel: rbf
Advantage: normalizedfitness
M: 4
lambda: 15
epsilon_svgd: 0.033
gamma: 0.01
decay_start_ratio: 0.15
decay_min_factor: 0.01
bandwith_kernel: None
no_interact: False
avg_score: -560.3200073242188
median_score: -559.0
std_score: 33.92428970336914
percentiles: 2%=-623.02001953125, 5%=-613.2000122070312, 10%=-603.4000244140625, 25%=-586.75, 50%=-559.0, 75%=-536.0, 90%=-521.5999755859375, 95%=-502.9000244140625, 98%=-486.91998291015625
ranking_best_algo: Tabu
ranking_best_score: 588.7199999999999
ranking_my_rank: 100/503 (80.3%)
ranking_my_percent: 80.31809145129225
