ConfigName: kjsd__advperagentrankweighted__M3__L20__eps0p007__g0p001__ds0p1__dm0p05
Problem: QUBO
Kernel: jsd
Advantage: peragentrankweighted
M: 3
lambda: 20
epsilon_svgd: 0.007
gamma: 0.001
decay_start_ratio: 0.1
decay_min_factor: 0.05
bandwith_kernel: None
no_interact: False
avg_score: -1242.0
median_score: -1242.5
std_score: 63.836822509765625
percentiles: 2%=-1359.02001953125, 5%=-1343.0, 10%=-1320.800048828125, 25%=-1295.5, 50%=-1242.5, 75%=-1193.75, 90%=-1159.0, 95%=-1142.800048828125, 98%=-1128.699951171875
ranking_best_algo: SVMMetaModelLogNormal
ranking_best_score: 1233.7999999999997
ranking_my_rank: 1/504 (100.0%)
ranking_my_percent: 100.0
