ConfigName: kfr__advglobalrankweighted__M2__L11__eps0p015__g0p007__ds0p01__dm0p01
Problem: QUBO
Kernel: fr
Advantage: globalrankweighted
M: 2
lambda: 11
epsilon_svgd: 0.015
gamma: 0.007
decay_start_ratio: 0.01
decay_min_factor: 0.01
bandwith_kernel: None
no_interact: False
avg_score: -1231.9200439453125
median_score: -1227.5
std_score: 57.32655334472656
percentiles: 2%=-1354.300048828125, 5%=-1336.199951171875, 10%=-1302.800048828125, 25%=-1270.25, 50%=-1227.5, 75%=-1189.75, 90%=-1153.0, 95%=-1149.0, 98%=-1140.919921875
ranking_best_algo: SVMMetaModelLogNormal
ranking_best_score: 1233.7999999999997
ranking_my_rank: 9/504 (98.4%)
ranking_my_percent: 98.41269841269842
