ConfigName: kjsd__advperagentrankweighted__M5__L8__eps0p005__g0p0005__ds0p4__dm0p05
Problem: QUBO
Kernel: jsd
Advantage: peragentrankweighted
M: 5
lambda: 8
epsilon_svgd: 0.005
gamma: 0.0005
decay_start_ratio: 0.4
decay_min_factor: 0.05
bandwith_kernel: None
no_interact: False
avg_score: -2566.0
median_score: -2567.0
std_score: 121.85647583007812
percentiles: 2%=-2813.139892578125, 5%=-2768.300048828125, 10%=-2712.199951171875, 25%=-2651.25, 50%=-2567.0, 75%=-2481.25, 90%=-2409.89990234375, 95%=-2398.699951171875, 98%=-2343.840087890625
ranking_best_algo: SVM1MetaModelLogNormal
ranking_best_score: 2605.14
ranking_my_rank: 15/504 (97.2%)
ranking_my_percent: 97.22222222222223
