ConfigName: kjsd__advperagentrankweighted__M4__L12__eps0p005__g0p0005__ds0p05__dm0p05
Problem: NK
Kernel: jsd
Advantage: peragentrankweighted
M: 4
lambda: 12
epsilon_svgd: 0.005
gamma: 0.0005
decay_start_ratio: 0.05
decay_min_factor: 0.05
bandwith_kernel: None
no_interact: False
avg_score: 0.7350112795829773
median_score: 0.7362021207809448
std_score: 0.008908117190003395
percentiles: 2%=0.7172191739082336, 5%=0.7185778021812439, 10%=0.7213148474693298, 25%=0.7283152937889099, 50%=0.7362021207809448, 75%=0.74150550365448, 90%=0.7451716065406799, 95%=0.7470614314079285, 98%=0.7509003281593323
ranking_best_algo: PBIL
ranking_best_score: 0.7248786399609374
ranking_my_rank: 1/504 (100.0%)
ranking_my_percent: 100.0
