ConfigName: kjsd__advperagentrankweighted__M3__L20__eps0p005__g0p003__ds0p2__dm0p1
Problem: QUBO
Kernel: jsd
Advantage: peragentrankweighted
M: 3
lambda: 20
epsilon_svgd: 0.005
gamma: 0.003
decay_start_ratio: 0.2
decay_min_factor: 0.1
bandwith_kernel: None
no_interact: False
avg_score: -330.239990234375
median_score: -334.0
std_score: 19.591384887695312
percentiles: 2%=-364.0799865722656, 5%=-357.20001220703125, 10%=-350.0, 25%=-343.0, 50%=-334.0, 75%=-320.0, 90%=-299.79998779296875, 95%=-290.95001220703125, 98%=-289.7200012207031
ranking_best_algo: CMApara
ranking_best_score: 344.22
ranking_my_rank: 79/504 (84.5%)
ranking_my_percent: 84.52380952380952
