ConfigName: krbf__advnormalizedfitness__M4__L10__eps0p015__g0p015__ds0p3__dm0p3
Problem: NK
Kernel: rbf
Advantage: normalizedfitness
M: 4
lambda: 10
epsilon_svgd: 0.015
gamma: 0.015
decay_start_ratio: 0.3
decay_min_factor: 0.3
bandwith_kernel: None
no_interact: False
avg_score: 0.570183277130127
median_score: 0.5699793100357056
std_score: 0.004717628471553326
percentiles: 2%=0.5626144409179688, 5%=0.5638327598571777, 10%=0.5647971630096436, 25%=0.5665335655212402, 50%=0.5699793100357056, 75%=0.572812557220459, 90%=0.5755959749221802, 95%=0.5787396430969238, 98%=0.5810096859931946
ranking_best_algo: PBIL
ranking_best_score: 0.7170882103515624
ranking_my_rank: 396/504 (21.6%)
ranking_my_percent: 21.626984126984127
