ConfigName: krbf__advnormalizedfitness__M4__L15__eps0p033__g0p007__ds0p01__dm0p3
Problem: NK
Kernel: rbf
Advantage: normalizedfitness
M: 4
lambda: 15
epsilon_svgd: 0.033
gamma: 0.007
decay_start_ratio: 0.01
decay_min_factor: 0.3
bandwith_kernel: None
no_interact: False
avg_score: 0.5835158228874207
median_score: 0.582323431968689
std_score: 0.007840180769562721
percentiles: 2%=0.5720862150192261, 5%=0.5741443037986755, 10%=0.5753141045570374, 25%=0.5786384344100952, 50%=0.582323431968689, 75%=0.5867643356323242, 90%=0.5934892296791077, 95%=0.5962609052658081, 98%=0.6068446040153503
ranking_best_algo: PBIL
ranking_best_score: 0.7170882103515624
ranking_my_rank: 377/504 (25.4%)
ranking_my_percent: 25.396825396825395
