ConfigName: kjsd__advperagentrankweighted__M3__L20__eps0p01__g0p0005__ds0p05__dm0p05
Problem: QUBO
Kernel: jsd
Advantage: peragentrankweighted
M: 3
lambda: 20
epsilon_svgd: 0.01
gamma: 0.0005
decay_start_ratio: 0.05
decay_min_factor: 0.05
bandwith_kernel: None
no_interact: False
avg_score: -137.33999633789062
median_score: -139.0
std_score: 11.850924491882324
percentiles: 2%=-158.02000427246094, 5%=-158.0, 10%=-151.10000610351562, 25%=-146.0, 50%=-139.0, 75%=-130.0, 90%=-122.80000305175781, 95%=-117.8499984741211, 98%=-111.86000061035156
ranking_best_algo: DiscreteDE
ranking_best_score: 143.4
ranking_my_rank: 156/504 (69.2%)
ranking_my_percent: 69.24603174603175
