ConfigName: kjsd__advperagentrankweighted__M3__L30__eps0p007__g0p001__ds0p2__dm0p05
Problem: NK
Kernel: jsd
Advantage: peragentrankweighted
M: 3
lambda: 30
epsilon_svgd: 0.007
gamma: 0.001
decay_start_ratio: 0.2
decay_min_factor: 0.05
bandwith_kernel: None
no_interact: False
avg_score: 0.7559763193130493
median_score: 0.7569829225540161
std_score: 0.014098262414336205
percentiles: 2%=0.7308778762817383, 5%=0.7339736223220825, 10%=0.7373881936073303, 25%=0.746123194694519, 50%=0.7569829225540161, 75%=0.7656335234642029, 90%=0.7741317749023438, 95%=0.7809918522834778, 98%=0.7831157445907593
ranking_best_algo: Tabu
ranking_best_score: 0.7657846284375001
ranking_my_rank: 4/504 (99.4%)
ranking_my_percent: 99.4047619047619
