ConfigName: kjsd__advperagentrankweighted__M3__L18__eps0p01__g0p001__ds0p2__dm0p1
Problem: NK
Kernel: jsd
Advantage: peragentrankweighted
M: 3
lambda: 18
epsilon_svgd: 0.01
gamma: 0.001
decay_start_ratio: 0.2
decay_min_factor: 0.1
bandwith_kernel: None
no_interact: False
avg_score: 0.7434689998626709
median_score: 0.7423104643821716
std_score: 0.028063397854566574
percentiles: 2%=0.7016410231590271, 5%=0.7057430148124695, 10%=0.7111005187034607, 25%=0.7207072973251343, 50%=0.7423104643821716, 75%=0.7580187320709229, 90%=0.7745482325553894, 95%=0.8044298887252808, 98%=0.8104035258293152
ranking_best_algo: CMApara
ranking_best_score: 0.7459277895312499
ranking_my_rank: 11/504 (98.0%)
ranking_my_percent: 98.01587301587301
