ConfigName: kjsd__advperagentrankweighted__M6__L10__eps0p02__g0p0007__ds0p2__dm0p05
Problem: QUBO
Kernel: jsd
Advantage: peragentrankweighted
M: 6
lambda: 10
epsilon_svgd: 0.02
gamma: 0.0007
decay_start_ratio: 0.2
decay_min_factor: 0.05
bandwith_kernel: None
no_interact: False
avg_score: -201.60000610351562
median_score: -201.0
std_score: 10.822199821472168
percentiles: 2%=-224.0, 5%=-222.0, 10%=-215.0, 25%=-207.25, 50%=-201.0, 75%=-194.75, 90%=-186.0, 95%=-184.0, 98%=-181.97999572753906
ranking_best_algo: Tabu
ranking_best_score: 208.36000000000004
ranking_my_rank: 39/504 (92.5%)
ranking_my_percent: 92.46031746031746
