ConfigName: krbf__advnormalizedfitness__M3__L8__eps0p033__g0p007__ds0p01__dm0p01
Problem: QUBO
Kernel: rbf
Advantage: normalizedfitness
M: 3
lambda: 8
epsilon_svgd: 0.033
gamma: 0.007
decay_start_ratio: 0.01
decay_min_factor: 0.01
bandwith_kernel: None
no_interact: False
avg_score: -933.9199829101562
median_score: -931.5
std_score: 61.398807525634766
percentiles: 2%=-1051.06005859375, 5%=-1042.199951171875, 10%=-1025.0999755859375, 25%=-979.0, 50%=-931.5, 75%=-885.0, 90%=-861.0, 95%=-842.9000244140625, 98%=-832.9199829101562
ranking_best_algo: CMApara
ranking_best_score: 964.9
ranking_my_rank: 17/504 (96.8%)
ranking_my_percent: 96.82539682539682
