ConfigName: krbf__advnormalizedfitness__M3__L12__eps0p033__g0p007__ds0p01__dm0p01
Problem: NK
Kernel: rbf
Advantage: normalizedfitness
M: 3
lambda: 12
epsilon_svgd: 0.033
gamma: 0.007
decay_start_ratio: 0.01
decay_min_factor: 0.01
bandwith_kernel: None
no_interact: False
avg_score: 0.7381006479263306
median_score: 0.7384719848632812
std_score: 0.008353070355951786
percentiles: 2%=0.719937801361084, 5%=0.7242531776428223, 10%=0.7259576320648193, 25%=0.7336609959602356, 50%=0.7384719848632812, 75%=0.7452450394630432, 90%=0.746855616569519, 95%=0.7489738464355469, 98%=0.7524332404136658
ranking_best_algo: PBIL
ranking_best_score: 0.730509098125
ranking_my_rank: 1/504 (100.0%)
ranking_my_percent: 100.0
