ConfigName: kjsd__advperagentrankweighted__M3__L24__eps0p005__g0p001__ds0p2__dm0p05
Problem: QUBO
Kernel: jsd
Advantage: peragentrankweighted
M: 3
lambda: 24
epsilon_svgd: 0.005
gamma: 0.001
decay_start_ratio: 0.2
decay_min_factor: 0.05
bandwith_kernel: None
no_interact: False
avg_score: -440.3999938964844
median_score: -442.5
std_score: 27.75175666809082
percentiles: 2%=-489.05999755859375, 5%=-479.1000061035156, 10%=-472.0, 25%=-462.0, 50%=-442.5, 75%=-418.5, 90%=-401.0, 95%=-394.75, 98%=-387.7799987792969
ranking_best_algo: CMApara
ranking_best_score: 453.82
ranking_my_rank: 15/504 (97.2%)
ranking_my_percent: 97.22222222222223
