ConfigName: kjsd__advperagentrankweighted__M5__L8__eps0p03__g0p0005__ds0p2__dm0p05
Problem: QUBO
Kernel: jsd
Advantage: peragentrankweighted
M: 5
lambda: 8
epsilon_svgd: 0.03
gamma: 0.0005
decay_start_ratio: 0.2
decay_min_factor: 0.05
bandwith_kernel: None
no_interact: False
avg_score: -408.6400146484375
median_score: -410.0
std_score: 27.315753936767578
percentiles: 2%=-457.1600036621094, 5%=-455.0, 10%=-443.0, 25%=-428.25, 50%=-410.0, 75%=-388.0, 90%=-373.6000061035156, 95%=-359.8999938964844, 98%=-356.0
ranking_best_algo: Tabu
ranking_best_score: 438.12
ranking_my_rank: 139/504 (72.6%)
ranking_my_percent: 72.61904761904762
