ConfigName: kfr__advglobalrankweighted__M1__L11__eps0p01__g0p005__ds0p01__dm0p01
Problem: QUBO
Kernel: fr
Advantage: globalrankweighted
M: 1
lambda: 11
epsilon_svgd: 0.01
gamma: 0.005
decay_start_ratio: 0.01
decay_min_factor: 0.01
bandwith_kernel: None
no_interact: False
avg_score: -2586.0400390625
median_score: -2584.0
std_score: 132.1673126220703
percentiles: 2%=-2860.860107421875, 5%=-2801.25, 10%=-2765.5, 25%=-2666.0, 50%=-2584.0, 75%=-2500.5, 90%=-2413.800048828125, 95%=-2387.2001953125, 98%=-2343.23974609375
ranking_best_algo: DiscreteLengler2OnePlusOne
ranking_best_score: 2617.04
ranking_my_rank: 43/504 (91.7%)
ranking_my_percent: 91.66666666666667
