ConfigName: kjsd__advperagentrankweighted__M3__L20__eps0p005__g0p0005__ds0p05__dm0p05
Problem: QUBO
Kernel: jsd
Advantage: peragentrankweighted
M: 3
lambda: 20
epsilon_svgd: 0.005
gamma: 0.0005
decay_start_ratio: 0.05
decay_min_factor: 0.05
bandwith_kernel: None
no_interact: False
avg_score: -909.260009765625
median_score: -908.0
std_score: 63.96961975097656
percentiles: 2%=-1044.0799560546875, 5%=-1031.0999755859375, 10%=-1001.2999877929688, 25%=-947.0, 50%=-908.0, 75%=-864.25, 90%=-823.0, 95%=-818.2000122070312, 98%=-792.7999877929688
ranking_best_algo: CMAL3
ranking_best_score: 928.5800000000002
ranking_my_rank: 29/504 (94.4%)
ranking_my_percent: 94.44444444444444
