ConfigName: krbf__advnormalizedfitness__M4__L8__eps0p015__g0p015__ds0p3__dm0p3
Problem: NK
Kernel: rbf
Advantage: normalizedfitness
M: 4
lambda: 8
epsilon_svgd: 0.015
gamma: 0.015
decay_start_ratio: 0.3
decay_min_factor: 0.3
bandwith_kernel: None
no_interact: False
avg_score: 0.5992048382759094
median_score: 0.5979015827178955
std_score: 0.0075079635716974735
percentiles: 2%=0.5862982273101807, 5%=0.5889996290206909, 10%=0.5911781191825867, 25%=0.5936776995658875, 50%=0.5979015827178955, 75%=0.6038908958435059, 90%=0.6107945442199707, 95%=0.6131820678710938, 98%=0.6158308982849121
ranking_best_algo: PBIL
ranking_best_score: 0.733570253046875
ranking_my_rank: 372/504 (26.4%)
ranking_my_percent: 26.38888888888889
