ConfigName: krbf__advnormalizedfitness__M4__L12__eps0p033__g0p005__ds0p01__dm0p3
Problem: NK
Kernel: rbf
Advantage: normalizedfitness
M: 4
lambda: 12
epsilon_svgd: 0.033
gamma: 0.005
decay_start_ratio: 0.01
decay_min_factor: 0.3
bandwith_kernel: None
no_interact: False
avg_score: 0.7105123400688171
median_score: 0.7109988331794739
std_score: 0.014811599627137184
percentiles: 2%=0.6737543940544128, 5%=0.674006998538971, 10%=0.6968819499015808, 25%=0.7078330516815186, 50%=0.7109988331794739, 75%=0.7193759083747864, 90%=0.7251020669937134, 95%=0.7315658926963806, 98%=0.7323805093765259
ranking_best_algo: CMApara
ranking_best_score: 0.707475975
ranking_my_rank: 1/504 (100.0%)
ranking_my_percent: 100.0
