ConfigName: kjsd__advperagentrankweighted__M4__L12__eps0p005__g0p0007__ds0p2__dm0p2
Problem: NK
Kernel: jsd
Advantage: peragentrankweighted
M: 4
lambda: 12
epsilon_svgd: 0.005
gamma: 0.0007
decay_start_ratio: 0.2
decay_min_factor: 0.2
bandwith_kernel: None
no_interact: False
avg_score: 0.7106134295463562
median_score: 0.711233913898468
std_score: 0.015207827091217041
percentiles: 2%=0.6724494099617004, 5%=0.6737057566642761, 10%=0.6962656378746033, 25%=0.7074693441390991, 50%=0.711233913898468, 75%=0.7195019125938416, 90%=0.7254922986030579, 95%=0.7327181100845337, 98%=0.7332707047462463
ranking_best_algo: CMApara
ranking_best_score: 0.707475975
ranking_my_rank: 1/504 (100.0%)
ranking_my_percent: 100.0
