ConfigName: kfr__advglobalrankweighted__M3__L9__eps0p01__g0p003__ds0p01__dm0p01
Problem: QUBO
Kernel: fr
Advantage: globalrankweighted
M: 3
lambda: 9
epsilon_svgd: 0.01
gamma: 0.003
decay_start_ratio: 0.01
decay_min_factor: 0.01
bandwith_kernel: None
no_interact: False
avg_score: -329.739990234375
median_score: -334.0
std_score: 20.22998809814453
percentiles: 2%=-361.0, 5%=-354.1499938964844, 10%=-350.0, 25%=-342.25, 50%=-334.0, 75%=-319.0, 90%=-303.79998779296875, 95%=-285.8000183105469, 98%=-280.0
ranking_best_algo: CMApara
ranking_best_score: 344.22
ranking_my_rank: 80/504 (84.3%)
ranking_my_percent: 84.32539682539682
