ConfigName: kjsd__advperagentrankweighted__M5__L8__eps0p02__g0p0005__ds0p2__dm0p05
Problem: NK
Kernel: jsd
Advantage: peragentrankweighted
M: 5
lambda: 8
epsilon_svgd: 0.02
gamma: 0.0005
decay_start_ratio: 0.2
decay_min_factor: 0.05
bandwith_kernel: None
no_interact: False
avg_score: 0.7318987846374512
median_score: 0.7333044409751892
std_score: 0.008992922492325306
percentiles: 2%=0.7140170931816101, 5%=0.7152823209762573, 10%=0.7181857228279114, 25%=0.7274644374847412, 50%=0.7333044409751892, 75%=0.7384767532348633, 90%=0.7420930862426758, 95%=0.7449008226394653, 98%=0.745320200920105
ranking_best_algo: PBIL
ranking_best_score: 0.730509098125
ranking_my_rank: 1/504 (100.0%)
ranking_my_percent: 100.0
