ConfigName: krbf__advnormalizedfitness__M4__L15__eps0p015__g0p015__ds0p01__dm0p01
Problem: NK
Kernel: rbf
Advantage: normalizedfitness
M: 4
lambda: 15
epsilon_svgd: 0.015
gamma: 0.015
decay_start_ratio: 0.01
decay_min_factor: 0.01
bandwith_kernel: None
no_interact: False
avg_score: 0.705226719379425
median_score: 0.7062339782714844
std_score: 0.01279965415596962
percentiles: 2%=0.6802921295166016, 5%=0.6832370758056641, 10%=0.6871375441551208, 25%=0.6978902816772461, 50%=0.7062339782714844, 75%=0.7134995460510254, 90%=0.7230044603347778, 95%=0.7259000539779663, 98%=0.7300696969032288
ranking_best_algo: PBIL
ranking_best_score: 0.730509098125
ranking_my_rank: 247/504 (51.2%)
ranking_my_percent: 51.19047619047619
