ConfigName: kjsd__advperagentrankweighted__M5__L12__eps0p02__g0p0003__ds0p05__dm0p05
Problem: QUBO
Kernel: jsd
Advantage: peragentrankweighted
M: 5
lambda: 12
epsilon_svgd: 0.02
gamma: 0.0003
decay_start_ratio: 0.05
decay_min_factor: 0.05
bandwith_kernel: None
no_interact: False
avg_score: -1176.8199462890625
median_score: -1168.0
std_score: 66.1473159790039
percentiles: 2%=-1311.43994140625, 5%=-1295.4000244140625, 10%=-1269.199951171875, 25%=-1223.0, 50%=-1168.0, 75%=-1132.0, 90%=-1095.199951171875, 95%=-1077.8499755859375, 98%=-1070.0
ranking_best_algo: Tabu
ranking_best_score: 1216.16
ranking_my_rank: 82/504 (83.9%)
ranking_my_percent: 83.92857142857143
