ConfigName: kjsd__advperagentrankweighted__M3__L16__eps0p007__g0p001__ds0p2__dm0p05
Problem: NK
Kernel: jsd
Advantage: peragentrankweighted
M: 3
lambda: 16
epsilon_svgd: 0.007
gamma: 0.001
decay_start_ratio: 0.2
decay_min_factor: 0.05
bandwith_kernel: None
no_interact: False
avg_score: 0.7427798509597778
median_score: 0.7403939962387085
std_score: 0.0291556678712368
percentiles: 2%=0.695874035358429, 5%=0.7053889632225037, 10%=0.7082894444465637, 25%=0.7223025560379028, 50%=0.7403939962387085, 75%=0.7601335048675537, 90%=0.7777260541915894, 95%=0.8044298887252808, 98%=0.8045783638954163
ranking_best_algo: CMApara
ranking_best_score: 0.7459277895312499
ranking_my_rank: 16/504 (97.0%)
ranking_my_percent: 97.02380952380952
