ConfigName: krbf__advnormalizedfitness__M2__L8__eps0p025__g0p005__ds0p15__dm0p3
Problem: QUBO
Kernel: rbf
Advantage: normalizedfitness
M: 2
lambda: 8
epsilon_svgd: 0.025
gamma: 0.005
decay_start_ratio: 0.15
decay_min_factor: 0.3
bandwith_kernel: None
no_interact: False
avg_score: -1610.06005859375
median_score: -1607.0
std_score: 64.49322509765625
percentiles: 2%=-1743.3599853515625, 5%=-1715.25, 10%=-1693.0, 25%=-1651.0, 50%=-1607.0, 75%=-1573.0, 90%=-1530.5999755859375, 95%=-1495.0, 98%=-1482.6800537109375
ranking_best_algo: NLOPT_LN_PRAXIS
ranking_best_score: 1607.12
ranking_my_rank: 1/504 (100.0%)
ranking_my_percent: 100.0
