ConfigName: kjsd__advperagentrankweighted__M10__L12__eps0p008__g0p0005__ds0p05__dm0p05
Problem: NK
Kernel: jsd
Advantage: peragentrankweighted
M: 10
lambda: 12
epsilon_svgd: 0.008
gamma: 0.0005
decay_start_ratio: 0.05
decay_min_factor: 0.05
bandwith_kernel: None
no_interact: False
avg_score: 0.6339773535728455
median_score: 0.6334517002105713
std_score: 0.007871906273066998
percentiles: 2%=0.6198387145996094, 5%=0.6217380166053772, 10%=0.6248770356178284, 25%=0.6289767622947693, 50%=0.6334517002105713, 75%=0.6387345790863037, 90%=0.6435484290122986, 95%=0.6485381126403809, 98%=0.6503812670707703
ranking_best_algo: PBIL
ranking_best_score: 0.7170882103515624
ranking_my_rank: 305/504 (39.7%)
ranking_my_percent: 39.682539682539684
