ConfigName: krbf__advnormalizedfitness__M3__L8__eps0p015__g0p015__ds0p01__dm0p3
Problem: NK
Kernel: rbf
Advantage: normalizedfitness
M: 3
lambda: 8
epsilon_svgd: 0.015
gamma: 0.015
decay_start_ratio: 0.01
decay_min_factor: 0.3
bandwith_kernel: None
no_interact: False
avg_score: 0.6494691967964172
median_score: 0.649911642074585
std_score: 0.012357286177575588
percentiles: 2%=0.6270453333854675, 5%=0.6292279362678528, 10%=0.6324389576911926, 25%=0.6416449546813965, 50%=0.649911642074585, 75%=0.6564476490020752, 90%=0.6652624607086182, 95%=0.6699744462966919, 98%=0.6732984185218811
ranking_best_algo: PBIL
ranking_best_score: 0.733570253046875
ranking_my_rank: 300/504 (40.7%)
ranking_my_percent: 40.67460317460318
