ConfigName: kjsd__advperagentrankweighted__M3__L16__eps0p01__g0p0007__ds0p05__dm0p2
Problem: QUBO
Kernel: jsd
Advantage: peragentrankweighted
M: 3
lambda: 16
epsilon_svgd: 0.01
gamma: 0.0007
decay_start_ratio: 0.05
decay_min_factor: 0.2
bandwith_kernel: None
no_interact: False
avg_score: -912.2000122070312
median_score: -909.0
std_score: 63.35124206542969
percentiles: 2%=-1038.199951171875, 5%=-1015.2999877929688, 10%=-990.0999755859375, 25%=-959.5, 50%=-909.0, 75%=-868.5, 90%=-830.9000244140625, 95%=-809.9000244140625, 98%=-797.8200073242188
ranking_best_algo: CMAL3
ranking_best_score: 928.5800000000002
ranking_my_rank: 20/504 (96.2%)
ranking_my_percent: 96.23015873015873
