ConfigName: kjsd__advperagentrankweighted__M4__L8__eps0p005__g0p0003__ds0p05__dm0p05
Problem: QUBO
Kernel: jsd
Advantage: peragentrankweighted
M: 4
lambda: 8
epsilon_svgd: 0.005
gamma: 0.0003
decay_start_ratio: 0.05
decay_min_factor: 0.05
bandwith_kernel: None
no_interact: False
avg_score: -2594.840087890625
median_score: -2587.5
std_score: 107.90929412841797
percentiles: 2%=-2786.300048828125, 5%=-2766.300048828125, 10%=-2752.60009765625, 25%=-2679.0, 50%=-2587.5, 75%=-2514.0, 90%=-2457.39990234375, 95%=-2432.75, 98%=-2391.0
ranking_best_algo: SVM1MetaModelLogNormal
ranking_best_score: 2605.14
ranking_my_rank: 10/504 (98.2%)
ranking_my_percent: 98.21428571428571
