ConfigName: kjsd__advperagentrankweighted__M4__L20__eps0p005__g0p0005__ds0p1__dm0p2
Problem: NK
Kernel: jsd
Advantage: peragentrankweighted
M: 4
lambda: 20
epsilon_svgd: 0.005
gamma: 0.0005
decay_start_ratio: 0.1
decay_min_factor: 0.2
bandwith_kernel: None
no_interact: False
avg_score: 0.6992651224136353
median_score: 0.6985347270965576
std_score: 0.010257384739816189
percentiles: 2%=0.6827231645584106, 5%=0.6854686737060547, 10%=0.6870042085647583, 25%=0.6910653114318848, 50%=0.6985347270965576, 75%=0.7066096067428589, 90%=0.7126305103302002, 95%=0.7171573638916016, 98%=0.7190631628036499
ranking_best_algo: PBIL
ranking_best_score: 0.7170882103515624
ranking_my_rank: 76/504 (85.1%)
ranking_my_percent: 85.11904761904762
