ConfigName: krbf__advnormalizedfitness__M3__L15__eps0p033__g0p005__ds0p01__dm0p01
Problem: QUBO
Kernel: rbf
Advantage: normalizedfitness
M: 3
lambda: 15
epsilon_svgd: 0.033
gamma: 0.005
decay_start_ratio: 0.01
decay_min_factor: 0.01
bandwith_kernel: None
no_interact: False
avg_score: -423.8599853515625
median_score: -425.5
std_score: 31.321245193481445
percentiles: 2%=-479.0, 5%=-473.0, 10%=-465.20001220703125, 25%=-448.0, 50%=-425.5, 75%=-402.75, 90%=-382.6000061035156, 95%=-373.60003662109375, 98%=-351.89996337890625
ranking_best_algo: CMAL3
ranking_best_score: 435.36
ranking_my_rank: 31/504 (94.0%)
ranking_my_percent: 94.04761904761905
