ConfigName: krbf__advnormalizedfitness__M3__L15__eps0p025__g0p015__ds0p3__dm0p3
Problem: NK
Kernel: rbf
Advantage: normalizedfitness
M: 3
lambda: 15
epsilon_svgd: 0.025
gamma: 0.015
decay_start_ratio: 0.3
decay_min_factor: 0.3
bandwith_kernel: None
no_interact: False
avg_score: 0.7412641644477844
median_score: 0.7394067645072937
std_score: 0.03091590106487274
percentiles: 2%=0.6919106245040894, 5%=0.6998310089111328, 10%=0.7021090388298035, 25%=0.7162870168685913, 50%=0.7394067645072937, 75%=0.7578039169311523, 90%=0.777429461479187, 95%=0.8044298887252808, 98%=0.8103753328323364
ranking_best_algo: CMApara
ranking_best_score: 0.7459277895312499
ranking_my_rank: 26/504 (95.0%)
ranking_my_percent: 95.03968253968254
