ConfigName: krbf__advnormalizedfitness__M4__L12__eps0p015__g0p007__ds0p3__dm0p01
Problem: NK
Kernel: rbf
Advantage: normalizedfitness
M: 4
lambda: 12
epsilon_svgd: 0.015
gamma: 0.007
decay_start_ratio: 0.3
decay_min_factor: 0.01
bandwith_kernel: None
no_interact: False
avg_score: 0.6147980690002441
median_score: 0.6118735074996948
std_score: 0.013600679114460945
percentiles: 2%=0.5965300798416138, 5%=0.5989127159118652, 10%=0.6021833419799805, 25%=0.606182873249054, 50%=0.6118735074996948, 75%=0.621048092842102, 90%=0.6289191842079163, 95%=0.6354727149009705, 98%=0.6399713754653931
ranking_best_algo: Tabu
ranking_best_score: 0.7429702712499999
ranking_my_rank: 379/504 (25.0%)
ranking_my_percent: 25.0
