ConfigName: krbf__advnormalizedfitness__M1__L8__eps0p015__g0p015__ds0p01__dm0p01
Problem: NK
Kernel: rbf
Advantage: normalizedfitness
M: 1
lambda: 8
epsilon_svgd: 0.015
gamma: 0.015
decay_start_ratio: 0.01
decay_min_factor: 0.01
bandwith_kernel: None
no_interact: False
avg_score: 0.70830899477005
median_score: 0.7106319665908813
std_score: 0.015412445180118084
percentiles: 2%=0.6697777509689331, 5%=0.6713436245918274, 10%=0.6912610530853271, 25%=0.7037031650543213, 50%=0.7106319665908813, 75%=0.7172835469245911, 90%=0.725118100643158, 95%=0.7316641807556152, 98%=0.7319892644882202
ranking_best_algo: CMApara
ranking_best_score: 0.707475975
ranking_my_rank: 1/504 (100.0%)
ranking_my_percent: 100.0
