ConfigName: kjsd__advperagentrankweighted__M4__L10__eps0p01__g0p0003__ds0p2__dm0p05
Problem: NK
Kernel: jsd
Advantage: peragentrankweighted
M: 4
lambda: 10
epsilon_svgd: 0.01
gamma: 0.0003
decay_start_ratio: 0.2
decay_min_factor: 0.05
bandwith_kernel: None
no_interact: False
avg_score: 0.734528660774231
median_score: 0.7339550256729126
std_score: 0.008917897008359432
percentiles: 2%=0.7178678512573242, 5%=0.7207168936729431, 10%=0.7232235074043274, 25%=0.7285909652709961, 50%=0.7339550256729126, 75%=0.7414328455924988, 90%=0.7450931668281555, 95%=0.7485341429710388, 98%=0.7502202391624451
ranking_best_algo: PBIL
ranking_best_score: 0.733570253046875
ranking_my_rank: 1/504 (100.0%)
ranking_my_percent: 100.0
