ConfigName: kjsd__advperagentrankweighted__M3__L20__eps0p007__g0p0007__ds0p1__dm0p1
Problem: QUBO
Kernel: jsd
Advantage: peragentrankweighted
M: 3
lambda: 20
epsilon_svgd: 0.007
gamma: 0.0007
decay_start_ratio: 0.1
decay_min_factor: 0.1
bandwith_kernel: None
no_interact: False
avg_score: -916.1199951171875
median_score: -916.0
std_score: 59.284446716308594
percentiles: 2%=-1022.219970703125, 5%=-1011.0999755859375, 10%=-994.5, 25%=-964.25, 50%=-916.0, 75%=-868.75, 90%=-848.2999877929688, 95%=-829.0, 98%=-801.0
ranking_best_algo: CMAL3
ranking_best_score: 928.5800000000002
ranking_my_rank: 15/504 (97.2%)
ranking_my_percent: 97.22222222222223
