ConfigName: kjsd__advperagentrankweighted__M3__L20__eps0p007__g0p003__ds0p1__dm0p2
Problem: QUBO
Kernel: jsd
Advantage: peragentrankweighted
M: 3
lambda: 20
epsilon_svgd: 0.007
gamma: 0.003
decay_start_ratio: 0.1
decay_min_factor: 0.2
bandwith_kernel: None
no_interact: False
avg_score: -1049.280029296875
median_score: -1056.0
std_score: 69.86859893798828
percentiles: 2%=-1198.1800537109375, 5%=-1173.300048828125, 10%=-1133.0999755859375, 25%=-1093.25, 50%=-1056.0, 75%=-999.75, 90%=-961.0, 95%=-930.8499755859375, 98%=-924.8800048828125
ranking_best_algo: SVMMetaModelLogNormal
ranking_best_score: 1233.7999999999997
ranking_my_rank: 196/504 (61.3%)
ranking_my_percent: 61.30952380952381
