ConfigName: kjsd__advperagentrankweighted__M4__L12__eps0p02__g0p0003__ds0p2__dm0p05
Problem: NK
Kernel: jsd
Advantage: peragentrankweighted
M: 4
lambda: 12
epsilon_svgd: 0.02
gamma: 0.0003
decay_start_ratio: 0.2
decay_min_factor: 0.05
bandwith_kernel: None
no_interact: False
avg_score: 0.7381225824356079
median_score: 0.7346200942993164
std_score: 0.027338797226548195
percentiles: 2%=0.6959636807441711, 5%=0.7058152556419373, 10%=0.7101101279258728, 25%=0.7188889384269714, 50%=0.7346200942993164, 75%=0.7499327063560486, 90%=0.7747483253479004, 95%=0.8001967668533325, 98%=0.8045602440834045
ranking_best_algo: CMApara
ranking_best_score: 0.7459277895312499
ranking_my_rank: 63/504 (87.7%)
ranking_my_percent: 87.6984126984127
