ConfigName: kfr__advglobalrankweighted__M4__L11__eps0p02__g0p007__ds0p01__dm0p01
Problem: QUBO
Kernel: fr
Advantage: globalrankweighted
M: 4
lambda: 11
epsilon_svgd: 0.02
gamma: 0.007
decay_start_ratio: 0.01
decay_min_factor: 0.01
bandwith_kernel: None
no_interact: False
avg_score: -428.1600036621094
median_score: -429.5
std_score: 25.961788177490234
percentiles: 2%=-483.0799865722656, 5%=-467.1000061035156, 10%=-459.0, 25%=-446.25, 50%=-429.5, 75%=-412.75, 90%=-394.8999938964844, 95%=-385.8999938964844, 98%=-372.0
ranking_best_algo: CMAL3
ranking_best_score: 435.36
ranking_my_rank: 15/504 (97.2%)
ranking_my_percent: 97.22222222222223
