ConfigName: krbf__advnormalizedfitness__M2__L10__eps0p033__g0p005__ds0p01__dm0p3
Problem: QUBO
Kernel: rbf
Advantage: normalizedfitness
M: 2
lambda: 10
epsilon_svgd: 0.033
gamma: 0.005
decay_start_ratio: 0.01
decay_min_factor: 0.3
bandwith_kernel: None
no_interact: False
avg_score: -1220.52001953125
median_score: -1213.0
std_score: 69.26838684082031
percentiles: 2%=-1360.1400146484375, 5%=-1337.0999755859375, 10%=-1313.199951171875, 25%=-1273.0, 50%=-1213.0, 75%=-1175.25, 90%=-1137.0, 95%=-1097.0, 98%=-1088.8399658203125
ranking_best_algo: SVMMetaModelLogNormal
ranking_best_score: 1233.7999999999997
ranking_my_rank: 40/504 (92.3%)
ranking_my_percent: 92.26190476190476
