ConfigName: kjsd__advperagentrankweighted__M4__L12__eps0p02__g0p0003__ds0p05__dm0p05
Problem: NK
Kernel: jsd
Advantage: peragentrankweighted
M: 4
lambda: 12
epsilon_svgd: 0.02
gamma: 0.0003
decay_start_ratio: 0.05
decay_min_factor: 0.05
bandwith_kernel: None
no_interact: False
avg_score: 0.7278773784637451
median_score: 0.7284813523292542
std_score: 0.009435116313397884
percentiles: 2%=0.7080175876617432, 5%=0.7126159071922302, 10%=0.7144414782524109, 25%=0.7217444181442261, 50%=0.7284813523292542, 75%=0.7337462306022644, 90%=0.7395370602607727, 95%=0.7427816987037659, 98%=0.747841477394104
ranking_best_algo: PBIL
ranking_best_score: 0.733570253046875
ranking_my_rank: 4/504 (99.4%)
ranking_my_percent: 99.4047619047619
