ConfigName: kjsd__advperagentrankweighted__M4__L30__eps0p005__g0p0007__ds0p2__dm0p05
Problem: NK
Kernel: jsd
Advantage: peragentrankweighted
M: 4
lambda: 30
epsilon_svgd: 0.005
gamma: 0.0007
decay_start_ratio: 0.2
decay_min_factor: 0.05
bandwith_kernel: None
no_interact: False
avg_score: 0.6388874650001526
median_score: 0.6388025283813477
std_score: 0.014305595308542252
percentiles: 2%=0.6125754714012146, 5%=0.6168091893196106, 10%=0.6200178861618042, 25%=0.6288581490516663, 50%=0.6388025283813477, 75%=0.6484266519546509, 90%=0.6552999019622803, 95%=0.662260890007019, 98%=0.6687904596328735
ranking_best_algo: PBIL
ranking_best_score: 0.7170882103515624
ranking_my_rank: 302/504 (40.3%)
ranking_my_percent: 40.27777777777778
