ConfigName: krbf__advnormalizedfitness__M3__L12__eps0p025__g0p005__ds0p15__dm0p3
Problem: NK
Kernel: rbf
Advantage: normalizedfitness
M: 3
lambda: 12
epsilon_svgd: 0.025
gamma: 0.005
decay_start_ratio: 0.15
decay_min_factor: 0.3
bandwith_kernel: None
no_interact: False
avg_score: 0.7366864085197449
median_score: 0.7384895086288452
std_score: 0.00889331754297018
percentiles: 2%=0.7179577350616455, 5%=0.719508171081543, 10%=0.7226656675338745, 25%=0.7312226295471191, 50%=0.7384895086288452, 75%=0.7431542277336121, 90%=0.746161162853241, 95%=0.7481289505958557, 98%=0.7509459257125854
ranking_best_algo: PBIL
ranking_best_score: 0.730509098125
ranking_my_rank: 1/504 (100.0%)
ranking_my_percent: 100.0
