ConfigName: krbf__advnormalizedfitness__M4__L24__eps0p02__g0p005__ds0p15__dm0p05
Problem: NK
Kernel: rbf
Advantage: normalizedfitness
M: 4
lambda: 24
epsilon_svgd: 0.02
gamma: 0.005
decay_start_ratio: 0.15
decay_min_factor: 0.05
bandwith_kernel: None
no_interact: False
avg_score: 0.6661399006843567
median_score: 0.6667270660400391
std_score: 0.013455071486532688
percentiles: 2%=0.6416257619857788, 5%=0.6450996398925781, 10%=0.6502405405044556, 25%=0.6562985777854919, 50%=0.6667270660400391, 75%=0.6757302284240723, 90%=0.6840603947639465, 95%=0.687981128692627, 98%=0.6939892172813416
ranking_best_algo: PBIL
ranking_best_score: 0.733570253046875
ranking_my_rank: 268/504 (47.0%)
ranking_my_percent: 47.023809523809526
