ConfigName: kfr__advglobalrankweighted__M5__L8__eps0p01__g0p003__ds0p01__dm0p01
Problem: QUBO
Kernel: fr
Advantage: globalrankweighted
M: 5
lambda: 8
epsilon_svgd: 0.01
gamma: 0.003
decay_start_ratio: 0.01
decay_min_factor: 0.01
bandwith_kernel: None
no_interact: False
avg_score: -426.739990234375
median_score: -426.0
std_score: 24.100879669189453
percentiles: 2%=-481.0, 5%=-471.1000061035156, 10%=-458.0, 25%=-441.0, 50%=-426.0, 75%=-410.25, 90%=-395.8999938964844, 95%=-388.0, 98%=-381.0
ranking_best_algo: CMAL3
ranking_best_score: 435.36
ranking_my_rank: 22/504 (95.8%)
ranking_my_percent: 95.83333333333333
