ConfigName: kjsd__advperagentrankweighted__M3__L20__eps0p007__g0p0005__ds0p2__dm0p2
Problem: QUBO
Kernel: jsd
Advantage: peragentrankweighted
M: 3
lambda: 20
epsilon_svgd: 0.007
gamma: 0.0005
decay_start_ratio: 0.2
decay_min_factor: 0.2
bandwith_kernel: None
no_interact: False
avg_score: -1632.5400390625
median_score: -1627.0
std_score: 61.54615020751953
percentiles: 2%=-1736.0799560546875, 5%=-1731.050048828125, 10%=-1724.199951171875, 25%=-1677.5, 50%=-1627.0, 75%=-1587.75, 90%=-1550.800048828125, 95%=-1536.5, 98%=-1520.56005859375
ranking_best_algo: NLOPT_LN_PRAXIS
ranking_best_score: 1607.12
ranking_my_rank: 1/504 (100.0%)
ranking_my_percent: 100.0
