ConfigName: kjsd__advperagentrankweighted__M4__L8__eps0p03__g0p0007__ds0p05__dm0p05
Problem: NK
Kernel: jsd
Advantage: peragentrankweighted
M: 4
lambda: 8
epsilon_svgd: 0.03
gamma: 0.0007
decay_start_ratio: 0.05
decay_min_factor: 0.05
bandwith_kernel: None
no_interact: False
avg_score: 0.7241283655166626
median_score: 0.7239966988563538
std_score: 0.015402156859636307
percentiles: 2%=0.6944901943206787, 5%=0.700789749622345, 10%=0.7034763097763062, 25%=0.7138104438781738, 50%=0.7239966988563538, 75%=0.7329037189483643, 90%=0.7439655661582947, 95%=0.7493315935134888, 98%=0.7521681189537048
ranking_best_algo: Tabu
ranking_best_score: 0.7601875690625
ranking_my_rank: 121/504 (76.2%)
ranking_my_percent: 76.19047619047619
