ConfigName: kfr__advglobalrankweighted__M5__L11__eps0p02__g0p007__ds0p01__dm0p01
Problem: QUBO
Kernel: fr
Advantage: globalrankweighted
M: 5
lambda: 11
epsilon_svgd: 0.02
gamma: 0.007
decay_start_ratio: 0.01
decay_min_factor: 0.01
bandwith_kernel: None
no_interact: False
avg_score: -200.05999755859375
median_score: -200.0
std_score: 10.917710304260254
percentiles: 2%=-224.0, 5%=-220.0, 10%=-213.1999969482422, 25%=-205.5, 50%=-200.0, 75%=-192.75, 90%=-186.89999389648438, 95%=-184.0, 98%=-175.9399871826172
ranking_best_algo: Tabu
ranking_best_score: 208.36000000000004
ranking_my_rank: 54/504 (89.5%)
ranking_my_percent: 89.48412698412699
