ConfigName: krbf__advnormalizedfitness__M3__L12__eps0p025__g0p007__ds0p01__dm0p3
Problem: NK
Kernel: rbf
Advantage: normalizedfitness
M: 3
lambda: 12
epsilon_svgd: 0.025
gamma: 0.007
decay_start_ratio: 0.01
decay_min_factor: 0.3
bandwith_kernel: None
no_interact: False
avg_score: 0.699431300163269
median_score: 0.6983450651168823
std_score: 0.02110125869512558
percentiles: 2%=0.6627324223518372, 5%=0.6659826636314392, 10%=0.6705180406570435, 25%=0.6842554211616516, 50%=0.6983450651168823, 75%=0.7133423089981079, 90%=0.729844868183136, 95%=0.7347928285598755, 98%=0.7375562191009521
ranking_best_algo: Tabu
ranking_best_score: 0.7429702712499999
ranking_my_rank: 199/504 (60.7%)
ranking_my_percent: 60.714285714285715
