ConfigName: kjsd__advperagentrankweighted__M4__L12__eps0p02__g0p0003__ds0p05__dm0p05
Problem: NK
Kernel: jsd
Advantage: peragentrankweighted
M: 4
lambda: 12
epsilon_svgd: 0.02
gamma: 0.0003
decay_start_ratio: 0.05
decay_min_factor: 0.05
bandwith_kernel: None
no_interact: False
avg_score: 0.7390437126159668
median_score: 0.7361024022102356
std_score: 0.02884906716644764
percentiles: 2%=0.6960815191268921, 5%=0.7020320892333984, 10%=0.7060235142707825, 25%=0.7192865610122681, 50%=0.7361024022102356, 75%=0.7462340593338013, 90%=0.7766185998916626, 95%=0.8045625686645508, 98%=0.8109490275382996
ranking_best_algo: CMApara
ranking_best_score: 0.7459277895312499
ranking_my_rank: 60/504 (88.3%)
ranking_my_percent: 88.2936507936508
