ConfigName: kjsd__advperagentrankweighted__M3__L16__eps0p005__g0p003__ds0p05__dm0p2
Problem: QUBO
Kernel: jsd
Advantage: peragentrankweighted
M: 3
lambda: 16
epsilon_svgd: 0.005
gamma: 0.003
decay_start_ratio: 0.05
decay_min_factor: 0.2
bandwith_kernel: None
no_interact: False
avg_score: -410.3999938964844
median_score: -409.0
std_score: 33.46460723876953
percentiles: 2%=-473.0, 5%=-467.1000061035156, 10%=-459.20001220703125, 25%=-434.0, 50%=-409.0, 75%=-383.75, 90%=-369.70001220703125, 95%=-356.79998779296875, 98%=-350.0
ranking_best_algo: CMAL3
ranking_best_score: 435.36
ranking_my_rank: 171/504 (66.3%)
ranking_my_percent: 66.26984126984127
