ConfigName: kjsd__advperagentrankweighted__M5__L8__eps0p02__g0p0005__ds0p2__dm0p05
Problem: QUBO
Kernel: jsd
Advantage: peragentrankweighted
M: 5
lambda: 8
epsilon_svgd: 0.02
gamma: 0.0005
decay_start_ratio: 0.2
decay_min_factor: 0.05
bandwith_kernel: None
no_interact: False
avg_score: -1586.6800537109375
median_score: -1584.5
std_score: 63.57638931274414
percentiles: 2%=-1714.1800537109375, 5%=-1688.75, 10%=-1672.300048828125, 25%=-1624.5, 50%=-1584.5, 75%=-1543.0, 90%=-1502.9000244140625, 95%=-1490.699951171875, 98%=-1474.719970703125
ranking_best_algo: NLOPT_LN_PRAXIS
ranking_best_score: 1607.12
ranking_my_rank: 41/504 (92.1%)
ranking_my_percent: 92.06349206349206
