ConfigName: kjsd__advperagentrankweighted__M5__L10__eps0p01__g0p0007__ds0p2__dm0p05
Problem: NK
Kernel: jsd
Advantage: peragentrankweighted
M: 5
lambda: 10
epsilon_svgd: 0.01
gamma: 0.0007
decay_start_ratio: 0.2
decay_min_factor: 0.05
bandwith_kernel: None
no_interact: False
avg_score: 0.7351997494697571
median_score: 0.7366621494293213
std_score: 0.00905314739793539
percentiles: 2%=0.7161344289779663, 5%=0.7192398905754089, 10%=0.7224395275115967, 25%=0.7300469875335693, 50%=0.7366621494293213, 75%=0.7411537170410156, 90%=0.7449348568916321, 95%=0.7485320568084717, 98%=0.7501369714736938
ranking_best_algo: PBIL
ranking_best_score: 0.7248786399609374
ranking_my_rank: 1/504 (100.0%)
ranking_my_percent: 100.0
