ConfigName: kjsd__advperagentrankweighted__M3__L18__eps0p005__g0p0007__ds0p1__dm0p1
Problem: QUBO
Kernel: jsd
Advantage: peragentrankweighted
M: 3
lambda: 18
epsilon_svgd: 0.005
gamma: 0.0007
decay_start_ratio: 0.1
decay_min_factor: 0.1
bandwith_kernel: None
no_interact: False
avg_score: -309.3399963378906
median_score: -318.0
std_score: 39.67372512817383
percentiles: 2%=-388.0400085449219, 5%=-382.1000061035156, 10%=-359.20001220703125, 25%=-336.5, 50%=-318.0, 75%=-272.0, 90%=-261.79998779296875, 95%=-251.9499969482422, 98%=-248.97999572753906
ranking_best_algo: CMApara
ranking_best_score: 319.29999999999995
ranking_my_rank: 80/504 (84.3%)
ranking_my_percent: 84.32539682539682
