ConfigName: krbf__advnormalizedfitness__M4__L15__eps0p025__g0p007__ds0p15__dm0p01
Problem: NK
Kernel: rbf
Advantage: normalizedfitness
M: 4
lambda: 15
epsilon_svgd: 0.025
gamma: 0.007
decay_start_ratio: 0.15
decay_min_factor: 0.01
bandwith_kernel: None
no_interact: False
avg_score: 0.736296534538269
median_score: 0.7368311882019043
std_score: 0.008188378065824509
percentiles: 2%=0.7184799313545227, 5%=0.7210198640823364, 10%=0.725609540939331, 25%=0.7308396100997925, 50%=0.7368311882019043, 75%=0.7425558567047119, 90%=0.746058464050293, 95%=0.7468385696411133, 98%=0.7493634819984436
ranking_best_algo: PBIL
ranking_best_score: 0.730509098125
ranking_my_rank: 1/504 (100.0%)
ranking_my_percent: 100.0
