ConfigName: kjsd__advperagentrankweighted__M3__L24__eps0p005__g0p0005__ds0p05__dm0p2
Problem: QUBO
Kernel: jsd
Advantage: peragentrankweighted
M: 3
lambda: 24
epsilon_svgd: 0.005
gamma: 0.0005
decay_start_ratio: 0.05
decay_min_factor: 0.2
bandwith_kernel: None
no_interact: False
avg_score: -439.9599914550781
median_score: -441.5
std_score: 25.818567276000977
percentiles: 2%=-485.05999755859375, 5%=-479.0, 10%=-472.1000061035156, 25%=-459.0, 50%=-441.5, 75%=-424.5, 90%=-404.8999938964844, 95%=-397.79998779296875, 98%=-384.8999938964844
ranking_best_algo: CMApara
ranking_best_score: 453.82
ranking_my_rank: 16/504 (97.0%)
ranking_my_percent: 97.02380952380952
