ConfigName: kjsd__advperagentrankweighted__M3__L18__eps0p005__g0p001__ds0p1__dm0p2
Problem: QUBO
Kernel: jsd
Advantage: peragentrankweighted
M: 3
lambda: 18
epsilon_svgd: 0.005
gamma: 0.001
decay_start_ratio: 0.1
decay_min_factor: 0.2
bandwith_kernel: None
no_interact: False
avg_score: -426.7200012207031
median_score: -425.5
std_score: 25.852691650390625
percentiles: 2%=-481.0400085449219, 5%=-471.29998779296875, 10%=-464.29998779296875, 25%=-441.5, 50%=-425.5, 75%=-410.75, 90%=-397.0, 95%=-389.5, 98%=-374.82000732421875
ranking_best_algo: CMAL3
ranking_best_score: 435.36
ranking_my_rank: 22/504 (95.8%)
ranking_my_percent: 95.83333333333333
