ConfigName: kjsd__advperagentrankweighted__M4__L12__eps0p005__g0p0007__ds0p2__dm0p2
Problem: NK
Kernel: jsd
Advantage: peragentrankweighted
M: 4
lambda: 12
epsilon_svgd: 0.005
gamma: 0.0007
decay_start_ratio: 0.2
decay_min_factor: 0.2
bandwith_kernel: None
no_interact: False
avg_score: 0.7347513437271118
median_score: 0.7360274791717529
std_score: 0.009983962401747704
percentiles: 2%=0.7154319882392883, 5%=0.7174723148345947, 10%=0.7190172076225281, 25%=0.7297738790512085, 50%=0.7360274791717529, 75%=0.7421405911445618, 90%=0.7461473345756531, 95%=0.7483433485031128, 98%=0.7501854300498962
ranking_best_algo: PBIL
ranking_best_score: 0.7248786399609374
ranking_my_rank: 1/504 (100.0%)
ranking_my_percent: 100.0
