ConfigName: kjsd__advperagentrankweighted__M4__L12__eps0p03__g0p0007__ds0p2__dm0p05
Problem: QUBO
Kernel: jsd
Advantage: peragentrankweighted
M: 4
lambda: 12
epsilon_svgd: 0.03
gamma: 0.0007
decay_start_ratio: 0.2
decay_min_factor: 0.05
bandwith_kernel: None
no_interact: False
avg_score: -138.66000366210938
median_score: -141.0
std_score: 12.159128189086914
percentiles: 2%=-160.0, 5%=-156.0500030517578, 10%=-152.3000030517578, 25%=-146.0, 50%=-141.0, 75%=-129.75, 90%=-124.9000015258789, 95%=-120.0, 98%=-112.87999725341797
ranking_best_algo: DiscreteDE
ranking_best_score: 143.4
ranking_my_rank: 97/504 (81.0%)
ranking_my_percent: 80.95238095238095
