ConfigName: kjsd__advperagentrankweighted__M3__L18__eps0p01__g0p001__ds0p05__dm0p05
Problem: QUBO
Kernel: jsd
Advantage: peragentrankweighted
M: 3
lambda: 18
epsilon_svgd: 0.01
gamma: 0.001
decay_start_ratio: 0.05
decay_min_factor: 0.05
bandwith_kernel: None
no_interact: False
avg_score: -1311.8800048828125
median_score: -1313.5
std_score: 55.72544860839844
percentiles: 2%=-1421.199951171875, 5%=-1392.550048828125, 10%=-1379.0, 25%=-1348.5, 50%=-1313.5, 75%=-1275.0, 90%=-1241.4000244140625, 95%=-1218.0999755859375, 98%=-1177.93994140625
ranking_best_algo: BigLognormalDiscreteOnePlusOne
ranking_best_score: 1301.3600000000004
ranking_my_rank: 1/504 (100.0%)
ranking_my_percent: 100.0
