ConfigName: krbf__advnormalizedfitness__M3__L8__eps0p015__g0p005__ds0p3__dm0p3
Problem: NK
Kernel: rbf
Advantage: normalizedfitness
M: 3
lambda: 8
epsilon_svgd: 0.015
gamma: 0.005
decay_start_ratio: 0.3
decay_min_factor: 0.3
bandwith_kernel: None
no_interact: False
avg_score: 0.7365503907203674
median_score: 0.7364287376403809
std_score: 0.01292415615171194
percentiles: 2%=0.7100821733474731, 5%=0.7132002711296082, 10%=0.7197871208190918, 25%=0.7277810573577881, 50%=0.7364287376403809, 75%=0.7451743483543396, 90%=0.7538284063339233, 95%=0.7576461434364319, 98%=0.7614968419075012
ranking_best_algo: PBIL
ranking_best_score: 0.733570253046875
ranking_my_rank: 1/504 (100.0%)
ranking_my_percent: 100.0
