ConfigName: kjsd__advperagentrankweighted__M4__L10__eps0p03__g0p0003__ds0p05__dm0p05
Problem: NK
Kernel: jsd
Advantage: peragentrankweighted
M: 4
lambda: 10
epsilon_svgd: 0.03
gamma: 0.0003
decay_start_ratio: 0.05
decay_min_factor: 0.05
bandwith_kernel: None
no_interact: False
avg_score: 0.7032830119132996
median_score: 0.7058852910995483
std_score: 0.015811285004019737
percentiles: 2%=0.66153883934021, 5%=0.6664795279502869, 10%=0.6842771768569946, 25%=0.6976139545440674, 50%=0.7058852910995483, 75%=0.711310863494873, 90%=0.7188997268676758, 95%=0.7280834317207336, 98%=0.7310715317726135
ranking_best_algo: CMApara
ranking_best_score: 0.707475975
ranking_my_rank: 18/504 (96.6%)
ranking_my_percent: 96.62698412698413
