ConfigName: kjsd__advperagentrankweighted__M4__L30__eps0p005__g0p0003__ds0p05__dm0p05
Problem: NK
Kernel: jsd
Advantage: peragentrankweighted
M: 4
lambda: 30
epsilon_svgd: 0.005
gamma: 0.0003
decay_start_ratio: 0.05
decay_min_factor: 0.05
bandwith_kernel: None
no_interact: False
avg_score: 0.7362506985664368
median_score: 0.7377185821533203
std_score: 0.008511731401085854
percentiles: 2%=0.7195481061935425, 5%=0.7199254035949707, 10%=0.7224302887916565, 25%=0.7314185500144958, 50%=0.7377185821533203, 75%=0.7423367500305176, 90%=0.7463476657867432, 95%=0.7484965920448303, 98%=0.7490378022193909
ranking_best_algo: PBIL
ranking_best_score: 0.7248786399609374
ranking_my_rank: 1/504 (100.0%)
ranking_my_percent: 100.0
