ConfigName: kjsd__advperagentrankweighted__M5__L10__eps0p01__g0p0007__ds0p05__dm0p05
Problem: NK
Kernel: jsd
Advantage: peragentrankweighted
M: 5
lambda: 10
epsilon_svgd: 0.01
gamma: 0.0007
decay_start_ratio: 0.05
decay_min_factor: 0.05
bandwith_kernel: None
no_interact: False
avg_score: 0.7396250367164612
median_score: 0.7375215291976929
std_score: 0.013045831583440304
percentiles: 2%=0.7160008549690247, 5%=0.7198011875152588, 10%=0.7266952991485596, 25%=0.7304002642631531, 50%=0.7375215291976929, 75%=0.7469443082809448, 90%=0.7569100856781006, 95%=0.7656463980674744, 98%=0.7672439217567444
ranking_best_algo: Tabu
ranking_best_score: 0.7601875690625
ranking_my_rank: 15/504 (97.2%)
ranking_my_percent: 97.22222222222223
