ConfigName: krbf__advnormalizedfitness__M4__L8__eps0p033__g0p005__ds0p3__dm0p3
Problem: QUBO
Kernel: rbf
Advantage: normalizedfitness
M: 4
lambda: 8
epsilon_svgd: 0.033
gamma: 0.005
decay_start_ratio: 0.3
decay_min_factor: 0.3
bandwith_kernel: None
no_interact: False
avg_score: -1249.739990234375
median_score: -1245.5
std_score: 67.46875
percentiles: 2%=-1389.6199951171875, 5%=-1367.4000244140625, 10%=-1330.5, 25%=-1300.5, 50%=-1245.5, 75%=-1197.75, 90%=-1169.300048828125, 95%=-1148.60009765625, 98%=-1134.8800048828125
ranking_best_algo: BigLognormalDiscreteOnePlusOne
ranking_best_score: 1301.3600000000004
ranking_my_rank: 56/504 (89.1%)
ranking_my_percent: 89.08730158730158
