ConfigName: krbf__advnormalizedfitness__M4__L10__eps0p03__g0p01__ds0p15__dm0p05
Problem: NK
Kernel: rbf
Advantage: normalizedfitness
M: 4
lambda: 10
epsilon_svgd: 0.03
gamma: 0.01
decay_start_ratio: 0.15
decay_min_factor: 0.05
bandwith_kernel: None
no_interact: False
avg_score: 0.7108516097068787
median_score: 0.711273193359375
std_score: 0.015085292980074883
percentiles: 2%=0.6734594702720642, 5%=0.6738376021385193, 10%=0.6971803307533264, 25%=0.7077491879463196, 50%=0.711273193359375, 75%=0.7204930782318115, 90%=0.725480318069458, 95%=0.7319613099098206, 98%=0.7326862812042236
ranking_best_algo: CMApara
ranking_best_score: 0.707475975
ranking_my_rank: 1/504 (100.0%)
ranking_my_percent: 100.0
