ConfigName: kjsd__advperagentrankweighted__M5__L10__eps0p03__g0p0005__ds0p05__dm0p05
Problem: NK
Kernel: jsd
Advantage: peragentrankweighted
M: 5
lambda: 10
epsilon_svgd: 0.03
gamma: 0.0005
decay_start_ratio: 0.05
decay_min_factor: 0.05
bandwith_kernel: None
no_interact: False
avg_score: 0.7425349950790405
median_score: 0.7413961887359619
std_score: 0.012911444529891014
percentiles: 2%=0.7188441753387451, 5%=0.7248067855834961, 10%=0.7268224358558655, 25%=0.7334184050559998, 50%=0.7413961887359619, 75%=0.7504593133926392, 90%=0.7613224983215332, 95%=0.7645331025123596, 98%=0.7683718800544739
ranking_best_algo: Tabu
ranking_best_score: 0.7470791764843752
ranking_my_rank: 5/504 (99.2%)
ranking_my_percent: 99.2063492063492
