ConfigName: krbf__advnormalizedfitness__M3__L10__eps0p033__g0p005__ds0p15__dm0p01
Problem: QUBO
Kernel: rbf
Advantage: normalizedfitness
M: 3
lambda: 10
epsilon_svgd: 0.033
gamma: 0.005
decay_start_ratio: 0.15
decay_min_factor: 0.01
bandwith_kernel: None
no_interact: False
avg_score: -2525.919921875
median_score: -2518.5
std_score: 133.24755859375
percentiles: 2%=-2787.02001953125, 5%=-2729.300048828125, 10%=-2684.39990234375, 25%=-2625.25, 50%=-2518.5, 75%=-2446.0, 90%=-2359.5, 95%=-2325.0, 98%=-2254.8798828125
ranking_best_algo: SVM1MetaModelLogNormal
ranking_best_score: 2605.14
ranking_my_rank: 53/504 (89.7%)
ranking_my_percent: 89.68253968253968
