ConfigName: kjsd__advperagentrankweighted__M3__L18__eps0p005__g0p0007__ds0p2__dm0p2
Problem: NK
Kernel: jsd
Advantage: peragentrankweighted
M: 3
lambda: 18
epsilon_svgd: 0.005
gamma: 0.0007
decay_start_ratio: 0.2
decay_min_factor: 0.2
bandwith_kernel: None
no_interact: False
avg_score: 0.7074318528175354
median_score: 0.7089967727661133
std_score: 0.011848595924675465
percentiles: 2%=0.6877055168151855, 5%=0.6891694068908691, 10%=0.6930497288703918, 25%=0.6962760090827942, 50%=0.7089967727661133, 75%=0.7175793647766113, 90%=0.7213823199272156, 95%=0.7230063080787659, 98%=0.7251842617988586
ranking_best_algo: PBIL
ranking_best_score: 0.7013553837109374
ranking_my_rank: 1/504 (100.0%)
ranking_my_percent: 100.0
