ConfigName: kjsd__advperagentrankweighted__M5__L10__eps0p02__g0p0007__ds0p2__dm0p05
Problem: QUBO
Kernel: jsd
Advantage: peragentrankweighted
M: 5
lambda: 10
epsilon_svgd: 0.02
gamma: 0.0007
decay_start_ratio: 0.2
decay_min_factor: 0.05
bandwith_kernel: None
no_interact: False
avg_score: -310.6000061035156
median_score: -308.0
std_score: 39.99049758911133
percentiles: 2%=-396.0799865722656, 5%=-390.1000061035156, 10%=-359.0, 25%=-336.0, 50%=-308.0, 75%=-274.5, 90%=-265.0, 95%=-258.0, 98%=-254.0
ranking_best_algo: CMApara
ranking_best_score: 319.29999999999995
ranking_my_rank: 58/504 (88.7%)
ranking_my_percent: 88.69047619047619
