ConfigName: krbf__advnormalizedfitness__M4__L8__eps0p015__g0p005__ds0p01__dm0p3
Problem: QUBO
Kernel: rbf
Advantage: normalizedfitness
M: 4
lambda: 8
epsilon_svgd: 0.015
gamma: 0.005
decay_start_ratio: 0.01
decay_min_factor: 0.3
bandwith_kernel: None
no_interact: False
avg_score: -882.1199951171875
median_score: -870.5
std_score: 67.69966888427734
percentiles: 2%=-1022.2000122070312, 5%=-1000.0999755859375, 10%=-972.2000122070312, 25%=-928.0, 50%=-870.5, 75%=-834.75, 90%=-800.9000244140625, 95%=-784.6000366210938, 98%=-771.8599853515625
ranking_best_algo: CMAL3
ranking_best_score: 928.5800000000002
ranking_my_rank: 117/504 (77.0%)
ranking_my_percent: 76.98412698412699
