ConfigName: kfr__advglobalrankweighted__M4__L11__eps0p015__g0p003__ds0p01__dm0p01
Problem: QUBO
Kernel: fr
Advantage: globalrankweighted
M: 4
lambda: 11
epsilon_svgd: 0.015
gamma: 0.003
decay_start_ratio: 0.01
decay_min_factor: 0.01
bandwith_kernel: None
no_interact: False
avg_score: -329.8599853515625
median_score: -335.0
std_score: 22.70903778076172
percentiles: 2%=-372.0, 5%=-361.0, 10%=-354.0, 25%=-343.0, 50%=-335.0, 75%=-319.5, 90%=-290.0, 95%=-281.8999938964844, 98%=-279.9800109863281
ranking_best_algo: CMApara
ranking_best_score: 344.22
ranking_my_rank: 79/504 (84.5%)
ranking_my_percent: 84.52380952380952
