ConfigName: kjsd__advperagentrankweighted__M3__L18__eps0p005__g0p001__ds0p2__dm0p05
Problem: QUBO
Kernel: jsd
Advantage: peragentrankweighted
M: 3
lambda: 18
epsilon_svgd: 0.005
gamma: 0.001
decay_start_ratio: 0.2
decay_min_factor: 0.05
bandwith_kernel: None
no_interact: False
avg_score: -914.1799926757812
median_score: -909.5
std_score: 61.5098991394043
percentiles: 2%=-1040.280029296875, 5%=-1024.0999755859375, 10%=-1005.2000122070312, 25%=-948.0, 50%=-909.5, 75%=-874.75, 90%=-840.2999877929688, 95%=-817.0, 98%=-807.3599853515625
ranking_best_algo: CMAL3
ranking_best_score: 928.5800000000002
ranking_my_rank: 17/504 (96.8%)
ranking_my_percent: 96.82539682539682
