ConfigName: kfr__advglobalrankweighted__M6__L9__eps0p015__g0p003__ds0p01__dm0p01
Problem: QUBO
Kernel: fr
Advantage: globalrankweighted
M: 6
lambda: 9
epsilon_svgd: 0.015
gamma: 0.003
decay_start_ratio: 0.01
decay_min_factor: 0.01
bandwith_kernel: None
no_interact: False
avg_score: -140.94000244140625
median_score: -142.5
std_score: 11.083157539367676
percentiles: 2%=-160.02000427246094, 5%=-159.0, 10%=-158.0, 25%=-147.0, 50%=-142.5, 75%=-131.75, 90%=-127.0, 95%=-125.0, 98%=-119.97999572753906
ranking_best_algo: DiscreteDE
ranking_best_score: 143.4
ranking_my_rank: 74/504 (85.5%)
ranking_my_percent: 85.51587301587301
