ConfigName: kjsd__advperagentrankweighted__M4__L12__eps0p005__g0p0005__ds0p1__dm0p05
Problem: NK
Kernel: jsd
Advantage: peragentrankweighted
M: 4
lambda: 12
epsilon_svgd: 0.005
gamma: 0.0005
decay_start_ratio: 0.1
decay_min_factor: 0.05
bandwith_kernel: None
no_interact: False
avg_score: 0.7433518767356873
median_score: 0.7407668828964233
std_score: 0.029067829251289368
percentiles: 2%=0.6982890963554382, 5%=0.7037428617477417, 10%=0.7098883390426636, 25%=0.7213407754898071, 50%=0.7407668828964233, 75%=0.7584448456764221, 90%=0.7767668962478638, 95%=0.807083249092102, 98%=0.8118547797203064
ranking_best_algo: CMApara
ranking_best_score: 0.7459277895312499
ranking_my_rank: 12/504 (97.8%)
ranking_my_percent: 97.81746031746032
