ConfigName: kjsd__advperagentrankweighted__M3__L16__eps0p01__g0p003__ds0p05__dm0p2
Problem: QUBO
Kernel: jsd
Advantage: peragentrankweighted
M: 3
lambda: 16
epsilon_svgd: 0.01
gamma: 0.003
decay_start_ratio: 0.05
decay_min_factor: 0.2
bandwith_kernel: None
no_interact: False
avg_score: -311.20001220703125
median_score: -312.0
std_score: 38.829368591308594
percentiles: 2%=-390.1600036621094, 5%=-388.0, 10%=-355.79998779296875, 25%=-336.5, 50%=-312.0, 75%=-276.75, 90%=-266.0, 95%=-259.8999938964844, 98%=-252.0
ranking_best_algo: CMApara
ranking_best_score: 319.29999999999995
ranking_my_rank: 39/504 (92.5%)
ranking_my_percent: 92.46031746031746
