ConfigName: kjsd__advperagentrankweighted__M3__L18__eps0p01__g0p003__ds0p1__dm0p2
Problem: QUBO
Kernel: jsd
Advantage: peragentrankweighted
M: 3
lambda: 18
epsilon_svgd: 0.01
gamma: 0.003
decay_start_ratio: 0.1
decay_min_factor: 0.2
bandwith_kernel: None
no_interact: False
avg_score: -574.8200073242188
median_score: -571.5
std_score: 25.87600326538086
percentiles: 2%=-629.0399780273438, 5%=-621.0, 10%=-610.0999755859375, 25%=-593.0, 50%=-571.5, 75%=-557.25, 90%=-541.0, 95%=-538.9000244140625, 98%=-532.9600219726562
ranking_best_algo: Tabu
ranking_best_score: 588.7199999999999
ranking_my_rank: 57/503 (88.9%)
ranking_my_percent: 88.86679920477137
