ConfigName: krbf__advnormalizedfitness__M3__L8__eps0p015__g0p015__ds0p3__dm0p3
Problem: NK
Kernel: rbf
Advantage: normalizedfitness
M: 3
lambda: 8
epsilon_svgd: 0.015
gamma: 0.015
decay_start_ratio: 0.3
decay_min_factor: 0.3
bandwith_kernel: None
no_interact: False
avg_score: 0.7328126430511475
median_score: 0.7339099645614624
std_score: 0.019659556448459625
percentiles: 2%=0.689542829990387, 5%=0.6952223777770996, 10%=0.7062188386917114, 25%=0.7207436561584473, 50%=0.7339099645614624, 75%=0.7498014569282532, 90%=0.7552069425582886, 95%=0.7599940299987793, 98%=0.7651832103729248
ranking_best_algo: Tabu
ranking_best_score: 0.7657846284375001
ranking_my_rank: 148/504 (70.8%)
ranking_my_percent: 70.83333333333333
