ConfigName: kfr__advglobalrankweighted__M3__L8__eps0p015__g0p007__ds0p01__dm0p01
Problem: QUBO
Kernel: fr
Advantage: globalrankweighted
M: 3
lambda: 8
epsilon_svgd: 0.015
gamma: 0.007
decay_start_ratio: 0.01
decay_min_factor: 0.01
bandwith_kernel: None
no_interact: False
avg_score: -137.33999633789062
median_score: -139.0
std_score: 13.6001615524292
percentiles: 2%=-158.02000427246094, 5%=-158.0, 10%=-157.0, 25%=-146.0, 50%=-139.0, 75%=-128.75, 90%=-118.9000015258789, 95%=-112.0, 98%=-110.93998718261719
ranking_best_algo: DiscreteDE
ranking_best_score: 143.4
ranking_my_rank: 156/504 (69.2%)
ranking_my_percent: 69.24603174603175
