ConfigName: krbf__advnormalizedfitness__M3__L15__eps0p015__g0p005__ds0p15__dm0p3
Problem: QUBO
Kernel: rbf
Advantage: normalizedfitness
M: 3
lambda: 15
epsilon_svgd: 0.015
gamma: 0.005
decay_start_ratio: 0.15
decay_min_factor: 0.3
bandwith_kernel: None
no_interact: False
avg_score: -552.5399780273438
median_score: -554.0
std_score: 36.361907958984375
percentiles: 2%=-621.0800170898438, 5%=-611.2999877929688, 10%=-603.0999755859375, 25%=-574.0, 50%=-554.0, 75%=-529.0, 90%=-501.8999938964844, 95%=-484.8000183105469, 98%=-476.8599853515625
ranking_best_algo: Tabu
ranking_best_score: 588.7199999999999
ranking_my_rank: 153/503 (69.8%)
ranking_my_percent: 69.78131212723657
