ConfigName: krbf__advnormalizedfitness__M4__L15__eps0p025__g0p005__ds0p3__dm0p01
Problem: QUBO
Kernel: rbf
Advantage: normalizedfitness
M: 4
lambda: 15
epsilon_svgd: 0.025
gamma: 0.005
decay_start_ratio: 0.3
decay_min_factor: 0.01
bandwith_kernel: None
no_interact: False
avg_score: -311.1199951171875
median_score: -313.0
std_score: 37.04572296142578
percentiles: 2%=-394.0400085449219, 5%=-386.0, 10%=-358.0, 25%=-334.0, 50%=-313.0, 75%=-274.75, 90%=-270.0, 95%=-265.0, 98%=-261.9599914550781
ranking_best_algo: CMApara
ranking_best_score: 319.29999999999995
ranking_my_rank: 39/504 (92.5%)
ranking_my_percent: 92.46031746031746
