ConfigName: kjsd__advperagentrankweighted__M3__L24__eps0p007__g0p001__ds0p2__dm0p2
Problem: QUBO
Kernel: jsd
Advantage: peragentrankweighted
M: 3
lambda: 24
epsilon_svgd: 0.007
gamma: 0.001
decay_start_ratio: 0.2
decay_min_factor: 0.2
bandwith_kernel: None
no_interact: False
avg_score: -2523.219970703125
median_score: -2528.5
std_score: 133.43505859375
percentiles: 2%=-2760.179931640625, 5%=-2735.14990234375, 10%=-2690.39990234375, 25%=-2621.75, 50%=-2528.5, 75%=-2417.5, 90%=-2363.699951171875, 95%=-2303.10009765625, 98%=-2269.0400390625
ranking_best_algo: SVM1MetaModelLogNormal
ranking_best_score: 2605.14
ranking_my_rank: 55/504 (89.3%)
ranking_my_percent: 89.28571428571429
