ConfigName: krbf__advnormalizedfitness__M3__L10__eps0p015__g0p007__ds0p3__dm0p3
Problem: QUBO
Kernel: rbf
Advantage: normalizedfitness
M: 3
lambda: 10
epsilon_svgd: 0.015
gamma: 0.007
decay_start_ratio: 0.3
decay_min_factor: 0.3
bandwith_kernel: None
no_interact: False
avg_score: -413.3399963378906
median_score: -411.0
std_score: 30.78058624267578
percentiles: 2%=-471.0400085449219, 5%=-463.20001220703125, 10%=-453.1000061035156, 25%=-436.25, 50%=-411.0, 75%=-392.5, 90%=-374.79998779296875, 95%=-366.7500305175781, 98%=-359.61993408203125
ranking_best_algo: CMAL3
ranking_best_score: 435.36
ranking_my_rank: 134/504 (73.6%)
ranking_my_percent: 73.61111111111111
