ConfigName: kjsd__advperagentrankweighted__M4__L24__eps0p03__g0p0003__ds0p2__dm0p05
Problem: NK
Kernel: jsd
Advantage: peragentrankweighted
M: 4
lambda: 24
epsilon_svgd: 0.03
gamma: 0.0003
decay_start_ratio: 0.2
decay_min_factor: 0.05
bandwith_kernel: None
no_interact: False
avg_score: 0.7416082620620728
median_score: 0.7384227514266968
std_score: 0.029554208740592003
percentiles: 2%=0.6976982951164246, 5%=0.7036736011505127, 10%=0.7075611352920532, 25%=0.7224409580230713, 50%=0.7384227514266968, 75%=0.7524299621582031, 90%=0.7777296304702759, 95%=0.8109490275382996, 98%=0.8118547797203064
ranking_best_algo: CMApara
ranking_best_score: 0.7459277895312499
ranking_my_rank: 26/504 (95.0%)
ranking_my_percent: 95.03968253968254
