ConfigName: kjsd__advperagentrankweighted__M3__L24__eps0p005__g0p001__ds0p1__dm0p2
Problem: QUBO
Kernel: jsd
Advantage: peragentrankweighted
M: 3
lambda: 24
epsilon_svgd: 0.005
gamma: 0.001
decay_start_ratio: 0.1
decay_min_factor: 0.2
bandwith_kernel: None
no_interact: False
avg_score: -909.4000244140625
median_score: -906.5
std_score: 68.34778594970703
percentiles: 2%=-1036.1199951171875, 5%=-1028.199951171875, 10%=-1018.0999755859375, 25%=-958.75, 50%=-906.5, 75%=-860.5, 90%=-815.0, 95%=-804.9000244140625, 98%=-785.6400146484375
ranking_best_algo: CMAL3
ranking_best_score: 928.5800000000002
ranking_my_rank: 29/504 (94.4%)
ranking_my_percent: 94.44444444444444
