ConfigName: kjsd__advperagentrankweighted__M3__L18__eps0p007__g0p003__ds0p2__dm0p05
Problem: QUBO
Kernel: jsd
Advantage: peragentrankweighted
M: 3
lambda: 18
epsilon_svgd: 0.007
gamma: 0.003
decay_start_ratio: 0.2
decay_min_factor: 0.05
bandwith_kernel: None
no_interact: False
avg_score: -2380.419921875
median_score: -2367.0
std_score: 139.02410888671875
percentiles: 2%=-2688.139892578125, 5%=-2627.199951171875, 10%=-2582.89990234375, 25%=-2466.25, 50%=-2367.0, 75%=-2288.25, 90%=-2214.0, 95%=-2184.25, 98%=-2151.239990234375
ranking_best_algo: SVM1MetaModelLogNormal
ranking_best_score: 2605.14
ranking_my_rank: 132/504 (74.0%)
ranking_my_percent: 74.0079365079365
