ConfigName: krbf__advnormalizedfitness__M3__L10__eps0p025__g0p007__ds0p01__dm0p3
Problem: QUBO
Kernel: rbf
Advantage: normalizedfitness
M: 3
lambda: 10
epsilon_svgd: 0.025
gamma: 0.007
decay_start_ratio: 0.01
decay_min_factor: 0.3
bandwith_kernel: None
no_interact: False
avg_score: -427.9800109863281
median_score: -426.0
std_score: 28.23259735107422
percentiles: 2%=-479.0400085449219, 5%=-475.0, 10%=-468.1000061035156, 25%=-448.25, 50%=-426.0, 75%=-409.0, 90%=-390.79998779296875, 95%=-384.9000244140625, 98%=-374.8599853515625
ranking_best_algo: CMAL3
ranking_best_score: 435.36
ranking_my_rank: 15/504 (97.2%)
ranking_my_percent: 97.22222222222223
