ConfigName: kjsd__advperagentrankweighted__M3__L18__eps0p01__g0p0007__ds0p05__dm0p1
Problem: NK
Kernel: jsd
Advantage: peragentrankweighted
M: 3
lambda: 18
epsilon_svgd: 0.01
gamma: 0.0007
decay_start_ratio: 0.05
decay_min_factor: 0.1
bandwith_kernel: None
no_interact: False
avg_score: 0.7509365081787109
median_score: 0.7522851228713989
std_score: 0.014662269502878189
percentiles: 2%=0.7223109006881714, 5%=0.7258321046829224, 10%=0.7321515679359436, 25%=0.7409214377403259, 50%=0.7522851228713989, 75%=0.7608246803283691, 90%=0.7689923644065857, 95%=0.7738543152809143, 98%=0.7795820832252502
ranking_best_algo: Tabu
ranking_best_score: 0.7657846284375001
ranking_my_rank: 18/504 (96.6%)
ranking_my_percent: 96.62698412698413
