ConfigName: kfr__advglobalrankweighted__M1__L9__eps0p02__g0p007__ds0p01__dm0p01
Problem: QUBO
Kernel: fr
Advantage: globalrankweighted
M: 1
lambda: 9
epsilon_svgd: 0.02
gamma: 0.007
decay_start_ratio: 0.01
decay_min_factor: 0.01
bandwith_kernel: None
no_interact: False
avg_score: -1263.3199462890625
median_score: -1266.0
std_score: 67.44181060791016
percentiles: 2%=-1389.02001953125, 5%=-1362.5, 10%=-1349.4000244140625, 25%=-1315.0, 50%=-1266.0, 75%=-1215.0, 90%=-1186.800048828125, 95%=-1154.800048828125, 98%=-1126.679931640625
ranking_best_algo: BigLognormalDiscreteOnePlusOne
ranking_best_score: 1301.3600000000004
ranking_my_rank: 51/504 (90.1%)
ranking_my_percent: 90.07936507936508
