ConfigName: kfr__advglobalrankweighted__M4__L11__eps0p015__g0p005__ds0p01__dm0p01
Problem: QUBO
Kernel: fr
Advantage: globalrankweighted
M: 4
lambda: 11
epsilon_svgd: 0.015
gamma: 0.005
decay_start_ratio: 0.01
decay_min_factor: 0.01
bandwith_kernel: None
no_interact: False
avg_score: -427.5
median_score: -428.0
std_score: 27.275447845458984
percentiles: 2%=-477.0, 5%=-473.1000061035156, 10%=-467.1000061035156, 25%=-444.25, 50%=-428.0, 75%=-411.75, 90%=-386.70001220703125, 95%=-380.95001220703125, 98%=-378.82000732421875
ranking_best_algo: CMAL3
ranking_best_score: 435.36
ranking_my_rank: 18/504 (96.6%)
ranking_my_percent: 96.62698412698413
