ConfigName: kjsd__advperagentrankweighted__M3__L30__eps0p005__g0p0005__ds0p2__dm0p2
Problem: NK
Kernel: jsd
Advantage: peragentrankweighted
M: 3
lambda: 30
epsilon_svgd: 0.005
gamma: 0.0005
decay_start_ratio: 0.2
decay_min_factor: 0.2
bandwith_kernel: None
no_interact: False
avg_score: 0.7455403804779053
median_score: 0.7443268299102783
std_score: 0.00886987242847681
percentiles: 2%=0.7281168699264526, 5%=0.7295636534690857, 10%=0.7358086705207825, 25%=0.7396821975708008, 50%=0.7443268299102783, 75%=0.7523084282875061, 90%=0.7572365999221802, 95%=0.7603061199188232, 98%=0.7626283168792725
ranking_best_algo: PBIL
ranking_best_score: 0.733570253046875
ranking_my_rank: 1/504 (100.0%)
ranking_my_percent: 100.0
