ConfigName: krbf__advnormalizedfitness__M3__L10__eps0p025__g0p015__ds0p01__dm0p3
Problem: QUBO
Kernel: rbf
Advantage: normalizedfitness
M: 3
lambda: 10
epsilon_svgd: 0.025
gamma: 0.015
decay_start_ratio: 0.01
decay_min_factor: 0.3
bandwith_kernel: None
no_interact: False
avg_score: -199.39999389648438
median_score: -199.5
std_score: 12.619032859802246
percentiles: 2%=-224.0, 5%=-220.1999969482422, 10%=-218.10000610351562, 25%=-207.0, 50%=-199.5, 75%=-191.75, 90%=-181.89999389648438, 95%=-178.0, 98%=-172.97999572753906
ranking_best_algo: Tabu
ranking_best_score: 208.36000000000004
ranking_my_rank: 84/504 (83.5%)
ranking_my_percent: 83.53174603174604
