ConfigName: krbf__advnormalizedfitness__M3__L10__eps0p025__g0p007__ds0p01__dm0p3
Problem: QUBO
Kernel: rbf
Advantage: normalizedfitness
M: 3
lambda: 10
epsilon_svgd: 0.025
gamma: 0.007
decay_start_ratio: 0.01
decay_min_factor: 0.3
bandwith_kernel: None
no_interact: False
avg_score: -1191.52001953125
median_score: -1188.0
std_score: 70.26457214355469
percentiles: 2%=-1365.0400390625, 5%=-1303.300048828125, 10%=-1281.4000244140625, 25%=-1239.25, 50%=-1188.0, 75%=-1139.5, 90%=-1112.800048828125, 95%=-1082.300048828125, 98%=-1062.5799560546875
ranking_best_algo: SVMMetaModelLogNormal
ranking_best_score: 1233.7999999999997
ranking_my_rank: 58/504 (88.7%)
ranking_my_percent: 88.69047619047619
