ConfigName: kjsd__advperagentrankweighted__M4__L8__eps0p005__g0p0007__ds0p05__dm0p05
Problem: QUBO
Kernel: jsd
Advantage: peragentrankweighted
M: 4
lambda: 8
epsilon_svgd: 0.005
gamma: 0.0007
decay_start_ratio: 0.05
decay_min_factor: 0.05
bandwith_kernel: None
no_interact: False
avg_score: -939.9199829101562
median_score: -939.5
std_score: 69.397216796875
percentiles: 2%=-1072.0799560546875, 5%=-1061.1500244140625, 10%=-1037.9000244140625, 25%=-995.5, 50%=-939.5, 75%=-881.25, 90%=-847.0, 95%=-826.9000244140625, 98%=-824.9600219726562
ranking_best_algo: CMApara
ranking_best_score: 964.9
ranking_my_rank: 7/504 (98.8%)
ranking_my_percent: 98.80952380952381
