ConfigName: kjsd__advperagentrankweighted__M5__L28__eps0p005__g0p0005__ds0p3__dm0p05
Problem: QUBO
Kernel: jsd
Advantage: peragentrankweighted
M: 5
lambda: 28
epsilon_svgd: 0.005
gamma: 0.0005
decay_start_ratio: 0.3
decay_min_factor: 0.05
bandwith_kernel: None
no_interact: False
avg_score: -888.0
median_score: -876.0
std_score: 73.39849853515625
percentiles: 2%=-1030.0799560546875, 5%=-1026.050048828125, 10%=-996.2000122070312, 25%=-943.25, 50%=-876.0, 75%=-835.75, 90%=-804.9000244140625, 95%=-786.0499877929688, 98%=-743.780029296875
ranking_best_algo: CMAL3
ranking_best_score: 928.5800000000002
ranking_my_rank: 102/504 (80.0%)
ranking_my_percent: 79.96031746031746
