ConfigName: kfr__advglobalrankweighted__M1__L9__eps0p015__g0p005__ds0p01__dm0p01
Problem: QUBO
Kernel: fr
Advantage: globalrankweighted
M: 1
lambda: 9
epsilon_svgd: 0.015
gamma: 0.005
decay_start_ratio: 0.01
decay_min_factor: 0.01
bandwith_kernel: None
no_interact: False
avg_score: -393.55999755859375
median_score: -388.0
std_score: 33.2614860534668
percentiles: 2%=-467.0, 5%=-453.1000061035156, 10%=-439.1000061035156, 25%=-416.0, 50%=-388.0, 75%=-368.75, 90%=-354.0, 95%=-343.9000244140625, 98%=-337.75994873046875
ranking_best_algo: Tabu
ranking_best_score: 438.12
ranking_my_rank: 241/504 (52.4%)
ranking_my_percent: 52.38095238095238
