ConfigName: krbf__advnormalizedfitness__M3__L10__eps0p03__g0p005__ds0p05__dm0p05
Problem: NK
Kernel: rbf
Advantage: normalizedfitness
M: 3
lambda: 10
epsilon_svgd: 0.03
gamma: 0.005
decay_start_ratio: 0.05
decay_min_factor: 0.05
bandwith_kernel: None
no_interact: False
avg_score: 0.7413014769554138
median_score: 0.7408682703971863
std_score: 0.014529166743159294
percentiles: 2%=0.711770236492157, 5%=0.7141448855400085, 10%=0.7262470126152039, 25%=0.7320404052734375, 50%=0.7408682703971863, 75%=0.7490035891532898, 90%=0.758008599281311, 95%=0.7643163204193115, 98%=0.7778714299201965
ranking_best_algo: Tabu
ranking_best_score: 0.7601875690625
ranking_my_rank: 12/504 (97.8%)
ranking_my_percent: 97.81746031746032
