ConfigName: kjsd__advperagentrankweighted__M3__L16__eps0p007__g0p001__ds0p05__dm0p05
Problem: NK
Kernel: jsd
Advantage: peragentrankweighted
M: 3
lambda: 16
epsilon_svgd: 0.007
gamma: 0.001
decay_start_ratio: 0.05
decay_min_factor: 0.05
bandwith_kernel: None
no_interact: False
avg_score: 0.7112765312194824
median_score: 0.6985580325126648
std_score: 0.03145681321620941
percentiles: 2%=0.6735104322433472, 5%=0.6737397909164429, 10%=0.6761634945869446, 25%=0.6824496388435364, 50%=0.6985580325126648, 75%=0.7474179267883301, 90%=0.7535533308982849, 95%=0.7586009502410889, 98%=0.7613165378570557
ranking_best_algo: CMApara
ranking_best_score: 0.7118996098437498
ranking_my_rank: 3/504 (99.6%)
ranking_my_percent: 99.60317460317461
