ConfigName: krbf__advnormalizedfitness__M4__L10__eps0p03__g0p005__ds0p15__dm0p05
Problem: QUBO
Kernel: rbf
Advantage: normalizedfitness
M: 4
lambda: 10
epsilon_svgd: 0.03
gamma: 0.005
decay_start_ratio: 0.15
decay_min_factor: 0.05
bandwith_kernel: None
no_interact: False
avg_score: -202.24000549316406
median_score: -203.0
std_score: 12.138467788696289
percentiles: 2%=-224.0, 5%=-224.0, 10%=-219.0, 25%=-209.5, 50%=-203.0, 75%=-195.0, 90%=-186.6999969482422, 95%=-182.85000610351562, 98%=-175.9199981689453
ranking_best_algo: Tabu
ranking_best_score: 208.36000000000004
ranking_my_rank: 35/504 (93.3%)
ranking_my_percent: 93.25396825396825
