ConfigName: krbf__advnormalizedfitness__M4__L12__eps0p033__g0p005__ds0p3__dm0p3
Problem: QUBO
Kernel: rbf
Advantage: normalizedfitness
M: 4
lambda: 12
epsilon_svgd: 0.033
gamma: 0.005
decay_start_ratio: 0.3
decay_min_factor: 0.3
bandwith_kernel: None
no_interact: False
avg_score: -930.219970703125
median_score: -926.0
std_score: 62.93625259399414
percentiles: 2%=-1055.3399658203125, 5%=-1034.449951171875, 10%=-1017.2000122070312, 25%=-970.5, 50%=-926.0, 75%=-889.0, 90%=-846.7999877929688, 95%=-834.5000610351562, 98%=-818.639892578125
ranking_best_algo: CMApara
ranking_best_score: 964.9
ranking_my_rank: 19/504 (96.4%)
ranking_my_percent: 96.42857142857143
