ConfigName: kjsd__advperagentrankweighted__M4__L12__eps0p005__g0p0003__ds0p4__dm0p05
Problem: QUBO
Kernel: jsd
Advantage: peragentrankweighted
M: 4
lambda: 12
epsilon_svgd: 0.005
gamma: 0.0003
decay_start_ratio: 0.4
decay_min_factor: 0.05
bandwith_kernel: None
no_interact: False
avg_score: -2646.60009765625
median_score: -2644.0
std_score: 130.400146484375
percentiles: 2%=-2931.89990234375, 5%=-2828.10009765625, 10%=-2798.199951171875, 25%=-2742.25, 50%=-2644.0, 75%=-2558.0, 90%=-2482.5, 95%=-2441.199951171875, 98%=-2352.89990234375
ranking_best_algo: DiscreteLengler2OnePlusOne
ranking_best_score: 2617.04
ranking_my_rank: 1/504 (100.0%)
ranking_my_percent: 100.0
