ConfigName: kjsd__advperagentrankweighted__M4__L12__eps0p005__g0p0007__ds0p05__dm0p05
Problem: NK
Kernel: jsd
Advantage: peragentrankweighted
M: 4
lambda: 12
epsilon_svgd: 0.005
gamma: 0.0007
decay_start_ratio: 0.05
decay_min_factor: 0.05
bandwith_kernel: None
no_interact: False
avg_score: 0.7368541955947876
median_score: 0.7380568981170654
std_score: 0.008765761740505695
percentiles: 2%=0.719156801700592, 5%=0.7206711173057556, 10%=0.7238362431526184, 25%=0.7304653525352478, 50%=0.7380568981170654, 75%=0.7440564036369324, 90%=0.7470123171806335, 95%=0.7480968236923218, 98%=0.7500607371330261
ranking_best_algo: PBIL
ranking_best_score: 0.7248786399609374
ranking_my_rank: 1/504 (100.0%)
ranking_my_percent: 100.0
