ConfigName: kjsd__advperagentrankweighted__M3__L16__eps0p01__g0p0007__ds0p05__dm0p05
Problem: QUBO
Kernel: jsd
Advantage: peragentrankweighted
M: 3
lambda: 16
epsilon_svgd: 0.01
gamma: 0.0007
decay_start_ratio: 0.05
decay_min_factor: 0.05
bandwith_kernel: None
no_interact: False
avg_score: -906.5599975585938
median_score: -907.5
std_score: 63.85441970825195
percentiles: 2%=-1046.0799560546875, 5%=-1011.2000122070312, 10%=-997.4000244140625, 25%=-945.75, 50%=-907.5, 75%=-849.75, 90%=-826.7999877929688, 95%=-820.7999877929688, 98%=-802.9400024414062
ranking_best_algo: CMAL3
ranking_best_score: 928.5800000000002
ranking_my_rank: 60/504 (88.3%)
ranking_my_percent: 88.2936507936508
