ConfigName: krbf__advnormalizedfitness__M4__L8__eps0p025__g0p01__ds0p01__dm0p3
Problem: QUBO
Kernel: rbf
Advantage: normalizedfitness
M: 4
lambda: 8
epsilon_svgd: 0.025
gamma: 0.01
decay_start_ratio: 0.01
decay_min_factor: 0.3
bandwith_kernel: None
no_interact: False
avg_score: -556.3599853515625
median_score: -556.0
std_score: 30.91521453857422
percentiles: 2%=-619.0800170898438, 5%=-607.3499755859375, 10%=-597.0, 25%=-576.5, 50%=-556.0, 75%=-533.0, 90%=-516.9000244140625, 95%=-512.8500366210938, 98%=-498.89996337890625
ranking_best_algo: Tabu
ranking_best_score: 588.7199999999999
ranking_my_rank: 109/503 (78.5%)
ranking_my_percent: 78.52882703777335
