ConfigName: krbf__advnormalizedfitness__M3__L15__eps0p033__g0p01__ds0p01__dm0p3
Problem: QUBO
Kernel: rbf
Advantage: normalizedfitness
M: 3
lambda: 15
epsilon_svgd: 0.033
gamma: 0.01
decay_start_ratio: 0.01
decay_min_factor: 0.3
bandwith_kernel: None
no_interact: False
avg_score: -918.760009765625
median_score: -912.5
std_score: 63.371620178222656
percentiles: 2%=-1048.3399658203125, 5%=-1023.0999755859375, 10%=-1001.4000244140625, 25%=-966.5, 50%=-912.5, 75%=-865.5, 90%=-841.0, 95%=-826.9000244140625, 98%=-812.9599609375
ranking_best_algo: CMApara
ranking_best_score: 964.9
ranking_my_rank: 64/504 (87.5%)
ranking_my_percent: 87.5
