ConfigName: krbf__advnormalizedfitness__M3__L8__eps0p015__g0p007__ds0p15__dm0p3
Problem: NK
Kernel: rbf
Advantage: normalizedfitness
M: 3
lambda: 8
epsilon_svgd: 0.015
gamma: 0.007
decay_start_ratio: 0.15
decay_min_factor: 0.3
bandwith_kernel: None
no_interact: False
avg_score: 0.7056781649589539
median_score: 0.7080203294754028
std_score: 0.012143476866185665
percentiles: 2%=0.6862124800682068, 5%=0.6874474883079529, 10%=0.6896210312843323, 25%=0.6936484575271606, 50%=0.7080203294754028, 75%=0.7154680490493774, 90%=0.720371425151825, 95%=0.7226473093032837, 98%=0.7238410115242004
ranking_best_algo: PBIL
ranking_best_score: 0.7013553837109374
ranking_my_rank: 1/504 (100.0%)
ranking_my_percent: 100.0
