ConfigName: kfr__advglobalrankweighted__M4__L11__eps0p015__g0p005__ds0p01__dm0p01
Problem: QUBO
Kernel: fr
Advantage: globalrankweighted
M: 4
lambda: 11
epsilon_svgd: 0.015
gamma: 0.005
decay_start_ratio: 0.01
decay_min_factor: 0.01
bandwith_kernel: None
no_interact: False
avg_score: -139.02000427246094
median_score: -139.0
std_score: 12.552275657653809
percentiles: 2%=-160.0, 5%=-158.0500030517578, 10%=-157.0, 25%=-148.25, 50%=-139.0, 75%=-129.0, 90%=-125.0, 95%=-121.0, 98%=-113.81999969482422
ranking_best_algo: DiscreteDE
ranking_best_score: 143.4
ranking_my_rank: 93/504 (81.7%)
ranking_my_percent: 81.74603174603175
