ConfigName: kjsd__advperagentrankweighted__M5__L24__eps0p008__g0p0005__ds0p3__dm0p05
Problem: QUBO
Kernel: jsd
Advantage: peragentrankweighted
M: 5
lambda: 24
epsilon_svgd: 0.008
gamma: 0.0005
decay_start_ratio: 0.3
decay_min_factor: 0.05
bandwith_kernel: None
no_interact: False
avg_score: -432.4800109863281
median_score: -429.0
std_score: 25.249347686767578
percentiles: 2%=-481.0799865722656, 5%=-481.0, 10%=-471.20001220703125, 25%=-449.25, 50%=-429.0, 75%=-414.75, 90%=-402.79998779296875, 95%=-391.0, 98%=-387.9599914550781
ranking_best_algo: CMAL3
ranking_best_score: 435.36
ranking_my_rank: 5/504 (99.2%)
ranking_my_percent: 99.2063492063492
