ConfigName: krbf__advnormalizedfitness__M4__L15__eps0p015__g0p007__ds0p3__dm0p3
Problem: QUBO
Kernel: rbf
Advantage: normalizedfitness
M: 4
lambda: 15
epsilon_svgd: 0.015
gamma: 0.007
decay_start_ratio: 0.3
decay_min_factor: 0.3
bandwith_kernel: None
no_interact: False
avg_score: -615.1400146484375
median_score: -613.5
std_score: 63.60409164428711
percentiles: 2%=-727.6199951171875, 5%=-715.0, 10%=-692.2000122070312, 25%=-663.25, 50%=-613.5, 75%=-569.75, 90%=-530.5999755859375, 95%=-509.0, 98%=-488.8799743652344
ranking_best_algo: SVMMetaModelLogNormal
ranking_best_score: 1233.7999999999997
ranking_my_rank: 379/504 (25.0%)
ranking_my_percent: 25.0
