ConfigName: krbf__advnormalizedfitness__M2__L8__eps0p025__g0p007__ds0p15__dm0p3
Problem: NK
Kernel: rbf
Advantage: normalizedfitness
M: 2
lambda: 8
epsilon_svgd: 0.025
gamma: 0.007
decay_start_ratio: 0.15
decay_min_factor: 0.3
bandwith_kernel: None
no_interact: False
avg_score: 0.710640549659729
median_score: 0.6985580325126648
std_score: 0.03133775666356087
percentiles: 2%=0.671828031539917, 5%=0.674265444278717, 10%=0.6761071085929871, 25%=0.6824496388435364, 50%=0.6985580325126648, 75%=0.7464399337768555, 90%=0.7534111738204956, 95%=0.7613165378570557, 98%=0.7613165378570557
ranking_best_algo: CMApara
ranking_best_score: 0.7118996098437498
ranking_my_rank: 18/504 (96.6%)
ranking_my_percent: 96.62698412698413
