ConfigName: kjsd__advperagentrankweighted__M10__L24__eps0p008__g0p0005__ds0p3__dm0p05
Problem: NK
Kernel: jsd
Advantage: peragentrankweighted
M: 10
lambda: 24
epsilon_svgd: 0.008
gamma: 0.0005
decay_start_ratio: 0.3
decay_min_factor: 0.05
bandwith_kernel: None
no_interact: False
avg_score: 0.743665337562561
median_score: 0.7423104643821716
std_score: 0.028979139402508736
percentiles: 2%=0.6989849805831909, 5%=0.7029245495796204, 10%=0.7066372036933899, 25%=0.7183331847190857, 50%=0.7423104643821716, 75%=0.7585474252700806, 90%=0.7767738699913025, 95%=0.8044298887252808, 98%=0.8075820803642273
ranking_best_algo: CMApara
ranking_best_score: 0.7459277895312499
ranking_my_rank: 7/504 (98.8%)
ranking_my_percent: 98.80952380952381
