ConfigName: krbf__advnormalizedfitness__M3__L8__eps0p015__g0p007__ds0p01__dm0p3
Problem: QUBO
Kernel: rbf
Advantage: normalizedfitness
M: 3
lambda: 8
epsilon_svgd: 0.015
gamma: 0.007
decay_start_ratio: 0.01
decay_min_factor: 0.3
bandwith_kernel: None
no_interact: False
avg_score: -418.67999267578125
median_score: -418.0
std_score: 27.48122215270996
percentiles: 2%=-473.0400085449219, 5%=-469.0, 10%=-459.0, 25%=-431.5, 50%=-418.0, 75%=-401.0, 90%=-381.79998779296875, 95%=-373.9000244140625, 98%=-369.8399658203125
ranking_best_algo: Tabu
ranking_best_score: 438.12
ranking_my_rank: 34/504 (93.5%)
ranking_my_percent: 93.45238095238095
