ConfigName: kfr__advglobalrankweighted__M6__L10__eps0p015__g0p003__ds0p01__dm0p01
Problem: QUBO
Kernel: fr
Advantage: globalrankweighted
M: 6
lambda: 10
epsilon_svgd: 0.015
gamma: 0.003
decay_start_ratio: 0.01
decay_min_factor: 0.01
bandwith_kernel: None
no_interact: False
avg_score: -921.719970703125
median_score: -920.0
std_score: 65.24647521972656
percentiles: 2%=-1072.0799560546875, 5%=-1033.5, 10%=-1006.2999877929688, 25%=-965.0, 50%=-920.0, 75%=-875.5, 90%=-848.7000122070312, 95%=-812.9000244140625, 98%=-804.8800048828125
ranking_best_algo: CMApara
ranking_best_score: 964.9
ranking_my_rank: 51/504 (90.1%)
ranking_my_percent: 90.07936507936508
