ConfigName: krbf__advnormalizedfitness__M3__L12__eps0p033__g0p007__ds0p3__dm0p3
Problem: QUBO
Kernel: rbf
Advantage: normalizedfitness
M: 3
lambda: 12
epsilon_svgd: 0.033
gamma: 0.007
decay_start_ratio: 0.3
decay_min_factor: 0.3
bandwith_kernel: None
no_interact: False
avg_score: -2554.199951171875
median_score: -2549.5
std_score: 136.18443298339844
percentiles: 2%=-2788.179931640625, 5%=-2763.199951171875, 10%=-2731.300048828125, 25%=-2645.0, 50%=-2549.5, 75%=-2474.0, 90%=-2377.39990234375, 95%=-2313.5, 98%=-2244.47998046875
ranking_best_algo: DiscreteLengler2OnePlusOne
ranking_best_score: 2617.04
ranking_my_rank: 55/504 (89.3%)
ranking_my_percent: 89.28571428571429
