ConfigName: kjsd__advperagentrankweighted__M6__L28__eps0p005__g0p0005__ds0p05__dm0p05
Problem: QUBO
Kernel: jsd
Advantage: peragentrankweighted
M: 6
lambda: 28
epsilon_svgd: 0.005
gamma: 0.0005
decay_start_ratio: 0.05
decay_min_factor: 0.05
bandwith_kernel: None
no_interact: False
avg_score: -883.2000122070312
median_score: -879.5
std_score: 74.67543029785156
percentiles: 2%=-1032.1199951171875, 5%=-1009.0999755859375, 10%=-982.0999755859375, 25%=-936.25, 50%=-879.5, 75%=-831.0, 90%=-788.5999755859375, 95%=-765.0499877929688, 98%=-745.9000244140625
ranking_best_algo: CMAL3
ranking_best_score: 928.5800000000002
ranking_my_rank: 109/504 (78.6%)
ranking_my_percent: 78.57142857142857
