ConfigName: kfr__advglobalrankweighted__M2__L11__eps0p01__g0p007__ds0p01__dm0p01
Problem: NK
Kernel: fr
Advantage: globalrankweighted
M: 2
lambda: 11
epsilon_svgd: 0.01
gamma: 0.007
decay_start_ratio: 0.01
decay_min_factor: 0.01
bandwith_kernel: None
no_interact: False
avg_score: 0.7439167499542236
median_score: 0.7408133745193481
std_score: 0.028409428894519806
percentiles: 2%=0.6993862390518188, 5%=0.7101181149482727, 10%=0.7105557918548584, 25%=0.7216469049453735, 50%=0.7408133745193481, 75%=0.7583327293395996, 90%=0.778337299823761, 95%=0.8044298887252808, 98%=0.8081331253051758
ranking_best_algo: CMApara
ranking_best_score: 0.7459277895312499
ranking_my_rank: 6/504 (99.0%)
ranking_my_percent: 99.0079365079365
