ConfigName: krbf__advnormalizedfitness__M3__L10__eps0p033__g0p01__ds0p01__dm0p3
Problem: QUBO
Kernel: rbf
Advantage: normalizedfitness
M: 3
lambda: 10
epsilon_svgd: 0.033
gamma: 0.01
decay_start_ratio: 0.01
decay_min_factor: 0.3
bandwith_kernel: None
no_interact: False
avg_score: -1187.8399658203125
median_score: -1185.5
std_score: 82.0616455078125
percentiles: 2%=-1387.3599853515625, 5%=-1321.050048828125, 10%=-1294.0, 25%=-1235.75, 50%=-1185.5, 75%=-1133.0, 90%=-1086.9000244140625, 95%=-1060.6500244140625, 98%=-1047.5399169921875
ranking_best_algo: SVMMetaModelLogNormal
ranking_best_score: 1233.7999999999997
ranking_my_rank: 58/504 (88.7%)
ranking_my_percent: 88.69047619047619
