ConfigName: kjsd__advperagentrankweighted__M6__L12__eps0p008__g0p0005__ds0p3__dm0p05
Problem: QUBO
Kernel: jsd
Advantage: peragentrankweighted
M: 6
lambda: 12
epsilon_svgd: 0.008
gamma: 0.0005
decay_start_ratio: 0.3
decay_min_factor: 0.05
bandwith_kernel: None
no_interact: False
avg_score: -203.27999877929688
median_score: -205.0
std_score: 11.7559175491333
percentiles: 2%=-224.0, 5%=-222.0, 10%=-219.3000030517578, 25%=-211.0, 50%=-205.0, 75%=-196.75, 90%=-187.8000030517578, 95%=-181.9499969482422, 98%=-178.89999389648438
ranking_best_algo: Tabu
ranking_best_score: 208.36000000000004
ranking_my_rank: 21/504 (96.0%)
ranking_my_percent: 96.03174603174604
