ConfigName: krbf__advnormalizedfitness__M3__L8__eps0p033__g0p007__ds0p01__dm0p3
Problem: QUBO
Kernel: rbf
Advantage: normalizedfitness
M: 3
lambda: 8
epsilon_svgd: 0.033
gamma: 0.007
decay_start_ratio: 0.01
decay_min_factor: 0.3
bandwith_kernel: None
no_interact: False
avg_score: -577.0399780273438
median_score: -576.0
std_score: 24.634090423583984
percentiles: 2%=-634.0599975585938, 5%=-623.0999755859375, 10%=-606.5, 25%=-592.25, 50%=-576.0, 75%=-560.0, 90%=-548.0, 95%=-539.9500122070312, 98%=-534.9199829101562
ranking_best_algo: Tabu
ranking_best_score: 588.7199999999999
ranking_my_rank: 47/503 (90.9%)
ranking_my_percent: 90.85487077534792
