ConfigName: kjsd__advperagentrankweighted__M3__L20__eps0p005__g0p0007__ds0p1__dm0p05
Problem: NK
Kernel: jsd
Advantage: peragentrankweighted
M: 3
lambda: 20
epsilon_svgd: 0.005
gamma: 0.0007
decay_start_ratio: 0.1
decay_min_factor: 0.05
bandwith_kernel: None
no_interact: False
avg_score: 0.7359104156494141
median_score: 0.7369827032089233
std_score: 0.009209654293954372
percentiles: 2%=0.7162522673606873, 5%=0.7185257077217102, 10%=0.72240149974823, 25%=0.7288950085639954, 50%=0.7369827032089233, 75%=0.7437950372695923, 90%=0.7462019324302673, 95%=0.7480851411819458, 98%=0.7497491836547852
ranking_best_algo: PBIL
ranking_best_score: 0.7248786399609374
ranking_my_rank: 1/504 (100.0%)
ranking_my_percent: 100.0
