ConfigName: kjsd__advperagentrankweighted__M4__L20__eps0p005__g0p001__ds0p2__dm0p1
Problem: QUBO
Kernel: jsd
Advantage: peragentrankweighted
M: 4
lambda: 20
epsilon_svgd: 0.005
gamma: 0.001
decay_start_ratio: 0.2
decay_min_factor: 0.1
bandwith_kernel: None
no_interact: False
avg_score: -2513.860107421875
median_score: -2514.0
std_score: 148.3202667236328
percentiles: 2%=-2804.780029296875, 5%=-2733.800048828125, 10%=-2714.5, 25%=-2618.0, 50%=-2514.0, 75%=-2395.75, 90%=-2324.800048828125, 95%=-2286.25, 98%=-2237.9599609375
ranking_best_algo: DiscreteLengler2OnePlusOne
ranking_best_score: 2617.04
ranking_my_rank: 64/504 (87.5%)
ranking_my_percent: 87.5
