ConfigName: kjsd__advperagentrankweighted__M4__L20__eps0p005__g0p001__ds0p2__dm0p1
Problem: QUBO
Kernel: jsd
Advantage: peragentrankweighted
M: 4
lambda: 20
epsilon_svgd: 0.005
gamma: 0.001
decay_start_ratio: 0.2
decay_min_factor: 0.1
bandwith_kernel: None
no_interact: False
avg_score: -310.1600036621094
median_score: -311.0
std_score: 40.5420036315918
percentiles: 2%=-394.0, 5%=-384.1000061035156, 10%=-359.6000061035156, 25%=-338.0, 50%=-311.0, 75%=-273.75, 90%=-265.79998779296875, 95%=-253.85000610351562, 98%=-244.0
ranking_best_algo: CMApara
ranking_best_score: 319.29999999999995
ranking_my_rank: 63/504 (87.7%)
ranking_my_percent: 87.6984126984127
