ConfigName: krbf__advnormalizedfitness__M4__L24__eps0p025__g0p01__ds0p05__dm0p05
Problem: QUBO
Kernel: rbf
Advantage: normalizedfitness
M: 4
lambda: 24
epsilon_svgd: 0.025
gamma: 0.01
decay_start_ratio: 0.05
decay_min_factor: 0.05
bandwith_kernel: None
no_interact: False
avg_score: -711.8200073242188
median_score: -708.0
std_score: 100.2396469116211
percentiles: 2%=-927.1599731445312, 5%=-886.0, 10%=-821.7000122070312, 25%=-766.25, 50%=-708.0, 75%=-644.5, 90%=-595.7000122070312, 95%=-584.7000122070312, 98%=-556.2999877929688
ranking_best_algo: NLOPT_LN_PRAXIS
ranking_best_score: 1607.12
ranking_my_rank: 371/504 (26.6%)
ranking_my_percent: 26.58730158730159
