ConfigName: kjsd__advperagentrankweighted__M4__L12__eps0p005__g0p0005__ds0p2__dm0p2
Problem: QUBO
Kernel: jsd
Advantage: peragentrankweighted
M: 4
lambda: 12
epsilon_svgd: 0.005
gamma: 0.0005
decay_start_ratio: 0.2
decay_min_factor: 0.2
bandwith_kernel: None
no_interact: False
avg_score: -310.0400085449219
median_score: -312.0
std_score: 39.54387664794922
percentiles: 2%=-392.0799865722656, 5%=-386.1000061035156, 10%=-356.3999938964844, 25%=-338.0, 50%=-312.0, 75%=-274.75, 90%=-264.0, 95%=-255.9499969482422, 98%=-243.86000061035156
ranking_best_algo: CMApara
ranking_best_score: 319.29999999999995
ranking_my_rank: 65/504 (87.3%)
ranking_my_percent: 87.3015873015873
