ConfigName: krbf__advnormalizedfitness__M4__L15__eps0p015__g0p005__ds0p15__dm0p01
Problem: QUBO
Kernel: rbf
Advantage: normalizedfitness
M: 4
lambda: 15
epsilon_svgd: 0.015
gamma: 0.005
decay_start_ratio: 0.15
decay_min_factor: 0.01
bandwith_kernel: None
no_interact: False
avg_score: -200.94000244140625
median_score: -201.0
std_score: 12.008179664611816
percentiles: 2%=-224.0, 5%=-222.0, 10%=-218.10000610351562, 25%=-209.0, 50%=-201.0, 75%=-192.75, 90%=-185.8000030517578, 95%=-180.0, 98%=-178.97999572753906
ranking_best_algo: Tabu
ranking_best_score: 208.36000000000004
ranking_my_rank: 43/504 (91.7%)
ranking_my_percent: 91.66666666666667
