ConfigName: kjsd__advperagentrankweighted__M3__L24__eps0p005__g0p0005__ds0p1__dm0p2
Problem: QUBO
Kernel: jsd
Advantage: peragentrankweighted
M: 3
lambda: 24
epsilon_svgd: 0.005
gamma: 0.0005
decay_start_ratio: 0.1
decay_min_factor: 0.2
bandwith_kernel: None
no_interact: False
avg_score: -309.9599914550781
median_score: -311.0
std_score: 38.866416931152344
percentiles: 2%=-394.0400085449219, 5%=-388.0, 10%=-360.20001220703125, 25%=-332.5, 50%=-311.0, 75%=-276.75, 90%=-265.79998779296875, 95%=-257.8999938964844, 98%=-253.9199981689453
ranking_best_algo: CMApara
ranking_best_score: 319.29999999999995
ranking_my_rank: 67/504 (86.9%)
ranking_my_percent: 86.9047619047619
