ConfigName: krbf__advnormalizedfitness__M3__L15__eps0p025__g0p01__ds0p15__dm0p01
Problem: QUBO
Kernel: rbf
Advantage: normalizedfitness
M: 3
lambda: 15
epsilon_svgd: 0.025
gamma: 0.01
decay_start_ratio: 0.15
decay_min_factor: 0.01
bandwith_kernel: None
no_interact: False
avg_score: -3023.139892578125
median_score: -3038.5
std_score: 210.2945098876953
percentiles: 2%=-3387.139892578125, 5%=-3345.699951171875, 10%=-3311.300048828125, 25%=-3185.25, 50%=-3038.5, 75%=-2844.5, 90%=-2781.300048828125, 95%=-2713.550048828125, 98%=-2585.659912109375
ranking_best_algo: RLSOnePlusOne
ranking_best_score: 3316.5199999999995
ranking_my_rank: 129/504 (74.6%)
ranking_my_percent: 74.60317460317461
