ConfigName: kjsd__advperagentrankweighted__M4__L12__eps0p01__g0p0005__ds0p05__dm0p05
Problem: QUBO
Kernel: jsd
Advantage: peragentrankweighted
M: 4
lambda: 12
epsilon_svgd: 0.01
gamma: 0.0005
decay_start_ratio: 0.05
decay_min_factor: 0.05
bandwith_kernel: None
no_interact: False
avg_score: -413.6000061035156
median_score: -414.0
std_score: 26.099040985107422
percentiles: 2%=-467.0400085449219, 5%=-459.1000061035156, 10%=-450.0, 25%=-430.75, 50%=-414.0, 75%=-398.0, 90%=-375.79998779296875, 95%=-370.0, 98%=-357.9599914550781
ranking_best_algo: Tabu
ranking_best_score: 438.12
ranking_my_rank: 58/504 (88.7%)
ranking_my_percent: 88.69047619047619
