ConfigName: kjsd__advperagentrankweighted__M10__L28__eps0p005__g0p0005__ds0p05__dm0p05
Problem: QUBO
Kernel: jsd
Advantage: peragentrankweighted
M: 10
lambda: 28
epsilon_svgd: 0.005
gamma: 0.0005
decay_start_ratio: 0.05
decay_min_factor: 0.05
bandwith_kernel: None
no_interact: False
avg_score: -1579.699951171875
median_score: -1578.0
std_score: 153.68849182128906
percentiles: 2%=-1890.0799560546875, 5%=-1861.5999755859375, 10%=-1797.800048828125, 25%=-1668.0, 50%=-1578.0, 75%=-1470.75, 90%=-1396.199951171875, 95%=-1347.5, 98%=-1264.93994140625
ranking_best_algo: DiscreteLengler2OnePlusOne
ranking_best_score: 2617.04
ranking_my_rank: 328/504 (35.1%)
ranking_my_percent: 35.11904761904762
