ConfigName: krbf__advnormalizedfitness__M4__L12__eps0p033__g0p01__ds0p3__dm0p3
Problem: QUBO
Kernel: rbf
Advantage: normalizedfitness
M: 4
lambda: 12
epsilon_svgd: 0.033
gamma: 0.01
decay_start_ratio: 0.3
decay_min_factor: 0.3
bandwith_kernel: None
no_interact: False
avg_score: -516.1199951171875
median_score: -513.0
std_score: 43.907466888427734
percentiles: 2%=-605.0599975585938, 5%=-591.5, 10%=-575.7000122070312, 25%=-545.0, 50%=-513.0, 75%=-487.75, 90%=-458.0, 95%=-449.95001220703125, 98%=-427.8799743652344
ranking_best_algo: Tabu
ranking_best_score: 588.7199999999999
ranking_my_rank: 225/503 (55.5%)
ranking_my_percent: 55.46719681908549
