ConfigName: krbf__advnormalizedfitness__M4__L8__eps0p025__g0p015__ds0p3__dm0p01
Problem: NK
Kernel: rbf
Advantage: normalizedfitness
M: 4
lambda: 8
epsilon_svgd: 0.025
gamma: 0.015
decay_start_ratio: 0.3
decay_min_factor: 0.01
bandwith_kernel: None
no_interact: False
avg_score: 0.7355763912200928
median_score: 0.7369036674499512
std_score: 0.009358657523989677
percentiles: 2%=0.7163302302360535, 5%=0.7191110253334045, 10%=0.7215389609336853, 25%=0.7288023233413696, 50%=0.7369036674499512, 75%=0.7420040965080261, 90%=0.745656430721283, 95%=0.7494271993637085, 98%=0.7510975003242493
ranking_best_algo: PBIL
ranking_best_score: 0.730509098125
ranking_my_rank: 1/504 (100.0%)
ranking_my_percent: 100.0
