ConfigName: krbf__advnormalizedfitness__M4__L12__eps0p033__g0p007__ds0p01__dm0p3
Problem: QUBO
Kernel: rbf
Advantage: normalizedfitness
M: 4
lambda: 12
epsilon_svgd: 0.033
gamma: 0.007
decay_start_ratio: 0.01
decay_min_factor: 0.3
bandwith_kernel: None
no_interact: False
avg_score: -2441.9599609375
median_score: -2436.0
std_score: 175.16757202148438
percentiles: 2%=-2833.10009765625, 5%=-2800.5, 10%=-2653.300048828125, 25%=-2550.25, 50%=-2436.0, 75%=-2337.75, 90%=-2204.89990234375, 95%=-2167.650146484375, 98%=-2143.800048828125
ranking_best_algo: DiscreteLengler2OnePlusOne
ranking_best_score: 2617.04
ranking_my_rank: 126/504 (75.2%)
ranking_my_percent: 75.1984126984127
