ConfigName: kjsd__advperagentrankweighted__M3__L16__eps0p005__g0p0007__ds0p05__dm0p2
Problem: QUBO
Kernel: jsd
Advantage: peragentrankweighted
M: 3
lambda: 16
epsilon_svgd: 0.005
gamma: 0.0007
decay_start_ratio: 0.05
decay_min_factor: 0.2
bandwith_kernel: None
no_interact: False
avg_score: -934.239990234375
median_score: -921.0
std_score: 64.39256286621094
percentiles: 2%=-1064.199951171875, 5%=-1050.5, 10%=-1041.5, 25%=-986.25, 50%=-921.0, 75%=-892.5, 90%=-850.5999755859375, 95%=-838.9500122070312, 98%=-820.9400024414062
ranking_best_algo: CMApara
ranking_best_score: 964.9
ranking_my_rank: 17/504 (96.8%)
ranking_my_percent: 96.82539682539682
