ConfigName: krbf__advnormalizedfitness__M1__L8__eps0p033__g0p01__ds0p01__dm0p01
Problem: NK
Kernel: rbf
Advantage: normalizedfitness
M: 1
lambda: 8
epsilon_svgd: 0.033
gamma: 0.01
decay_start_ratio: 0.01
decay_min_factor: 0.01
bandwith_kernel: None
no_interact: False
avg_score: 0.7007248401641846
median_score: 0.7020357847213745
std_score: 0.012350439094007015
percentiles: 2%=0.6805304288864136, 5%=0.6819345951080322, 10%=0.6851168870925903, 25%=0.689400315284729, 50%=0.7020357847213745, 75%=0.711310863494873, 90%=0.7155067324638367, 95%=0.7186400890350342, 98%=0.7200643420219421
ranking_best_algo: PBIL
ranking_best_score: 0.7013553837109374
ranking_my_rank: 2/504 (99.8%)
ranking_my_percent: 99.8015873015873
