ConfigName: kjsd__advperagentrankweighted__M4__L12__eps0p03__g0p0007__ds0p05__dm0p05
Problem: QUBO
Kernel: jsd
Advantage: peragentrankweighted
M: 4
lambda: 12
epsilon_svgd: 0.03
gamma: 0.0007
decay_start_ratio: 0.05
decay_min_factor: 0.05
bandwith_kernel: None
no_interact: False
avg_score: -424.0400085449219
median_score: -424.0
std_score: 26.97922134399414
percentiles: 2%=-473.0799865722656, 5%=-469.1000061035156, 10%=-459.20001220703125, 25%=-441.25, 50%=-424.0, 75%=-408.75, 90%=-390.3999938964844, 95%=-382.75, 98%=-361.8999938964844
ranking_best_algo: CMAL3
ranking_best_score: 435.36
ranking_my_rank: 31/504 (94.0%)
ranking_my_percent: 94.04761904761905
