ConfigName: kjsd__advperagentrankweighted__M4__L10__eps0p01__g0p0005__ds0p4__dm0p05
Problem: QUBO
Kernel: jsd
Advantage: peragentrankweighted
M: 4
lambda: 10
epsilon_svgd: 0.01
gamma: 0.0005
decay_start_ratio: 0.4
decay_min_factor: 0.05
bandwith_kernel: None
no_interact: False
avg_score: -578.280029296875
median_score: -581.0
std_score: 25.27768898010254
percentiles: 2%=-621.1400146484375, 5%=-613.2999877929688, 10%=-608.0999755859375, 25%=-597.0, 50%=-581.0, 75%=-560.75, 90%=-542.5999755859375, 95%=-535.8499755859375, 98%=-527.9600219726562
ranking_best_algo: Tabu
ranking_best_score: 588.7199999999999
ranking_my_rank: 42/503 (91.8%)
ranking_my_percent: 91.84890656063618
