ConfigName: kjsd__advperagentrankweighted__M3__L30__eps0p007__g0p001__ds0p1__dm0p2
Problem: NK
Kernel: jsd
Advantage: peragentrankweighted
M: 3
lambda: 30
epsilon_svgd: 0.007
gamma: 0.001
decay_start_ratio: 0.1
decay_min_factor: 0.2
bandwith_kernel: None
no_interact: False
avg_score: 0.7381339073181152
median_score: 0.738807201385498
std_score: 0.009595599956810474
percentiles: 2%=0.7197373509407043, 5%=0.7210865616798401, 10%=0.7233518362045288, 25%=0.7346670031547546, 50%=0.738807201385498, 75%=0.7437527179718018, 90%=0.7503867745399475, 95%=0.7534921765327454, 98%=0.755828320980072
ranking_best_algo: PBIL
ranking_best_score: 0.730509098125
ranking_my_rank: 1/504 (100.0%)
ranking_my_percent: 100.0
