ConfigName: krbf__advnormalizedfitness__M3__L15__eps0p015__g0p005__ds0p15__dm0p3
Problem: NK
Kernel: rbf
Advantage: normalizedfitness
M: 3
lambda: 15
epsilon_svgd: 0.015
gamma: 0.005
decay_start_ratio: 0.15
decay_min_factor: 0.3
bandwith_kernel: None
no_interact: False
avg_score: 0.7102715373039246
median_score: 0.7110475301742554
std_score: 0.015060925856232643
percentiles: 2%=0.673328697681427, 5%=0.6737468242645264, 10%=0.6971127986907959, 25%=0.7064257860183716, 50%=0.7110475301742554, 75%=0.7183922529220581, 90%=0.7254555821418762, 95%=0.7327286601066589, 98%=0.7331976890563965
ranking_best_algo: CMApara
ranking_best_score: 0.707475975
ranking_my_rank: 1/504 (100.0%)
ranking_my_percent: 100.0
