ConfigName: kjsd__advperagentrankweighted__M3__L30__eps0p007__g0p001__ds0p05__dm0p1
Problem: QUBO
Kernel: jsd
Advantage: peragentrankweighted
M: 3
lambda: 30
epsilon_svgd: 0.007
gamma: 0.001
decay_start_ratio: 0.05
decay_min_factor: 0.1
bandwith_kernel: None
no_interact: False
avg_score: -1222.1600341796875
median_score: -1220.5
std_score: 71.48646545410156
percentiles: 2%=-1363.4200439453125, 5%=-1346.0999755859375, 10%=-1319.199951171875, 25%=-1259.25, 50%=-1220.5, 75%=-1172.5, 90%=-1126.5, 95%=-1104.9000244140625, 98%=-1091.0
ranking_best_algo: SVMMetaModelLogNormal
ranking_best_score: 1233.7999999999997
ranking_my_rank: 40/504 (92.3%)
ranking_my_percent: 92.26190476190476
