ConfigName: kjsd__advperagentrankweighted__M3__L24__eps0p007__g0p0005__ds0p2__dm0p2
Problem: QUBO
Kernel: jsd
Advantage: peragentrankweighted
M: 3
lambda: 24
epsilon_svgd: 0.007
gamma: 0.0005
decay_start_ratio: 0.2
decay_min_factor: 0.2
bandwith_kernel: None
no_interact: False
avg_score: -200.44000244140625
median_score: -201.0
std_score: 12.265658378601074
percentiles: 2%=-224.0, 5%=-224.0, 10%=-219.1999969482422, 25%=-207.0, 50%=-201.0, 75%=-192.0, 90%=-183.89999389648438, 95%=-179.9499969482422, 98%=-177.9600067138672
ranking_best_algo: Tabu
ranking_best_score: 208.36000000000004
ranking_my_rank: 46/504 (91.1%)
ranking_my_percent: 91.07142857142857
