ConfigName: kjsd__advperagentrankweighted__M4__L24__eps0p03__g0p0005__ds0p2__dm0p05
Problem: NK
Kernel: jsd
Advantage: peragentrankweighted
M: 4
lambda: 24
epsilon_svgd: 0.03
gamma: 0.0005
decay_start_ratio: 0.2
decay_min_factor: 0.05
bandwith_kernel: None
no_interact: False
avg_score: 0.7475016117095947
median_score: 0.7473567724227905
std_score: 0.013644053600728512
percentiles: 2%=0.7198304533958435, 5%=0.7263354659080505, 10%=0.7319960594177246, 25%=0.7396161556243896, 50%=0.7473567724227905, 75%=0.7553814649581909, 90%=0.7655432224273682, 95%=0.769282341003418, 98%=0.776573657989502
ranking_best_algo: Tabu
ranking_best_score: 0.7657846284375001
ranking_my_rank: 35/504 (93.3%)
ranking_my_percent: 93.25396825396825
