ConfigName: krbf__advnormalizedfitness__M3__L8__eps0p033__g0p005__ds0p01__dm0p01
Problem: QUBO
Kernel: rbf
Advantage: normalizedfitness
M: 3
lambda: 8
epsilon_svgd: 0.033
gamma: 0.005
decay_start_ratio: 0.01
decay_min_factor: 0.01
bandwith_kernel: None
no_interact: False
avg_score: -1215.739990234375
median_score: -1214.5
std_score: 70.46979522705078
percentiles: 2%=-1356.6800537109375, 5%=-1336.449951171875, 10%=-1306.699951171875, 25%=-1257.5, 50%=-1214.5, 75%=-1156.5, 90%=-1128.5999755859375, 95%=-1118.8499755859375, 98%=-1096.97998046875
ranking_best_algo: SVMMetaModelLogNormal
ranking_best_score: 1233.7999999999997
ranking_my_rank: 41/504 (92.1%)
ranking_my_percent: 92.06349206349206
