ConfigName: krbf__advnormalizedfitness__M4__L8__eps0p025__g0p01__ds0p3__dm0p01
Problem: QUBO
Kernel: rbf
Advantage: normalizedfitness
M: 4
lambda: 8
epsilon_svgd: 0.025
gamma: 0.01
decay_start_ratio: 0.3
decay_min_factor: 0.01
bandwith_kernel: None
no_interact: False
avg_score: -1117.0
median_score: -1110.5
std_score: 88.53350067138672
percentiles: 2%=-1285.280029296875, 5%=-1262.550048828125, 10%=-1236.300048828125, 25%=-1182.5, 50%=-1110.5, 75%=-1062.0, 90%=-1007.9000244140625, 95%=-987.8001098632812, 98%=-952.5599365234375
ranking_best_algo: SVMMetaModelLogNormal
ranking_best_score: 1233.7999999999997
ranking_my_rank: 111/504 (78.2%)
ranking_my_percent: 78.17460317460318
