ConfigName: krbf__advnormalizedfitness__M3__L8__eps0p025__g0p005__ds0p05__dm0p05
Problem: NK
Kernel: rbf
Advantage: normalizedfitness
M: 3
lambda: 8
epsilon_svgd: 0.025
gamma: 0.005
decay_start_ratio: 0.05
decay_min_factor: 0.05
bandwith_kernel: None
no_interact: False
avg_score: 0.7330083250999451
median_score: 0.7324435710906982
std_score: 0.010144655592739582
percentiles: 2%=0.7136906385421753, 5%=0.7175642848014832, 10%=0.7205983400344849, 25%=0.7267374396324158, 50%=0.7324435710906982, 75%=0.7398521304130554, 90%=0.7468730211257935, 95%=0.7501582503318787, 98%=0.7527981996536255
ranking_best_algo: Tabu
ranking_best_score: 0.7429702712499999
ranking_my_rank: 2/504 (99.8%)
ranking_my_percent: 99.8015873015873
