ConfigName: kfr__advglobalrankweighted__M3__L8__eps0p02__g0p005__ds0p01__dm0p01
Problem: QUBO
Kernel: fr
Advantage: globalrankweighted
M: 3
lambda: 8
epsilon_svgd: 0.02
gamma: 0.005
decay_start_ratio: 0.01
decay_min_factor: 0.01
bandwith_kernel: None
no_interact: False
avg_score: -408.8800048828125
median_score: -406.0
std_score: 29.95305633544922
percentiles: 2%=-461.239990234375, 5%=-457.0, 10%=-448.3999938964844, 25%=-431.75, 50%=-406.0, 75%=-386.0, 90%=-371.79998779296875, 95%=-362.0, 98%=-357.7999572753906
ranking_best_algo: Tabu
ranking_best_score: 438.12
ranking_my_rank: 138/504 (72.8%)
ranking_my_percent: 72.81746031746032
