ConfigName: krbf__advnormalizedfitness__M4__L15__eps0p025__g0p007__ds0p3__dm0p3
Problem: QUBO
Kernel: rbf
Advantage: normalizedfitness
M: 4
lambda: 15
epsilon_svgd: 0.025
gamma: 0.007
decay_start_ratio: 0.3
decay_min_factor: 0.3
bandwith_kernel: None
no_interact: False
avg_score: -139.0399932861328
median_score: -140.0
std_score: 10.56401538848877
percentiles: 2%=-159.0, 5%=-158.0, 10%=-152.1999969482422, 25%=-146.0, 50%=-140.0, 75%=-131.0, 90%=-125.0, 95%=-123.0, 98%=-120.97999572753906
ranking_best_algo: DiscreteDE
ranking_best_score: 143.4
ranking_my_rank: 93/504 (81.7%)
ranking_my_percent: 81.74603174603175
