ConfigName: kjsd__advperagentrankweighted__M5__L8__eps0p03__g0p0003__ds0p05__dm0p05
Problem: QUBO
Kernel: jsd
Advantage: peragentrankweighted
M: 5
lambda: 8
epsilon_svgd: 0.03
gamma: 0.0003
decay_start_ratio: 0.05
decay_min_factor: 0.05
bandwith_kernel: None
no_interact: False
avg_score: -1175.9599609375
median_score: -1171.5
std_score: 60.945701599121094
percentiles: 2%=-1296.0400390625, 5%=-1288.25, 10%=-1265.0999755859375, 25%=-1213.0, 50%=-1171.5, 75%=-1135.25, 90%=-1093.9000244140625, 95%=-1078.9000244140625, 98%=-1074.719970703125
ranking_best_algo: SVMMetaModelLogNormal
ranking_best_score: 1233.7999999999997
ranking_my_rank: 72/504 (85.9%)
ranking_my_percent: 85.91269841269842
