ConfigName: kjsd__advperagentrankweighted__M5__L10__eps0p01__g0p0007__ds0p05__dm0p05
Problem: QUBO
Kernel: jsd
Advantage: peragentrankweighted
M: 5
lambda: 10
epsilon_svgd: 0.01
gamma: 0.0007
decay_start_ratio: 0.05
decay_min_factor: 0.05
bandwith_kernel: None
no_interact: False
avg_score: -3304.800048828125
median_score: -3307.0
std_score: 104.875732421875
percentiles: 2%=-3503.360107421875, 5%=-3470.550048828125, 10%=-3450.5, 25%=-3370.0, 50%=-3307.0, 75%=-3240.25, 90%=-3175.699951171875, 95%=-3125.949951171875, 98%=-3097.800048828125
ranking_best_algo: RLSOnePlusOne
ranking_best_score: 3316.5199999999995
ranking_my_rank: 3/504 (99.6%)
ranking_my_percent: 99.60317460317461
