ConfigName: kjsd__advperagentrankweighted__M3__L18__eps0p007__g0p0007__ds0p2__dm0p2
Problem: NK
Kernel: jsd
Advantage: peragentrankweighted
M: 3
lambda: 18
epsilon_svgd: 0.007
gamma: 0.0007
decay_start_ratio: 0.2
decay_min_factor: 0.2
bandwith_kernel: None
no_interact: False
avg_score: 0.7350125312805176
median_score: 0.7369606494903564
std_score: 0.008416702039539814
percentiles: 2%=0.7151793837547302, 5%=0.7176531553268433, 10%=0.7225266098976135, 25%=0.7298220992088318, 50%=0.7369606494903564, 75%=0.7413640022277832, 90%=0.7444746494293213, 95%=0.7453489303588867, 98%=0.7480390071868896
ranking_best_algo: PBIL
ranking_best_score: 0.7248786399609374
ranking_my_rank: 1/504 (100.0%)
ranking_my_percent: 100.0
