ConfigName: kjsd__advperagentrankweighted__M5__L24__eps0p02__g0p0007__ds0p05__dm0p05
Problem: QUBO
Kernel: jsd
Advantage: peragentrankweighted
M: 5
lambda: 24
epsilon_svgd: 0.02
gamma: 0.0007
decay_start_ratio: 0.05
decay_min_factor: 0.05
bandwith_kernel: None
no_interact: False
avg_score: -1248.719970703125
median_score: -1249.5
std_score: 58.29667282104492
percentiles: 2%=-1381.1400146484375, 5%=-1336.050048828125, 10%=-1315.199951171875, 25%=-1284.0, 50%=-1249.5, 75%=-1210.5, 90%=-1168.4000244140625, 95%=-1147.0, 98%=-1139.739990234375
ranking_best_algo: SVMMetaModelLogNormal
ranking_best_score: 1233.7999999999997
ranking_my_rank: 1/504 (100.0%)
ranking_my_percent: 100.0
