ConfigName: kfr__advglobalrankweighted__M4__L11__eps0p015__g0p007__ds0p01__dm0p01
Problem: QUBO
Kernel: fr
Advantage: globalrankweighted
M: 4
lambda: 11
epsilon_svgd: 0.015
gamma: 0.007
decay_start_ratio: 0.01
decay_min_factor: 0.01
bandwith_kernel: None
no_interact: False
avg_score: -1174.9599609375
median_score: -1169.5
std_score: 59.00693893432617
percentiles: 2%=-1335.1600341796875, 5%=-1273.4000244140625, 10%=-1243.4000244140625, 25%=-1208.25, 50%=-1169.5, 75%=-1137.75, 90%=-1101.5999755859375, 95%=-1085.949951171875, 98%=-1072.6800537109375
ranking_best_algo: Tabu
ranking_best_score: 1216.16
ranking_my_rank: 82/504 (83.9%)
ranking_my_percent: 83.92857142857143
