ConfigName: kjsd__advperagentrankweighted__M4__L10__eps0p02__g0p0003__ds0p2__dm0p05
Problem: NK
Kernel: jsd
Advantage: peragentrankweighted
M: 4
lambda: 10
epsilon_svgd: 0.02
gamma: 0.0003
decay_start_ratio: 0.2
decay_min_factor: 0.05
bandwith_kernel: None
no_interact: False
avg_score: 0.7030689120292664
median_score: 0.7029160857200623
std_score: 0.007295279297977686
percentiles: 2%=0.6901330947875977, 5%=0.6919178366661072, 10%=0.6927884221076965, 25%=0.6981109976768494, 50%=0.7029160857200623, 75%=0.7073620557785034, 90%=0.7122324109077454, 95%=0.7159380912780762, 98%=0.7175872325897217
ranking_best_algo: PBIL
ranking_best_score: 0.7170882103515624
ranking_my_rank: 62/504 (87.9%)
ranking_my_percent: 87.89682539682539
