ConfigName: kjsd__advperagentrankweighted__M4__L24__eps0p02__g0p0005__ds0p05__dm0p05
Problem: QUBO
Kernel: jsd
Advantage: peragentrankweighted
M: 4
lambda: 24
epsilon_svgd: 0.02
gamma: 0.0005
decay_start_ratio: 0.05
decay_min_factor: 0.05
bandwith_kernel: None
no_interact: False
avg_score: -137.89999389648438
median_score: -141.0
std_score: 12.563040733337402
percentiles: 2%=-158.0, 5%=-157.0, 10%=-153.0, 25%=-146.0, 50%=-141.0, 75%=-129.0, 90%=-121.0, 95%=-115.9000015258789, 98%=-111.9000015258789
ranking_best_algo: DiscreteDE
ranking_best_score: 143.4
ranking_my_rank: 117/504 (77.0%)
ranking_my_percent: 76.98412698412699
