ConfigName: kjsd__advperagentrankweighted__M4__L20__eps0p007__g0p0005__ds0p1__dm0p05
Problem: NK
Kernel: jsd
Advantage: peragentrankweighted
M: 4
lambda: 20
epsilon_svgd: 0.007
gamma: 0.0005
decay_start_ratio: 0.1
decay_min_factor: 0.05
bandwith_kernel: None
no_interact: False
avg_score: 0.7105659246444702
median_score: 0.7114835977554321
std_score: 0.015231003984808922
percentiles: 2%=0.672078013420105, 5%=0.6737114787101746, 10%=0.6959279775619507, 25%=0.707321047782898, 50%=0.7114835977554321, 75%=0.7194061875343323, 90%=0.7251863479614258, 95%=0.7327330708503723, 98%=0.7331453561782837
ranking_best_algo: CMApara
ranking_best_score: 0.707475975
ranking_my_rank: 1/504 (100.0%)
ranking_my_percent: 100.0
