ConfigName: krbf__advnormalizedfitness__M3__L15__eps0p033__g0p01__ds0p3__dm0p3
Problem: NK
Kernel: rbf
Advantage: normalizedfitness
M: 3
lambda: 15
epsilon_svgd: 0.033
gamma: 0.01
decay_start_ratio: 0.3
decay_min_factor: 0.3
bandwith_kernel: None
no_interact: False
avg_score: 0.6973474025726318
median_score: 0.6958235502243042
std_score: 0.016062617301940918
percentiles: 2%=0.6689768433570862, 5%=0.6712785363197327, 10%=0.6767368316650391, 25%=0.6866888999938965, 50%=0.6958235502243042, 75%=0.7093902826309204, 90%=0.7176546454429626, 95%=0.7232704758644104, 98%=0.7283725142478943
ranking_best_algo: PBIL
ranking_best_score: 0.733570253046875
ranking_my_rank: 166/504 (67.3%)
ranking_my_percent: 67.26190476190476
