ConfigName: kjsd__advperagentrankweighted__M5__L10__eps0p02__g0p0005__ds0p05__dm0p05
Problem: QUBO
Kernel: jsd
Advantage: peragentrankweighted
M: 5
lambda: 10
epsilon_svgd: 0.02
gamma: 0.0005
decay_start_ratio: 0.05
decay_min_factor: 0.05
bandwith_kernel: None
no_interact: False
avg_score: -437.6400146484375
median_score: -433.0
std_score: 25.611528396606445
percentiles: 2%=-490.0400085449219, 5%=-475.1000061035156, 10%=-469.0, 25%=-461.25, 50%=-433.0, 75%=-417.75, 90%=-405.79998779296875, 95%=-398.95001220703125, 98%=-395.8800048828125
ranking_best_algo: CMApara
ranking_best_score: 453.82
ranking_my_rank: 28/504 (94.6%)
ranking_my_percent: 94.64285714285714
