ConfigName: krbf__advnormalizedfitness__M2__L10__eps0p025__g0p007__ds0p15__dm0p3
Problem: QUBO
Kernel: rbf
Advantage: normalizedfitness
M: 2
lambda: 10
epsilon_svgd: 0.025
gamma: 0.007
decay_start_ratio: 0.15
decay_min_factor: 0.3
bandwith_kernel: None
no_interact: False
avg_score: -572.6199951171875
median_score: -574.0
std_score: 28.8328914642334
percentiles: 2%=-623.0599975585938, 5%=-613.2999877929688, 10%=-609.0, 25%=-592.25, 50%=-574.0, 75%=-552.0, 90%=-538.5, 95%=-526.8499755859375, 98%=-510.94000244140625
ranking_best_algo: Tabu
ranking_best_score: 588.7199999999999
ranking_my_rank: 62/503 (87.9%)
ranking_my_percent: 87.8727634194831
