ConfigName: krbf__advnormalizedfitness__M4__L12__eps0p033__g0p015__ds0p15__dm0p01
Problem: QUBO
Kernel: rbf
Advantage: normalizedfitness
M: 4
lambda: 12
epsilon_svgd: 0.033
gamma: 0.015
decay_start_ratio: 0.15
decay_min_factor: 0.01
bandwith_kernel: None
no_interact: False
avg_score: -2249.179931640625
median_score: -2238.5
std_score: 157.38323974609375
percentiles: 2%=-2597.199951171875, 5%=-2531.5, 10%=-2446.5, 25%=-2358.5, 50%=-2238.5, 75%=-2117.25, 90%=-2047.9000244140625, 95%=-2019.800048828125, 98%=-1974.9599609375
ranking_best_algo: DiscreteLengler2OnePlusOne
ranking_best_score: 2617.04
ranking_my_rank: 190/504 (62.5%)
ranking_my_percent: 62.5
