ConfigName: krbf__advnormalizedfitness__M2__L10__eps0p033__g0p005__ds0p15__dm0p01
Problem: QUBO
Kernel: rbf
Advantage: normalizedfitness
M: 2
lambda: 10
epsilon_svgd: 0.033
gamma: 0.005
decay_start_ratio: 0.15
decay_min_factor: 0.01
bandwith_kernel: None
no_interact: False
avg_score: -907.9400024414062
median_score: -899.5
std_score: 62.95789337158203
percentiles: 2%=-1040.1199951171875, 5%=-1019.2999877929688, 10%=-999.5, 25%=-947.25, 50%=-899.5, 75%=-862.5, 90%=-831.0, 95%=-813.75, 98%=-800.9600219726562
ranking_best_algo: CMApara
ranking_best_score: 964.9
ranking_my_rank: 98/504 (80.8%)
ranking_my_percent: 80.75396825396825
