ConfigName: kjsd__advperagentrankweighted__M4__L8__eps0p01__g0p0007__ds0p05__dm0p05
Problem: QUBO
Kernel: jsd
Advantage: peragentrankweighted
M: 4
lambda: 8
epsilon_svgd: 0.01
gamma: 0.0007
decay_start_ratio: 0.05
decay_min_factor: 0.05
bandwith_kernel: None
no_interact: False
avg_score: -413.0199890136719
median_score: -414.0
std_score: 28.592998504638672
percentiles: 2%=-467.0, 5%=-453.04998779296875, 10%=-449.0, 25%=-433.25, 50%=-414.0, 75%=-391.75, 90%=-375.6000061035156, 95%=-369.8500061035156, 98%=-353.7200012207031
ranking_best_algo: Tabu
ranking_best_score: 438.12
ranking_my_rank: 60/504 (88.3%)
ranking_my_percent: 88.2936507936508
