ConfigName: kjsd__advperagentrankweighted__M3__L20__eps0p007__g0p001__ds0p05__dm0p05
Problem: NK
Kernel: jsd
Advantage: peragentrankweighted
M: 3
lambda: 20
epsilon_svgd: 0.007
gamma: 0.001
decay_start_ratio: 0.05
decay_min_factor: 0.05
bandwith_kernel: None
no_interact: False
avg_score: 0.7370085716247559
median_score: 0.7383918762207031
std_score: 0.008830279111862183
percentiles: 2%=0.717523455619812, 5%=0.7202989459037781, 10%=0.7233136296272278, 25%=0.7327135801315308, 50%=0.7383918762207031, 75%=0.742955207824707, 90%=0.7466627955436707, 95%=0.7484620213508606, 98%=0.7531586289405823
ranking_best_algo: PBIL
ranking_best_score: 0.730509098125
ranking_my_rank: 1/504 (100.0%)
ranking_my_percent: 100.0
