ConfigName: krbf__advnormalizedfitness__M2__L6__eps0p01__g0p006__ds0p3__dm0p01
Problem: QUBO
Kernel: rbf
Advantage: normalizedfitness
M: 2
lambda: 6
epsilon_svgd: 0.01
gamma: 0.006
decay_start_ratio: 0.3
decay_min_factor: 0.01
bandwith_kernel: None
no_interact: False
avg_score: -924.8400268554688
median_score: -926.0
std_score: 74.00968933105469
percentiles: 2%=-1074.0400390625, 5%=-1036.5, 10%=-1020.2999877929688, 25%=-975.25, 50%=-926.0, 75%=-880.5, 90%=-811.5, 95%=-802.9000244140625, 98%=-776.97998046875
ranking_best_algo: CMApara
ranking_best_score: 964.9
ranking_my_rank: 21/504 (96.0%)
ranking_my_percent: 96.03174603174604
