ConfigName: kjsd__advperagentrankweighted__M4__L8__eps0p02__g0p0007__ds0p2__dm0p05
Problem: NK
Kernel: jsd
Advantage: peragentrankweighted
M: 4
lambda: 8
epsilon_svgd: 0.02
gamma: 0.0007
decay_start_ratio: 0.2
decay_min_factor: 0.05
bandwith_kernel: None
no_interact: False
avg_score: 0.7314529418945312
median_score: 0.7317013740539551
std_score: 0.014545181766152382
percentiles: 2%=0.707496702671051, 5%=0.7107693552970886, 10%=0.7147141098976135, 25%=0.7212170958518982, 50%=0.7317013740539551, 75%=0.7390100955963135, 90%=0.748539924621582, 95%=0.7543639540672302, 98%=0.7736302614212036
ranking_best_algo: Tabu
ranking_best_score: 0.7601875690625
ranking_my_rank: 41/504 (92.1%)
ranking_my_percent: 92.06349206349206
