ConfigName: kfr__advglobalrankweighted__M5__L9__eps0p01__g0p007__ds0p01__dm0p01
Problem: QUBO
Kernel: fr
Advantage: globalrankweighted
M: 5
lambda: 9
epsilon_svgd: 0.01
gamma: 0.007
decay_start_ratio: 0.01
decay_min_factor: 0.01
bandwith_kernel: None
no_interact: False
avg_score: -1110.3199462890625
median_score: -1110.0
std_score: 67.91846466064453
percentiles: 2%=-1251.02001953125, 5%=-1225.699951171875, 10%=-1201.0999755859375, 25%=-1152.0, 50%=-1110.0, 75%=-1059.25, 90%=-1024.0999755859375, 95%=-1003.0, 98%=-986.5198974609375
ranking_best_algo: BigLognormalDiscreteOnePlusOne
ranking_best_score: 1301.3600000000004
ranking_my_rank: 183/504 (63.9%)
ranking_my_percent: 63.888888888888886
