ConfigName: kjsd__advperagentrankweighted__M5__L10__eps0p01__g0p0007__ds0p2__dm0p05
Problem: NK
Kernel: jsd
Advantage: peragentrankweighted
M: 5
lambda: 10
epsilon_svgd: 0.01
gamma: 0.0007
decay_start_ratio: 0.2
decay_min_factor: 0.05
bandwith_kernel: None
no_interact: False
avg_score: 0.7540174126625061
median_score: 0.7535867691040039
std_score: 0.011341599747538567
percentiles: 2%=0.7331821918487549, 5%=0.7356901168823242, 10%=0.739576518535614, 25%=0.7466996312141418, 50%=0.7535867691040039, 75%=0.7619333267211914, 90%=0.7683690786361694, 95%=0.7720364928245544, 98%=0.7782219052314758
ranking_best_algo: Tabu
ranking_best_score: 0.7657846284375001
ranking_my_rank: 7/504 (98.8%)
ranking_my_percent: 98.80952380952381
