ConfigName: krbf__advnormalizedfitness__M4__L12__eps0p033__g0p005__ds0p01__dm0p3
Problem: QUBO
Kernel: rbf
Advantage: normalizedfitness
M: 4
lambda: 12
epsilon_svgd: 0.033
gamma: 0.005
decay_start_ratio: 0.01
decay_min_factor: 0.3
bandwith_kernel: None
no_interact: False
avg_score: -2423.0400390625
median_score: -2428.0
std_score: 151.468017578125
percentiles: 2%=-2741.199951171875, 5%=-2670.0, 10%=-2607.10009765625, 25%=-2513.75, 50%=-2428.0, 75%=-2327.75, 90%=-2241.10009765625, 95%=-2159.800048828125, 98%=-2140.97998046875
ranking_best_algo: SVM1MetaModelLogNormal
ranking_best_score: 2605.14
ranking_my_rank: 91/504 (82.1%)
ranking_my_percent: 82.14285714285714
