ConfigName: kjsd__advperagentrankweighted__M8__L12__eps0p005__g0p0005__ds0p3__dm0p05
Problem: QUBO
Kernel: jsd
Advantage: peragentrankweighted
M: 8
lambda: 12
epsilon_svgd: 0.005
gamma: 0.0005
decay_start_ratio: 0.3
decay_min_factor: 0.05
bandwith_kernel: None
no_interact: False
avg_score: -2939.719970703125
median_score: -2951.0
std_score: 215.98085021972656
percentiles: 2%=-3341.419921875, 5%=-3302.5, 10%=-3224.10009765625, 25%=-3080.25, 50%=-2951.0, 75%=-2789.75, 90%=-2640.699951171875, 95%=-2583.550048828125, 98%=-2535.97998046875
ranking_best_algo: RLSOnePlusOne
ranking_best_score: 3316.5199999999995
ranking_my_rank: 140/504 (72.4%)
ranking_my_percent: 72.42063492063492
