ConfigName: kjsd__advperagentrankweighted__M3__L30__eps0p005__g0p001__ds0p1__dm0p1
Problem: QUBO
Kernel: jsd
Advantage: peragentrankweighted
M: 3
lambda: 30
epsilon_svgd: 0.005
gamma: 0.001
decay_start_ratio: 0.1
decay_min_factor: 0.1
bandwith_kernel: None
no_interact: False
avg_score: -426.0199890136719
median_score: -422.0
std_score: 29.61147689819336
percentiles: 2%=-481.0400085449219, 5%=-477.0, 10%=-469.0, 25%=-450.0, 50%=-422.0, 75%=-406.75, 90%=-393.8999938964844, 95%=-379.95001220703125, 98%=-368.7799987792969
ranking_best_algo: CMAL3
ranking_best_score: 435.36
ranking_my_rank: 23/504 (95.6%)
ranking_my_percent: 95.63492063492063
