ConfigName: kjsd__advperagentrankweighted__M5__L8__eps0p005__g0p0007__ds0p4__dm0p05
Problem: NK
Kernel: jsd
Advantage: peragentrankweighted
M: 5
lambda: 8
epsilon_svgd: 0.005
gamma: 0.0007
decay_start_ratio: 0.4
decay_min_factor: 0.05
bandwith_kernel: None
no_interact: False
avg_score: 0.7107353806495667
median_score: 0.7117738723754883
std_score: 0.015274046920239925
percentiles: 2%=0.6719448566436768, 5%=0.6736335754394531, 10%=0.6959543824195862, 25%=0.7076417207717896, 50%=0.7117738723754883, 75%=0.7195264101028442, 90%=0.7255217432975769, 95%=0.7331504225730896, 98%=0.7344768047332764
ranking_best_algo: CMApara
ranking_best_score: 0.707475975
ranking_my_rank: 1/504 (100.0%)
ranking_my_percent: 100.0
