ConfigName: kjsd__advperagentrankweighted__M3__L18__eps0p005__g0p0005__ds0p05__dm0p1
Problem: QUBO
Kernel: jsd
Advantage: peragentrankweighted
M: 3
lambda: 18
epsilon_svgd: 0.005
gamma: 0.0005
decay_start_ratio: 0.05
decay_min_factor: 0.1
bandwith_kernel: None
no_interact: False
avg_score: -1193.1400146484375
median_score: -1188.5
std_score: 59.632545471191406
percentiles: 2%=-1337.0799560546875, 5%=-1316.8499755859375, 10%=-1276.9000244140625, 25%=-1218.25, 50%=-1188.5, 75%=-1151.5, 90%=-1124.5, 95%=-1102.75, 98%=-1094.6199951171875
ranking_best_algo: Tabu
ranking_best_score: 1216.16
ranking_my_rank: 48/504 (90.7%)
ranking_my_percent: 90.67460317460318
