ConfigName: krbf__advnormalizedfitness__M4__L8__eps0p033__g0p015__ds0p15__dm0p01
Problem: QUBO
Kernel: rbf
Advantage: normalizedfitness
M: 4
lambda: 8
epsilon_svgd: 0.033
gamma: 0.015
decay_start_ratio: 0.15
decay_min_factor: 0.01
bandwith_kernel: None
no_interact: False
avg_score: -924.1199951171875
median_score: -923.0
std_score: 70.82913208007812
percentiles: 2%=-1074.0799560546875, 5%=-1055.6500244140625, 10%=-1044.0, 25%=-962.0, 50%=-923.0, 75%=-867.25, 90%=-834.7999877929688, 95%=-829.0, 98%=-816.5999145507812
ranking_best_algo: CMApara
ranking_best_score: 964.9
ranking_my_rank: 22/504 (95.8%)
ranking_my_percent: 95.83333333333333
