ConfigName: kjsd__advperagentrankweighted__M4__L8__eps0p005__g0p0003__ds0p4__dm0p05
Problem: NK
Kernel: jsd
Advantage: peragentrankweighted
M: 4
lambda: 8
epsilon_svgd: 0.005
gamma: 0.0003
decay_start_ratio: 0.4
decay_min_factor: 0.05
bandwith_kernel: None
no_interact: False
avg_score: 0.7311834096908569
median_score: 0.7325958609580994
std_score: 0.008596664294600487
percentiles: 2%=0.7125658988952637, 5%=0.7155894637107849, 10%=0.7176777124404907, 25%=0.7262439727783203, 50%=0.7325958609580994, 75%=0.7369314432144165, 90%=0.7409600019454956, 95%=0.7436847686767578, 98%=0.746390163898468
ranking_best_algo: PBIL
ranking_best_score: 0.7248786399609374
ranking_my_rank: 1/504 (100.0%)
ranking_my_percent: 100.0
