ConfigName: kjsd__advperagentrankweighted__M4__L12__eps0p005__g0p0003__ds0p05__dm0p05
Problem: NK
Kernel: jsd
Advantage: peragentrankweighted
M: 4
lambda: 12
epsilon_svgd: 0.005
gamma: 0.0003
decay_start_ratio: 0.05
decay_min_factor: 0.05
bandwith_kernel: None
no_interact: False
avg_score: 0.711057722568512
median_score: 0.6985580325126648
std_score: 0.031377021223306656
percentiles: 2%=0.673082172870636, 5%=0.6735892295837402, 10%=0.6799662709236145, 25%=0.6824496388435364, 50%=0.6985580325126648, 75%=0.7467129230499268, 90%=0.7535533308982849, 95%=0.7586009502410889, 98%=0.7613165378570557
ranking_best_algo: CMApara
ranking_best_score: 0.7118996098437498
ranking_my_rank: 7/504 (98.8%)
ranking_my_percent: 98.80952380952381
