ConfigName: krbf__advnormalizedfitness__M4__L12__eps0p015__g0p01__ds0p15__dm0p3
Problem: QUBO
Kernel: rbf
Advantage: normalizedfitness
M: 4
lambda: 12
epsilon_svgd: 0.015
gamma: 0.01
decay_start_ratio: 0.15
decay_min_factor: 0.3
bandwith_kernel: None
no_interact: False
avg_score: -614.760009765625
median_score: -608.5
std_score: 76.6501235961914
percentiles: 2%=-785.0999755859375, 5%=-743.75, 10%=-726.2999877929688, 25%=-653.0, 50%=-608.5, 75%=-559.0, 90%=-520.4000244140625, 95%=-502.8500061035156, 98%=-491.8199462890625
ranking_best_algo: BigLognormalDiscreteOnePlusOne
ranking_best_score: 1301.3600000000004
ranking_my_rank: 379/504 (25.0%)
ranking_my_percent: 25.0
