ConfigName: kjsd__advperagentrankweighted__M4__L8__eps0p01__g0p0003__ds0p05__dm0p05
Problem: QUBO
Kernel: jsd
Advantage: peragentrankweighted
M: 4
lambda: 8
epsilon_svgd: 0.01
gamma: 0.0003
decay_start_ratio: 0.05
decay_min_factor: 0.05
bandwith_kernel: None
no_interact: False
avg_score: -137.0800018310547
median_score: -137.0
std_score: 12.089400291442871
percentiles: 2%=-158.0399932861328, 5%=-156.0500030517578, 10%=-152.10000610351562, 25%=-146.25, 50%=-137.0, 75%=-129.0, 90%=-119.9000015258789, 95%=-113.94999694824219, 98%=-112.95999908447266
ranking_best_algo: DiscreteDE
ranking_best_score: 143.4
ranking_my_rank: 164/504 (67.7%)
ranking_my_percent: 67.65873015873017
