ConfigName: kfr__advglobalrankweighted__M2__L7__eps0p02__g0p007__ds0p01__dm0p01
Problem: QUBO
Kernel: fr
Advantage: globalrankweighted
M: 2
lambda: 7
epsilon_svgd: 0.02
gamma: 0.007
decay_start_ratio: 0.01
decay_min_factor: 0.01
bandwith_kernel: None
no_interact: False
avg_score: -921.02001953125
median_score: -913.5
std_score: 66.773193359375
percentiles: 2%=-1050.1199951171875, 5%=-1019.75, 10%=-1010.0, 25%=-972.5, 50%=-913.5, 75%=-878.25, 90%=-832.9000244140625, 95%=-812.9000244140625, 98%=-798.9199829101562
ranking_best_algo: CMApara
ranking_best_score: 964.9
ranking_my_rank: 58/504 (88.7%)
ranking_my_percent: 88.69047619047619
