ConfigName: kjsd__advperagentrankweighted__M3__L18__eps0p005__g0p003__ds0p2__dm0p2
Problem: QUBO
Kernel: jsd
Advantage: peragentrankweighted
M: 3
lambda: 18
epsilon_svgd: 0.005
gamma: 0.003
decay_start_ratio: 0.2
decay_min_factor: 0.2
bandwith_kernel: None
no_interact: False
avg_score: -1927.3599853515625
median_score: -1915.5
std_score: 140.23220825195312
percentiles: 2%=-2221.43994140625, 5%=-2186.550048828125, 10%=-2098.800048828125, 25%=-2018.5, 50%=-1915.5, 75%=-1826.75, 90%=-1751.699951171875, 95%=-1709.449951171875, 98%=-1668.93994140625
ranking_best_algo: SVM1MetaModelLogNormal
ranking_best_score: 2605.14
ranking_my_rank: 295/504 (41.7%)
ranking_my_percent: 41.666666666666664
