ConfigName: kjsd__advperagentrankweighted__M4__L24__eps0p01__g0p0003__ds0p2__dm0p05
Problem: QUBO
Kernel: jsd
Advantage: peragentrankweighted
M: 4
lambda: 24
epsilon_svgd: 0.01
gamma: 0.0003
decay_start_ratio: 0.2
decay_min_factor: 0.05
bandwith_kernel: None
no_interact: False
avg_score: -2593.139892578125
median_score: -2595.5
std_score: 109.65518951416016
percentiles: 2%=-2791.340087890625, 5%=-2779.199951171875, 10%=-2746.60009765625, 25%=-2674.0, 50%=-2595.5, 75%=-2504.5, 90%=-2455.800048828125, 95%=-2441.800048828125, 98%=-2377.919921875
ranking_best_algo: SVM1MetaModelLogNormal
ranking_best_score: 2605.14
ranking_my_rank: 10/504 (98.2%)
ranking_my_percent: 98.21428571428571
