ConfigName: kjsd__advperagentrankweighted__M5__L10__eps0p01__g0p0005__ds0p4__dm0p05
Problem: QUBO
Kernel: jsd
Advantage: peragentrankweighted
M: 5
lambda: 10
epsilon_svgd: 0.01
gamma: 0.0005
decay_start_ratio: 0.4
decay_min_factor: 0.05
bandwith_kernel: None
no_interact: False
avg_score: -328.8800048828125
median_score: -334.0
std_score: 20.435890197753906
percentiles: 2%=-372.0, 5%=-357.0, 10%=-353.1000061035156, 25%=-342.0, 50%=-334.0, 75%=-314.0, 90%=-300.0, 95%=-295.95001220703125, 98%=-283.9200134277344
ranking_best_algo: CMApara
ranking_best_score: 344.22
ranking_my_rank: 83/504 (83.7%)
ranking_my_percent: 83.73015873015873
