ConfigName: krbf__advnormalizedfitness__M2__L10__eps0p025__g0p007__ds0p3__dm0p01
Problem: QUBO
Kernel: rbf
Advantage: normalizedfitness
M: 2
lambda: 10
epsilon_svgd: 0.025
gamma: 0.007
decay_start_ratio: 0.3
decay_min_factor: 0.01
bandwith_kernel: None
no_interact: False
avg_score: -437.0400085449219
median_score: -438.5
std_score: 26.222097396850586
percentiles: 2%=-479.17999267578125, 5%=-477.1000061035156, 10%=-468.1000061035156, 25%=-457.5, 50%=-438.5, 75%=-413.0, 90%=-401.79998779296875, 95%=-392.8999938964844, 98%=-390.0
ranking_best_algo: CMApara
ranking_best_score: 453.82
ranking_my_rank: 30/504 (94.2%)
ranking_my_percent: 94.24603174603175
