ConfigName: krbf__advnormalizedfitness__M3__L10__eps0p025__g0p007__ds0p15__dm0p01
Problem: QUBO
Kernel: rbf
Advantage: normalizedfitness
M: 3
lambda: 10
epsilon_svgd: 0.025
gamma: 0.007
decay_start_ratio: 0.15
decay_min_factor: 0.01
bandwith_kernel: None
no_interact: False
avg_score: -426.5400085449219
median_score: -425.5
std_score: 26.785600662231445
percentiles: 2%=-477.0400085449219, 5%=-475.0, 10%=-468.0, 25%=-442.25, 50%=-425.5, 75%=-410.0, 90%=-394.6000061035156, 95%=-383.8500061035156, 98%=-372.89996337890625
ranking_best_algo: CMAL3
ranking_best_score: 435.36
ranking_my_rank: 23/504 (95.6%)
ranking_my_percent: 95.63492063492063
