ConfigName: kjsd__advperagentrankweighted__M4__L20__eps0p007__g0p0005__ds0p05__dm0p2
Problem: NK
Kernel: jsd
Advantage: peragentrankweighted
M: 4
lambda: 20
epsilon_svgd: 0.007
gamma: 0.0005
decay_start_ratio: 0.05
decay_min_factor: 0.2
bandwith_kernel: None
no_interact: False
avg_score: 0.7466695308685303
median_score: 0.7473519444465637
std_score: 0.009040268138051033
percentiles: 2%=0.7293818593025208, 5%=0.7314469814300537, 10%=0.7347420454025269, 25%=0.7397200465202332, 50%=0.7473519444465637, 75%=0.75382399559021, 90%=0.757678747177124, 95%=0.7594850063323975, 98%=0.7615302801132202
ranking_best_algo: PBIL
ranking_best_score: 0.733570253046875
ranking_my_rank: 1/504 (100.0%)
ranking_my_percent: 100.0
