ConfigName: krbf__advnormalizedfitness__M3__L12__eps0p015__g0p015__ds0p01__dm0p01
Problem: NK
Kernel: rbf
Advantage: normalizedfitness
M: 3
lambda: 12
epsilon_svgd: 0.015
gamma: 0.015
decay_start_ratio: 0.01
decay_min_factor: 0.01
bandwith_kernel: None
no_interact: False
avg_score: 0.7338152527809143
median_score: 0.7335551977157593
std_score: 0.009373265318572521
percentiles: 2%=0.71534264087677, 5%=0.7161914706230164, 10%=0.7212936282157898, 25%=0.7280970215797424, 50%=0.7335551977157593, 75%=0.7412538528442383, 90%=0.7449764013290405, 95%=0.7474700808525085, 98%=0.7512044906616211
ranking_best_algo: PBIL
ranking_best_score: 0.730509098125
ranking_my_rank: 1/504 (100.0%)
ranking_my_percent: 100.0
