ConfigName: krbf__advnormalizedfitness__M4__L10__eps0p025__g0p01__ds0p3__dm0p01
Problem: QUBO
Kernel: rbf
Advantage: normalizedfitness
M: 4
lambda: 10
epsilon_svgd: 0.025
gamma: 0.01
decay_start_ratio: 0.3
decay_min_factor: 0.01
bandwith_kernel: None
no_interact: False
avg_score: -139.67999267578125
median_score: -139.0
std_score: 9.876112937927246
percentiles: 2%=-158.0, 5%=-156.0500030517578, 10%=-152.10000610351562, 25%=-146.25, 50%=-139.0, 75%=-132.0, 90%=-127.0, 95%=-125.0, 98%=-122.93998718261719
ranking_best_algo: DiscreteDE
ranking_best_score: 143.4
ranking_my_rank: 83/504 (83.7%)
ranking_my_percent: 83.73015873015873
