ConfigName: kjsd__advperagentrankweighted__M4__L10__eps0p005__g0p0007__ds0p4__dm0p05
Problem: QUBO
Kernel: jsd
Advantage: peragentrankweighted
M: 4
lambda: 10
epsilon_svgd: 0.005
gamma: 0.0007
decay_start_ratio: 0.4
decay_min_factor: 0.05
bandwith_kernel: None
no_interact: False
avg_score: -585.7000122070312
median_score: -584.0
std_score: 23.311586380004883
percentiles: 2%=-633.0800170898438, 5%=-625.2000122070312, 10%=-621.0, 25%=-596.25, 50%=-584.0, 75%=-570.75, 90%=-557.0, 95%=-555.0, 98%=-539.9000244140625
ranking_best_algo: Tabu
ranking_best_score: 588.7199999999999
ranking_my_rank: 5/503 (99.2%)
ranking_my_percent: 99.20477137176938
