ConfigName: krbf__advnormalizedfitness__M4__L10__eps0p025__g0p01__ds0p3__dm0p3
Problem: QUBO
Kernel: rbf
Advantage: normalizedfitness
M: 4
lambda: 10
epsilon_svgd: 0.025
gamma: 0.01
decay_start_ratio: 0.3
decay_min_factor: 0.3
bandwith_kernel: None
no_interact: False
avg_score: -497.3999938964844
median_score: -496.0
std_score: 47.79874038696289
percentiles: 2%=-591.02001953125, 5%=-579.2999877929688, 10%=-553.2000122070312, 25%=-532.5, 50%=-496.0, 75%=-463.5, 90%=-429.8999938964844, 95%=-420.8500061035156, 98%=-414.97998046875
ranking_best_algo: Tabu
ranking_best_score: 588.7199999999999
ranking_my_rank: 260/503 (48.5%)
ranking_my_percent: 48.508946322067594
