ConfigName: kjsd__advperagentrankweighted__M5__L10__eps0p005__g0p003__ds0p2__dm0p2
Problem: QUBO
Kernel: jsd
Advantage: peragentrankweighted
M: 5
lambda: 10
epsilon_svgd: 0.005
gamma: 0.003
decay_start_ratio: 0.2
decay_min_factor: 0.2
bandwith_kernel: None
no_interact: False
avg_score: -295.760009765625
median_score: -297.0
std_score: 38.7523193359375
percentiles: 2%=-382.0400085449219, 5%=-372.20001220703125, 10%=-344.20001220703125, 25%=-323.0, 50%=-297.0, 75%=-265.75, 90%=-246.89999389648438, 95%=-238.0, 98%=-232.94000244140625
ranking_best_algo: CMApara
ranking_best_score: 319.29999999999995
ranking_my_rank: 262/504 (48.2%)
ranking_my_percent: 48.214285714285715
