ConfigName: krbf__advnormalizedfitness__M2__L9__eps0p02__g0p005__ds0p01__dm0p01
Problem: QUBO
Kernel: rbf
Advantage: normalizedfitness
M: 2
lambda: 9
epsilon_svgd: 0.02
gamma: 0.005
decay_start_ratio: 0.01
decay_min_factor: 0.01
bandwith_kernel: None
no_interact: False
avg_score: -1295.719970703125
median_score: -1293.5
std_score: 54.47661209106445
percentiles: 2%=-1405.239990234375, 5%=-1380.300048828125, 10%=-1363.4000244140625, 25%=-1335.5, 50%=-1293.5, 75%=-1257.0, 90%=-1226.800048828125, 95%=-1197.0, 98%=-1187.9000244140625
ranking_best_algo: BigLognormalDiscreteOnePlusOne
ranking_best_score: 1301.3600000000004
ranking_my_rank: 2/504 (99.8%)
ranking_my_percent: 99.8015873015873
