ConfigName: krbf__advnormalizedfitness__M3__L8__eps0p015__g0p007__ds0p3__dm0p3
Problem: NK
Kernel: rbf
Advantage: normalizedfitness
M: 3
lambda: 8
epsilon_svgd: 0.015
gamma: 0.007
decay_start_ratio: 0.3
decay_min_factor: 0.3
bandwith_kernel: None
no_interact: False
avg_score: 0.7369497418403625
median_score: 0.7379851341247559
std_score: 0.008168780244886875
percentiles: 2%=0.7215090990066528, 5%=0.7229315042495728, 10%=0.7244622707366943, 25%=0.7316669821739197, 50%=0.7379851341247559, 75%=0.7432206869125366, 90%=0.7462311387062073, 95%=0.7476149201393127, 98%=0.7505989074707031
ranking_best_algo: PBIL
ranking_best_score: 0.730509098125
ranking_my_rank: 1/504 (100.0%)
ranking_my_percent: 100.0
