ConfigName: kfr__advglobalrankweighted__M4__L12__eps0p01__g0p005__ds0p01__dm0p01
Problem: QUBO
Kernel: fr
Advantage: globalrankweighted
M: 4
lambda: 12
epsilon_svgd: 0.01
gamma: 0.005
decay_start_ratio: 0.01
decay_min_factor: 0.01
bandwith_kernel: None
no_interact: False
avg_score: -1169.5999755859375
median_score: -1165.5
std_score: 66.52533721923828
percentiles: 2%=-1282.280029296875, 5%=-1273.300048828125, 10%=-1256.300048828125, 25%=-1214.0, 50%=-1165.5, 75%=-1129.5, 90%=-1084.0, 95%=-1063.9000244140625, 98%=-1028.8800048828125
ranking_best_algo: Tabu
ranking_best_score: 1216.16
ranking_my_rank: 91/504 (82.1%)
ranking_my_percent: 82.14285714285714
