ConfigName: kjsd__advperagentrankweighted__M5__L10__eps0p005__g0p0005__ds0p3__dm0p05
Problem: NK
Kernel: jsd
Advantage: peragentrankweighted
M: 5
lambda: 10
epsilon_svgd: 0.005
gamma: 0.0005
decay_start_ratio: 0.3
decay_min_factor: 0.05
bandwith_kernel: None
no_interact: False
avg_score: 0.7474539279937744
median_score: 0.747569739818573
std_score: 0.009759959764778614
percentiles: 2%=0.7313919067382812, 5%=0.7328128218650818, 10%=0.7357712984085083, 25%=0.7404813170433044, 50%=0.747569739818573, 75%=0.7545578479766846, 90%=0.76117342710495, 95%=0.7634302377700806, 98%=0.7669287919998169
ranking_best_algo: PBIL
ranking_best_score: 0.733570253046875
ranking_my_rank: 1/504 (100.0%)
ranking_my_percent: 100.0
