ConfigName: kjsd__advperagentrankweighted__M5__L8__eps0p005__g0p0005__ds0p05__dm0p05
Problem: NK
Kernel: jsd
Advantage: peragentrankweighted
M: 5
lambda: 8
epsilon_svgd: 0.005
gamma: 0.0005
decay_start_ratio: 0.05
decay_min_factor: 0.05
bandwith_kernel: None
no_interact: False
avg_score: 0.7564694285392761
median_score: 0.7544163465499878
std_score: 0.012902414426207542
percentiles: 2%=0.7351140379905701, 5%=0.7366833090782166, 10%=0.7403350472450256, 25%=0.7474700212478638, 50%=0.7544163465499878, 75%=0.7677115201950073, 90%=0.7741352915763855, 95%=0.7774982452392578, 98%=0.7813512086868286
ranking_best_algo: Tabu
ranking_best_score: 0.7470791764843752
ranking_my_rank: 1/504 (100.0%)
ranking_my_percent: 100.0
