ConfigName: krbf__advnormalizedfitness__M3__L12__eps0p015__g0p005__ds0p01__dm0p3
Problem: NK
Kernel: rbf
Advantage: normalizedfitness
M: 3
lambda: 12
epsilon_svgd: 0.015
gamma: 0.005
decay_start_ratio: 0.01
decay_min_factor: 0.3
bandwith_kernel: None
no_interact: False
avg_score: 0.7524780035018921
median_score: 0.7514083385467529
std_score: 0.013936235569417477
percentiles: 2%=0.7249351143836975, 5%=0.7331776022911072, 10%=0.7352838516235352, 25%=0.7419562339782715, 50%=0.7514083385467529, 75%=0.7616203427314758, 90%=0.7721996307373047, 95%=0.774176299571991, 98%=0.7832596898078918
ranking_best_algo: Tabu
ranking_best_score: 0.7470791764843752
ranking_my_rank: 1/504 (100.0%)
ranking_my_percent: 100.0
