ConfigName: kjsd__advperagentrankweighted__M3__L30__eps0p005__g0p0005__ds0p05__dm0p2
Problem: QUBO
Kernel: jsd
Advantage: peragentrankweighted
M: 3
lambda: 30
epsilon_svgd: 0.005
gamma: 0.0005
decay_start_ratio: 0.05
decay_min_factor: 0.2
bandwith_kernel: None
no_interact: False
avg_score: -3266.10009765625
median_score: -3267.0
std_score: 103.1103744506836
percentiles: 2%=-3443.219970703125, 5%=-3429.25, 10%=-3404.199951171875, 25%=-3340.25, 50%=-3267.0, 75%=-3205.5, 90%=-3129.39990234375, 95%=-3107.550048828125, 98%=-3062.47998046875
ranking_best_algo: RLSOnePlusOne
ranking_best_score: 3316.5199999999995
ranking_my_rank: 13/504 (97.6%)
ranking_my_percent: 97.61904761904762
