ConfigName: krbf__advnormalizedfitness__M3__L15__eps0p033__g0p01__ds0p01__dm0p3
Problem: QUBO
Kernel: rbf
Advantage: normalizedfitness
M: 3
lambda: 15
epsilon_svgd: 0.033
gamma: 0.01
decay_start_ratio: 0.01
decay_min_factor: 0.3
bandwith_kernel: None
no_interact: False
avg_score: -2249.659912109375
median_score: -2256.5
std_score: 190.9583282470703
percentiles: 2%=-2619.219970703125, 5%=-2538.14990234375, 10%=-2484.10009765625, 25%=-2405.0, 50%=-2256.5, 75%=-2110.75, 90%=-1982.7000732421875, 95%=-1936.6500244140625, 98%=-1916.459716796875
ranking_best_algo: SVM1MetaModelLogNormal
ranking_best_score: 2605.14
ranking_my_rank: 173/504 (65.9%)
ranking_my_percent: 65.87301587301587
