ConfigName: kjsd__advperagentrankweighted__M5__L8__eps0p01__g0p0005__ds0p4__dm0p05
Problem: NK
Kernel: jsd
Advantage: peragentrankweighted
M: 5
lambda: 8
epsilon_svgd: 0.01
gamma: 0.0005
decay_start_ratio: 0.4
decay_min_factor: 0.05
bandwith_kernel: None
no_interact: False
avg_score: 0.7370344400405884
median_score: 0.7369703054428101
std_score: 0.014834340661764145
percentiles: 2%=0.7106106281280518, 5%=0.7132099270820618, 10%=0.7168536186218262, 25%=0.7274245023727417, 50%=0.7369703054428101, 75%=0.7461602687835693, 90%=0.7553620338439941, 95%=0.759023129940033, 98%=0.7688796520233154
ranking_best_algo: Tabu
ranking_best_score: 0.7601875690625
ranking_my_rank: 20/504 (96.2%)
ranking_my_percent: 96.23015873015873
