ConfigName: kjsd__advperagentrankweighted__M3__L24__eps0p005__g0p0005__ds0p2__dm0p1
Problem: QUBO
Kernel: jsd
Advantage: peragentrankweighted
M: 3
lambda: 24
epsilon_svgd: 0.005
gamma: 0.0005
decay_start_ratio: 0.2
decay_min_factor: 0.1
bandwith_kernel: None
no_interact: False
avg_score: -575.760009765625
median_score: -575.0
std_score: 28.3693904876709
percentiles: 2%=-631.280029296875, 5%=-620.0499877929688, 10%=-615.0999755859375, 25%=-591.25, 50%=-575.0, 75%=-561.75, 90%=-542.0999755859375, 95%=-526.75, 98%=-519.0
ranking_best_algo: Tabu
ranking_best_score: 588.7199999999999
ranking_my_rank: 57/503 (88.9%)
ranking_my_percent: 88.86679920477137
