ConfigName: kjsd__advperagentrankweighted__M3__L20__eps0p005__g0p0007__ds0p05__dm0p1
Problem: QUBO
Kernel: jsd
Advantage: peragentrankweighted
M: 3
lambda: 20
epsilon_svgd: 0.005
gamma: 0.0007
decay_start_ratio: 0.05
decay_min_factor: 0.1
bandwith_kernel: None
no_interact: False
avg_score: -413.8399963378906
median_score: -415.5
std_score: 27.54295539855957
percentiles: 2%=-471.1199951171875, 5%=-457.0, 10%=-452.0, 25%=-430.0, 50%=-415.5, 75%=-393.5, 90%=-377.6000061035156, 95%=-366.0, 98%=-363.94000244140625
ranking_best_algo: Tabu
ranking_best_score: 438.12
ranking_my_rank: 57/504 (88.9%)
ranking_my_percent: 88.88888888888889
