ConfigName: krbf__advnormalizedfitness__M4__L10__eps0p03__g0p005__ds0p15__dm0p05
Problem: QUBO
Kernel: rbf
Advantage: normalizedfitness
M: 4
lambda: 10
epsilon_svgd: 0.03
gamma: 0.005
decay_start_ratio: 0.15
decay_min_factor: 0.05
bandwith_kernel: None
no_interact: False
avg_score: -310.8999938964844
median_score: -311.0
std_score: 38.52155303955078
percentiles: 2%=-394.0799865722656, 5%=-388.0, 10%=-357.20001220703125, 25%=-336.5, 50%=-311.0, 75%=-276.75, 90%=-264.0, 95%=-262.0, 98%=-253.97999572753906
ranking_best_algo: CMApara
ranking_best_score: 319.29999999999995
ranking_my_rank: 40/504 (92.3%)
ranking_my_percent: 92.26190476190476
