ConfigName: kjsd__advperagentrankweighted__M5__L12__eps0p03__g0p0003__ds0p2__dm0p05
Problem: QUBO
Kernel: jsd
Advantage: peragentrankweighted
M: 5
lambda: 12
epsilon_svgd: 0.03
gamma: 0.0003
decay_start_ratio: 0.2
decay_min_factor: 0.05
bandwith_kernel: None
no_interact: False
avg_score: -918.719970703125
median_score: -921.0
std_score: 63.343360900878906
percentiles: 2%=-1047.260009765625, 5%=-1024.050048828125, 10%=-1009.0999755859375, 25%=-958.0, 50%=-921.0, 75%=-875.25, 90%=-838.9000244140625, 95%=-830.0, 98%=-782.9199829101562
ranking_best_algo: CMApara
ranking_best_score: 964.9
ranking_my_rank: 64/504 (87.5%)
ranking_my_percent: 87.5
