ConfigName: kjsd__advperagentrankweighted__M5__L24__eps0p007__g0p0005__ds0p05__dm0p05
Problem: NK
Kernel: jsd
Advantage: peragentrankweighted
M: 5
lambda: 24
epsilon_svgd: 0.007
gamma: 0.0005
decay_start_ratio: 0.05
decay_min_factor: 0.05
bandwith_kernel: None
no_interact: False
avg_score: 0.7457954287528992
median_score: 0.7464702725410461
std_score: 0.010141261853277683
percentiles: 2%=0.7224900722503662, 5%=0.7308650016784668, 10%=0.7344817519187927, 25%=0.7392032146453857, 50%=0.7464702725410461, 75%=0.7521044015884399, 90%=0.7590147852897644, 95%=0.7629183530807495, 98%=0.7666043639183044
ranking_best_algo: PBIL
ranking_best_score: 0.733570253046875
ranking_my_rank: 1/504 (100.0%)
ranking_my_percent: 100.0
