ConfigName: kjsd__advperagentrankweighted__M3__L30__eps0p005__g0p001__ds0p05__dm0p2
Problem: NK
Kernel: jsd
Advantage: peragentrankweighted
M: 3
lambda: 30
epsilon_svgd: 0.005
gamma: 0.001
decay_start_ratio: 0.05
decay_min_factor: 0.2
bandwith_kernel: None
no_interact: False
avg_score: 0.7108440399169922
median_score: 0.7109535932540894
std_score: 0.015330608934164047
percentiles: 2%=0.6731359362602234, 5%=0.6737536787986755, 10%=0.6969670057296753, 25%=0.7074682116508484, 50%=0.7109535932540894, 75%=0.7196811437606812, 90%=0.7255440950393677, 95%=0.7328972220420837, 98%=0.7344768047332764
ranking_best_algo: CMApara
ranking_best_score: 0.707475975
ranking_my_rank: 1/504 (100.0%)
ranking_my_percent: 100.0
