ConfigName: kjsd__advperagentrankweighted__M3__L16__eps0p005__g0p0007__ds0p05__dm0p2
Problem: QUBO
Kernel: jsd
Advantage: peragentrankweighted
M: 3
lambda: 16
epsilon_svgd: 0.005
gamma: 0.0007
decay_start_ratio: 0.05
decay_min_factor: 0.2
bandwith_kernel: None
no_interact: False
avg_score: -438.6400146484375
median_score: -441.5
std_score: 30.06443977355957
percentiles: 2%=-489.0, 5%=-488.04998779296875, 10%=-475.3999938964844, 25%=-463.5, 50%=-441.5, 75%=-416.0, 90%=-394.8999938964844, 95%=-391.95001220703125, 98%=-388.8999938964844
ranking_best_algo: CMApara
ranking_best_score: 453.82
ranking_my_rank: 19/504 (96.4%)
ranking_my_percent: 96.42857142857143
