ConfigName: krbf__advnormalizedfitness__M4__L15__eps0p033__g0p005__ds0p3__dm0p01
Problem: QUBO
Kernel: rbf
Advantage: normalizedfitness
M: 4
lambda: 15
epsilon_svgd: 0.033
gamma: 0.005
decay_start_ratio: 0.3
decay_min_factor: 0.01
bandwith_kernel: None
no_interact: False
avg_score: -2499.89990234375
median_score: -2489.0
std_score: 162.65237426757812
percentiles: 2%=-2825.260009765625, 5%=-2786.550048828125, 10%=-2717.300048828125, 25%=-2631.25, 50%=-2489.0, 75%=-2371.5, 90%=-2312.199951171875, 95%=-2215.89990234375, 98%=-2173.89990234375
ranking_best_algo: DiscreteLengler2OnePlusOne
ranking_best_score: 2617.04
ranking_my_rank: 72/504 (85.9%)
ranking_my_percent: 85.91269841269842
