ConfigName: krbf__advnormalizedfitness__M3__L10__eps0p025__g0p01__ds0p3__dm0p01
Problem: QUBO
Kernel: rbf
Advantage: normalizedfitness
M: 3
lambda: 10
epsilon_svgd: 0.025
gamma: 0.01
decay_start_ratio: 0.3
decay_min_factor: 0.01
bandwith_kernel: None
no_interact: False
avg_score: -575.6199951171875
median_score: -574.5
std_score: 28.824565887451172
percentiles: 2%=-623.0800170898438, 5%=-619.0999755859375, 10%=-613.0, 25%=-598.25, 50%=-574.5, 75%=-554.75, 90%=-541.5999755859375, 95%=-529.8500366210938, 98%=-513.8399658203125
ranking_best_algo: Tabu
ranking_best_score: 588.7199999999999
ranking_my_rank: 57/503 (88.9%)
ranking_my_percent: 88.86679920477137
