ConfigName: krbf__advnormalizedfitness__M2__L6__eps0p01__g0p006__ds0p3__dm0p3
Problem: QUBO
Kernel: rbf
Advantage: normalizedfitness
M: 2
lambda: 6
epsilon_svgd: 0.01
gamma: 0.006
decay_start_ratio: 0.3
decay_min_factor: 0.3
bandwith_kernel: None
no_interact: False
avg_score: -425.6600036621094
median_score: -426.0
std_score: 29.252765655517578
percentiles: 2%=-481.0, 5%=-479.0, 10%=-461.20001220703125, 25%=-445.25, 50%=-426.0, 75%=-406.5, 90%=-386.8999938964844, 95%=-373.7500305175781, 98%=-366.91998291015625
ranking_best_algo: CMAL3
ranking_best_score: 435.36
ranking_my_rank: 26/504 (95.0%)
ranking_my_percent: 95.03968253968254
