ConfigName: kjsd__advperagentrankweighted__M4__L20__eps0p007__g0p0005__ds0p1__dm0p2
Problem: NK
Kernel: jsd
Advantage: peragentrankweighted
M: 4
lambda: 20
epsilon_svgd: 0.007
gamma: 0.0005
decay_start_ratio: 0.1
decay_min_factor: 0.2
bandwith_kernel: None
no_interact: False
avg_score: 0.7564610242843628
median_score: 0.7554639577865601
std_score: 0.011523190885782242
percentiles: 2%=0.736484706401825, 5%=0.7379053831100464, 10%=0.7395321130752563, 25%=0.7489482164382935, 50%=0.7554639577865601, 75%=0.7639092803001404, 90%=0.7727215886116028, 95%=0.7755504846572876, 98%=0.7767830491065979
ranking_best_algo: Tabu
ranking_best_score: 0.7470791764843752
ranking_my_rank: 1/504 (100.0%)
ranking_my_percent: 100.0
