ConfigName: krbf__advnormalizedfitness__M3__L10__eps0p015__g0p01__ds0p15__dm0p3
Problem: QUBO
Kernel: rbf
Advantage: normalizedfitness
M: 3
lambda: 10
epsilon_svgd: 0.015
gamma: 0.01
decay_start_ratio: 0.15
decay_min_factor: 0.3
bandwith_kernel: None
no_interact: False
avg_score: -139.16000366210938
median_score: -139.5
std_score: 10.995198249816895
percentiles: 2%=-159.0, 5%=-158.0, 10%=-156.0, 25%=-146.0, 50%=-139.5, 75%=-130.75, 90%=-125.9000015258789, 95%=-123.0, 98%=-118.89997863769531
ranking_best_algo: DiscreteDE
ranking_best_score: 143.4
ranking_my_rank: 86/504 (83.1%)
ranking_my_percent: 83.13492063492063
