ConfigName: krbf__advnormalizedfitness__M4__L8__eps0p015__g0p01__ds0p01__dm0p3
Problem: QUBO
Kernel: rbf
Advantage: normalizedfitness
M: 4
lambda: 8
epsilon_svgd: 0.015
gamma: 0.01
decay_start_ratio: 0.01
decay_min_factor: 0.3
bandwith_kernel: None
no_interact: False
avg_score: -377.5799865722656
median_score: -378.0
std_score: 36.21303176879883
percentiles: 2%=-451.0400085449219, 5%=-439.0, 10%=-424.1000061035156, 25%=-403.25, 50%=-378.0, 75%=-350.5, 90%=-332.8999938964844, 95%=-324.6500244140625, 98%=-315.0
ranking_best_algo: CMAL3
ranking_best_score: 435.36
ranking_my_rank: 316/504 (37.5%)
ranking_my_percent: 37.5
