ConfigName: krbf__advnormalizedfitness__M3__L15__eps0p033__g0p015__ds0p3__dm0p01
Problem: QUBO
Kernel: rbf
Advantage: normalizedfitness
M: 3
lambda: 15
epsilon_svgd: 0.033
gamma: 0.015
decay_start_ratio: 0.3
decay_min_factor: 0.01
bandwith_kernel: None
no_interact: False
avg_score: -311.3999938964844
median_score: -311.0
std_score: 40.787254333496094
percentiles: 2%=-394.1199951171875, 5%=-388.1000061035156, 10%=-362.0, 25%=-340.5, 50%=-311.0, 75%=-274.0, 90%=-262.8999938964844, 95%=-256.0, 98%=-247.95999145507812
ranking_best_algo: CMApara
ranking_best_score: 319.29999999999995
ranking_my_rank: 39/504 (92.5%)
ranking_my_percent: 92.46031746031746
