ConfigName: kjsd__advperagentrankweighted__M3__L18__eps0p005__g0p0007__ds0p05__dm0p2
Problem: QUBO
Kernel: jsd
Advantage: peragentrankweighted
M: 3
lambda: 18
epsilon_svgd: 0.005
gamma: 0.0007
decay_start_ratio: 0.05
decay_min_factor: 0.2
bandwith_kernel: None
no_interact: False
avg_score: -1308.8800048828125
median_score: -1302.0
std_score: 59.45389175415039
percentiles: 2%=-1438.0400390625, 5%=-1413.699951171875, 10%=-1385.4000244140625, 25%=-1350.5, 50%=-1302.0, 75%=-1267.0, 90%=-1244.9000244140625, 95%=-1218.9000244140625, 98%=-1198.47998046875
ranking_best_algo: BigLognormalDiscreteOnePlusOne
ranking_best_score: 1301.3600000000004
ranking_my_rank: 1/504 (100.0%)
ranking_my_percent: 100.0
