ConfigName: kjsd__advperagentrankweighted__M4__L12__eps0p005__g0p0003__ds0p05__dm0p05
Problem: NK
Kernel: jsd
Advantage: peragentrankweighted
M: 4
lambda: 12
epsilon_svgd: 0.005
gamma: 0.0003
decay_start_ratio: 0.05
decay_min_factor: 0.05
bandwith_kernel: None
no_interact: False
avg_score: 0.734875500202179
median_score: 0.7351483106613159
std_score: 0.009240193292498589
percentiles: 2%=0.7168499231338501, 5%=0.7190892696380615, 10%=0.7227542996406555, 25%=0.7270467281341553, 50%=0.7351483106613159, 75%=0.742289662361145, 90%=0.7467866539955139, 95%=0.7491371631622314, 98%=0.7505053281784058
ranking_best_algo: PBIL
ranking_best_score: 0.730509098125
ranking_my_rank: 1/504 (100.0%)
ranking_my_percent: 100.0
