ConfigName: krbf__advnormalizedfitness__M2__L8__eps0p015__g0p007__ds0p15__dm0p01
Problem: QUBO
Kernel: rbf
Advantage: normalizedfitness
M: 2
lambda: 8
epsilon_svgd: 0.015
gamma: 0.007
decay_start_ratio: 0.15
decay_min_factor: 0.01
bandwith_kernel: None
no_interact: False
avg_score: -2621.820068359375
median_score: -2611.5
std_score: 123.83863830566406
percentiles: 2%=-2919.340087890625, 5%=-2841.550048828125, 10%=-2768.10009765625, 25%=-2698.5, 50%=-2611.5, 75%=-2531.0, 90%=-2464.5, 95%=-2444.449951171875, 98%=-2415.9599609375
ranking_best_algo: DiscreteLengler2OnePlusOne
ranking_best_score: 2617.04
ranking_my_rank: 1/504 (100.0%)
ranking_my_percent: 100.0
