ConfigName: kjsd__advperagentrankweighted__M5__L8__eps0p03__g0p0003__ds0p2__dm0p05
Problem: QUBO
Kernel: jsd
Advantage: peragentrankweighted
M: 5
lambda: 8
epsilon_svgd: 0.03
gamma: 0.0003
decay_start_ratio: 0.2
decay_min_factor: 0.05
bandwith_kernel: None
no_interact: False
avg_score: -136.44000244140625
median_score: -137.0
std_score: 11.461518287658691
percentiles: 2%=-157.02000427246094, 5%=-155.0, 10%=-152.10000610351562, 25%=-144.25, 50%=-137.0, 75%=-127.0, 90%=-121.0, 95%=-119.0, 98%=-118.83999633789062
ranking_best_algo: DiscreteDE
ranking_best_score: 143.4
ranking_my_rank: 212/504 (58.1%)
ranking_my_percent: 58.13492063492063
