ConfigName: kjsd__advperagentrankweighted__M8__L12__eps0p005__g0p0005__ds0p05__dm0p05
Problem: NK
Kernel: jsd
Advantage: peragentrankweighted
M: 8
lambda: 12
epsilon_svgd: 0.005
gamma: 0.0005
decay_start_ratio: 0.05
decay_min_factor: 0.05
bandwith_kernel: None
no_interact: False
avg_score: 0.7461574077606201
median_score: 0.7423104643821716
std_score: 0.027385156601667404
percentiles: 2%=0.7056400775909424, 5%=0.7104042768478394, 10%=0.7164182662963867, 25%=0.7239833474159241, 50%=0.7423104643821716, 75%=0.7601335048675537, 90%=0.7783373594284058, 95%=0.8046931028366089, 98%=0.8118547797203064
ranking_best_algo: CMApara
ranking_best_score: 0.7459277895312499
ranking_my_rank: 1/504 (100.0%)
ranking_my_percent: 100.0
