ConfigName: kjsd__advperagentrankweighted__M4__L12__eps0p005__g0p001__ds0p05__dm0p05
Problem: QUBO
Kernel: jsd
Advantage: peragentrankweighted
M: 4
lambda: 12
epsilon_svgd: 0.005
gamma: 0.001
decay_start_ratio: 0.05
decay_min_factor: 0.05
bandwith_kernel: None
no_interact: False
avg_score: -938.0599975585938
median_score: -933.0
std_score: 64.28450012207031
percentiles: 2%=-1074.0400390625, 5%=-1044.949951171875, 10%=-1026.0, 25%=-984.75, 50%=-933.0, 75%=-888.5, 90%=-857.7000122070312, 95%=-838.9000244140625, 98%=-830.8800048828125
ranking_best_algo: CMApara
ranking_best_score: 964.9
ranking_my_rank: 7/504 (98.8%)
ranking_my_percent: 98.80952380952381
