ConfigName: krbf__advnormalizedfitness__M4__L12__eps0p033__g0p007__ds0p15__dm0p01
Problem: NK
Kernel: rbf
Advantage: normalizedfitness
M: 4
lambda: 12
epsilon_svgd: 0.033
gamma: 0.007
decay_start_ratio: 0.15
decay_min_factor: 0.01
bandwith_kernel: None
no_interact: False
avg_score: 0.7063971161842346
median_score: 0.7093522548675537
std_score: 0.011876915581524372
percentiles: 2%=0.6868798136711121, 5%=0.6892169713973999, 10%=0.6907798051834106, 25%=0.69476717710495, 50%=0.7093522548675537, 75%=0.7166289687156677, 90%=0.7203537225723267, 95%=0.7224218845367432, 98%=0.7233908176422119
ranking_best_algo: PBIL
ranking_best_score: 0.7013553837109374
ranking_my_rank: 1/504 (100.0%)
ranking_my_percent: 100.0
