ConfigName: kjsd__advperagentrankweighted__M3__L18__eps0p01__g0p0005__ds0p2__dm0p1
Problem: NK
Kernel: jsd
Advantage: peragentrankweighted
M: 3
lambda: 18
epsilon_svgd: 0.01
gamma: 0.0005
decay_start_ratio: 0.2
decay_min_factor: 0.1
bandwith_kernel: None
no_interact: False
avg_score: 0.7515773177146912
median_score: 0.7518959045410156
std_score: 0.012523813173174858
percentiles: 2%=0.726294994354248, 5%=0.7336154580116272, 10%=0.7378302216529846, 25%=0.7421400547027588, 50%=0.7518959045410156, 75%=0.7580424547195435, 90%=0.7694743275642395, 95%=0.7741812467575073, 98%=0.775030255317688
ranking_best_algo: Tabu
ranking_best_score: 0.7470791764843752
ranking_my_rank: 1/504 (100.0%)
ranking_my_percent: 100.0
