ConfigName: kjsd__advperagentrankweighted__M3__L30__eps0p007__g0p0005__ds0p05__dm0p1
Problem: NK
Kernel: jsd
Advantage: peragentrankweighted
M: 3
lambda: 30
epsilon_svgd: 0.007
gamma: 0.0005
decay_start_ratio: 0.05
decay_min_factor: 0.1
bandwith_kernel: None
no_interact: False
avg_score: 0.711387038230896
median_score: 0.6985580325126648
std_score: 0.031242987141013145
percentiles: 2%=0.6748173236846924, 5%=0.6751645803451538, 10%=0.6785765886306763, 25%=0.6824496388435364, 50%=0.6985580325126648, 75%=0.7467460632324219, 90%=0.7523941993713379, 95%=0.7613165378570557, 98%=0.7613165378570557
ranking_best_algo: CMApara
ranking_best_score: 0.7118996098437498
ranking_my_rank: 2/504 (99.8%)
ranking_my_percent: 99.8015873015873
