ConfigName: krbf__advnormalizedfitness__M1__L8__eps0p015__g0p015__ds0p15__dm0p3
Problem: NK
Kernel: rbf
Advantage: normalizedfitness
M: 1
lambda: 8
epsilon_svgd: 0.015
gamma: 0.015
decay_start_ratio: 0.15
decay_min_factor: 0.3
bandwith_kernel: None
no_interact: False
avg_score: 0.7359243035316467
median_score: 0.7351967096328735
std_score: 0.01490410603582859
percentiles: 2%=0.7093108296394348, 5%=0.7124520540237427, 10%=0.7169517278671265, 25%=0.7250279784202576, 50%=0.7351967096328735, 75%=0.7452794313430786, 90%=0.7533389329910278, 95%=0.7602801322937012, 98%=0.7696108222007751
ranking_best_algo: Tabu
ranking_best_score: 0.7601875690625
ranking_my_rank: 24/504 (95.4%)
ranking_my_percent: 95.43650793650794
