ConfigName: kjsd__advperagentrankweighted__M4__L12__eps0p005__g0p0003__ds0p2__dm0p05
Problem: QUBO
Kernel: jsd
Advantage: peragentrankweighted
M: 4
lambda: 12
epsilon_svgd: 0.005
gamma: 0.0003
decay_start_ratio: 0.2
decay_min_factor: 0.05
bandwith_kernel: None
no_interact: False
avg_score: -310.239990234375
median_score: -310.0
std_score: 40.069217681884766
percentiles: 2%=-396.0400085449219, 5%=-392.1000061035156, 10%=-359.79998779296875, 25%=-336.5, 50%=-310.0, 75%=-273.5, 90%=-264.0, 95%=-260.8999938964844, 98%=-256.739990234375
ranking_best_algo: CMApara
ranking_best_score: 319.29999999999995
ranking_my_rank: 62/504 (87.9%)
ranking_my_percent: 87.89682539682539
