ConfigName: krbf__advnormalizedfitness__M3__L8__eps0p025__g0p001__ds0p05__dm0p05
Problem: QUBO
Kernel: rbf
Advantage: normalizedfitness
M: 3
lambda: 8
epsilon_svgd: 0.025
gamma: 0.001
decay_start_ratio: 0.05
decay_min_factor: 0.05
bandwith_kernel: None
no_interact: False
avg_score: -549.6400146484375
median_score: -550.0
std_score: 30.130887985229492
percentiles: 2%=-615.0399780273438, 5%=-599.2000122070312, 10%=-588.0999755859375, 25%=-567.0, 50%=-550.0, 75%=-531.0, 90%=-506.8999938964844, 95%=-494.95001220703125, 98%=-491.8399963378906
ranking_best_algo: Tabu
ranking_best_score: 588.7199999999999
ranking_my_rank: 154/503 (69.6%)
ranking_my_percent: 69.58250497017893
