ConfigName: krbf__advnormalizedfitness__M3__L10__eps0p015__g0p01__ds0p15__dm0p3
Problem: NK
Kernel: rbf
Advantage: normalizedfitness
M: 3
lambda: 10
epsilon_svgd: 0.015
gamma: 0.01
decay_start_ratio: 0.15
decay_min_factor: 0.3
bandwith_kernel: None
no_interact: False
avg_score: 0.7088350653648376
median_score: 0.7104364037513733
std_score: 0.015391454100608826
percentiles: 2%=0.6684430837631226, 5%=0.6694289445877075, 10%=0.6956942677497864, 25%=0.7057361602783203, 50%=0.7104364037513733, 75%=0.7177550792694092, 90%=0.7238601446151733, 95%=0.7296797633171082, 98%=0.7306827306747437
ranking_best_algo: CMApara
ranking_best_score: 0.707475975
ranking_my_rank: 1/504 (100.0%)
ranking_my_percent: 100.0
