ConfigName: krbf__advnormalizedfitness__M3__L12__eps0p015__g0p007__ds0p15__dm0p3
Problem: QUBO
Kernel: rbf
Advantage: normalizedfitness
M: 3
lambda: 12
epsilon_svgd: 0.015
gamma: 0.007
decay_start_ratio: 0.15
decay_min_factor: 0.3
bandwith_kernel: None
no_interact: False
avg_score: -2518.56005859375
median_score: -2506.0
std_score: 272.09521484375
percentiles: 2%=-3032.52001953125, 5%=-2957.0, 10%=-2869.300048828125, 25%=-2770.75, 50%=-2506.0, 75%=-2291.5, 90%=-2169.800048828125, 95%=-2128.800048828125, 98%=-2015.639892578125
ranking_best_algo: RLSOnePlusOne
ranking_best_score: 3316.5199999999995
ranking_my_rank: 213/504 (57.9%)
ranking_my_percent: 57.93650793650794
