ConfigName: krbf__advnormalizedfitness__M4__L15__eps0p025__g0p005__ds0p01__dm0p01
Problem: QUBO
Kernel: rbf
Advantage: normalizedfitness
M: 4
lambda: 15
epsilon_svgd: 0.025
gamma: 0.005
decay_start_ratio: 0.01
decay_min_factor: 0.01
bandwith_kernel: None
no_interact: False
avg_score: -427.3999938964844
median_score: -423.5
std_score: 27.738780975341797
percentiles: 2%=-485.0, 5%=-475.20001220703125, 10%=-464.29998779296875, 25%=-447.0, 50%=-423.5, 75%=-412.5, 90%=-390.70001220703125, 95%=-383.8000183105469, 98%=-377.7999572753906
ranking_best_algo: CMAL3
ranking_best_score: 435.36
ranking_my_rank: 19/504 (96.4%)
ranking_my_percent: 96.42857142857143
