ConfigName: krbf__advnormalizedfitness__M1__L10__eps0p015__g0p007__ds0p15__dm0p01
Problem: QUBO
Kernel: rbf
Advantage: normalizedfitness
M: 1
lambda: 10
epsilon_svgd: 0.015
gamma: 0.007
decay_start_ratio: 0.15
decay_min_factor: 0.01
bandwith_kernel: None
no_interact: False
avg_score: -414.79998779296875
median_score: -419.5
std_score: 32.86761474609375
percentiles: 2%=-477.0400085449219, 5%=-471.1000061035156, 10%=-450.79998779296875, 25%=-436.25, 50%=-419.5, 75%=-395.0, 90%=-366.0, 95%=-359.9000244140625, 98%=-351.91998291015625
ranking_best_algo: CMAL3
ranking_best_score: 435.36
ranking_my_rank: 109/504 (78.6%)
ranking_my_percent: 78.57142857142857
