ConfigName: krbf__advnormalizedfitness__M4__L15__eps0p025__g0p007__ds0p3__dm0p01
Problem: NK
Kernel: rbf
Advantage: normalizedfitness
M: 4
lambda: 15
epsilon_svgd: 0.025
gamma: 0.007
decay_start_ratio: 0.3
decay_min_factor: 0.01
bandwith_kernel: None
no_interact: False
avg_score: 0.7008896470069885
median_score: 0.7019873857498169
std_score: 0.011423037387430668
percentiles: 2%=0.6831198930740356, 5%=0.6844853758811951, 10%=0.6859760284423828, 25%=0.6899371147155762, 50%=0.7019873857498169, 75%=0.7108667492866516, 90%=0.7157324552536011, 95%=0.7183132767677307, 98%=0.7194744348526001
ranking_best_algo: PBIL
ranking_best_score: 0.7013553837109374
ranking_my_rank: 2/504 (99.8%)
ranking_my_percent: 99.8015873015873
