ConfigName: kjsd__advperagentrankweighted__M4__L20__eps0p005__g0p001__ds0p2__dm0p1
Problem: QUBO
Kernel: jsd
Advantage: peragentrankweighted
M: 4
lambda: 20
epsilon_svgd: 0.005
gamma: 0.001
decay_start_ratio: 0.2
decay_min_factor: 0.1
bandwith_kernel: None
no_interact: False
avg_score: -930.1799926757812
median_score: -926.0
std_score: 66.85347747802734
percentiles: 2%=-1074.0400390625, 5%=-1061.0999755859375, 10%=-1020.0, 25%=-970.25, 50%=-926.0, 75%=-884.25, 90%=-847.9000244140625, 95%=-830.9000244140625, 98%=-820.9600219726562
ranking_best_algo: CMApara
ranking_best_score: 964.9
ranking_my_rank: 19/504 (96.4%)
ranking_my_percent: 96.42857142857143
