ConfigName: krbf__advnormalizedfitness__M4__L8__eps0p025__g0p015__ds0p15__dm0p01
Problem: NK
Kernel: rbf
Advantage: normalizedfitness
M: 4
lambda: 8
epsilon_svgd: 0.025
gamma: 0.015
decay_start_ratio: 0.15
decay_min_factor: 0.01
bandwith_kernel: None
no_interact: False
avg_score: 0.702100932598114
median_score: 0.7038321495056152
std_score: 0.01196778193116188
percentiles: 2%=0.6822048425674438, 5%=0.6852375268936157, 10%=0.6868218779563904, 25%=0.6908241510391235, 50%=0.7038321495056152, 75%=0.7125855088233948, 90%=0.7170495390892029, 95%=0.7190261483192444, 98%=0.7210831642150879
ranking_best_algo: PBIL
ranking_best_score: 0.7013553837109374
ranking_my_rank: 1/504 (100.0%)
ranking_my_percent: 100.0
