ConfigName: kjsd__advperagentrankweighted__M3__L24__eps0p005__g0p001__ds0p05__dm0p05
Problem: QUBO
Kernel: jsd
Advantage: peragentrankweighted
M: 3
lambda: 24
epsilon_svgd: 0.005
gamma: 0.001
decay_start_ratio: 0.05
decay_min_factor: 0.05
bandwith_kernel: None
no_interact: False
avg_score: -1314.1400146484375
median_score: -1315.0
std_score: 59.91794967651367
percentiles: 2%=-1428.219970703125, 5%=-1405.4000244140625, 10%=-1386.0, 25%=-1356.25, 50%=-1315.0, 75%=-1270.25, 90%=-1237.9000244140625, 95%=-1214.800048828125, 98%=-1186.9599609375
ranking_best_algo: BigLognormalDiscreteOnePlusOne
ranking_best_score: 1301.3600000000004
ranking_my_rank: 1/504 (100.0%)
ranking_my_percent: 100.0
