ConfigName: krbf__advnormalizedfitness__M3__L10__eps0p033__g0p01__ds0p3__dm0p01
Problem: NK
Kernel: rbf
Advantage: normalizedfitness
M: 3
lambda: 10
epsilon_svgd: 0.033
gamma: 0.01
decay_start_ratio: 0.3
decay_min_factor: 0.01
bandwith_kernel: None
no_interact: False
avg_score: 0.73780357837677
median_score: 0.7387022972106934
std_score: 0.008555533364415169
percentiles: 2%=0.7207360863685608, 5%=0.722820520401001, 10%=0.7248818874359131, 25%=0.7322527170181274, 50%=0.7387022972106934, 75%=0.7451504468917847, 90%=0.7479943037033081, 95%=0.7500772476196289, 98%=0.7512335777282715
ranking_best_algo: PBIL
ranking_best_score: 0.730509098125
ranking_my_rank: 1/504 (100.0%)
ranking_my_percent: 100.0
