ConfigName: kjsd__advperagentrankweighted__M3__L16__eps0p007__g0p0005__ds0p05__dm0p2
Problem: QUBO
Kernel: jsd
Advantage: peragentrankweighted
M: 3
lambda: 16
epsilon_svgd: 0.007
gamma: 0.0005
decay_start_ratio: 0.05
decay_min_factor: 0.2
bandwith_kernel: None
no_interact: False
avg_score: -929.8400268554688
median_score: -932.0
std_score: 65.14502716064453
percentiles: 2%=-1058.3599853515625, 5%=-1048.0, 10%=-1015.0, 25%=-972.25, 50%=-932.0, 75%=-874.75, 90%=-853.7000122070312, 95%=-840.8499755859375, 98%=-804.97998046875
ranking_best_algo: CMApara
ranking_best_score: 964.9
ranking_my_rank: 19/504 (96.4%)
ranking_my_percent: 96.42857142857143
