ConfigName: krbf__advnormalizedfitness__M4__L15__eps0p015__g0p01__ds0p01__dm0p3
Problem: QUBO
Kernel: rbf
Advantage: normalizedfitness
M: 4
lambda: 15
epsilon_svgd: 0.015
gamma: 0.01
decay_start_ratio: 0.01
decay_min_factor: 0.3
bandwith_kernel: None
no_interact: False
avg_score: -136.39999389648438
median_score: -136.5
std_score: 14.459598541259766
percentiles: 2%=-175.0800018310547, 5%=-155.5, 10%=-152.10000610351562, 25%=-145.25, 50%=-136.5, 75%=-127.0, 90%=-117.0, 95%=-113.0, 98%=-109.97999572753906
ranking_best_algo: CMApara
ranking_best_score: 154.28
ranking_my_rank: 320/504 (36.7%)
ranking_my_percent: 36.70634920634921
