Problem: QUBO
Kernel: pk
Advantage: peragentrankweighted
M: 10
lambda: 7
epsilon_svgd: 0.007
gamma: 0.0001
bandwith_kernel: None
no_interact: False
avg_score: -1176.760009765625
median_score: -1172.0
std_score: 57.71137237548828
percentiles: 2%=-1321.0, 5%=-1288.5, 10%=-1255.0, 25%=-1212.0, 50%=-1172.0, 75%=-1139.5, 90%=-1110.9000244140625, 95%=-1093.949951171875, 98%=-1072.93994140625
ranking_best_algo: PPO-EDA
ranking_best_score: 1227.22
ranking_my_rank: 83/505 (83.8%)
