Problem: QUBO
Kernel: rbf
Advantage: peragentrankweighted
M: 5
lambda: 20
epsilon_svgd: 0.03
gamma: 0.0005
bandwith_kernel: None
no_interact: False
avg_score: -1191.4599609375
median_score: -1191.0
std_score: 60.894405364990234
percentiles: 2%=-1361.0, 5%=-1303.9000244140625, 10%=-1259.300048828125, 25%=-1222.5, 50%=-1191.0, 75%=-1157.5, 90%=-1113.5999755859375, 95%=-1092.949951171875, 98%=-1080.0
ranking_best_algo: PPO-EDA
ranking_best_score: 1227.22
ranking_my_rank: 51/505 (90.1%)
