ConfigName: kjsd__advperagentrankweighted__M4__L24__eps0p03__g0p0005__ds0p05__dm0p05
Problem: QUBO
Kernel: jsd
Advantage: peragentrankweighted
M: 4
lambda: 24
epsilon_svgd: 0.03
gamma: 0.0005
decay_start_ratio: 0.05
decay_min_factor: 0.05
bandwith_kernel: None
no_interact: False
avg_score: -912.8400268554688
median_score: -908.5
std_score: 67.81234741210938
percentiles: 2%=-1038.1600341796875, 5%=-1032.0, 10%=-1013.2000122070312, 25%=-959.75, 50%=-908.5, 75%=-858.0, 90%=-820.7999877929688, 95%=-812.9500122070312, 98%=-803.8200073242188
ranking_best_algo: CMAL3
ranking_best_score: 928.5800000000002
ranking_my_rank: 19/504 (96.4%)
ranking_my_percent: 96.42857142857143
