ConfigName: kjsd__advperagentrankweighted__M3__L20__eps0p007__g0p0007__ds0p2__dm0p1
Problem: QUBO
Kernel: jsd
Advantage: peragentrankweighted
M: 3
lambda: 20
epsilon_svgd: 0.007
gamma: 0.0007
decay_start_ratio: 0.2
decay_min_factor: 0.1
bandwith_kernel: None
no_interact: False
avg_score: -919.0800170898438
median_score: -925.5
std_score: 60.93154525756836
percentiles: 2%=-1028.260009765625, 5%=-1019.0499877929688, 10%=-991.5, 25%=-963.25, 50%=-925.5, 75%=-882.0, 90%=-832.0, 95%=-803.9500122070312, 98%=-792.8800048828125
ranking_best_algo: CMAL3
ranking_best_score: 928.5800000000002
ranking_my_rank: 10/504 (98.2%)
ranking_my_percent: 98.21428571428571
