ConfigName: kjsd__advperagentrankweighted__M3__L18__eps0p007__g0p003__ds0p2__dm0p2
Problem: NK
Kernel: jsd
Advantage: peragentrankweighted
M: 3
lambda: 18
epsilon_svgd: 0.007
gamma: 0.003
decay_start_ratio: 0.2
decay_min_factor: 0.2
bandwith_kernel: None
no_interact: False
avg_score: 0.7222586274147034
median_score: 0.7239322066307068
std_score: 0.011077811010181904
percentiles: 2%=0.6971837282180786, 5%=0.7006409168243408, 10%=0.7083902359008789, 25%=0.7148743271827698, 50%=0.7239322066307068, 75%=0.7302111983299255, 90%=0.735033392906189, 95%=0.7368459701538086, 98%=0.7419889569282532
ranking_best_algo: PBIL
ranking_best_score: 0.7248786399609374
ranking_my_rank: 2/504 (99.8%)
ranking_my_percent: 99.8015873015873
