ConfigName: kjsd__advperagentrankweighted__M3__L18__eps0p007__g0p0005__ds0p05__dm0p05
Problem: QUBO
Kernel: jsd
Advantage: peragentrankweighted
M: 3
lambda: 18
epsilon_svgd: 0.007
gamma: 0.0005
decay_start_ratio: 0.05
decay_min_factor: 0.05
bandwith_kernel: None
no_interact: False
avg_score: -1190.0
median_score: -1183.0
std_score: 58.992374420166016
percentiles: 2%=-1311.8399658203125, 5%=-1298.25, 10%=-1267.199951171875, 25%=-1225.25, 50%=-1183.0, 75%=-1146.0, 90%=-1118.5999755859375, 95%=-1101.9000244140625, 98%=-1095.739990234375
ranking_best_algo: Tabu
ranking_best_score: 1216.16
ranking_my_rank: 55/504 (89.3%)
ranking_my_percent: 89.28571428571429
