ConfigName: kjsd__advperagentrankweighted__M3__L20__eps0p005__g0p001__ds0p2__dm0p2
Problem: QUBO
Kernel: jsd
Advantage: peragentrankweighted
M: 3
lambda: 20
epsilon_svgd: 0.005
gamma: 0.001
decay_start_ratio: 0.2
decay_min_factor: 0.2
bandwith_kernel: None
no_interact: False
avg_score: -1188.719970703125
median_score: -1184.5
std_score: 58.346736907958984
percentiles: 2%=-1329.199951171875, 5%=-1295.300048828125, 10%=-1263.0999755859375, 25%=-1230.0, 50%=-1184.5, 75%=-1143.75, 90%=-1121.9000244140625, 95%=-1102.8499755859375, 98%=-1095.8599853515625
ranking_best_algo: Tabu
ranking_best_score: 1216.16
ranking_my_rank: 61/504 (88.1%)
ranking_my_percent: 88.0952380952381
