ConfigName: kjsd__advperagentrankweighted__M3__L18__eps0p007__g0p0005__ds0p05__dm0p2
Problem: QUBO
Kernel: jsd
Advantage: peragentrankweighted
M: 3
lambda: 18
epsilon_svgd: 0.007
gamma: 0.0005
decay_start_ratio: 0.05
decay_min_factor: 0.2
bandwith_kernel: None
no_interact: False
avg_score: -2600.39990234375
median_score: -2612.5
std_score: 112.20588684082031
percentiles: 2%=-2801.320068359375, 5%=-2794.199951171875, 10%=-2748.199951171875, 25%=-2671.75, 50%=-2612.5, 75%=-2533.25, 90%=-2457.10009765625, 95%=-2420.550048828125, 98%=-2362.5400390625
ranking_best_algo: SVM1MetaModelLogNormal
ranking_best_score: 2605.14
ranking_my_rank: 2/504 (99.8%)
ranking_my_percent: 99.8015873015873
