ConfigName: kjsd__advperagentrankweighted__M3__L16__eps0p007__g0p001__ds0p05__dm0p1
Problem: QUBO
Kernel: jsd
Advantage: peragentrankweighted
M: 3
lambda: 16
epsilon_svgd: 0.007
gamma: 0.001
decay_start_ratio: 0.05
decay_min_factor: 0.1
bandwith_kernel: None
no_interact: False
avg_score: -905.1799926757812
median_score: -908.0
std_score: 60.81535720825195
percentiles: 2%=-1060.0400390625, 5%=-994.0999755859375, 10%=-979.2000122070312, 25%=-940.5, 50%=-908.0, 75%=-861.25, 90%=-831.7999877929688, 95%=-809.0, 98%=-784.6799926757812
ranking_best_algo: CMAL3
ranking_best_score: 928.5800000000002
ranking_my_rank: 64/504 (87.5%)
ranking_my_percent: 87.5
