ConfigName: kjsd__advperagentrankweighted__M3__L16__eps0p007__g0p001__ds0p05__dm0p2
Problem: QUBO
Kernel: jsd
Advantage: peragentrankweighted
M: 3
lambda: 16
epsilon_svgd: 0.007
gamma: 0.001
decay_start_ratio: 0.05
decay_min_factor: 0.2
bandwith_kernel: None
no_interact: False
avg_score: -1186.6600341796875
median_score: -1185.0
std_score: 58.19814682006836
percentiles: 2%=-1327.199951171875, 5%=-1285.9000244140625, 10%=-1254.199951171875, 25%=-1211.25, 50%=-1185.0, 75%=-1145.25, 90%=-1127.9000244140625, 95%=-1119.550048828125, 98%=-1078.02001953125
ranking_best_algo: Tabu
ranking_best_score: 1216.16
ranking_my_rank: 64/504 (87.5%)
ranking_my_percent: 87.5
