ConfigName: krbf__advnormalizedfitness__M4__L15__eps0p015__g0p015__ds0p15__dm0p01
Problem: QUBO
Kernel: rbf
Advantage: normalizedfitness
M: 4
lambda: 15
epsilon_svgd: 0.015
gamma: 0.015
decay_start_ratio: 0.15
decay_min_factor: 0.01
bandwith_kernel: None
no_interact: False
avg_score: -1220.5400390625
median_score: -1217.0
std_score: 168.9302520751953
percentiles: 2%=-1556.02001953125, 5%=-1509.5, 10%=-1437.199951171875, 25%=-1343.75, 50%=-1217.0, 75%=-1083.75, 90%=-1003.4000244140625, 95%=-977.300048828125, 98%=-925.97998046875
ranking_best_algo: SVM1MetaModelLogNormal
ranking_best_score: 2605.14
ranking_my_rank: 379/504 (25.0%)
ranking_my_percent: 25.0
