ConfigName: kfr__advglobalrankweighted__M4__L11__eps0p01__g0p003__ds0p01__dm0p01
Problem: QUBO
Kernel: fr
Advantage: globalrankweighted
M: 4
lambda: 11
epsilon_svgd: 0.01
gamma: 0.003
decay_start_ratio: 0.01
decay_min_factor: 0.01
bandwith_kernel: None
no_interact: False
avg_score: -3184.0400390625
median_score: -3172.5
std_score: 132.0010528564453
percentiles: 2%=-3488.260009765625, 5%=-3410.199951171875, 10%=-3346.10009765625, 25%=-3268.5, 50%=-3172.5, 75%=-3100.5, 90%=-3017.0, 95%=-2987.75, 98%=-2939.719970703125
ranking_best_algo: RLSOnePlusOne
ranking_best_score: 3316.5199999999995
ranking_my_rank: 57/504 (88.9%)
ranking_my_percent: 88.88888888888889
