ConfigName: kjsd__advperagentrankweighted__M4__L10__eps0p01__g0p0007__ds0p2__dm0p05
Problem: NK
Kernel: jsd
Advantage: peragentrankweighted
M: 4
lambda: 10
epsilon_svgd: 0.01
gamma: 0.0007
decay_start_ratio: 0.2
decay_min_factor: 0.05
bandwith_kernel: None
no_interact: False
avg_score: 0.743314802646637
median_score: 0.7398070096969604
std_score: 0.028385141864418983
percentiles: 2%=0.6994353532791138, 5%=0.7091489434242249, 10%=0.7103741765022278, 25%=0.7223236560821533, 50%=0.7398070096969604, 75%=0.7602722644805908, 90%=0.7737435698509216, 95%=0.8044298887252808, 98%=0.8118547797203064
ranking_best_algo: CMApara
ranking_best_score: 0.7459277895312499
ranking_my_rank: 12/504 (97.8%)
ranking_my_percent: 97.81746031746032
