ConfigName: kjsd__advperagentrankweighted__M4__L10__eps0p02__g0p0003__ds0p05__dm0p05
Problem: NK
Kernel: jsd
Advantage: peragentrankweighted
M: 4
lambda: 10
epsilon_svgd: 0.02
gamma: 0.0003
decay_start_ratio: 0.05
decay_min_factor: 0.05
bandwith_kernel: None
no_interact: False
avg_score: 0.7379474639892578
median_score: 0.7379308938980103
std_score: 0.013998863287270069
percentiles: 2%=0.7133581042289734, 5%=0.7143985033035278, 10%=0.7205382585525513, 25%=0.727886438369751, 50%=0.7379308938980103, 75%=0.747712254524231, 90%=0.756295919418335, 95%=0.7620086073875427, 98%=0.7658795118331909
ranking_best_algo: Tabu
ranking_best_score: 0.7657846284375001
ranking_my_rank: 117/504 (77.0%)
ranking_my_percent: 76.98412698412699
