ConfigName: kjsd__advperagentrankweighted__M3__L30__eps0p007__g0p0005__ds0p2__dm0p05
Problem: QUBO
Kernel: jsd
Advantage: peragentrankweighted
M: 3
lambda: 30
epsilon_svgd: 0.007
gamma: 0.0005
decay_start_ratio: 0.2
decay_min_factor: 0.05
bandwith_kernel: None
no_interact: False
avg_score: -3333.679931640625
median_score: -3328.5
std_score: 120.76579284667969
percentiles: 2%=-3602.1201171875, 5%=-3522.14990234375, 10%=-3496.10009765625, 25%=-3415.75, 50%=-3328.5, 75%=-3259.25, 90%=-3184.199951171875, 95%=-3128.949951171875, 98%=-3103.8798828125
ranking_best_algo: RLSOnePlusOne
ranking_best_score: 3316.5199999999995
ranking_my_rank: 1/504 (100.0%)
ranking_my_percent: 100.0
