ConfigName: kfr__advglobalrankweighted__M3__L9__eps0p02__g0p007__ds0p01__dm0p01
Problem: QUBO
Kernel: fr
Advantage: globalrankweighted
M: 3
lambda: 9
epsilon_svgd: 0.02
gamma: 0.007
decay_start_ratio: 0.01
decay_min_factor: 0.01
bandwith_kernel: None
no_interact: False
avg_score: -201.0399932861328
median_score: -202.5
std_score: 13.049076080322266
percentiles: 2%=-224.0, 5%=-224.0, 10%=-221.0, 25%=-208.0, 50%=-202.5, 75%=-192.75, 90%=-185.89999389648438, 95%=-175.0, 98%=-171.97999572753906
ranking_best_algo: Tabu
ranking_best_score: 208.36000000000004
ranking_my_rank: 43/504 (91.7%)
ranking_my_percent: 91.66666666666667
