ConfigName: kjsd__advperagentrankweighted__M4__L10__eps0p01__g0p0005__ds0p05__dm0p05
Problem: QUBO
Kernel: jsd
Advantage: peragentrankweighted
M: 4
lambda: 10
epsilon_svgd: 0.01
gamma: 0.0005
decay_start_ratio: 0.05
decay_min_factor: 0.05
bandwith_kernel: None
no_interact: False
avg_score: -1241.3800048828125
median_score: -1236.0
std_score: 60.84600067138672
percentiles: 2%=-1373.260009765625, 5%=-1348.0, 10%=-1326.300048828125, 25%=-1279.0, 50%=-1236.0, 75%=-1191.5, 90%=-1166.800048828125, 95%=-1150.9000244140625, 98%=-1139.97998046875
ranking_best_algo: SVMMetaModelLogNormal
ranking_best_score: 1233.7999999999997
ranking_my_rank: 1/504 (100.0%)
ranking_my_percent: 100.0
