ConfigName: kjsd__advperagentrankweighted__M4__L20__eps0p007__g0p0005__ds0p1__dm0p1
Problem: NK
Kernel: jsd
Advantage: peragentrankweighted
M: 4
lambda: 20
epsilon_svgd: 0.007
gamma: 0.0005
decay_start_ratio: 0.1
decay_min_factor: 0.1
bandwith_kernel: None
no_interact: False
avg_score: 0.735564112663269
median_score: 0.7375051975250244
std_score: 0.008383258245885372
percentiles: 2%=0.7177129983901978, 5%=0.7221537828445435, 10%=0.7235339283943176, 25%=0.7288171052932739, 50%=0.7375051975250244, 75%=0.7415015697479248, 90%=0.7453092932701111, 95%=0.7469019293785095, 98%=0.7497166991233826
ranking_best_algo: PBIL
ranking_best_score: 0.7248786399609374
ranking_my_rank: 1/504 (100.0%)
ranking_my_percent: 100.0
