ConfigName: krbf__advnormalizedfitness__M1__L10__eps0p015__g0p01__ds0p01__dm0p3
Problem: QUBO
Kernel: rbf
Advantage: normalizedfitness
M: 1
lambda: 10
epsilon_svgd: 0.015
gamma: 0.01
decay_start_ratio: 0.01
decay_min_factor: 0.3
bandwith_kernel: None
no_interact: False
avg_score: -1174.43994140625
median_score: -1171.0
std_score: 59.62102127075195
percentiles: 2%=-1290.0799560546875, 5%=-1261.050048828125, 10%=-1247.5999755859375, 25%=-1209.0, 50%=-1171.0, 75%=-1139.75, 90%=-1101.4000244140625, 95%=-1077.949951171875, 98%=-1053.7799072265625
ranking_best_algo: Tabu
ranking_best_score: 1216.16
ranking_my_rank: 84/504 (83.5%)
ranking_my_percent: 83.53174603174604
