ConfigName: kjsd__advperagentrankweighted__M15__L8__eps0p005__g0p0005__ds0p05__dm0p05
Problem: QUBO
Kernel: jsd
Advantage: peragentrankweighted
M: 15
lambda: 8
epsilon_svgd: 0.005
gamma: 0.0005
decay_start_ratio: 0.05
decay_min_factor: 0.05
bandwith_kernel: None
no_interact: False
avg_score: -334.32000732421875
median_score: -340.0
std_score: 18.00715446472168
percentiles: 2%=-360.239990234375, 5%=-357.0, 10%=-354.0, 25%=-345.25, 50%=-340.0, 75%=-325.5, 90%=-305.79998779296875, 95%=-299.8999938964844, 98%=-289.94000244140625
ranking_best_algo: CMApara
ranking_best_score: 344.22
ranking_my_rank: 62/504 (87.9%)
ranking_my_percent: 87.89682539682539
