ConfigName: kjsd__advperagentrankweighted__M5__L10__eps0p01__g0p0005__ds0p2__dm0p2
Problem: NK
Kernel: jsd
Advantage: peragentrankweighted
M: 5
lambda: 10
epsilon_svgd: 0.01
gamma: 0.0005
decay_start_ratio: 0.2
decay_min_factor: 0.2
bandwith_kernel: None
no_interact: False
avg_score: 0.751971423625946
median_score: 0.753311276435852
std_score: 0.014142289757728577
percentiles: 2%=0.7239238023757935, 5%=0.7253844738006592, 10%=0.7310696244239807, 25%=0.7433350086212158, 50%=0.753311276435852, 75%=0.7620697021484375, 90%=0.7677505612373352, 95%=0.7723394632339478, 98%=0.7762833833694458
ranking_best_algo: Tabu
ranking_best_score: 0.7657846284375001
ranking_my_rank: 14/504 (97.4%)
ranking_my_percent: 97.42063492063492
