ConfigName: kjsd__advperagentrankweighted__M5__L10__eps0p02__g0p0003__ds0p05__dm0p05
Problem: QUBO
Kernel: jsd
Advantage: peragentrankweighted
M: 5
lambda: 10
epsilon_svgd: 0.02
gamma: 0.0003
decay_start_ratio: 0.05
decay_min_factor: 0.05
bandwith_kernel: None
no_interact: False
avg_score: -1556.760009765625
median_score: -1553.5
std_score: 60.51084518432617
percentiles: 2%=-1673.0400390625, 5%=-1663.0999755859375, 10%=-1634.0999755859375, 25%=-1600.25, 50%=-1553.5, 75%=-1518.75, 90%=-1478.5999755859375, 95%=-1451.0, 98%=-1435.0
ranking_best_algo: NLOPT_LN_PRAXIS
ranking_best_score: 1607.12
ranking_my_rank: 51/504 (90.1%)
ranking_my_percent: 90.07936507936508
