ConfigName: kjsd__advperagentrankweighted__M5__L8__eps0p01__g0p0007__ds0p2__dm0p05
Problem: QUBO
Kernel: jsd
Advantage: peragentrankweighted
M: 5
lambda: 8
epsilon_svgd: 0.01
gamma: 0.0007
decay_start_ratio: 0.2
decay_min_factor: 0.05
bandwith_kernel: None
no_interact: False
avg_score: -1313.800048828125
median_score: -1317.0
std_score: 53.70195388793945
percentiles: 2%=-1431.0400390625, 5%=-1386.199951171875, 10%=-1369.4000244140625, 25%=-1351.0, 50%=-1317.0, 75%=-1282.5, 90%=-1235.0, 95%=-1218.949951171875, 98%=-1210.9200439453125
ranking_best_algo: BigLognormalDiscreteOnePlusOne
ranking_best_score: 1301.3600000000004
ranking_my_rank: 1/504 (100.0%)
ranking_my_percent: 100.0
