ConfigName: kjsd__advperagentrankweighted__M4__L8__eps0p02__g0p0005__ds0p2__dm0p05
Problem: NK
Kernel: jsd
Advantage: peragentrankweighted
M: 4
lambda: 8
epsilon_svgd: 0.02
gamma: 0.0005
decay_start_ratio: 0.2
decay_min_factor: 0.05
bandwith_kernel: None
no_interact: False
avg_score: 0.7289643287658691
median_score: 0.7285657525062561
std_score: 0.00888972170650959
percentiles: 2%=0.7091141939163208, 5%=0.7138141393661499, 10%=0.7189415693283081, 25%=0.7240439653396606, 50%=0.7285657525062561, 75%=0.733551025390625, 90%=0.740999162197113, 95%=0.7441471815109253, 98%=0.7465275526046753
ranking_best_algo: PBIL
ranking_best_score: 0.733570253046875
ranking_my_rank: 3/504 (99.6%)
ranking_my_percent: 99.60317460317461
