ConfigName: kjsd__advperagentrankweighted__M3__L30__eps0p005__g0p001__ds0p2__dm0p2
Problem: QUBO
Kernel: jsd
Advantage: peragentrankweighted
M: 3
lambda: 30
epsilon_svgd: 0.005
gamma: 0.001
decay_start_ratio: 0.2
decay_min_factor: 0.2
bandwith_kernel: None
no_interact: False
avg_score: -436.9599914550781
median_score: -433.0
std_score: 25.418073654174805
percentiles: 2%=-487.0400085449219, 5%=-481.0, 10%=-470.1000061035156, 25%=-459.25, 50%=-433.0, 75%=-421.0, 90%=-404.0, 95%=-399.0, 98%=-395.7799987792969
ranking_best_algo: CMApara
ranking_best_score: 453.82
ranking_my_rank: 30/504 (94.2%)
ranking_my_percent: 94.24603174603175
