ConfigName: kjsd__advperagentrankweighted__M3__L18__eps0p005__g0p0007__ds0p2__dm0p2
Problem: QUBO
Kernel: jsd
Advantage: peragentrankweighted
M: 3
lambda: 18
epsilon_svgd: 0.005
gamma: 0.0007
decay_start_ratio: 0.2
decay_min_factor: 0.2
bandwith_kernel: None
no_interact: False
avg_score: -580.780029296875
median_score: -579.0
std_score: 26.8527774810791
percentiles: 2%=-635.02001953125, 5%=-633.0, 10%=-617.7999877929688, 25%=-595.25, 50%=-579.0, 75%=-567.75, 90%=-546.9000244140625, 95%=-542.6500244140625, 98%=-531.6199951171875
ranking_best_algo: Tabu
ranking_best_score: 588.7199999999999
ranking_my_rank: 37/503 (92.8%)
ranking_my_percent: 92.84294234592446
