ConfigName: kjsd__advperagentrankweighted__M5__L8__eps0p005__g0p003__ds0p2__dm0p2
Problem: QUBO
Kernel: jsd
Advantage: peragentrankweighted
M: 5
lambda: 8
epsilon_svgd: 0.005
gamma: 0.003
decay_start_ratio: 0.2
decay_min_factor: 0.2
bandwith_kernel: None
no_interact: False
avg_score: -2031.4000244140625
median_score: -2033.5
std_score: 176.20204162597656
percentiles: 2%=-2373.280029296875, 5%=-2303.949951171875, 10%=-2278.0, 25%=-2171.25, 50%=-2033.5, 75%=-1881.5, 90%=-1816.699951171875, 95%=-1754.9000244140625, 98%=-1720.780029296875
ranking_best_algo: DiscreteLengler2OnePlusOne
ranking_best_score: 2617.04
ranking_my_rank: 273/504 (46.0%)
ranking_my_percent: 46.03174603174603
