ConfigName: kjsd__advperagentrankweighted__M4__L10__eps0p005__g0p0007__ds0p05__dm0p05
Problem: NK
Kernel: jsd
Advantage: peragentrankweighted
M: 4
lambda: 10
epsilon_svgd: 0.005
gamma: 0.0007
decay_start_ratio: 0.05
decay_min_factor: 0.05
bandwith_kernel: None
no_interact: False
avg_score: 0.7327122688293457
median_score: 0.7325402498245239
std_score: 0.00971134752035141
percentiles: 2%=0.7147354483604431, 5%=0.7166346311569214, 10%=0.7190206050872803, 25%=0.726527988910675, 50%=0.7325402498245239, 75%=0.7394543290138245, 90%=0.7436103224754333, 95%=0.7503437399864197, 98%=0.7533209919929504
ranking_best_algo: Tabu
ranking_best_score: 0.7429702712499999
ranking_my_rank: 2/504 (99.8%)
ranking_my_percent: 99.8015873015873
