ConfigName: krbf__advnormalizedfitness__M4__L12__eps0p033__g0p01__ds0p3__dm0p01
Problem: QUBO
Kernel: rbf
Advantage: normalizedfitness
M: 4
lambda: 12
epsilon_svgd: 0.033
gamma: 0.01
decay_start_ratio: 0.3
decay_min_factor: 0.01
bandwith_kernel: None
no_interact: False
avg_score: -2806.659912109375
median_score: -2798.5
std_score: 233.65821838378906
percentiles: 2%=-3242.820068359375, 5%=-3195.300048828125, 10%=-3126.60009765625, 25%=-2941.75, 50%=-2798.5, 75%=-2671.5, 90%=-2521.39990234375, 95%=-2453.550048828125, 98%=-2314.5595703125
ranking_best_algo: RLSOnePlusOne
ranking_best_score: 3316.5199999999995
ranking_my_rank: 160/504 (68.5%)
ranking_my_percent: 68.45238095238095
