ConfigName: krbf__advnormalizedfitness__M4__L10__eps0p015__g0p005__ds0p3__dm0p01
Problem: QUBO
Kernel: rbf
Advantage: normalizedfitness
M: 4
lambda: 10
epsilon_svgd: 0.015
gamma: 0.005
decay_start_ratio: 0.3
decay_min_factor: 0.01
bandwith_kernel: None
no_interact: False
avg_score: -2922.260009765625
median_score: -2905.5
std_score: 250.8688507080078
percentiles: 2%=-3424.159912109375, 5%=-3368.949951171875, 10%=-3252.800048828125, 25%=-3118.25, 50%=-2905.5, 75%=-2749.5, 90%=-2573.699951171875, 95%=-2510.650146484375, 98%=-2462.93994140625
ranking_best_algo: RLSOnePlusOne
ranking_best_score: 3316.5199999999995
ranking_my_rank: 141/504 (72.2%)
ranking_my_percent: 72.22222222222223
