ConfigName: kfr__advglobalrankweighted__M2__L8__eps0p01__g0p005__ds0p01__dm0p01
Problem: QUBO
Kernel: fr
Advantage: globalrankweighted
M: 2
lambda: 8
epsilon_svgd: 0.01
gamma: 0.005
decay_start_ratio: 0.01
decay_min_factor: 0.01
bandwith_kernel: None
no_interact: False
avg_score: -434.44000244140625
median_score: -434.0
std_score: 28.965606689453125
percentiles: 2%=-487.0, 5%=-477.29998779296875, 10%=-472.1000061035156, 25%=-455.0, 50%=-434.0, 75%=-412.0, 90%=-396.0, 95%=-387.95001220703125, 98%=-381.9599914550781
ranking_best_algo: CMApara
ranking_best_score: 453.82
ranking_my_rank: 40/504 (92.3%)
ranking_my_percent: 92.26190476190476
