ConfigName: krbf__advnormalizedfitness__M1__L8__eps0p015__g0p01__ds0p01__dm0p01
Problem: NK
Kernel: rbf
Advantage: normalizedfitness
M: 1
lambda: 8
epsilon_svgd: 0.015
gamma: 0.01
decay_start_ratio: 0.01
decay_min_factor: 0.01
bandwith_kernel: None
no_interact: False
avg_score: 0.7390811443328857
median_score: 0.7364791631698608
std_score: 0.02958833985030651
percentiles: 2%=0.6877422332763672, 5%=0.6977521777153015, 10%=0.7027557492256165, 25%=0.7203289866447449, 50%=0.7364791631698608, 75%=0.7538483738899231, 90%=0.772040605545044, 95%=0.8044298887252808, 98%=0.8118547797203064
ranking_best_algo: CMApara
ranking_best_score: 0.7459277895312499
ranking_my_rank: 59/504 (88.5%)
ranking_my_percent: 88.4920634920635
