ConfigName: kfr__advglobalrankweighted__M1__L7__eps0p015__g0p003__ds0p01__dm0p01
Problem: QUBO
Kernel: fr
Advantage: globalrankweighted
M: 1
lambda: 7
epsilon_svgd: 0.015
gamma: 0.003
decay_start_ratio: 0.01
decay_min_factor: 0.01
bandwith_kernel: None
no_interact: False
avg_score: -377.260009765625
median_score: -378.0
std_score: 35.803524017333984
percentiles: 2%=-446.29998779296875, 5%=-440.1000061035156, 10%=-417.29998779296875, 25%=-401.25, 50%=-378.0, 75%=-356.0, 90%=-331.79998779296875, 95%=-321.95001220703125, 98%=-303.7199401855469
ranking_best_algo: Tabu
ranking_best_score: 438.12
ranking_my_rank: 267/504 (47.2%)
ranking_my_percent: 47.22222222222222
