ConfigName: krbf__advnormalizedfitness__M3__L10__eps0p033__g0p005__ds0p3__dm0p01
Problem: NK
Kernel: rbf
Advantage: normalizedfitness
M: 3
lambda: 10
epsilon_svgd: 0.033
gamma: 0.005
decay_start_ratio: 0.3
decay_min_factor: 0.01
bandwith_kernel: None
no_interact: False
avg_score: 0.711347222328186
median_score: 0.6987258791923523
std_score: 0.031350210309028625
percentiles: 2%=0.675149142742157, 5%=0.6751645803451538, 10%=0.6783356070518494, 25%=0.6841273903846741, 50%=0.6987258791923523, 75%=0.7472180128097534, 90%=0.7525893449783325, 95%=0.7613165378570557, 98%=0.7613165378570557
ranking_best_algo: CMApara
ranking_best_score: 0.7118996098437498
ranking_my_rank: 2/504 (99.8%)
ranking_my_percent: 99.8015873015873
