ConfigName: kjsd__advperagentrankweighted__M3__L30__eps0p005__g0p001__ds0p2__dm0p2
Problem: QUBO
Kernel: jsd
Advantage: peragentrankweighted
M: 3
lambda: 30
epsilon_svgd: 0.005
gamma: 0.001
decay_start_ratio: 0.2
decay_min_factor: 0.2
bandwith_kernel: None
no_interact: False
avg_score: -3055.280029296875
median_score: -3065.0
std_score: 181.97625732421875
percentiles: 2%=-3368.43994140625, 5%=-3327.60009765625, 10%=-3289.10009765625, 25%=-3181.5, 50%=-3065.0, 75%=-2937.0, 90%=-2811.300048828125, 95%=-2715.89990234375, 98%=-2689.300048828125
ranking_best_algo: RLSOnePlusOne
ranking_best_score: 3316.5199999999995
ranking_my_rank: 92/504 (81.9%)
ranking_my_percent: 81.94444444444444
