ConfigName: kjsd__advperagentrankweighted__M4__L24__eps0p03__g0p0005__ds0p05__dm0p05
Problem: QUBO
Kernel: jsd
Advantage: peragentrankweighted
M: 4
lambda: 24
epsilon_svgd: 0.03
gamma: 0.0005
decay_start_ratio: 0.05
decay_min_factor: 0.05
bandwith_kernel: None
no_interact: False
avg_score: -331.3399963378906
median_score: -337.0
std_score: 22.34646224975586
percentiles: 2%=-372.0, 5%=-372.0, 10%=-354.1000061035156, 25%=-346.75, 50%=-337.0, 75%=-317.5, 90%=-300.70001220703125, 95%=-295.70001220703125, 98%=-275.8399963378906
ranking_best_algo: CMApara
ranking_best_score: 344.22
ranking_my_rank: 77/504 (84.9%)
ranking_my_percent: 84.92063492063492
