ConfigName: kjsd__advperagentrankweighted__M5__L8__eps0p005__g0p0003__ds0p2__dm0p05
Problem: QUBO
Kernel: jsd
Advantage: peragentrankweighted
M: 5
lambda: 8
epsilon_svgd: 0.005
gamma: 0.0003
decay_start_ratio: 0.2
decay_min_factor: 0.05
bandwith_kernel: None
no_interact: False
avg_score: -428.4200134277344
median_score: -426.0
std_score: 27.03005027770996
percentiles: 2%=-485.0, 5%=-475.1000061035156, 10%=-467.6000061035156, 25%=-446.0, 50%=-426.0, 75%=-410.5, 90%=-394.8999938964844, 95%=-386.95001220703125, 98%=-382.6199951171875
ranking_best_algo: CMAL3
ranking_best_score: 435.36
ranking_my_rank: 15/504 (97.2%)
ranking_my_percent: 97.22222222222223
