ConfigName: kjsd__advperagentrankweighted__M3__L16__eps0p01__g0p001__ds0p05__dm0p1
Problem: QUBO
Kernel: jsd
Advantage: peragentrankweighted
M: 3
lambda: 16
epsilon_svgd: 0.01
gamma: 0.001
decay_start_ratio: 0.05
decay_min_factor: 0.1
bandwith_kernel: None
no_interact: False
avg_score: -916.6400146484375
median_score: -912.0
std_score: 61.78681182861328
percentiles: 2%=-1030.239990234375, 5%=-1018.0499877929688, 10%=-1000.0999755859375, 25%=-965.0, 50%=-912.0, 75%=-876.75, 90%=-836.5999755859375, 95%=-811.9500122070312, 98%=-798.8200073242188
ranking_best_algo: CMAL3
ranking_best_score: 928.5800000000002
ranking_my_rank: 15/504 (97.2%)
ranking_my_percent: 97.22222222222223
