ConfigName: kjsd__advperagentrankweighted__M5__L12__eps0p03__g0p0003__ds0p2__dm0p05
Problem: NK
Kernel: jsd
Advantage: peragentrankweighted
M: 5
lambda: 12
epsilon_svgd: 0.03
gamma: 0.0003
decay_start_ratio: 0.2
decay_min_factor: 0.05
bandwith_kernel: None
no_interact: False
avg_score: 0.723604142665863
median_score: 0.7243187427520752
std_score: 0.008415143005549908
percentiles: 2%=0.7066676616668701, 5%=0.7094414830207825, 10%=0.7119184732437134, 25%=0.7179681062698364, 50%=0.7243187427520752, 75%=0.7285202741622925, 90%=0.735227108001709, 95%=0.7381851077079773, 98%=0.7392685413360596
ranking_best_algo: PBIL
ranking_best_score: 0.7248786399609374
ranking_my_rank: 2/504 (99.8%)
ranking_my_percent: 99.8015873015873
