ConfigName: krbf__advnormalizedfitness__M4__L15__eps0p015__g0p01__ds0p01__dm0p01
Problem: QUBO
Kernel: rbf
Advantage: normalizedfitness
M: 4
lambda: 15
epsilon_svgd: 0.015
gamma: 0.01
decay_start_ratio: 0.01
decay_min_factor: 0.01
bandwith_kernel: None
no_interact: False
avg_score: -825.5800170898438
median_score: -810.5
std_score: 76.46334838867188
percentiles: 2%=-982.47998046875, 5%=-964.5999755859375, 10%=-928.0, 25%=-889.0, 50%=-810.5, 75%=-769.75, 90%=-730.0, 95%=-721.75, 98%=-704.5999145507812
ranking_best_algo: CMApara
ranking_best_score: 964.9
ranking_my_rank: 274/504 (45.8%)
ranking_my_percent: 45.833333333333336
