ConfigName: kjsd__advperagentrankweighted__M3__L16__eps0p01__g0p001__ds0p2__dm0p2
Problem: NK
Kernel: jsd
Advantage: peragentrankweighted
M: 3
lambda: 16
epsilon_svgd: 0.01
gamma: 0.001
decay_start_ratio: 0.2
decay_min_factor: 0.2
bandwith_kernel: None
no_interact: False
avg_score: 0.7343612909317017
median_score: 0.7360221743583679
std_score: 0.008918163366615772
percentiles: 2%=0.7154069542884827, 5%=0.7176905870437622, 10%=0.7209640145301819, 25%=0.7293489575386047, 50%=0.7360221743583679, 75%=0.7418851852416992, 90%=0.7445327639579773, 95%=0.7451249957084656, 98%=0.7463977932929993
ranking_best_algo: PBIL
ranking_best_score: 0.7248786399609374
ranking_my_rank: 1/504 (100.0%)
ranking_my_percent: 100.0
