ConfigName: krbf__advnormalizedfitness__M4__L8__eps0p025__g0p005__ds0p05__dm0p05
Problem: NK
Kernel: rbf
Advantage: normalizedfitness
M: 4
lambda: 8
epsilon_svgd: 0.025
gamma: 0.005
decay_start_ratio: 0.05
decay_min_factor: 0.05
bandwith_kernel: None
no_interact: False
avg_score: 0.7071558237075806
median_score: 0.7094392776489258
std_score: 0.011783627793192863
percentiles: 2%=0.6873168349266052, 5%=0.6889415979385376, 10%=0.6925601363182068, 25%=0.6960930824279785, 50%=0.7094392776489258, 75%=0.7171843647956848, 90%=0.7220304608345032, 95%=0.7240388989448547, 98%=0.7243989706039429
ranking_best_algo: PBIL
ranking_best_score: 0.7013553837109374
ranking_my_rank: 1/504 (100.0%)
ranking_my_percent: 100.0
