ConfigName: krbf__advnormalizedfitness__M2__L10__eps0p02__g0p003__ds0p01__dm0p01
Problem: QUBO
Kernel: rbf
Advantage: normalizedfitness
M: 2
lambda: 10
epsilon_svgd: 0.02
gamma: 0.003
decay_start_ratio: 0.01
decay_min_factor: 0.01
bandwith_kernel: None
no_interact: False
avg_score: -1224.4599609375
median_score: -1214.5
std_score: 57.118896484375
percentiles: 2%=-1346.1600341796875, 5%=-1333.199951171875, 10%=-1300.4000244140625, 25%=-1264.25, 50%=-1214.5, 75%=-1178.5, 90%=-1158.9000244140625, 95%=-1148.8499755859375, 98%=-1135.8199462890625
ranking_best_algo: SVMMetaModelLogNormal
ranking_best_score: 1233.7999999999997
ranking_my_rank: 14/504 (97.4%)
ranking_my_percent: 97.42063492063492
