ConfigName: kjsd__advperagentrankweighted__M3__L20__eps0p005__g0p001__ds0p1__dm0p2
Problem: QUBO
Kernel: jsd
Advantage: peragentrankweighted
M: 3
lambda: 20
epsilon_svgd: 0.005
gamma: 0.001
decay_start_ratio: 0.1
decay_min_factor: 0.2
bandwith_kernel: None
no_interact: False
avg_score: -418.05999755859375
median_score: -420.0
std_score: 24.810407638549805
percentiles: 2%=-471.0400085449219, 5%=-461.1000061035156, 10%=-449.0, 25%=-434.0, 50%=-420.0, 75%=-398.0, 90%=-389.79998779296875, 95%=-381.6000061035156, 98%=-367.9599914550781
ranking_best_algo: Tabu
ranking_best_score: 438.12
ranking_my_rank: 40/504 (92.3%)
ranking_my_percent: 92.26190476190476
