ConfigName: kjsd__advperagentrankweighted__M3__L18__eps0p005__g0p001__ds0p1__dm0p05
Problem: NK
Kernel: jsd
Advantage: peragentrankweighted
M: 3
lambda: 18
epsilon_svgd: 0.005
gamma: 0.001
decay_start_ratio: 0.1
decay_min_factor: 0.05
bandwith_kernel: None
no_interact: False
avg_score: 0.7075892686843872
median_score: 0.7096947431564331
std_score: 0.011757578700780869
percentiles: 2%=0.6888607740402222, 5%=0.6898704171180725, 10%=0.6926881670951843, 25%=0.6961513757705688, 50%=0.7096947431564331, 75%=0.7172017097473145, 90%=0.7213177680969238, 95%=0.7239784002304077, 98%=0.7243936657905579
ranking_best_algo: PBIL
ranking_best_score: 0.7013553837109374
ranking_my_rank: 1/504 (100.0%)
ranking_my_percent: 100.0
