ConfigName: kfr__advglobalrankweighted__M4__L15__eps0p02__g0p005__ds0p01__dm0p01
Problem: QUBO
Kernel: fr
Advantage: globalrankweighted
M: 4
lambda: 15
epsilon_svgd: 0.02
gamma: 0.005
decay_start_ratio: 0.01
decay_min_factor: 0.01
bandwith_kernel: None
no_interact: False
avg_score: -198.4600067138672
median_score: -197.0
std_score: 13.469535827636719
percentiles: 2%=-224.0, 5%=-224.0, 10%=-217.10000610351562, 25%=-207.5, 50%=-197.0, 75%=-188.0, 90%=-181.89999389648438, 95%=-179.90000915527344, 98%=-171.91998291015625
ranking_best_algo: Tabu
ranking_best_score: 208.36000000000004
ranking_my_rank: 99/504 (80.6%)
ranking_my_percent: 80.55555555555556
