ConfigName: kjsd__advperagentrankweighted__M4__L30__eps0p005__g0p0005__ds0p05__dm0p05
Problem: NK
Kernel: jsd
Advantage: peragentrankweighted
M: 4
lambda: 30
epsilon_svgd: 0.005
gamma: 0.0005
decay_start_ratio: 0.05
decay_min_factor: 0.05
bandwith_kernel: None
no_interact: False
avg_score: 0.7348921298980713
median_score: 0.7365150451660156
std_score: 0.008913056924939156
percentiles: 2%=0.7143566608428955, 5%=0.7166821956634521, 10%=0.7209362983703613, 25%=0.7301079034805298, 50%=0.7365150451660156, 75%=0.7429549098014832, 90%=0.7444709539413452, 95%=0.7454325556755066, 98%=0.7466295957565308
ranking_best_algo: PBIL
ranking_best_score: 0.7248786399609374
ranking_my_rank: 1/504 (100.0%)
ranking_my_percent: 100.0
