ConfigName: krbf__advnormalizedfitness__M3__L8__eps0p015__g0p015__ds0p15__dm0p3
Problem: QUBO
Kernel: rbf
Advantage: normalizedfitness
M: 3
lambda: 8
epsilon_svgd: 0.015
gamma: 0.015
decay_start_ratio: 0.15
decay_min_factor: 0.3
bandwith_kernel: None
no_interact: False
avg_score: -978.4000244140625
median_score: -979.0
std_score: 93.68446350097656
percentiles: 2%=-1191.43994140625, 5%=-1144.8499755859375, 10%=-1096.0999755859375, 25%=-1038.0, 50%=-979.0, 75%=-916.75, 90%=-865.7000122070312, 95%=-819.7000122070312, 98%=-790.9599609375
ranking_best_algo: Tabu
ranking_best_score: 1216.16
ranking_my_rank: 307/504 (39.3%)
ranking_my_percent: 39.285714285714285
