ConfigName: kjsd__advperagentrankweighted__M3__L18__eps0p01__g0p001__ds0p05__dm0p2
Problem: QUBO
Kernel: jsd
Advantage: peragentrankweighted
M: 3
lambda: 18
epsilon_svgd: 0.01
gamma: 0.001
decay_start_ratio: 0.05
decay_min_factor: 0.2
bandwith_kernel: None
no_interact: False
avg_score: -198.32000732421875
median_score: -199.5
std_score: 14.18229866027832
percentiles: 2%=-224.0, 5%=-224.0, 10%=-219.0, 25%=-208.25, 50%=-199.5, 75%=-188.0, 90%=-179.0, 95%=-176.9499969482422, 98%=-170.89999389648438
ranking_best_algo: Tabu
ranking_best_score: 208.36000000000004
ranking_my_rank: 99/504 (80.6%)
ranking_my_percent: 80.55555555555556
