ConfigName: kjsd__advperagentrankweighted__M5__L12__eps0p02__g0p0003__ds0p05__dm0p05
Problem: QUBO
Kernel: jsd
Advantage: peragentrankweighted
M: 5
lambda: 12
epsilon_svgd: 0.02
gamma: 0.0003
decay_start_ratio: 0.05
decay_min_factor: 0.05
bandwith_kernel: None
no_interact: False
avg_score: -3224.719970703125
median_score: -3220.5
std_score: 112.42704772949219
percentiles: 2%=-3512.280029296875, 5%=-3417.64990234375, 10%=-3372.39990234375, 25%=-3293.25, 50%=-3220.5, 75%=-3152.0, 90%=-3085.89990234375, 95%=-3045.75, 98%=-3021.6201171875
ranking_best_algo: RLSOnePlusOne
ranking_best_score: 3316.5199999999995
ranking_my_rank: 43/504 (91.7%)
ranking_my_percent: 91.66666666666667
