ConfigName: kjsd__advperagentrankweighted__M3__L20__eps0p007__g0p0005__ds0p05__dm0p2
Problem: QUBO
Kernel: jsd
Advantage: peragentrankweighted
M: 3
lambda: 20
epsilon_svgd: 0.007
gamma: 0.0005
decay_start_ratio: 0.05
decay_min_factor: 0.2
bandwith_kernel: None
no_interact: False
avg_score: -1195.6800537109375
median_score: -1185.0
std_score: 62.3704833984375
percentiles: 2%=-1351.0400390625, 5%=-1307.3499755859375, 10%=-1274.0999755859375, 25%=-1239.25, 50%=-1185.0, 75%=-1154.0, 90%=-1122.9000244140625, 95%=-1108.8499755859375, 98%=-1091.5999755859375
ranking_best_algo: Tabu
ranking_best_score: 1216.16
ranking_my_rank: 48/504 (90.7%)
ranking_my_percent: 90.67460317460318
