ConfigName: kjsd__advperagentrankweighted__M10__L28__eps0p008__g0p0005__ds0p3__dm0p05
Problem: QUBO
Kernel: jsd
Advantage: peragentrankweighted
M: 10
lambda: 28
epsilon_svgd: 0.008
gamma: 0.0005
decay_start_ratio: 0.3
decay_min_factor: 0.05
bandwith_kernel: None
no_interact: False
avg_score: -1840.5
median_score: -1815.5
std_score: 170.067138671875
percentiles: 2%=-2227.139892578125, 5%=-2157.10009765625, 10%=-2066.0, 25%=-1962.0, 50%=-1815.5, 75%=-1719.0, 90%=-1632.300048828125, 95%=-1577.800048828125, 98%=-1527.8199462890625
ranking_best_algo: DiscreteLengler2OnePlusOne
ranking_best_score: 2617.04
ranking_my_rank: 318/504 (37.1%)
ranking_my_percent: 37.1031746031746
