ConfigName: kjsd__advperagentrankweighted__M4__L30__eps0p01__g0p0003__ds0p4__dm0p05
Problem: QUBO
Kernel: jsd
Advantage: peragentrankweighted
M: 4
lambda: 30
epsilon_svgd: 0.01
gamma: 0.0003
decay_start_ratio: 0.4
decay_min_factor: 0.05
bandwith_kernel: None
no_interact: False
avg_score: -310.32000732421875
median_score: -312.0
std_score: 37.913818359375
percentiles: 2%=-394.0400085449219, 5%=-386.1000061035156, 10%=-352.6000061035156, 25%=-334.0, 50%=-312.0, 75%=-275.0, 90%=-265.0, 95%=-263.79998779296875, 98%=-257.8399963378906
ranking_best_algo: CMApara
ranking_best_score: 319.29999999999995
ranking_my_rank: 62/504 (87.9%)
ranking_my_percent: 87.89682539682539
