ConfigName: kjsd__advperagentrankweighted__M8__L12__eps0p008__g0p0005__ds0p3__dm0p05
Problem: QUBO
Kernel: jsd
Advantage: peragentrankweighted
M: 8
lambda: 12
epsilon_svgd: 0.008
gamma: 0.0005
decay_start_ratio: 0.3
decay_min_factor: 0.05
bandwith_kernel: None
no_interact: False
avg_score: -432.4599914550781
median_score: -432.5
std_score: 26.719064712524414
percentiles: 2%=-479.1199951171875, 5%=-477.0, 10%=-471.0, 25%=-452.0, 50%=-432.5, 75%=-413.75, 90%=-402.6000061035156, 95%=-391.8500061035156, 98%=-375.8399963378906
ranking_best_algo: CMAL3
ranking_best_score: 435.36
ranking_my_rank: 5/504 (99.2%)
ranking_my_percent: 99.2063492063492
