ConfigName: kjsd__advperagentrankweighted__M3__L18__eps0p005__g0p0007__ds0p2__dm0p2
Problem: QUBO
Kernel: jsd
Advantage: peragentrankweighted
M: 3
lambda: 18
epsilon_svgd: 0.005
gamma: 0.0007
decay_start_ratio: 0.2
decay_min_factor: 0.2
bandwith_kernel: None
no_interact: False
avg_score: -1192.4200439453125
median_score: -1195.5
std_score: 59.75619888305664
percentiles: 2%=-1293.760009765625, 5%=-1283.300048828125, 10%=-1260.9000244140625, 25%=-1231.0, 50%=-1195.5, 75%=-1157.0, 90%=-1116.199951171875, 95%=-1077.8499755859375, 98%=-1074.699951171875
ranking_best_algo: Tabu
ranking_best_score: 1216.16
ranking_my_rank: 49/504 (90.5%)
ranking_my_percent: 90.47619047619048
