ConfigName: kjsd__advperagentrankweighted__M4__L12__eps0p005__g0p0007__ds0p2__dm0p05
Problem: QUBO
Kernel: jsd
Advantage: peragentrankweighted
M: 4
lambda: 12
epsilon_svgd: 0.005
gamma: 0.0007
decay_start_ratio: 0.2
decay_min_factor: 0.05
bandwith_kernel: None
no_interact: False
avg_score: -587.6799926757812
median_score: -586.0
std_score: 26.83388900756836
percentiles: 2%=-635.0399780273438, 5%=-629.0999755859375, 10%=-621.0, 25%=-608.25, 50%=-586.0, 75%=-573.0, 90%=-550.7999877929688, 95%=-542.75, 98%=-532.9000244140625
ranking_best_algo: Tabu
ranking_best_score: 588.7199999999999
ranking_my_rank: 3/503 (99.6%)
ranking_my_percent: 99.6023856858847
