ConfigName: krbf__advnormalizedfitness__M4__L12__eps0p025__g0p005__ds0p01__dm0p3
Problem: QUBO
Kernel: rbf
Advantage: normalizedfitness
M: 4
lambda: 12
epsilon_svgd: 0.025
gamma: 0.005
decay_start_ratio: 0.01
decay_min_factor: 0.3
bandwith_kernel: None
no_interact: False
avg_score: -331.760009765625
median_score: -334.0
std_score: 22.101186752319336
percentiles: 2%=-372.0, 5%=-372.0, 10%=-355.20001220703125, 25%=-346.0, 50%=-334.0, 75%=-318.0, 90%=-303.70001220703125, 95%=-291.9000244140625, 98%=-273.8799743652344
ranking_best_algo: CMApara
ranking_best_score: 344.22
ranking_my_rank: 76/504 (85.1%)
ranking_my_percent: 85.11904761904762
