ConfigName: kjsd__advperagentrankweighted__M3__L24__eps0p007__g0p0005__ds0p1__dm0p2
Problem: QUBO
Kernel: jsd
Advantage: peragentrankweighted
M: 3
lambda: 24
epsilon_svgd: 0.007
gamma: 0.0005
decay_start_ratio: 0.1
decay_min_factor: 0.2
bandwith_kernel: None
no_interact: False
avg_score: -426.8800048828125
median_score: -425.5
std_score: 27.08404541015625
percentiles: 2%=-479.0400085449219, 5%=-471.20001220703125, 10%=-467.0, 25%=-447.0, 50%=-425.5, 75%=-409.75, 90%=-393.70001220703125, 95%=-383.95001220703125, 98%=-378.8999938964844
ranking_best_algo: CMAL3
ranking_best_score: 435.36
ranking_my_rank: 20/504 (96.2%)
ranking_my_percent: 96.23015873015873
