ConfigName: kjsd__advperagentrankweighted__M4__L12__eps0p005__g0p0007__ds0p2__dm0p2
Problem: NK
Kernel: jsd
Advantage: peragentrankweighted
M: 4
lambda: 12
epsilon_svgd: 0.005
gamma: 0.0007
decay_start_ratio: 0.2
decay_min_factor: 0.2
bandwith_kernel: None
no_interact: False
avg_score: 0.7074258923530579
median_score: 0.7097737789154053
std_score: 0.011641401797533035
percentiles: 2%=0.6893139481544495, 5%=0.6896044611930847, 10%=0.6918067336082458, 25%=0.6960949897766113, 50%=0.7097737789154053, 75%=0.7171876430511475, 90%=0.7219428420066833, 95%=0.7236588597297668, 98%=0.7242989540100098
ranking_best_algo: PBIL
ranking_best_score: 0.7013553837109374
ranking_my_rank: 1/504 (100.0%)
ranking_my_percent: 100.0
