ConfigName: krbf__advnormalizedfitness__M4__L12__eps0p015__g0p01__ds0p01__dm0p01
Problem: QUBO
Kernel: rbf
Advantage: normalizedfitness
M: 4
lambda: 12
epsilon_svgd: 0.015
gamma: 0.01
decay_start_ratio: 0.01
decay_min_factor: 0.01
bandwith_kernel: None
no_interact: False
avg_score: -2276.159912109375
median_score: -2260.5
std_score: 262.8636169433594
percentiles: 2%=-2804.820068359375, 5%=-2762.449951171875, 10%=-2650.300048828125, 25%=-2428.25, 50%=-2260.5, 75%=-2077.0, 90%=-1943.800048828125, 95%=-1906.900146484375, 98%=-1857.4598388671875
ranking_best_algo: RLSOnePlusOne
ranking_best_score: 3316.5199999999995
ranking_my_rank: 283/504 (44.0%)
ranking_my_percent: 44.04761904761905
