ConfigName: kjsd__advperagentrankweighted__M6__L30__eps0p005__g0p0005__ds0p05__dm0p05
Problem: NK
Kernel: jsd
Advantage: peragentrankweighted
M: 6
lambda: 30
epsilon_svgd: 0.005
gamma: 0.0005
decay_start_ratio: 0.05
decay_min_factor: 0.05
bandwith_kernel: None
no_interact: False
avg_score: 0.5996810793876648
median_score: 0.5985342860221863
std_score: 0.008844501338899136
percentiles: 2%=0.5858846306800842, 5%=0.5877794623374939, 10%=0.5894724130630493, 25%=0.59282386302948, 50%=0.5985342860221863, 75%=0.6057227253913879, 90%=0.610307514667511, 95%=0.6175872683525085, 98%=0.6187748312950134
ranking_best_algo: PBIL
ranking_best_score: 0.7170882103515624
ranking_my_rank: 360/504 (28.8%)
ranking_my_percent: 28.76984126984127
