ConfigName: kjsd__advperagentrankweighted__M3__L30__eps0p005__g0p0005__ds0p05__dm0p2
Problem: QUBO
Kernel: jsd
Advantage: peragentrankweighted
M: 3
lambda: 30
epsilon_svgd: 0.005
gamma: 0.0005
decay_start_ratio: 0.05
decay_min_factor: 0.2
bandwith_kernel: None
no_interact: False
avg_score: -1198.6199951171875
median_score: -1194.5
std_score: 62.65266036987305
percentiles: 2%=-1341.3599853515625, 5%=-1296.4000244140625, 10%=-1287.0, 25%=-1232.5, 50%=-1194.5, 75%=-1163.0, 90%=-1119.800048828125, 95%=-1103.8499755859375, 98%=-1079.760009765625
ranking_best_algo: Tabu
ranking_best_score: 1216.16
ranking_my_rank: 44/504 (91.5%)
ranking_my_percent: 91.46825396825396
