ConfigName: kfr__advglobalrankweighted__M2__L10__eps0p015__g0p007__ds0p01__dm0p01
Problem: QUBO
Kernel: fr
Advantage: globalrankweighted
M: 2
lambda: 10
epsilon_svgd: 0.015
gamma: 0.007
decay_start_ratio: 0.01
decay_min_factor: 0.01
bandwith_kernel: None
no_interact: False
avg_score: -3288.8798828125
median_score: -3298.5
std_score: 106.75010681152344
percentiles: 2%=-3476.02001953125, 5%=-3458.550048828125, 10%=-3424.199951171875, 25%=-3369.5, 50%=-3298.5, 75%=-3219.75, 90%=-3149.89990234375, 95%=-3120.35009765625, 98%=-3067.27978515625
ranking_best_algo: RLSOnePlusOne
ranking_best_score: 3316.5199999999995
ranking_my_rank: 3/504 (99.6%)
ranking_my_percent: 99.60317460317461
