ConfigName: kjsd__advperagentrankweighted__M3__L24__eps0p007__g0p001__ds0p2__dm0p1
Problem: QUBO
Kernel: jsd
Advantage: peragentrankweighted
M: 3
lambda: 24
epsilon_svgd: 0.007
gamma: 0.001
decay_start_ratio: 0.2
decay_min_factor: 0.1
bandwith_kernel: None
no_interact: False
avg_score: -1300.1800537109375
median_score: -1290.5
std_score: 65.3876724243164
percentiles: 2%=-1423.0400390625, 5%=-1411.0999755859375, 10%=-1393.199951171875, 25%=-1349.75, 50%=-1290.5, 75%=-1247.75, 90%=-1216.699951171875, 95%=-1205.9000244140625, 98%=-1184.8399658203125
ranking_best_algo: BigLognormalDiscreteOnePlusOne
ranking_best_score: 1301.3600000000004
ranking_my_rank: 2/504 (99.8%)
ranking_my_percent: 99.8015873015873
