ConfigName: kfr__advglobalrankweighted__M3__L10__eps0p01__g0p003__ds0p01__dm0p01
Problem: QUBO
Kernel: fr
Advantage: globalrankweighted
M: 3
lambda: 10
epsilon_svgd: 0.01
gamma: 0.003
decay_start_ratio: 0.01
decay_min_factor: 0.01
bandwith_kernel: None
no_interact: False
avg_score: -139.22000122070312
median_score: -140.5
std_score: 11.339822769165039
percentiles: 2%=-159.0, 5%=-158.0500030517578, 10%=-154.1999969482422, 25%=-146.0, 50%=-140.5, 75%=-131.0, 90%=-125.0, 95%=-120.95000457763672, 98%=-116.95999145507812
ranking_best_algo: DiscreteDE
ranking_best_score: 143.4
ranking_my_rank: 86/504 (83.1%)
ranking_my_percent: 83.13492063492063
