ConfigName: kjsd__advperagentrankweighted__M4__L20__eps0p005__g0p001__ds0p1__dm0p05
Problem: QUBO
Kernel: jsd
Advantage: peragentrankweighted
M: 4
lambda: 20
epsilon_svgd: 0.005
gamma: 0.001
decay_start_ratio: 0.1
decay_min_factor: 0.05
bandwith_kernel: None
no_interact: False
avg_score: -1189.800048828125
median_score: -1187.0
std_score: 64.54843139648438
percentiles: 2%=-1319.0799560546875, 5%=-1304.300048828125, 10%=-1273.300048828125, 25%=-1233.5, 50%=-1187.0, 75%=-1150.5, 90%=-1109.699951171875, 95%=-1086.699951171875, 98%=-1064.760009765625
ranking_best_algo: SVMMetaModelLogNormal
ranking_best_score: 1233.7999999999997
ranking_my_rank: 58/504 (88.7%)
ranking_my_percent: 88.69047619047619
