ConfigName: kjsd__advperagentrankweighted__M4__L12__eps0p005__g0p001__ds0p1__dm0p2
Problem: QUBO
Kernel: jsd
Advantage: peragentrankweighted
M: 4
lambda: 12
epsilon_svgd: 0.005
gamma: 0.001
decay_start_ratio: 0.1
decay_min_factor: 0.2
bandwith_kernel: None
no_interact: False
avg_score: -3196.280029296875
median_score: -3187.0
std_score: 137.2489776611328
percentiles: 2%=-3494.320068359375, 5%=-3437.60009765625, 10%=-3344.800048828125, 25%=-3287.0, 50%=-3187.0, 75%=-3113.25, 90%=-3027.300048828125, 95%=-2966.550048828125, 98%=-2903.6201171875
ranking_best_algo: RLSOnePlusOne
ranking_best_score: 3316.5199999999995
ranking_my_rank: 57/504 (88.9%)
ranking_my_percent: 88.88888888888889
