ConfigName: krbf__advnormalizedfitness__M3__L15__eps0p025__g0p007__ds0p15__dm0p01
Problem: QUBO
Kernel: rbf
Advantage: normalizedfitness
M: 3
lambda: 15
epsilon_svgd: 0.025
gamma: 0.007
decay_start_ratio: 0.15
decay_min_factor: 0.01
bandwith_kernel: None
no_interact: False
avg_score: -442.3800048828125
median_score: -446.5
std_score: 24.460081100463867
percentiles: 2%=-479.17999267578125, 5%=-475.0, 10%=-471.1000061035156, 25%=-462.25, 50%=-446.5, 75%=-426.5, 90%=-407.79998779296875, 95%=-399.9000244140625, 98%=-395.94000244140625
ranking_best_algo: CMApara
ranking_best_score: 453.82
ranking_my_rank: 9/504 (98.4%)
ranking_my_percent: 98.41269841269842
