ConfigName: kjsd__advperagentrankweighted__M5__L24__eps0p03__g0p0007__ds0p2__dm0p05
Problem: NK
Kernel: jsd
Advantage: peragentrankweighted
M: 5
lambda: 24
epsilon_svgd: 0.03
gamma: 0.0007
decay_start_ratio: 0.2
decay_min_factor: 0.05
bandwith_kernel: None
no_interact: False
avg_score: 0.7072885632514954
median_score: 0.7101113796234131
std_score: 0.011809254065155983
percentiles: 2%=0.688047468662262, 5%=0.6892945766448975, 10%=0.691559910774231, 25%=0.6956837177276611, 50%=0.7101113796234131, 75%=0.7173964381217957, 90%=0.721025288105011, 95%=0.7225158214569092, 98%=0.7250277400016785
ranking_best_algo: PBIL
ranking_best_score: 0.7013553837109374
ranking_my_rank: 1/504 (100.0%)
ranking_my_percent: 100.0
