ConfigName: kjsd__advperagentrankweighted__M5__L8__eps0p01__g0p003__ds0p4__dm0p05
Problem: QUBO
Kernel: jsd
Advantage: peragentrankweighted
M: 5
lambda: 8
epsilon_svgd: 0.01
gamma: 0.003
decay_start_ratio: 0.4
decay_min_factor: 0.05
bandwith_kernel: None
no_interact: False
avg_score: -933.7999877929688
median_score: -924.0
std_score: 67.47399139404297
percentiles: 2%=-1074.0400390625, 5%=-1070.199951171875, 10%=-1027.800048828125, 25%=-970.25, 50%=-924.0, 75%=-893.0, 90%=-852.4000244140625, 95%=-830.2999877929688, 98%=-808.719970703125
ranking_best_algo: CMApara
ranking_best_score: 964.9
ranking_my_rank: 17/504 (96.8%)
ranking_my_percent: 96.82539682539682
