ConfigName: krbf__advnormalizedfitness__M1__L8__eps0p033__g0p015__ds0p01__dm0p3
Problem: QUBO
Kernel: rbf
Advantage: normalizedfitness
M: 1
lambda: 8
epsilon_svgd: 0.033
gamma: 0.015
decay_start_ratio: 0.01
decay_min_factor: 0.3
bandwith_kernel: None
no_interact: False
avg_score: -133.4199981689453
median_score: -134.5
std_score: 14.481147766113281
percentiles: 2%=-158.02000427246094, 5%=-153.0, 10%=-151.0, 25%=-144.0, 50%=-134.5, 75%=-124.5, 90%=-112.80000305175781, 95%=-106.95000457763672, 98%=-100.95999145507812
ranking_best_algo: DiscreteDE
ranking_best_score: 143.4
ranking_my_rank: 311/504 (38.5%)
ranking_my_percent: 38.492063492063494
