ConfigName: kjsd__advperagentrankweighted__M4__L12__eps0p03__g0p0005__ds0p2__dm0p05
Problem: NK
Kernel: jsd
Advantage: peragentrankweighted
M: 4
lambda: 12
epsilon_svgd: 0.03
gamma: 0.0005
decay_start_ratio: 0.2
decay_min_factor: 0.05
bandwith_kernel: None
no_interact: False
avg_score: 0.7260159254074097
median_score: 0.7256231307983398
std_score: 0.008483679965138435
percentiles: 2%=0.7098016142845154, 5%=0.7132033109664917, 10%=0.7162734270095825, 25%=0.7194473743438721, 50%=0.7256231307983398, 75%=0.7324463129043579, 90%=0.7368189096450806, 95%=0.7389863133430481, 98%=0.7437949776649475
ranking_best_algo: PBIL
ranking_best_score: 0.7248786399609374
ranking_my_rank: 1/504 (100.0%)
ranking_my_percent: 100.0
