ConfigName: kjsd__advperagentrankweighted__M3__L16__eps0p007__g0p0005__ds0p05__dm0p2
Problem: NK
Kernel: jsd
Advantage: peragentrankweighted
M: 3
lambda: 16
epsilon_svgd: 0.007
gamma: 0.0005
decay_start_ratio: 0.05
decay_min_factor: 0.2
bandwith_kernel: None
no_interact: False
avg_score: 0.7216586470603943
median_score: 0.7217316627502441
std_score: 0.007280637044459581
percentiles: 2%=0.710055410861969, 5%=0.7114055156707764, 10%=0.7120106816291809, 25%=0.7165777683258057, 50%=0.7217316627502441, 75%=0.7272126078605652, 90%=0.7304448485374451, 95%=0.7341427803039551, 98%=0.7365737557411194
ranking_best_algo: PBIL
ranking_best_score: 0.7170882103515624
ranking_my_rank: 1/504 (100.0%)
ranking_my_percent: 100.0
