ConfigName: kjsd__advperagentrankweighted__M3__L16__eps0p007__g0p0005__ds0p2__dm0p2
Problem: QUBO
Kernel: jsd
Advantage: peragentrankweighted
M: 3
lambda: 16
epsilon_svgd: 0.007
gamma: 0.0005
decay_start_ratio: 0.2
decay_min_factor: 0.2
bandwith_kernel: None
no_interact: False
avg_score: -1309.1400146484375
median_score: -1302.0
std_score: 54.2250862121582
percentiles: 2%=-1442.02001953125, 5%=-1403.1500244140625, 10%=-1383.699951171875, 25%=-1343.0, 50%=-1302.0, 75%=-1270.75, 90%=-1247.0, 95%=-1221.550048828125, 98%=-1204.9599609375
ranking_best_algo: BigLognormalDiscreteOnePlusOne
ranking_best_score: 1301.3600000000004
ranking_my_rank: 1/504 (100.0%)
ranking_my_percent: 100.0
