ConfigName: krbf__advnormalizedfitness__M4__L15__eps0p025__g0p01__ds0p15__dm0p01
Problem: NK
Kernel: rbf
Advantage: normalizedfitness
M: 4
lambda: 15
epsilon_svgd: 0.025
gamma: 0.01
decay_start_ratio: 0.15
decay_min_factor: 0.01
bandwith_kernel: None
no_interact: False
avg_score: 0.6194187998771667
median_score: 0.6146156787872314
std_score: 0.01583712361752987
percentiles: 2%=0.5961860418319702, 5%=0.6002985239028931, 10%=0.6024296879768372, 25%=0.6084771752357483, 50%=0.6146156787872314, 75%=0.6276063323020935, 90%=0.6421613097190857, 95%=0.6498649716377258, 98%=0.6560803651809692
ranking_best_algo: Tabu
ranking_best_score: 0.7429702712499999
ranking_my_rank: 373/504 (26.2%)
ranking_my_percent: 26.19047619047619
