ConfigName: krbf__advnormalizedfitness__M3__L15__eps0p033__g0p01__ds0p15__dm0p3
Problem: QUBO
Kernel: rbf
Advantage: normalizedfitness
M: 3
lambda: 15
epsilon_svgd: 0.033
gamma: 0.01
decay_start_ratio: 0.15
decay_min_factor: 0.3
bandwith_kernel: None
no_interact: False
avg_score: -918.7000122070312
median_score: -912.0
std_score: 72.83165740966797
percentiles: 2%=-1064.0400390625, 5%=-1054.3499755859375, 10%=-1026.5999755859375, 25%=-965.25, 50%=-912.0, 75%=-870.25, 90%=-830.7999877929688, 95%=-813.9000854492188, 98%=-780.9599609375
ranking_best_algo: CMApara
ranking_best_score: 964.9
ranking_my_rank: 64/504 (87.5%)
ranking_my_percent: 87.5
