ConfigName: krbf__advnormalizedfitness__M2__L10__eps0p015__g0p005__ds0p15__dm0p01
Problem: QUBO
Kernel: rbf
Advantage: normalizedfitness
M: 2
lambda: 10
epsilon_svgd: 0.015
gamma: 0.005
decay_start_ratio: 0.15
decay_min_factor: 0.01
bandwith_kernel: None
no_interact: False
avg_score: -1633.300048828125
median_score: -1635.5
std_score: 63.29368209838867
percentiles: 2%=-1758.1199951171875, 5%=-1734.5, 10%=-1707.4000244140625, 25%=-1680.25, 50%=-1635.5, 75%=-1589.0, 90%=-1555.0, 95%=-1528.0, 98%=-1501.93994140625
ranking_best_algo: NLOPT_LN_PRAXIS
ranking_best_score: 1607.12
ranking_my_rank: 1/504 (100.0%)
ranking_my_percent: 100.0
