ConfigName: kjsd__advperagentrankweighted__M5__L8__eps0p005__g0p0007__ds0p2__dm0p05
Problem: QUBO
Kernel: jsd
Advantage: peragentrankweighted
M: 5
lambda: 8
epsilon_svgd: 0.005
gamma: 0.0007
decay_start_ratio: 0.2
decay_min_factor: 0.05
bandwith_kernel: None
no_interact: False
avg_score: -942.02001953125
median_score: -944.0
std_score: 58.24378967285156
percentiles: 2%=-1074.0400390625, 5%=-1042.050048828125, 10%=-1018.0999755859375, 25%=-984.25, 50%=-944.0, 75%=-895.0, 90%=-866.7999877929688, 95%=-857.7000122070312, 98%=-839.0
ranking_best_algo: CMApara
ranking_best_score: 964.9
ranking_my_rank: 4/504 (99.4%)
ranking_my_percent: 99.4047619047619
