ConfigName: krbf__advnormalizedfitness__M4__L8__eps0p015__g0p007__ds0p3__dm0p3
Problem: QUBO
Kernel: rbf
Advantage: normalizedfitness
M: 4
lambda: 8
epsilon_svgd: 0.015
gamma: 0.007
decay_start_ratio: 0.3
decay_min_factor: 0.3
bandwith_kernel: None
no_interact: False
avg_score: -306.0
median_score: -301.0
std_score: 40.25767135620117
percentiles: 2%=-388.1199951171875, 5%=-382.1000061035156, 10%=-359.3999938964844, 25%=-334.5, 50%=-301.0, 75%=-269.0, 90%=-259.8999938964844, 95%=-255.90000915527344, 98%=-243.91998291015625
ranking_best_algo: CMApara
ranking_best_score: 319.29999999999995
ranking_my_rank: 121/504 (76.2%)
ranking_my_percent: 76.19047619047619
