ConfigName: kjsd__advperagentrankweighted__M4__L24__eps0p01__g0p0007__ds0p4__dm0p05
Problem: QUBO
Kernel: jsd
Advantage: peragentrankweighted
M: 4
lambda: 24
epsilon_svgd: 0.01
gamma: 0.0007
decay_start_ratio: 0.4
decay_min_factor: 0.05
bandwith_kernel: None
no_interact: False
avg_score: -308.05999755859375
median_score: -301.5
std_score: 40.06040954589844
percentiles: 2%=-398.0400085449219, 5%=-384.20001220703125, 10%=-360.79998779296875, 25%=-334.0, 50%=-301.5, 75%=-272.0, 90%=-262.70001220703125, 95%=-254.0, 98%=-245.9600067138672
ranking_best_algo: CMApara
ranking_best_score: 319.29999999999995
ranking_my_rank: 91/504 (82.1%)
ranking_my_percent: 82.14285714285714
