ConfigName: kjsd__advperagentrankweighted__M5__L8__eps0p005__g0p0005__ds0p4__dm0p05
Problem: QUBO
Kernel: jsd
Advantage: peragentrankweighted
M: 5
lambda: 8
epsilon_svgd: 0.005
gamma: 0.0005
decay_start_ratio: 0.4
decay_min_factor: 0.05
bandwith_kernel: None
no_interact: False
avg_score: -201.55999755859375
median_score: -203.0
std_score: 11.128629684448242
percentiles: 2%=-224.0, 5%=-220.1999969482422, 10%=-215.0, 25%=-208.0, 50%=-203.0, 75%=-194.0, 90%=-185.89999389648438, 95%=-183.0, 98%=-181.0
ranking_best_algo: Tabu
ranking_best_score: 208.36000000000004
ranking_my_rank: 40/504 (92.3%)
ranking_my_percent: 92.26190476190476
