ConfigName: kfr__advglobalrankweighted__M2__L7__eps0p02__g0p007__ds0p01__dm0p01
Problem: QUBO
Kernel: fr
Advantage: globalrankweighted
M: 2
lambda: 7
epsilon_svgd: 0.02
gamma: 0.007
decay_start_ratio: 0.01
decay_min_factor: 0.01
bandwith_kernel: None
no_interact: False
avg_score: -318.44000244140625
median_score: -324.0
std_score: 25.732593536376953
percentiles: 2%=-357.0799865722656, 5%=-350.1499938964844, 10%=-346.20001220703125, 25%=-340.0, 50%=-324.0, 75%=-297.5, 90%=-284.0, 95%=-277.60003662109375, 98%=-265.7199401855469
ranking_best_algo: CMApara
ranking_best_score: 344.22
ranking_my_rank: 181/504 (64.3%)
ranking_my_percent: 64.28571428571429
