ConfigName: kfr__advglobalrankweighted__M4__L24__eps0p06__g0p001__ds0p01__dm0p01
Problem: QUBO
Kernel: fr
Advantage: globalrankweighted
M: 4
lambda: 24
epsilon_svgd: 0.06
gamma: 0.001
decay_start_ratio: 0.01
decay_min_factor: 0.01
bandwith_kernel: None
no_interact: False
avg_score: -323.239990234375
median_score: -325.5
std_score: 22.656179428100586
percentiles: 2%=-372.0, 5%=-361.0, 10%=-354.0, 25%=-337.25, 50%=-325.5, 75%=-308.0, 90%=-294.0, 95%=-281.8999938964844, 98%=-277.9599914550781
ranking_best_algo: CMApara
ranking_best_score: 344.22
ranking_my_rank: 135/504 (73.4%)
ranking_my_percent: 73.41269841269842
