ConfigName: krbf__advnormalizedfitness__M4__L10__eps0p02__g0p0005__ds0p05__dm0p05
Problem: NK
Kernel: rbf
Advantage: normalizedfitness
M: 4
lambda: 10
epsilon_svgd: 0.02
gamma: 0.0005
decay_start_ratio: 0.05
decay_min_factor: 0.05
bandwith_kernel: None
no_interact: False
avg_score: 0.7043675780296326
median_score: 0.70638108253479
std_score: 0.016387488692998886
percentiles: 2%=0.665054202079773, 5%=0.6666713953018188, 10%=0.688374936580658, 25%=0.7001500725746155, 50%=0.70638108253479, 75%=0.7116520404815674, 90%=0.7213006019592285, 95%=0.7297130823135376, 98%=0.7327324748039246
ranking_best_algo: CMApara
ranking_best_score: 0.707475975
ranking_my_rank: 10/504 (98.2%)
ranking_my_percent: 98.21428571428571
