ConfigName: kjsd__advperagentrankweighted__M3__L16__eps0p01__g0p001__ds0p1__dm0p1
Problem: NK
Kernel: jsd
Advantage: peragentrankweighted
M: 3
lambda: 16
epsilon_svgd: 0.01
gamma: 0.001
decay_start_ratio: 0.1
decay_min_factor: 0.1
bandwith_kernel: None
no_interact: False
avg_score: 0.7546156048774719
median_score: 0.7553518414497375
std_score: 0.011921827681362629
percentiles: 2%=0.7320116758346558, 5%=0.7351573705673218, 10%=0.7382469773292542, 25%=0.7459697127342224, 50%=0.7553518414497375, 75%=0.7614069581031799, 90%=0.7711948156356812, 95%=0.7743684649467468, 98%=0.7766551971435547
ranking_best_algo: Tabu
ranking_best_score: 0.7470791764843752
ranking_my_rank: 1/504 (100.0%)
ranking_my_percent: 100.0
