ConfigName: kfr__advglobalrankweighted__M5__L9__eps0p015__g0p007__ds0p01__dm0p01
Problem: QUBO
Kernel: fr
Advantage: globalrankweighted
M: 5
lambda: 9
epsilon_svgd: 0.015
gamma: 0.007
decay_start_ratio: 0.01
decay_min_factor: 0.01
bandwith_kernel: None
no_interact: False
avg_score: -2233.4599609375
median_score: -2242.0
std_score: 154.7917022705078
percentiles: 2%=-2556.0, 5%=-2478.75, 10%=-2426.10009765625, 25%=-2344.5, 50%=-2242.0, 75%=-2133.5, 90%=-2035.300048828125, 95%=-2004.2001953125, 98%=-1935.5399169921875
ranking_best_algo: SVM1MetaModelLogNormal
ranking_best_score: 2605.14
ranking_my_rank: 175/504 (65.5%)
ranking_my_percent: 65.47619047619048
