ConfigName: krbf__advnormalizedfitness__M3__L10__eps0p025__g0p007__ds0p01__dm0p3
Problem: QUBO
Kernel: rbf
Advantage: normalizedfitness
M: 3
lambda: 10
epsilon_svgd: 0.025
gamma: 0.007
decay_start_ratio: 0.01
decay_min_factor: 0.3
bandwith_kernel: None
no_interact: False
avg_score: -139.1999969482422
median_score: -140.0
std_score: 11.574109077453613
percentiles: 2%=-159.0399932861328, 5%=-158.0, 10%=-154.1999969482422, 25%=-146.0, 50%=-140.0, 75%=-131.0, 90%=-124.80000305175781, 95%=-119.95000457763672, 98%=-116.95999145507812
ranking_best_algo: DiscreteDE
ranking_best_score: 143.4
ranking_my_rank: 86/504 (83.1%)
ranking_my_percent: 83.13492063492063
