ConfigName: kjsd__advperagentrankweighted__M4__L30__eps0p005__g0p0003__ds0p05__dm0p05
Problem: NK
Kernel: jsd
Advantage: peragentrankweighted
M: 4
lambda: 30
epsilon_svgd: 0.005
gamma: 0.0003
decay_start_ratio: 0.05
decay_min_factor: 0.05
bandwith_kernel: None
no_interact: False
avg_score: 0.7127545475959778
median_score: 0.713087797164917
std_score: 0.007600798271596432
percentiles: 2%=0.6992943286895752, 5%=0.7009514570236206, 10%=0.7048318982124329, 25%=0.7064892649650574, 50%=0.713087797164917, 75%=0.7166798114776611, 90%=0.7228996753692627, 95%=0.7256420850753784, 98%=0.7278442978858948
ranking_best_algo: PBIL
ranking_best_score: 0.7170882103515624
ranking_my_rank: 42/504 (91.9%)
ranking_my_percent: 91.86507936507937
