ConfigName: kjsd__advperagentrankweighted__M4__L8__eps0p005__g0p0007__ds0p05__dm0p05
Problem: QUBO
Kernel: jsd
Advantage: peragentrankweighted
M: 4
lambda: 8
epsilon_svgd: 0.005
gamma: 0.0007
decay_start_ratio: 0.05
decay_min_factor: 0.05
bandwith_kernel: None
no_interact: False
avg_score: -1306.300048828125
median_score: -1301.0
std_score: 49.6335563659668
percentiles: 2%=-1402.3399658203125, 5%=-1391.1500244140625, 10%=-1371.300048828125, 25%=-1343.0, 50%=-1301.0, 75%=-1273.0, 90%=-1250.0, 95%=-1228.699951171875, 98%=-1214.9599609375
ranking_best_algo: BigLognormalDiscreteOnePlusOne
ranking_best_score: 1301.3600000000004
ranking_my_rank: 1/504 (100.0%)
ranking_my_percent: 100.0
