ConfigName: kfr__advglobalrankweighted__M4__L13__eps0p03__g0p007__ds0p01__dm0p01
Problem: NK
Kernel: fr
Advantage: globalrankweighted
M: 4
lambda: 13
epsilon_svgd: 0.03
gamma: 0.007
decay_start_ratio: 0.01
decay_min_factor: 0.01
bandwith_kernel: None
no_interact: False
avg_score: 0.7356563806533813
median_score: 0.7376810312271118
std_score: 0.00953779835253954
percentiles: 2%=0.7132648825645447, 5%=0.7161403298377991, 10%=0.7202185392379761, 25%=0.7314181327819824, 50%=0.7376810312271118, 75%=0.7426302433013916, 90%=0.7465221285820007, 95%=0.7470192313194275, 98%=0.7481330633163452
ranking_best_algo: PBIL
ranking_best_score: 0.7248786399609374
ranking_my_rank: 1/504 (100.0%)
ranking_my_percent: 100.0
