ConfigName: krbf__advnormalizedfitness__M3__L10__eps0p02__g0p01__ds0p15__dm0p05
Problem: QUBO
Kernel: rbf
Advantage: normalizedfitness
M: 3
lambda: 10
epsilon_svgd: 0.02
gamma: 0.01
decay_start_ratio: 0.15
decay_min_factor: 0.05
bandwith_kernel: None
no_interact: False
avg_score: -1168.02001953125
median_score: -1171.5
std_score: 73.81828308105469
percentiles: 2%=-1298.699951171875, 5%=-1281.199951171875, 10%=-1256.300048828125, 25%=-1217.75, 50%=-1171.5, 75%=-1119.75, 90%=-1067.800048828125, 95%=-1025.8499755859375, 98%=-1015.97998046875
ranking_best_algo: SVMMetaModelLogNormal
ranking_best_score: 1233.7999999999997
ranking_my_rank: 84/504 (83.5%)
ranking_my_percent: 83.53174603174604
