ConfigName: kjsd__advperagentrankweighted__M6__L8__eps0p03__g0p0003__ds0p2__dm0p05
Problem: NK
Kernel: jsd
Advantage: peragentrankweighted
M: 6
lambda: 8
epsilon_svgd: 0.03
gamma: 0.0003
decay_start_ratio: 0.2
decay_min_factor: 0.05
bandwith_kernel: None
no_interact: False
avg_score: 0.7386518120765686
median_score: 0.7380449771881104
std_score: 0.014776037074625492
percentiles: 2%=0.7113667726516724, 5%=0.7172582149505615, 10%=0.7211043834686279, 25%=0.7287800908088684, 50%=0.7380449771881104, 75%=0.7483870387077332, 90%=0.7577673196792603, 95%=0.7636542320251465, 98%=0.768524169921875
ranking_best_algo: Tabu
ranking_best_score: 0.7657846284375001
ranking_my_rank: 112/504 (78.0%)
ranking_my_percent: 77.97619047619048
