ConfigName: kjsd__advperagentrankweighted__M5__L12__eps0p008__g0p0005__ds0p3__dm0p05
Problem: NK
Kernel: jsd
Advantage: peragentrankweighted
M: 5
lambda: 12
epsilon_svgd: 0.008
gamma: 0.0005
decay_start_ratio: 0.3
decay_min_factor: 0.05
bandwith_kernel: None
no_interact: False
avg_score: 0.7454875111579895
median_score: 0.7463696002960205
std_score: 0.008635730482637882
percentiles: 2%=0.7286674380302429, 5%=0.7304878830909729, 10%=0.7344960570335388, 25%=0.7398439645767212, 50%=0.7463696002960205, 75%=0.7505115270614624, 90%=0.7573375105857849, 95%=0.76078861951828, 98%=0.763720691204071
ranking_best_algo: PBIL
ranking_best_score: 0.733570253046875
ranking_my_rank: 1/504 (100.0%)
ranking_my_percent: 100.0
