ConfigName: kjsd__advperagentrankweighted__M3__L18__eps0p007__g0p0005__ds0p2__dm0p05
Problem: QUBO
Kernel: jsd
Advantage: peragentrankweighted
M: 3
lambda: 18
epsilon_svgd: 0.007
gamma: 0.0005
decay_start_ratio: 0.2
decay_min_factor: 0.05
bandwith_kernel: None
no_interact: False
avg_score: -424.32000732421875
median_score: -421.0
std_score: 28.546411514282227
percentiles: 2%=-479.1600036621094, 5%=-475.0, 10%=-464.20001220703125, 25%=-444.25, 50%=-421.0, 75%=-405.0, 90%=-390.3999938964844, 95%=-381.75, 98%=-365.9200134277344
ranking_best_algo: CMAL3
ranking_best_score: 435.36
ranking_my_rank: 31/504 (94.0%)
ranking_my_percent: 94.04761904761905
