ConfigName: kjsd__advperagentrankweighted__M5__L8__eps0p01__g0p003__ds0p2__dm0p05
Problem: NK
Kernel: jsd
Advantage: peragentrankweighted
M: 5
lambda: 8
epsilon_svgd: 0.01
gamma: 0.003
decay_start_ratio: 0.2
decay_min_factor: 0.05
bandwith_kernel: None
no_interact: False
avg_score: 0.7575026750564575
median_score: 0.7553584575653076
std_score: 0.014041163958609104
percentiles: 2%=0.7320739030838013, 5%=0.7370482087135315, 10%=0.7394458651542664, 25%=0.7470659017562866, 50%=0.7553584575653076, 75%=0.7677112817764282, 90%=0.7750648260116577, 95%=0.7832098007202148, 98%=0.7851499319076538
ranking_best_algo: Tabu
ranking_best_score: 0.7470791764843752
ranking_my_rank: 1/504 (100.0%)
ranking_my_percent: 100.0
