ConfigName: kjsd__advperagentrankweighted__M4__L24__eps0p005__g0p0003__ds0p05__dm0p05
Problem: QUBO
Kernel: jsd
Advantage: peragentrankweighted
M: 4
lambda: 24
epsilon_svgd: 0.005
gamma: 0.0003
decay_start_ratio: 0.05
decay_min_factor: 0.05
bandwith_kernel: None
no_interact: False
avg_score: -424.9200134277344
median_score: -423.5
std_score: 29.27923583984375
percentiles: 2%=-479.0799865722656, 5%=-475.0, 10%=-465.3999938964844, 25%=-449.25, 50%=-423.5, 75%=-403.75, 90%=-385.8999938964844, 95%=-376.8500061035156, 98%=-371.9200134277344
ranking_best_algo: CMAL3
ranking_best_score: 435.36
ranking_my_rank: 29/504 (94.4%)
ranking_my_percent: 94.44444444444444
