ConfigName: krbf__advnormalizedfitness__M4__L12__eps0p015__g0p005__ds0p3__dm0p01
Problem: QUBO
Kernel: rbf
Advantage: normalizedfitness
M: 4
lambda: 12
epsilon_svgd: 0.015
gamma: 0.005
decay_start_ratio: 0.3
decay_min_factor: 0.01
bandwith_kernel: None
no_interact: False
avg_score: -1152.280029296875
median_score: -1161.5
std_score: 94.50386810302734
percentiles: 2%=-1327.280029296875, 5%=-1311.0, 10%=-1280.300048828125, 25%=-1220.25, 50%=-1161.5, 75%=-1076.5, 90%=-1029.800048828125, 95%=-1009.2500610351562, 98%=-986.1998291015625
ranking_best_algo: BigLognormalDiscreteOnePlusOne
ranking_best_score: 1301.3600000000004
ranking_my_rank: 150/504 (70.4%)
ranking_my_percent: 70.43650793650794
