ConfigName: kjsd__advperagentrankweighted__M4__L20__eps0p005__g0p0005__ds0p1__dm0p1
Problem: NK
Kernel: jsd
Advantage: peragentrankweighted
M: 4
lambda: 20
epsilon_svgd: 0.005
gamma: 0.0005
decay_start_ratio: 0.1
decay_min_factor: 0.1
bandwith_kernel: None
no_interact: False
avg_score: 0.7382369041442871
median_score: 0.7396109104156494
std_score: 0.009148995392024517
percentiles: 2%=0.7202421426773071, 5%=0.7216995358467102, 10%=0.7242242693901062, 25%=0.7326583862304688, 50%=0.7396109104156494, 75%=0.7454748153686523, 90%=0.749373733997345, 95%=0.752295970916748, 98%=0.7529312968254089
ranking_best_algo: PBIL
ranking_best_score: 0.730509098125
ranking_my_rank: 1/504 (100.0%)
ranking_my_percent: 100.0
