ConfigName: kjsd__advperagentrankweighted__M3__L20__eps0p007__g0p001__ds0p1__dm0p2
Problem: NK
Kernel: jsd
Advantage: peragentrankweighted
M: 3
lambda: 20
epsilon_svgd: 0.007
gamma: 0.001
decay_start_ratio: 0.1
decay_min_factor: 0.2
bandwith_kernel: None
no_interact: False
avg_score: 0.7436490058898926
median_score: 0.7409431338310242
std_score: 0.028248753398656845
percentiles: 2%=0.696620523929596, 5%=0.7082254886627197, 10%=0.71070396900177, 25%=0.7226963043212891, 50%=0.7409431338310242, 75%=0.7580187320709229, 90%=0.7782467603683472, 95%=0.8044298887252808, 98%=0.8054895997047424
ranking_best_algo: CMApara
ranking_best_score: 0.7459277895312499
ranking_my_rank: 7/504 (98.8%)
ranking_my_percent: 98.80952380952381
