ConfigName: krbf__advnormalizedfitness__M3__L10__eps0p025__g0p005__ds0p01__dm0p01
Problem: QUBO
Kernel: rbf
Advantage: normalizedfitness
M: 3
lambda: 10
epsilon_svgd: 0.025
gamma: 0.005
decay_start_ratio: 0.01
decay_min_factor: 0.01
bandwith_kernel: None
no_interact: False
avg_score: -1187.719970703125
median_score: -1183.0
std_score: 62.093971252441406
percentiles: 2%=-1327.3199462890625, 5%=-1291.25, 10%=-1271.199951171875, 25%=-1227.0, 50%=-1183.0, 75%=-1139.25, 90%=-1114.699951171875, 95%=-1085.800048828125, 98%=-1075.919921875
ranking_best_algo: Tabu
ranking_best_score: 1216.16
ranking_my_rank: 63/504 (87.7%)
ranking_my_percent: 87.6984126984127
