ConfigName: kjsd__advperagentrankweighted__M5__L8__eps0p005__g0p0007__ds0p4__dm0p2
Problem: QUBO
Kernel: jsd
Advantage: peragentrankweighted
M: 5
lambda: 8
epsilon_svgd: 0.005
gamma: 0.0007
decay_start_ratio: 0.4
decay_min_factor: 0.2
bandwith_kernel: None
no_interact: False
avg_score: -312.3399963378906
median_score: -316.0
std_score: 38.56325149536133
percentiles: 2%=-394.1199951171875, 5%=-384.1000061035156, 10%=-359.79998779296875, 25%=-336.0, 50%=-316.0, 75%=-276.0, 90%=-266.0, 95%=-263.95001220703125, 98%=-256.8599853515625
ranking_best_algo: CMApara
ranking_best_score: 319.29999999999995
ranking_my_rank: 34/504 (93.5%)
ranking_my_percent: 93.45238095238095
