ConfigName: krbf__advnormalizedfitness__M4__L12__eps0p033__g0p01__ds0p15__dm0p3
Problem: QUBO
Kernel: rbf
Advantage: normalizedfitness
M: 4
lambda: 12
epsilon_svgd: 0.033
gamma: 0.01
decay_start_ratio: 0.15
decay_min_factor: 0.3
bandwith_kernel: None
no_interact: False
avg_score: -528.4600219726562
median_score: -533.0
std_score: 43.87879180908203
percentiles: 2%=-601.0599975585938, 5%=-601.0, 10%=-585.2999877929688, 25%=-559.25, 50%=-533.0, 75%=-498.75, 90%=-461.8999938964844, 95%=-451.8000183105469, 98%=-436.8799743652344
ranking_best_algo: Tabu
ranking_best_score: 588.7199999999999
ranking_my_rank: 196/503 (61.2%)
ranking_my_percent: 61.232604373757454
