ConfigName: krbf__advnormalizedfitness__M4__L8__eps0p015__g0p007__ds0p01__dm0p01
Problem: QUBO
Kernel: rbf
Advantage: normalizedfitness
M: 4
lambda: 8
epsilon_svgd: 0.015
gamma: 0.007
decay_start_ratio: 0.01
decay_min_factor: 0.01
bandwith_kernel: None
no_interact: False
avg_score: -310.32000732421875
median_score: -313.0
std_score: 37.58320999145508
percentiles: 2%=-388.0799865722656, 5%=-382.20001220703125, 10%=-357.3999938964844, 25%=-336.5, 50%=-313.0, 75%=-274.75, 90%=-265.79998779296875, 95%=-260.0, 98%=-258.94000244140625
ranking_best_algo: CMApara
ranking_best_score: 319.29999999999995
ranking_my_rank: 62/504 (87.9%)
ranking_my_percent: 87.89682539682539
