ConfigName: kjsd__advperagentrankweighted__M4__L8__eps0p03__g0p0003__ds0p2__dm0p05
Problem: QUBO
Kernel: jsd
Advantage: peragentrankweighted
M: 4
lambda: 8
epsilon_svgd: 0.03
gamma: 0.0003
decay_start_ratio: 0.2
decay_min_factor: 0.05
bandwith_kernel: None
no_interact: False
avg_score: -2372.60009765625
median_score: -2356.0
std_score: 119.59883117675781
percentiles: 2%=-2650.659912109375, 5%=-2552.60009765625, 10%=-2526.199951171875, 25%=-2441.75, 50%=-2356.0, 75%=-2294.75, 90%=-2224.89990234375, 95%=-2166.699951171875, 98%=-2147.760009765625
ranking_best_algo: SVM1MetaModelLogNormal
ranking_best_score: 2605.14
ranking_my_rank: 132/504 (74.0%)
ranking_my_percent: 74.0079365079365
