ConfigName: kjsd__advperagentrankweighted__M8__L12__eps0p005__g0p0005__ds0p3__dm0p05
Problem: QUBO
Kernel: jsd
Advantage: peragentrankweighted
M: 8
lambda: 12
epsilon_svgd: 0.005
gamma: 0.0005
decay_start_ratio: 0.3
decay_min_factor: 0.05
bandwith_kernel: None
no_interact: False
avg_score: -141.10000610351562
median_score: -143.0
std_score: 10.18970012664795
percentiles: 2%=-158.0399932861328, 5%=-157.0, 10%=-155.10000610351562, 25%=-148.0, 50%=-143.0, 75%=-132.0, 90%=-127.0, 95%=-126.9000015258789, 98%=-120.9800033569336
ranking_best_algo: DiscreteDE
ranking_best_score: 143.4
ranking_my_rank: 69/504 (86.5%)
ranking_my_percent: 86.5079365079365
