ConfigName: krbf__advnormalizedfitness__M4__L24__eps0p03__g0p01__ds0p05__dm0p05
Problem: NK
Kernel: rbf
Advantage: normalizedfitness
M: 4
lambda: 24
epsilon_svgd: 0.03
gamma: 0.01
decay_start_ratio: 0.05
decay_min_factor: 0.05
bandwith_kernel: None
no_interact: False
avg_score: 0.6490966081619263
median_score: 0.6449307799339294
std_score: 0.01436078455299139
percentiles: 2%=0.6279551386833191, 5%=0.6306018829345703, 10%=0.6354968547821045, 25%=0.6398057341575623, 50%=0.6449307799339294, 75%=0.6566832661628723, 90%=0.6691473126411438, 95%=0.6809120178222656, 98%=0.6869368553161621
ranking_best_algo: Tabu
ranking_best_score: 0.7601875690625
ranking_my_rank: 385/504 (23.8%)
ranking_my_percent: 23.80952380952381
