ConfigName: kfr__advglobalrankweighted__M6__L7__eps0p02__g0p007__ds0p01__dm0p01
Problem: QUBO
Kernel: fr
Advantage: globalrankweighted
M: 6
lambda: 7
epsilon_svgd: 0.02
gamma: 0.007
decay_start_ratio: 0.01
decay_min_factor: 0.01
bandwith_kernel: None
no_interact: False
avg_score: -418.0799865722656
median_score: -417.0
std_score: 25.84170150756836
percentiles: 2%=-469.0400085449219, 5%=-465.1000061035156, 10%=-454.0, 25%=-437.0, 50%=-417.0, 75%=-397.5, 90%=-386.0, 95%=-379.9000244140625, 98%=-373.9599914550781
ranking_best_algo: Tabu
ranking_best_score: 438.12
ranking_my_rank: 40/504 (92.3%)
ranking_my_percent: 92.26190476190476
