ConfigName: kjsd__advperagentrankweighted__M4__L12__eps0p03__g0p0005__ds0p2__dm0p05
Problem: NK
Kernel: jsd
Advantage: peragentrankweighted
M: 4
lambda: 12
epsilon_svgd: 0.03
gamma: 0.0005
decay_start_ratio: 0.2
decay_min_factor: 0.05
bandwith_kernel: None
no_interact: False
avg_score: 0.728782594203949
median_score: 0.7286871671676636
std_score: 0.008282980881631374
percentiles: 2%=0.7138255834579468, 5%=0.7156982421875, 10%=0.7176634073257446, 25%=0.7229313850402832, 50%=0.7286871671676636, 75%=0.7347216606140137, 90%=0.7385904788970947, 95%=0.7411352396011353, 98%=0.7472540140151978
ranking_best_algo: PBIL
ranking_best_score: 0.733570253046875
ranking_my_rank: 3/504 (99.6%)
ranking_my_percent: 99.60317460317461
