ConfigName: kjsd__advperagentrankweighted__M4__L10__eps0p01__g0p0005__ds0p4__dm0p05
Problem: QUBO
Kernel: jsd
Advantage: peragentrankweighted
M: 4
lambda: 10
epsilon_svgd: 0.01
gamma: 0.0005
decay_start_ratio: 0.4
decay_min_factor: 0.05
bandwith_kernel: None
no_interact: False
avg_score: -329.3399963378906
median_score: -333.0
std_score: 22.296287536621094
percentiles: 2%=-372.0, 5%=-361.45001220703125, 10%=-357.0, 25%=-342.0, 50%=-333.0, 75%=-319.5, 90%=-295.8999938964844, 95%=-286.8500061035156, 98%=-281.9599914550781
ranking_best_algo: CMApara
ranking_best_score: 344.22
ranking_my_rank: 81/504 (84.1%)
ranking_my_percent: 84.12698412698413
