ConfigName: krbf__advnormalizedfitness__M4__L12__eps0p033__g0p007__ds0p15__dm0p01
Problem: QUBO
Kernel: rbf
Advantage: normalizedfitness
M: 4
lambda: 12
epsilon_svgd: 0.033
gamma: 0.007
decay_start_ratio: 0.15
decay_min_factor: 0.01
bandwith_kernel: None
no_interact: False
avg_score: -309.1400146484375
median_score: -302.0
std_score: 38.35597229003906
percentiles: 2%=-396.0, 5%=-392.0, 10%=-355.5999755859375, 25%=-336.0, 50%=-302.0, 75%=-275.75, 90%=-267.0, 95%=-264.0, 98%=-257.8399658203125
ranking_best_algo: CMApara
ranking_best_score: 319.29999999999995
ranking_my_rank: 81/504 (84.1%)
ranking_my_percent: 84.12698412698413
