ConfigName: kjsd__advperagentrankweighted__M5__L12__eps0p02__g0p0007__ds0p05__dm0p05
Problem: NK
Kernel: jsd
Advantage: peragentrankweighted
M: 5
lambda: 12
epsilon_svgd: 0.02
gamma: 0.0007
decay_start_ratio: 0.05
decay_min_factor: 0.05
bandwith_kernel: None
no_interact: False
avg_score: 0.7332859039306641
median_score: 0.7351482510566711
std_score: 0.00880725309252739
percentiles: 2%=0.7153778672218323, 5%=0.7171434164047241, 10%=0.7208235263824463, 25%=0.7268519401550293, 50%=0.7351482510566711, 75%=0.7404293417930603, 90%=0.7436691522598267, 95%=0.7453674077987671, 98%=0.7461919784545898
ranking_best_algo: PBIL
ranking_best_score: 0.7248786399609374
ranking_my_rank: 1/504 (100.0%)
ranking_my_percent: 100.0
