ConfigName: krbf__advnormalizedfitness__M4__L15__eps0p015__g0p005__ds0p01__dm0p01
Problem: QUBO
Kernel: rbf
Advantage: normalizedfitness
M: 4
lambda: 15
epsilon_svgd: 0.015
gamma: 0.005
decay_start_ratio: 0.01
decay_min_factor: 0.01
bandwith_kernel: None
no_interact: False
avg_score: -1174.699951171875
median_score: -1170.0
std_score: 86.62869262695312
percentiles: 2%=-1326.260009765625, 5%=-1313.25, 10%=-1297.199951171875, 25%=-1237.0, 50%=-1170.0, 75%=-1104.0, 90%=-1061.5, 95%=-1049.949951171875, 98%=-1030.760009765625
ranking_best_algo: BigLognormalDiscreteOnePlusOne
ranking_best_score: 1301.3600000000004
ranking_my_rank: 102/504 (80.0%)
ranking_my_percent: 79.96031746031746
