ConfigName: kjsd__advperagentrankweighted__M4__L8__eps0p005__g0p0003__ds0p2__dm0p05
Problem: QUBO
Kernel: jsd
Advantage: peragentrankweighted
M: 4
lambda: 8
epsilon_svgd: 0.005
gamma: 0.0003
decay_start_ratio: 0.2
decay_min_factor: 0.05
bandwith_kernel: None
no_interact: False
avg_score: -1630.3399658203125
median_score: -1618.0
std_score: 71.08013153076172
percentiles: 2%=-1796.0799560546875, 5%=-1760.5999755859375, 10%=-1718.699951171875, 25%=-1678.25, 50%=-1618.0, 75%=-1578.5, 90%=-1547.5, 95%=-1534.699951171875, 98%=-1500.8199462890625
ranking_best_algo: NLOPT_LN_PRAXIS
ranking_best_score: 1607.12
ranking_my_rank: 1/504 (100.0%)
ranking_my_percent: 100.0
