ConfigName: krbf__advnormalizedfitness__M2__L8__eps0p025__g0p007__ds0p3__dm0p01
Problem: QUBO
Kernel: rbf
Advantage: normalizedfitness
M: 2
lambda: 8
epsilon_svgd: 0.025
gamma: 0.007
decay_start_ratio: 0.3
decay_min_factor: 0.01
bandwith_kernel: None
no_interact: False
avg_score: -930.5
median_score: -932.0
std_score: 67.27503204345703
percentiles: 2%=-1074.0400390625, 5%=-1053.75, 10%=-1015.5999755859375, 25%=-962.25, 50%=-932.0, 75%=-893.0, 90%=-846.5999755859375, 95%=-817.0, 98%=-802.4000244140625
ranking_best_algo: CMApara
ranking_best_score: 964.9
ranking_my_rank: 19/504 (96.4%)
ranking_my_percent: 96.42857142857143
