ConfigName: krbf__advnormalizedfitness__M4__L10__eps0p03__g0p005__ds0p15__dm0p05
Problem: NK
Kernel: rbf
Advantage: normalizedfitness
M: 4
lambda: 10
epsilon_svgd: 0.03
gamma: 0.005
decay_start_ratio: 0.15
decay_min_factor: 0.05
bandwith_kernel: None
no_interact: False
avg_score: 0.7072980999946594
median_score: 0.7091974020004272
std_score: 0.011686575599014759
percentiles: 2%=0.687522292137146, 5%=0.6888518333435059, 10%=0.6922775506973267, 25%=0.6961645483970642, 50%=0.7091974020004272, 75%=0.7173116207122803, 90%=0.7208038568496704, 95%=0.7231501936912537, 98%=0.7243621349334717
ranking_best_algo: PBIL
ranking_best_score: 0.7013553837109374
ranking_my_rank: 1/504 (100.0%)
ranking_my_percent: 100.0
