ConfigName: kjsd__advperagentrankweighted__M3__L18__eps0p01__g0p0005__ds0p05__dm0p2
Problem: NK
Kernel: jsd
Advantage: peragentrankweighted
M: 3
lambda: 18
epsilon_svgd: 0.01
gamma: 0.0005
decay_start_ratio: 0.05
decay_min_factor: 0.2
bandwith_kernel: None
no_interact: False
avg_score: 0.7409976720809937
median_score: 0.7369495034217834
std_score: 0.02771363966166973
percentiles: 2%=0.6995887756347656, 5%=0.7072513699531555, 10%=0.7103720307350159, 25%=0.7190579175949097, 50%=0.7369495034217834, 75%=0.7561782598495483, 90%=0.7764824032783508, 95%=0.8044298887252808, 98%=0.8044298887252808
ranking_best_algo: CMApara
ranking_best_score: 0.7459277895312499
ranking_my_rank: 36/504 (93.1%)
ranking_my_percent: 93.05555555555556
