ConfigName: krbf__advnormalizedfitness__M3__L8__eps0p033__g0p007__ds0p3__dm0p3
Problem: QUBO
Kernel: rbf
Advantage: normalizedfitness
M: 3
lambda: 8
epsilon_svgd: 0.033
gamma: 0.007
decay_start_ratio: 0.3
decay_min_factor: 0.3
bandwith_kernel: None
no_interact: False
avg_score: -577.8200073242188
median_score: -580.0
std_score: 28.9863338470459
percentiles: 2%=-635.0399780273438, 5%=-630.0499877929688, 10%=-619.4000244140625, 25%=-592.25, 50%=-580.0, 75%=-560.0, 90%=-539.0, 95%=-530.9500122070312, 98%=-521.0
ranking_best_algo: Tabu
ranking_best_score: 588.7199999999999
ranking_my_rank: 43/503 (91.7%)
ranking_my_percent: 91.65009940357852
