ConfigName: krbf__advnormalizedfitness__M4__L12__eps0p033__g0p015__ds0p15__dm0p3
Problem: NK
Kernel: rbf
Advantage: normalizedfitness
M: 4
lambda: 12
epsilon_svgd: 0.033
gamma: 0.015
decay_start_ratio: 0.15
decay_min_factor: 0.3
bandwith_kernel: None
no_interact: False
avg_score: 0.6294214725494385
median_score: 0.6287245154380798
std_score: 0.010415743105113506
percentiles: 2%=0.6087170243263245, 5%=0.6126092076301575, 10%=0.6161092519760132, 25%=0.6238555908203125, 50%=0.6287245154380798, 75%=0.6351577043533325, 90%=0.6419738531112671, 95%=0.6473826766014099, 98%=0.6522545218467712
ranking_best_algo: PBIL
ranking_best_score: 0.733570253046875
ranking_my_rank: 311/504 (38.5%)
ranking_my_percent: 38.492063492063494
