ConfigName: krbf__advnormalizedfitness__M4__L12__eps0p025__g0p015__ds0p3__dm0p01
Problem: QUBO
Kernel: rbf
Advantage: normalizedfitness
M: 4
lambda: 12
epsilon_svgd: 0.025
gamma: 0.015
decay_start_ratio: 0.3
decay_min_factor: 0.01
bandwith_kernel: None
no_interact: False
avg_score: -961.6400146484375
median_score: -967.0
std_score: 80.5365219116211
percentiles: 2%=-1090.4000244140625, 5%=-1079.199951171875, 10%=-1065.5, 25%=-1027.75, 50%=-967.0, 75%=-900.5, 90%=-849.0, 95%=-838.800048828125, 98%=-796.5198974609375
ranking_best_algo: BigLognormalDiscreteOnePlusOne
ranking_best_score: 1301.3600000000004
ranking_my_rank: 291/504 (42.5%)
ranking_my_percent: 42.46031746031746
