ConfigName: krbf__advnormalizedfitness__M3__L12__eps0p015__g0p007__ds0p01__dm0p3
Problem: NK
Kernel: rbf
Advantage: normalizedfitness
M: 3
lambda: 12
epsilon_svgd: 0.015
gamma: 0.007
decay_start_ratio: 0.01
decay_min_factor: 0.3
bandwith_kernel: None
no_interact: False
avg_score: 0.7442867755889893
median_score: 0.7408133745193481
std_score: 0.028450528159737587
percentiles: 2%=0.6952565312385559, 5%=0.7030084133148193, 10%=0.7081749439239502, 25%=0.7223318815231323, 50%=0.7408133745193481, 75%=0.7580187320709229, 90%=0.777429461479187, 95%=0.8044298887252808, 98%=0.8118547797203064
ranking_best_algo: CMApara
ranking_best_score: 0.7459277895312499
ranking_my_rank: 5/504 (99.2%)
ranking_my_percent: 99.2063492063492
