ConfigName: kjsd__advperagentrankweighted__M3__L18__eps0p005__g0p0007__ds0p1__dm0p2
Problem: QUBO
Kernel: jsd
Advantage: peragentrankweighted
M: 3
lambda: 18
epsilon_svgd: 0.005
gamma: 0.0007
decay_start_ratio: 0.1
decay_min_factor: 0.2
bandwith_kernel: None
no_interact: False
avg_score: -1194.3599853515625
median_score: -1196.0
std_score: 58.219329833984375
percentiles: 2%=-1333.0400390625, 5%=-1312.8499755859375, 10%=-1276.300048828125, 25%=-1221.25, 50%=-1196.0, 75%=-1149.0, 90%=-1128.9000244140625, 95%=-1106.3499755859375, 98%=-1082.97998046875
ranking_best_algo: Tabu
ranking_best_score: 1216.16
ranking_my_rank: 48/504 (90.7%)
ranking_my_percent: 90.67460317460318
