ConfigName: kjsd__advperagentrankweighted__M8__L10__eps0p008__g0p0005__ds0p05__dm0p05
Problem: NK
Kernel: jsd
Advantage: peragentrankweighted
M: 8
lambda: 10
epsilon_svgd: 0.008
gamma: 0.0005
decay_start_ratio: 0.05
decay_min_factor: 0.05
bandwith_kernel: None
no_interact: False
avg_score: 0.7590992450714111
median_score: 0.7601679563522339
std_score: 0.01138546783477068
percentiles: 2%=0.736583948135376, 5%=0.7401029467582703, 10%=0.741558849811554, 25%=0.7515125274658203, 50%=0.7601679563522339, 75%=0.7668049335479736, 90%=0.7723078727722168, 95%=0.7753952741622925, 98%=0.7830525040626526
ranking_best_algo: Tabu
ranking_best_score: 0.7657846284375001
ranking_my_rank: 2/504 (99.8%)
ranking_my_percent: 99.8015873015873
