ConfigName: krbf__advnormalizedfitness__M4__L10__eps0p01__g0p001__ds0p05__dm0p05
Problem: QUBO
Kernel: rbf
Advantage: normalizedfitness
M: 4
lambda: 10
epsilon_svgd: 0.01
gamma: 0.001
decay_start_ratio: 0.05
decay_min_factor: 0.05
bandwith_kernel: None
no_interact: False
avg_score: -1558.719970703125
median_score: -1555.5
std_score: 83.4046859741211
percentiles: 2%=-1708.1400146484375, 5%=-1698.0999755859375, 10%=-1673.0, 25%=-1618.25, 50%=-1555.5, 75%=-1503.75, 90%=-1465.0, 95%=-1436.5, 98%=-1376.8800048828125
ranking_best_algo: NLOPT_LN_PRAXIS
ranking_best_score: 1607.12
ranking_my_rank: 49/504 (90.5%)
ranking_my_percent: 90.47619047619048
