ConfigName: kjsd__advperagentrankweighted__M3__L16__eps0p007__g0p003__ds0p2__dm0p1
Problem: QUBO
Kernel: jsd
Advantage: peragentrankweighted
M: 3
lambda: 16
epsilon_svgd: 0.007
gamma: 0.003
decay_start_ratio: 0.2
decay_min_factor: 0.1
bandwith_kernel: None
no_interact: False
avg_score: -2515.10009765625
median_score: -2509.0
std_score: 146.43560791015625
percentiles: 2%=-2759.10009765625, 5%=-2735.550048828125, 10%=-2703.89990234375, 25%=-2632.0, 50%=-2509.0, 75%=-2405.25, 90%=-2331.39990234375, 95%=-2259.60009765625, 98%=-2224.800048828125
ranking_best_algo: DiscreteLengler2OnePlusOne
ranking_best_score: 2617.04
ranking_my_rank: 64/504 (87.5%)
ranking_my_percent: 87.5
