ConfigName: kfr__advglobalrankweighted__M6__L11__eps0p015__g0p007__ds0p01__dm0p01
Problem: QUBO
Kernel: fr
Advantage: globalrankweighted
M: 6
lambda: 11
epsilon_svgd: 0.015
gamma: 0.007
decay_start_ratio: 0.01
decay_min_factor: 0.01
bandwith_kernel: None
no_interact: False
avg_score: -523.2000122070312
median_score: -524.0
std_score: 38.487918853759766
percentiles: 2%=-592.1400146484375, 5%=-581.25, 10%=-569.2000122070312, 25%=-553.5, 50%=-524.0, 75%=-498.5, 90%=-471.5, 95%=-459.70001220703125, 98%=-449.7999572753906
ranking_best_algo: Tabu
ranking_best_score: 588.7199999999999
ranking_my_rank: 203/503 (59.8%)
ranking_my_percent: 59.84095427435388
