ConfigName: kjsd__advperagentrankweighted__M3__L16__eps0p01__g0p0007__ds0p1__dm0p1
Problem: QUBO
Kernel: jsd
Advantage: peragentrankweighted
M: 3
lambda: 16
epsilon_svgd: 0.01
gamma: 0.0007
decay_start_ratio: 0.1
decay_min_factor: 0.1
bandwith_kernel: None
no_interact: False
avg_score: -327.5
median_score: -334.0
std_score: 23.37584114074707
percentiles: 2%=-372.0, 5%=-361.0, 10%=-350.3999938964844, 25%=-342.0, 50%=-334.0, 75%=-313.5, 90%=-295.79998779296875, 95%=-286.0, 98%=-277.67999267578125
ranking_best_algo: CMApara
ranking_best_score: 344.22
ranking_my_rank: 86/504 (83.1%)
ranking_my_percent: 83.13492063492063
