ConfigName: kjsd__advperagentrankweighted__M3__L18__eps0p007__g0p001__ds0p2__dm0p1
Problem: NK
Kernel: jsd
Advantage: peragentrankweighted
M: 3
lambda: 18
epsilon_svgd: 0.007
gamma: 0.001
decay_start_ratio: 0.2
decay_min_factor: 0.1
bandwith_kernel: None
no_interact: False
avg_score: 0.74835604429245
median_score: 0.7494845390319824
std_score: 0.010035539045929909
percentiles: 2%=0.7296276092529297, 5%=0.7319672703742981, 10%=0.734968900680542, 25%=0.7405916452407837, 50%=0.7494845390319824, 75%=0.7540912628173828, 90%=0.7603045105934143, 95%=0.7655066847801208, 98%=0.7702715396881104
ranking_best_algo: PBIL
ranking_best_score: 0.733570253046875
ranking_my_rank: 1/504 (100.0%)
ranking_my_percent: 100.0
