ConfigName: kjsd__advperagentrankweighted__M3__L16__eps0p007__g0p0005__ds0p1__dm0p05
Problem: QUBO
Kernel: jsd
Advantage: peragentrankweighted
M: 3
lambda: 16
epsilon_svgd: 0.007
gamma: 0.0005
decay_start_ratio: 0.1
decay_min_factor: 0.05
bandwith_kernel: None
no_interact: False
avg_score: -424.79998779296875
median_score: -425.5
std_score: 28.722116470336914
percentiles: 2%=-479.0400085449219, 5%=-471.29998779296875, 10%=-463.20001220703125, 25%=-444.25, 50%=-425.5, 75%=-405.25, 90%=-393.0, 95%=-388.6499938964844, 98%=-373.260009765625
ranking_best_algo: CMAL3
ranking_best_score: 435.36
ranking_my_rank: 30/504 (94.2%)
ranking_my_percent: 94.24603174603175
