ConfigName: krbf__advnormalizedfitness__M4__L10__eps0p025__g0p005__ds0p3__dm0p01
Problem: QUBO
Kernel: rbf
Advantage: normalizedfitness
M: 4
lambda: 10
epsilon_svgd: 0.025
gamma: 0.005
decay_start_ratio: 0.3
decay_min_factor: 0.01
bandwith_kernel: None
no_interact: False
avg_score: -1243.760009765625
median_score: -1241.0
std_score: 69.70826721191406
percentiles: 2%=-1422.0799560546875, 5%=-1355.1500244140625, 10%=-1336.199951171875, 25%=-1289.5, 50%=-1241.0, 75%=-1191.0, 90%=-1158.800048828125, 95%=-1145.0, 98%=-1111.719970703125
ranking_best_algo: BigLognormalDiscreteOnePlusOne
ranking_best_score: 1301.3600000000004
ranking_my_rank: 57/504 (88.9%)
ranking_my_percent: 88.88888888888889
