ConfigName: kjsd__advperagentrankweighted__M3__L18__eps0p005__g0p0005__ds0p1__dm0p2
Problem: QUBO
Kernel: jsd
Advantage: peragentrankweighted
M: 3
lambda: 18
epsilon_svgd: 0.005
gamma: 0.0005
decay_start_ratio: 0.1
decay_min_factor: 0.2
bandwith_kernel: None
no_interact: False
avg_score: -439.0799865722656
median_score: -438.5
std_score: 26.553974151611328
percentiles: 2%=-484.1600036621094, 5%=-481.0, 10%=-475.20001220703125, 25%=-457.5, 50%=-438.5, 75%=-420.0, 90%=-403.70001220703125, 95%=-398.8999938964844, 98%=-390.0
ranking_best_algo: CMApara
ranking_best_score: 453.82
ranking_my_rank: 19/504 (96.4%)
ranking_my_percent: 96.42857142857143
