ConfigName: krbf__advnormalizedfitness__M4__L10__eps0p033__g0p015__ds0p15__dm0p01
Problem: NK
Kernel: rbf
Advantage: normalizedfitness
M: 4
lambda: 10
epsilon_svgd: 0.033
gamma: 0.015
decay_start_ratio: 0.15
decay_min_factor: 0.01
bandwith_kernel: None
no_interact: False
avg_score: 0.7451007962226868
median_score: 0.7423104643821716
std_score: 0.028551265597343445
percentiles: 2%=0.704516589641571, 5%=0.707343578338623, 10%=0.7105557918548584, 25%=0.7212082743644714, 50%=0.7423104643821716, 75%=0.7601773142814636, 90%=0.778337299823761, 95%=0.8045858144760132, 98%=0.8117834329605103
ranking_best_algo: CMApara
ranking_best_score: 0.7459277895312499
ranking_my_rank: 2/504 (99.8%)
ranking_my_percent: 99.8015873015873
