ConfigName: krbf__advnormalizedfitness__M4__L8__eps0p025__g0p005__ds0p15__dm0p3
Problem: QUBO
Kernel: rbf
Advantage: normalizedfitness
M: 4
lambda: 8
epsilon_svgd: 0.025
gamma: 0.005
decay_start_ratio: 0.15
decay_min_factor: 0.3
bandwith_kernel: None
no_interact: False
avg_score: -310.4599914550781
median_score: -310.0
std_score: 38.32633972167969
percentiles: 2%=-398.0, 5%=-384.1000061035156, 10%=-359.3999938964844, 25%=-338.0, 50%=-310.0, 75%=-273.75, 90%=-267.8999938964844, 95%=-263.95001220703125, 98%=-261.89996337890625
ranking_best_algo: CMApara
ranking_best_score: 319.29999999999995
ranking_my_rank: 59/504 (88.5%)
ranking_my_percent: 88.4920634920635
