ConfigName: kjsd__advperagentrankweighted__M5__L10__eps0p02__g0p0007__ds0p2__dm0p05
Problem: NK
Kernel: jsd
Advantage: peragentrankweighted
M: 5
lambda: 10
epsilon_svgd: 0.02
gamma: 0.0007
decay_start_ratio: 0.2
decay_min_factor: 0.05
bandwith_kernel: None
no_interact: False
avg_score: 0.7386921644210815
median_score: 0.7393795251846313
std_score: 0.014470168389379978
percentiles: 2%=0.7103206515312195, 5%=0.7145007848739624, 10%=0.7176794409751892, 25%=0.7279750108718872, 50%=0.7393795251846313, 75%=0.7470700740814209, 90%=0.7590755224227905, 95%=0.7628065347671509, 98%=0.7659029960632324
ranking_best_algo: Tabu
ranking_best_score: 0.7601875690625
ranking_my_rank: 19/504 (96.4%)
ranking_my_percent: 96.42857142857143
