ConfigName: kjsd__advperagentrankweighted__M3__L16__eps0p005__g0p003__ds0p1__dm0p05
Problem: NK
Kernel: jsd
Advantage: peragentrankweighted
M: 3
lambda: 16
epsilon_svgd: 0.005
gamma: 0.003
decay_start_ratio: 0.1
decay_min_factor: 0.05
bandwith_kernel: None
no_interact: False
avg_score: 0.7043845653533936
median_score: 0.7077039480209351
std_score: 0.012553316541016102
percentiles: 2%=0.6837473511695862, 5%=0.6856705546379089, 10%=0.688937783241272, 25%=0.6919597387313843, 50%=0.7077039480209351, 75%=0.7154908776283264, 90%=0.7195038199424744, 95%=0.7216289043426514, 98%=0.7228565216064453
ranking_best_algo: PBIL
ranking_best_score: 0.7013553837109374
ranking_my_rank: 1/504 (100.0%)
ranking_my_percent: 100.0
