ConfigName: krbf__advnormalizedfitness__M4__L15__eps0p015__g0p005__ds0p01__dm0p01
Problem: QUBO
Kernel: rbf
Advantage: normalizedfitness
M: 4
lambda: 15
epsilon_svgd: 0.015
gamma: 0.005
decay_start_ratio: 0.01
decay_min_factor: 0.01
bandwith_kernel: None
no_interact: False
avg_score: -870.7000122070312
median_score: -867.0
std_score: 73.29017639160156
percentiles: 2%=-1002.0999755859375, 5%=-985.3499755859375, 10%=-966.4000244140625, 25%=-933.0, 50%=-867.0, 75%=-806.5, 90%=-777.7999877929688, 95%=-758.3500366210938, 98%=-735.97998046875
ranking_best_algo: CMAL3
ranking_best_score: 928.5800000000002
ranking_my_rank: 140/504 (72.4%)
ranking_my_percent: 72.42063492063492
