ConfigName: kjsd__advperagentrankweighted__M3__L20__eps0p005__g0p0005__ds0p05__dm0p05
Problem: QUBO
Kernel: jsd
Advantage: peragentrankweighted
M: 3
lambda: 20
epsilon_svgd: 0.005
gamma: 0.0005
decay_start_ratio: 0.05
decay_min_factor: 0.05
bandwith_kernel: None
no_interact: False
avg_score: -307.1199951171875
median_score: -307.0
std_score: 40.39487075805664
percentiles: 2%=-396.0, 5%=-386.20001220703125, 10%=-360.0, 25%=-330.0, 50%=-307.0, 75%=-274.0, 90%=-260.0, 95%=-253.89999389648438, 98%=-247.9199981689453
ranking_best_algo: CMApara
ranking_best_score: 319.29999999999995
ranking_my_rank: 103/504 (79.8%)
ranking_my_percent: 79.76190476190476
