ConfigName: kjsd__advperagentrankweighted__M5__L24__eps0p03__g0p0007__ds0p05__dm0p05
Problem: NK
Kernel: jsd
Advantage: peragentrankweighted
M: 5
lambda: 24
epsilon_svgd: 0.03
gamma: 0.0007
decay_start_ratio: 0.05
decay_min_factor: 0.05
bandwith_kernel: None
no_interact: False
avg_score: 0.7301616668701172
median_score: 0.7288450598716736
std_score: 0.009069574065506458
percentiles: 2%=0.716254711151123, 5%=0.7177806496620178, 10%=0.7201417684555054, 25%=0.724081814289093, 50%=0.7288450598716736, 75%=0.7359354496002197, 90%=0.741628110408783, 95%=0.7465038299560547, 98%=0.7500354051589966
ranking_best_algo: Tabu
ranking_best_score: 0.7429702712499999
ranking_my_rank: 2/504 (99.8%)
ranking_my_percent: 99.8015873015873
