ConfigName: krbf__advnormalizedfitness__M1__L8__eps0p015__g0p005__ds0p01__dm0p3
Problem: QUBO
Kernel: rbf
Advantage: normalizedfitness
M: 1
lambda: 8
epsilon_svgd: 0.015
gamma: 0.005
decay_start_ratio: 0.01
decay_min_factor: 0.3
bandwith_kernel: None
no_interact: False
avg_score: -2490.1201171875
median_score: -2502.5
std_score: 164.34495544433594
percentiles: 2%=-2776.199951171875, 5%=-2721.550048828125, 10%=-2649.800048828125, 25%=-2574.0, 50%=-2502.5, 75%=-2412.0, 90%=-2327.10009765625, 95%=-2289.150146484375, 98%=-2213.739990234375
ranking_best_algo: SVM1MetaModelLogNormal
ranking_best_score: 2605.14
ranking_my_rank: 66/504 (87.1%)
ranking_my_percent: 87.10317460317461
