ConfigName: krbf__advnormalizedfitness__M2__L8__eps0p015__g0p005__ds0p3__dm0p3
Problem: QUBO
Kernel: rbf
Advantage: normalizedfitness
M: 2
lambda: 8
epsilon_svgd: 0.015
gamma: 0.005
decay_start_ratio: 0.3
decay_min_factor: 0.3
bandwith_kernel: None
no_interact: False
avg_score: -1604.3599853515625
median_score: -1597.0
std_score: 59.5584602355957
percentiles: 2%=-1740.06005859375, 5%=-1716.699951171875, 10%=-1684.0999755859375, 25%=-1638.25, 50%=-1597.0, 75%=-1565.75, 90%=-1538.5999755859375, 95%=-1510.699951171875, 98%=-1498.56005859375
ranking_best_algo: NLOPT_LN_PRAXIS
ranking_best_score: 1607.12
ranking_my_rank: 11/504 (98.0%)
ranking_my_percent: 98.01587301587301
