ConfigName: kfr__advglobalrankweighted__M2__L8__eps0p01__g0p003__ds0p01__dm0p01
Problem: QUBO
Kernel: fr
Advantage: globalrankweighted
M: 2
lambda: 8
epsilon_svgd: 0.01
gamma: 0.003
decay_start_ratio: 0.01
decay_min_factor: 0.01
bandwith_kernel: None
no_interact: False
avg_score: -319.6000061035156
median_score: -324.0
std_score: 25.763540267944336
percentiles: 2%=-372.0, 5%=-353.04998779296875, 10%=-350.0, 25%=-340.0, 50%=-324.0, 75%=-298.0, 90%=-282.0, 95%=-274.0, 98%=-267.91998291015625
ranking_best_algo: CMApara
ranking_best_score: 344.22
ranking_my_rank: 178/504 (64.9%)
ranking_my_percent: 64.88095238095238
