ConfigName: krbf__advnormalizedfitness__M2__L8__eps0p025__g0p005__ds0p3__dm0p3
Problem: QUBO
Kernel: rbf
Advantage: normalizedfitness
M: 2
lambda: 8
epsilon_svgd: 0.025
gamma: 0.005
decay_start_ratio: 0.3
decay_min_factor: 0.3
bandwith_kernel: None
no_interact: False
avg_score: -890.47998046875
median_score: -887.0
std_score: 64.07518768310547
percentiles: 2%=-1020.1599731445312, 5%=-1008.25, 10%=-987.2000122070312, 25%=-929.0, 50%=-887.0, 75%=-850.75, 90%=-805.0, 95%=-793.8499755859375, 98%=-787.9000244140625
ranking_best_algo: CMAL3
ranking_best_score: 928.5800000000002
ranking_my_rank: 98/504 (80.8%)
ranking_my_percent: 80.75396825396825
