ConfigName: krbf__advnormalizedfitness__M2__L11__eps0p01__g0p005__ds0p01__dm0p01
Problem: QUBO
Kernel: rbf
Advantage: normalizedfitness
M: 2
lambda: 11
epsilon_svgd: 0.01
gamma: 0.005
decay_start_ratio: 0.01
decay_min_factor: 0.01
bandwith_kernel: None
no_interact: False
avg_score: -427.4800109863281
median_score: -424.0
std_score: 26.436521530151367
percentiles: 2%=-479.0400085449219, 5%=-473.0, 10%=-469.20001220703125, 25%=-446.0, 50%=-424.0, 75%=-410.75, 90%=-392.8999938964844, 95%=-383.8500061035156, 98%=-378.9599914550781
ranking_best_algo: CMAL3
ranking_best_score: 435.36
ranking_my_rank: 19/504 (96.4%)
ranking_my_percent: 96.42857142857143
