ConfigName: krbf__advnormalizedfitness__M4__L12__eps0p025__g0p01__ds0p3__dm0p3
Problem: QUBO
Kernel: rbf
Advantage: normalizedfitness
M: 4
lambda: 12
epsilon_svgd: 0.025
gamma: 0.01
decay_start_ratio: 0.3
decay_min_factor: 0.3
bandwith_kernel: None
no_interact: False
avg_score: -441.4599914550781
median_score: -446.5
std_score: 51.92060089111328
percentiles: 2%=-533.5599975585938, 5%=-518.0999755859375, 10%=-504.1000061035156, 25%=-485.25, 50%=-446.5, 75%=-399.0, 90%=-374.8999938964844, 95%=-356.9000244140625, 98%=-346.8399658203125
ranking_best_algo: Tabu
ranking_best_score: 588.7199999999999
ranking_my_rank: 326/503 (35.4%)
ranking_my_percent: 35.387673956262425
