ConfigName: krbf__advnormalizedfitness__M4__L12__eps0p015__g0p007__ds0p3__dm0p3
Problem: QUBO
Kernel: rbf
Advantage: normalizedfitness
M: 4
lambda: 12
epsilon_svgd: 0.015
gamma: 0.007
decay_start_ratio: 0.3
decay_min_factor: 0.3
bandwith_kernel: None
no_interact: False
avg_score: -1499.8399658203125
median_score: -1516.0
std_score: 155.62136840820312
percentiles: 2%=-1834.0799560546875, 5%=-1708.8499755859375, 10%=-1691.0, 25%=-1602.25, 50%=-1516.0, 75%=-1391.5, 90%=-1308.5, 95%=-1220.2001953125, 98%=-1182.9599609375
ranking_best_algo: SVM1MetaModelLogNormal
ranking_best_score: 2605.14
ranking_my_rank: 329/504 (34.9%)
ranking_my_percent: 34.92063492063492
