ConfigName: kjsd__advperagentrankweighted__M3__L20__eps0p005__g0p0007__ds0p2__dm0p2
Problem: QUBO
Kernel: jsd
Advantage: peragentrankweighted
M: 3
lambda: 20
epsilon_svgd: 0.005
gamma: 0.0007
decay_start_ratio: 0.2
decay_min_factor: 0.2
bandwith_kernel: None
no_interact: False
avg_score: -438.4599914550781
median_score: -442.0
std_score: 27.926841735839844
percentiles: 2%=-479.0, 5%=-472.04998779296875, 10%=-472.0, 25%=-461.25, 50%=-442.0, 75%=-421.75, 90%=-396.8999938964844, 95%=-389.8500061035156, 98%=-381.6600036621094
ranking_best_algo: CMApara
ranking_best_score: 453.82
ranking_my_rank: 20/504 (96.2%)
ranking_my_percent: 96.23015873015873
