ConfigName: krbf__advnormalizedfitness__M4__L10__eps0p01__g0p0005__ds0p05__dm0p05
Problem: NK
Kernel: rbf
Advantage: normalizedfitness
M: 4
lambda: 10
epsilon_svgd: 0.01
gamma: 0.0005
decay_start_ratio: 0.05
decay_min_factor: 0.05
bandwith_kernel: None
no_interact: False
avg_score: 0.7472795248031616
median_score: 0.7470124959945679
std_score: 0.01104014553129673
percentiles: 2%=0.7259498238563538, 5%=0.731073260307312, 10%=0.7338131070137024, 25%=0.7392891049385071, 50%=0.7470124959945679, 75%=0.7538313269615173, 90%=0.7645127177238464, 95%=0.7664738893508911, 98%=0.7686544060707092
ranking_best_algo: Tabu
ranking_best_score: 0.7470791764843752
ranking_my_rank: 1/504 (100.0%)
ranking_my_percent: 100.0
