ConfigName: kjsd__advperagentrankweighted__M6__L10__eps0p005__g0p0005__ds0p3__dm0p05
Problem: QUBO
Kernel: jsd
Advantage: peragentrankweighted
M: 6
lambda: 10
epsilon_svgd: 0.005
gamma: 0.0005
decay_start_ratio: 0.3
decay_min_factor: 0.05
bandwith_kernel: None
no_interact: False
avg_score: -2632.0
median_score: -2628.5
std_score: 121.93916320800781
percentiles: 2%=-2853.780029296875, 5%=-2827.10009765625, 10%=-2786.10009765625, 25%=-2722.75, 50%=-2628.5, 75%=-2552.0, 90%=-2472.89990234375, 95%=-2437.949951171875, 98%=-2399.580078125
ranking_best_algo: DiscreteLengler2OnePlusOne
ranking_best_score: 2617.04
ranking_my_rank: 1/504 (100.0%)
ranking_my_percent: 100.0
