ConfigName: kjsd__advperagentrankweighted__M5__L10__eps0p01__g0p003__ds0p05__dm0p2
Problem: QUBO
Kernel: jsd
Advantage: peragentrankweighted
M: 5
lambda: 10
epsilon_svgd: 0.01
gamma: 0.003
decay_start_ratio: 0.05
decay_min_factor: 0.2
bandwith_kernel: None
no_interact: False
avg_score: -1189.4000244140625
median_score: -1190.5
std_score: 77.2979965209961
percentiles: 2%=-1331.47998046875, 5%=-1316.199951171875, 10%=-1292.0, 25%=-1242.25, 50%=-1190.5, 75%=-1130.25, 90%=-1099.0, 95%=-1050.800048828125, 98%=-1036.6400146484375
ranking_best_algo: BigLognormalDiscreteOnePlusOne
ranking_best_score: 1301.3600000000004
ranking_my_rank: 93/504 (81.7%)
ranking_my_percent: 81.74603174603175
