ConfigName: kjsd__advperagentrankweighted__M3__L20__eps0p005__g0p0007__ds0p2__dm0p1
Problem: NK
Kernel: jsd
Advantage: peragentrankweighted
M: 3
lambda: 20
epsilon_svgd: 0.005
gamma: 0.0007
decay_start_ratio: 0.2
decay_min_factor: 0.1
bandwith_kernel: None
no_interact: False
avg_score: 0.7183582782745361
median_score: 0.7181318998336792
std_score: 0.00962322112172842
percentiles: 2%=0.7008760571479797, 5%=0.7026118636131287, 10%=0.7063579559326172, 25%=0.7108119130134583, 50%=0.7181318998336792, 75%=0.7251380085945129, 90%=0.7300155758857727, 95%=0.7325901389122009, 98%=0.7378950715065002
ranking_best_algo: PBIL
ranking_best_score: 0.7170882103515624
ranking_my_rank: 1/504 (100.0%)
ranking_my_percent: 100.0
