ConfigName: kjsd__advperagentrankweighted__M4__L28__eps0p008__g0p0005__ds0p05__dm0p05
Problem: QUBO
Kernel: jsd
Advantage: peragentrankweighted
M: 4
lambda: 28
epsilon_svgd: 0.008
gamma: 0.0005
decay_start_ratio: 0.05
decay_min_factor: 0.05
bandwith_kernel: None
no_interact: False
avg_score: -1629.52001953125
median_score: -1635.0
std_score: 53.19651794433594
percentiles: 2%=-1733.1400146484375, 5%=-1712.699951171875, 10%=-1693.199951171875, 25%=-1664.25, 50%=-1635.0, 75%=-1590.5, 90%=-1547.9000244140625, 95%=-1535.0, 98%=-1530.8599853515625
ranking_best_algo: NLOPT_LN_PRAXIS
ranking_best_score: 1607.12
ranking_my_rank: 1/504 (100.0%)
ranking_my_percent: 100.0
