ConfigName: kjsd__advperagentrankweighted__M5__L8__eps0p01__g0p0007__ds0p2__dm0p05
Problem: NK
Kernel: jsd
Advantage: peragentrankweighted
M: 5
lambda: 8
epsilon_svgd: 0.01
gamma: 0.0007
decay_start_ratio: 0.2
decay_min_factor: 0.05
bandwith_kernel: None
no_interact: False
avg_score: 0.7093273997306824
median_score: 0.7104939222335815
std_score: 0.015278774313628674
percentiles: 2%=0.6698750257492065, 5%=0.6736502647399902, 10%=0.6958945989608765, 25%=0.7057997584342957, 50%=0.7104939222335815, 75%=0.7182495594024658, 90%=0.7251689434051514, 95%=0.731998085975647, 98%=0.7328514456748962
ranking_best_algo: CMApara
ranking_best_score: 0.707475975
ranking_my_rank: 1/504 (100.0%)
ranking_my_percent: 100.0
