ConfigName: kjsd__advperagentrankweighted__M3__L16__eps0p005__g0p0005__ds0p2__dm0p2
Problem: QUBO
Kernel: jsd
Advantage: peragentrankweighted
M: 3
lambda: 16
epsilon_svgd: 0.005
gamma: 0.0005
decay_start_ratio: 0.2
decay_min_factor: 0.2
bandwith_kernel: None
no_interact: False
avg_score: -138.83999633789062
median_score: -140.0
std_score: 12.595808982849121
percentiles: 2%=-159.02000427246094, 5%=-158.0, 10%=-155.10000610351562, 25%=-147.0, 50%=-140.0, 75%=-129.75, 90%=-123.0, 95%=-115.9000015258789, 98%=-109.0
ranking_best_algo: DiscreteDE
ranking_best_score: 143.4
ranking_my_rank: 95/504 (81.3%)
ranking_my_percent: 81.34920634920636
