ConfigName: kjsd__advperagentrankweighted__M3__L18__eps0p005__g0p001__ds0p1__dm0p2
Problem: NK
Kernel: jsd
Advantage: peragentrankweighted
M: 3
lambda: 18
epsilon_svgd: 0.005
gamma: 0.001
decay_start_ratio: 0.1
decay_min_factor: 0.2
bandwith_kernel: None
no_interact: False
avg_score: 0.7415997385978699
median_score: 0.7397726774215698
std_score: 0.013634069822728634
percentiles: 2%=0.7164961695671082, 5%=0.7196804285049438, 10%=0.7264831066131592, 25%=0.7314768433570862, 50%=0.7397726774215698, 75%=0.7514692544937134, 90%=0.759616494178772, 95%=0.7647227644920349, 98%=0.7707588076591492
ranking_best_algo: Tabu
ranking_best_score: 0.7601875690625
ranking_my_rank: 12/504 (97.8%)
ranking_my_percent: 97.81746031746032
