ConfigName: kjsd__advperagentrankweighted__M3__L16__eps0p005__g0p0005__ds0p05__dm0p2
Problem: QUBO
Kernel: jsd
Advantage: peragentrankweighted
M: 3
lambda: 16
epsilon_svgd: 0.005
gamma: 0.0005
decay_start_ratio: 0.05
decay_min_factor: 0.2
bandwith_kernel: None
no_interact: False
avg_score: -137.16000366210938
median_score: -138.5
std_score: 12.635441780090332
percentiles: 2%=-158.0, 5%=-157.0, 10%=-154.0, 25%=-146.0, 50%=-138.5, 75%=-129.0, 90%=-122.9000015258789, 95%=-114.9000015258789, 98%=-106.95999908447266
ranking_best_algo: DiscreteDE
ranking_best_score: 143.4
ranking_my_rank: 157/504 (69.0%)
ranking_my_percent: 69.04761904761905
