ConfigName: kjsd__advperagentrankweighted__M4__L30__eps0p01__g0p0003__ds0p2__dm0p05
Problem: QUBO
Kernel: jsd
Advantage: peragentrankweighted
M: 4
lambda: 30
epsilon_svgd: 0.01
gamma: 0.0003
decay_start_ratio: 0.2
decay_min_factor: 0.05
bandwith_kernel: None
no_interact: False
avg_score: -1248.4599609375
median_score: -1241.0
std_score: 60.40139389038086
percentiles: 2%=-1374.0400390625, 5%=-1363.0999755859375, 10%=-1323.800048828125, 25%=-1287.75, 50%=-1241.0, 75%=-1203.0, 90%=-1178.9000244140625, 95%=-1165.550048828125, 98%=-1144.8800048828125
ranking_best_algo: SVMMetaModelLogNormal
ranking_best_score: 1233.7999999999997
ranking_my_rank: 1/504 (100.0%)
ranking_my_percent: 100.0
