ConfigName: kfr__advglobalrankweighted__M6__L9__eps0p01__g0p003__ds0p01__dm0p01
Problem: QUBO
Kernel: fr
Advantage: globalrankweighted
M: 6
lambda: 9
epsilon_svgd: 0.01
gamma: 0.003
decay_start_ratio: 0.01
decay_min_factor: 0.01
bandwith_kernel: None
no_interact: False
avg_score: -1084.9000244140625
median_score: -1081.0
std_score: 70.26214599609375
percentiles: 2%=-1228.0799560546875, 5%=-1210.5, 10%=-1187.4000244140625, 25%=-1132.25, 50%=-1081.0, 75%=-1024.5, 90%=-1003.7000122070312, 95%=-989.4000244140625, 98%=-966.699951171875
ranking_best_algo: SVMMetaModelLogNormal
ranking_best_score: 1233.7999999999997
ranking_my_rank: 171/504 (66.3%)
ranking_my_percent: 66.26984126984127
