ConfigName: krbf__advnormalizedfitness__M3__L8__eps0p033__g0p01__ds0p3__dm0p3
Problem: NK
Kernel: rbf
Advantage: normalizedfitness
M: 3
lambda: 8
epsilon_svgd: 0.033
gamma: 0.01
decay_start_ratio: 0.3
decay_min_factor: 0.3
bandwith_kernel: None
no_interact: False
avg_score: 0.7336107492446899
median_score: 0.7351070642471313
std_score: 0.00907241553068161
percentiles: 2%=0.7138456702232361, 5%=0.7148128747940063, 10%=0.7173774838447571, 25%=0.7299501895904541, 50%=0.7351070642471313, 75%=0.7406244874000549, 90%=0.7428602576255798, 95%=0.7445050477981567, 98%=0.7460411787033081
ranking_best_algo: PBIL
ranking_best_score: 0.7248786399609374
ranking_my_rank: 1/504 (100.0%)
ranking_my_percent: 100.0
