ConfigName: kjsd__advperagentrankweighted__M10__L24__eps0p008__g0p0005__ds0p3__dm0p05
Problem: QUBO
Kernel: jsd
Advantage: peragentrankweighted
M: 10
lambda: 24
epsilon_svgd: 0.008
gamma: 0.0005
decay_start_ratio: 0.3
decay_min_factor: 0.05
bandwith_kernel: None
no_interact: False
avg_score: -855.3200073242188
median_score: -851.0
std_score: 74.99571990966797
percentiles: 2%=-1055.0999755859375, 5%=-990.4500122070312, 10%=-943.5, 25%=-889.0, 50%=-851.0, 75%=-810.25, 90%=-764.7999877929688, 95%=-748.7000122070312, 98%=-704.9199829101562
ranking_best_algo: CMApara
ranking_best_score: 964.9
ranking_my_rank: 259/504 (48.8%)
ranking_my_percent: 48.80952380952381
