ConfigName: kjsd__advperagentrankweighted__M4__L8__eps0p03__g0p0007__ds0p05__dm0p05
Problem: QUBO
Kernel: jsd
Advantage: peragentrankweighted
M: 4
lambda: 8
epsilon_svgd: 0.03
gamma: 0.0007
decay_start_ratio: 0.05
decay_min_factor: 0.05
bandwith_kernel: None
no_interact: False
avg_score: -1210.4000244140625
median_score: -1212.0
std_score: 57.805015563964844
percentiles: 2%=-1321.1400146484375, 5%=-1306.1500244140625, 10%=-1288.300048828125, 25%=-1248.25, 50%=-1212.0, 75%=-1163.75, 90%=-1131.9000244140625, 95%=-1105.949951171875, 98%=-1101.8199462890625
ranking_best_algo: SVMMetaModelLogNormal
ranking_best_score: 1233.7999999999997
ranking_my_rank: 45/504 (91.3%)
ranking_my_percent: 91.26984126984127
