ConfigName: kfr__advglobalrankweighted__M2__L10__eps0p02__g0p005__ds0p01__dm0p01
Problem: QUBO
Kernel: fr
Advantage: globalrankweighted
M: 2
lambda: 10
epsilon_svgd: 0.02
gamma: 0.005
decay_start_ratio: 0.01
decay_min_factor: 0.01
bandwith_kernel: None
no_interact: False
avg_score: -302.7200012207031
median_score: -298.0
std_score: 37.784671783447266
percentiles: 2%=-380.239990234375, 5%=-376.1000061035156, 10%=-358.6000061035156, 25%=-323.0, 50%=-298.0, 75%=-272.0, 90%=-260.0, 95%=-251.85000610351562, 98%=-242.97999572753906
ranking_best_algo: CMApara
ranking_best_score: 319.29999999999995
ranking_my_rank: 215/504 (57.5%)
ranking_my_percent: 57.53968253968254
