ConfigName: kjsd__advperagentrankweighted__M4__L24__eps0p02__g0p0007__ds0p2__dm0p05
Problem: QUBO
Kernel: jsd
Advantage: peragentrankweighted
M: 4
lambda: 24
epsilon_svgd: 0.02
gamma: 0.0007
decay_start_ratio: 0.2
decay_min_factor: 0.05
bandwith_kernel: None
no_interact: False
avg_score: -2599.89990234375
median_score: -2599.0
std_score: 117.03123474121094
percentiles: 2%=-2787.60009765625, 5%=-2762.050048828125, 10%=-2752.199951171875, 25%=-2703.0, 50%=-2599.0, 75%=-2501.75, 90%=-2455.800048828125, 95%=-2430.699951171875, 98%=-2363.860107421875
ranking_best_algo: SVM1MetaModelLogNormal
ranking_best_score: 2605.14
ranking_my_rank: 2/504 (99.8%)
ranking_my_percent: 99.8015873015873
