ConfigName: krbf__advnormalizedfitness__M4__L12__eps0p015__g0p01__ds0p3__dm0p3
Problem: QUBO
Kernel: rbf
Advantage: normalizedfitness
M: 4
lambda: 12
epsilon_svgd: 0.015
gamma: 0.01
decay_start_ratio: 0.3
decay_min_factor: 0.3
bandwith_kernel: None
no_interact: False
avg_score: -282.739990234375
median_score: -277.0
std_score: 34.52437210083008
percentiles: 2%=-357.58001708984375, 5%=-343.20001220703125, 10%=-328.1000061035156, 25%=-301.5, 50%=-277.0, 75%=-259.0, 90%=-243.89999389648438, 95%=-234.95001220703125, 98%=-230.95999145507812
ranking_best_algo: Tabu
ranking_best_score: 588.7199999999999
ranking_my_rank: 387/503 (23.3%)
ranking_my_percent: 23.26043737574553
