ConfigName: krbf__advnormalizedfitness__M3__L12__eps0p025__g0p01__ds0p15__dm0p01
Problem: QUBO
Kernel: rbf
Advantage: normalizedfitness
M: 3
lambda: 12
epsilon_svgd: 0.025
gamma: 0.01
decay_start_ratio: 0.15
decay_min_factor: 0.01
bandwith_kernel: None
no_interact: False
avg_score: -1249.1199951171875
median_score: -1245.5
std_score: 69.58538818359375
percentiles: 2%=-1400.0799560546875, 5%=-1361.5999755859375, 10%=-1339.199951171875, 25%=-1293.5, 50%=-1245.5, 75%=-1204.5, 90%=-1156.699951171875, 95%=-1144.5, 98%=-1121.1798095703125
ranking_best_algo: BigLognormalDiscreteOnePlusOne
ranking_best_score: 1301.3600000000004
ranking_my_rank: 56/504 (89.1%)
ranking_my_percent: 89.08730158730158
