ConfigName: kjsd__advperagentrankweighted__M4__L8__eps0p01__g0p0003__ds0p05__dm0p05
Problem: NK
Kernel: jsd
Advantage: peragentrankweighted
M: 4
lambda: 8
epsilon_svgd: 0.01
gamma: 0.0003
decay_start_ratio: 0.05
decay_min_factor: 0.05
bandwith_kernel: None
no_interact: False
avg_score: 0.708356499671936
median_score: 0.7077782154083252
std_score: 0.005586780607700348
percentiles: 2%=0.6986744999885559, 5%=0.7000839114189148, 10%=0.7014872431755066, 25%=0.7041328549385071, 50%=0.7077782154083252, 75%=0.7122793197631836, 90%=0.7155618071556091, 95%=0.7173781394958496, 98%=0.7183204293251038
ranking_best_algo: PBIL
ranking_best_score: 0.7170882103515624
ranking_my_rank: 54/504 (89.5%)
ranking_my_percent: 89.48412698412699
