ConfigName: kjsd__advperagentrankweighted__M5__L8__eps0p005__g0p0005__ds0p2__dm0p2
Problem: NK
Kernel: jsd
Advantage: peragentrankweighted
M: 5
lambda: 8
epsilon_svgd: 0.005
gamma: 0.0005
decay_start_ratio: 0.2
decay_min_factor: 0.2
bandwith_kernel: None
no_interact: False
avg_score: 0.7398086786270142
median_score: 0.7405718564987183
std_score: 0.012730482034385204
percentiles: 2%=0.717395007610321, 5%=0.7211880683898926, 10%=0.7226839065551758, 25%=0.7313317656517029, 50%=0.7405718564987183, 75%=0.746911346912384, 90%=0.7573701739311218, 95%=0.7619797587394714, 98%=0.7657697796821594
ranking_best_algo: Tabu
ranking_best_score: 0.7601875690625
ranking_my_rank: 15/504 (97.2%)
ranking_my_percent: 97.22222222222223
