ConfigName: krbf__advnormalizedfitness__M3__L12__eps0p025__g0p01__ds0p01__dm0p01
Problem: QUBO
Kernel: rbf
Advantage: normalizedfitness
M: 3
lambda: 12
epsilon_svgd: 0.025
gamma: 0.01
decay_start_ratio: 0.01
decay_min_factor: 0.01
bandwith_kernel: None
no_interact: False
avg_score: -577.4199829101562
median_score: -575.5
std_score: 27.811933517456055
percentiles: 2%=-635.0800170898438, 5%=-625.2999877929688, 10%=-613.0999755859375, 25%=-599.25, 50%=-575.5, 75%=-556.0, 90%=-537.0, 95%=-534.9500122070312, 98%=-527.0
ranking_best_algo: Tabu
ranking_best_score: 588.7199999999999
ranking_my_rank: 45/503 (91.3%)
ranking_my_percent: 91.25248508946322
