ConfigName: krbf__advnormalizedfitness__M3__L12__eps0p025__g0p005__ds0p15__dm0p01
Problem: QUBO
Kernel: rbf
Advantage: normalizedfitness
M: 3
lambda: 12
epsilon_svgd: 0.025
gamma: 0.005
decay_start_ratio: 0.15
decay_min_factor: 0.01
bandwith_kernel: None
no_interact: False
avg_score: -903.239990234375
median_score: -901.0
std_score: 67.78231811523438
percentiles: 2%=-1054.0, 5%=-1012.2999877929688, 10%=-1001.0, 25%=-950.25, 50%=-901.0, 75%=-852.0, 90%=-816.9000244140625, 95%=-799.8500366210938, 98%=-785.97998046875
ranking_best_algo: CMAL3
ranking_best_score: 928.5800000000002
ranking_my_rank: 66/504 (87.1%)
ranking_my_percent: 87.10317460317461
