ConfigName: kjsd__advperagentrankweighted__M4__L12__eps0p005__g0p001__ds0p2__dm0p05
Problem: QUBO
Kernel: jsd
Advantage: peragentrankweighted
M: 4
lambda: 12
epsilon_svgd: 0.005
gamma: 0.001
decay_start_ratio: 0.2
decay_min_factor: 0.05
bandwith_kernel: None
no_interact: False
avg_score: -139.8800048828125
median_score: -141.0
std_score: 10.871320724487305
percentiles: 2%=-158.0, 5%=-157.0500030517578, 10%=-156.0, 25%=-146.25, 50%=-141.0, 75%=-131.0, 90%=-127.0, 95%=-124.9000015258789, 98%=-120.9800033569336
ranking_best_algo: DiscreteDE
ranking_best_score: 143.4
ranking_my_rank: 80/504 (84.3%)
ranking_my_percent: 84.32539682539682
