ConfigName: krbf__advnormalizedfitness__M2__L8__eps0p025__g0p01__ds0p3__dm0p01
Problem: NK
Kernel: rbf
Advantage: normalizedfitness
M: 2
lambda: 8
epsilon_svgd: 0.025
gamma: 0.01
decay_start_ratio: 0.3
decay_min_factor: 0.01
bandwith_kernel: None
no_interact: False
avg_score: 0.7533905506134033
median_score: 0.7522941827774048
std_score: 0.015014030039310455
percentiles: 2%=0.7215017676353455, 5%=0.730180561542511, 10%=0.7331255674362183, 25%=0.7436853647232056, 50%=0.7522941827774048, 75%=0.7647836208343506, 90%=0.7716334462165833, 95%=0.7762823104858398, 98%=0.7831568717956543
ranking_best_algo: Tabu
ranking_best_score: 0.7657846284375001
ranking_my_rank: 9/504 (98.4%)
ranking_my_percent: 98.41269841269842
