ConfigName: kfr__advglobalrankweighted__M2__L10__eps0p015__g0p003__ds0p01__dm0p01
Problem: QUBO
Kernel: fr
Advantage: globalrankweighted
M: 2
lambda: 10
epsilon_svgd: 0.015
gamma: 0.003
decay_start_ratio: 0.01
decay_min_factor: 0.01
bandwith_kernel: None
no_interact: False
avg_score: -899.6799926757812
median_score: -896.0
std_score: 62.75537872314453
percentiles: 2%=-1028.239990234375, 5%=-1020.1500244140625, 10%=-986.2999877929688, 25%=-934.25, 50%=-896.0, 75%=-858.75, 90%=-816.7999877929688, 95%=-809.9000244140625, 98%=-782.5798950195312
ranking_best_algo: CMAL3
ranking_best_score: 928.5800000000002
ranking_my_rank: 70/504 (86.3%)
ranking_my_percent: 86.30952380952381
