ConfigName: kjsd__advperagentrankweighted__M4__L12__eps0p005__g0p0003__ds0p4__dm0p05
Problem: NK
Kernel: jsd
Advantage: peragentrankweighted
M: 4
lambda: 12
epsilon_svgd: 0.005
gamma: 0.0003
decay_start_ratio: 0.4
decay_min_factor: 0.05
bandwith_kernel: None
no_interact: False
avg_score: 0.7111099362373352
median_score: 0.6985580325126648
std_score: 0.03174858167767525
percentiles: 2%=0.6734704971313477, 5%=0.6742434501647949, 10%=0.6751323342323303, 25%=0.6824496388435364, 50%=0.6985580325126648, 75%=0.746539831161499, 90%=0.7535533308982849, 95%=0.7613165378570557, 98%=0.7613165378570557
ranking_best_algo: CMApara
ranking_best_score: 0.7118996098437498
ranking_my_rank: 5/504 (99.2%)
ranking_my_percent: 99.2063492063492
