ConfigName: kjsd__advperagentrankweighted__M4__L8__eps0p005__g0p0007__ds0p05__dm0p2
Problem: QUBO
Kernel: jsd
Advantage: peragentrankweighted
M: 4
lambda: 8
epsilon_svgd: 0.005
gamma: 0.0007
decay_start_ratio: 0.05
decay_min_factor: 0.2
bandwith_kernel: None
no_interact: False
avg_score: -411.0199890136719
median_score: -409.0
std_score: 29.70184326171875
percentiles: 2%=-469.0400085449219, 5%=-459.5, 10%=-452.0, 25%=-430.25, 50%=-409.0, 75%=-388.0, 90%=-370.0, 95%=-362.0, 98%=-358.0
ranking_best_algo: Tabu
ranking_best_score: 438.12
ranking_my_rank: 80/504 (84.3%)
ranking_my_percent: 84.32539682539682
