ConfigName: kjsd__advperagentrankweighted__M3__L20__eps0p007__g0p0005__ds0p1__dm0p05
Problem: NK
Kernel: jsd
Advantage: peragentrankweighted
M: 3
lambda: 20
epsilon_svgd: 0.007
gamma: 0.0005
decay_start_ratio: 0.1
decay_min_factor: 0.05
bandwith_kernel: None
no_interact: False
avg_score: 0.7350999712944031
median_score: 0.7361989617347717
std_score: 0.008204230107367039
percentiles: 2%=0.7175025343894958, 5%=0.7204064726829529, 10%=0.7226164937019348, 25%=0.7296761274337769, 50%=0.7361989617347717, 75%=0.7411497831344604, 90%=0.7450516819953918, 95%=0.7469291090965271, 98%=0.7479445338249207
ranking_best_algo: PBIL
ranking_best_score: 0.7248786399609374
ranking_my_rank: 1/504 (100.0%)
ranking_my_percent: 100.0
