ConfigName: kjsd__advperagentrankweighted__M3__L18__eps0p007__g0p0007__ds0p2__dm0p2
Problem: NK
Kernel: jsd
Advantage: peragentrankweighted
M: 3
lambda: 18
epsilon_svgd: 0.007
gamma: 0.0007
decay_start_ratio: 0.2
decay_min_factor: 0.2
bandwith_kernel: None
no_interact: False
avg_score: 0.7341068983078003
median_score: 0.7333751916885376
std_score: 0.011089871637523174
percentiles: 2%=0.7105779647827148, 5%=0.7181332111358643, 10%=0.7207884192466736, 25%=0.7266831994056702, 50%=0.7333751916885376, 75%=0.7420332431793213, 90%=0.7470574378967285, 95%=0.7531958818435669, 98%=0.7552165985107422
ranking_best_algo: Tabu
ranking_best_score: 0.7429702712499999
ranking_my_rank: 2/504 (99.8%)
ranking_my_percent: 99.8015873015873
