ConfigName: krbf__advnormalizedfitness__M1__L8__eps0p025__g0p007__ds0p3__dm0p01
Problem: QUBO
Kernel: rbf
Advantage: normalizedfitness
M: 1
lambda: 8
epsilon_svgd: 0.025
gamma: 0.007
decay_start_ratio: 0.3
decay_min_factor: 0.01
bandwith_kernel: None
no_interact: False
avg_score: -131.74000549316406
median_score: -132.0
std_score: 14.191984176635742
percentiles: 2%=-157.02000427246094, 5%=-156.0, 10%=-148.0, 25%=-143.0, 50%=-132.0, 75%=-121.0, 90%=-112.9000015258789, 95%=-110.95000457763672, 98%=-104.97999572753906
ranking_best_algo: DiscreteDE
ranking_best_score: 143.4
ranking_my_rank: 319/504 (36.9%)
ranking_my_percent: 36.904761904761905
