ConfigName: krbf__advnormalizedfitness__M4__L12__eps0p033__g0p005__ds0p3__dm0p3
Problem: QUBO
Kernel: rbf
Advantage: normalizedfitness
M: 4
lambda: 12
epsilon_svgd: 0.033
gamma: 0.005
decay_start_ratio: 0.3
decay_min_factor: 0.3
bandwith_kernel: None
no_interact: False
avg_score: -444.82000732421875
median_score: -445.0
std_score: 25.276226043701172
percentiles: 2%=-492.0799865722656, 5%=-485.1000061035156, 10%=-472.1000061035156, 25%=-463.25, 50%=-445.0, 75%=-429.75, 90%=-415.4000244140625, 95%=-400.0, 98%=-386.89996337890625
ranking_best_algo: CMApara
ranking_best_score: 453.82
ranking_my_rank: 6/504 (99.0%)
ranking_my_percent: 99.0079365079365
