ConfigName: krbf__advnormalizedfitness__M4__L15__eps0p02__g0p01__ds0p15__dm0p05
Problem: NK
Kernel: rbf
Advantage: normalizedfitness
M: 4
lambda: 15
epsilon_svgd: 0.02
gamma: 0.01
decay_start_ratio: 0.15
decay_min_factor: 0.05
bandwith_kernel: None
no_interact: False
avg_score: 0.7059537768363953
median_score: 0.7085853815078735
std_score: 0.015560667030513287
percentiles: 2%=0.6657794713973999, 5%=0.667451024055481, 10%=0.692629873752594, 25%=0.699833333492279, 50%=0.7085853815078735, 75%=0.7158631682395935, 90%=0.7224441170692444, 95%=0.7268377542495728, 98%=0.7277573347091675
ranking_best_algo: CMApara
ranking_best_score: 0.707475975
ranking_my_rank: 5/504 (99.2%)
ranking_my_percent: 99.2063492063492
