ConfigName: kjsd__advperagentrankweighted__M5__L10__eps0p005__g0p003__ds0p05__dm0p05
Problem: QUBO
Kernel: jsd
Advantage: peragentrankweighted
M: 5
lambda: 10
epsilon_svgd: 0.005
gamma: 0.003
decay_start_ratio: 0.05
decay_min_factor: 0.05
bandwith_kernel: None
no_interact: False
avg_score: -838.4400024414062
median_score: -831.5
std_score: 82.57183074951172
percentiles: 2%=-990.8599853515625, 5%=-977.1500244140625, 10%=-955.0, 25%=-903.0, 50%=-831.5, 75%=-781.75, 90%=-742.4000244140625, 95%=-711.7999877929688, 98%=-683.4000244140625
ranking_best_algo: CMAL3
ranking_best_score: 928.5800000000002
ranking_my_rank: 243/504 (52.0%)
ranking_my_percent: 51.98412698412698
