ConfigName: krbf__advnormalizedfitness__M2__L8__eps0p025__g0p007__ds0p01__dm0p3
Problem: NK
Kernel: rbf
Advantage: normalizedfitness
M: 2
lambda: 8
epsilon_svgd: 0.025
gamma: 0.007
decay_start_ratio: 0.01
decay_min_factor: 0.3
bandwith_kernel: None
no_interact: False
avg_score: 0.7228128910064697
median_score: 0.7221662998199463
std_score: 0.007872733287513256
percentiles: 2%=0.7074392437934875, 5%=0.7095974087715149, 10%=0.7132378816604614, 25%=0.7176074385643005, 50%=0.7221662998199463, 75%=0.7281032204627991, 90%=0.7339174747467041, 95%=0.735683262348175, 98%=0.7374976873397827
ranking_best_algo: PBIL
ranking_best_score: 0.7170882103515624
ranking_my_rank: 1/504 (100.0%)
ranking_my_percent: 100.0
