ConfigName: krbf__advnormalizedfitness__M3__L10__eps0p03__g0p01__ds0p15__dm0p05
Problem: QUBO
Kernel: rbf
Advantage: normalizedfitness
M: 3
lambda: 10
epsilon_svgd: 0.03
gamma: 0.01
decay_start_ratio: 0.15
decay_min_factor: 0.05
bandwith_kernel: None
no_interact: False
avg_score: -148.24000549316406
median_score: -149.0
std_score: 13.844219207763672
percentiles: 2%=-179.0, 5%=-179.0, 10%=-160.0, 25%=-157.0, 50%=-149.0, 75%=-140.0, 90%=-130.6999969482422, 95%=-126.9000015258789, 98%=-117.0
ranking_best_algo: CMApara
ranking_best_score: 154.28
ranking_my_rank: 84/504 (83.5%)
ranking_my_percent: 83.53174603174604
