ConfigName: krbf__advnormalizedfitness__M3__L10__eps0p025__g0p007__ds0p01__dm0p01
Problem: NK
Kernel: rbf
Advantage: normalizedfitness
M: 3
lambda: 10
epsilon_svgd: 0.025
gamma: 0.007
decay_start_ratio: 0.01
decay_min_factor: 0.01
bandwith_kernel: None
no_interact: False
avg_score: 0.7430196404457092
median_score: 0.7423099279403687
std_score: 0.015895642340183258
percentiles: 2%=0.7098878026008606, 5%=0.7177026867866516, 10%=0.7238782644271851, 25%=0.731414258480072, 50%=0.7423099279403687, 75%=0.7540482878684998, 90%=0.7620519995689392, 95%=0.7687230110168457, 98%=0.7719605565071106
ranking_best_algo: Tabu
ranking_best_score: 0.7601875690625
ranking_my_rank: 8/504 (98.6%)
ranking_my_percent: 98.61111111111111
