ConfigName: krbf__advnormalizedfitness__M3__L10__eps0p033__g0p01__ds0p3__dm0p3
Problem: NK
Kernel: rbf
Advantage: normalizedfitness
M: 3
lambda: 10
epsilon_svgd: 0.033
gamma: 0.01
decay_start_ratio: 0.3
decay_min_factor: 0.3
bandwith_kernel: None
no_interact: False
avg_score: 0.7307518720626831
median_score: 0.730485200881958
std_score: 0.013936233706772327
percentiles: 2%=0.7051088809967041, 5%=0.7094341516494751, 10%=0.7126178741455078, 25%=0.7189180850982666, 50%=0.730485200881958, 75%=0.7420103549957275, 90%=0.7502260208129883, 95%=0.7518638372421265, 98%=0.7537727355957031
ranking_best_algo: PBIL
ranking_best_score: 0.733570253046875
ranking_my_rank: 2/504 (99.8%)
ranking_my_percent: 99.8015873015873
