ConfigName: krbf__advnormalizedfitness__M3__L15__eps0p015__g0p007__ds0p01__dm0p01
Problem: NK
Kernel: rbf
Advantage: normalizedfitness
M: 3
lambda: 15
epsilon_svgd: 0.015
gamma: 0.007
decay_start_ratio: 0.01
decay_min_factor: 0.01
bandwith_kernel: None
no_interact: False
avg_score: 0.728351354598999
median_score: 0.7296441793441772
std_score: 0.012767249718308449
percentiles: 2%=0.6993584036827087, 5%=0.7064065933227539, 10%=0.7103829383850098, 25%=0.7194781303405762, 50%=0.7296441793441772, 75%=0.7361816167831421, 90%=0.7446703910827637, 95%=0.7470939755439758, 98%=0.751314103603363
ranking_best_algo: PBIL
ranking_best_score: 0.733570253046875
ranking_my_rank: 3/504 (99.6%)
ranking_my_percent: 99.60317460317461
