ConfigName: kjsd__advperagentrankweighted__M3__L16__eps0p01__g0p003__ds0p05__dm0p05
Problem: NK
Kernel: jsd
Advantage: peragentrankweighted
M: 3
lambda: 16
epsilon_svgd: 0.01
gamma: 0.003
decay_start_ratio: 0.05
decay_min_factor: 0.05
bandwith_kernel: None
no_interact: False
avg_score: 0.7426145076751709
median_score: 0.7427515983581543
std_score: 0.013686281628906727
percentiles: 2%=0.7180672287940979, 5%=0.7220256328582764, 10%=0.7255395650863647, 25%=0.7339248657226562, 50%=0.7427515983581543, 75%=0.7518619894981384, 90%=0.7589059472084045, 95%=0.7655962109565735, 98%=0.7749822735786438
ranking_best_algo: Tabu
ranking_best_score: 0.7601875690625
ranking_my_rank: 10/504 (98.2%)
ranking_my_percent: 98.21428571428571
