ConfigName: krbf__advnormalizedfitness__M4__L10__eps0p025__g0p005__ds0p15__dm0p3
Problem: QUBO
Kernel: rbf
Advantage: normalizedfitness
M: 4
lambda: 10
epsilon_svgd: 0.025
gamma: 0.005
decay_start_ratio: 0.15
decay_min_factor: 0.3
bandwith_kernel: None
no_interact: False
avg_score: -139.55999755859375
median_score: -140.5
std_score: 11.308687210083008
percentiles: 2%=-159.02000427246094, 5%=-158.0500030517578, 10%=-155.10000610351562, 25%=-146.0, 50%=-140.5, 75%=-132.0, 90%=-125.0, 95%=-121.0, 98%=-115.0
ranking_best_algo: DiscreteDE
ranking_best_score: 143.4
ranking_my_rank: 84/504 (83.5%)
ranking_my_percent: 83.53174603174604
