ConfigName: krbf__advnormalizedfitness__M3__L10__eps0p015__g0p007__ds0p15__dm0p3
Problem: NK
Kernel: rbf
Advantage: normalizedfitness
M: 3
lambda: 10
epsilon_svgd: 0.015
gamma: 0.007
decay_start_ratio: 0.15
decay_min_factor: 0.3
bandwith_kernel: None
no_interact: False
avg_score: 0.7104945182800293
median_score: 0.7113289833068848
std_score: 0.015064632520079613
percentiles: 2%=0.6725239753723145, 5%=0.6736261248588562, 10%=0.6973960995674133, 25%=0.7075822353363037, 50%=0.7113289833068848, 75%=0.7197780609130859, 90%=0.7254673838615417, 95%=0.7317889332771301, 98%=0.7330629825592041
ranking_best_algo: CMApara
ranking_best_score: 0.707475975
ranking_my_rank: 1/504 (100.0%)
ranking_my_percent: 100.0
