ConfigName: kjsd__advperagentrankweighted__M4__L8__eps0p03__g0p0005__ds0p2__dm0p05
Problem: QUBO
Kernel: jsd
Advantage: peragentrankweighted
M: 4
lambda: 8
epsilon_svgd: 0.03
gamma: 0.0005
decay_start_ratio: 0.2
decay_min_factor: 0.05
bandwith_kernel: None
no_interact: False
avg_score: -136.74000549316406
median_score: -140.0
std_score: 11.64527416229248
percentiles: 2%=-158.0, 5%=-152.10000610351562, 10%=-149.10000610351562, 25%=-145.0, 50%=-140.0, 75%=-129.75, 90%=-118.80000305175781, 95%=-114.9000015258789, 98%=-111.0
ranking_best_algo: DiscreteDE
ranking_best_score: 143.4
ranking_my_rank: 206/504 (59.3%)
ranking_my_percent: 59.32539682539682
