ConfigName: krbf__advnormalizedfitness__M3__L8__eps0p03__g0p01__ds0p05__dm0p05
Problem: QUBO
Kernel: rbf
Advantage: normalizedfitness
M: 3
lambda: 8
epsilon_svgd: 0.03
gamma: 0.01
decay_start_ratio: 0.05
decay_min_factor: 0.05
bandwith_kernel: None
no_interact: False
avg_score: -417.05999755859375
median_score: -417.0
std_score: 26.321025848388672
percentiles: 2%=-475.0, 5%=-463.1000061035156, 10%=-453.0, 25%=-434.0, 50%=-417.0, 75%=-396.0, 90%=-387.79998779296875, 95%=-381.8999938964844, 98%=-367.760009765625
ranking_best_algo: Tabu
ranking_best_score: 438.12
ranking_my_rank: 41/504 (92.1%)
ranking_my_percent: 92.06349206349206
