ConfigName: kjsd__advperagentrankweighted__M8__L12__eps0p008__g0p0005__ds0p05__dm0p05
Problem: QUBO
Kernel: jsd
Advantage: peragentrankweighted
M: 8
lambda: 12
epsilon_svgd: 0.008
gamma: 0.0005
decay_start_ratio: 0.05
decay_min_factor: 0.05
bandwith_kernel: None
no_interact: False
avg_score: -581.9199829101562
median_score: -581.5
std_score: 28.707378387451172
percentiles: 2%=-641.0800170898438, 5%=-625.2000122070312, 10%=-615.0, 25%=-603.25, 50%=-581.5, 75%=-563.0, 90%=-542.9000244140625, 95%=-536.7999877929688, 98%=-529.9600219726562
ranking_best_algo: Tabu
ranking_best_score: 588.7199999999999
ranking_my_rank: 34/503 (93.4%)
ranking_my_percent: 93.43936381709742
