ConfigName: krbf__advnormalizedfitness__M1__L8__eps0p033__g0p01__ds0p15__dm0p01
Problem: QUBO
Kernel: rbf
Advantage: normalizedfitness
M: 1
lambda: 8
epsilon_svgd: 0.033
gamma: 0.01
decay_start_ratio: 0.15
decay_min_factor: 0.01
bandwith_kernel: None
no_interact: False
avg_score: -870.239990234375
median_score: -865.0
std_score: 65.72672271728516
percentiles: 2%=-1009.280029296875, 5%=-982.9000244140625, 10%=-961.0, 25%=-909.0, 50%=-865.0, 75%=-827.75, 90%=-794.9000244140625, 95%=-774.2500610351562, 98%=-747.8399658203125
ranking_best_algo: CMAL3
ranking_best_score: 928.5800000000002
ranking_my_rank: 173/504 (65.9%)
ranking_my_percent: 65.87301587301587
