ConfigName: krbf__advnormalizedfitness__M2__L12__eps0p025__g0p01__ds0p15__dm0p05
Problem: NK
Kernel: rbf
Advantage: normalizedfitness
M: 2
lambda: 12
epsilon_svgd: 0.025
gamma: 0.01
decay_start_ratio: 0.15
decay_min_factor: 0.05
bandwith_kernel: None
no_interact: False
avg_score: 0.737488865852356
median_score: 0.7389743328094482
std_score: 0.00885892752557993
percentiles: 2%=0.717747151851654, 5%=0.7228081822395325, 10%=0.7256720662117004, 25%=0.7303658127784729, 50%=0.7389743328094482, 75%=0.7434228658676147, 90%=0.7475751638412476, 95%=0.7501904368400574, 98%=0.7518276572227478
ranking_best_algo: PBIL
ranking_best_score: 0.730509098125
ranking_my_rank: 1/504 (100.0%)
ranking_my_percent: 100.0
