ConfigName: kjsd__advperagentrankweighted__M10__L28__eps0p008__g0p0005__ds0p05__dm0p05
Problem: QUBO
Kernel: jsd
Advantage: peragentrankweighted
M: 10
lambda: 28
epsilon_svgd: 0.008
gamma: 0.0005
decay_start_ratio: 0.05
decay_min_factor: 0.05
bandwith_kernel: None
no_interact: False
avg_score: -140.5
median_score: -140.5
std_score: 10.411051750183105
percentiles: 2%=-158.02000427246094, 5%=-158.0, 10%=-157.0, 25%=-146.0, 50%=-140.5, 75%=-132.0, 90%=-127.0, 95%=-124.94999694824219, 98%=-123.0
ranking_best_algo: DiscreteDE
ranking_best_score: 143.4
ranking_my_rank: 78/504 (84.7%)
ranking_my_percent: 84.72222222222223
