ConfigName: krbf__advnormalizedfitness__M3__L12__eps0p033__g0p007__ds0p15__dm0p01
Problem: QUBO
Kernel: rbf
Advantage: normalizedfitness
M: 3
lambda: 12
epsilon_svgd: 0.033
gamma: 0.007
decay_start_ratio: 0.15
decay_min_factor: 0.01
bandwith_kernel: None
no_interact: False
avg_score: -1213.3800048828125
median_score: -1203.0
std_score: 74.29505920410156
percentiles: 2%=-1365.0799560546875, 5%=-1344.949951171875, 10%=-1319.0999755859375, 25%=-1257.25, 50%=-1203.0, 75%=-1165.0, 90%=-1120.9000244140625, 95%=-1094.7000732421875, 98%=-1080.8800048828125
ranking_best_algo: SVMMetaModelLogNormal
ranking_best_score: 1233.7999999999997
ranking_my_rank: 45/504 (91.3%)
ranking_my_percent: 91.26984126984127
