ConfigName: kjsd__advperagentrankweighted__M3__L16__eps0p007__g0p003__ds0p05__dm0p05
Problem: QUBO
Kernel: jsd
Advantage: peragentrankweighted
M: 3
lambda: 16
epsilon_svgd: 0.007
gamma: 0.003
decay_start_ratio: 0.05
decay_min_factor: 0.05
bandwith_kernel: None
no_interact: False
avg_score: -1194.739990234375
median_score: -1199.0
std_score: 65.50994110107422
percentiles: 2%=-1326.5799560546875, 5%=-1309.25, 10%=-1275.199951171875, 25%=-1237.25, 50%=-1199.0, 75%=-1152.75, 90%=-1115.4000244140625, 95%=-1075.8499755859375, 98%=-1068.97998046875
ranking_best_algo: SVMMetaModelLogNormal
ranking_best_score: 1233.7999999999997
ranking_my_rank: 58/504 (88.7%)
ranking_my_percent: 88.69047619047619
