ConfigName: krbf__advnormalizedfitness__M3__L15__eps0p015__g0p005__ds0p01__dm0p3
Problem: QUBO
Kernel: rbf
Advantage: normalizedfitness
M: 3
lambda: 15
epsilon_svgd: 0.015
gamma: 0.005
decay_start_ratio: 0.01
decay_min_factor: 0.3
bandwith_kernel: None
no_interact: False
avg_score: -2377.260009765625
median_score: -2370.0
std_score: 188.45681762695312
percentiles: 2%=-2783.3798828125, 5%=-2766.39990234375, 10%=-2630.39990234375, 25%=-2507.0, 50%=-2370.0, 75%=-2236.0, 90%=-2132.5, 95%=-2093.800048828125, 98%=-2064.739990234375
ranking_best_algo: DiscreteLengler2OnePlusOne
ranking_best_score: 2617.04
ranking_my_rank: 138/504 (72.8%)
ranking_my_percent: 72.81746031746032
