ConfigName: krbf__advnormalizedfitness__M3__L12__eps0p025__g0p007__ds0p15__dm0p3
Problem: NK
Kernel: rbf
Advantage: normalizedfitness
M: 3
lambda: 12
epsilon_svgd: 0.025
gamma: 0.007
decay_start_ratio: 0.15
decay_min_factor: 0.3
bandwith_kernel: None
no_interact: False
avg_score: 0.7117511034011841
median_score: 0.6994725465774536
std_score: 0.03147349879145622
percentiles: 2%=0.6734704971313477, 5%=0.6735892295837402, 10%=0.6800239682197571, 25%=0.6835266351699829, 50%=0.6994725465774536, 75%=0.7474179267883301, 90%=0.7527669072151184, 95%=0.7613165378570557, 98%=0.7613165378570557
ranking_best_algo: CMApara
ranking_best_score: 0.7118996098437498
ranking_my_rank: 2/504 (99.8%)
ranking_my_percent: 99.8015873015873
