ConfigName: kjsd__advperagentrankweighted__M5__L10__eps0p01__g0p003__ds0p2__dm0p05
Problem: QUBO
Kernel: jsd
Advantage: peragentrankweighted
M: 5
lambda: 10
epsilon_svgd: 0.01
gamma: 0.003
decay_start_ratio: 0.2
decay_min_factor: 0.05
bandwith_kernel: None
no_interact: False
avg_score: -1225.260009765625
median_score: -1232.0
std_score: 77.05681610107422
percentiles: 2%=-1353.1199951171875, 5%=-1345.199951171875, 10%=-1325.5999755859375, 25%=-1280.75, 50%=-1232.0, 75%=-1171.0, 90%=-1133.9000244140625, 95%=-1098.9000244140625, 98%=-1090.3199462890625
ranking_best_algo: BigLognormalDiscreteOnePlusOne
ranking_best_score: 1301.3600000000004
ranking_my_rank: 71/504 (86.1%)
ranking_my_percent: 86.11111111111111
