ConfigName: kjsd__advperagentrankweighted__M3__L20__eps0p005__g0p0005__ds0p05__dm0p2
Problem: QUBO
Kernel: jsd
Advantage: peragentrankweighted
M: 3
lambda: 20
epsilon_svgd: 0.005
gamma: 0.0005
decay_start_ratio: 0.05
decay_min_factor: 0.2
bandwith_kernel: None
no_interact: False
avg_score: -1202.4200439453125
median_score: -1195.0
std_score: 58.58842849731445
percentiles: 2%=-1345.3199462890625, 5%=-1313.5, 10%=-1275.0, 25%=-1233.75, 50%=-1195.0, 75%=-1162.0, 90%=-1135.9000244140625, 95%=-1114.550048828125, 98%=-1091.8800048828125
ranking_best_algo: Tabu
ranking_best_score: 1216.16
ranking_my_rank: 41/504 (92.1%)
ranking_my_percent: 92.06349206349206
