ConfigName: kjsd__advperagentrankweighted__M4__L10__eps0p015__g0p0005__ds0p05__dm0p05
Problem: QUBO
Kernel: jsd
Advantage: peragentrankweighted
M: 4
lambda: 10
epsilon_svgd: 0.015
gamma: 0.0005
decay_start_ratio: 0.05
decay_min_factor: 0.05
bandwith_kernel: None
no_interact: False
avg_score: -1182.3800048828125
median_score: -1179.5
std_score: 62.494441986083984
percentiles: 2%=-1299.280029296875, 5%=-1292.050048828125, 10%=-1275.199951171875, 25%=-1228.25, 50%=-1179.5, 75%=-1137.75, 90%=-1104.9000244140625, 95%=-1084.699951171875, 98%=-1069.93994140625
ranking_best_algo: Tabu
ranking_best_score: 1216.16
ranking_my_rank: 65/504 (87.3%)
ranking_my_percent: 87.3015873015873
