ConfigName: krbf__advnormalizedfitness__M2__L10__eps0p025__g0p007__ds0p3__dm0p3
Problem: QUBO
Kernel: rbf
Advantage: normalizedfitness
M: 2
lambda: 10
epsilon_svgd: 0.025
gamma: 0.007
decay_start_ratio: 0.3
decay_min_factor: 0.3
bandwith_kernel: None
no_interact: False
avg_score: -906.760009765625
median_score: -898.0
std_score: 65.1239013671875
percentiles: 2%=-1038.0799560546875, 5%=-1010.25, 10%=-995.4000244140625, 25%=-952.75, 50%=-898.0, 75%=-857.5, 90%=-827.0, 95%=-795.9500122070312, 98%=-787.8400268554688
ranking_best_algo: CMAL3
ranking_best_score: 928.5800000000002
ranking_my_rank: 60/504 (88.3%)
ranking_my_percent: 88.2936507936508
