ConfigName: krbf__advnormalizedfitness__M3__L10__eps0p033__g0p005__ds0p15__dm0p01
Problem: QUBO
Kernel: rbf
Advantage: normalizedfitness
M: 3
lambda: 10
epsilon_svgd: 0.033
gamma: 0.005
decay_start_ratio: 0.15
decay_min_factor: 0.01
bandwith_kernel: None
no_interact: False
avg_score: -1219.5999755859375
median_score: -1218.0
std_score: 60.5707893371582
percentiles: 2%=-1339.1400146484375, 5%=-1310.550048828125, 10%=-1295.0999755859375, 25%=-1256.5, 50%=-1218.0, 75%=-1185.0, 90%=-1141.0, 95%=-1112.9000244140625, 98%=-1100.8800048828125
ranking_best_algo: SVMMetaModelLogNormal
ranking_best_score: 1233.7999999999997
ranking_my_rank: 40/504 (92.3%)
ranking_my_percent: 92.26190476190476
