ConfigName: kjsd__advperagentrankweighted__M3__L24__eps0p005__g0p001__ds0p2__dm0p05
Problem: NK
Kernel: jsd
Advantage: peragentrankweighted
M: 3
lambda: 24
epsilon_svgd: 0.005
gamma: 0.001
decay_start_ratio: 0.2
decay_min_factor: 0.05
bandwith_kernel: None
no_interact: False
avg_score: 0.7462559342384338
median_score: 0.7461406588554382
std_score: 0.010659260675311089
percentiles: 2%=0.7229568362236023, 5%=0.7307224273681641, 10%=0.7327345609664917, 25%=0.7379798889160156, 50%=0.7461406588554382, 75%=0.755193293094635, 90%=0.7605016827583313, 95%=0.7624282240867615, 98%=0.7633995413780212
ranking_best_algo: PBIL
ranking_best_score: 0.733570253046875
ranking_my_rank: 1/504 (100.0%)
ranking_my_percent: 100.0
