ConfigName: kjsd__advperagentrankweighted__M3__L24__eps0p005__g0p001__ds0p1__dm0p2
Problem: NK
Kernel: jsd
Advantage: peragentrankweighted
M: 3
lambda: 24
epsilon_svgd: 0.005
gamma: 0.001
decay_start_ratio: 0.1
decay_min_factor: 0.2
bandwith_kernel: None
no_interact: False
avg_score: 0.7532910108566284
median_score: 0.7533242702484131
std_score: 0.013893797993659973
percentiles: 2%=0.7262895703315735, 5%=0.7286241054534912, 10%=0.7327808737754822, 25%=0.7452415227890015, 50%=0.7533242702484131, 75%=0.7632887363433838, 90%=0.7704838514328003, 95%=0.7762998342514038, 98%=0.7789099812507629
ranking_best_algo: Tabu
ranking_best_score: 0.7657846284375001
ranking_my_rank: 9/504 (98.4%)
ranking_my_percent: 98.41269841269842
