ConfigName: krbf__advnormalizedfitness__M3__L10__eps0p015__g0p005__ds0p3__dm0p3
Problem: NK
Kernel: rbf
Advantage: normalizedfitness
M: 3
lambda: 10
epsilon_svgd: 0.015
gamma: 0.005
decay_start_ratio: 0.3
decay_min_factor: 0.3
bandwith_kernel: None
no_interact: False
avg_score: 0.6163961887359619
median_score: 0.6100375652313232
std_score: 0.02251662127673626
percentiles: 2%=0.5875809788703918, 5%=0.591158390045166, 10%=0.5929571390151978, 25%=0.5993425250053406, 50%=0.6100375652313232, 75%=0.629473090171814, 90%=0.6509250998497009, 95%=0.6567421555519104, 98%=0.6727938055992126
ranking_best_algo: PBIL
ranking_best_score: 0.7170882103515624
ranking_my_rank: 314/504 (37.9%)
ranking_my_percent: 37.8968253968254
