ConfigName: krbf__advnormalizedfitness__M3__L8__eps0p033__g0p007__ds0p15__dm0p3
Problem: QUBO
Kernel: rbf
Advantage: normalizedfitness
M: 3
lambda: 8
epsilon_svgd: 0.033
gamma: 0.007
decay_start_ratio: 0.15
decay_min_factor: 0.3
bandwith_kernel: None
no_interact: False
avg_score: -2596.580078125
median_score: -2572.0
std_score: 131.76443481445312
percentiles: 2%=-2883.0, 5%=-2857.10009765625, 10%=-2760.800048828125, 25%=-2690.25, 50%=-2572.0, 75%=-2503.5, 90%=-2443.800048828125, 95%=-2417.25, 98%=-2326.719970703125
ranking_best_algo: DiscreteLengler2OnePlusOne
ranking_best_score: 2617.04
ranking_my_rank: 35/504 (93.3%)
ranking_my_percent: 93.25396825396825
