ConfigName: kjsd__advperagentrankweighted__M8__L10__eps0p008__g0p0005__ds0p05__dm0p05
Problem: QUBO
Kernel: jsd
Advantage: peragentrankweighted
M: 8
lambda: 10
epsilon_svgd: 0.008
gamma: 0.0005
decay_start_ratio: 0.05
decay_min_factor: 0.05
bandwith_kernel: None
no_interact: False
avg_score: -952.9000244140625
median_score: -959.0
std_score: 71.95033264160156
percentiles: 2%=-1076.0, 5%=-1068.199951171875, 10%=-1046.0, 25%=-1007.5, 50%=-959.0, 75%=-912.5, 90%=-851.7999877929688, 95%=-830.7000122070312, 98%=-792.760009765625
ranking_best_algo: CMApara
ranking_best_score: 964.9
ranking_my_rank: 2/504 (99.8%)
ranking_my_percent: 99.8015873015873
