ConfigName: kjsd__advperagentrankweighted__M3__L20__eps0p007__g0p0007__ds0p05__dm0p1
Problem: QUBO
Kernel: jsd
Advantage: peragentrankweighted
M: 3
lambda: 20
epsilon_svgd: 0.007
gamma: 0.0007
decay_start_ratio: 0.05
decay_min_factor: 0.1
bandwith_kernel: None
no_interact: False
avg_score: -410.8800048828125
median_score: -410.5
std_score: 28.332765579223633
percentiles: 2%=-461.2799987792969, 5%=-454.04998779296875, 10%=-446.0, 25%=-430.25, 50%=-410.5, 75%=-390.0, 90%=-374.0, 95%=-367.8999938964844, 98%=-350.0
ranking_best_algo: Tabu
ranking_best_score: 438.12
ranking_my_rank: 84/504 (83.5%)
ranking_my_percent: 83.53174603174604
