ConfigName: krbf__advnormalizedfitness__M4__L8__eps0p03__g0p01__ds0p15__dm0p05
Problem: NK
Kernel: rbf
Advantage: normalizedfitness
M: 4
lambda: 8
epsilon_svgd: 0.03
gamma: 0.01
decay_start_ratio: 0.15
decay_min_factor: 0.05
bandwith_kernel: None
no_interact: False
avg_score: 0.7108222842216492
median_score: 0.7110421657562256
std_score: 0.015167363919317722
percentiles: 2%=0.67290198802948, 5%=0.6737525463104248, 10%=0.6971145272254944, 25%=0.708947479724884, 50%=0.7110421657562256, 75%=0.7201935052871704, 90%=0.7254641652107239, 95%=0.7328801155090332, 98%=0.7332873344421387
ranking_best_algo: CMApara
ranking_best_score: 0.707475975
ranking_my_rank: 1/504 (100.0%)
ranking_my_percent: 100.0
