ConfigName: kjsd__advperagentrankweighted__M5__L8__eps0p01__g0p0007__ds0p4__dm0p05
Problem: NK
Kernel: jsd
Advantage: peragentrankweighted
M: 5
lambda: 8
epsilon_svgd: 0.01
gamma: 0.0007
decay_start_ratio: 0.4
decay_min_factor: 0.05
bandwith_kernel: None
no_interact: False
avg_score: 0.7292629480361938
median_score: 0.7292221784591675
std_score: 0.009708999656140804
percentiles: 2%=0.7111589908599854, 5%=0.714876651763916, 10%=0.7168405652046204, 25%=0.7219167947769165, 50%=0.7292221784591675, 75%=0.7348361611366272, 90%=0.7414302825927734, 95%=0.7456334233283997, 98%=0.7498679757118225
ranking_best_algo: Tabu
ranking_best_score: 0.7429702712499999
ranking_my_rank: 2/504 (99.8%)
ranking_my_percent: 99.8015873015873
