ConfigName: kjsd__advperagentrankweighted__M5__L10__eps0p01__g0p003__ds0p2__dm0p2
Problem: NK
Kernel: jsd
Advantage: peragentrankweighted
M: 5
lambda: 10
epsilon_svgd: 0.01
gamma: 0.003
decay_start_ratio: 0.2
decay_min_factor: 0.2
bandwith_kernel: None
no_interact: False
avg_score: 0.7099723219871521
median_score: 0.7110691666603088
std_score: 0.015228998847305775
percentiles: 2%=0.672042191028595, 5%=0.6733353137969971, 10%=0.6963776350021362, 25%=0.7055529356002808, 50%=0.7110691666603088, 75%=0.7196943759918213, 90%=0.7254278063774109, 95%=0.7319043874740601, 98%=0.7327913045883179
ranking_best_algo: CMApara
ranking_best_score: 0.707475975
ranking_my_rank: 1/504 (100.0%)
ranking_my_percent: 100.0
