ConfigName: krbf__advnormalizedfitness__M4__L12__eps0p015__g0p007__ds0p15__dm0p01
Problem: QUBO
Kernel: rbf
Advantage: normalizedfitness
M: 4
lambda: 12
epsilon_svgd: 0.015
gamma: 0.007
decay_start_ratio: 0.15
decay_min_factor: 0.01
bandwith_kernel: None
no_interact: False
avg_score: -309.260009765625
median_score: -308.0
std_score: 38.75632095336914
percentiles: 2%=-394.0, 5%=-382.3999938964844, 10%=-351.79998779296875, 25%=-338.5, 50%=-308.0, 75%=-272.0, 90%=-266.0, 95%=-259.8000183105469, 98%=-249.95999145507812
ranking_best_algo: CMApara
ranking_best_score: 319.29999999999995
ranking_my_rank: 81/504 (84.1%)
ranking_my_percent: 84.12698412698413
