ConfigName: krbf__advnormalizedfitness__M4__L15__eps0p025__g0p005__ds0p15__dm0p3
Problem: NK
Kernel: rbf
Advantage: normalizedfitness
M: 4
lambda: 15
epsilon_svgd: 0.025
gamma: 0.005
decay_start_ratio: 0.15
decay_min_factor: 0.3
bandwith_kernel: None
no_interact: False
avg_score: 0.7507994174957275
median_score: 0.7518996000289917
std_score: 0.012899263761937618
percentiles: 2%=0.7265051603317261, 5%=0.7280232906341553, 10%=0.7332631945610046, 25%=0.7414437532424927, 50%=0.7518996000289917, 75%=0.7582466006278992, 90%=0.7664392590522766, 95%=0.7706784605979919, 98%=0.7739222049713135
ranking_best_algo: Tabu
ranking_best_score: 0.7657846284375001
ranking_my_rank: 21/504 (96.0%)
ranking_my_percent: 96.03174603174604
