ConfigName: kjsd__advperagentrankweighted__M4__L24__eps0p01__g0p0007__ds0p2__dm0p05
Problem: NK
Kernel: jsd
Advantage: peragentrankweighted
M: 4
lambda: 24
epsilon_svgd: 0.01
gamma: 0.0007
decay_start_ratio: 0.2
decay_min_factor: 0.05
bandwith_kernel: None
no_interact: False
avg_score: 0.7589148879051208
median_score: 0.7575007677078247
std_score: 0.012168682180345058
percentiles: 2%=0.7374584078788757, 5%=0.739530086517334, 10%=0.7416085600852966, 25%=0.7510652542114258, 50%=0.7575007677078247, 75%=0.7687870860099792, 90%=0.7763111591339111, 95%=0.7783194184303284, 98%=0.7796705365180969
ranking_best_algo: Tabu
ranking_best_score: 0.7470791764843752
ranking_my_rank: 1/504 (100.0%)
ranking_my_percent: 100.0
