ConfigName: krbf__advnormalizedfitness__M2__L6__eps0p02__g0p006__ds0p3__dm0p01
Problem: NK
Kernel: rbf
Advantage: normalizedfitness
M: 2
lambda: 6
epsilon_svgd: 0.02
gamma: 0.006
decay_start_ratio: 0.3
decay_min_factor: 0.01
bandwith_kernel: None
no_interact: False
avg_score: 0.7524681687355042
median_score: 0.7527217268943787
std_score: 0.012801417149603367
percentiles: 2%=0.7254968881607056, 5%=0.7305287718772888, 10%=0.7380353212356567, 25%=0.743674099445343, 50%=0.7527217268943787, 75%=0.7618833780288696, 90%=0.7682168483734131, 95%=0.7725972533226013, 98%=0.7782689332962036
ranking_best_algo: Tabu
ranking_best_score: 0.7470791764843752
ranking_my_rank: 1/504 (100.0%)
ranking_my_percent: 100.0
