ConfigName: kjsd__advperagentrankweighted__M5__L8__eps0p005__g0p003__ds0p05__dm0p2
Problem: QUBO
Kernel: jsd
Advantage: peragentrankweighted
M: 5
lambda: 8
epsilon_svgd: 0.005
gamma: 0.003
decay_start_ratio: 0.05
decay_min_factor: 0.2
bandwith_kernel: None
no_interact: False
avg_score: -805.4000244140625
median_score: -799.0
std_score: 67.71012115478516
percentiles: 2%=-919.1199951171875, 5%=-917.0, 10%=-903.2000122070312, 25%=-860.5, 50%=-799.0, 75%=-757.0, 90%=-716.0, 95%=-711.0, 98%=-685.4600219726562
ranking_best_algo: CMAL3
ranking_best_score: 928.5800000000002
ranking_my_rank: 267/504 (47.2%)
ranking_my_percent: 47.22222222222222
