ConfigName: krbf__advnormalizedfitness__M4__L10__eps0p025__g0p015__ds0p3__dm0p01
Problem: QUBO
Kernel: rbf
Advantage: normalizedfitness
M: 4
lambda: 10
epsilon_svgd: 0.025
gamma: 0.015
decay_start_ratio: 0.3
decay_min_factor: 0.01
bandwith_kernel: None
no_interact: False
avg_score: -516.6400146484375
median_score: -516.5
std_score: 42.06697463989258
percentiles: 2%=-595.1599731445312, 5%=-582.0499877929688, 10%=-569.0999755859375, 25%=-550.5, 50%=-516.5, 75%=-479.0, 90%=-460.6000061035156, 95%=-451.95001220703125, 98%=-439.9599914550781
ranking_best_algo: Tabu
ranking_best_score: 588.7199999999999
ranking_my_rank: 225/503 (55.5%)
ranking_my_percent: 55.46719681908549
