ConfigName: kfr__advglobalrankweighted__M2__L7__eps0p01__g0p003__ds0p01__dm0p01
Problem: QUBO
Kernel: fr
Advantage: globalrankweighted
M: 2
lambda: 7
epsilon_svgd: 0.01
gamma: 0.003
decay_start_ratio: 0.01
decay_min_factor: 0.01
bandwith_kernel: None
no_interact: False
avg_score: -145.67999267578125
median_score: -145.0
std_score: 12.870803833007812
percentiles: 2%=-179.0, 5%=-167.5, 10%=-158.1999969482422, 25%=-154.0, 50%=-145.0, 75%=-138.5, 90%=-128.89999389648438, 95%=-125.95000457763672, 98%=-121.0
ranking_best_algo: CMApara
ranking_best_score: 154.28
ranking_my_rank: 136/504 (73.2%)
ranking_my_percent: 73.21428571428571
