ConfigName: kjsd__advperagentrankweighted__M3__L16__eps0p005__g0p0005__ds0p1__dm0p1
Problem: NK
Kernel: jsd
Advantage: peragentrankweighted
M: 3
lambda: 16
epsilon_svgd: 0.005
gamma: 0.0005
decay_start_ratio: 0.1
decay_min_factor: 0.1
bandwith_kernel: None
no_interact: False
avg_score: 0.7354644536972046
median_score: 0.7374014258384705
std_score: 0.009457495994865894
percentiles: 2%=0.7169669270515442, 5%=0.7184741497039795, 10%=0.7208342552185059, 25%=0.7288563251495361, 50%=0.7374014258384705, 75%=0.7423275709152222, 90%=0.746631920337677, 95%=0.7492362260818481, 98%=0.7522788047790527
ranking_best_algo: PBIL
ranking_best_score: 0.730509098125
ranking_my_rank: 1/504 (100.0%)
ranking_my_percent: 100.0
