ConfigName: kfr__advglobalrankweighted__M3__L10__eps0p01__g0p003__ds0p01__dm0p01
Problem: QUBO
Kernel: fr
Advantage: globalrankweighted
M: 3
lambda: 10
epsilon_svgd: 0.01
gamma: 0.003
decay_start_ratio: 0.01
decay_min_factor: 0.01
bandwith_kernel: None
no_interact: False
avg_score: -1232.4200439453125
median_score: -1223.0
std_score: 63.70246124267578
percentiles: 2%=-1370.0999755859375, 5%=-1347.4000244140625, 10%=-1318.800048828125, 25%=-1264.25, 50%=-1223.0, 75%=-1189.5, 90%=-1153.0, 95%=-1144.8499755859375, 98%=-1134.639892578125
ranking_best_algo: SVMMetaModelLogNormal
ranking_best_score: 1233.7999999999997
ranking_my_rank: 9/504 (98.4%)
ranking_my_percent: 98.41269841269842
