ConfigName: krbf__advnormalizedfitness__M4__L12__eps0p015__g0p007__ds0p3__dm0p3
Problem: QUBO
Kernel: rbf
Advantage: normalizedfitness
M: 4
lambda: 12
epsilon_svgd: 0.015
gamma: 0.007
decay_start_ratio: 0.3
decay_min_factor: 0.3
bandwith_kernel: None
no_interact: False
avg_score: -187.24000549316406
median_score: -185.0
std_score: 15.18493938446045
percentiles: 2%=-224.0, 5%=-212.10000610351562, 10%=-208.0, 25%=-197.0, 50%=-185.0, 75%=-177.0, 90%=-167.0, 95%=-164.90000915527344, 98%=-159.97999572753906
ranking_best_algo: Tabu
ranking_best_score: 208.36000000000004
ranking_my_rank: 250/504 (50.6%)
ranking_my_percent: 50.595238095238095
