ConfigName: kjsd__advperagentrankweighted__M6__L8__eps0p02__g0p0005__ds0p2__dm0p05
Problem: QUBO
Kernel: jsd
Advantage: peragentrankweighted
M: 6
lambda: 8
epsilon_svgd: 0.02
gamma: 0.0005
decay_start_ratio: 0.2
decay_min_factor: 0.05
bandwith_kernel: None
no_interact: False
avg_score: -913.7999877929688
median_score: -902.5
std_score: 62.154483795166016
percentiles: 2%=-1032.1199951171875, 5%=-1016.1500244140625, 10%=-998.2999877929688, 25%=-965.0, 50%=-902.5, 75%=-866.75, 90%=-837.0999755859375, 95%=-819.0, 98%=-800.9199829101562
ranking_best_algo: CMAL3
ranking_best_score: 928.5800000000002
ranking_my_rank: 18/504 (96.6%)
ranking_my_percent: 96.62698412698413
