ConfigName: kjsd__advperagentrankweighted__M6__L30__eps0p005__g0p0005__ds0p05__dm0p05
Problem: QUBO
Kernel: jsd
Advantage: peragentrankweighted
M: 6
lambda: 30
epsilon_svgd: 0.005
gamma: 0.0005
decay_start_ratio: 0.05
decay_min_factor: 0.05
bandwith_kernel: None
no_interact: False
avg_score: -1158.47998046875
median_score: -1147.0
std_score: 75.9928207397461
percentiles: 2%=-1327.52001953125, 5%=-1287.0999755859375, 10%=-1263.199951171875, 25%=-1208.5, 50%=-1147.0, 75%=-1102.5, 90%=-1069.5999755859375, 95%=-1055.6500244140625, 98%=-1019.97998046875
ranking_best_algo: Tabu
ranking_best_score: 1216.16
ranking_my_rank: 100/504 (80.4%)
ranking_my_percent: 80.35714285714286
