ConfigName: krbf__advnormalizedfitness__M4__L10__eps0p025__g0p005__ds0p15__dm0p3
Problem: NK
Kernel: rbf
Advantage: normalizedfitness
M: 4
lambda: 10
epsilon_svgd: 0.025
gamma: 0.005
decay_start_ratio: 0.15
decay_min_factor: 0.3
bandwith_kernel: None
no_interact: False
avg_score: 0.7265053391456604
median_score: 0.7258690595626831
std_score: 0.014665547758340836
percentiles: 2%=0.6959553360939026, 5%=0.7015395164489746, 10%=0.7095943093299866, 25%=0.7149629592895508, 50%=0.7258690595626831, 75%=0.7355948090553284, 90%=0.7438963055610657, 95%=0.7536554932594299, 98%=0.7554696202278137
ranking_best_algo: PBIL
ranking_best_score: 0.733570253046875
ranking_my_rank: 7/504 (98.8%)
ranking_my_percent: 98.80952380952381
