ConfigName: kjsd__advperagentrankweighted__M4__L24__eps0p01__g0p0005__ds1__dm1
Problem: QUBO
Kernel: jsd
Advantage: peragentrankweighted
M: 4
lambda: 24
epsilon_svgd: 0.01
gamma: 0.0005
decay_start_ratio: 1.0
decay_min_factor: 1.0
bandwith_kernel: None
no_interact: False
avg_score: -429.1400146484375
median_score: -428.5
std_score: 27.737707138061523
percentiles: 2%=-481.0, 5%=-477.1000061035156, 10%=-473.0, 25%=-448.5, 50%=-428.5, 75%=-413.0, 90%=-395.70001220703125, 95%=-388.8500061035156, 98%=-370.0
ranking_best_algo: CMAL3
ranking_best_score: 435.36
ranking_my_rank: 12/504 (97.8%)
ranking_my_percent: 97.81746031746032
no_repulsion: True
