ConfigName: krbf__advnormalizedfitness__M4__L12__eps0p025__g0p01__ds0p15__dm0p3
Problem: QUBO
Kernel: rbf
Advantage: normalizedfitness
M: 4
lambda: 12
epsilon_svgd: 0.025
gamma: 0.01
decay_start_ratio: 0.15
decay_min_factor: 0.3
bandwith_kernel: None
no_interact: False
avg_score: -300.3399963378906
median_score: -291.0
std_score: 39.414268493652344
percentiles: 2%=-392.0400085449219, 5%=-386.1000061035156, 10%=-352.20001220703125, 25%=-326.5, 50%=-291.0, 75%=-269.5, 90%=-255.8000030517578, 95%=-249.95001220703125, 98%=-241.9399871826172
ranking_best_algo: CMApara
ranking_best_score: 319.29999999999995
ranking_my_rank: 228/504 (55.0%)
ranking_my_percent: 54.96031746031746
