ConfigName: kfr__advglobalrankweighted__M4__L5__eps0p05__g0p007__ds0p01__dm0p01
Problem: NK
Kernel: fr
Advantage: globalrankweighted
M: 4
lambda: 5
epsilon_svgd: 0.05
gamma: 0.007
decay_start_ratio: 0.01
decay_min_factor: 0.01
bandwith_kernel: None
no_interact: False
avg_score: 0.7067449688911438
median_score: 0.7091467380523682
std_score: 0.01172468438744545
percentiles: 2%=0.6860029101371765, 5%=0.6888343691825867, 10%=0.6910238862037659, 25%=0.6958405375480652, 50%=0.7091467380523682, 75%=0.7168005108833313, 90%=0.7204268574714661, 95%=0.7213456630706787, 98%=0.7236553430557251
ranking_best_algo: PBIL
ranking_best_score: 0.7013553837109374
ranking_my_rank: 1/504 (100.0%)
ranking_my_percent: 100.0
