ConfigName: krbf__advnormalizedfitness__M3__L10__eps0p015__g0p01__ds0p01__dm0p01
Problem: QUBO
Kernel: rbf
Advantage: normalizedfitness
M: 3
lambda: 10
epsilon_svgd: 0.015
gamma: 0.01
decay_start_ratio: 0.01
decay_min_factor: 0.01
bandwith_kernel: None
no_interact: False
avg_score: -310.3800048828125
median_score: -306.0
std_score: 38.87435531616211
percentiles: 2%=-396.0, 5%=-392.20001220703125, 10%=-358.79998779296875, 25%=-330.5, 50%=-306.0, 75%=-278.25, 90%=-265.79998779296875, 95%=-262.0, 98%=-255.8999786376953
ranking_best_algo: CMApara
ranking_best_score: 319.29999999999995
ranking_my_rank: 60/504 (88.3%)
ranking_my_percent: 88.2936507936508
