ConfigName: kjsd__advperagentrankweighted__M3__L16__eps0p005__g0p001__ds0p1__dm0p1
Problem: QUBO
Kernel: jsd
Advantage: peragentrankweighted
M: 3
lambda: 16
epsilon_svgd: 0.005
gamma: 0.001
decay_start_ratio: 0.1
decay_min_factor: 0.1
bandwith_kernel: None
no_interact: False
avg_score: -138.63999938964844
median_score: -140.5
std_score: 11.962875366210938
percentiles: 2%=-159.0, 5%=-156.10000610351562, 10%=-153.0, 25%=-147.5, 50%=-140.5, 75%=-130.75, 90%=-123.0, 95%=-119.0, 98%=-112.91999816894531
ranking_best_algo: DiscreteDE
ranking_best_score: 143.4
ranking_my_rank: 97/504 (81.0%)
ranking_my_percent: 80.95238095238095
