ConfigName: krbf__advnormalizedfitness__M2__L8__eps0p015__g0p007__ds0p3__dm0p01
Problem: NK
Kernel: rbf
Advantage: normalizedfitness
M: 2
lambda: 8
epsilon_svgd: 0.015
gamma: 0.007
decay_start_ratio: 0.3
decay_min_factor: 0.01
bandwith_kernel: None
no_interact: False
avg_score: 0.735058069229126
median_score: 0.7368698120117188
std_score: 0.00846184603869915
percentiles: 2%=0.7171958684921265, 5%=0.7198726534843445, 10%=0.7230247259140015, 25%=0.7297613620758057, 50%=0.7368698120117188, 75%=0.7414402961730957, 90%=0.7443947792053223, 95%=0.7462993264198303, 98%=0.748208224773407
ranking_best_algo: PBIL
ranking_best_score: 0.7248786399609374
ranking_my_rank: 1/504 (100.0%)
ranking_my_percent: 100.0
