ConfigName: kfr__advglobalrankweighted__M5__L11__eps0p02__g0p005__ds0p01__dm0p01
Problem: QUBO
Kernel: fr
Advantage: globalrankweighted
M: 5
lambda: 11
epsilon_svgd: 0.02
gamma: 0.005
decay_start_ratio: 0.01
decay_min_factor: 0.01
bandwith_kernel: None
no_interact: False
avg_score: -3090.219970703125
median_score: -3094.0
std_score: 142.06813049316406
percentiles: 2%=-3366.139892578125, 5%=-3336.39990234375, 10%=-3285.199951171875, 25%=-3184.5, 50%=-3094.0, 75%=-2968.25, 90%=-2899.5, 95%=-2883.85009765625, 98%=-2872.820068359375
ranking_best_algo: RLSOnePlusOne
ranking_best_score: 3316.5199999999995
ranking_my_rank: 85/504 (83.3%)
ranking_my_percent: 83.33333333333333
