ConfigName: kjsd__advperagentrankweighted__M3__L24__eps0p005__g0p0005__ds0p1__dm0p05
Problem: QUBO
Kernel: jsd
Advantage: peragentrankweighted
M: 3
lambda: 24
epsilon_svgd: 0.005
gamma: 0.0005
decay_start_ratio: 0.1
decay_min_factor: 0.05
bandwith_kernel: None
no_interact: False
avg_score: -308.5199890136719
median_score: -312.0
std_score: 37.63096618652344
percentiles: 2%=-396.0400085449219, 5%=-382.20001220703125, 10%=-350.20001220703125, 25%=-332.5, 50%=-312.0, 75%=-273.75, 90%=-264.8999938964844, 95%=-259.0, 98%=-253.9600067138672
ranking_best_algo: CMApara
ranking_best_score: 319.29999999999995
ranking_my_rank: 88/504 (82.7%)
ranking_my_percent: 82.73809523809524
