ConfigName: kjsd__advperagentrankweighted__M3__L18__eps0p005__g0p0007__ds0p2__dm0p05
Problem: NK
Kernel: jsd
Advantage: peragentrankweighted
M: 3
lambda: 18
epsilon_svgd: 0.005
gamma: 0.0007
decay_start_ratio: 0.2
decay_min_factor: 0.05
bandwith_kernel: None
no_interact: False
avg_score: 0.7112432718276978
median_score: 0.6987258791923523
std_score: 0.031502872705459595
percentiles: 2%=0.6739088296890259, 5%=0.6751374006271362, 10%=0.6757414937019348, 25%=0.6824496388435364, 50%=0.6987258791923523, 75%=0.7474179267883301, 90%=0.7529476881027222, 95%=0.7586009502410889, 98%=0.7613165378570557
ranking_best_algo: CMApara
ranking_best_score: 0.7118996098437498
ranking_my_rank: 3/504 (99.6%)
ranking_my_percent: 99.60317460317461
