ConfigName: kjsd__advperagentrankweighted__M5__L10__eps0p01__g0p0005__ds0p2__dm0p2
Problem: QUBO
Kernel: jsd
Advantage: peragentrankweighted
M: 5
lambda: 10
epsilon_svgd: 0.01
gamma: 0.0005
decay_start_ratio: 0.2
decay_min_factor: 0.2
bandwith_kernel: None
no_interact: False
avg_score: -444.4800109863281
median_score: -447.0
std_score: 25.292875289916992
percentiles: 2%=-487.0, 5%=-481.04998779296875, 10%=-477.20001220703125, 25%=-463.25, 50%=-447.0, 75%=-426.5, 90%=-408.8999938964844, 95%=-401.8999938964844, 98%=-393.8800048828125
ranking_best_algo: CMApara
ranking_best_score: 453.82
ranking_my_rank: 6/504 (99.0%)
ranking_my_percent: 99.0079365079365
