ConfigName: krbf__advnormalizedfitness__M4__L15__eps0p025__g0p007__ds0p15__dm0p3
Problem: QUBO
Kernel: rbf
Advantage: normalizedfitness
M: 4
lambda: 15
epsilon_svgd: 0.025
gamma: 0.007
decay_start_ratio: 0.15
decay_min_factor: 0.3
bandwith_kernel: None
no_interact: False
avg_score: -406.5400085449219
median_score: -410.0
std_score: 29.449424743652344
percentiles: 2%=-457.0400085449219, 5%=-452.1499938964844, 10%=-444.0, 25%=-426.25, 50%=-410.0, 75%=-383.5, 90%=-367.79998779296875, 95%=-359.9000244140625, 98%=-355.8799743652344
ranking_best_algo: Tabu
ranking_best_score: 438.12
ranking_my_rank: 160/504 (68.5%)
ranking_my_percent: 68.45238095238095
