ConfigName: krbf__advnormalizedfitness__M3__L10__eps0p033__g0p005__ds0p3__dm0p01
Problem: NK
Kernel: rbf
Advantage: normalizedfitness
M: 3
lambda: 10
epsilon_svgd: 0.033
gamma: 0.005
decay_start_ratio: 0.3
decay_min_factor: 0.01
bandwith_kernel: None
no_interact: False
avg_score: 0.7363936901092529
median_score: 0.7376606464385986
std_score: 0.009136881679296494
percentiles: 2%=0.7185232639312744, 5%=0.7191783785820007, 10%=0.723672091960907, 25%=0.7289670705795288, 50%=0.7376606464385986, 75%=0.7429323196411133, 90%=0.7456423044204712, 95%=0.7502819299697876, 98%=0.7527685165405273
ranking_best_algo: PBIL
ranking_best_score: 0.730509098125
ranking_my_rank: 1/504 (100.0%)
ranking_my_percent: 100.0
