ConfigName: kjsd__advperagentrankweighted__M6__L8__eps0p03__g0p0005__ds0p05__dm0p05
Problem: QUBO
Kernel: jsd
Advantage: peragentrankweighted
M: 6
lambda: 8
epsilon_svgd: 0.03
gamma: 0.0005
decay_start_ratio: 0.05
decay_min_factor: 0.05
bandwith_kernel: None
no_interact: False
avg_score: -2520.56005859375
median_score: -2525.0
std_score: 113.3545150756836
percentiles: 2%=-2738.199951171875, 5%=-2710.050048828125, 10%=-2694.0, 25%=-2590.0, 50%=-2525.0, 75%=-2434.75, 90%=-2371.800048828125, 95%=-2344.75, 98%=-2321.9599609375
ranking_best_algo: SVM1MetaModelLogNormal
ranking_best_score: 2605.14
ranking_my_rank: 59/504 (88.5%)
ranking_my_percent: 88.4920634920635
