ConfigName: kjsd__advperagentrankweighted__M3__L16__eps0p007__g0p001__ds0p05__dm0p05
Problem: NK
Kernel: jsd
Advantage: peragentrankweighted
M: 3
lambda: 16
epsilon_svgd: 0.007
gamma: 0.001
decay_start_ratio: 0.05
decay_min_factor: 0.05
bandwith_kernel: None
no_interact: False
avg_score: 0.7436580061912537
median_score: 0.7415618896484375
std_score: 0.028097383677959442
percentiles: 2%=0.7054840922355652, 5%=0.707590639591217, 10%=0.7105202078819275, 25%=0.7228575944900513, 50%=0.7415618896484375, 75%=0.760339081287384, 90%=0.7782467603683472, 95%=0.8044298887252808, 98%=0.8045783638954163
ranking_best_algo: CMApara
ranking_best_score: 0.7459277895312499
ranking_my_rank: 7/504 (98.8%)
ranking_my_percent: 98.80952380952381
