ConfigName: kjsd__advperagentrankweighted__M3__L24__eps0p005__g0p0005__ds0p2__dm0p05
Problem: QUBO
Kernel: jsd
Advantage: peragentrankweighted
M: 3
lambda: 24
epsilon_svgd: 0.005
gamma: 0.0005
decay_start_ratio: 0.2
decay_min_factor: 0.05
bandwith_kernel: None
no_interact: False
avg_score: -310.4800109863281
median_score: -308.0
std_score: 39.21287536621094
percentiles: 2%=-392.0400085449219, 5%=-384.0, 10%=-359.3999938964844, 25%=-336.5, 50%=-308.0, 75%=-274.75, 90%=-266.8999938964844, 95%=-259.8999938964844, 98%=-247.9600067138672
ranking_best_algo: CMApara
ranking_best_score: 319.29999999999995
ranking_my_rank: 58/504 (88.7%)
ranking_my_percent: 88.69047619047619
