ConfigName: kjsd__advperagentrankweighted__M3__L20__eps0p005__g0p001__ds0p1__dm0p1
Problem: NK
Kernel: jsd
Advantage: peragentrankweighted
M: 3
lambda: 20
epsilon_svgd: 0.005
gamma: 0.001
decay_start_ratio: 0.1
decay_min_factor: 0.1
bandwith_kernel: None
no_interact: False
avg_score: 0.7467864155769348
median_score: 0.7463784217834473
std_score: 0.009391634725034237
percentiles: 2%=0.7280111312866211, 5%=0.7312895059585571, 10%=0.7342343926429749, 25%=0.7406682968139648, 50%=0.7463784217834473, 75%=0.7535421848297119, 90%=0.7591987252235413, 95%=0.7625722289085388, 98%=0.7640818357467651
ranking_best_algo: PBIL
ranking_best_score: 0.733570253046875
ranking_my_rank: 1/504 (100.0%)
ranking_my_percent: 100.0
