ConfigName: krbf__advnormalizedfitness__M4__L12__eps0p015__g0p01__ds0p3__dm0p3
Problem: NK
Kernel: rbf
Advantage: normalizedfitness
M: 4
lambda: 12
epsilon_svgd: 0.015
gamma: 0.01
decay_start_ratio: 0.3
decay_min_factor: 0.3
bandwith_kernel: None
no_interact: False
avg_score: 0.649982213973999
median_score: 0.653702437877655
std_score: 0.011695390567183495
percentiles: 2%=0.6294457912445068, 5%=0.6310181021690369, 10%=0.6346886157989502, 25%=0.6386005282402039, 50%=0.653702437877655, 75%=0.6596617102622986, 90%=0.6634897589683533, 95%=0.6656901836395264, 98%=0.6673471927642822
ranking_best_algo: PBIL
ranking_best_score: 0.7013553837109374
ranking_my_rank: 260/504 (48.6%)
ranking_my_percent: 48.611111111111114
