ConfigName: krbf__advnormalizedfitness__M4__L8__eps0p033__g0p015__ds0p3__dm0p01
Problem: QUBO
Kernel: rbf
Advantage: normalizedfitness
M: 4
lambda: 8
epsilon_svgd: 0.033
gamma: 0.015
decay_start_ratio: 0.3
decay_min_factor: 0.01
bandwith_kernel: None
no_interact: False
avg_score: -437.0799865722656
median_score: -436.5
std_score: 24.455541610717773
percentiles: 2%=-480.239990234375, 5%=-472.04998779296875, 10%=-466.20001220703125, 25%=-455.5, 50%=-436.5, 75%=-419.75, 90%=-404.5, 95%=-396.7500305175781, 98%=-388.97998046875
ranking_best_algo: CMApara
ranking_best_score: 453.82
ranking_my_rank: 30/504 (94.2%)
ranking_my_percent: 94.24603174603175
