ConfigName: kjsd__advperagentrankweighted__M4__L12__eps0p005__g0p0005__ds0p2__dm0p05
Problem: QUBO
Kernel: jsd
Advantage: peragentrankweighted
M: 4
lambda: 12
epsilon_svgd: 0.005
gamma: 0.0005
decay_start_ratio: 0.2
decay_min_factor: 0.05
bandwith_kernel: None
no_interact: False
avg_score: -1310.4000244140625
median_score: -1309.0
std_score: 62.66019821166992
percentiles: 2%=-1427.1199951171875, 5%=-1418.1500244140625, 10%=-1392.0, 25%=-1360.25, 50%=-1309.0, 75%=-1260.75, 90%=-1229.699951171875, 95%=-1212.949951171875, 98%=-1201.699951171875
ranking_best_algo: BigLognormalDiscreteOnePlusOne
ranking_best_score: 1301.3600000000004
ranking_my_rank: 1/504 (100.0%)
ranking_my_percent: 100.0
