ConfigName: kfr__advglobalrankweighted__M3__L10__eps0p015__g0p003__ds0p01__dm0p01
Problem: QUBO
Kernel: fr
Advantage: globalrankweighted
M: 3
lambda: 10
epsilon_svgd: 0.015
gamma: 0.003
decay_start_ratio: 0.01
decay_min_factor: 0.01
bandwith_kernel: None
no_interact: False
avg_score: -573.3400268554688
median_score: -570.0
std_score: 28.38880729675293
percentiles: 2%=-635.02001953125, 5%=-631.0999755859375, 10%=-615.2000122070312, 25%=-587.5, 50%=-570.0, 75%=-555.75, 90%=-538.0, 95%=-531.9500122070312, 98%=-521.97998046875
ranking_best_algo: Tabu
ranking_best_score: 588.7199999999999
ranking_my_rank: 61/503 (88.1%)
ranking_my_percent: 88.07157057654075
