ConfigName: kjsd__advperagentrankweighted__M5__L10__eps0p01__g0p003__ds0p05__dm0p05
Problem: QUBO
Kernel: jsd
Advantage: peragentrankweighted
M: 5
lambda: 10
epsilon_svgd: 0.01
gamma: 0.003
decay_start_ratio: 0.05
decay_min_factor: 0.05
bandwith_kernel: None
no_interact: False
avg_score: -310.739990234375
median_score: -312.0
std_score: 38.004371643066406
percentiles: 2%=-392.0, 5%=-386.0, 10%=-356.0, 25%=-332.5, 50%=-312.0, 75%=-275.0, 90%=-267.8999938964844, 95%=-262.95001220703125, 98%=-253.94000244140625
ranking_best_algo: CMApara
ranking_best_score: 319.29999999999995
ranking_my_rank: 40/504 (92.3%)
ranking_my_percent: 92.26190476190476
