ConfigName: krbf__advnormalizedfitness__M3__L10__eps0p033__g0p007__ds0p15__dm0p01
Problem: QUBO
Kernel: rbf
Advantage: normalizedfitness
M: 3
lambda: 10
epsilon_svgd: 0.033
gamma: 0.007
decay_start_ratio: 0.15
decay_min_factor: 0.01
bandwith_kernel: None
no_interact: False
avg_score: -199.72000122070312
median_score: -201.0
std_score: 12.14090633392334
percentiles: 2%=-224.0, 5%=-219.0500030517578, 10%=-215.10000610351562, 25%=-208.0, 50%=-201.0, 75%=-191.75, 90%=-183.0, 95%=-178.95001220703125, 98%=-178.0
ranking_best_algo: Tabu
ranking_best_score: 208.36000000000004
ranking_my_rank: 64/504 (87.5%)
ranking_my_percent: 87.5
