ConfigName: kjsd__advperagentrankweighted__M5__L10__eps0p005__g0p003__ds0p2__dm0p2
Problem: NK
Kernel: jsd
Advantage: peragentrankweighted
M: 5
lambda: 10
epsilon_svgd: 0.005
gamma: 0.003
decay_start_ratio: 0.2
decay_min_factor: 0.2
bandwith_kernel: None
no_interact: False
avg_score: 0.7192723751068115
median_score: 0.7188441753387451
std_score: 0.012324776500463486
percentiles: 2%=0.6952070593833923, 5%=0.6989976167678833, 10%=0.7007878422737122, 25%=0.710503339767456, 50%=0.7188441753387451, 75%=0.7292628884315491, 90%=0.735844612121582, 95%=0.7382877469062805, 98%=0.7397374510765076
ranking_best_algo: PBIL
ranking_best_score: 0.730509098125
ranking_my_rank: 82/504 (83.9%)
ranking_my_percent: 83.92857142857143
