ConfigName: kjsd__advperagentrankweighted__M4__L12__eps0p005__g0p0005__ds0p4__dm0p05
Problem: NK
Kernel: jsd
Advantage: peragentrankweighted
M: 4
lambda: 12
epsilon_svgd: 0.005
gamma: 0.0005
decay_start_ratio: 0.4
decay_min_factor: 0.05
bandwith_kernel: None
no_interact: False
avg_score: 0.7458049654960632
median_score: 0.7451313734054565
std_score: 0.00983519572764635
percentiles: 2%=0.727424144744873, 5%=0.730964720249176, 10%=0.7354176044464111, 25%=0.7380134463310242, 50%=0.7451313734054565, 75%=0.7522000670433044, 90%=0.7588032484054565, 95%=0.7612442970275879, 98%=0.7689133882522583
ranking_best_algo: PBIL
ranking_best_score: 0.733570253046875
ranking_my_rank: 1/504 (100.0%)
ranking_my_percent: 100.0
