ConfigName: kjsd__advperagentrankweighted__M3__L18__eps0p01__g0p0007__ds0p05__dm0p1
Problem: QUBO
Kernel: jsd
Advantage: peragentrankweighted
M: 3
lambda: 18
epsilon_svgd: 0.01
gamma: 0.0007
decay_start_ratio: 0.05
decay_min_factor: 0.1
bandwith_kernel: None
no_interact: False
avg_score: -1300.239990234375
median_score: -1296.0
std_score: 54.73026657104492
percentiles: 2%=-1397.0400390625, 5%=-1382.449951171875, 10%=-1373.0, 25%=-1345.25, 50%=-1296.0, 75%=-1261.0, 90%=-1232.4000244140625, 95%=-1217.1500244140625, 98%=-1188.9200439453125
ranking_best_algo: BigLognormalDiscreteOnePlusOne
ranking_best_score: 1301.3600000000004
ranking_my_rank: 2/504 (99.8%)
ranking_my_percent: 99.8015873015873
