ConfigName: kjsd__advperagentrankweighted__M5__L24__eps0p02__g0p0005__ds0p2__dm0p05
Problem: QUBO
Kernel: jsd
Advantage: peragentrankweighted
M: 5
lambda: 24
epsilon_svgd: 0.02
gamma: 0.0005
decay_start_ratio: 0.2
decay_min_factor: 0.05
bandwith_kernel: None
no_interact: False
avg_score: -1252.8800048828125
median_score: -1246.5
std_score: 57.37530517578125
percentiles: 2%=-1371.4200439453125, 5%=-1341.4000244140625, 10%=-1326.0999755859375, 25%=-1297.25, 50%=-1246.5, 75%=-1208.5, 90%=-1184.9000244140625, 95%=-1166.9000244140625, 98%=-1148.9200439453125
ranking_best_algo: SVMMetaModelLogNormal
ranking_best_score: 1233.7999999999997
ranking_my_rank: 1/504 (100.0%)
ranking_my_percent: 100.0
