ConfigName: kjsd__advperagentrankweighted__M3__L18__eps0p01__g0p0007__ds0p2__dm0p1
Problem: QUBO
Kernel: jsd
Advantage: peragentrankweighted
M: 3
lambda: 18
epsilon_svgd: 0.01
gamma: 0.0007
decay_start_ratio: 0.2
decay_min_factor: 0.1
bandwith_kernel: None
no_interact: False
avg_score: -578.2999877929688
median_score: -578.0
std_score: 26.974618911743164
percentiles: 2%=-635.0, 5%=-625.2999877929688, 10%=-613.0, 25%=-595.0, 50%=-578.0, 75%=-561.75, 90%=-547.9000244140625, 95%=-524.9500122070312, 98%=-515.0
ranking_best_algo: Tabu
ranking_best_score: 588.7199999999999
ranking_my_rank: 42/503 (91.8%)
ranking_my_percent: 91.84890656063618
