ConfigName: krbf__advnormalizedfitness__M1__L8__eps0p033__g0p007__ds0p01__dm0p01
Problem: NK
Kernel: rbf
Advantage: normalizedfitness
M: 1
lambda: 8
epsilon_svgd: 0.033
gamma: 0.007
decay_start_ratio: 0.01
decay_min_factor: 0.01
bandwith_kernel: None
no_interact: False
avg_score: 0.7005859613418579
median_score: 0.7015585899353027
std_score: 0.016095811501145363
percentiles: 2%=0.6637692451477051, 5%=0.6653978228569031, 10%=0.6793701648712158, 25%=0.6939932107925415, 50%=0.7015585899353027, 75%=0.7108858823776245, 90%=0.7190972566604614, 95%=0.7260634303092957, 98%=0.7318706512451172
ranking_best_algo: CMApara
ranking_best_score: 0.707475975
ranking_my_rank: 83/504 (83.7%)
ranking_my_percent: 83.73015873015873
