ConfigName: kjsd__advperagentrankweighted__M3__L18__eps0p007__g0p003__ds0p1__dm0p2
Problem: QUBO
Kernel: jsd
Advantage: peragentrankweighted
M: 3
lambda: 18
epsilon_svgd: 0.007
gamma: 0.003
decay_start_ratio: 0.1
decay_min_factor: 0.2
bandwith_kernel: None
no_interact: False
avg_score: -412.3399963378906
median_score: -414.0
std_score: 27.995792388916016
percentiles: 2%=-457.0799865722656, 5%=-454.04998779296875, 10%=-451.1000061035156, 25%=-432.5, 50%=-414.0, 75%=-394.0, 90%=-372.0, 95%=-371.8999938964844, 98%=-353.6400146484375
ranking_best_algo: Tabu
ranking_best_score: 438.12
ranking_my_rank: 70/504 (86.3%)
ranking_my_percent: 86.30952380952381
