ConfigName: krbf__advnormalizedfitness__M4__L12__eps0p025__g0p015__ds0p3__dm0p01
Problem: QUBO
Kernel: rbf
Advantage: normalizedfitness
M: 4
lambda: 12
epsilon_svgd: 0.025
gamma: 0.015
decay_start_ratio: 0.3
decay_min_factor: 0.01
bandwith_kernel: None
no_interact: False
avg_score: -1993.9000244140625
median_score: -1986.0
std_score: 230.9896697998047
percentiles: 2%=-2488.43994140625, 5%=-2428.39990234375, 10%=-2324.800048828125, 25%=-2108.5, 50%=-1986.0, 75%=-1855.0, 90%=-1720.9000244140625, 95%=-1635.5, 98%=-1545.679931640625
ranking_best_algo: RLSOnePlusOne
ranking_best_score: 3316.5199999999995
ranking_my_rank: 323/504 (36.1%)
ranking_my_percent: 36.111111111111114
