ConfigName: krbf__advnormalizedfitness__M2__L8__eps0p025__g0p01__ds0p15__dm0p01
Problem: QUBO
Kernel: rbf
Advantage: normalizedfitness
M: 2
lambda: 8
epsilon_svgd: 0.025
gamma: 0.01
decay_start_ratio: 0.15
decay_min_factor: 0.01
bandwith_kernel: None
no_interact: False
avg_score: -910.8599853515625
median_score: -912.5
std_score: 62.24628829956055
percentiles: 2%=-1038.239990234375, 5%=-1028.199951171875, 10%=-987.2000122070312, 25%=-944.5, 50%=-912.5, 75%=-867.5, 90%=-829.7999877929688, 95%=-819.8499755859375, 98%=-800.9600219726562
ranking_best_algo: CMAL3
ranking_best_score: 928.5800000000002
ranking_my_rank: 20/504 (96.2%)
ranking_my_percent: 96.23015873015873
