ConfigName: kjsd__advperagentrankweighted__M4__L8__eps0p02__g0p0005__ds0p2__dm0p05
Problem: QUBO
Kernel: jsd
Advantage: peragentrankweighted
M: 4
lambda: 8
epsilon_svgd: 0.02
gamma: 0.0005
decay_start_ratio: 0.2
decay_min_factor: 0.05
bandwith_kernel: None
no_interact: False
avg_score: -401.8800048828125
median_score: -404.0
std_score: 27.40338706970215
percentiles: 2%=-455.0400085449219, 5%=-447.25, 10%=-434.0, 25%=-420.5, 50%=-404.0, 75%=-382.75, 90%=-368.0, 95%=-362.0, 98%=-343.8800048828125
ranking_best_algo: Tabu
ranking_best_score: 438.12
ranking_my_rank: 224/504 (55.8%)
ranking_my_percent: 55.75396825396825
