ConfigName: kjsd__advperagentrankweighted__M5__L8__eps0p01__g0p0007__ds0p05__dm0p2
Problem: NK
Kernel: jsd
Advantage: peragentrankweighted
M: 5
lambda: 8
epsilon_svgd: 0.01
gamma: 0.0007
decay_start_ratio: 0.05
decay_min_factor: 0.2
bandwith_kernel: None
no_interact: False
avg_score: 0.7419318556785583
median_score: 0.7410323023796082
std_score: 0.009194556623697281
percentiles: 2%=0.7242245674133301, 5%=0.7285727858543396, 10%=0.7303129434585571, 25%=0.7343083620071411, 50%=0.7410323023796082, 75%=0.7488839030265808, 90%=0.752972424030304, 95%=0.7555829286575317, 98%=0.7608882784843445
ranking_best_algo: PBIL
ranking_best_score: 0.733570253046875
ranking_my_rank: 1/504 (100.0%)
ranking_my_percent: 100.0
