ConfigName: kjsd__advperagentrankweighted__M5__L10__eps0p02__g0p0003__ds0p05__dm0p05
Problem: NK
Kernel: jsd
Advantage: peragentrankweighted
M: 5
lambda: 10
epsilon_svgd: 0.02
gamma: 0.0003
decay_start_ratio: 0.05
decay_min_factor: 0.05
bandwith_kernel: None
no_interact: False
avg_score: 0.7431856393814087
median_score: 0.7413740158081055
std_score: 0.015734020620584488
percentiles: 2%=0.7157418131828308, 5%=0.7218168377876282, 10%=0.7231518030166626, 25%=0.7315686941146851, 50%=0.7413740158081055, 75%=0.7531827688217163, 90%=0.7649820446968079, 95%=0.7701940536499023, 98%=0.7775721549987793
ranking_best_algo: Tabu
ranking_best_score: 0.7657846284375001
ranking_my_rank: 59/504 (88.5%)
ranking_my_percent: 88.4920634920635
