ConfigName: kjsd__advperagentrankweighted__M5__L12__eps0p03__g0p0003__ds0p2__dm0p05
Problem: QUBO
Kernel: jsd
Advantage: peragentrankweighted
M: 5
lambda: 12
epsilon_svgd: 0.03
gamma: 0.0003
decay_start_ratio: 0.2
decay_min_factor: 0.05
bandwith_kernel: None
no_interact: False
avg_score: -418.67999267578125
median_score: -419.0
std_score: 26.98328399658203
percentiles: 2%=-475.0400085449219, 5%=-463.29998779296875, 10%=-453.20001220703125, 25%=-433.25, 50%=-419.0, 75%=-401.0, 90%=-381.8999938964844, 95%=-377.95001220703125, 98%=-369.760009765625
ranking_best_algo: CMAL3
ranking_best_score: 435.36
ranking_my_rank: 95/504 (81.3%)
ranking_my_percent: 81.34920634920636
