ConfigName: kjsd__advperagentrankweighted__M2__L20__eps0p005__g0p0005__ds0p05__dm0p2
Problem: NK
Kernel: jsd
Advantage: peragentrankweighted
M: 2
lambda: 20
epsilon_svgd: 0.005
gamma: 0.0005
decay_start_ratio: 0.05
decay_min_factor: 0.2
bandwith_kernel: None
no_interact: False
avg_score: 0.7396807670593262
median_score: 0.7383759617805481
std_score: 0.031115440651774406
percentiles: 2%=0.6891937851905823, 5%=0.6956332325935364, 10%=0.7005475163459778, 25%=0.719020664691925, 50%=0.7383759617805481, 75%=0.7546731233596802, 90%=0.7782467603683472, 95%=0.8044885396957397, 98%=0.8118547797203064
ranking_best_algo: CMApara
ranking_best_score: 0.7459277895312499
ranking_my_rank: 53/504 (89.7%)
ranking_my_percent: 89.68253968253968
