ConfigName: krbf__advnormalizedfitness__M4__L10__eps0p015__g0p01__ds0p01__dm0p3
Problem: QUBO
Kernel: rbf
Advantage: normalizedfitness
M: 4
lambda: 10
epsilon_svgd: 0.015
gamma: 0.01
decay_start_ratio: 0.01
decay_min_factor: 0.3
bandwith_kernel: None
no_interact: False
avg_score: -1479.02001953125
median_score: -1484.5
std_score: 174.1368408203125
percentiles: 2%=-1816.280029296875, 5%=-1747.6500244140625, 10%=-1709.699951171875, 25%=-1614.0, 50%=-1484.5, 75%=-1348.5, 90%=-1267.9000244140625, 95%=-1192.300048828125, 98%=-1160.9000244140625
ranking_best_algo: SVM1MetaModelLogNormal
ranking_best_score: 2605.14
ranking_my_rank: 329/504 (34.9%)
ranking_my_percent: 34.92063492063492
