ConfigName: krbf__advnormalizedfitness__M4__L8__eps0p015__g0p01__ds0p01__dm0p3
Problem: QUBO
Kernel: rbf
Advantage: normalizedfitness
M: 4
lambda: 8
epsilon_svgd: 0.015
gamma: 0.01
decay_start_ratio: 0.01
decay_min_factor: 0.3
bandwith_kernel: None
no_interact: False
avg_score: -399.55999755859375
median_score: -399.0
std_score: 35.939483642578125
percentiles: 2%=-474.0199890136719, 5%=-456.45001220703125, 10%=-450.0, 25%=-426.5, 50%=-399.0, 75%=-371.0, 90%=-353.8999938964844, 95%=-349.9000244140625, 98%=-332.97998046875
ranking_best_algo: CMApara
ranking_best_score: 453.82
ranking_my_rank: 265/504 (47.6%)
ranking_my_percent: 47.61904761904762
