ConfigName: krbf__advnormalizedfitness__M3__L12__eps0p025__g0p015__ds0p15__dm0p01
Problem: NK
Kernel: rbf
Advantage: normalizedfitness
M: 3
lambda: 12
epsilon_svgd: 0.025
gamma: 0.015
decay_start_ratio: 0.15
decay_min_factor: 0.01
bandwith_kernel: None
no_interact: False
avg_score: 0.727311909198761
median_score: 0.7292994260787964
std_score: 0.010002439841628075
percentiles: 2%=0.704107403755188, 5%=0.7080139517784119, 10%=0.7121598124504089, 25%=0.722376823425293, 50%=0.7292994260787964, 75%=0.7343436479568481, 90%=0.738839864730835, 95%=0.7418521046638489, 98%=0.7444005012512207
ranking_best_algo: PBIL
ranking_best_score: 0.7248786399609374
ranking_my_rank: 1/504 (100.0%)
ranking_my_percent: 100.0
