ConfigName: kfr__advglobalrankweighted__M6__L9__eps0p01__g0p003__ds0p01__dm0p01
Problem: QUBO
Kernel: fr
Advantage: globalrankweighted
M: 6
lambda: 9
epsilon_svgd: 0.01
gamma: 0.003
decay_start_ratio: 0.01
decay_min_factor: 0.01
bandwith_kernel: None
no_interact: False
avg_score: -309.8599853515625
median_score: -305.0
std_score: 38.57175827026367
percentiles: 2%=-396.0, 5%=-392.1000061035156, 10%=-354.79998779296875, 25%=-334.0, 50%=-305.0, 75%=-275.75, 90%=-267.0, 95%=-264.0, 98%=-251.95999145507812
ranking_best_algo: CMApara
ranking_best_score: 319.29999999999995
ranking_my_rank: 68/504 (86.7%)
ranking_my_percent: 86.7063492063492
