ConfigName: krbf__advnormalizedfitness__M2__L8__eps0p025__g0p007__ds0p15__dm0p3
Problem: QUBO
Kernel: rbf
Advantage: normalizedfitness
M: 2
lambda: 8
epsilon_svgd: 0.025
gamma: 0.007
decay_start_ratio: 0.15
decay_min_factor: 0.3
bandwith_kernel: None
no_interact: False
avg_score: -3256.679931640625
median_score: -3241.5
std_score: 122.13671875
percentiles: 2%=-3504.9599609375, 5%=-3478.10009765625, 10%=-3408.0, 25%=-3329.0, 50%=-3241.5, 75%=-3186.75, 90%=-3130.800048828125, 95%=-3081.75, 98%=-2999.0
ranking_best_algo: RLSOnePlusOne
ranking_best_score: 3316.5199999999995
ranking_my_rank: 40/504 (92.3%)
ranking_my_percent: 92.26190476190476
