ConfigName: krbf__advnormalizedfitness__M4__L10__eps0p033__g0p005__ds0p15__dm0p01
Problem: QUBO
Kernel: rbf
Advantage: normalizedfitness
M: 4
lambda: 10
epsilon_svgd: 0.033
gamma: 0.005
decay_start_ratio: 0.15
decay_min_factor: 0.01
bandwith_kernel: None
no_interact: False
avg_score: -1197.6600341796875
median_score: -1196.0
std_score: 69.28192138671875
percentiles: 2%=-1331.0, 5%=-1317.199951171875, 10%=-1296.9000244140625, 25%=-1237.5, 50%=-1196.0, 75%=-1148.5, 90%=-1113.699951171875, 95%=-1086.9000244140625, 98%=-1072.7999267578125
ranking_best_algo: SVMMetaModelLogNormal
ranking_best_score: 1233.7999999999997
ranking_my_rank: 58/504 (88.7%)
ranking_my_percent: 88.69047619047619
