ConfigName: krbf__advnormalizedfitness__M3__L8__eps0p03__g0p001__ds0p05__dm0p05
Problem: NK
Kernel: rbf
Advantage: normalizedfitness
M: 3
lambda: 8
epsilon_svgd: 0.03
gamma: 0.001
decay_start_ratio: 0.05
decay_min_factor: 0.05
bandwith_kernel: None
no_interact: False
avg_score: 0.7017174363136292
median_score: 0.7037558555603027
std_score: 0.016277074813842773
percentiles: 2%=0.6591591238975525, 5%=0.659656286239624, 10%=0.6864989995956421, 25%=0.6976211071014404, 50%=0.7037558555603027, 75%=0.7104520797729492, 90%=0.7187918424606323, 95%=0.7241456508636475, 98%=0.728423535823822
ranking_best_algo: CMApara
ranking_best_score: 0.707475975
ranking_my_rank: 33/504 (93.7%)
ranking_my_percent: 93.65079365079364
