ConfigName: krbf__advnormalizedfitness__M2__L10__eps0p025__g0p005__ds0p01__dm0p01
Problem: QUBO
Kernel: rbf
Advantage: normalizedfitness
M: 2
lambda: 10
epsilon_svgd: 0.025
gamma: 0.005
decay_start_ratio: 0.01
decay_min_factor: 0.01
bandwith_kernel: None
no_interact: False
avg_score: -1608.3800048828125
median_score: -1600.0
std_score: 64.06243133544922
percentiles: 2%=-1748.239990234375, 5%=-1722.0999755859375, 10%=-1692.4000244140625, 25%=-1649.0, 50%=-1600.0, 75%=-1563.0, 90%=-1530.4000244140625, 95%=-1516.4000244140625, 98%=-1498.3399658203125
ranking_best_algo: NLOPT_LN_PRAXIS
ranking_best_score: 1607.12
ranking_my_rank: 1/504 (100.0%)
ranking_my_percent: 100.0
