ConfigName: kfr__advglobalrankweighted__M6__L7__eps0p015__g0p007__ds0p01__dm0p01
Problem: QUBO
Kernel: fr
Advantage: globalrankweighted
M: 6
lambda: 7
epsilon_svgd: 0.015
gamma: 0.007
decay_start_ratio: 0.01
decay_min_factor: 0.01
bandwith_kernel: None
no_interact: False
avg_score: -2149.820068359375
median_score: -2156.0
std_score: 142.50926208496094
percentiles: 2%=-2464.080078125, 5%=-2401.050048828125, 10%=-2347.199951171875, 25%=-2255.5, 50%=-2156.0, 75%=-2040.25, 90%=-1972.699951171875, 95%=-1951.9000244140625, 98%=-1937.079833984375
ranking_best_algo: SVM1MetaModelLogNormal
ranking_best_score: 2605.14
ranking_my_rank: 197/504 (61.1%)
ranking_my_percent: 61.111111111111114
