ConfigName: kjsd__advperagentrankweighted__M3__L18__eps0p01__g0p0005__ds0p1__dm0p05
Problem: QUBO
Kernel: jsd
Advantage: peragentrankweighted
M: 3
lambda: 18
epsilon_svgd: 0.01
gamma: 0.0005
decay_start_ratio: 0.1
decay_min_factor: 0.05
bandwith_kernel: None
no_interact: False
avg_score: -328.79998779296875
median_score: -334.0
std_score: 22.912004470825195
percentiles: 2%=-366.1199951171875, 5%=-357.0, 10%=-351.29998779296875, 25%=-342.25, 50%=-334.0, 75%=-318.0, 90%=-293.79998779296875, 95%=-281.79998779296875, 98%=-273.8800048828125
ranking_best_algo: CMApara
ranking_best_score: 344.22
ranking_my_rank: 83/504 (83.7%)
ranking_my_percent: 83.73015873015873
