ConfigName: krbf__advnormalizedfitness__M3__L10__eps0p025__g0p007__ds0p01__dm0p3
Problem: QUBO
Kernel: rbf
Advantage: normalizedfitness
M: 3
lambda: 10
epsilon_svgd: 0.025
gamma: 0.007
decay_start_ratio: 0.01
decay_min_factor: 0.3
bandwith_kernel: None
no_interact: False
avg_score: -438.2799987792969
median_score: -440.5
std_score: 26.33783531188965
percentiles: 2%=-483.17999267578125, 5%=-481.0, 10%=-472.0, 25%=-459.0, 50%=-440.5, 75%=-419.0, 90%=-402.5, 95%=-395.95001220703125, 98%=-388.8599853515625
ranking_best_algo: CMApara
ranking_best_score: 453.82
ranking_my_rank: 21/504 (96.0%)
ranking_my_percent: 96.03174603174604
