ConfigName: kjsd__advperagentrankweighted__M5__L8__eps0p03__g0p0005__ds0p05__dm0p05
Problem: NK
Kernel: jsd
Advantage: peragentrankweighted
M: 5
lambda: 8
epsilon_svgd: 0.03
gamma: 0.0005
decay_start_ratio: 0.05
decay_min_factor: 0.05
bandwith_kernel: None
no_interact: False
avg_score: 0.7395813465118408
median_score: 0.7389132976531982
std_score: 0.012786051258444786
percentiles: 2%=0.7145915627479553, 5%=0.7184217572212219, 10%=0.7232019901275635, 25%=0.731012761592865, 50%=0.7389132976531982, 75%=0.7479634881019592, 90%=0.7524453401565552, 95%=0.7612941861152649, 98%=0.7683442831039429
ranking_best_algo: Tabu
ranking_best_score: 0.7657846284375001
ranking_my_rank: 83/504 (83.7%)
ranking_my_percent: 83.73015873015873
