ConfigName: kjsd__advperagentrankweighted__M5__L10__eps0p01__g0p003__ds0p05__dm0p2
Problem: NK
Kernel: jsd
Advantage: peragentrankweighted
M: 5
lambda: 10
epsilon_svgd: 0.01
gamma: 0.003
decay_start_ratio: 0.05
decay_min_factor: 0.2
bandwith_kernel: None
no_interact: False
avg_score: 0.7536492943763733
median_score: 0.7561894655227661
std_score: 0.01365597266703844
percentiles: 2%=0.7226390838623047, 5%=0.7309116721153259, 10%=0.7329362034797668, 25%=0.745664119720459, 50%=0.7561894655227661, 75%=0.7643805742263794, 90%=0.7706481218338013, 95%=0.7721973657608032, 98%=0.7775620818138123
ranking_best_algo: Tabu
ranking_best_score: 0.7657846284375001
ranking_my_rank: 9/504 (98.4%)
ranking_my_percent: 98.41269841269842
