ConfigName: kjsd__advperagentrankweighted__M3__L24__eps0p007__g0p001__ds0p05__dm0p1
Problem: QUBO
Kernel: jsd
Advantage: peragentrankweighted
M: 3
lambda: 24
epsilon_svgd: 0.007
gamma: 0.001
decay_start_ratio: 0.05
decay_min_factor: 0.1
bandwith_kernel: None
no_interact: False
avg_score: -929.719970703125
median_score: -933.5
std_score: 72.09175872802734
percentiles: 2%=-1062.239990234375, 5%=-1045.199951171875, 10%=-1020.2999877929688, 25%=-978.25, 50%=-933.5, 75%=-882.0, 90%=-828.7999877929688, 95%=-812.7999877929688, 98%=-791.0
ranking_best_algo: CMApara
ranking_best_score: 964.9
ranking_my_rank: 19/504 (96.4%)
ranking_my_percent: 96.42857142857143
