ConfigName: krbf__advnormalizedfitness__M3__L10__eps0p015__g0p007__ds0p01__dm0p01
Problem: NK
Kernel: rbf
Advantage: normalizedfitness
M: 3
lambda: 10
epsilon_svgd: 0.015
gamma: 0.007
decay_start_ratio: 0.01
decay_min_factor: 0.01
bandwith_kernel: None
no_interact: False
avg_score: 0.7533131241798401
median_score: 0.7549907565116882
std_score: 0.014099887572228909
percentiles: 2%=0.7197698354721069, 5%=0.7296934723854065, 10%=0.7352415323257446, 25%=0.7430707216262817, 50%=0.7549907565116882, 75%=0.763295590877533, 90%=0.76936274766922, 95%=0.7723149061203003, 98%=0.7786455154418945
ranking_best_algo: Tabu
ranking_best_score: 0.7657846284375001
ranking_my_rank: 9/504 (98.4%)
ranking_my_percent: 98.41269841269842
