ConfigName: kjsd__advperagentrankweighted__M8__L24__eps0p008__g0p0005__ds0p3__dm0p05
Problem: NK
Kernel: jsd
Advantage: peragentrankweighted
M: 8
lambda: 24
epsilon_svgd: 0.008
gamma: 0.0005
decay_start_ratio: 0.3
decay_min_factor: 0.05
bandwith_kernel: None
no_interact: False
avg_score: 0.5925930738449097
median_score: 0.5932215452194214
std_score: 0.006815592758357525
percentiles: 2%=0.5787379145622253, 5%=0.5809743404388428, 10%=0.5846834778785706, 25%=0.5886052250862122, 50%=0.5932215452194214, 75%=0.5965311527252197, 90%=0.5993309617042542, 95%=0.6056497097015381, 98%=0.6073505878448486
ranking_best_algo: PBIL
ranking_best_score: 0.7170882103515624
ranking_my_rank: 364/504 (28.0%)
ranking_my_percent: 27.976190476190474
