ConfigName: kjsd__advperagentrankweighted__M3__L16__eps0p007__g0p0005__ds0p1__dm0p1
Problem: NK
Kernel: jsd
Advantage: peragentrankweighted
M: 3
lambda: 16
epsilon_svgd: 0.007
gamma: 0.0005
decay_start_ratio: 0.1
decay_min_factor: 0.1
bandwith_kernel: None
no_interact: False
avg_score: 0.7363035678863525
median_score: 0.7363085746765137
std_score: 0.013713625259697437
percentiles: 2%=0.7096628546714783, 5%=0.7117604613304138, 10%=0.7190818190574646, 25%=0.7273404598236084, 50%=0.7363085746765137, 75%=0.7458699941635132, 90%=0.752224326133728, 95%=0.7550147175788879, 98%=0.7594389319419861
ranking_best_algo: Tabu
ranking_best_score: 0.7601875690625
ranking_my_rank: 21/504 (96.0%)
ranking_my_percent: 96.03174603174604
