ConfigName: kjsd__advperagentrankweighted__M3__L16__eps0p007__g0p0007__ds0p2__dm0p05
Problem: QUBO
Kernel: jsd
Advantage: peragentrankweighted
M: 3
lambda: 16
epsilon_svgd: 0.007
gamma: 0.0007
decay_start_ratio: 0.2
decay_min_factor: 0.05
bandwith_kernel: None
no_interact: False
avg_score: -1186.9200439453125
median_score: -1187.5
std_score: 58.53694534301758
percentiles: 2%=-1327.280029296875, 5%=-1312.1500244140625, 10%=-1260.0, 25%=-1212.0, 50%=-1187.5, 75%=-1141.5, 90%=-1112.4000244140625, 95%=-1102.9000244140625, 98%=-1097.8800048828125
ranking_best_algo: Tabu
ranking_best_score: 1216.16
ranking_my_rank: 64/504 (87.5%)
ranking_my_percent: 87.5
