ConfigName: kjsd__advperagentrankweighted__M3__L16__eps0p007__g0p003__ds0p05__dm0p2
Problem: QUBO
Kernel: jsd
Advantage: peragentrankweighted
M: 3
lambda: 16
epsilon_svgd: 0.007
gamma: 0.003
decay_start_ratio: 0.05
decay_min_factor: 0.2
bandwith_kernel: None
no_interact: False
avg_score: -417.239990234375
median_score: -418.0
std_score: 25.237716674804688
percentiles: 2%=-477.0, 5%=-459.1000061035156, 10%=-449.0, 25%=-433.0, 50%=-418.0, 75%=-398.0, 90%=-382.0, 95%=-375.8999938964844, 98%=-369.9599914550781
ranking_best_algo: Tabu
ranking_best_score: 438.12
ranking_my_rank: 41/504 (92.1%)
ranking_my_percent: 92.06349206349206
