ConfigName: krbf__advnormalizedfitness__M4__L15__eps0p033__g0p01__ds0p01__dm0p01
Problem: QUBO
Kernel: rbf
Advantage: normalizedfitness
M: 4
lambda: 15
epsilon_svgd: 0.033
gamma: 0.01
decay_start_ratio: 0.01
decay_min_factor: 0.01
bandwith_kernel: None
no_interact: False
avg_score: -563.0999755859375
median_score: -559.5
std_score: 29.2941951751709
percentiles: 2%=-627.0, 5%=-617.0999755859375, 10%=-606.0, 25%=-585.25, 50%=-559.5, 75%=-542.0, 90%=-526.9000244140625, 95%=-519.9000244140625, 98%=-515.8999633789062
ranking_best_algo: Tabu
ranking_best_score: 588.7199999999999
ranking_my_rank: 94/503 (81.5%)
ranking_my_percent: 81.51093439363817
