ConfigName: kjsd__advperagentrankweighted__M6__L12__eps0p005__g0p0005__ds0p05__dm0p05
Problem: NK
Kernel: jsd
Advantage: peragentrankweighted
M: 6
lambda: 12
epsilon_svgd: 0.005
gamma: 0.0005
decay_start_ratio: 0.05
decay_min_factor: 0.05
bandwith_kernel: None
no_interact: False
avg_score: 0.7077361941337585
median_score: 0.7093479633331299
std_score: 0.011852550320327282
percentiles: 2%=0.6885411143302917, 5%=0.6904220581054688, 10%=0.6925702691078186, 25%=0.6964136362075806, 50%=0.7093479633331299, 75%=0.7182519435882568, 90%=0.722236692905426, 95%=0.7240334749221802, 98%=0.724965512752533
ranking_best_algo: PBIL
ranking_best_score: 0.7013553837109374
ranking_my_rank: 1/504 (100.0%)
ranking_my_percent: 100.0
