ConfigName: kjsd__advperagentrankweighted__M3__L30__eps0p007__g0p001__ds0p2__dm0p1
Problem: QUBO
Kernel: jsd
Advantage: peragentrankweighted
M: 3
lambda: 30
epsilon_svgd: 0.007
gamma: 0.001
decay_start_ratio: 0.2
decay_min_factor: 0.1
bandwith_kernel: None
no_interact: False
avg_score: -581.280029296875
median_score: -578.5
std_score: 30.066619873046875
percentiles: 2%=-636.02001953125, 5%=-631.0999755859375, 10%=-623.0, 25%=-605.0, 50%=-578.5, 75%=-559.75, 90%=-540.0, 95%=-536.6500244140625, 98%=-523.8800048828125
ranking_best_algo: Tabu
ranking_best_score: 588.7199999999999
ranking_my_rank: 36/503 (93.0%)
ranking_my_percent: 93.04174950298211
