ConfigName: kfr__advglobalrankweighted__M2__L9__eps0p015__g0p003__ds0p01__dm0p01
Problem: QUBO
Kernel: fr
Advantage: globalrankweighted
M: 2
lambda: 9
epsilon_svgd: 0.015
gamma: 0.003
decay_start_ratio: 0.01
decay_min_factor: 0.01
bandwith_kernel: None
no_interact: False
avg_score: -565.3599853515625
median_score: -561.5
std_score: 28.910730361938477
percentiles: 2%=-624.0999755859375, 5%=-617.0499877929688, 10%=-609.2000122070312, 25%=-581.0, 50%=-561.5, 75%=-542.75, 90%=-530.7999877929688, 95%=-524.9000244140625, 98%=-521.97998046875
ranking_best_algo: Tabu
ranking_best_score: 588.7199999999999
ranking_my_rank: 94/503 (81.5%)
ranking_my_percent: 81.51093439363817
