ConfigName: kjsd__advperagentrankweighted__M5__L10__eps0p02__g0p0007__ds0p05__dm0p05
Problem: NK
Kernel: jsd
Advantage: peragentrankweighted
M: 5
lambda: 10
epsilon_svgd: 0.02
gamma: 0.0007
decay_start_ratio: 0.05
decay_min_factor: 0.05
bandwith_kernel: None
no_interact: False
avg_score: 0.7091109752655029
median_score: 0.7107117772102356
std_score: 0.015529859811067581
percentiles: 2%=0.6699848175048828, 5%=0.6716170310974121, 10%=0.6922835111618042, 25%=0.7058272361755371, 50%=0.7107117772102356, 75%=0.717828631401062, 90%=0.7250231504440308, 95%=0.7317441701889038, 98%=0.7334478497505188
ranking_best_algo: CMApara
ranking_best_score: 0.707475975
ranking_my_rank: 1/504 (100.0%)
ranking_my_percent: 100.0
