ConfigName: kjsd__advperagentrankweighted__M5__L10__eps0p01__g0p0007__ds0p2__dm0p05
Problem: QUBO
Kernel: jsd
Advantage: peragentrankweighted
M: 5
lambda: 10
epsilon_svgd: 0.01
gamma: 0.0007
decay_start_ratio: 0.2
decay_min_factor: 0.05
bandwith_kernel: None
no_interact: False
avg_score: -310.8800048828125
median_score: -313.0
std_score: 38.58219528198242
percentiles: 2%=-392.0400085449219, 5%=-386.1000061035156, 10%=-357.0, 25%=-336.0, 50%=-313.0, 75%=-274.5, 90%=-267.8999938964844, 95%=-261.70001220703125, 98%=-249.9199981689453
ranking_best_algo: CMApara
ranking_best_score: 319.29999999999995
ranking_my_rank: 40/504 (92.3%)
ranking_my_percent: 92.26190476190476
