ConfigName: kfr__advglobalrankweighted__M3__L11__eps0p015__g0p003__ds0p01__dm0p01
Problem: QUBO
Kernel: fr
Advantage: globalrankweighted
M: 3
lambda: 11
epsilon_svgd: 0.015
gamma: 0.003
decay_start_ratio: 0.01
decay_min_factor: 0.01
bandwith_kernel: None
no_interact: False
avg_score: -308.9200134277344
median_score: -312.0
std_score: 38.14490509033203
percentiles: 2%=-398.0, 5%=-382.0, 10%=-354.0, 25%=-334.0, 50%=-312.0, 75%=-273.75, 90%=-264.0, 95%=-259.95001220703125, 98%=-253.95999145507812
ranking_best_algo: CMApara
ranking_best_score: 319.29999999999995
ranking_my_rank: 82/504 (83.9%)
ranking_my_percent: 83.92857142857143
