ConfigName: kjsd__advperagentrankweighted__M3__L18__eps0p005__g0p001__ds0p2__dm0p05
Problem: NK
Kernel: jsd
Advantage: peragentrankweighted
M: 3
lambda: 18
epsilon_svgd: 0.005
gamma: 0.001
decay_start_ratio: 0.2
decay_min_factor: 0.05
bandwith_kernel: None
no_interact: False
avg_score: 0.7358551621437073
median_score: 0.7368594408035278
std_score: 0.008767371997237206
percentiles: 2%=0.715194046497345, 5%=0.7192739844322205, 10%=0.7218018770217896, 25%=0.731063961982727, 50%=0.7368594408035278, 75%=0.7426345348358154, 90%=0.7457149624824524, 95%=0.7476744651794434, 98%=0.748306393623352
ranking_best_algo: PBIL
ranking_best_score: 0.7248786399609374
ranking_my_rank: 1/504 (100.0%)
ranking_my_percent: 100.0
