ConfigName: krbf__advnormalizedfitness__M3__L8__eps0p015__g0p01__ds0p01__dm0p01
Problem: QUBO
Kernel: rbf
Advantage: normalizedfitness
M: 3
lambda: 8
epsilon_svgd: 0.015
gamma: 0.01
decay_start_ratio: 0.01
decay_min_factor: 0.01
bandwith_kernel: None
no_interact: False
avg_score: -1552.06005859375
median_score: -1554.5
std_score: 90.25926971435547
percentiles: 2%=-1722.0400390625, 5%=-1695.199951171875, 10%=-1666.699951171875, 25%=-1624.75, 50%=-1554.5, 75%=-1483.0, 90%=-1426.800048828125, 95%=-1417.050048828125, 98%=-1386.8399658203125
ranking_best_algo: NLOPT_LN_PRAXIS
ranking_best_score: 1607.12
ranking_my_rank: 51/504 (90.1%)
ranking_my_percent: 90.07936507936508
