ConfigName: kjsd__advperagentrankweighted__M3__L18__eps0p007__g0p003__ds0p05__dm0p05
Problem: NK
Kernel: jsd
Advantage: peragentrankweighted
M: 3
lambda: 18
epsilon_svgd: 0.007
gamma: 0.003
decay_start_ratio: 0.05
decay_min_factor: 0.05
bandwith_kernel: None
no_interact: False
avg_score: 0.7401060461997986
median_score: 0.7376201748847961
std_score: 0.016484225168824196
percentiles: 2%=0.7097797393798828, 5%=0.7132081985473633, 10%=0.7200180888175964, 25%=0.728594958782196, 50%=0.7376201748847961, 75%=0.751366376876831, 90%=0.760697066783905, 95%=0.7646177411079407, 98%=0.7745289206504822
ranking_best_algo: Tabu
ranking_best_score: 0.7601875690625
ranking_my_rank: 15/504 (97.2%)
ranking_my_percent: 97.22222222222223
