ConfigName: krbf__advnormalizedfitness__M4__L15__eps0p033__g0p007__ds0p3__dm0p3
Problem: QUBO
Kernel: rbf
Advantage: normalizedfitness
M: 4
lambda: 15
epsilon_svgd: 0.033
gamma: 0.007
decay_start_ratio: 0.3
decay_min_factor: 0.3
bandwith_kernel: None
no_interact: False
avg_score: -1098.0400390625
median_score: -1112.0
std_score: 102.39109802246094
percentiles: 2%=-1266.6800537109375, 5%=-1245.199951171875, 10%=-1221.0, 25%=-1166.75, 50%=-1112.0, 75%=-1020.25, 90%=-960.4000244140625, 95%=-938.8500366210938, 98%=-907.8999633789062
ranking_best_algo: BigLognormalDiscreteOnePlusOne
ranking_best_score: 1301.3600000000004
ranking_my_rank: 200/504 (60.5%)
ranking_my_percent: 60.51587301587302
