ConfigName: krbf__advnormalizedfitness__M3__L12__eps0p033__g0p01__ds0p15__dm0p3
Problem: QUBO
Kernel: rbf
Advantage: normalizedfitness
M: 3
lambda: 12
epsilon_svgd: 0.033
gamma: 0.01
decay_start_ratio: 0.15
decay_min_factor: 0.3
bandwith_kernel: None
no_interact: False
avg_score: -1141.800048828125
median_score: -1140.5
std_score: 72.14498901367188
percentiles: 2%=-1274.0799560546875, 5%=-1259.0999755859375, 10%=-1235.199951171875, 25%=-1193.25, 50%=-1140.5, 75%=-1095.0, 90%=-1049.0, 95%=-1023.3500366210938, 98%=-1000.9400024414062
ranking_best_algo: SVMMetaModelLogNormal
ranking_best_score: 1233.7999999999997
ranking_my_rank: 95/504 (81.3%)
ranking_my_percent: 81.34920634920636
