ConfigName: krbf__advnormalizedfitness__M3__L8__eps0p025__g0p015__ds0p3__dm0p3
Problem: NK
Kernel: rbf
Advantage: normalizedfitness
M: 3
lambda: 8
epsilon_svgd: 0.025
gamma: 0.015
decay_start_ratio: 0.3
decay_min_factor: 0.3
bandwith_kernel: None
no_interact: False
avg_score: 0.7175946831703186
median_score: 0.717045783996582
std_score: 0.010214487090706825
percentiles: 2%=0.696218729019165, 5%=0.7023714184761047, 10%=0.7057185769081116, 25%=0.7112443447113037, 50%=0.717045783996582, 75%=0.7252525687217712, 90%=0.7315612435340881, 95%=0.7348714470863342, 98%=0.7354873418807983
ranking_best_algo: PBIL
ranking_best_score: 0.7248786399609374
ranking_my_rank: 37/504 (92.9%)
ranking_my_percent: 92.85714285714286
