ConfigName: krbf__advnormalizedfitness__M3__L8__eps0p033__g0p007__ds0p15__dm0p01
Problem: QUBO
Kernel: rbf
Advantage: normalizedfitness
M: 3
lambda: 8
epsilon_svgd: 0.033
gamma: 0.007
decay_start_ratio: 0.15
decay_min_factor: 0.01
bandwith_kernel: None
no_interact: False
avg_score: -906.8400268554688
median_score: -896.0
std_score: 64.73418426513672
percentiles: 2%=-1032.1600341796875, 5%=-1024.25, 10%=-994.5, 25%=-960.0, 50%=-896.0, 75%=-862.5, 90%=-822.7000122070312, 95%=-798.6500244140625, 98%=-785.9400024414062
ranking_best_algo: CMAL3
ranking_best_score: 928.5800000000002
ranking_my_rank: 56/504 (89.1%)
ranking_my_percent: 89.08730158730158
