ConfigName: kjsd__advperagentrankweighted__M3__L20__eps0p007__g0p0007__ds0p1__dm0p2
Problem: NK
Kernel: jsd
Advantage: peragentrankweighted
M: 3
lambda: 20
epsilon_svgd: 0.007
gamma: 0.0007
decay_start_ratio: 0.1
decay_min_factor: 0.2
bandwith_kernel: None
no_interact: False
avg_score: 0.7436675429344177
median_score: 0.7428864240646362
std_score: 0.0136902816593647
percentiles: 2%=0.7207300662994385, 5%=0.7238333225250244, 10%=0.7255133390426636, 25%=0.7340319752693176, 50%=0.7428864240646362, 75%=0.7520795464515686, 90%=0.7620547413825989, 95%=0.766136884689331, 98%=0.7727481126785278
ranking_best_algo: Tabu
ranking_best_score: 0.7601875690625
ranking_my_rank: 7/504 (98.8%)
ranking_my_percent: 98.80952380952381
