ConfigName: krbf__advnormalizedfitness__M4__L12__eps0p025__g0p015__ds0p3__dm0p3
Problem: QUBO
Kernel: rbf
Advantage: normalizedfitness
M: 4
lambda: 12
epsilon_svgd: 0.025
gamma: 0.015
decay_start_ratio: 0.3
decay_min_factor: 0.3
bandwith_kernel: None
no_interact: False
avg_score: -321.8999938964844
median_score: -319.0
std_score: 32.901519775390625
percentiles: 2%=-385.20001220703125, 5%=-379.0, 10%=-368.29998779296875, 25%=-342.25, 50%=-319.0, 75%=-303.75, 90%=-277.8999938964844, 95%=-274.9000244140625, 98%=-253.65992736816406
ranking_best_algo: CMAL3
ranking_best_score: 435.36
ranking_my_rank: 333/504 (34.1%)
ranking_my_percent: 34.12698412698413
