ConfigName: kjsd__advperagentrankweighted__M4__L12__eps0p01__g0p0003__ds0p4__dm0p05
Problem: QUBO
Kernel: jsd
Advantage: peragentrankweighted
M: 4
lambda: 12
epsilon_svgd: 0.01
gamma: 0.0003
decay_start_ratio: 0.4
decay_min_factor: 0.05
bandwith_kernel: None
no_interact: False
avg_score: -199.72000122070312
median_score: -201.0
std_score: 12.82503890991211
percentiles: 2%=-224.0, 5%=-222.10000610351562, 10%=-217.10000610351562, 25%=-209.0, 50%=-201.0, 75%=-191.75, 90%=-181.89999389648438, 95%=-178.0, 98%=-175.94000244140625
ranking_best_algo: Tabu
ranking_best_score: 208.36000000000004
ranking_my_rank: 64/504 (87.5%)
ranking_my_percent: 87.5
