ConfigName: krbf__advnormalizedfitness__M2__L8__eps0p025__g0p005__ds0p01__dm0p3
Problem: NK
Kernel: rbf
Advantage: normalizedfitness
M: 2
lambda: 8
epsilon_svgd: 0.025
gamma: 0.005
decay_start_ratio: 0.01
decay_min_factor: 0.3
bandwith_kernel: None
no_interact: False
avg_score: 0.709769606590271
median_score: 0.6985580325126648
std_score: 0.031339503824710846
percentiles: 2%=0.6719805002212524, 5%=0.6725711226463318, 10%=0.6756990551948547, 25%=0.6819818615913391, 50%=0.6985580325126648, 75%=0.7454054355621338, 90%=0.7532056570053101, 95%=0.7584580183029175, 98%=0.7613165378570557
ranking_best_algo: CMApara
ranking_best_score: 0.7118996098437498
ranking_my_rank: 48/504 (90.7%)
ranking_my_percent: 90.67460317460318
