ConfigName: krbf__advnormalizedfitness__M1__L8__eps0p025__g0p007__ds0p01__dm0p3
Problem: QUBO
Kernel: rbf
Advantage: normalizedfitness
M: 1
lambda: 8
epsilon_svgd: 0.025
gamma: 0.007
decay_start_ratio: 0.01
decay_min_factor: 0.3
bandwith_kernel: None
no_interact: False
avg_score: -292.0199890136719
median_score: -287.0
std_score: 41.142189025878906
percentiles: 2%=-382.2799987792969, 5%=-366.3999938964844, 10%=-340.6000061035156, 25%=-320.0, 50%=-287.0, 75%=-262.0, 90%=-249.70001220703125, 95%=-237.7000274658203, 98%=-215.95999145507812
ranking_best_algo: CMApara
ranking_best_score: 319.29999999999995
ranking_my_rank: 275/504 (45.6%)
ranking_my_percent: 45.63492063492063
