ConfigName: kfr__advglobalrankweighted__M4__L5__eps0p01__g0p01__ds0p01__dm0p01
Problem: NK
Kernel: fr
Advantage: globalrankweighted
M: 4
lambda: 5
epsilon_svgd: 0.01
gamma: 0.01
decay_start_ratio: 0.01
decay_min_factor: 0.01
bandwith_kernel: None
no_interact: False
avg_score: 0.7458728551864624
median_score: 0.7423140406608582
std_score: 0.027100559324026108
percentiles: 2%=0.7102049589157104, 5%=0.7105557918548584, 10%=0.7122488617897034, 25%=0.7225292921066284, 50%=0.7423140406608582, 75%=0.7601335048675537, 90%=0.778337299823761, 95%=0.8044298887252808, 98%=0.8044351935386658
ranking_best_algo: CMApara
ranking_best_score: 0.7459277895312499
ranking_my_rank: 2/504 (99.8%)
ranking_my_percent: 99.8015873015873
