ConfigName: krbf__advnormalizedfitness__M2__L6__eps0p02__g0p006__ds0p01__dm0p3
Problem: QUBO
Kernel: rbf
Advantage: normalizedfitness
M: 2
lambda: 6
epsilon_svgd: 0.02
gamma: 0.006
decay_start_ratio: 0.01
decay_min_factor: 0.3
bandwith_kernel: None
no_interact: False
avg_score: -896.1400146484375
median_score: -895.5
std_score: 60.9655647277832
percentiles: 2%=-1022.3200073242188, 5%=-998.4500122070312, 10%=-973.5999755859375, 25%=-935.75, 50%=-895.5, 75%=-852.0, 90%=-817.7000122070312, 95%=-799.0, 98%=-790.9599609375
ranking_best_algo: CMAL3
ranking_best_score: 928.5800000000002
ranking_my_rank: 84/504 (83.5%)
ranking_my_percent: 83.53174603174604
