ConfigName: kfr__advglobalrankweighted__M1__L7__eps0p02__g0p003__ds0p01__dm0p01
Problem: QUBO
Kernel: fr
Advantage: globalrankweighted
M: 1
lambda: 7
epsilon_svgd: 0.02
gamma: 0.003
decay_start_ratio: 0.01
decay_min_factor: 0.01
bandwith_kernel: None
no_interact: False
avg_score: -1486.9000244140625
median_score: -1484.5
std_score: 70.12909698486328
percentiles: 2%=-1632.0999755859375, 5%=-1606.0999755859375, 10%=-1591.4000244140625, 25%=-1541.0, 50%=-1484.5, 75%=-1434.0, 90%=-1396.800048828125, 95%=-1385.0, 98%=-1358.919921875
ranking_best_algo: NLOPT_LN_PRAXIS
ranking_best_score: 1607.12
ranking_my_rank: 82/504 (83.9%)
ranking_my_percent: 83.92857142857143
