ConfigName: krbf__advnormalizedfitness__M3__L10__eps0p015__g0p007__ds0p01__dm0p3
Problem: QUBO
Kernel: rbf
Advantage: normalizedfitness
M: 3
lambda: 10
epsilon_svgd: 0.015
gamma: 0.007
decay_start_ratio: 0.01
decay_min_factor: 0.3
bandwith_kernel: None
no_interact: False
avg_score: -1104.3800048828125
median_score: -1110.5
std_score: 83.64995574951172
percentiles: 2%=-1272.3800048828125, 5%=-1236.1500244140625, 10%=-1202.699951171875, 25%=-1167.75, 50%=-1110.5, 75%=-1040.0, 90%=-999.2999877929688, 95%=-969.0, 98%=-945.8800048828125
ranking_best_algo: SVMMetaModelLogNormal
ranking_best_score: 1233.7999999999997
ranking_my_rank: 115/504 (77.4%)
ranking_my_percent: 77.38095238095238
