ConfigName: krbf__advnormalizedfitness__M1__L8__eps0p025__g0p007__ds0p15__dm0p3
Problem: QUBO
Kernel: rbf
Advantage: normalizedfitness
M: 1
lambda: 8
epsilon_svgd: 0.025
gamma: 0.007
decay_start_ratio: 0.15
decay_min_factor: 0.3
bandwith_kernel: None
no_interact: False
avg_score: -402.8599853515625
median_score: -407.0
std_score: 52.48943328857422
percentiles: 2%=-471.0, 5%=-469.0, 10%=-453.29998779296875, 25%=-428.75, 50%=-407.0, 75%=-382.75, 90%=-361.8999938964844, 95%=-347.9000244140625, 98%=-339.73992919921875
ranking_best_algo: CMAL3
ranking_best_score: 435.36
ranking_my_rank: 230/504 (54.6%)
ranking_my_percent: 54.56349206349206
