ConfigName: kjsd__advperagentrankweighted__M4__L20__eps0p007__g0p0005__ds0p05__dm0p05
Problem: NK
Kernel: jsd
Advantage: peragentrankweighted
M: 4
lambda: 20
epsilon_svgd: 0.007
gamma: 0.0005
decay_start_ratio: 0.05
decay_min_factor: 0.05
bandwith_kernel: None
no_interact: False
avg_score: 0.7318220734596252
median_score: 0.7304151058197021
std_score: 0.009842820465564728
percentiles: 2%=0.7175050377845764, 5%=0.7196125984191895, 10%=0.7209155559539795, 25%=0.7242013216018677, 50%=0.7304151058197021, 75%=0.7370682954788208, 90%=0.7456604838371277, 95%=0.7531031370162964, 98%=0.7567174434661865
ranking_best_algo: Tabu
ranking_best_score: 0.7429702712499999
ranking_my_rank: 2/504 (99.8%)
ranking_my_percent: 99.8015873015873
