ConfigName: kjsd__advperagentrankweighted__M3__L16__eps0p007__g0p0007__ds0p05__dm0p2
Problem: NK
Kernel: jsd
Advantage: peragentrankweighted
M: 3
lambda: 16
epsilon_svgd: 0.007
gamma: 0.0007
decay_start_ratio: 0.05
decay_min_factor: 0.2
bandwith_kernel: None
no_interact: False
avg_score: 0.7406915426254272
median_score: 0.7405298948287964
std_score: 0.01353555265814066
percentiles: 2%=0.7147890329360962, 5%=0.7166738510131836, 10%=0.7234658002853394, 25%=0.7300604581832886, 50%=0.7405298948287964, 75%=0.7500895261764526, 90%=0.7581448554992676, 95%=0.7622292637825012, 98%=0.7666656970977783
ranking_best_algo: Tabu
ranking_best_score: 0.7601875690625
ranking_my_rank: 12/504 (97.8%)
ranking_my_percent: 97.81746031746032
