ConfigName: kjsd__advperagentrankweighted__M3__L18__eps0p01__g0p0005__ds0p1__dm0p1
Problem: QUBO
Kernel: jsd
Advantage: peragentrankweighted
M: 3
lambda: 18
epsilon_svgd: 0.01
gamma: 0.0005
decay_start_ratio: 0.1
decay_min_factor: 0.1
bandwith_kernel: None
no_interact: False
avg_score: -407.8800048828125
median_score: -408.5
std_score: 29.074138641357422
percentiles: 2%=-455.0, 5%=-448.20001220703125, 10%=-442.1000061035156, 25%=-430.0, 50%=-408.5, 75%=-389.75, 90%=-366.0, 95%=-358.0, 98%=-346.0
ranking_best_algo: Tabu
ranking_best_score: 438.12
ranking_my_rank: 154/504 (69.6%)
ranking_my_percent: 69.64285714285714
