ConfigName: kjsd__advperagentrankweighted__M6__L12__eps0p008__g0p0005__ds0p05__dm0p05
Problem: QUBO
Kernel: jsd
Advantage: peragentrankweighted
M: 6
lambda: 12
epsilon_svgd: 0.008
gamma: 0.0005
decay_start_ratio: 0.05
decay_min_factor: 0.05
bandwith_kernel: None
no_interact: False
avg_score: -447.260009765625
median_score: -452.0
std_score: 24.48780059814453
percentiles: 2%=-489.17999267578125, 5%=-481.1000061035156, 10%=-477.1000061035156, 25%=-468.25, 50%=-452.0, 75%=-429.75, 90%=-413.79998779296875, 95%=-402.95001220703125, 98%=-396.9800109863281
ranking_best_algo: CMApara
ranking_best_score: 453.82
ranking_my_rank: 2/504 (99.8%)
ranking_my_percent: 99.8015873015873
