ConfigName: krbf__advnormalizedfitness__M3__L15__eps0p02__g0p005__ds0p15__dm0p05
Problem: QUBO
Kernel: rbf
Advantage: normalizedfitness
M: 3
lambda: 15
epsilon_svgd: 0.02
gamma: 0.005
decay_start_ratio: 0.15
decay_min_factor: 0.05
bandwith_kernel: None
no_interact: False
avg_score: -2543.919921875
median_score: -2536.0
std_score: 155.99305725097656
percentiles: 2%=-2889.39990234375, 5%=-2817.949951171875, 10%=-2762.199951171875, 25%=-2638.75, 50%=-2536.0, 75%=-2426.5, 90%=-2347.89990234375, 95%=-2305.89990234375, 98%=-2260.5400390625
ranking_best_algo: DiscreteLengler2OnePlusOne
ranking_best_score: 2617.04
ranking_my_rank: 56/504 (89.1%)
ranking_my_percent: 89.08730158730158
