ConfigName: kjsd__advperagentrankweighted__M5__L12__eps0p02__g0p0007__ds0p05__dm0p05
Problem: QUBO
Kernel: jsd
Advantage: peragentrankweighted
M: 5
lambda: 12
epsilon_svgd: 0.02
gamma: 0.0007
decay_start_ratio: 0.05
decay_min_factor: 0.05
bandwith_kernel: None
no_interact: False
avg_score: -1309.199951171875
median_score: -1305.5
std_score: 49.59092330932617
percentiles: 2%=-1429.1400146484375, 5%=-1386.1500244140625, 10%=-1377.0, 25%=-1338.75, 50%=-1305.5, 75%=-1278.75, 90%=-1252.0, 95%=-1222.699951171875, 98%=-1210.8800048828125
ranking_best_algo: BigLognormalDiscreteOnePlusOne
ranking_best_score: 1301.3600000000004
ranking_my_rank: 1/504 (100.0%)
ranking_my_percent: 100.0
