ConfigName: kjsd__advperagentrankweighted__M3__L16__eps0p005__g0p0005__ds0p2__dm0p2
Problem: QUBO
Kernel: jsd
Advantage: peragentrankweighted
M: 3
lambda: 16
epsilon_svgd: 0.005
gamma: 0.0005
decay_start_ratio: 0.2
decay_min_factor: 0.2
bandwith_kernel: None
no_interact: False
avg_score: -574.5
median_score: -569.5
std_score: 27.999820709228516
percentiles: 2%=-634.0999755859375, 5%=-619.0, 10%=-611.2000122070312, 25%=-594.25, 50%=-569.5, 75%=-556.5, 90%=-540.7999877929688, 95%=-529.7999877929688, 98%=-520.9600219726562
ranking_best_algo: Tabu
ranking_best_score: 588.7199999999999
ranking_my_rank: 57/503 (88.9%)
ranking_my_percent: 88.86679920477137
