ConfigName: kjsd__advperagentrankweighted__M4__L12__eps0p005__g0p0005__ds0p1__dm0p05
Problem: NK
Kernel: jsd
Advantage: peragentrankweighted
M: 4
lambda: 12
epsilon_svgd: 0.005
gamma: 0.0005
decay_start_ratio: 0.1
decay_min_factor: 0.05
bandwith_kernel: None
no_interact: False
avg_score: 0.7376517653465271
median_score: 0.7389843463897705
std_score: 0.009356874041259289
percentiles: 2%=0.7179843187332153, 5%=0.7201383709907532, 10%=0.7235225439071655, 25%=0.7310423254966736, 50%=0.7389843463897705, 75%=0.744308590888977, 90%=0.7473549842834473, 95%=0.7507812976837158, 98%=0.7547313570976257
ranking_best_algo: PBIL
ranking_best_score: 0.730509098125
ranking_my_rank: 1/504 (100.0%)
ranking_my_percent: 100.0
