ConfigName: kjsd__advperagentrankweighted__M4__L8__eps0p02__g0p0005__ds0p05__dm0p05
Problem: QUBO
Kernel: jsd
Advantage: peragentrankweighted
M: 4
lambda: 8
epsilon_svgd: 0.02
gamma: 0.0005
decay_start_ratio: 0.05
decay_min_factor: 0.05
bandwith_kernel: None
no_interact: False
avg_score: -1223.760009765625
median_score: -1223.0
std_score: 54.37464904785156
percentiles: 2%=-1338.239990234375, 5%=-1319.0999755859375, 10%=-1289.800048828125, 25%=-1259.0, 50%=-1223.0, 75%=-1177.0, 90%=-1158.5999755859375, 95%=-1146.800048828125, 98%=-1138.9200439453125
ranking_best_algo: SVMMetaModelLogNormal
ranking_best_score: 1233.7999999999997
ranking_my_rank: 14/504 (97.4%)
ranking_my_percent: 97.42063492063492
