ConfigName: kjsd__advperagentrankweighted__M2__L20__eps0p005__g0p0005__ds0p1__dm0p05
Problem: NK
Kernel: jsd
Advantage: peragentrankweighted
M: 2
lambda: 20
epsilon_svgd: 0.005
gamma: 0.0005
decay_start_ratio: 0.1
decay_min_factor: 0.05
bandwith_kernel: None
no_interact: False
avg_score: 0.7250163555145264
median_score: 0.7257266640663147
std_score: 0.00862322747707367
percentiles: 2%=0.7101395130157471, 5%=0.7106996774673462, 10%=0.7133243083953857, 25%=0.7188948392868042, 50%=0.7257266640663147, 75%=0.7306284308433533, 90%=0.7337366938591003, 95%=0.7379652261734009, 98%=0.7442697882652283
ranking_best_algo: PBIL
ranking_best_score: 0.7170882103515624
ranking_my_rank: 1/504 (100.0%)
ranking_my_percent: 100.0
