ConfigName: krbf__advnormalizedfitness__M4__L15__eps0p03__g0p001__ds0p05__dm0p05
Problem: NK
Kernel: rbf
Advantage: normalizedfitness
M: 4
lambda: 15
epsilon_svgd: 0.03
gamma: 0.001
decay_start_ratio: 0.05
decay_min_factor: 0.05
bandwith_kernel: None
no_interact: False
avg_score: 0.7365533709526062
median_score: 0.736571729183197
std_score: 0.013686035759747028
percentiles: 2%=0.7103023529052734, 5%=0.7143634557723999, 10%=0.7194018959999084, 25%=0.7259559631347656, 50%=0.736571729183197, 75%=0.7462911605834961, 90%=0.751859724521637, 95%=0.7564490437507629, 98%=0.7677842378616333
ranking_best_algo: Tabu
ranking_best_score: 0.7601875690625
ranking_my_rank: 20/504 (96.2%)
ranking_my_percent: 96.23015873015873
