ConfigName: kfr__advglobalrankweighted__M1__L10__eps0p02__g0p003__ds0p01__dm0p01
Problem: QUBO
Kernel: fr
Advantage: globalrankweighted
M: 1
lambda: 10
epsilon_svgd: 0.02
gamma: 0.003
decay_start_ratio: 0.01
decay_min_factor: 0.01
bandwith_kernel: None
no_interact: False
avg_score: -851.9000244140625
median_score: -845.0
std_score: 66.6120834350586
percentiles: 2%=-995.0999755859375, 5%=-971.4500122070312, 10%=-943.7000122070312, 25%=-893.25, 50%=-845.0, 75%=-798.0, 90%=-768.2000122070312, 95%=-751.7000122070312, 98%=-739.8999633789062
ranking_best_algo: CMAL3
ranking_best_score: 928.5800000000002
ranking_my_rank: 209/504 (58.7%)
ranking_my_percent: 58.73015873015873
