ConfigName: kfr__advglobalrankweighted__M1__L10__eps0p015__g0p007__ds0p01__dm0p01
Problem: QUBO
Kernel: fr
Advantage: globalrankweighted
M: 1
lambda: 10
epsilon_svgd: 0.015
gamma: 0.007
decay_start_ratio: 0.01
decay_min_factor: 0.01
bandwith_kernel: None
no_interact: False
avg_score: -298.8999938964844
median_score: -291.5
std_score: 38.17682647705078
percentiles: 2%=-380.0400085449219, 5%=-374.20001220703125, 10%=-351.0, 25%=-321.0, 50%=-291.5, 75%=-269.5, 90%=-255.0, 95%=-245.90000915527344, 98%=-239.81996154785156
ranking_best_algo: CMApara
ranking_best_score: 319.29999999999995
ranking_my_rank: 237/504 (53.2%)
ranking_my_percent: 53.17460317460318
