ConfigName: krbf__advnormalizedfitness__M2__L14__eps0p025__g0p007__ds0p15__dm0p01
Problem: QUBO
Kernel: rbf
Advantage: normalizedfitness
M: 2
lambda: 14
epsilon_svgd: 0.025
gamma: 0.007
decay_start_ratio: 0.15
decay_min_factor: 0.01
bandwith_kernel: None
no_interact: False
avg_score: -197.25999450683594
median_score: -199.0
std_score: 14.027559280395508
percentiles: 2%=-224.0, 5%=-221.0, 10%=-215.0, 25%=-207.0, 50%=-199.0, 75%=-186.0, 90%=-177.89999389648438, 95%=-175.9499969482422, 98%=-170.9600067138672
ranking_best_algo: Tabu
ranking_best_score: 208.36000000000004
ranking_my_rank: 125/504 (75.4%)
ranking_my_percent: 75.39682539682539
