ConfigName: kjsd__advperagentrankweighted__M3__L20__eps0p007__g0p003__ds0p1__dm0p1
Problem: NK
Kernel: jsd
Advantage: peragentrankweighted
M: 3
lambda: 20
epsilon_svgd: 0.007
gamma: 0.003
decay_start_ratio: 0.1
decay_min_factor: 0.1
bandwith_kernel: None
no_interact: False
avg_score: 0.6160229444503784
median_score: 0.6093109846115112
std_score: 0.01812642067670822
percentiles: 2%=0.5940755009651184, 5%=0.5961732268333435, 10%=0.598292350769043, 25%=0.6039174795150757, 50%=0.6093109846115112, 75%=0.6244255304336548, 90%=0.6404719948768616, 95%=0.6509619951248169, 98%=0.6651292443275452
ranking_best_algo: PBIL
ranking_best_score: 0.7170882103515624
ranking_my_rank: 315/504 (37.7%)
ranking_my_percent: 37.698412698412696
