ConfigName: kjsd__advperagentrankweighted__M3__L30__eps0p007__g0p0005__ds0p2__dm0p1
Problem: QUBO
Kernel: jsd
Advantage: peragentrankweighted
M: 3
lambda: 30
epsilon_svgd: 0.007
gamma: 0.0005
decay_start_ratio: 0.2
decay_min_factor: 0.1
bandwith_kernel: None
no_interact: False
avg_score: -1629.02001953125
median_score: -1626.0
std_score: 55.84459686279297
percentiles: 2%=-1729.1400146484375, 5%=-1722.1500244140625, 10%=-1695.199951171875, 25%=-1673.5, 50%=-1626.0, 75%=-1592.75, 90%=-1552.699951171875, 95%=-1535.0, 98%=-1520.9200439453125
ranking_best_algo: NLOPT_LN_PRAXIS
ranking_best_score: 1607.12
ranking_my_rank: 1/504 (100.0%)
ranking_my_percent: 100.0
