ConfigName: krbf__advnormalizedfitness__M3__L12__eps0p015__g0p015__ds0p15__dm0p01
Problem: NK
Kernel: rbf
Advantage: normalizedfitness
M: 3
lambda: 12
epsilon_svgd: 0.015
gamma: 0.015
decay_start_ratio: 0.15
decay_min_factor: 0.01
bandwith_kernel: None
no_interact: False
avg_score: 0.7072603702545166
median_score: 0.7066842317581177
std_score: 0.010159994475543499
percentiles: 2%=0.683880090713501, 5%=0.6928482055664062, 10%=0.695938766002655, 25%=0.7002149820327759, 50%=0.7066842317581177, 75%=0.7156604528427124, 90%=0.7191805243492126, 95%=0.7221444249153137, 98%=0.7261872887611389
ranking_best_algo: PBIL
ranking_best_score: 0.7248786399609374
ranking_my_rank: 78/504 (84.7%)
ranking_my_percent: 84.72222222222223
