ConfigName: kjsd__advperagentrankweighted__M4__L20__eps0p007__g0p0005__ds0p1__dm0p1
Problem: QUBO
Kernel: jsd
Advantage: peragentrankweighted
M: 4
lambda: 20
epsilon_svgd: 0.007
gamma: 0.0005
decay_start_ratio: 0.1
decay_min_factor: 0.1
bandwith_kernel: None
no_interact: False
avg_score: -410.1199951171875
median_score: -411.5
std_score: 24.466827392578125
percentiles: 2%=-452.29998779296875, 5%=-445.04998779296875, 10%=-440.1000061035156, 25%=-428.25, 50%=-411.5, 75%=-392.0, 90%=-381.8999938964844, 95%=-366.0, 98%=-353.9200134277344
ranking_best_algo: Tabu
ranking_best_score: 438.12
ranking_my_rank: 90/504 (82.3%)
ranking_my_percent: 82.34126984126983
