ConfigName: krbf__advnormalizedfitness__M3__L8__eps0p025__g0p007__ds0p3__dm0p3
Problem: NK
Kernel: rbf
Advantage: normalizedfitness
M: 3
lambda: 8
epsilon_svgd: 0.025
gamma: 0.007
decay_start_ratio: 0.3
decay_min_factor: 0.3
bandwith_kernel: None
no_interact: False
avg_score: 0.7103599309921265
median_score: 0.7114732265472412
std_score: 0.015063160099089146
percentiles: 2%=0.6723530292510986, 5%=0.6735084652900696, 10%=0.6967028379440308, 25%=0.7074549198150635, 50%=0.7114732265472412, 75%=0.7184407711029053, 90%=0.7254174947738647, 95%=0.7329168915748596, 98%=0.7333096265792847
ranking_best_algo: CMApara
ranking_best_score: 0.707475975
ranking_my_rank: 1/504 (100.0%)
ranking_my_percent: 100.0
