ConfigName: krbf__advnormalizedfitness__M2__L8__eps0p025__g0p007__ds0p01__dm0p01
Problem: QUBO
Kernel: rbf
Advantage: normalizedfitness
M: 2
lambda: 8
epsilon_svgd: 0.025
gamma: 0.007
decay_start_ratio: 0.01
decay_min_factor: 0.01
bandwith_kernel: None
no_interact: False
avg_score: -1178.1800537109375
median_score: -1169.0
std_score: 62.578495025634766
percentiles: 2%=-1303.0400390625, 5%=-1278.1500244140625, 10%=-1265.0, 25%=-1220.0, 50%=-1169.0, 75%=-1137.0, 90%=-1098.9000244140625, 95%=-1080.699951171875, 98%=-1058.97998046875
ranking_best_algo: Tabu
ranking_best_score: 1216.16
ranking_my_rank: 74/504 (85.5%)
ranking_my_percent: 85.51587301587301
