ConfigName: krbf__advnormalizedfitness__M1__L8__eps0p015__g0p007__ds0p01__dm0p3
Problem: QUBO
Kernel: rbf
Advantage: normalizedfitness
M: 1
lambda: 8
epsilon_svgd: 0.015
gamma: 0.007
decay_start_ratio: 0.01
decay_min_factor: 0.3
bandwith_kernel: None
no_interact: False
avg_score: -1206.43994140625
median_score: -1211.0
std_score: 123.8753662109375
percentiles: 2%=-1344.4000244140625, 5%=-1321.199951171875, 10%=-1303.5999755859375, 25%=-1258.25, 50%=-1211.0, 75%=-1170.0, 90%=-1135.0, 95%=-1122.800048828125, 98%=-1069.8199462890625
ranking_best_algo: SVMMetaModelLogNormal
ranking_best_score: 1233.7999999999997
ranking_my_rank: 49/504 (90.5%)
ranking_my_percent: 90.47619047619048
