ConfigName: krbf__advnormalizedfitness__M4__L15__eps0p015__g0p005__ds0p3__dm0p3
Problem: QUBO
Kernel: rbf
Advantage: normalizedfitness
M: 4
lambda: 15
epsilon_svgd: 0.015
gamma: 0.005
decay_start_ratio: 0.3
decay_min_factor: 0.3
bandwith_kernel: None
no_interact: False
avg_score: -726.9000244140625
median_score: -719.5
std_score: 73.97465515136719
percentiles: 2%=-874.3200073242188, 5%=-855.0999755859375, 10%=-839.2000122070312, 25%=-777.75, 50%=-719.5, 75%=-673.5, 90%=-638.0, 95%=-619.9000244140625, 98%=-592.9400024414062
ranking_best_algo: CMAL3
ranking_best_score: 928.5800000000002
ranking_my_rank: 328/504 (35.1%)
ranking_my_percent: 35.11904761904762
