ConfigName: krbf__advnormalizedfitness__M5__L8__eps0p02__g0p005__ds0p15__dm0p05
Problem: QUBO
Kernel: rbf
Advantage: normalizedfitness
M: 5
lambda: 8
epsilon_svgd: 0.02
gamma: 0.005
decay_start_ratio: 0.15
decay_min_factor: 0.05
bandwith_kernel: None
no_interact: False
avg_score: -567.97998046875
median_score: -571.0
std_score: 29.850955963134766
percentiles: 2%=-613.1199951171875, 5%=-609.0, 10%=-607.0, 25%=-592.5, 50%=-571.0, 75%=-543.0, 90%=-526.7999877929688, 95%=-522.9000244140625, 98%=-512.9199829101562
ranking_best_algo: Tabu
ranking_best_score: 588.7199999999999
ranking_my_rank: 81/503 (84.1%)
ranking_my_percent: 84.09542743538768
