ConfigName: krbf__advnormalizedfitness__M3__L8__eps0p015__g0p015__ds0p01__dm0p01
Problem: QUBO
Kernel: rbf
Advantage: normalizedfitness
M: 3
lambda: 8
epsilon_svgd: 0.015
gamma: 0.015
decay_start_ratio: 0.01
decay_min_factor: 0.01
bandwith_kernel: None
no_interact: False
avg_score: -1168.0
median_score: -1165.0
std_score: 69.89263153076172
percentiles: 2%=-1353.0799560546875, 5%=-1265.6500244140625, 10%=-1249.0, 25%=-1217.0, 50%=-1165.0, 75%=-1121.75, 90%=-1085.5999755859375, 95%=-1061.800048828125, 98%=-1050.9000244140625
ranking_best_algo: Tabu
ranking_best_score: 1216.16
ranking_my_rank: 93/504 (81.7%)
ranking_my_percent: 81.74603174603175
