ConfigName: krbf__advnormalizedfitness__M2__L8__eps0p033__g0p015__ds0p3__dm0p3
Problem: QUBO
Kernel: rbf
Advantage: normalizedfitness
M: 2
lambda: 8
epsilon_svgd: 0.033
gamma: 0.015
decay_start_ratio: 0.3
decay_min_factor: 0.3
bandwith_kernel: None
no_interact: False
avg_score: -932.6799926757812
median_score: -943.5
std_score: 73.7994384765625
percentiles: 2%=-1064.0400390625, 5%=-1049.699951171875, 10%=-1034.300048828125, 25%=-979.25, 50%=-943.5, 75%=-879.0, 90%=-832.7000122070312, 95%=-827.4500122070312, 98%=-776.719970703125
ranking_best_algo: CMApara
ranking_best_score: 964.9
ranking_my_rank: 19/504 (96.4%)
ranking_my_percent: 96.42857142857143
