ConfigName: krbf__advnormalizedfitness__M2__L11__eps0p015__g0p003__ds0p01__dm0p01
Problem: QUBO
Kernel: rbf
Advantage: normalizedfitness
M: 2
lambda: 11
epsilon_svgd: 0.015
gamma: 0.003
decay_start_ratio: 0.01
decay_min_factor: 0.01
bandwith_kernel: None
no_interact: False
avg_score: -434.2200012207031
median_score: -432.5
std_score: 29.328338623046875
percentiles: 2%=-485.0400085449219, 5%=-479.1000061035156, 10%=-471.1000061035156, 25%=-458.25, 50%=-432.5, 75%=-414.75, 90%=-393.70001220703125, 95%=-383.8999938964844, 98%=-379.8599853515625
ranking_best_algo: CMApara
ranking_best_score: 453.82
ranking_my_rank: 40/504 (92.3%)
ranking_my_percent: 92.26190476190476
