ConfigName: kjsd__advperagentrankweighted__M3__L16__eps0p01__g0p003__ds0p2__dm0p2
Problem: QUBO
Kernel: jsd
Advantage: peragentrankweighted
M: 3
lambda: 16
epsilon_svgd: 0.01
gamma: 0.003
decay_start_ratio: 0.2
decay_min_factor: 0.2
bandwith_kernel: None
no_interact: False
avg_score: -311.94000244140625
median_score: -317.0
std_score: 40.11329650878906
percentiles: 2%=-398.0, 5%=-386.0, 10%=-359.6000061035156, 25%=-338.5, 50%=-317.0, 75%=-273.75, 90%=-262.8999938964844, 95%=-259.0, 98%=-253.89999389648438
ranking_best_algo: CMApara
ranking_best_score: 319.29999999999995
ranking_my_rank: 36/504 (93.1%)
ranking_my_percent: 93.05555555555556
