ConfigName: krbf__advnormalizedfitness__M3__L15__eps0p015__g0p015__ds0p15__dm0p01
Problem: QUBO
Kernel: rbf
Advantage: normalizedfitness
M: 3
lambda: 15
epsilon_svgd: 0.015
gamma: 0.015
decay_start_ratio: 0.15
decay_min_factor: 0.01
bandwith_kernel: None
no_interact: False
avg_score: -933.3800048828125
median_score: -947.5
std_score: 98.7811508178711
percentiles: 2%=-1128.260009765625, 5%=-1093.699951171875, 10%=-1049.0, 25%=-1005.75, 50%=-947.5, 75%=-856.25, 90%=-798.9000244140625, 95%=-770.800048828125, 98%=-756.5599365234375
ranking_best_algo: NLOPT_LN_PRAXIS
ranking_best_score: 1607.12
ranking_my_rank: 324/504 (35.9%)
ranking_my_percent: 35.91269841269841
