ConfigName: krbf__advnormalizedfitness__M2__L8__eps0p025__g0p005__ds0p01__dm0p3
Problem: QUBO
Kernel: rbf
Advantage: normalizedfitness
M: 2
lambda: 8
epsilon_svgd: 0.025
gamma: 0.005
decay_start_ratio: 0.01
decay_min_factor: 0.3
bandwith_kernel: None
no_interact: False
avg_score: -146.24000549316406
median_score: -145.5
std_score: 14.199378967285156
percentiles: 2%=-179.0, 5%=-179.0, 10%=-159.10000610351562, 25%=-154.25, 50%=-145.5, 75%=-139.0, 90%=-127.0, 95%=-121.94999694824219, 98%=-114.9800033569336
ranking_best_algo: CMApara
ranking_best_score: 154.28
ranking_my_rank: 126/504 (75.2%)
ranking_my_percent: 75.1984126984127
