ConfigName: krbf__advnormalizedfitness__M3__L8__eps0p033__g0p007__ds0p3__dm0p3
Problem: NK
Kernel: rbf
Advantage: normalizedfitness
M: 3
lambda: 8
epsilon_svgd: 0.033
gamma: 0.007
decay_start_ratio: 0.3
decay_min_factor: 0.3
bandwith_kernel: None
no_interact: False
avg_score: 0.7040126323699951
median_score: 0.7008099555969238
std_score: 0.013730584643781185
percentiles: 2%=0.6789069175720215, 5%=0.6825071573257446, 10%=0.6876577138900757, 25%=0.6949822306632996, 50%=0.7008099555969238, 75%=0.7131130695343018, 90%=0.7239387035369873, 95%=0.7264882922172546, 98%=0.7296585440635681
ranking_best_algo: PBIL
ranking_best_score: 0.7170882103515624
ranking_my_rank: 62/504 (87.9%)
ranking_my_percent: 87.89682539682539
