ConfigName: kjsd__advperagentrankweighted__M4__L24__eps0p005__g0p0005__ds0p4__dm0p05
Problem: NK
Kernel: jsd
Advantage: peragentrankweighted
M: 4
lambda: 24
epsilon_svgd: 0.005
gamma: 0.0005
decay_start_ratio: 0.4
decay_min_factor: 0.05
bandwith_kernel: None
no_interact: False
avg_score: 0.7378488183021545
median_score: 0.7391161322593689
std_score: 0.008736545220017433
percentiles: 2%=0.7165066003799438, 5%=0.7217088937759399, 10%=0.7261170744895935, 25%=0.7340002059936523, 50%=0.7391161322593689, 75%=0.7435106635093689, 90%=0.7475545406341553, 95%=0.7522091865539551, 98%=0.7533809542655945
ranking_best_algo: PBIL
ranking_best_score: 0.730509098125
ranking_my_rank: 1/504 (100.0%)
ranking_my_percent: 100.0
