ConfigName: krbf__advnormalizedfitness__M4__L8__eps0p025__g0p015__ds0p15__dm0p3
Problem: NK
Kernel: rbf
Advantage: normalizedfitness
M: 4
lambda: 8
epsilon_svgd: 0.025
gamma: 0.015
decay_start_ratio: 0.15
decay_min_factor: 0.3
bandwith_kernel: None
no_interact: False
avg_score: 0.7204965353012085
median_score: 0.7208112478256226
std_score: 0.01097386796027422
percentiles: 2%=0.6977315545082092, 5%=0.7011913657188416, 10%=0.7055177688598633, 25%=0.7130496501922607, 50%=0.7208112478256226, 75%=0.7279068231582642, 90%=0.7338597178459167, 95%=0.7373626828193665, 98%=0.7392882108688354
ranking_best_algo: PBIL
ranking_best_score: 0.730509098125
ranking_my_rank: 59/504 (88.5%)
ranking_my_percent: 88.4920634920635
