ConfigName: kjsd__advperagentrankweighted__M3__L24__eps0p005__g0p001__ds0p05__dm0p05
Problem: NK
Kernel: jsd
Advantage: peragentrankweighted
M: 3
lambda: 24
epsilon_svgd: 0.005
gamma: 0.001
decay_start_ratio: 0.05
decay_min_factor: 0.05
bandwith_kernel: None
no_interact: False
avg_score: 0.729989230632782
median_score: 0.7299521565437317
std_score: 0.010999682359397411
percentiles: 2%=0.7073045372962952, 5%=0.7112224102020264, 10%=0.7160987257957458, 25%=0.7225418090820312, 50%=0.7299521565437317, 75%=0.7359371781349182, 90%=0.7449312210083008, 95%=0.7472387552261353, 98%=0.7507219910621643
ranking_best_algo: Tabu
ranking_best_score: 0.7429702712499999
ranking_my_rank: 2/504 (99.8%)
ranking_my_percent: 99.8015873015873
