ConfigName: krbf__advnormalizedfitness__M2__L8__eps0p015__g0p007__ds0p01__dm0p3
Problem: NK
Kernel: rbf
Advantage: normalizedfitness
M: 2
lambda: 8
epsilon_svgd: 0.015
gamma: 0.007
decay_start_ratio: 0.01
decay_min_factor: 0.3
bandwith_kernel: None
no_interact: False
avg_score: 0.734619140625
median_score: 0.73631751537323
std_score: 0.009049289859831333
percentiles: 2%=0.7128736972808838, 5%=0.7174848318099976, 10%=0.7203119993209839, 25%=0.729528546333313, 50%=0.73631751537323, 75%=0.741008460521698, 90%=0.74500572681427, 95%=0.7457818388938904, 98%=0.747322142124176
ranking_best_algo: PBIL
ranking_best_score: 0.7248786399609374
ranking_my_rank: 1/504 (100.0%)
ranking_my_percent: 100.0
