ConfigName: krbf__advnormalizedfitness__M3__L8__eps0p025__g0p015__ds0p01__dm0p01
Problem: NK
Kernel: rbf
Advantage: normalizedfitness
M: 3
lambda: 8
epsilon_svgd: 0.025
gamma: 0.015
decay_start_ratio: 0.01
decay_min_factor: 0.01
bandwith_kernel: None
no_interact: False
avg_score: 0.7540898323059082
median_score: 0.7558735609054565
std_score: 0.014721043407917023
percentiles: 2%=0.7255396246910095, 5%=0.7287733554840088, 10%=0.7338591814041138, 25%=0.743037223815918, 50%=0.7558735609054565, 75%=0.7659215927124023, 90%=0.771950900554657, 95%=0.7742130756378174, 98%=0.779553234577179
ranking_best_algo: Tabu
ranking_best_score: 0.7657846284375001
ranking_my_rank: 7/504 (98.8%)
ranking_my_percent: 98.80952380952381
