ConfigName: krbf__advnormalizedfitness__M3__L8__eps0p025__g0p007__ds0p01__dm0p3
Problem: QUBO
Kernel: rbf
Advantage: normalizedfitness
M: 3
lambda: 8
epsilon_svgd: 0.025
gamma: 0.007
decay_start_ratio: 0.01
decay_min_factor: 0.3
bandwith_kernel: None
no_interact: False
avg_score: -3235.56005859375
median_score: -3235.5
std_score: 139.23622131347656
percentiles: 2%=-3532.800048828125, 5%=-3461.75, 10%=-3411.5, 25%=-3325.5, 50%=-3235.5, 75%=-3130.0, 90%=-3084.60009765625, 95%=-3032.80029296875, 98%=-2964.719970703125
ranking_best_algo: RLSOnePlusOne
ranking_best_score: 3316.5199999999995
ranking_my_rank: 42/504 (91.9%)
ranking_my_percent: 91.86507936507937
