ConfigName: krbf__advnormalizedfitness__M3__L15__eps0p025__g0p007__ds0p15__dm0p3
Problem: NK
Kernel: rbf
Advantage: normalizedfitness
M: 3
lambda: 15
epsilon_svgd: 0.025
gamma: 0.007
decay_start_ratio: 0.15
decay_min_factor: 0.3
bandwith_kernel: None
no_interact: False
avg_score: 0.7538723945617676
median_score: 0.7562391757965088
std_score: 0.013820726424455643
percentiles: 2%=0.7241224050521851, 5%=0.7262749671936035, 10%=0.7330730557441711, 25%=0.7453752756118774, 50%=0.7562391757965088, 75%=0.7645890712738037, 90%=0.7702600955963135, 95%=0.7716294527053833, 98%=0.7756901383399963
ranking_best_algo: Tabu
ranking_best_score: 0.7657846284375001
ranking_my_rank: 9/504 (98.4%)
ranking_my_percent: 98.41269841269842
