ConfigName: kjsd__advperagentrankweighted__M3__L18__eps0p005__g0p0005__ds0p2__dm0p05
Problem: NK
Kernel: jsd
Advantage: peragentrankweighted
M: 3
lambda: 18
epsilon_svgd: 0.005
gamma: 0.0005
decay_start_ratio: 0.2
decay_min_factor: 0.05
bandwith_kernel: None
no_interact: False
avg_score: 0.7227581143379211
median_score: 0.7215568423271179
std_score: 0.008313453756272793
percentiles: 2%=0.7073022127151489, 5%=0.7098666429519653, 10%=0.7136781811714172, 25%=0.7178679704666138, 50%=0.7215568423271179, 75%=0.7271380424499512, 90%=0.7325560450553894, 95%=0.7382627725601196, 98%=0.745125412940979
ranking_best_algo: PBIL
ranking_best_score: 0.7170882103515624
ranking_my_rank: 1/504 (100.0%)
ranking_my_percent: 100.0
