ConfigName: kjsd__advperagentrankweighted__M6__L10__eps0p005__g0p0005__ds0p05__dm0p05
Problem: QUBO
Kernel: jsd
Advantage: peragentrankweighted
M: 6
lambda: 10
epsilon_svgd: 0.005
gamma: 0.0005
decay_start_ratio: 0.05
decay_min_factor: 0.05
bandwith_kernel: None
no_interact: False
avg_score: -1609.5799560546875
median_score: -1603.5
std_score: 68.54431915283203
percentiles: 2%=-1756.0400390625, 5%=-1726.5999755859375, 10%=-1704.4000244140625, 25%=-1649.0, 50%=-1603.5, 75%=-1563.75, 90%=-1530.4000244140625, 95%=-1488.800048828125, 98%=-1476.9599609375
ranking_best_algo: NLOPT_LN_PRAXIS
ranking_best_score: 1607.12
ranking_my_rank: 1/504 (100.0%)
ranking_my_percent: 100.0
