ConfigName: krbf__advnormalizedfitness__M4__L12__eps0p033__g0p01__ds0p01__dm0p01
Problem: QUBO
Kernel: rbf
Advantage: normalizedfitness
M: 4
lambda: 12
epsilon_svgd: 0.033
gamma: 0.01
decay_start_ratio: 0.01
decay_min_factor: 0.01
bandwith_kernel: None
no_interact: False
avg_score: -1468.780029296875
median_score: -1470.5
std_score: 96.59571075439453
percentiles: 2%=-1662.239990234375, 5%=-1622.75, 10%=-1599.4000244140625, 25%=-1524.25, 50%=-1470.5, 75%=-1419.75, 90%=-1355.2000732421875, 95%=-1308.75, 98%=-1293.359619140625
ranking_best_algo: NLOPT_LN_PRAXIS
ranking_best_score: 1607.12
ranking_my_rank: 85/504 (83.3%)
ranking_my_percent: 83.33333333333333
