ConfigName: krbf__advnormalizedfitness__M1__L8__eps0p033__g0p005__ds0p3__dm0p01
Problem: QUBO
Kernel: rbf
Advantage: normalizedfitness
M: 1
lambda: 8
epsilon_svgd: 0.033
gamma: 0.005
decay_start_ratio: 0.3
decay_min_factor: 0.01
bandwith_kernel: None
no_interact: False
avg_score: -861.719970703125
median_score: -874.0
std_score: 124.0468521118164
percentiles: 2%=-990.7200317382812, 5%=-983.2000122070312, 10%=-971.2000122070312, 25%=-925.5, 50%=-874.0, 75%=-817.75, 90%=-781.7000122070312, 95%=-752.9000244140625, 98%=-704.9382934570312
ranking_best_algo: CMApara
ranking_best_score: 964.9
ranking_my_rank: 251/504 (50.4%)
ranking_my_percent: 50.3968253968254
