ConfigName: kjsd__advperagentrankweighted__M4__L24__eps0p03__g0p0007__ds0p2__dm0p05
Problem: QUBO
Kernel: jsd
Advantage: peragentrankweighted
M: 4
lambda: 24
epsilon_svgd: 0.03
gamma: 0.0007
decay_start_ratio: 0.2
decay_min_factor: 0.05
bandwith_kernel: None
no_interact: False
avg_score: -2634.0400390625
median_score: -2629.5
std_score: 120.90408325195312
percentiles: 2%=-2871.43994140625, 5%=-2851.14990234375, 10%=-2793.300048828125, 25%=-2721.0, 50%=-2629.5, 75%=-2544.0, 90%=-2480.89990234375, 95%=-2442.75, 98%=-2428.60009765625
ranking_best_algo: DiscreteLengler2OnePlusOne
ranking_best_score: 2617.04
ranking_my_rank: 1/504 (100.0%)
ranking_my_percent: 100.0
