ConfigName: krbf__advnormalizedfitness__M1__L8__eps0p015__g0p007__ds0p15__dm0p3
Problem: QUBO
Kernel: rbf
Advantage: normalizedfitness
M: 1
lambda: 8
epsilon_svgd: 0.015
gamma: 0.007
decay_start_ratio: 0.15
decay_min_factor: 0.3
bandwith_kernel: None
no_interact: False
avg_score: -294.8999938964844
median_score: -286.5
std_score: 43.73042297363281
percentiles: 2%=-390.0400085449219, 5%=-382.0, 10%=-355.5999755859375, 25%=-317.0, 50%=-286.5, 75%=-263.0, 90%=-247.89999389648438, 95%=-237.95001220703125, 98%=-225.87997436523438
ranking_best_algo: CMApara
ranking_best_score: 319.29999999999995
ranking_my_rank: 262/504 (48.2%)
ranking_my_percent: 48.214285714285715
