step,best_fitness,avg_hamming,avg_l1,avg_entropy,mean,median,std,2%,5%,10%,25%,50%,75%,90%,95%,98%
48,-261.0400085449219,123.86556243896484,27.046844482421875,168.59246826171875,-261.0400085449219,-256.0,50.984493255615234,-376.1199951171875,-357.6000061035156,-316.5,-289.25,-256.0,-227.75,-204.8000030517578,-192.8000030517578,-173.0
96,-286.6999816894531,120.71453857421875,35.41277313232422,161.72860717773438,-286.70001220703125,-284.0,48.642879486083984,-429.0400085449219,-375.0,-353.1000061035156,-307.5,-284.0,-256.75,-236.39999389648438,-207.89999389648438,-204.83999633789062
144,-306.6199951171875,118.04268646240234,41.07720184326172,155.6827138264974,-306.6199951171875,-300.5,46.684425354003906,-429.0400085449219,-389.3999938964844,-373.20001220703125,-333.75,-300.5,-271.75,-254.6999969482422,-236.9499969482422,-230.8800048828125
192,-335.44000244140625,115.46471405029297,45.150299072265625,150.10031127929688,-335.44000244140625,-325.0,48.69565200805664,-455.05999755859375,-429.1000061035156,-403.29998779296875,-367.25,-325.0,-301.0,-276.8999938964844,-268.8999938964844,-255.9199981689453
240,-353.1399841308594,113.16984558105469,48.42832565307617,144.97979736328125,-353.1400146484375,-347.0,43.939510345458984,-455.05999755859375,-431.20001220703125,-411.29998779296875,-377.5,-347.0,-323.0,-302.8999938964844,-290.8999938964844,-259.9599914550781
288,-386.55999755859375,110.94892883300781,50.96031188964844,140.191650390625,-386.55999755859375,-377.5,49.116458892822266,-513.0,-475.1000061035156,-445.6000061035156,-421.25,-377.5,-356.0,-327.8999938964844,-320.6000061035156,-300.8399963378906
336,-423.41998291015625,108.73344421386719,52.98779296875,135.54757690429688,-423.4200134277344,-421.5,57.36064529418945,-548.1799926757812,-525.0999755859375,-502.0,-458.0,-421.5,-381.75,-360.70001220703125,-336.8999938964844,-321.0
384,-464.5799865722656,106.58897399902344,54.4984245300293,131.3102010091146,-464.5799865722656,-451.5,61.206241607666016,-595.3800048828125,-581.3499755859375,-553.0999755859375,-514.0,-451.5,-421.5,-392.29998779296875,-380.70001220703125,-372.9200134277344
432,-488.05999755859375,104.49833679199219,55.781898498535156,127.08325449625652,-488.05999755859375,-480.5,62.20945739746094,-614.260009765625,-595.0,-581.0,-528.25,-480.5,-445.0,-411.8999938964844,-396.8999938964844,-390.55999755859375
480,-531.5199584960938,102.5974349975586,56.998741149902344,123.09782409667969,-531.52001953125,-528.5,59.272159576416016,-651.02001953125,-628.3499755859375,-614.0999755859375,-568.75,-528.5,-492.25,-453.0,-434.8999938964844,-422.8800048828125
528,-569.5199584960938,100.36317443847656,57.60297775268555,119.0748291015625,-569.52001953125,-569.0,63.09159851074219,-701.0599975585938,-671.0499877929688,-653.0,-613.25,-569.0,-528.5,-487.70001220703125,-462.8999938964844,-447.9800109863281
576,-602.739990234375,98.44247436523438,58.090789794921875,115.45883178710938,-602.739990234375,-609.5,67.20946502685547,-738.0999755859375,-701.1500244140625,-683.0,-647.25,-609.5,-564.25,-505.0,-494.79998779296875,-482.82000732421875
624,-641.4400024414062,96.69927215576172,58.57965850830078,112.07293192545573,-641.4400024414062,-635.0,69.0798568725586,-804.0,-776.6500244140625,-737.0,-684.0,-635.0,-600.5,-556.5999755859375,-534.5,-516.9600219726562
672,-682.2999877929688,94.80941009521484,58.841514587402344,108.61667887369792,-682.2999877929688,-674.0,78.22486877441406,-861.4400024414062,-823.0,-789.2999877929688,-725.75,-674.0,-624.75,-588.7999877929688,-571.9500122070312,-558.6799926757812
720,-715.97998046875,93.17696380615234,59.163063049316406,105.36345926920573,-715.97998046875,-717.0,76.01117706298828,-883.8400268554688,-855.1500244140625,-813.4000244140625,-760.0,-717.0,-661.0,-624.2000122070312,-608.9000244140625,-585.8200073242188
768,-745.0799560546875,91.4549560546875,59.22883224487305,102.20916239420573,-745.0800170898438,-738.5,80.91510009765625,-925.280029296875,-897.4000244140625,-861.4000244140625,-793.0,-738.5,-689.0,-649.0,-612.9000244140625,-608.9600219726562
816,-781.760009765625,89.82328796386719,59.300514221191406,99.18364969889323,-781.760009765625,-775.5,72.747802734375,-935.0800170898438,-905.0499877929688,-873.2999877929688,-832.25,-775.5,-729.75,-689.0,-668.5,-644.9600219726562
864,-809.3399658203125,88.15948486328125,59.20188522338867,96.25705464680989,-809.3400268554688,-813.0,68.09952545166016,-939.1599731445312,-931.2000122070312,-890.5999755859375,-858.0,-813.0,-752.0,-728.2999877929688,-698.7999877929688,-670.9600219726562
912,-841.739990234375,86.5637435913086,59.10613250732422,93.39376831054688,-841.739990234375,-833.5,69.10045623779297,-985.02001953125,-968.0499877929688,-937.2000122070312,-891.75,-833.5,-794.75,-750.7999877929688,-740.5999755859375,-718.8400268554688
960,-869.719970703125,85.09530639648438,59.010162353515625,90.69627380371094,-869.719970703125,-867.0,68.29891204833984,-1021.02001953125,-985.1500244140625,-959.9000244140625,-921.25,-867.0,-821.0,-780.4000244140625,-760.9000244140625,-748.8400268554688
1008,-900.8800048828125,83.6872787475586,58.87314987182617,88.09891764322917,-900.8800048828125,-897.5,74.77516174316406,-1075.0999755859375,-1026.4000244140625,-999.2999877929688,-947.75,-897.5,-842.0,-817.7000122070312,-792.7999877929688,-766.6400146484375
1056,-930.219970703125,82.31378173828125,58.669090270996094,85.62307484944661,-930.219970703125,-921.0,74.40116119384766,-1080.5999755859375,-1059.800048828125,-1023.4000244140625,-982.25,-921.0,-881.0,-830.7999877929688,-819.6500244140625,-788.8800048828125
1104,-957.9400024414062,80.87478637695312,58.299739837646484,83.16754913330078,-957.9400024414062,-946.5,74.49010467529297,-1119.02001953125,-1095.5,-1065.5,-1004.0,-946.5,-903.0,-868.7999877929688,-854.2000122070312,-826.760009765625
1152,-979.719970703125,79.6314926147461,58.183204650878906,80.78048197428386,-979.719970703125,-971.0,69.72160339355469,-1119.3800048828125,-1105.449951171875,-1076.4000244140625,-1026.0,-971.0,-935.0,-900.7999877929688,-878.0999755859375,-860.8800048828125
1200,-998.5399780273438,78.31884002685547,57.878868103027344,78.42531331380208,-998.5399780273438,-989.0,71.42806243896484,-1142.06005859375,-1112.300048828125,-1091.5999755859375,-1044.25,-989.0,-947.75,-913.0,-896.7000122070312,-880.9199829101562
1248,-1023.7799682617188,76.98390197753906,57.53507614135742,76.14165496826172,-1023.780029296875,-1016.5,74.65341186523438,-1170.260009765625,-1147.25,-1124.4000244140625,-1071.25,-1016.5,-971.0,-936.0999755859375,-912.7000122070312,-892.760009765625
1296,-1041.260009765625,75.78158569335938,57.230770111083984,73.94030253092448,-1041.260009765625,-1037.5,75.51365661621094,-1189.0999755859375,-1172.4000244140625,-1147.5,-1103.25,-1037.5,-989.25,-952.7999877929688,-927.25,-898.8800048828125
1344,-1065.97998046875,74.67950439453125,56.9895133972168,71.82521565755208,-1065.97998046875,-1059.0,73.30934143066406,-1218.02001953125,-1189.0,-1158.199951171875,-1116.75,-1059.0,-1014.5,-968.7000122070312,-952.7000122070312,-922.9199829101562
1392,-1088.0999755859375,73.61738586425781,56.737464904785156,69.79419453938802,-1088.0999755859375,-1081.0,73.21727752685547,-1236.0999755859375,-1226.0999755859375,-1201.300048828125,-1133.0,-1081.0,-1042.5,-1003.5,-980.5,-936.8800048828125
1440,-1109.52001953125,72.62274169921875,56.50959777832031,67.88541920979817,-1109.52001953125,-1102.0,73.02019500732422,-1255.1400146484375,-1241.199951171875,-1216.300048828125,-1152.25,-1102.0,-1058.5,-1027.0,-1008.9000244140625,-970.760009765625
1488,-1124.3599853515625,71.46510314941406,56.05656051635742,65.95772043863933,-1124.3599853515625,-1117.5,75.71400451660156,-1262.93994140625,-1247.4000244140625,-1219.9000244140625,-1176.25,-1117.5,-1074.0,-1029.0,-1010.9000244140625,-970.9199829101562
1536,-1142.719970703125,70.46049499511719,55.7685546875,64.09025573730469,-1142.719970703125,-1138.0,78.75545501708984,-1325.0999755859375,-1271.449951171875,-1245.199951171875,-1199.5,-1138.0,-1081.5,-1046.800048828125,-1026.9000244140625,-1008.280029296875
1584,-1158.6600341796875,69.62127685546875,55.61024475097656,62.281168619791664,-1158.6600341796875,-1160.5,76.1221694946289,-1325.0999755859375,-1295.449951171875,-1251.5,-1206.25,-1160.5,-1099.0,-1070.800048828125,-1046.9000244140625,-1008.5999755859375
1632,-1171.0599365234375,68.49429321289062,55.125518798828125,60.463555653889976,-1171.06005859375,-1172.0,76.65283203125,-1328.4000244140625,-1311.449951171875,-1274.0,-1215.25,-1172.0,-1113.0,-1080.5999755859375,-1046.9000244140625,-1026.6800537109375
1680,-1189.8399658203125,67.58187103271484,54.775474548339844,58.81871795654297,-1189.8399658203125,-1182.0,78.76771545410156,-1367.5,-1343.050048828125,-1293.300048828125,-1235.0,-1182.0,-1134.25,-1110.5999755859375,-1080.0999755859375,-1046.280029296875
1728,-1202.719970703125,66.56864929199219,54.29365158081055,57.15947341918945,-1202.719970703125,-1195.5,76.8337173461914,-1367.5,-1344.199951171875,-1293.699951171875,-1254.25,-1195.5,-1146.5,-1112.800048828125,-1102.5999755859375,-1062.1199951171875
1776,-1217.419921875,65.65138244628906,53.900665283203125,55.533732096354164,-1217.4200439453125,-1215.0,77.53453826904297,-1380.239990234375,-1356.300048828125,-1315.199951171875,-1268.25,-1215.0,-1152.75,-1120.800048828125,-1106.800048828125,-1077.0
1824,-1229.219970703125,64.90515899658203,53.66991424560547,54.053321838378906,-1229.219970703125,-1225.5,77.54877471923828,-1392.1199951171875,-1375.25,-1325.0,-1277.0,-1225.5,-1170.0,-1139.800048828125,-1121.0,-1090.719970703125
1872,-1242.219970703125,64.16532897949219,53.41970443725586,52.56767908732096,-1242.219970703125,-1237.0,77.08522033691406,-1401.5400390625,-1375.25,-1332.0999755859375,-1295.25,-1237.0,-1180.5,-1156.4000244140625,-1132.9000244140625,-1114.760009765625
1920,-1254.0999755859375,63.4089469909668,53.12799835205078,51.15056482950846,-1254.0999755859375,-1261.0,77.20757293701172,-1407.6600341796875,-1380.25,-1343.0999755859375,-1303.75,-1261.0,-1192.0,-1158.800048828125,-1144.300048828125,-1114.760009765625
1968,-1268.2999267578125,62.605709075927734,52.78934860229492,49.70639419555664,-1268.300048828125,-1270.0,77.06938171386719,-1432.239990234375,-1391.3499755859375,-1366.0999755859375,-1322.25,-1270.0,-1207.5,-1173.699951171875,-1156.699951171875,-1122.8800048828125
2016,-1277.4000244140625,61.84415817260742,52.39530563354492,48.36224110921224,-1277.4000244140625,-1279.0,79.6162109375,-1453.1800537109375,-1404.6500244140625,-1368.300048828125,-1331.25,-1279.0,-1212.75,-1174.0,-1158.9000244140625,-1126.800048828125
2064,-1289.8399658203125,61.10349655151367,52.094879150390625,46.96796417236328,-1289.8399658203125,-1291.0,75.03622436523438,-1453.1800537109375,-1405.25,-1383.300048828125,-1343.5,-1291.0,-1238.0,-1187.0,-1173.949951171875,-1152.9200439453125
2112,-1299.2999267578125,60.34716796875,51.708160400390625,45.670571645100914,-1299.300048828125,-1296.5,76.70286560058594,-1453.4599609375,-1437.1500244140625,-1393.5,-1361.0,-1296.5,-1244.5,-1199.9000244140625,-1188.949951171875,-1162.719970703125
2160,-1310.52001953125,59.68553924560547,51.41399383544922,44.430843353271484,-1310.52001953125,-1310.0,76.89180755615234,-1458.43994140625,-1440.3499755859375,-1407.0,-1362.0,-1310.0,-1251.0,-1212.5999755859375,-1194.800048828125,-1168.8800048828125
2208,-1323.47998046875,58.9826774597168,51.03728485107422,43.20576731363932,-1323.47998046875,-1324.5,77.19837188720703,-1488.1600341796875,-1453.3499755859375,-1409.5,-1374.5,-1324.5,-1259.0,-1225.9000244140625,-1214.9000244140625,-1172.9200439453125
2256,-1329.699951171875,58.42112350463867,50.78828048706055,42.03615697224935,-1329.699951171875,-1332.0,77.51212310791016,-1496.199951171875,-1460.9000244140625,-1430.199951171875,-1381.5,-1332.0,-1265.5,-1232.800048828125,-1214.9000244140625,-1206.3199462890625
2304,-1338.7999267578125,57.7916374206543,50.46942901611328,40.900614420572914,-1338.800048828125,-1342.0,75.20040130615234,-1506.1199951171875,-1468.6500244140625,-1430.199951171875,-1386.75,-1342.0,-1281.75,-1240.699951171875,-1222.5999755859375,-1206.4000244140625
2352,-1348.2999267578125,57.25751876831055,50.2292594909668,39.81872304280599,-1348.300048828125,-1348.5,72.23025512695312,-1516.0,-1468.6500244140625,-1432.800048828125,-1394.5,-1348.5,-1288.75,-1256.800048828125,-1241.550048828125,-1226.9200439453125
2400,-1357.179931640625,56.74931335449219,50.00016403198242,38.77933120727539,-1357.1800537109375,-1358.5,70.33027648925781,-1516.0799560546875,-1469.3499755859375,-1445.699951171875,-1405.5,-1358.5,-1304.5,-1273.0,-1251.0,-1238.760009765625
2448,-1366.9599609375,56.16523361206055,49.67107391357422,37.776424407958984,-1366.9599609375,-1367.0,71.489990234375,-1532.5999755859375,-1496.3499755859375,-1452.0999755859375,-1419.5,-1367.0,-1305.0,-1286.4000244140625,-1272.9000244140625,-1250.52001953125
2496,-1373.4599609375,55.59568405151367,49.36204147338867,36.75840377807617,-1373.4599609375,-1373.5,70.59807586669922,-1534.56005859375,-1496.4000244140625,-1452.0999755859375,-1424.5,-1373.5,-1315.25,-1296.5999755859375,-1280.9000244140625,-1250.52001953125
2544,-1380.280029296875,55.10538864135742,49.10189437866211,35.80854034423828,-1380.280029296875,-1379.0,70.80805969238281,-1546.3199462890625,-1496.75,-1464.300048828125,-1429.25,-1379.0,-1320.5,-1302.4000244140625,-1288.5,-1260.3199462890625
2592,-1386.5,54.68229675292969,48.8913688659668,34.88940556844076,-1386.5,-1382.0,69.76510620117188,-1556.1199951171875,-1503.4000244140625,-1464.300048828125,-1434.75,-1382.0,-1337.0,-1307.0,-1292.800048828125,-1260.6400146484375
2640,-1393.219970703125,54.16785430908203,48.608821868896484,33.914129892985024,-1393.219970703125,-1388.0,69.95035552978516,-1558.199951171875,-1505.0,-1485.5999755859375,-1445.25,-1388.0,-1338.75,-1307.0,-1305.0,-1268.800048828125
2688,-1400.43994140625,53.71642303466797,48.37274169921875,33.01571146647135,-1400.43994140625,-1398.5,70.0670166015625,-1568.1600341796875,-1505.0,-1491.300048828125,-1448.25,-1398.5,-1347.75,-1316.5999755859375,-1307.0,-1268.800048828125
2736,-1407.280029296875,53.25910186767578,48.107704162597656,32.18604723612467,-1407.280029296875,-1404.0,70.63753509521484,-1568.1600341796875,-1524.1500244140625,-1494.699951171875,-1453.25,-1404.0,-1352.5,-1317.0,-1309.8499755859375,-1268.8399658203125
2784,-1413.5,52.86052703857422,47.89326095581055,31.399149576822918,-1413.5,-1413.0,68.11614990234375,-1570.1600341796875,-1526.050048828125,-1498.0,-1460.0,-1413.0,-1355.0,-1329.0,-1316.699951171875,-1288.9200439453125
2832,-1419.8199462890625,52.49089813232422,47.70201873779297,30.583101272583008,-1419.8199462890625,-1416.5,66.56085968017578,-1570.3199462890625,-1526.050048828125,-1507.5999755859375,-1465.0,-1416.5,-1367.75,-1330.800048828125,-1319.949951171875,-1314.56005859375
2880,-1423.919921875,52.07937240600586,47.48641586303711,29.7511781056722,-1423.9200439453125,-1424.0,67.25245666503906,-1590.199951171875,-1527.1500244140625,-1507.5999755859375,-1467.25,-1424.0,-1372.0,-1340.800048828125,-1319.949951171875,-1314.56005859375
2928,-1427.47998046875,51.777931213378906,47.3448486328125,29.00554656982422,-1427.47998046875,-1426.0,67.05631256103516,-1596.1600341796875,-1530.4000244140625,-1509.4000244140625,-1472.25,-1426.0,-1376.0,-1342.5999755859375,-1325.0,-1314.6800537109375
2976,-1433.760009765625,51.32624816894531,47.06201934814453,28.271705627441406,-1433.760009765625,-1430.0,68.64257049560547,-1604.0400390625,-1538.0999755859375,-1525.199951171875,-1479.0,-1430.0,-1382.75,-1348.4000244140625,-1332.5999755859375,-1316.6400146484375
3024,-1439.6199951171875,50.93732833862305,46.8150749206543,27.539430618286133,-1439.6199951171875,-1436.0,69.1111831665039,-1604.0799560546875,-1539.050048828125,-1531.5999755859375,-1481.5,-1436.0,-1386.5,-1353.699951171875,-1339.0,-1316.6400146484375
3072,-1444.8399658203125,50.523406982421875,46.54572677612305,26.904951731363933,-1444.8399658203125,-1439.0,67.8138198852539,-1604.0799560546875,-1540.5999755859375,-1532.5,-1488.25,-1439.0,-1394.5,-1360.5999755859375,-1348.5,-1317.0
3120,-1448.93994140625,50.136497497558594,46.29551696777344,26.214139938354492,-1448.93994140625,-1448.0,68.49625396728516,-1608.47998046875,-1552.050048828125,-1538.0999755859375,-1489.5,-1448.0,-1399.25,-1361.9000244140625,-1348.5,-1318.9599609375
3168,-1451.8199462890625,49.815223693847656,46.111793518066406,25.616967519124348,-1451.8199462890625,-1451.0,68.53165435791016,-1608.47998046875,-1554.0999755859375,-1539.699951171875,-1491.25,-1451.0,-1402.25,-1362.9000244140625,-1350.4000244140625,-1328.800048828125
3216,-1458.47998046875,49.46202850341797,45.88507080078125,24.980082829793293,-1458.47998046875,-1455.0,66.56417846679688,-1610.43994140625,-1556.550048828125,-1543.300048828125,-1495.5,-1455.0,-1411.75,-1373.0,-1352.9000244140625,-1334.8800048828125
3264,-1461.97998046875,49.179115295410156,45.73204803466797,24.33964729309082,-1461.97998046875,-1457.0,67.03565979003906,-1610.43994140625,-1568.0,-1547.199951171875,-1503.0,-1457.0,-1415.5,-1380.800048828125,-1353.0,-1334.8800048828125
3312,-1465.199951171875,48.92457580566406,45.60049057006836,23.714106877644856,-1465.199951171875,-1459.0,67.25994110107422,-1632.1199951171875,-1568.0,-1551.0999755859375,-1504.25,-1459.0,-1417.75,-1380.800048828125,-1368.5,-1344.800048828125
3360,-1469.919921875,48.61199951171875,45.4094352722168,23.0594539642334,-1469.9200439453125,-1465.0,66.33802795410156,-1632.1600341796875,-1572.5999755859375,-1553.5999755859375,-1505.25,-1465.0,-1419.75,-1384.4000244140625,-1370.9000244140625,-1356.800048828125
3408,-1474.1199951171875,48.33552169799805,45.24066162109375,22.499439875284832,-1474.1199951171875,-1473.0,67.37007141113281,-1646.02001953125,-1574.5,-1558.699951171875,-1509.5,-1473.0,-1426.0,-1386.800048828125,-1372.800048828125,-1356.9200439453125
3456,-1477.0799560546875,48.067970275878906,45.07992172241211,21.921660741170246,-1477.0799560546875,-1473.0,67.2795181274414,-1646.02001953125,-1580.199951171875,-1567.0999755859375,-1513.0,-1473.0,-1428.75,-1391.5,-1378.5,-1357.0
3504,-1479.9599609375,47.793601989746094,44.90833282470703,21.38941828409831,-1479.9599609375,-1475.0,67.0135726928711,-1647.06005859375,-1584.5,-1568.300048828125,-1513.5,-1475.0,-1437.75,-1397.0999755859375,-1378.5,-1361.0
3552,-1483.7999267578125,47.53416061401367,44.737831115722656,20.851988474527996,-1483.800048828125,-1481.0,66.76660919189453,-1647.06005859375,-1588.300048828125,-1573.0999755859375,-1517.25,-1481.0,-1439.5,-1397.0999755859375,-1378.9000244140625,-1361.0
3600,-1486.93994140625,47.26816940307617,44.56536865234375,20.35514958699544,-1486.93994140625,-1483.0,66.60012817382812,-1650.1400146484375,-1589.25,-1578.199951171875,-1521.75,-1483.0,-1440.75,-1401.0,-1382.9000244140625,-1361.0
3648,-1490.8599853515625,47.0430908203125,44.435176849365234,19.856417338053387,-1490.8599853515625,-1490.5,65.50481414794922,-1652.0999755859375,-1592.0999755859375,-1580.0999755859375,-1531.0,-1490.5,-1446.25,-1406.5999755859375,-1392.800048828125,-1361.0
3696,-1493.4000244140625,46.752159118652344,44.23705291748047,19.360846837361652,-1493.4000244140625,-1490.5,65.5650863647461,-1661.02001953125,-1594.5,-1581.0999755859375,-1531.0,-1490.5,-1452.75,-1410.5999755859375,-1392.800048828125,-1374.719970703125
3744,-1496.919921875,46.536651611328125,44.110618591308594,18.86296208699544,-1496.9200439453125,-1495.0,65.65830993652344,-1664.02001953125,-1594.5999755859375,-1581.0999755859375,-1531.5,-1495.0,-1457.0,-1416.0,-1392.800048828125,-1374.9599609375
3792,-1498.919921875,46.33285140991211,43.986289978027344,18.396745045979817,-1498.9200439453125,-1495.0,66.58208465576172,-1664.260009765625,-1595.550048828125,-1581.0999755859375,-1535.5,-1495.0,-1460.0,-1419.5999755859375,-1392.800048828125,-1374.9599609375
3840,-1502.219970703125,46.11448287963867,43.821258544921875,18.009708404541016,-1502.219970703125,-1499.5,66.90718841552734,-1664.260009765625,-1604.0999755859375,-1582.4000244140625,-1543.25,-1499.5,-1460.75,-1422.0,-1392.9000244140625,-1378.9200439453125
3888,-1505.1199951171875,45.89736557006836,43.68943405151367,17.551945368448894,-1505.1199951171875,-1504.0,66.77129364013672,-1668.1800537109375,-1610.300048828125,-1585.0999755859375,-1545.25,-1504.0,-1460.75,-1422.4000244140625,-1392.9000244140625,-1378.9200439453125
3936,-1507.02001953125,45.731895446777344,43.60663986206055,17.138247807820637,-1507.02001953125,-1504.0,66.53013610839844,-1668.1800537109375,-1610.300048828125,-1587.0999755859375,-1545.25,-1504.0,-1461.75,-1422.4000244140625,-1404.4000244140625,-1382.8399658203125
3984,-1509.659912109375,45.54098129272461,43.47783660888672,16.716524124145508,-1509.6600341796875,-1504.0,65.83634185791016,-1668.1800537109375,-1613.3499755859375,-1587.300048828125,-1549.0,-1504.0,-1466.75,-1426.199951171875,-1406.699951171875,-1382.9200439453125
4032,-1512.5599365234375,45.316162109375,43.3137321472168,16.28603680928548,-1512.56005859375,-1508.0,65.6474380493164,-1674.0999755859375,-1614.5999755859375,-1601.0999755859375,-1554.25,-1508.0,-1472.5,-1426.199951171875,-1406.699951171875,-1386.8399658203125
4080,-1514.43994140625,45.1281852722168,43.187644958496094,15.909971237182617,-1514.43994140625,-1509.0,65.95533752441406,-1674.1199951171875,-1615.6500244140625,-1602.0999755859375,-1554.75,-1509.0,-1472.5,-1435.199951171875,-1406.699951171875,-1386.8399658203125
4128,-1516.3199462890625,44.96236801147461,43.089683532714844,15.528161684672037,-1516.3199462890625,-1509.0,66.30744934082031,-1674.1400146484375,-1626.0999755859375,-1603.0,-1555.5,-1509.0,-1472.5,-1435.199951171875,-1408.9000244140625,-1390.760009765625
4176,-1518.5999755859375,44.76774215698242,42.967193603515625,15.122544924418131,-1518.5999755859375,-1511.5,66.3401870727539,-1676.0999755859375,-1626.0999755859375,-1603.0,-1563.5,-1511.5,-1480.75,-1435.199951171875,-1409.0,-1390.8399658203125
4224,-1520.8800048828125,44.624359130859375,42.883697509765625,14.706892967224121,-1520.8800048828125,-1514.0,66.9716796875,-1680.1800537109375,-1626.4000244140625,-1603.0999755859375,-1567.75,-1514.0,-1482.75,-1436.199951171875,-1409.0,-1390.8800048828125
4272,-1522.4000244140625,44.51005554199219,42.829925537109375,14.290086110432943,-1522.4000244140625,-1517.0,66.28800201416016,-1680.1800537109375,-1626.4000244140625,-1603.0999755859375,-1567.75,-1517.0,-1483.0,-1436.199951171875,-1418.5999755859375,-1396.760009765625
4320,-1524.2999267578125,44.4041748046875,42.756629943847656,13.986979802449545,-1524.300048828125,-1517.0,65.76876068115234,-1680.1800537109375,-1628.5999755859375,-1604.300048828125,-1568.25,-1517.0,-1484.0,-1440.800048828125,-1418.699951171875,-1408.56005859375
4368,-1526.1400146484375,44.29694366455078,42.692283630371094,13.683574040730795,-1526.1400146484375,-1520.0,65.26347351074219,-1680.260009765625,-1628.5999755859375,-1604.300048828125,-1570.0,-1520.0,-1484.75,-1444.5999755859375,-1424.4000244140625,-1408.56005859375
4416,-1527.760009765625,44.161399841308594,42.617095947265625,13.34486452738444,-1527.760009765625,-1520.0,65.31800842285156,-1684.1800537109375,-1632.4000244140625,-1604.300048828125,-1571.5,-1520.0,-1484.75,-1447.0,-1424.4000244140625,-1408.5999755859375
4464,-1530.199951171875,43.99946594238281,42.50537109375,12.994314193725586,-1530.199951171875,-1523.5,64.75167846679688,-1690.239990234375,-1636.5,-1607.0,-1571.5,-1523.5,-1485.0,-1454.800048828125,-1425.0,-1410.6400146484375
4512,-1531.8399658203125,43.800682067871094,42.35254669189453,12.677095731099447,-1531.8399658203125,-1523.5,64.08739471435547,-1690.280029296875,-1636.5,-1607.4000244140625,-1575.75,-1523.5,-1485.75,-1458.800048828125,-1434.800048828125,-1410.6400146484375
4560,-1534.419921875,43.659725189208984,42.257164001464844,12.352478663126627,-1534.4200439453125,-1528.0,63.80629348754883,-1694.199951171875,-1638.4000244140625,-1609.199951171875,-1578.25,-1528.0,-1486.75,-1464.800048828125,-1434.800048828125,-1410.719970703125
4608,-1536.419921875,43.50847625732422,42.14381408691406,12.046305020650228,-1536.4200439453125,-1531.0,63.77274703979492,-1696.1600341796875,-1638.4000244140625,-1611.199951171875,-1583.0,-1531.0,-1490.0,-1464.800048828125,-1434.800048828125,-1414.6400146484375
4656,-1537.6199951171875,43.41093444824219,42.08356475830078,11.777240117390951,-1537.6199951171875,-1531.0,63.79557418823242,-1698.1199951171875,-1642.199951171875,-1611.199951171875,-1583.5,-1531.0,-1491.75,-1466.800048828125,-1435.0,-1420.5999755859375
4704,-1539.260009765625,43.295223236083984,42.00343704223633,11.505179723103842,-1539.260009765625,-1535.0,63.19677734375,-1698.1199951171875,-1642.199951171875,-1611.199951171875,-1583.5,-1535.0,-1493.25,-1468.800048828125,-1436.9000244140625,-1420.8399658203125
4752,-1540.659912109375,43.179656982421875,41.93134307861328,11.203740755716959,-1540.6600341796875,-1536.0,63.30485534667969,-1698.1199951171875,-1642.199951171875,-1613.4000244140625,-1586.25,-1536.0,-1495.5,-1469.0,-1437.0,-1420.8399658203125
4800,-1542.419921875,43.12697982788086,41.92049789428711,10.939104398091635,-1542.4200439453125,-1536.0,63.08885192871094,-1698.1400146484375,-1642.199951171875,-1619.199951171875,-1587.75,-1536.0,-1495.5,-1474.800048828125,-1437.0,-1422.800048828125
4848,-1543.8599853515625,42.99219512939453,41.82453536987305,10.680401802062988,-1543.8599853515625,-1538.0,62.84648132324219,-1698.1400146484375,-1642.199951171875,-1621.4000244140625,-1588.25,-1538.0,-1495.5,-1474.800048828125,-1440.800048828125,-1426.719970703125
4896,-1545.679931640625,42.9177360534668,41.78287887573242,10.411384582519531,-1545.6800537109375,-1539.5,62.71138381958008,-1700.0999755859375,-1642.199951171875,-1621.4000244140625,-1593.25,-1539.5,-1502.0,-1475.0,-1442.9000244140625,-1426.719970703125
4944,-1547.0,42.80558776855469,41.703697204589844,10.135083198547363,-1547.0,-1539.5,62.52439498901367,-1702.06005859375,-1642.199951171875,-1629.199951171875,-1594.25,-1539.5,-1503.75,-1475.0,-1442.9000244140625,-1434.5999755859375
4992,-1548.2799072265625,42.792030334472656,41.717166900634766,9.905723571777344,-1548.280029296875,-1544.0,62.49496841430664,-1702.06005859375,-1642.199951171875,-1629.199951171875,-1596.25,-1544.0,-1504.5,-1475.0,-1442.9000244140625,-1434.5999755859375
5040,-1549.5599365234375,42.7114372253418,41.67141342163086,9.675220489501953,-1549.56005859375,-1545.0,62.2606315612793,-1702.06005859375,-1644.0999755859375,-1631.0,-1596.25,-1545.0,-1505.75,-1475.0,-1452.4000244140625,-1434.6800537109375
5088,-1551.02001953125,42.61357879638672,41.599693298339844,9.464411099751791,-1551.02001953125,-1545.0,62.38444900512695,-1702.06005859375,-1644.0999755859375,-1635.199951171875,-1601.0,-1545.0,-1505.75,-1476.800048828125,-1452.4000244140625,-1436.760009765625
5136,-1552.1199951171875,42.56257629394531,41.582454681396484,9.243558565775553,-1552.1199951171875,-1545.0,62.47724151611328,-1702.0999755859375,-1646.0,-1635.199951171875,-1601.25,-1545.0,-1508.25,-1477.0,-1452.4000244140625,-1436.760009765625
5184,-1553.6400146484375,42.51121139526367,41.56960678100586,8.9865353902181,-1553.6400146484375,-1546.5,62.3988037109375,-1702.0999755859375,-1646.0,-1637.5,-1604.25,-1546.5,-1508.25,-1477.0,-1454.300048828125,-1438.719970703125
5232,-1554.4599609375,42.48447799682617,41.567840576171875,8.751900990804037,-1554.4599609375,-1547.0,62.486541748046875,-1702.0999755859375,-1646.0999755859375,-1637.5,-1606.0,-1547.0,-1508.25,-1477.0,-1454.4000244140625,-1440.6800537109375
5280,-1555.5399169921875,42.443084716796875,41.54994583129883,8.543422063191732,-1555.5400390625,-1547.0,62.386924743652344,-1702.0999755859375,-1646.199951171875,-1637.5,-1606.0,-1547.0,-1512.5,-1480.800048828125,-1454.4000244140625,-1440.6800537109375
5328,-1556.8599853515625,42.43795394897461,41.570404052734375,8.34516175587972,-1556.8599853515625,-1548.0,62.451263427734375,-1702.0999755859375,-1650.050048828125,-1642.0,-1606.0,-1548.0,-1512.5,-1481.0,-1454.5,-1440.6800537109375
5376,-1557.93994140625,42.4058723449707,41.56822204589844,8.162887891133627,-1557.93994140625,-1548.0,62.51092529296875,-1702.0999755859375,-1650.25,-1642.0,-1606.0,-1548.0,-1512.5,-1482.800048828125,-1454.5,-1440.6800537109375
5424,-1559.659912109375,42.362281799316406,41.549400329589844,7.9642618497212725,-1559.6600341796875,-1553.0,62.32514953613281,-1702.239990234375,-1655.0,-1642.0,-1606.5,-1553.0,-1512.5,-1482.800048828125,-1456.699951171875,-1440.6800537109375
5472,-1560.760009765625,42.34177780151367,41.55279541015625,7.773383776346843,-1560.760009765625,-1553.0,62.38559341430664,-1702.239990234375,-1655.0,-1642.199951171875,-1608.25,-1553.0,-1514.5,-1484.800048828125,-1456.699951171875,-1440.6800537109375
5520,-1562.47998046875,42.26986312866211,41.501747131347656,7.625808238983154,-1562.47998046875,-1553.0,62.054405212402344,-1702.239990234375,-1655.0,-1642.199951171875,-1610.0,-1553.0,-1520.0,-1485.0,-1457.0,-1442.760009765625
5568,-1563.719970703125,42.234580993652344,41.47918701171875,7.468074321746826,-1563.719970703125,-1553.5,62.256736755371094,-1702.300048828125,-1655.0,-1644.4000244140625,-1610.25,-1553.5,-1521.0,-1486.800048828125,-1457.0,-1442.760009765625
5616,-1564.919921875,42.21560287475586,41.479942321777344,7.31740140914917,-1564.9200439453125,-1556.0,61.87709045410156,-1706.219970703125,-1655.4000244140625,-1644.4000244140625,-1610.25,-1556.0,-1521.0,-1486.800048828125,-1462.800048828125,-1442.8399658203125
5664,-1565.739990234375,42.11697006225586,41.40576171875,7.111325740814209,-1565.739990234375,-1557.5,61.786338806152344,-1708.1800537109375,-1655.4000244140625,-1644.4000244140625,-1610.25,-1557.5,-1521.0,-1486.800048828125,-1462.800048828125,-1442.9599609375
5712,-1567.2799072265625,42.051265716552734,41.35631561279297,6.981962203979492,-1567.280029296875,-1559.0,61.54072952270508,-1712.0999755859375,-1655.4000244140625,-1644.4000244140625,-1612.25,-1559.0,-1526.25,-1487.0,-1462.9000244140625,-1446.8800048828125
5760,-1568.419921875,42.017642974853516,41.34048080444336,6.822951793670654,-1568.4200439453125,-1560.5,61.634437561035156,-1712.0999755859375,-1655.5999755859375,-1644.4000244140625,-1616.0,-1560.5,-1526.25,-1487.0,-1464.9000244140625,-1446.8800048828125
5808,-1569.4599609375,41.933902740478516,41.27606964111328,6.645124594370524,-1569.4599609375,-1561.5,61.52079772949219,-1712.0999755859375,-1655.5999755859375,-1648.0,-1616.0,-1561.5,-1527.0,-1488.800048828125,-1468.699951171875,-1446.8800048828125
5856,-1570.47998046875,41.86882400512695,41.23358917236328,6.463590621948242,-1570.47998046875,-1561.5,61.56191635131836,-1712.219970703125,-1655.699951171875,-1648.300048828125,-1616.0,-1561.5,-1529.25,-1491.0,-1468.699951171875,-1446.8800048828125
5904,-1571.43994140625,41.799808502197266,41.19071578979492,6.265605131785075,-1571.43994140625,-1561.5,61.139404296875,-1712.219970703125,-1655.699951171875,-1648.300048828125,-1616.0,-1561.5,-1531.75,-1492.800048828125,-1468.9000244140625,-1447.0
5952,-1572.5999755859375,41.76934814453125,41.164825439453125,6.129834175109863,-1572.5999755859375,-1565.0,61.684844970703125,-1712.300048828125,-1655.9000244140625,-1648.300048828125,-1616.5,-1565.0,-1531.75,-1492.800048828125,-1470.9000244140625,-1448.9599609375
6000,-1573.93994140625,41.721534729003906,41.1412353515625,5.959239323933919,-1573.93994140625,-1566.0,61.60954666137695,-1712.3800048828125,-1655.9000244140625,-1648.300048828125,-1618.0,-1566.0,-1532.5,-1492.800048828125,-1472.9000244140625,-1449.0
6048,-1575.199951171875,41.68001174926758,41.11278533935547,5.797407468159993,-1575.199951171875,-1567.0,61.17499923706055,-1712.3800048828125,-1655.9000244140625,-1648.5,-1618.0,-1567.0,-1534.75,-1494.800048828125,-1478.5999755859375,-1452.9200439453125
6096,-1575.93994140625,41.66084671020508,41.108306884765625,5.6632148424784345,-1575.93994140625,-1567.5,61.297119140625,-1712.3800048828125,-1655.9000244140625,-1648.5,-1620.0,-1567.5,-1534.75,-1494.800048828125,-1478.800048828125,-1454.8800048828125
6144,-1577.0399169921875,41.649085998535156,41.106414794921875,5.53697935740153,-1577.0400390625,-1570.0,61.01424789428711,-1712.3800048828125,-1655.9000244140625,-1648.5,-1622.25,-1570.0,-1535.25,-1494.800048828125,-1480.699951171875,-1454.8800048828125
6192,-1578.4599609375,41.60894775390625,41.08287811279297,5.434371630350749,-1578.4599609375,-1575.0,61.13663864135742,-1712.5,-1658.0,-1652.199951171875,-1623.25,-1575.0,-1535.25,-1494.800048828125,-1482.5999755859375,-1454.8800048828125
6240,-1579.699951171875,41.5653076171875,41.05131530761719,5.297958850860596,-1579.699951171875,-1575.0,61.04859161376953,-1712.5,-1658.949951171875,-1654.0,-1624.0,-1575.0,-1535.75,-1495.0,-1483.0,-1460.760009765625
6288,-1580.5,41.515663146972656,41.01350402832031,5.159667174021403,-1580.5,-1575.0,61.07609939575195,-1712.5,-1665.5999755859375,-1654.300048828125,-1624.0,-1575.0,-1538.5,-1495.0,-1483.0,-1460.760009765625
6336,-1581.3399658203125,41.51580047607422,41.029441833496094,5.044203758239746,-1581.3399658203125,-1577.0,61.061805725097656,-1712.6199951171875,-1665.5999755859375,-1654.300048828125,-1624.0,-1577.0,-1538.5,-1499.0,-1484.9000244140625,-1460.760009765625
6384,-1582.260009765625,41.479759216308594,41.005226135253906,4.9264194170633955,-1582.260009765625,-1578.5,61.1855583190918,-1712.6199951171875,-1667.5999755859375,-1654.300048828125,-1629.0,-1578.5,-1538.5,-1499.0,-1484.9000244140625,-1460.760009765625
6432,-1583.1400146484375,41.471351623535156,41.007728576660156,4.822324117024739,-1583.1400146484375,-1578.5,61.59513473510742,-1712.6400146484375,-1667.5999755859375,-1659.0999755859375,-1629.75,-1578.5,-1538.5,-1501.0,-1484.9000244140625,-1464.6800537109375
6480,-1583.919921875,41.45874786376953,41.00659942626953,4.705804983774821,-1583.9200439453125,-1579.0,61.50295639038086,-1712.6400146484375,-1667.5999755859375,-1659.0999755859375,-1633.0,-1579.0,-1538.5,-1501.0,-1485.0,-1464.760009765625
6528,-1585.0399169921875,41.437679290771484,40.997657775878906,4.608726819356282,-1585.0400390625,-1579.5,61.755794525146484,-1712.6400146484375,-1669.699951171875,-1661.0,-1633.25,-1579.5,-1544.0,-1501.0,-1485.0,-1464.760009765625
6576,-1586.199951171875,41.431671142578125,41.00615692138672,4.502788543701172,-1586.199951171875,-1580.5,61.5498161315918,-1712.6400146484375,-1669.699951171875,-1661.0,-1633.75,-1580.5,-1548.0,-1501.0,-1488.800048828125,-1464.760009765625
6624,-1586.97998046875,41.42774200439453,41.012062072753906,4.3817620277404785,-1586.97998046875,-1580.5,61.46916961669922,-1712.6400146484375,-1669.9000244140625,-1661.300048828125,-1633.75,-1580.5,-1550.0,-1505.0,-1488.800048828125,-1464.760009765625
6672,-1587.43994140625,41.42315673828125,41.020973205566406,4.271411418914795,-1587.43994140625,-1580.5,61.47150802612305,-1712.6400146484375,-1669.9000244140625,-1663.0999755859375,-1633.75,-1580.5,-1552.5,-1505.0,-1488.800048828125,-1464.760009765625
6720,-1588.1199951171875,41.42993927001953,41.04003143310547,4.153777599334717,-1588.1199951171875,-1584.5,61.4179573059082,-1712.6400146484375,-1669.9000244140625,-1663.0999755859375,-1633.75,-1584.5,-1552.5,-1505.0,-1489.0,-1464.760009765625
6768,-1588.8800048828125,41.40486526489258,41.02137756347656,4.0678714116414385,-1588.8800048828125,-1586.0,61.60978698730469,-1712.6400146484375,-1670.0999755859375,-1664.0,-1636.0,-1586.0,-1552.5,-1505.0,-1489.0,-1464.760009765625
6816,-1589.5,41.412906646728516,41.045310974121094,3.9341800212860107,-1589.5,-1587.5,61.664981842041016,-1712.6800537109375,-1671.050048828125,-1664.0999755859375,-1636.25,-1587.5,-1552.5,-1505.0,-1492.800048828125,-1464.800048828125
6864,-1590.5399169921875,41.47475051879883,41.11559295654297,3.880772829055786,-1590.5400390625,-1587.5,61.65912628173828,-1712.6800537109375,-1681.5,-1664.0999755859375,-1637.25,-1587.5,-1552.5,-1505.0,-1492.9000244140625,-1464.800048828125
6912,-1591.1400146484375,41.46253967285156,41.11338806152344,3.809764782587687,-1591.1400146484375,-1587.5,61.568180084228516,-1712.6800537109375,-1681.5,-1664.199951171875,-1637.25,-1587.5,-1554.5,-1508.5999755859375,-1492.9000244140625,-1464.800048828125
6960,-1591.8599853515625,41.48655700683594,41.147010803222656,3.7186902364095054,-1591.8599853515625,-1588.5,61.768280029296875,-1712.6800537109375,-1681.5,-1664.199951171875,-1638.75,-1588.5,-1554.5,-1508.5999755859375,-1492.9000244140625,-1464.800048828125
7008,-1592.6400146484375,41.50046920776367,41.16362762451172,3.6685288747151694,-1592.6400146484375,-1590.0,61.827266693115234,-1712.6800537109375,-1681.6500244140625,-1666.300048828125,-1641.0,-1590.0,-1554.5,-1508.5999755859375,-1492.9000244140625,-1468.719970703125
7056,-1593.2999267578125,41.50380325317383,41.17530822753906,3.5743128458658853,-1593.300048828125,-1590.0,62.27849197387695,-1712.8599853515625,-1681.6500244140625,-1669.0,-1641.0,-1590.0,-1554.5,-1508.5999755859375,-1492.9000244140625,-1468.719970703125
7104,-1593.8199462890625,41.502254486083984,41.183441162109375,3.484178066253662,-1593.8199462890625,-1592.0,61.82545852661133,-1712.8599853515625,-1681.6500244140625,-1669.0,-1641.0,-1592.0,-1554.5,-1508.5999755859375,-1492.9000244140625,-1468.8800048828125
7152,-1594.2999267578125,41.52821731567383,41.21834182739258,3.4202417532602944,-1594.300048828125,-1592.0,61.89612579345703,-1712.8599853515625,-1681.6500244140625,-1669.0,-1641.5,-1592.0,-1556.0,-1508.5999755859375,-1492.9000244140625,-1468.8800048828125
7200,-1594.6400146484375,41.529197692871094,41.2259635925293,3.3464063803354898,-1594.6400146484375,-1593.0,61.682498931884766,-1712.8599853515625,-1681.6500244140625,-1669.0,-1641.5,-1593.0,-1556.0,-1508.5999755859375,-1494.9000244140625,-1468.8800048828125
7248,-1595.2799072265625,41.56265640258789,41.261383056640625,3.2880215644836426,-1595.280029296875,-1595.5,61.689720153808594,-1712.8599853515625,-1681.6500244140625,-1669.0,-1641.5,-1595.5,-1556.0,-1508.800048828125,-1494.9000244140625,-1468.9599609375
7296,-1596.0799560546875,41.5491943359375,41.26066589355469,3.201051632563273,-1596.0799560546875,-1597.0,61.57899856567383,-1712.8599853515625,-1681.6500244140625,-1669.0,-1643.5,-1597.0,-1556.0,-1508.800048828125,-1494.9000244140625,-1484.6400146484375
7344,-1596.739990234375,41.607147216796875,41.318382263183594,3.1321791807810464,-1596.739990234375,-1597.0,61.24371337890625,-1712.8599853515625,-1681.6500244140625,-1669.199951171875,-1643.5,-1597.0,-1557.5,-1512.5999755859375,-1496.800048828125,-1484.6400146484375
7392,-1597.219970703125,41.581748962402344,41.30979537963867,3.0539679527282715,-1597.219970703125,-1598.0,61.23897171020508,-1712.8800048828125,-1681.6500244140625,-1669.199951171875,-1643.5,-1598.0,-1557.5,-1513.0,-1496.9000244140625,-1484.6800537109375
7440,-1598.179931640625,41.56816864013672,41.29848098754883,2.988773981730143,-1598.1800537109375,-1599.0,60.85710525512695,-1712.8800048828125,-1681.6500244140625,-1669.199951171875,-1645.5,-1599.0,-1560.5,-1514.800048828125,-1496.9000244140625,-1488.5999755859375
7488,-1599.0599365234375,41.554283142089844,41.291770935058594,2.9140880902608237,-1599.06005859375,-1601.0,60.7283821105957,-1712.9200439453125,-1681.6500244140625,-1669.199951171875,-1645.5,-1601.0,-1560.5,-1515.0,-1497.0,-1488.6800537109375
7536,-1599.699951171875,41.599853515625,41.34088897705078,2.845783551534017,-1599.699951171875,-1601.0,61.06758499145508,-1712.93994140625,-1687.3499755859375,-1671.0,-1645.5,-1601.0,-1560.5,-1515.0,-1497.0,-1490.6400146484375
7584,-1600.0599365234375,41.56100082397461,41.30839538574219,2.8039079507191977,-1600.06005859375,-1601.0,61.248477935791016,-1712.93994140625,-1687.3499755859375,-1671.300048828125,-1645.5,-1601.0,-1560.5,-1515.0,-1497.0,-1490.6400146484375
7632,-1600.679931640625,41.537349700927734,41.29661560058594,2.717834949493408,-1600.6800537109375,-1602.0,61.219261169433594,-1712.93994140625,-1687.3499755859375,-1674.0,-1645.5,-1602.0,-1560.5,-1516.800048828125,-1498.9000244140625,-1490.8800048828125
7680,-1601.1199951171875,41.54644775390625,41.31599426269531,2.632531007130941,-1601.1199951171875,-1602.0,61.10978317260742,-1712.93994140625,-1687.3499755859375,-1674.0,-1645.5,-1602.0,-1562.5,-1516.800048828125,-1502.800048828125,-1490.8800048828125
7728,-1601.5,41.58198928833008,41.35255432128906,2.5959734121958413,-1601.5,-1606.0,60.97975158691406,-1712.93994140625,-1687.3499755859375,-1674.0,-1645.5,-1606.0,-1563.0,-1516.800048828125,-1502.800048828125,-1490.8800048828125
7776,-1601.8800048828125,41.620643615722656,41.395103454589844,2.534132719039917,-1601.8800048828125,-1606.0,60.90390396118164,-1712.93994140625,-1687.3499755859375,-1674.0,-1646.0,-1606.0,-1563.0,-1517.699951171875,-1502.800048828125,-1490.8800048828125
7824,-1602.6400146484375,41.593048095703125,41.37263488769531,2.4832732677459717,-1602.6400146484375,-1606.0,60.9630241394043,-1717.8399658203125,-1689.25,-1674.0,-1646.0,-1606.0,-1563.0,-1517.699951171875,-1502.800048828125,-1494.800048828125
7872,-1603.3599853515625,41.63005828857422,41.41499328613281,2.451541264851888,-1603.3599853515625,-1606.0,60.81751251220703,-1717.8399658203125,-1689.25,-1674.0,-1650.25,-1606.0,-1565.0,-1517.9000244140625,-1504.699951171875,-1494.800048828125
7920,-1603.699951171875,41.59236145019531,41.384403228759766,2.3811772664388022,-1603.699951171875,-1606.0,60.958099365234375,-1717.8399658203125,-1689.25,-1678.0,-1650.25,-1606.0,-1565.0,-1519.699951171875,-1504.699951171875,-1494.800048828125
7968,-1604.219970703125,41.58927917480469,41.38691711425781,2.3317455450693765,-1604.219970703125,-1606.0,61.15596389770508,-1717.8399658203125,-1693.050048828125,-1678.0,-1653.0,-1606.0,-1565.0,-1522.4000244140625,-1504.699951171875,-1494.800048828125
8016,-1604.9000244140625,41.62771224975586,41.43051528930664,2.280119260152181,-1604.9000244140625,-1606.0,61.28269958496094,-1717.8399658203125,-1694.0,-1678.0,-1653.0,-1606.0,-1565.0,-1522.4000244140625,-1504.699951171875,-1494.800048828125
8064,-1605.6199951171875,41.670562744140625,41.47687530517578,2.227221965789795,-1605.6199951171875,-1606.0,61.338043212890625,-1717.8399658203125,-1694.0,-1678.0,-1653.25,-1606.0,-1565.0,-1522.800048828125,-1504.699951171875,-1494.800048828125
8112,-1606.0799560546875,41.724891662597656,41.528377532958984,2.1984543005625405,-1606.0799560546875,-1610.0,61.35807418823242,-1717.8399658203125,-1694.0999755859375,-1678.0999755859375,-1654.25,-1610.0,-1565.0,-1523.699951171875,-1504.699951171875,-1494.800048828125
8160,-1606.5799560546875,41.753456115722656,41.566585540771484,2.142895778020223,-1606.5799560546875,-1610.5,61.318214416503906,-1717.8399658203125,-1694.0999755859375,-1678.4000244140625,-1654.25,-1610.5,-1565.0,-1524.5999755859375,-1508.5,-1494.800048828125
8208,-1607.02001953125,41.78321838378906,41.600189208984375,2.089300553003947,-1607.02001953125,-1610.5,61.16550827026367,-1717.8399658203125,-1694.0999755859375,-1678.4000244140625,-1654.25,-1610.5,-1565.75,-1525.9000244140625,-1508.5,-1494.800048828125
8256,-1607.43994140625,41.78550720214844,41.60795974731445,2.0581841468811035,-1607.43994140625,-1610.5,61.39598083496094,-1719.800048828125,-1694.699951171875,-1678.4000244140625,-1654.5,-1610.5,-1565.75,-1527.0,-1508.5,-1494.800048828125
8304,-1607.9599609375,41.80410385131836,41.62590026855469,2.0375276803970337,-1607.9599609375,-1610.5,61.14882278442383,-1719.800048828125,-1694.699951171875,-1678.4000244140625,-1656.25,-1610.5,-1566.75,-1527.0,-1508.5,-1494.800048828125
8352,-1608.43994140625,41.8169059753418,41.647987365722656,1.9835618336995442,-1608.43994140625,-1610.5,61.090641021728516,-1719.800048828125,-1699.449951171875,-1679.300048828125,-1656.25,-1610.5,-1566.75,-1527.0,-1508.800048828125,-1496.760009765625
8400,-1608.699951171875,41.90995788574219,41.744503021240234,1.920331358909607,-1608.699951171875,-1610.5,61.13632583618164,-1721.760009765625,-1699.449951171875,-1679.300048828125,-1656.25,-1610.5,-1567.0,-1527.0,-1508.800048828125,-1498.719970703125
8448,-1609.3800048828125,41.892356872558594,41.72823715209961,1.8957475821177165,-1609.3800048828125,-1610.5,60.849613189697266,-1721.760009765625,-1699.449951171875,-1679.300048828125,-1656.25,-1610.5,-1570.5,-1527.0,-1508.800048828125,-1498.719970703125
8496,-1609.739990234375,41.882225036621094,41.72325134277344,1.8433523575464885,-1609.739990234375,-1610.5,60.95631790161133,-1721.760009765625,-1705.1500244140625,-1681.0999755859375,-1656.25,-1610.5,-1571.0,-1527.0,-1508.800048828125,-1498.719970703125
8544,-1609.9000244140625,41.889652252197266,41.732337951660156,1.7957985003789265,-1609.9000244140625,-1610.5,60.833953857421875,-1721.760009765625,-1705.1500244140625,-1681.0999755859375,-1656.25,-1610.5,-1571.0,-1527.0,-1508.800048828125,-1498.719970703125
8592,-1610.3199462890625,41.869178771972656,41.72002410888672,1.7639256715774536,-1610.3199462890625,-1611.0,60.740081787109375,-1721.760009765625,-1707.050048828125,-1681.0999755859375,-1657.5,-1611.0,-1571.0,-1528.800048828125,-1508.800048828125,-1498.719970703125
8640,-1610.9599609375,41.85744857788086,41.710182189941406,1.7006551027297974,-1610.9599609375,-1611.0,60.41703414916992,-1723.719970703125,-1707.050048828125,-1681.199951171875,-1657.5,-1611.0,-1571.0,-1528.800048828125,-1508.800048828125,-1498.719970703125
8688,-1611.4599609375,41.85117721557617,41.70820617675781,1.6976022720336914,-1611.4599609375,-1611.0,60.33281326293945,-1723.719970703125,-1707.050048828125,-1681.4000244140625,-1657.5,-1611.0,-1571.0,-1528.800048828125,-1508.800048828125,-1498.719970703125
8736,-1612.260009765625,41.863853454589844,41.722328186035156,1.6662278175354004,-1612.260009765625,-1613.0,59.909202575683594,-1723.719970703125,-1708.050048828125,-1685.0999755859375,-1657.5,-1613.0,-1574.5,-1534.4000244140625,-1514.5,-1498.719970703125
8784,-1612.739990234375,41.83741760253906,41.69902801513672,1.6268856128056843,-1612.739990234375,-1613.0,59.977596282958984,-1723.719970703125,-1708.050048828125,-1685.0999755859375,-1659.5,-1613.0,-1574.5,-1534.4000244140625,-1514.5,-1498.719970703125
8832,-1613.4000244140625,41.81599807739258,41.67766571044922,1.5976333220799763,-1613.4000244140625,-1613.0,60.00716781616211,-1723.719970703125,-1708.199951171875,-1685.0999755859375,-1661.25,-1613.0,-1574.5,-1538.0,-1514.5999755859375,-1498.719970703125
8880,-1613.739990234375,41.77869415283203,41.64371871948242,1.5556668440500896,-1613.739990234375,-1613.0,59.84907913208008,-1723.719970703125,-1708.199951171875,-1685.0999755859375,-1661.25,-1613.0,-1575.0,-1538.0,-1514.5999755859375,-1498.719970703125
8928,-1614.2799072265625,41.793548583984375,41.661094665527344,1.527791698773702,-1614.280029296875,-1613.0,59.98051071166992,-1723.719970703125,-1708.199951171875,-1687.0,-1661.25,-1613.0,-1575.0,-1538.0,-1514.9000244140625,-1498.719970703125
8976,-1614.8199462890625,41.830589294433594,41.70335006713867,1.4991961320241292,-1614.8199462890625,-1613.0,59.98089599609375,-1723.719970703125,-1708.199951171875,-1687.0,-1661.25,-1613.0,-1575.0,-1538.0,-1514.9000244140625,-1498.719970703125
9024,-1615.2999267578125,41.85435104370117,41.728214263916016,1.466274579366048,-1615.300048828125,-1613.0,59.758262634277344,-1723.719970703125,-1710.0999755859375,-1687.0,-1661.25,-1613.0,-1576.5,-1538.0,-1514.9000244140625,-1498.719970703125
9072,-1615.719970703125,41.869537353515625,41.74785614013672,1.4245227972666423,-1615.719970703125,-1613.0,59.674293518066406,-1723.719970703125,-1710.0999755859375,-1687.0,-1662.25,-1613.0,-1577.0,-1538.0,-1514.9000244140625,-1498.719970703125
9120,-1616.1199951171875,41.88348388671875,41.76762008666992,1.3892580668131511,-1616.1199951171875,-1613.0,59.85420227050781,-1723.719970703125,-1710.0999755859375,-1687.699951171875,-1662.5,-1613.0,-1577.0,-1538.4000244140625,-1514.9000244140625,-1498.719970703125
9168,-1616.6400146484375,41.94532012939453,41.82801818847656,1.3827858368555705,-1616.6400146484375,-1614.0,59.87495422363281,-1723.719970703125,-1710.0999755859375,-1687.699951171875,-1664.0,-1614.0,-1577.0,-1538.4000244140625,-1516.9000244140625,-1498.719970703125
9216,-1617.239990234375,41.97471618652344,41.866127014160156,1.335414449373881,-1617.239990234375,-1616.0,59.9853515625,-1723.719970703125,-1710.0999755859375,-1687.699951171875,-1664.0,-1616.0,-1577.0,-1538.4000244140625,-1517.0,-1498.719970703125
9264,-1617.47998046875,41.9980583190918,41.891414642333984,1.309072216351827,-1617.47998046875,-1618.0,59.97090530395508,-1723.719970703125,-1710.0999755859375,-1687.699951171875,-1664.0,-1618.0,-1577.0,-1538.4000244140625,-1517.0,-1498.719970703125
9312,-1617.9000244140625,42.00701141357422,41.90178680419922,1.2668533722559612,-1617.9000244140625,-1619.0,59.74654769897461,-1725.6800537109375,-1710.0999755859375,-1687.699951171875,-1664.0,-1619.0,-1577.0,-1538.4000244140625,-1522.699951171875,-1498.719970703125
9360,-1618.0799560546875,42.00181579589844,41.89345169067383,1.264388124148051,-1618.0799560546875,-1619.0,59.819175720214844,-1725.6800537109375,-1710.0999755859375,-1689.5,-1664.0,-1619.0,-1577.0,-1538.4000244140625,-1522.699951171875,-1498.719970703125
9408,-1618.5599365234375,42.001258850097656,41.89910888671875,1.194989522298177,-1618.56005859375,-1619.0,59.99021911621094,-1725.6800537109375,-1710.0999755859375,-1689.5,-1664.75,-1619.0,-1577.0,-1538.4000244140625,-1522.699951171875,-1498.719970703125
9456,-1618.919921875,42.02166748046875,41.91995620727539,1.2054005861282349,-1618.9200439453125,-1619.0,59.887672424316406,-1725.6800537109375,-1712.0999755859375,-1689.5,-1664.75,-1619.0,-1577.0,-1539.0,-1522.699951171875,-1498.760009765625
9504,-1619.0599365234375,42.06568145751953,41.96995162963867,1.1615593433380127,-1619.06005859375,-1619.0,59.882686614990234,-1725.6800537109375,-1712.0999755859375,-1689.5,-1665.25,-1619.0,-1577.0,-1539.0,-1522.699951171875,-1498.760009765625
9552,-1619.3199462890625,42.06538772583008,41.974205017089844,1.1211950778961182,-1619.3199462890625,-1619.0,59.7889404296875,-1725.6800537109375,-1712.0999755859375,-1694.0999755859375,-1665.25,-1619.0,-1578.5,-1539.0,-1522.699951171875,-1498.8399658203125
9600,-1619.679931640625,42.098785400390625,42.008705139160156,1.104270100593567,-1619.6800537109375,-1619.0,59.84143829345703,-1725.6800537109375,-1712.0999755859375,-1694.0999755859375,-1666.75,-1619.0,-1578.5,-1539.0,-1522.699951171875,-1498.8399658203125
9648,-1619.93994140625,42.12883758544922,42.042015075683594,1.0912356774012248,-1619.93994140625,-1619.0,59.91607666015625,-1725.6800537109375,-1712.0999755859375,-1694.0999755859375,-1666.75,-1619.0,-1578.5,-1539.0,-1522.699951171875,-1498.8399658203125
9696,-1620.419921875,42.130775451660156,42.04296875,1.0814616680145264,-1620.4200439453125,-1619.0,59.61244583129883,-1727.6400146484375,-1712.0999755859375,-1694.0999755859375,-1666.75,-1619.0,-1578.5,-1542.800048828125,-1522.800048828125,-1498.8399658203125
9744,-1620.739990234375,42.131553649902344,42.047115325927734,1.0430619319279988,-1620.739990234375,-1619.0,59.59423065185547,-1727.6400146484375,-1712.0999755859375,-1695.0999755859375,-1666.75,-1619.0,-1580.5,-1542.800048828125,-1522.800048828125,-1498.8399658203125
9792,-1621.0399169921875,42.1318473815918,42.05040740966797,1.0126956105232239,-1621.0400390625,-1619.0,59.76368713378906,-1729.5999755859375,-1712.5,-1695.0999755859375,-1666.75,-1619.0,-1580.5,-1542.800048828125,-1522.800048828125,-1498.8399658203125
9840,-1621.199951171875,42.07312774658203,41.993003845214844,0.9785118301709493,-1621.199951171875,-1619.0,59.49604797363281,-1729.5999755859375,-1712.5,-1695.0999755859375,-1666.75,-1619.0,-1580.5,-1542.800048828125,-1522.800048828125,-1504.8800048828125
9888,-1621.760009765625,42.06324005126953,41.98250961303711,0.9792998433113098,-1621.760009765625,-1622.0,59.50867462158203,-1729.5999755859375,-1712.5,-1695.0999755859375,-1666.75,-1622.0,-1580.5,-1542.800048828125,-1522.800048828125,-1506.8399658203125
9936,-1621.9000244140625,42.04597091674805,41.96919250488281,0.9573175112406412,-1621.9000244140625,-1622.0,59.54938888549805,-1729.5999755859375,-1712.5,-1695.0999755859375,-1666.75,-1622.0,-1580.5,-1543.9000244140625,-1522.800048828125,-1506.8399658203125
9984,-1622.239990234375,42.06119155883789,41.98350524902344,0.9403535723686218,-1622.239990234375,-1622.0,59.615116119384766,-1729.5999755859375,-1712.5,-1695.0999755859375,-1666.75,-1622.0,-1580.5,-1543.9000244140625,-1522.800048828125,-1506.8399658203125
