ConfigName: krbf__advnormalizedfitness__M2__L10__eps0p01__g0p005__ds0p01__dm0p01
Problem: NK
Kernel: rbf
Advantage: normalizedfitness
M: 2
lambda: 10
epsilon_svgd: 0.01
gamma: 0.005
decay_start_ratio: 0.01
decay_min_factor: 0.01
bandwith_kernel: None
no_interact: False
avg_score: 0.7111374735832214
median_score: 0.6998580694198608
std_score: 0.03171362355351448
percentiles: 2%=0.6734704971313477, 5%=0.6735892295837402, 10%=0.6780896782875061, 25%=0.681631863117218, 50%=0.6998580694198608, 75%=0.7472679615020752, 90%=0.7525893449783325, 95%=0.7613165378570557, 98%=0.7613165378570557
ranking_best_algo: CMApara
ranking_best_score: 0.7118996098437498
ranking_my_rank: 5/504 (99.2%)
ranking_my_percent: 99.2063492063492
