ConfigName: kjsd__advperagentrankweighted__M4__L12__eps0p01__g0p0005__ds0p4__dm0p05
Problem: QUBO
Kernel: jsd
Advantage: peragentrankweighted
M: 4
lambda: 12
epsilon_svgd: 0.01
gamma: 0.0005
decay_start_ratio: 0.4
decay_min_factor: 0.05
bandwith_kernel: None
no_interact: False
avg_score: -1306.280029296875
median_score: -1312.5
std_score: 56.330291748046875
percentiles: 2%=-1392.1600341796875, 5%=-1377.0999755859375, 10%=-1373.0999755859375, 25%=-1355.0, 50%=-1312.5, 75%=-1261.75, 90%=-1231.0, 95%=-1214.5999755859375, 98%=-1184.719970703125
ranking_best_algo: BigLognormalDiscreteOnePlusOne
ranking_best_score: 1301.3600000000004
ranking_my_rank: 1/504 (100.0%)
ranking_my_percent: 100.0
