ConfigName: krbf__advnormalizedfitness__M3__L8__eps0p015__g0p007__ds0p01__dm0p3
Problem: QUBO
Kernel: rbf
Advantage: normalizedfitness
M: 3
lambda: 8
epsilon_svgd: 0.015
gamma: 0.007
decay_start_ratio: 0.01
decay_min_factor: 0.3
bandwith_kernel: None
no_interact: False
avg_score: -3035.3798828125
median_score: -3008.0
std_score: 220.36883544921875
percentiles: 2%=-3436.860107421875, 5%=-3332.75, 10%=-3309.699951171875, 25%=-3225.0, 50%=-3008.0, 75%=-2868.0, 90%=-2756.300048828125, 95%=-2688.400146484375, 98%=-2643.259765625
ranking_best_algo: RLSOnePlusOne
ranking_best_score: 3316.5199999999995
ranking_my_rank: 126/504 (75.2%)
ranking_my_percent: 75.1984126984127
