ConfigName: krbf__advnormalizedfitness__M1__L8__eps0p033__g0p01__ds0p3__dm0p01
Problem: NK
Kernel: rbf
Advantage: normalizedfitness
M: 1
lambda: 8
epsilon_svgd: 0.033
gamma: 0.01
decay_start_ratio: 0.3
decay_min_factor: 0.01
bandwith_kernel: None
no_interact: False
avg_score: 0.7385056018829346
median_score: 0.7376734018325806
std_score: 0.01766442134976387
percentiles: 2%=0.7072723507881165, 5%=0.711364209651947, 10%=0.715734601020813, 25%=0.7257474064826965, 50%=0.7376734018325806, 75%=0.7471725940704346, 90%=0.7620604038238525, 95%=0.7740296125411987, 98%=0.7783128619194031
ranking_best_algo: Tabu
ranking_best_score: 0.7657846284375001
ranking_my_rank: 115/504 (77.4%)
ranking_my_percent: 77.38095238095238
