ConfigName: kjsd__advperagentrankweighted__M3__L16__eps0p005__g0p0007__ds0p1__dm0p05
Problem: QUBO
Kernel: jsd
Advantage: peragentrankweighted
M: 3
lambda: 16
epsilon_svgd: 0.005
gamma: 0.0007
decay_start_ratio: 0.1
decay_min_factor: 0.05
bandwith_kernel: None
no_interact: False
avg_score: -437.4200134277344
median_score: -441.5
std_score: 28.252853393554688
percentiles: 2%=-485.17999267578125, 5%=-481.0, 10%=-469.0, 25%=-458.25, 50%=-441.5, 75%=-418.75, 90%=-396.8999938964844, 95%=-385.0, 98%=-379.760009765625
ranking_best_algo: CMApara
ranking_best_score: 453.82
ranking_my_rank: 28/504 (94.6%)
ranking_my_percent: 94.64285714285714
