ConfigName: kjsd__advperagentrankweighted__M3__L16__eps0p007__g0p0005__ds0p2__dm0p1
Problem: NK
Kernel: jsd
Advantage: peragentrankweighted
M: 3
lambda: 16
epsilon_svgd: 0.007
gamma: 0.0005
decay_start_ratio: 0.2
decay_min_factor: 0.1
bandwith_kernel: None
no_interact: False
avg_score: 0.7327032685279846
median_score: 0.733009934425354
std_score: 0.009196195751428604
percentiles: 2%=0.7150201797485352, 5%=0.7172206044197083, 10%=0.7199471592903137, 25%=0.7257915735244751, 50%=0.733009934425354, 75%=0.7402182221412659, 90%=0.744432806968689, 95%=0.7455021142959595, 98%=0.747571587562561
ranking_best_algo: PBIL
ranking_best_score: 0.7248786399609374
ranking_my_rank: 1/504 (100.0%)
ranking_my_percent: 100.0
