ConfigName: kjsd__advperagentrankweighted__M4__L24__eps0p005__g0p0003__ds0p2__dm0p05
Problem: NK
Kernel: jsd
Advantage: peragentrankweighted
M: 4
lambda: 24
epsilon_svgd: 0.005
gamma: 0.0003
decay_start_ratio: 0.2
decay_min_factor: 0.05
bandwith_kernel: None
no_interact: False
avg_score: 0.7435643076896667
median_score: 0.743384063243866
std_score: 0.011456532403826714
percentiles: 2%=0.7202574610710144, 5%=0.727328360080719, 10%=0.7290538549423218, 25%=0.7355464696884155, 50%=0.743384063243866, 75%=0.7509075403213501, 90%=0.7567581534385681, 95%=0.7623348236083984, 98%=0.766510546207428
ranking_best_algo: Tabu
ranking_best_score: 0.7601875690625
ranking_my_rank: 7/504 (98.8%)
ranking_my_percent: 98.80952380952381
