ConfigName: krbf__advnormalizedfitness__M1__L8__eps0p015__g0p005__ds0p15__dm0p3
Problem: QUBO
Kernel: rbf
Advantage: normalizedfitness
M: 1
lambda: 8
epsilon_svgd: 0.015
gamma: 0.005
decay_start_ratio: 0.15
decay_min_factor: 0.3
bandwith_kernel: None
no_interact: False
avg_score: -1256.8399658203125
median_score: -1254.0
std_score: 105.33905029296875
percentiles: 2%=-1399.02001953125, 5%=-1366.050048828125, 10%=-1354.0999755859375, 25%=-1316.25, 50%=-1254.0, 75%=-1219.0, 90%=-1188.4000244140625, 95%=-1163.050048828125, 98%=-1106.7999267578125
ranking_best_algo: BigLognormalDiscreteOnePlusOne
ranking_best_score: 1301.3600000000004
ranking_my_rank: 54/504 (89.5%)
ranking_my_percent: 89.48412698412699
