ConfigName: krbf__advnormalizedfitness__M4__L12__eps0p033__g0p01__ds0p01__dm0p3
Problem: QUBO
Kernel: rbf
Advantage: normalizedfitness
M: 4
lambda: 12
epsilon_svgd: 0.033
gamma: 0.01
decay_start_ratio: 0.01
decay_min_factor: 0.3
bandwith_kernel: None
no_interact: False
avg_score: -1100.3199462890625
median_score: -1095.5
std_score: 94.20381164550781
percentiles: 2%=-1257.800048828125, 5%=-1249.0999755859375, 10%=-1232.0999755859375, 25%=-1172.0, 50%=-1095.5, 75%=-1037.0, 90%=-983.7000122070312, 95%=-936.9000244140625, 98%=-928.7599487304688
ranking_best_algo: BigLognormalDiscreteOnePlusOne
ranking_best_score: 1301.3600000000004
ranking_my_rank: 199/504 (60.7%)
ranking_my_percent: 60.714285714285715
