ConfigName: kjsd__advperagentrankweighted__M4__L8__eps0p03__g0p0005__ds0p05__dm0p05
Problem: NK
Kernel: jsd
Advantage: peragentrankweighted
M: 4
lambda: 8
epsilon_svgd: 0.03
gamma: 0.0005
decay_start_ratio: 0.05
decay_min_factor: 0.05
bandwith_kernel: None
no_interact: False
avg_score: 0.7016310691833496
median_score: 0.7019311189651489
std_score: 0.007971060462296009
percentiles: 2%=0.6865732073783875, 5%=0.6896995306015015, 10%=0.6908789873123169, 25%=0.6960685849189758, 50%=0.7019311189651489, 75%=0.7067844867706299, 90%=0.7101004719734192, 95%=0.7134442329406738, 98%=0.7154796123504639
ranking_best_algo: PBIL
ranking_best_score: 0.7170882103515624
ranking_my_rank: 68/504 (86.7%)
ranking_my_percent: 86.7063492063492
