ConfigName: krbf__advnormalizedfitness__M4__L8__eps0p025__g0p015__ds0p3__dm0p3
Problem: QUBO
Kernel: rbf
Advantage: normalizedfitness
M: 4
lambda: 8
epsilon_svgd: 0.025
gamma: 0.015
decay_start_ratio: 0.3
decay_min_factor: 0.3
bandwith_kernel: None
no_interact: False
avg_score: -744.97998046875
median_score: -739.0
std_score: 77.93496704101562
percentiles: 2%=-908.219970703125, 5%=-884.7000122070312, 10%=-861.0, 25%=-791.25, 50%=-739.0, 75%=-693.75, 90%=-644.9000244140625, 95%=-623.9000244140625, 98%=-620.7599487304688
ranking_best_algo: CMAL3
ranking_best_score: 928.5800000000002
ranking_my_rank: 323/504 (36.1%)
ranking_my_percent: 36.111111111111114
