ConfigName: krbf__advnormalizedfitness__M4__L8__eps0p033__g0p015__ds0p15__dm0p3
Problem: NK
Kernel: rbf
Advantage: normalizedfitness
M: 4
lambda: 8
epsilon_svgd: 0.033
gamma: 0.015
decay_start_ratio: 0.15
decay_min_factor: 0.3
bandwith_kernel: None
no_interact: False
avg_score: 0.6957257986068726
median_score: 0.6984787583351135
std_score: 0.011965430341660976
percentiles: 2%=0.6761742830276489, 5%=0.6789753437042236, 10%=0.6800134778022766, 25%=0.6837049722671509, 50%=0.6984787583351135, 75%=0.706169843673706, 90%=0.7097523212432861, 95%=0.7124484777450562, 98%=0.714044988155365
ranking_best_algo: PBIL
ranking_best_score: 0.7013553837109374
ranking_my_rank: 49/504 (90.5%)
ranking_my_percent: 90.47619047619048
