ConfigName: kjsd__advperagentrankweighted__M5__L8__eps0p005__g0p0003__ds0p05__dm0p05
Problem: QUBO
Kernel: jsd
Advantage: peragentrankweighted
M: 5
lambda: 8
epsilon_svgd: 0.005
gamma: 0.0003
decay_start_ratio: 0.05
decay_min_factor: 0.05
bandwith_kernel: None
no_interact: False
avg_score: -428.8399963378906
median_score: -428.0
std_score: 26.39724349975586
percentiles: 2%=-477.1199951171875, 5%=-473.1000061035156, 10%=-469.0, 25%=-444.25, 50%=-428.0, 75%=-412.75, 90%=-394.79998779296875, 95%=-389.8999938964844, 98%=-373.760009765625
ranking_best_algo: CMAL3
ranking_best_score: 435.36
ranking_my_rank: 14/504 (97.4%)
ranking_my_percent: 97.42063492063492
