ConfigName: krbf__advnormalizedfitness__M3__L8__eps0p03__g0p005__ds0p15__dm0p05
Problem: NK
Kernel: rbf
Advantage: normalizedfitness
M: 3
lambda: 8
epsilon_svgd: 0.03
gamma: 0.005
decay_start_ratio: 0.15
decay_min_factor: 0.05
bandwith_kernel: None
no_interact: False
avg_score: 0.7309054732322693
median_score: 0.7303558588027954
std_score: 0.009648828767240047
percentiles: 2%=0.7129449844360352, 5%=0.7154325246810913, 10%=0.7171464562416077, 25%=0.7251774072647095, 50%=0.7303558588027954, 75%=0.7382748126983643, 90%=0.7430026531219482, 95%=0.7450760006904602, 98%=0.7499920725822449
ranking_best_algo: Tabu
ranking_best_score: 0.7429702712499999
ranking_my_rank: 2/504 (99.8%)
ranking_my_percent: 99.8015873015873
