ConfigName: krbf__advnormalizedfitness__M3__L10__eps0p033__g0p007__ds0p3__dm0p3
Problem: QUBO
Kernel: rbf
Advantage: normalizedfitness
M: 3
lambda: 10
epsilon_svgd: 0.033
gamma: 0.007
decay_start_ratio: 0.3
decay_min_factor: 0.3
bandwith_kernel: None
no_interact: False
avg_score: -138.94000244140625
median_score: -141.0
std_score: 11.549736022949219
percentiles: 2%=-158.02000427246094, 5%=-157.0, 10%=-153.1999969482422, 25%=-146.25, 50%=-141.0, 75%=-130.75, 90%=-125.0, 95%=-118.90000915527344, 98%=-112.95999145507812
ranking_best_algo: DiscreteDE
ranking_best_score: 143.4
ranking_my_rank: 94/504 (81.5%)
ranking_my_percent: 81.54761904761905
