ConfigName: kjsd__advperagentrankweighted__M5__L10__eps0p005__g0p003__ds0p05__dm0p05
Problem: NK
Kernel: jsd
Advantage: peragentrankweighted
M: 5
lambda: 10
epsilon_svgd: 0.005
gamma: 0.003
decay_start_ratio: 0.05
decay_min_factor: 0.05
bandwith_kernel: None
no_interact: False
avg_score: 0.7093580365180969
median_score: 0.7107783555984497
std_score: 0.015840988606214523
percentiles: 2%=0.6686174273490906, 5%=0.669773519039154, 10%=0.6959783434867859, 25%=0.7052190899848938, 50%=0.7107783555984497, 75%=0.7188746929168701, 90%=0.7250049710273743, 95%=0.7311220169067383, 98%=0.7319984436035156
ranking_best_algo: CMApara
ranking_best_score: 0.707475975
ranking_my_rank: 1/504 (100.0%)
ranking_my_percent: 100.0
