ConfigName: kjsd__advperagentrankweighted__M3__L24__eps0p007__g0p0005__ds0p1__dm0p1
Problem: NK
Kernel: jsd
Advantage: peragentrankweighted
M: 3
lambda: 24
epsilon_svgd: 0.007
gamma: 0.0005
decay_start_ratio: 0.1
decay_min_factor: 0.1
bandwith_kernel: None
no_interact: False
avg_score: 0.7431027889251709
median_score: 0.7407588958740234
std_score: 0.027745915576815605
percentiles: 2%=0.697891354560852, 5%=0.7069926261901855, 10%=0.7103774547576904, 25%=0.7252984046936035, 50%=0.7407588958740234, 75%=0.7580187320709229, 90%=0.7749376893043518, 95%=0.8044298887252808, 98%=0.8045769333839417
ranking_best_algo: CMApara
ranking_best_score: 0.7459277895312499
ranking_my_rank: 13/504 (97.6%)
ranking_my_percent: 97.61904761904762
