ConfigName: kjsd__advperagentrankweighted__M3__L20__eps0p007__g0p001__ds0p2__dm0p2
Problem: QUBO
Kernel: jsd
Advantage: peragentrankweighted
M: 3
lambda: 20
epsilon_svgd: 0.007
gamma: 0.001
decay_start_ratio: 0.2
decay_min_factor: 0.2
bandwith_kernel: None
no_interact: False
avg_score: -2617.5
median_score: -2626.0
std_score: 115.76782989501953
percentiles: 2%=-2834.179931640625, 5%=-2823.10009765625, 10%=-2762.10009765625, 25%=-2692.25, 50%=-2626.0, 75%=-2534.5, 90%=-2477.39990234375, 95%=-2419.0, 98%=-2351.840087890625
ranking_best_algo: DiscreteLengler2OnePlusOne
ranking_best_score: 2617.04
ranking_my_rank: 1/504 (100.0%)
ranking_my_percent: 100.0
