ConfigName: kjsd__advperagentrankweighted__M3__L20__eps0p005__g0p001__ds0p05__dm0p1
Problem: QUBO
Kernel: jsd
Advantage: peragentrankweighted
M: 3
lambda: 20
epsilon_svgd: 0.005
gamma: 0.001
decay_start_ratio: 0.05
decay_min_factor: 0.1
bandwith_kernel: None
no_interact: False
avg_score: -2622.02001953125
median_score: -2608.0
std_score: 111.03963470458984
percentiles: 2%=-2829.639892578125, 5%=-2798.14990234375, 10%=-2786.10009765625, 25%=-2696.25, 50%=-2608.0, 75%=-2536.75, 90%=-2487.0, 95%=-2437.89990234375, 98%=-2434.93994140625
ranking_best_algo: DiscreteLengler2OnePlusOne
ranking_best_score: 2617.04
ranking_my_rank: 1/504 (100.0%)
ranking_my_percent: 100.0
