ConfigName: krbf__advnormalizedfitness__M3__L10__eps0p033__g0p007__ds0p3__dm0p01
Problem: NK
Kernel: rbf
Advantage: normalizedfitness
M: 3
lambda: 10
epsilon_svgd: 0.033
gamma: 0.007
decay_start_ratio: 0.3
decay_min_factor: 0.01
bandwith_kernel: None
no_interact: False
avg_score: 0.739443838596344
median_score: 0.7390038967132568
std_score: 0.013221046887338161
percentiles: 2%=0.7147020101547241, 5%=0.7195039987564087, 10%=0.721655011177063, 25%=0.7306492328643799, 50%=0.7390038967132568, 75%=0.7489371299743652, 90%=0.7545074224472046, 95%=0.7619258165359497, 98%=0.7670832276344299
ranking_best_algo: Tabu
ranking_best_score: 0.7601875690625
ranking_my_rank: 16/504 (97.0%)
ranking_my_percent: 97.02380952380952
