ConfigName: krbf__advnormalizedfitness__M1__L8__eps0p033__g0p007__ds0p15__dm0p3
Problem: QUBO
Kernel: rbf
Advantage: normalizedfitness
M: 1
lambda: 8
epsilon_svgd: 0.033
gamma: 0.007
decay_start_ratio: 0.15
decay_min_factor: 0.3
bandwith_kernel: None
no_interact: False
avg_score: -132.0399932861328
median_score: -134.0
std_score: 13.728745460510254
percentiles: 2%=-156.02000427246094, 5%=-151.10000610351562, 10%=-147.10000610351562, 25%=-143.0, 50%=-134.0, 75%=-121.0, 90%=-113.9000015258789, 95%=-110.90000915527344, 98%=-103.97999572753906
ranking_best_algo: DiscreteDE
ranking_best_score: 143.4
ranking_my_rank: 318/504 (37.1%)
ranking_my_percent: 37.1031746031746
