ConfigName: kjsd__advperagentrankweighted__M3__L18__eps0p005__g0p0005__ds0p2__dm0p05
Problem: QUBO
Kernel: jsd
Advantage: peragentrankweighted
M: 3
lambda: 18
epsilon_svgd: 0.005
gamma: 0.0005
decay_start_ratio: 0.2
decay_min_factor: 0.05
bandwith_kernel: None
no_interact: False
avg_score: -411.8599853515625
median_score: -416.0
std_score: 26.721908569335938
percentiles: 2%=-457.0, 5%=-452.04998779296875, 10%=-446.1000061035156, 25%=-428.25, 50%=-416.0, 75%=-395.0, 90%=-378.0, 95%=-365.8999938964844, 98%=-355.9599914550781
ranking_best_algo: Tabu
ranking_best_score: 438.12
ranking_my_rank: 76/504 (85.1%)
ranking_my_percent: 85.11904761904762
