ConfigName: kjsd__advperagentrankweighted__M4__L12__eps0p005__g0p001__ds0p1__dm0p2
Problem: NK
Kernel: jsd
Advantage: peragentrankweighted
M: 4
lambda: 12
epsilon_svgd: 0.005
gamma: 0.001
decay_start_ratio: 0.1
decay_min_factor: 0.2
bandwith_kernel: None
no_interact: False
avg_score: 0.7444884777069092
median_score: 0.7423104643821716
std_score: 0.028204012662172318
percentiles: 2%=0.6941514015197754, 5%=0.7067961692810059, 10%=0.7123613357543945, 25%=0.7237701416015625, 50%=0.7423104643821716, 75%=0.7585474252700806, 90%=0.7780020236968994, 95%=0.8044298887252808, 98%=0.8045783638954163
ranking_best_algo: CMApara
ranking_best_score: 0.7459277895312499
ranking_my_rank: 3/504 (99.6%)
ranking_my_percent: 99.60317460317461
