ConfigName: krbf__advnormalizedfitness__M4__L12__eps0p033__g0p015__ds0p3__dm0p3
Problem: NK
Kernel: rbf
Advantage: normalizedfitness
M: 4
lambda: 12
epsilon_svgd: 0.033
gamma: 0.015
decay_start_ratio: 0.3
decay_min_factor: 0.3
bandwith_kernel: None
no_interact: False
avg_score: 0.671128511428833
median_score: 0.6720700263977051
std_score: 0.010179284028708935
percentiles: 2%=0.6513115763664246, 5%=0.6551430225372314, 10%=0.6571839451789856, 25%=0.6643384695053101, 50%=0.6720700263977051, 75%=0.6776295900344849, 90%=0.6822918653488159, 95%=0.6839419007301331, 98%=0.6903330087661743
ranking_best_algo: PBIL
ranking_best_score: 0.7248786399609374
ranking_my_rank: 225/504 (55.6%)
ranking_my_percent: 55.55555555555556
