ConfigName: krbf__advnormalizedfitness__M4__L8__eps0p025__g0p01__ds0p15__dm0p01
Problem: NK
Kernel: rbf
Advantage: normalizedfitness
M: 4
lambda: 8
epsilon_svgd: 0.025
gamma: 0.01
decay_start_ratio: 0.15
decay_min_factor: 0.01
bandwith_kernel: None
no_interact: False
avg_score: 0.7551841139793396
median_score: 0.7554460763931274
std_score: 0.012651560828089714
percentiles: 2%=0.7332829833030701, 5%=0.7361590266227722, 10%=0.7385915517807007, 25%=0.7447632551193237, 50%=0.7554460763931274, 75%=0.7661169171333313, 90%=0.7720608115196228, 95%=0.7757531404495239, 98%=0.7763755917549133
ranking_best_algo: Tabu
ranking_best_score: 0.7470791764843752
ranking_my_rank: 1/504 (100.0%)
ranking_my_percent: 100.0
