ConfigName: krbf__advnormalizedfitness__M3__L12__eps0p015__g0p015__ds0p15__dm0p01
Problem: QUBO
Kernel: rbf
Advantage: normalizedfitness
M: 3
lambda: 12
epsilon_svgd: 0.015
gamma: 0.015
decay_start_ratio: 0.15
decay_min_factor: 0.01
bandwith_kernel: None
no_interact: False
avg_score: -1065.52001953125
median_score: -1077.0
std_score: 83.27513885498047
percentiles: 2%=-1224.3599853515625, 5%=-1205.050048828125, 10%=-1178.0999755859375, 25%=-1123.0, 50%=-1077.0, 75%=-1009.0, 90%=-957.0, 95%=-924.7000122070312, 98%=-896.97998046875
ranking_best_algo: BigLognormalDiscreteOnePlusOne
ranking_best_score: 1301.3600000000004
ranking_my_rank: 214/504 (57.7%)
ranking_my_percent: 57.73809523809524
