ConfigName: kjsd__advperagentrankweighted__M3__L18__eps0p005__g0p001__ds0p2__dm0p2
Problem: QUBO
Kernel: jsd
Advantage: peragentrankweighted
M: 3
lambda: 18
epsilon_svgd: 0.005
gamma: 0.001
decay_start_ratio: 0.2
decay_min_factor: 0.2
bandwith_kernel: None
no_interact: False
avg_score: -1601.3599853515625
median_score: -1602.5
std_score: 67.56397247314453
percentiles: 2%=-1736.300048828125, 5%=-1718.3499755859375, 10%=-1692.199951171875, 25%=-1640.25, 50%=-1602.5, 75%=-1554.5, 90%=-1526.0, 95%=-1510.5, 98%=-1470.1199951171875
ranking_best_algo: NLOPT_LN_PRAXIS
ranking_best_score: 1607.12
ranking_my_rank: 11/504 (98.0%)
ranking_my_percent: 98.01587301587301
