ConfigName: kjsd__advperagentrankweighted__M3__L16__eps0p005__g0p0005__ds0p1__dm0p2
Problem: QUBO
Kernel: jsd
Advantage: peragentrankweighted
M: 3
lambda: 16
epsilon_svgd: 0.005
gamma: 0.0005
decay_start_ratio: 0.1
decay_min_factor: 0.2
bandwith_kernel: None
no_interact: False
avg_score: -2598.840087890625
median_score: -2591.5
std_score: 129.1949462890625
percentiles: 2%=-2818.300048828125, 5%=-2792.14990234375, 10%=-2772.10009765625, 25%=-2694.75, 50%=-2591.5, 75%=-2519.0, 90%=-2437.699951171875, 95%=-2401.39990234375, 98%=-2363.5400390625
ranking_best_algo: SVM1MetaModelLogNormal
ranking_best_score: 2605.14
ranking_my_rank: 2/504 (99.8%)
ranking_my_percent: 99.8015873015873
