ConfigName: kjsd__advperagentrankweighted__M3__L20__eps0p005__g0p001__ds0p2__dm0p05
Problem: NK
Kernel: jsd
Advantage: peragentrankweighted
M: 3
lambda: 20
epsilon_svgd: 0.005
gamma: 0.001
decay_start_ratio: 0.2
decay_min_factor: 0.05
bandwith_kernel: None
no_interact: False
avg_score: 0.707649827003479
median_score: 0.7094001770019531
std_score: 0.011868428438901901
percentiles: 2%=0.6891757845878601, 5%=0.6897823214530945, 10%=0.692654550075531, 25%=0.6960036754608154, 50%=0.7094001770019531, 75%=0.718625545501709, 90%=0.7221789956092834, 95%=0.7228718400001526, 98%=0.7244502902030945
ranking_best_algo: PBIL
ranking_best_score: 0.7013553837109374
ranking_my_rank: 1/504 (100.0%)
ranking_my_percent: 100.0
