ConfigName: kjsd__advperagentrankweighted__M3__L18__eps0p007__g0p001__ds0p05__dm0p1
Problem: NK
Kernel: jsd
Advantage: peragentrankweighted
M: 3
lambda: 18
epsilon_svgd: 0.007
gamma: 0.001
decay_start_ratio: 0.05
decay_min_factor: 0.1
bandwith_kernel: None
no_interact: False
avg_score: 0.7434809803962708
median_score: 0.7408133745193481
std_score: 0.028086941689252853
percentiles: 2%=0.6982141733169556, 5%=0.707918643951416, 10%=0.7130115628242493, 25%=0.7231199145317078, 50%=0.7408133745193481, 75%=0.7585474252700806, 90%=0.7782467603683472, 95%=0.8044298887252808, 98%=0.8080617785453796
ranking_best_algo: CMApara
ranking_best_score: 0.7459277895312499
ranking_my_rank: 10/504 (98.2%)
ranking_my_percent: 98.21428571428571
