ConfigName: kjsd__advperagentrankweighted__M6__L24__eps0p005__g0p0005__ds0p05__dm0p05
Problem: QUBO
Kernel: jsd
Advantage: peragentrankweighted
M: 6
lambda: 24
epsilon_svgd: 0.005
gamma: 0.0005
decay_start_ratio: 0.05
decay_min_factor: 0.05
bandwith_kernel: None
no_interact: False
avg_score: -900.1799926757812
median_score: -895.5
std_score: 63.60304641723633
percentiles: 2%=-1013.1400146484375, 5%=-999.4000244140625, 10%=-989.0, 25%=-949.5, 50%=-895.5, 75%=-851.25, 90%=-817.7999877929688, 95%=-802.9000244140625, 98%=-782.9199829101562
ranking_best_algo: CMAL3
ranking_best_score: 928.5800000000002
ranking_my_rank: 70/504 (86.3%)
ranking_my_percent: 86.30952380952381
