ConfigName: kjsd__advperagentrankweighted__M4__L8__eps0p01__g0p0003__ds0p2__dm0p05
Problem: QUBO
Kernel: jsd
Advantage: peragentrankweighted
M: 4
lambda: 8
epsilon_svgd: 0.01
gamma: 0.0003
decay_start_ratio: 0.2
decay_min_factor: 0.05
bandwith_kernel: None
no_interact: False
avg_score: -325.239990234375
median_score: -327.0
std_score: 24.662975311279297
percentiles: 2%=-372.0, 5%=-354.3500061035156, 10%=-350.20001220703125, 25%=-341.25, 50%=-327.0, 75%=-314.0, 90%=-291.79998779296875, 95%=-277.95001220703125, 98%=-269.67999267578125
ranking_best_algo: CMApara
ranking_best_score: 344.22
ranking_my_rank: 119/504 (76.6%)
ranking_my_percent: 76.58730158730158
