ConfigName: kjsd__advperagentrankweighted__M5__L24__eps0p03__g0p0003__ds0p05__dm0p05
Problem: QUBO
Kernel: jsd
Advantage: peragentrankweighted
M: 5
lambda: 24
epsilon_svgd: 0.03
gamma: 0.0003
decay_start_ratio: 0.05
decay_min_factor: 0.05
bandwith_kernel: None
no_interact: False
avg_score: -1185.02001953125
median_score: -1182.0
std_score: 64.24966430664062
percentiles: 2%=-1349.1199951171875, 5%=-1309.300048828125, 10%=-1265.5, 25%=-1215.0, 50%=-1182.0, 75%=-1142.75, 90%=-1108.800048828125, 95%=-1094.8499755859375, 98%=-1079.9000244140625
ranking_best_algo: Tabu
ranking_best_score: 1216.16
ranking_my_rank: 64/504 (87.5%)
ranking_my_percent: 87.5
