ConfigName: kjsd__advperagentrankweighted__M3__L20__eps0p007__g0p001__ds0p05__dm0p2
Problem: QUBO
Kernel: jsd
Advantage: peragentrankweighted
M: 3
lambda: 20
epsilon_svgd: 0.007
gamma: 0.001
decay_start_ratio: 0.05
decay_min_factor: 0.2
bandwith_kernel: None
no_interact: False
avg_score: -1201.5400390625
median_score: -1196.5
std_score: 61.947139739990234
percentiles: 2%=-1339.1600341796875, 5%=-1294.75, 10%=-1277.4000244140625, 25%=-1243.25, 50%=-1196.5, 75%=-1162.75, 90%=-1127.699951171875, 95%=-1118.4000244140625, 98%=-1087.260009765625
ranking_best_algo: Tabu
ranking_best_score: 1216.16
ranking_my_rank: 42/504 (91.9%)
ranking_my_percent: 91.86507936507937
