ConfigName: kjsd__advperagentrankweighted__M3__L18__eps0p007__g0p0007__ds0p1__dm0p1
Problem: NK
Kernel: jsd
Advantage: peragentrankweighted
M: 3
lambda: 18
epsilon_svgd: 0.007
gamma: 0.0007
decay_start_ratio: 0.1
decay_min_factor: 0.1
bandwith_kernel: None
no_interact: False
avg_score: 0.7567085027694702
median_score: 0.757041335105896
std_score: 0.013429022394120693
percentiles: 2%=0.7289865612983704, 5%=0.7343226671218872, 10%=0.7392640709877014, 25%=0.746543288230896, 50%=0.757041335105896, 75%=0.7655690908432007, 90%=0.7746577262878418, 95%=0.777171790599823, 98%=0.7795531153678894
ranking_best_algo: Tabu
ranking_best_score: 0.7470791764843752
ranking_my_rank: 1/504 (100.0%)
ranking_my_percent: 100.0
