ConfigName: krbf__advnormalizedfitness__M4__L12__eps0p025__g0p015__ds0p15__dm0p01
Problem: QUBO
Kernel: rbf
Advantage: normalizedfitness
M: 4
lambda: 12
epsilon_svgd: 0.025
gamma: 0.015
decay_start_ratio: 0.15
decay_min_factor: 0.01
bandwith_kernel: None
no_interact: False
avg_score: -516.3200073242188
median_score: -515.0
std_score: 42.178401947021484
percentiles: 2%=-609.0399780273438, 5%=-584.3499755859375, 10%=-571.5999755859375, 25%=-543.25, 50%=-515.0, 75%=-483.0, 90%=-467.8999938964844, 95%=-450.7500305175781, 98%=-438.7999572753906
ranking_best_algo: Tabu
ranking_best_score: 588.7199999999999
ranking_my_rank: 225/503 (55.5%)
ranking_my_percent: 55.46719681908549
