ConfigName: krbf__advnormalizedfitness__M4__L8__eps0p033__g0p01__ds0p01__dm0p3
Problem: QUBO
Kernel: rbf
Advantage: normalizedfitness
M: 4
lambda: 8
epsilon_svgd: 0.033
gamma: 0.01
decay_start_ratio: 0.01
decay_min_factor: 0.3
bandwith_kernel: None
no_interact: False
avg_score: -886.52001953125
median_score: -881.5
std_score: 66.71334075927734
percentiles: 2%=-1016.3800048828125, 5%=-993.4500122070312, 10%=-979.0999755859375, 25%=-939.0, 50%=-881.5, 75%=-831.0, 90%=-803.5, 95%=-791.550048828125, 98%=-775.8800048828125
ranking_best_algo: CMAL3
ranking_best_score: 928.5800000000002
ranking_my_rank: 103/504 (79.8%)
ranking_my_percent: 79.76190476190476
