ConfigName: kjsd__advperagentrankweighted__M4__L12__eps0p005__g0p0005__ds0p1__dm0p05
Problem: QUBO
Kernel: jsd
Advantage: peragentrankweighted
M: 4
lambda: 12
epsilon_svgd: 0.005
gamma: 0.0005
decay_start_ratio: 0.1
decay_min_factor: 0.05
bandwith_kernel: None
no_interact: False
avg_score: -440.82000732421875
median_score: -442.5
std_score: 26.88210678100586
percentiles: 2%=-487.0, 5%=-483.04998779296875, 10%=-473.29998779296875, 25%=-462.25, 50%=-442.5, 75%=-421.75, 90%=-405.70001220703125, 95%=-397.95001220703125, 98%=-389.7799987792969
ranking_best_algo: CMApara
ranking_best_score: 453.82
ranking_my_rank: 12/504 (97.8%)
ranking_my_percent: 97.81746031746032
