ConfigName: kfr__advglobalrankweighted__M1__L9__eps0p01__g0p003__ds0p01__dm0p01
Problem: QUBO
Kernel: fr
Advantage: globalrankweighted
M: 1
lambda: 9
epsilon_svgd: 0.01
gamma: 0.003
decay_start_ratio: 0.01
decay_min_factor: 0.01
bandwith_kernel: None
no_interact: False
avg_score: -310.05999755859375
median_score: -310.5
std_score: 28.378801345825195
percentiles: 2%=-361.0, 5%=-349.25, 10%=-342.0, 25%=-335.5, 50%=-310.5, 75%=-290.0, 90%=-276.0, 95%=-267.95001220703125, 98%=-255.679931640625
ranking_best_algo: CMApara
ranking_best_score: 344.22
ranking_my_rank: 275/504 (45.6%)
ranking_my_percent: 45.63492063492063
