ConfigName: kjsd__advperagentrankweighted__M5__L8__eps0p005__g0p0005__ds0p05__dm0p2
Problem: QUBO
Kernel: jsd
Advantage: peragentrankweighted
M: 5
lambda: 8
epsilon_svgd: 0.005
gamma: 0.0005
decay_start_ratio: 0.05
decay_min_factor: 0.2
bandwith_kernel: None
no_interact: False
avg_score: -139.97999572753906
median_score: -141.5
std_score: 10.582986831665039
percentiles: 2%=-160.02000427246094, 5%=-157.0500030517578, 10%=-153.0, 25%=-146.0, 50%=-141.5, 75%=-130.75, 90%=-127.0, 95%=-122.8499984741211, 98%=-118.9800033569336
ranking_best_algo: DiscreteDE
ranking_best_score: 143.4
ranking_my_rank: 80/504 (84.3%)
ranking_my_percent: 84.32539682539682
