ConfigName: kfr__advglobalrankweighted__M2__L7__eps0p02__g0p007__ds0p01__dm0p01
Problem: QUBO
Kernel: fr
Advantage: globalrankweighted
M: 2
lambda: 7
epsilon_svgd: 0.02
gamma: 0.007
decay_start_ratio: 0.01
decay_min_factor: 0.01
bandwith_kernel: None
no_interact: False
avg_score: -1296.780029296875
median_score: -1290.0
std_score: 63.98133850097656
percentiles: 2%=-1411.0799560546875, 5%=-1403.300048828125, 10%=-1386.0999755859375, 25%=-1341.0, 50%=-1290.0, 75%=-1251.0, 90%=-1224.199951171875, 95%=-1207.550048828125, 98%=-1190.8399658203125
ranking_best_algo: BigLognormalDiscreteOnePlusOne
ranking_best_score: 1301.3600000000004
ranking_my_rank: 2/504 (99.8%)
ranking_my_percent: 99.8015873015873
