ConfigName: krbf__advnormalizedfitness__M2__L10__eps0p033__g0p005__ds0p01__dm0p01
Problem: QUBO
Kernel: rbf
Advantage: normalizedfitness
M: 2
lambda: 10
epsilon_svgd: 0.033
gamma: 0.005
decay_start_ratio: 0.01
decay_min_factor: 0.01
bandwith_kernel: None
no_interact: False
avg_score: -427.0
median_score: -424.0
std_score: 25.870447158813477
percentiles: 2%=-477.1600036621094, 5%=-469.0, 10%=-462.1000061035156, 25%=-446.25, 50%=-424.0, 75%=-406.75, 90%=-394.8999938964844, 95%=-390.8500061035156, 98%=-384.8999938964844
ranking_best_algo: CMApara
ranking_best_score: 453.82
ranking_my_rank: 105/504 (79.4%)
ranking_my_percent: 79.36507936507937
