ConfigName: krbf__advnormalizedfitness__M4__L8__eps0p02__g0p005__ds0p15__dm0p05
Problem: QUBO
Kernel: rbf
Advantage: normalizedfitness
M: 4
lambda: 8
epsilon_svgd: 0.02
gamma: 0.005
decay_start_ratio: 0.15
decay_min_factor: 0.05
bandwith_kernel: None
no_interact: False
avg_score: -417.760009765625
median_score: -418.0
std_score: 24.12679672241211
percentiles: 2%=-475.0400085449219, 5%=-452.95001220703125, 10%=-448.0, 25%=-430.0, 50%=-418.0, 75%=-405.5, 90%=-389.6000061035156, 95%=-374.0, 98%=-359.9599914550781
ranking_best_algo: Tabu
ranking_best_score: 438.12
ranking_my_rank: 40/504 (92.3%)
ranking_my_percent: 92.26190476190476
