ConfigName: kjsd__advperagentrankweighted__M4__L20__eps0p005__g0p001__ds0p1__dm0p2
Problem: NK
Kernel: jsd
Advantage: peragentrankweighted
M: 4
lambda: 20
epsilon_svgd: 0.005
gamma: 0.001
decay_start_ratio: 0.1
decay_min_factor: 0.2
bandwith_kernel: None
no_interact: False
avg_score: 0.7103217244148254
median_score: 0.7113651037216187
std_score: 0.015231488272547722
percentiles: 2%=0.6720507740974426, 5%=0.6733449101448059, 10%=0.6957964897155762, 25%=0.7065176963806152, 50%=0.7113651037216187, 75%=0.7185823917388916, 90%=0.7254893183708191, 95%=0.7325939536094666, 98%=0.7331015467643738
ranking_best_algo: CMApara
ranking_best_score: 0.707475975
ranking_my_rank: 1/504 (100.0%)
ranking_my_percent: 100.0
