ConfigName: krbf__advnormalizedfitness__M1__L10__eps0p015__g0p01__ds0p01__dm0p01
Problem: NK
Kernel: rbf
Advantage: normalizedfitness
M: 1
lambda: 10
epsilon_svgd: 0.015
gamma: 0.01
decay_start_ratio: 0.01
decay_min_factor: 0.01
bandwith_kernel: None
no_interact: False
avg_score: 0.7320617437362671
median_score: 0.734007716178894
std_score: 0.00890597328543663
percentiles: 2%=0.7150728702545166, 5%=0.7161566019058228, 10%=0.7182970643043518, 25%=0.7255672812461853, 50%=0.734007716178894, 75%=0.7388104200363159, 90%=0.7420748472213745, 95%=0.7439146637916565, 98%=0.7449060082435608
ranking_best_algo: PBIL
ranking_best_score: 0.7248786399609374
ranking_my_rank: 1/504 (100.0%)
ranking_my_percent: 100.0
