ConfigName: kfr__advglobalrankweighted__M4__L5__eps0p05__g0p003__ds0p01__dm0p01
Problem: NK
Kernel: fr
Advantage: globalrankweighted
M: 4
lambda: 5
epsilon_svgd: 0.05
gamma: 0.003
decay_start_ratio: 0.01
decay_min_factor: 0.01
bandwith_kernel: None
no_interact: False
avg_score: 0.7301426529884338
median_score: 0.7301632165908813
std_score: 0.013458553701639175
percentiles: 2%=0.7056676149368286, 5%=0.7102596759796143, 10%=0.7129710912704468, 25%=0.7208492159843445, 50%=0.7301632165908813, 75%=0.7371276617050171, 90%=0.749516487121582, 95%=0.753882884979248, 98%=0.7620183825492859
ranking_best_algo: Tabu
ranking_best_score: 0.7601875690625
ranking_my_rank: 50/504 (90.3%)
ranking_my_percent: 90.27777777777777
