ConfigName: krbf__advglobalrankweighted__M4__L11__eps0p015__g0p007__ds0p01__dm0p01
Problem: QUBO
Kernel: rbf
Advantage: globalrankweighted
M: 4
lambda: 11
epsilon_svgd: 0.015
gamma: 0.007
decay_start_ratio: 0.01
decay_min_factor: 0.01
bandwith_kernel: None
no_interact: False
avg_score: -1180.5799560546875
median_score: -1176.5
std_score: 66.96957397460938
percentiles: 2%=-1335.1600341796875, 5%=-1283.8499755859375, 10%=-1261.300048828125, 25%=-1226.75, 50%=-1176.5, 75%=-1129.5, 90%=-1097.800048828125, 95%=-1078.4000244140625, 98%=-1058.919921875
ranking_best_algo: Tabu
ranking_best_score: 1216.16
ranking_my_rank: 70/504 (86.3%)
ranking_my_percent: 86.30952380952381
