ConfigName: kjsd__advperagentrankweighted__M5__L24__eps0p005__g0p0005__ds0p3__dm0p05
Problem: NK
Kernel: jsd
Advantage: peragentrankweighted
M: 5
lambda: 24
epsilon_svgd: 0.005
gamma: 0.0005
decay_start_ratio: 0.3
decay_min_factor: 0.05
bandwith_kernel: None
no_interact: False
avg_score: 0.7096489667892456
median_score: 0.7113823890686035
std_score: 0.01651059091091156
percentiles: 2%=0.6758230328559875, 5%=0.6826697587966919, 10%=0.687932550907135, 25%=0.697128415107727, 50%=0.7113823890686035, 75%=0.7220340967178345, 90%=0.7309836745262146, 95%=0.7360169291496277, 98%=0.7385899424552917
ranking_best_algo: Tabu
ranking_best_score: 0.7429702712499999
ranking_my_rank: 150/504 (70.4%)
ranking_my_percent: 70.43650793650794
