ConfigName: krbf__advnormalizedfitness__M4__L10__eps0p015__g0p015__ds0p3__dm0p3
Problem: QUBO
Kernel: rbf
Advantage: normalizedfitness
M: 4
lambda: 10
epsilon_svgd: 0.015
gamma: 0.015
decay_start_ratio: 0.3
decay_min_factor: 0.3
bandwith_kernel: None
no_interact: False
avg_score: -488.94000244140625
median_score: -480.0
std_score: 50.05693054199219
percentiles: 2%=-608.8599853515625, 5%=-595.0, 10%=-561.2000122070312, 25%=-507.5, 50%=-480.0, 75%=-458.0, 90%=-436.0, 95%=-429.9000244140625, 98%=-411.75994873046875
ranking_best_algo: Tabu
ranking_best_score: 1216.16
ranking_my_rank: 395/504 (21.8%)
ranking_my_percent: 21.825396825396826
