ConfigName: kjsd__advperagentrankweighted__M4__L10__eps0p005__g0p0005__ds0p2__dm0p05
Problem: QUBO
Kernel: jsd
Advantage: peragentrankweighted
M: 4
lambda: 10
epsilon_svgd: 0.005
gamma: 0.0005
decay_start_ratio: 0.2
decay_min_factor: 0.05
bandwith_kernel: None
no_interact: False
avg_score: -2607.60009765625
median_score: -2607.0
std_score: 115.6882095336914
percentiles: 2%=-2811.679931640625, 5%=-2794.10009765625, 10%=-2769.300048828125, 25%=-2694.5, 50%=-2607.0, 75%=-2522.25, 90%=-2465.699951171875, 95%=-2429.75, 98%=-2413.02001953125
ranking_best_algo: SVM1MetaModelLogNormal
ranking_best_score: 2605.14
ranking_my_rank: 1/504 (100.0%)
ranking_my_percent: 100.0
