ConfigName: krbf__advnormalizedfitness__M3__L8__eps0p015__g0p005__ds0p3__dm0p3
Problem: NK
Kernel: rbf
Advantage: normalizedfitness
M: 3
lambda: 8
epsilon_svgd: 0.015
gamma: 0.005
decay_start_ratio: 0.3
decay_min_factor: 0.3
bandwith_kernel: None
no_interact: False
avg_score: 0.7409948110580444
median_score: 0.7387886047363281
std_score: 0.015330299735069275
percentiles: 2%=0.7152184844017029, 5%=0.7191988229751587, 10%=0.7235903143882751, 25%=0.7297725677490234, 50%=0.7387886047363281, 75%=0.7507405281066895, 90%=0.7614738941192627, 95%=0.7659999132156372, 98%=0.7751532793045044
ranking_best_algo: Tabu
ranking_best_score: 0.7601875690625
ranking_my_rank: 12/504 (97.8%)
ranking_my_percent: 97.81746031746032
