ConfigName: krbf__advnormalizedfitness__M3__L12__eps0p033__g0p01__ds0p3__dm0p3
Problem: QUBO
Kernel: rbf
Advantage: normalizedfitness
M: 3
lambda: 12
epsilon_svgd: 0.033
gamma: 0.01
decay_start_ratio: 0.3
decay_min_factor: 0.3
bandwith_kernel: None
no_interact: False
avg_score: -2327.340087890625
median_score: -2322.0
std_score: 156.40206909179688
percentiles: 2%=-2592.159912109375, 5%=-2573.550048828125, 10%=-2546.0, 25%=-2455.5, 50%=-2322.0, 75%=-2218.5, 90%=-2107.60009765625, 95%=-2080.60009765625, 98%=-2057.8798828125
ranking_best_algo: SVM1MetaModelLogNormal
ranking_best_score: 2605.14
ranking_my_rank: 146/504 (71.2%)
ranking_my_percent: 71.23015873015873
