ConfigName: kjsd__advperagentrankweighted__M3__L20__eps0p007__g0p003__ds0p05__dm0p1
Problem: QUBO
Kernel: jsd
Advantage: peragentrankweighted
M: 3
lambda: 20
epsilon_svgd: 0.007
gamma: 0.003
decay_start_ratio: 0.05
decay_min_factor: 0.1
bandwith_kernel: None
no_interact: False
avg_score: -1124.06005859375
median_score: -1115.5
std_score: 73.16267395019531
percentiles: 2%=-1261.1199951171875, 5%=-1236.4000244140625, 10%=-1223.300048828125, 25%=-1177.5, 50%=-1115.5, 75%=-1075.75, 90%=-1024.800048828125, 95%=-1008.7999877929688, 98%=-991.9600219726562
ranking_best_algo: SVMMetaModelLogNormal
ranking_best_score: 1233.7999999999997
ranking_my_rank: 101/504 (80.2%)
ranking_my_percent: 80.15873015873017
