ConfigName: krbf__advnormalizedfitness__M4__L10__eps0p025__g0p005__ds0p05__dm0p05
Problem: NK
Kernel: rbf
Advantage: normalizedfitness
M: 4
lambda: 10
epsilon_svgd: 0.025
gamma: 0.005
decay_start_ratio: 0.05
decay_min_factor: 0.05
bandwith_kernel: None
no_interact: False
avg_score: 0.7106881737709045
median_score: 0.7116659879684448
std_score: 0.015208625234663486
percentiles: 2%=0.6718295812606812, 5%=0.6737150549888611, 10%=0.6972772479057312, 25%=0.7078518271446228, 50%=0.7116659879684448, 75%=0.7193942666053772, 90%=0.7254721522331238, 95%=0.7321121096611023, 98%=0.732830822467804
ranking_best_algo: CMApara
ranking_best_score: 0.707475975
ranking_my_rank: 1/504 (100.0%)
ranking_my_percent: 100.0
