ConfigName: kfr__advglobalrankweighted__M2__L7__eps0p02__g0p003__ds0p01__dm0p01
Problem: QUBO
Kernel: fr
Advantage: globalrankweighted
M: 2
lambda: 7
epsilon_svgd: 0.02
gamma: 0.003
decay_start_ratio: 0.01
decay_min_factor: 0.01
bandwith_kernel: None
no_interact: False
avg_score: -301.20001220703125
median_score: -296.0
std_score: 40.915035247802734
percentiles: 2%=-392.0799865722656, 5%=-386.1000061035156, 10%=-351.1999816894531, 25%=-328.5, 50%=-296.0, 75%=-268.0, 90%=-257.0, 95%=-251.90000915527344, 98%=-244.7799530029297
ranking_best_algo: CMApara
ranking_best_score: 319.29999999999995
ranking_my_rank: 222/504 (56.2%)
ranking_my_percent: 56.15079365079365
