ConfigName: krbf__advnormalizedfitness__M4__L10__eps0p033__g0p007__ds0p15__dm0p3
Problem: QUBO
Kernel: rbf
Advantage: normalizedfitness
M: 4
lambda: 10
epsilon_svgd: 0.033
gamma: 0.007
decay_start_ratio: 0.15
decay_min_factor: 0.3
bandwith_kernel: None
no_interact: False
avg_score: -440.67999267578125
median_score: -443.5
std_score: 24.695295333862305
percentiles: 2%=-489.0, 5%=-475.29998779296875, 10%=-472.0, 25%=-457.0, 50%=-443.5, 75%=-420.0, 90%=-409.0, 95%=-399.8500061035156, 98%=-391.97998046875
ranking_best_algo: CMApara
ranking_best_score: 453.82
ranking_my_rank: 12/504 (97.8%)
ranking_my_percent: 97.81746031746032
