ConfigName: krbf__advnormalizedfitness__M4__L10__eps0p03__g0p01__ds0p15__dm0p05
Problem: NK
Kernel: rbf
Advantage: normalizedfitness
M: 4
lambda: 10
epsilon_svgd: 0.03
gamma: 0.01
decay_start_ratio: 0.15
decay_min_factor: 0.05
bandwith_kernel: None
no_interact: False
avg_score: 0.6771808862686157
median_score: 0.6739848256111145
std_score: 0.021163929253816605
percentiles: 2%=0.6385533809661865, 5%=0.6421416997909546, 10%=0.6535974740982056, 25%=0.663123607635498, 50%=0.6739848256111145, 75%=0.6904627680778503, 90%=0.7056781053543091, 95%=0.7095832228660583, 98%=0.7205852270126343
ranking_best_algo: Tabu
ranking_best_score: 0.7429702712499999
ranking_my_rank: 306/504 (39.5%)
ranking_my_percent: 39.48412698412698
