ConfigName: kjsd__advperagentrankweighted__M3__L16__eps0p007__g0p003__ds0p2__dm0p2
Problem: NK
Kernel: jsd
Advantage: peragentrankweighted
M: 3
lambda: 16
epsilon_svgd: 0.007
gamma: 0.003
decay_start_ratio: 0.2
decay_min_factor: 0.2
bandwith_kernel: None
no_interact: False
avg_score: 0.7174715399742126
median_score: 0.716178297996521
std_score: 0.015022327192127705
percentiles: 2%=0.6915014386177063, 5%=0.6934099197387695, 10%=0.6968207955360413, 25%=0.7060640454292297, 50%=0.716178297996521, 75%=0.7294151782989502, 90%=0.7377342581748962, 95%=0.7453824281692505, 98%=0.747056245803833
ranking_best_algo: PBIL
ranking_best_score: 0.733570253046875
ranking_my_rank: 56/504 (89.1%)
ranking_my_percent: 89.08730158730158
