ConfigName: krbf__advnormalizedfitness__M2__L8__eps0p025__g0p015__ds0p3__dm0p01
Problem: QUBO
Kernel: rbf
Advantage: normalizedfitness
M: 2
lambda: 8
epsilon_svgd: 0.025
gamma: 0.015
decay_start_ratio: 0.3
decay_min_factor: 0.01
bandwith_kernel: None
no_interact: False
avg_score: -307.55999755859375
median_score: -310.0
std_score: 37.97165298461914
percentiles: 2%=-386.0799865722656, 5%=-378.20001220703125, 10%=-359.20001220703125, 25%=-332.0, 50%=-310.0, 75%=-274.75, 90%=-265.79998779296875, 95%=-257.95001220703125, 98%=-251.89999389648438
ranking_best_algo: CMApara
ranking_best_score: 319.29999999999995
ranking_my_rank: 96/504 (81.2%)
ranking_my_percent: 81.15079365079364
