ConfigName: krbf__advnormalizedfitness__M3__L8__eps0p033__g0p005__ds0p3__dm0p3
Problem: QUBO
Kernel: rbf
Advantage: normalizedfitness
M: 3
lambda: 8
epsilon_svgd: 0.033
gamma: 0.005
decay_start_ratio: 0.3
decay_min_factor: 0.3
bandwith_kernel: None
no_interact: False
avg_score: -3212.580078125
median_score: -3208.0
std_score: 142.1985321044922
percentiles: 2%=-3547.60009765625, 5%=-3456.300048828125, 10%=-3392.10009765625, 25%=-3299.75, 50%=-3208.0, 75%=-3104.5, 90%=-3053.900146484375, 95%=-2993.5, 98%=-2941.820068359375
ranking_best_algo: RLSOnePlusOne
ranking_best_score: 3316.5199999999995
ranking_my_rank: 48/504 (90.7%)
ranking_my_percent: 90.67460317460318
