ConfigName: krbf__advnormalizedfitness__M4__L8__eps0p033__g0p005__ds0p15__dm0p01
Problem: QUBO
Kernel: rbf
Advantage: normalizedfitness
M: 4
lambda: 8
epsilon_svgd: 0.033
gamma: 0.005
decay_start_ratio: 0.15
decay_min_factor: 0.01
bandwith_kernel: None
no_interact: False
avg_score: -139.97999572753906
median_score: -141.0
std_score: 10.855395317077637
percentiles: 2%=-159.0, 5%=-158.0500030517578, 10%=-156.0, 25%=-146.25, 50%=-141.0, 75%=-132.0, 90%=-127.0, 95%=-124.7500228881836, 98%=-116.91998291015625
ranking_best_algo: DiscreteDE
ranking_best_score: 143.4
ranking_my_rank: 80/504 (84.3%)
ranking_my_percent: 84.32539682539682
