ConfigName: krbf__advnormalizedfitness__M3__L10__eps0p025__g0p005__ds0p05__dm0p05
Problem: NK
Kernel: rbf
Advantage: normalizedfitness
M: 3
lambda: 10
epsilon_svgd: 0.025
gamma: 0.005
decay_start_ratio: 0.05
decay_min_factor: 0.05
bandwith_kernel: None
no_interact: False
avg_score: 0.7102214694023132
median_score: 0.7111692428588867
std_score: 0.01550249196588993
percentiles: 2%=0.6703952550888062, 5%=0.6721693277359009, 10%=0.6967825293540955, 25%=0.7073038220405579, 50%=0.7111692428588867, 75%=0.7188851237297058, 90%=0.7254165410995483, 95%=0.732072114944458, 98%=0.7332674860954285
ranking_best_algo: CMApara
ranking_best_score: 0.707475975
ranking_my_rank: 1/504 (100.0%)
ranking_my_percent: 100.0
