ConfigName: kjsd__advperagentrankweighted__M4__L12__eps0p03__g0p0005__ds0p2__dm0p05
Problem: QUBO
Kernel: jsd
Advantage: peragentrankweighted
M: 4
lambda: 12
epsilon_svgd: 0.03
gamma: 0.0005
decay_start_ratio: 0.2
decay_min_factor: 0.05
bandwith_kernel: None
no_interact: False
avg_score: -407.2799987792969
median_score: -409.0
std_score: 27.949983596801758
percentiles: 2%=-461.239990234375, 5%=-450.04998779296875, 10%=-444.0, 25%=-425.0, 50%=-409.0, 75%=-387.0, 90%=-375.79998779296875, 95%=-362.0, 98%=-349.7200012207031
ranking_best_algo: Tabu
ranking_best_score: 438.12
ranking_my_rank: 160/504 (68.5%)
ranking_my_percent: 68.45238095238095
