ConfigName: krbf__advnormalizedfitness__M2__L8__eps0p033__g0p01__ds0p3__dm0p3
Problem: QUBO
Kernel: rbf
Advantage: normalizedfitness
M: 2
lambda: 8
epsilon_svgd: 0.033
gamma: 0.01
decay_start_ratio: 0.3
decay_min_factor: 0.3
bandwith_kernel: None
no_interact: False
avg_score: -2545.10009765625
median_score: -2547.0
std_score: 111.19869995117188
percentiles: 2%=-2775.780029296875, 5%=-2726.14990234375, 10%=-2695.89990234375, 25%=-2616.0, 50%=-2547.0, 75%=-2475.0, 90%=-2415.699951171875, 95%=-2376.89990234375, 98%=-2325.43994140625
ranking_best_algo: SVM1MetaModelLogNormal
ranking_best_score: 2605.14
ranking_my_rank: 42/504 (91.9%)
ranking_my_percent: 91.86507936507937
