ConfigName: kjsd__advperagentrankweighted__M6__L10__eps0p02__g0p0007__ds0p05__dm0p05
Problem: NK
Kernel: jsd
Advantage: peragentrankweighted
M: 6
lambda: 10
epsilon_svgd: 0.02
gamma: 0.0007
decay_start_ratio: 0.05
decay_min_factor: 0.05
bandwith_kernel: None
no_interact: False
avg_score: 0.7118634581565857
median_score: 0.7112529873847961
std_score: 0.006414946634322405
percentiles: 2%=0.7007521390914917, 5%=0.7027295827865601, 10%=0.7039074897766113, 25%=0.7065235376358032, 50%=0.7112529873847961, 75%=0.716231107711792, 90%=0.7199334502220154, 95%=0.7222781777381897, 98%=0.722926139831543
ranking_best_algo: PBIL
ranking_best_score: 0.7170882103515624
ranking_my_rank: 42/504 (91.9%)
ranking_my_percent: 91.86507936507937
