ConfigName: kjsd__advperagentrankweighted__M3__L20__eps0p007__g0p001__ds0p1__dm0p1
Problem: QUBO
Kernel: jsd
Advantage: peragentrankweighted
M: 3
lambda: 20
epsilon_svgd: 0.007
gamma: 0.001
decay_start_ratio: 0.1
decay_min_factor: 0.1
bandwith_kernel: None
no_interact: False
avg_score: -414.2799987792969
median_score: -414.0
std_score: 26.56316375732422
percentiles: 2%=-473.0, 5%=-465.1000061035156, 10%=-447.3999938964844, 25%=-432.25, 50%=-414.0, 75%=-394.0, 90%=-378.0, 95%=-374.0, 98%=-367.9599914550781
ranking_best_algo: Tabu
ranking_best_score: 438.12
ranking_my_rank: 57/504 (88.9%)
ranking_my_percent: 88.88888888888889
