ConfigName: kjsd__advperagentrankweighted__M3__L16__eps0p007__g0p003__ds0p2__dm0p1
Problem: QUBO
Kernel: jsd
Advantage: peragentrankweighted
M: 3
lambda: 16
epsilon_svgd: 0.007
gamma: 0.003
decay_start_ratio: 0.2
decay_min_factor: 0.1
bandwith_kernel: None
no_interact: False
avg_score: -414.5199890136719
median_score: -414.0
std_score: 26.156635284423828
percentiles: 2%=-473.0799865722656, 5%=-455.1000061035156, 10%=-451.1000061035156, 25%=-430.0, 50%=-414.0, 75%=-398.0, 90%=-382.0, 95%=-372.0, 98%=-363.8399963378906
ranking_best_algo: Tabu
ranking_best_score: 438.12
ranking_my_rank: 52/504 (89.9%)
ranking_my_percent: 89.88095238095238
