ConfigName: krbf__advglobalrankweighted__M4__L10__eps0p01__g0p005__ds0p01__dm0p01
Problem: QUBO
Kernel: rbf
Advantage: globalrankweighted
M: 4
lambda: 10
epsilon_svgd: 0.01
gamma: 0.005
decay_start_ratio: 0.01
decay_min_factor: 0.01
bandwith_kernel: None
no_interact: False
avg_score: -328.4800109863281
median_score: -334.0
std_score: 22.9488468170166
percentiles: 2%=-372.0, 5%=-368.1000061035156, 10%=-354.0, 25%=-343.0, 50%=-334.0, 75%=-311.0, 90%=-298.70001220703125, 95%=-287.9000244140625, 98%=-279.8799743652344
ranking_best_algo: CMApara
ranking_best_score: 344.22
ranking_my_rank: 83/504 (83.7%)
ranking_my_percent: 83.73015873015873
