ConfigName: kjsd__advperagentrankweighted__M5__L24__eps0p02__g0p0005__ds0p2__dm0p05
Problem: QUBO
Kernel: jsd
Advantage: peragentrankweighted
M: 5
lambda: 24
epsilon_svgd: 0.02
gamma: 0.0005
decay_start_ratio: 0.2
decay_min_factor: 0.05
bandwith_kernel: None
no_interact: False
avg_score: -441.5400085449219
median_score: -441.0
std_score: 24.32588005065918
percentiles: 2%=-492.0400085449219, 5%=-485.1000061035156, 10%=-473.1000061035156, 25%=-460.25, 50%=-441.0, 75%=-421.0, 90%=-409.0, 95%=-406.0, 98%=-403.9200134277344
ranking_best_algo: CMApara
ranking_best_score: 453.82
ranking_my_rank: 11/504 (98.0%)
ranking_my_percent: 98.01587301587301
