ConfigName: kfr__advglobalrankweighted__M4__L15__eps0p01__g0p003__ds0p01__dm0p01
Problem: QUBO
Kernel: fr
Advantage: globalrankweighted
M: 4
lambda: 15
epsilon_svgd: 0.01
gamma: 0.003
decay_start_ratio: 0.01
decay_min_factor: 0.01
bandwith_kernel: None
no_interact: False
avg_score: -3111.0400390625
median_score: -3100.5
std_score: 138.81109619140625
percentiles: 2%=-3385.840087890625, 5%=-3375.14990234375, 10%=-3304.60009765625, 25%=-3199.75, 50%=-3100.5, 75%=-3023.75, 90%=-2956.39990234375, 95%=-2877.449951171875, 98%=-2842.699951171875
ranking_best_algo: RLSOnePlusOne
ranking_best_score: 3316.5199999999995
ranking_my_rank: 80/504 (84.3%)
ranking_my_percent: 84.32539682539682
