ConfigName: kjsd__advperagentrankweighted__M3__L30__eps0p007__g0p0005__ds0p05__dm0p2
Problem: NK
Kernel: jsd
Advantage: peragentrankweighted
M: 3
lambda: 30
epsilon_svgd: 0.007
gamma: 0.0005
decay_start_ratio: 0.05
decay_min_factor: 0.2
bandwith_kernel: None
no_interact: False
avg_score: 0.7112914323806763
median_score: 0.6994725465774536
std_score: 0.03133705258369446
percentiles: 2%=0.673699140548706, 5%=0.6751484870910645, 10%=0.6788222193717957, 25%=0.6824496388435364, 50%=0.6994725465774536, 75%=0.7463922500610352, 90%=0.7532674670219421, 95%=0.7613165378570557, 98%=0.7613165378570557
ranking_best_algo: CMApara
ranking_best_score: 0.7118996098437498
ranking_my_rank: 2/504 (99.8%)
ranking_my_percent: 99.8015873015873
