ConfigName: krbf__advnormalizedfitness__M3__L8__eps0p015__g0p005__ds0p15__dm0p01
Problem: NK
Kernel: rbf
Advantage: normalizedfitness
M: 3
lambda: 8
epsilon_svgd: 0.015
gamma: 0.005
decay_start_ratio: 0.15
decay_min_factor: 0.01
bandwith_kernel: None
no_interact: False
avg_score: 0.7410335540771484
median_score: 0.7410305142402649
std_score: 0.014548057690262794
percentiles: 2%=0.7149952054023743, 5%=0.7181268930435181, 10%=0.7224501371383667, 25%=0.732194721698761, 50%=0.7410305142402649, 75%=0.750450611114502, 90%=0.7587183713912964, 95%=0.7661035060882568, 98%=0.7713427543640137
ranking_best_algo: Tabu
ranking_best_score: 0.7601875690625
ranking_my_rank: 12/504 (97.8%)
ranking_my_percent: 97.81746031746032
