ConfigName: kjsd__advperagentrankweighted__M8__L24__eps0p008__g0p0005__ds0p05__dm0p05
Problem: QUBO
Kernel: jsd
Advantage: peragentrankweighted
M: 8
lambda: 24
epsilon_svgd: 0.008
gamma: 0.0005
decay_start_ratio: 0.05
decay_min_factor: 0.05
bandwith_kernel: None
no_interact: False
avg_score: -1442.5999755859375
median_score: -1441.5
std_score: 100.47895812988281
percentiles: 2%=-1664.219970703125, 5%=-1598.050048828125, 10%=-1572.5, 25%=-1511.0, 50%=-1441.5, 75%=-1377.0, 90%=-1304.9000244140625, 95%=-1284.800048828125, 98%=-1268.6800537109375
ranking_best_algo: NLOPT_LN_PRAXIS
ranking_best_score: 1607.12
ranking_my_rank: 90/504 (82.3%)
ranking_my_percent: 82.34126984126983
