ConfigName: kjsd__advperagentrankweighted__M6__L28__eps0p005__g0p0005__ds0p3__dm0p05
Problem: QUBO
Kernel: jsd
Advantage: peragentrankweighted
M: 6
lambda: 28
epsilon_svgd: 0.005
gamma: 0.0005
decay_start_ratio: 0.3
decay_min_factor: 0.05
bandwith_kernel: None
no_interact: False
avg_score: -139.5
median_score: -141.0
std_score: 10.25231647491455
percentiles: 2%=-158.0399932861328, 5%=-155.0500030517578, 10%=-151.10000610351562, 25%=-146.25, 50%=-141.0, 75%=-130.75, 90%=-126.9000015258789, 95%=-122.9000015258789, 98%=-118.9800033569336
ranking_best_algo: DiscreteDE
ranking_best_score: 143.4
ranking_my_rank: 85/504 (83.3%)
ranking_my_percent: 83.33333333333333
