ConfigName: kjsd__advperagentrankweighted__M4__L24__eps0p005__g0p0003__ds0p4__dm0p05
Problem: NK
Kernel: jsd
Advantage: peragentrankweighted
M: 4
lambda: 24
epsilon_svgd: 0.005
gamma: 0.0003
decay_start_ratio: 0.4
decay_min_factor: 0.05
bandwith_kernel: None
no_interact: False
avg_score: 0.7118442058563232
median_score: 0.7117999196052551
std_score: 0.007978220470249653
percentiles: 2%=0.6954882740974426, 5%=0.6984630227088928, 10%=0.7021474242210388, 25%=0.7062329649925232, 50%=0.7117999196052551, 75%=0.7167545557022095, 90%=0.722664475440979, 95%=0.7245269417762756, 98%=0.7262028455734253
ranking_best_algo: PBIL
ranking_best_score: 0.7170882103515624
ranking_my_rank: 42/504 (91.9%)
ranking_my_percent: 91.86507936507937
