ConfigName: kfr__advglobalrankweighted__M5__L8__eps0p015__g0p003__ds0p01__dm0p01
Problem: QUBO
Kernel: fr
Advantage: globalrankweighted
M: 5
lambda: 8
epsilon_svgd: 0.015
gamma: 0.003
decay_start_ratio: 0.01
decay_min_factor: 0.01
bandwith_kernel: None
no_interact: False
avg_score: -139.6199951171875
median_score: -141.5
std_score: 11.354981422424316
percentiles: 2%=-160.0, 5%=-158.0500030517578, 10%=-156.0, 25%=-147.0, 50%=-141.5, 75%=-130.0, 90%=-124.9000015258789, 95%=-120.90000915527344, 98%=-116.93998718261719
ranking_best_algo: DiscreteDE
ranking_best_score: 143.4
ranking_my_rank: 83/504 (83.7%)
ranking_my_percent: 83.73015873015873
