ConfigName: kjsd__advperagentrankweighted__M3__L30__eps0p007__g0p0005__ds0p2__dm0p2
Problem: NK
Kernel: jsd
Advantage: peragentrankweighted
M: 3
lambda: 30
epsilon_svgd: 0.007
gamma: 0.0005
decay_start_ratio: 0.2
decay_min_factor: 0.2
bandwith_kernel: None
no_interact: False
avg_score: 0.7327276468276978
median_score: 0.7337989211082458
std_score: 0.009346495382487774
percentiles: 2%=0.7126950621604919, 5%=0.7145205736160278, 10%=0.7214488983154297, 25%=0.7266052961349487, 50%=0.7337989211082458, 75%=0.7381190061569214, 90%=0.7442678213119507, 95%=0.7485355734825134, 98%=0.7511720657348633
ranking_best_algo: Tabu
ranking_best_score: 0.7429702712499999
ranking_my_rank: 2/504 (99.8%)
ranking_my_percent: 99.8015873015873
