ConfigName: kfr__advglobalrankweighted__M6__L9__eps0p01__g0p007__ds0p01__dm0p01
Problem: QUBO
Kernel: fr
Advantage: globalrankweighted
M: 6
lambda: 9
epsilon_svgd: 0.01
gamma: 0.007
decay_start_ratio: 0.01
decay_min_factor: 0.01
bandwith_kernel: None
no_interact: False
avg_score: -383.8999938964844
median_score: -379.0
std_score: 33.44413375854492
percentiles: 2%=-449.1600036621094, 5%=-443.0, 10%=-434.29998779296875, 25%=-407.25, 50%=-379.0, 75%=-362.0, 90%=-340.0, 95%=-335.95001220703125, 98%=-321.97998046875
ranking_best_algo: CMAL3
ranking_best_score: 435.36
ranking_my_rank: 288/504 (43.1%)
ranking_my_percent: 43.05555555555556
