ConfigName: kjsd__advperagentrankweighted__M3__L20__eps0p005__g0p003__ds0p05__dm0p1
Problem: NK
Kernel: jsd
Advantage: peragentrankweighted
M: 3
lambda: 20
epsilon_svgd: 0.005
gamma: 0.003
decay_start_ratio: 0.05
decay_min_factor: 0.1
bandwith_kernel: None
no_interact: False
avg_score: 0.6967529058456421
median_score: 0.6971168518066406
std_score: 0.01644796133041382
percentiles: 2%=0.6642735004425049, 5%=0.666993260383606, 10%=0.6734049320220947, 25%=0.6864510178565979, 50%=0.6971168518066406, 75%=0.7073466181755066, 90%=0.7183678150177002, 95%=0.7203332185745239, 98%=0.7302541136741638
ranking_best_algo: PBIL
ranking_best_score: 0.733570253046875
ranking_my_rank: 167/504 (67.1%)
ranking_my_percent: 67.06349206349206
