ConfigName: krbf__advnormalizedfitness__M1__L8__eps0p033__g0p01__ds0p01__dm0p01
Problem: QUBO
Kernel: rbf
Advantage: normalizedfitness
M: 1
lambda: 8
epsilon_svgd: 0.033
gamma: 0.01
decay_start_ratio: 0.01
decay_min_factor: 0.01
bandwith_kernel: None
no_interact: False
avg_score: -133.4199981689453
median_score: -134.0
std_score: 13.973675727844238
percentiles: 2%=-158.0, 5%=-155.0, 10%=-151.1999969482422, 25%=-144.25, 50%=-134.0, 75%=-123.0, 90%=-116.70000457763672, 95%=-108.80001831054688, 98%=-102.95999145507812
ranking_best_algo: DiscreteDE
ranking_best_score: 143.4
ranking_my_rank: 311/504 (38.5%)
ranking_my_percent: 38.492063492063494
