ConfigName: krbf__advnormalizedfitness__M1__L8__eps0p033__g0p015__ds0p3__dm0p3
Problem: NK
Kernel: rbf
Advantage: normalizedfitness
M: 1
lambda: 8
epsilon_svgd: 0.033
gamma: 0.015
decay_start_ratio: 0.3
decay_min_factor: 0.3
bandwith_kernel: None
no_interact: False
avg_score: 0.7029987573623657
median_score: 0.7056621313095093
std_score: 0.011417163535952568
percentiles: 2%=0.6819627285003662, 5%=0.683861494064331, 10%=0.6887911558151245, 25%=0.692546546459198, 50%=0.7056621313095093, 75%=0.7130374908447266, 90%=0.7165068984031677, 95%=0.7182847261428833, 98%=0.720527172088623
ranking_best_algo: PBIL
ranking_best_score: 0.7013553837109374
ranking_my_rank: 1/504 (100.0%)
ranking_my_percent: 100.0
