ConfigName: kjsd__advperagentrankweighted__M5__L10__eps0p01__g0p0007__ds0p4__dm0p05
Problem: QUBO
Kernel: jsd
Advantage: peragentrankweighted
M: 5
lambda: 10
epsilon_svgd: 0.01
gamma: 0.0007
decay_start_ratio: 0.4
decay_min_factor: 0.05
bandwith_kernel: None
no_interact: False
avg_score: -913.1599731445312
median_score: -915.5
std_score: 60.351585388183594
percentiles: 2%=-1042.0, 5%=-1004.9500122070312, 10%=-991.0999755859375, 25%=-957.25, 50%=-915.5, 75%=-873.5, 90%=-828.7999877929688, 95%=-817.7999877929688, 98%=-794.780029296875
ranking_best_algo: CMAL3
ranking_best_score: 928.5800000000002
ranking_my_rank: 18/504 (96.6%)
ranking_my_percent: 96.62698412698413
