ConfigName: kjsd__advperagentrankweighted__M4__L24__eps0p01__g0p0005__ds1__dm1
Problem: QUBO
Kernel: jsd
Advantage: peragentrankweighted
M: 4
lambda: 24
epsilon_svgd: 0.01
gamma: 0.0005
decay_start_ratio: 1.0
decay_min_factor: 1.0
bandwith_kernel: None
no_interact: False
avg_score: -442.4800109863281
median_score: -445.5
std_score: 26.04245948791504
percentiles: 2%=-492.0799865722656, 5%=-481.0, 10%=-475.0, 25%=-464.0, 50%=-445.5, 75%=-423.0, 90%=-405.0, 95%=-401.95001220703125, 98%=-391.8999938964844
ranking_best_algo: CMApara
ranking_best_score: 453.82
ranking_my_rank: 9/504 (98.4%)
ranking_my_percent: 98.41269841269842
