ConfigName: kjsd__advperagentrankweighted__M3__L18__eps0p01__g0p0005__ds0p1__dm0p05
Problem: QUBO
Kernel: jsd
Advantage: peragentrankweighted
M: 3
lambda: 18
epsilon_svgd: 0.01
gamma: 0.0005
decay_start_ratio: 0.1
decay_min_factor: 0.05
bandwith_kernel: None
no_interact: False
avg_score: -3312.9599609375
median_score: -3303.0
std_score: 108.46842193603516
percentiles: 2%=-3532.52001953125, 5%=-3504.10009765625, 10%=-3450.39990234375, 25%=-3394.0, 50%=-3303.0, 75%=-3242.75, 90%=-3181.39990234375, 95%=-3137.60009765625, 98%=-3098.860107421875
ranking_best_algo: RLSOnePlusOne
ranking_best_score: 3316.5199999999995
ranking_my_rank: 2/504 (99.8%)
ranking_my_percent: 99.8015873015873
