ConfigName: kjsd__advperagentrankweighted__M5__L10__eps0p005__g0p0007__ds0p2__dm0p05
Problem: QUBO
Kernel: jsd
Advantage: peragentrankweighted
M: 5
lambda: 10
epsilon_svgd: 0.005
gamma: 0.0007
decay_start_ratio: 0.2
decay_min_factor: 0.05
bandwith_kernel: None
no_interact: False
avg_score: -426.2200012207031
median_score: -426.5
std_score: 27.86236572265625
percentiles: 2%=-479.0799865722656, 5%=-473.29998779296875, 10%=-465.20001220703125, 25%=-443.0, 50%=-426.5, 75%=-407.75, 90%=-391.79998779296875, 95%=-385.95001220703125, 98%=-358.9800109863281
ranking_best_algo: CMAL3
ranking_best_score: 435.36
ranking_my_rank: 23/504 (95.6%)
ranking_my_percent: 95.63492063492063
