ConfigName: kjsd__advperagentrankweighted__M3__L16__eps0p01__g0p0007__ds0p1__dm0p2
Problem: NK
Kernel: jsd
Advantage: peragentrankweighted
M: 3
lambda: 16
epsilon_svgd: 0.01
gamma: 0.0007
decay_start_ratio: 0.1
decay_min_factor: 0.2
bandwith_kernel: None
no_interact: False
avg_score: 0.7350828647613525
median_score: 0.7367291450500488
std_score: 0.009360117837786674
percentiles: 2%=0.7154908180236816, 5%=0.7190788984298706, 10%=0.722576916217804, 25%=0.7281892895698547, 50%=0.7367291450500488, 75%=0.7413347363471985, 90%=0.7470058798789978, 95%=0.7486068606376648, 98%=0.7502318024635315
ranking_best_algo: PBIL
ranking_best_score: 0.730509098125
ranking_my_rank: 1/504 (100.0%)
ranking_my_percent: 100.0
