ConfigName: kjsd__advperagentrankweighted__M3__L20__eps0p005__g0p001__ds0p1__dm0p2
Problem: QUBO
Kernel: jsd
Advantage: peragentrankweighted
M: 3
lambda: 20
epsilon_svgd: 0.005
gamma: 0.001
decay_start_ratio: 0.1
decay_min_factor: 0.2
bandwith_kernel: None
no_interact: False
avg_score: -1286.6800537109375
median_score: -1283.0
std_score: 58.70092010498047
percentiles: 2%=-1415.1199951171875, 5%=-1399.199951171875, 10%=-1372.300048828125, 25%=-1324.0, 50%=-1283.0, 75%=-1243.75, 90%=-1222.9000244140625, 95%=-1210.699951171875, 98%=-1174.780029296875
ranking_best_algo: BigLognormalDiscreteOnePlusOne
ranking_best_score: 1301.3600000000004
ranking_my_rank: 4/504 (99.4%)
ranking_my_percent: 99.4047619047619
