ConfigName: krbf__advnormalizedfitness__M3__L10__eps0p025__g0p015__ds0p15__dm0p3
Problem: QUBO
Kernel: rbf
Advantage: normalizedfitness
M: 3
lambda: 10
epsilon_svgd: 0.025
gamma: 0.015
decay_start_ratio: 0.15
decay_min_factor: 0.3
bandwith_kernel: None
no_interact: False
avg_score: -896.739990234375
median_score: -889.5
std_score: 79.22545623779297
percentiles: 2%=-1062.0799560546875, 5%=-1034.4000244140625, 10%=-1011.5999755859375, 25%=-952.75, 50%=-889.5, 75%=-847.5, 90%=-800.7999877929688, 95%=-759.75, 98%=-736.8800048828125
ranking_best_algo: CMApara
ranking_best_score: 964.9
ranking_my_rank: 158/504 (68.8%)
ranking_my_percent: 68.84920634920636
