ConfigName: krbf__advnormalizedfitness__M2__L10__eps0p02__g0p005__ds0p01__dm0p01
Problem: QUBO
Kernel: rbf
Advantage: normalizedfitness
M: 2
lambda: 10
epsilon_svgd: 0.02
gamma: 0.005
decay_start_ratio: 0.01
decay_min_factor: 0.01
bandwith_kernel: None
no_interact: False
avg_score: -1229.6600341796875
median_score: -1235.5
std_score: 64.96294403076172
percentiles: 2%=-1340.4599609375, 5%=-1320.4000244140625, 10%=-1309.199951171875, 25%=-1273.0, 50%=-1235.5, 75%=-1190.0, 90%=-1134.5999755859375, 95%=-1120.9000244140625, 98%=-1090.9200439453125
ranking_best_algo: SVMMetaModelLogNormal
ranking_best_score: 1233.7999999999997
ranking_my_rank: 12/504 (97.8%)
ranking_my_percent: 97.81746031746032
