ConfigName: krbf__advnormalizedfitness__M3__L15__eps0p015__g0p01__ds0p3__dm0p01
Problem: NK
Kernel: rbf
Advantage: normalizedfitness
M: 3
lambda: 15
epsilon_svgd: 0.015
gamma: 0.01
decay_start_ratio: 0.3
decay_min_factor: 0.01
bandwith_kernel: None
no_interact: False
avg_score: 0.6797266602516174
median_score: 0.6780356764793396
std_score: 0.020655032247304916
percentiles: 2%=0.6440184116363525, 5%=0.6496795415878296, 10%=0.6543623805046082, 25%=0.6630058884620667, 50%=0.6780356764793396, 75%=0.694853663444519, 90%=0.706868588924408, 95%=0.7151125073432922, 98%=0.7208632826805115
ranking_best_algo: Tabu
ranking_best_score: 0.7601875690625
ranking_my_rank: 322/504 (36.3%)
ranking_my_percent: 36.30952380952381
