ConfigName: krbf__advnormalizedfitness__M2__L8__eps0p033__g0p01__ds0p3__dm0p01
Problem: QUBO
Kernel: rbf
Advantage: normalizedfitness
M: 2
lambda: 8
epsilon_svgd: 0.033
gamma: 0.01
decay_start_ratio: 0.3
decay_min_factor: 0.01
bandwith_kernel: None
no_interact: False
avg_score: -419.760009765625
median_score: -416.5
std_score: 29.469009399414062
percentiles: 2%=-475.0400085449219, 5%=-473.0, 10%=-463.3999938964844, 25%=-436.0, 50%=-416.5, 75%=-401.75, 90%=-381.8999938964844, 95%=-374.8999938964844, 98%=-360.0
ranking_best_algo: CMAL3
ranking_best_score: 435.36
ranking_my_rank: 92/504 (81.9%)
ranking_my_percent: 81.94444444444444
