ConfigName: krbf__advnormalizedfitness__M4__L12__eps0p015__g0p007__ds0p15__dm0p01
Problem: QUBO
Kernel: rbf
Advantage: normalizedfitness
M: 4
lambda: 12
epsilon_svgd: 0.015
gamma: 0.007
decay_start_ratio: 0.15
decay_min_factor: 0.01
bandwith_kernel: None
no_interact: False
avg_score: -547.4000244140625
median_score: -545.5
std_score: 39.976993560791016
percentiles: 2%=-615.0399780273438, 5%=-612.0999755859375, 10%=-601.2000122070312, 25%=-579.25, 50%=-545.5, 75%=-523.75, 90%=-489.0, 95%=-479.95001220703125, 98%=-461.8599853515625
ranking_best_algo: Tabu
ranking_best_score: 588.7199999999999
ranking_my_rank: 154/503 (69.6%)
ranking_my_percent: 69.58250497017893
