ConfigName: kfr__advglobalrankweighted__M6__L9__eps0p02__g0p007__ds0p01__dm0p01
Problem: QUBO
Kernel: fr
Advantage: globalrankweighted
M: 6
lambda: 9
epsilon_svgd: 0.02
gamma: 0.007
decay_start_ratio: 0.01
decay_min_factor: 0.01
bandwith_kernel: None
no_interact: False
avg_score: -418.79998779296875
median_score: -415.5
std_score: 29.011032104492188
percentiles: 2%=-477.0400085449219, 5%=-471.1000061035156, 10%=-461.1000061035156, 25%=-435.75, 50%=-415.5, 75%=-399.5, 90%=-382.8999938964844, 95%=-371.70001220703125, 98%=-359.8799743652344
ranking_best_algo: CMAL3
ranking_best_score: 435.36
ranking_my_rank: 95/504 (81.3%)
ranking_my_percent: 81.34920634920636
