ConfigName: kfr__advglobalrankweighted__M4__L12__eps0p01__g0p003__ds0p01__dm0p01
Problem: QUBO
Kernel: fr
Advantage: globalrankweighted
M: 4
lambda: 12
epsilon_svgd: 0.01
gamma: 0.003
decay_start_ratio: 0.01
decay_min_factor: 0.01
bandwith_kernel: None
no_interact: False
avg_score: -1181.239990234375
median_score: -1178.5
std_score: 66.5696792602539
percentiles: 2%=-1336.52001953125, 5%=-1278.0999755859375, 10%=-1254.699951171875, 25%=-1230.0, 50%=-1178.5, 75%=-1136.0, 90%=-1090.4000244140625, 95%=-1070.7000732421875, 98%=-1058.919921875
ranking_best_algo: SVMMetaModelLogNormal
ranking_best_score: 1233.7999999999997
ranking_my_rank: 65/504 (87.3%)
ranking_my_percent: 87.3015873015873
