ConfigName: kjsd__advperagentrankweighted__M5__L10__eps0p005__g0p0007__ds0p05__dm0p2
Problem: NK
Kernel: jsd
Advantage: peragentrankweighted
M: 5
lambda: 10
epsilon_svgd: 0.005
gamma: 0.0007
decay_start_ratio: 0.05
decay_min_factor: 0.2
bandwith_kernel: None
no_interact: False
avg_score: 0.7343642711639404
median_score: 0.7361351251602173
std_score: 0.009309951215982437
percentiles: 2%=0.7133275270462036, 5%=0.715505838394165, 10%=0.7196545004844666, 25%=0.7287786602973938, 50%=0.7361351251602173, 75%=0.7415802478790283, 90%=0.7446426749229431, 95%=0.7465605139732361, 98%=0.7482898831367493
ranking_best_algo: PBIL
ranking_best_score: 0.7248786399609374
ranking_my_rank: 1/504 (100.0%)
ranking_my_percent: 100.0
