ConfigName: krbf__advnormalizedfitness__M4__L12__eps0p033__g0p007__ds0p01__dm0p3
Problem: NK
Kernel: rbf
Advantage: normalizedfitness
M: 4
lambda: 12
epsilon_svgd: 0.033
gamma: 0.007
decay_start_ratio: 0.01
decay_min_factor: 0.3
bandwith_kernel: None
no_interact: False
avg_score: 0.7044233083724976
median_score: 0.7051066756248474
std_score: 0.012301691807806492
percentiles: 2%=0.6835482716560364, 5%=0.6857134103775024, 10%=0.6887742877006531, 25%=0.6929706931114197, 50%=0.7051066756248474, 75%=0.7154630422592163, 90%=0.7197437286376953, 95%=0.7216723561286926, 98%=0.722732663154602
ranking_best_algo: PBIL
ranking_best_score: 0.7013553837109374
ranking_my_rank: 1/504 (100.0%)
ranking_my_percent: 100.0
