ConfigName: kjsd__advperagentrankweighted__M3__L24__eps0p007__g0p001__ds0p2__dm0p1
Problem: NK
Kernel: jsd
Advantage: peragentrankweighted
M: 3
lambda: 24
epsilon_svgd: 0.007
gamma: 0.001
decay_start_ratio: 0.2
decay_min_factor: 0.1
bandwith_kernel: None
no_interact: False
avg_score: 0.731187105178833
median_score: 0.7307753562927246
std_score: 0.01043788157403469
percentiles: 2%=0.7113859057426453, 5%=0.7152560949325562, 10%=0.7194791436195374, 25%=0.7240031957626343, 50%=0.7307753562927246, 75%=0.7369856834411621, 90%=0.744844913482666, 95%=0.7485765814781189, 98%=0.7497804760932922
ranking_best_algo: Tabu
ranking_best_score: 0.7429702712499999
ranking_my_rank: 2/504 (99.8%)
ranking_my_percent: 99.8015873015873
