ConfigName: kjsd__advperagentrankweighted__M5__L8__eps0p01__g0p0005__ds0p2__dm0p05
Problem: QUBO
Kernel: jsd
Advantage: peragentrankweighted
M: 5
lambda: 8
epsilon_svgd: 0.01
gamma: 0.0005
decay_start_ratio: 0.2
decay_min_factor: 0.05
bandwith_kernel: None
no_interact: False
avg_score: -428.6199951171875
median_score: -429.0
std_score: 28.627531051635742
percentiles: 2%=-481.0, 5%=-475.20001220703125, 10%=-465.3999938964844, 25%=-447.75, 50%=-429.0, 75%=-408.75, 90%=-388.8999938964844, 95%=-379.79998779296875, 98%=-369.82000732421875
ranking_best_algo: CMAL3
ranking_best_score: 435.36
ranking_my_rank: 15/504 (97.2%)
ranking_my_percent: 97.22222222222223
