ConfigName: krbf__advnormalizedfitness__M4__L10__eps0p015__g0p007__ds0p3__dm0p3
Problem: QUBO
Kernel: rbf
Advantage: normalizedfitness
M: 4
lambda: 10
epsilon_svgd: 0.015
gamma: 0.007
decay_start_ratio: 0.3
decay_min_factor: 0.3
bandwith_kernel: None
no_interact: False
avg_score: -195.27999877929688
median_score: -197.0
std_score: 13.992912292480469
percentiles: 2%=-221.02000427246094, 5%=-217.0500030517578, 10%=-212.0, 25%=-205.0, 50%=-197.0, 75%=-187.0, 90%=-176.89999389648438, 95%=-170.0, 98%=-166.0
ranking_best_algo: Tabu
ranking_best_score: 208.36000000000004
ranking_my_rank: 212/504 (58.1%)
ranking_my_percent: 58.13492063492063
