ConfigName: kjsd__advperagentrankweighted__M5__L12__eps0p02__g0p0007__ds0p05__dm0p05
Problem: QUBO
Kernel: jsd
Advantage: peragentrankweighted
M: 5
lambda: 12
epsilon_svgd: 0.02
gamma: 0.0007
decay_start_ratio: 0.05
decay_min_factor: 0.05
bandwith_kernel: None
no_interact: False
avg_score: -416.4200134277344
median_score: -415.0
std_score: 24.626482009887695
percentiles: 2%=-469.0799865722656, 5%=-455.0, 10%=-445.20001220703125, 25%=-436.0, 50%=-415.0, 75%=-399.5, 90%=-388.0, 95%=-375.79998779296875, 98%=-366.0
ranking_best_algo: Tabu
ranking_best_score: 438.12
ranking_my_rank: 43/504 (91.7%)
ranking_my_percent: 91.66666666666667
