ConfigName: kjsd__advperagentrankweighted__M3__L16__eps0p007__g0p0007__ds0p2__dm0p05
Problem: QUBO
Kernel: jsd
Advantage: peragentrankweighted
M: 3
lambda: 16
epsilon_svgd: 0.007
gamma: 0.0007
decay_start_ratio: 0.2
decay_min_factor: 0.05
bandwith_kernel: None
no_interact: False
avg_score: -2674.739990234375
median_score: -2667.5
std_score: 118.10458374023438
percentiles: 2%=-2927.47998046875, 5%=-2891.949951171875, 10%=-2825.699951171875, 25%=-2754.0, 50%=-2667.5, 75%=-2587.5, 90%=-2533.39990234375, 95%=-2501.449951171875, 98%=-2447.9599609375
ranking_best_algo: DiscreteLengler2OnePlusOne
ranking_best_score: 2617.04
ranking_my_rank: 1/504 (100.0%)
ranking_my_percent: 100.0
