ConfigName: kjsd__advperagentrankweighted__M10__L28__eps0p008__g0p0005__ds0p05__dm0p05
Problem: QUBO
Kernel: jsd
Advantage: peragentrankweighted
M: 10
lambda: 28
epsilon_svgd: 0.008
gamma: 0.0005
decay_start_ratio: 0.05
decay_min_factor: 0.05
bandwith_kernel: None
no_interact: False
avg_score: -1057.02001953125
median_score: -1061.0
std_score: 110.55052947998047
percentiles: 2%=-1273.47998046875, 5%=-1238.0, 10%=-1199.4000244140625, 25%=-1130.0, 50%=-1061.0, 75%=-981.0, 90%=-908.9000244140625, 95%=-896.5, 98%=-857.8200073242188
ranking_best_algo: Tabu
ranking_best_score: 1216.16
ranking_my_rank: 233/504 (54.0%)
ranking_my_percent: 53.96825396825397
