ConfigName: krbf__advnormalizedfitness__M1__L8__eps0p015__g0p007__ds0p01__dm0p01
Problem: QUBO
Kernel: rbf
Advantage: normalizedfitness
M: 1
lambda: 8
epsilon_svgd: 0.015
gamma: 0.007
decay_start_ratio: 0.01
decay_min_factor: 0.01
bandwith_kernel: None
no_interact: False
avg_score: -1279.5999755859375
median_score: -1277.0
std_score: 61.03425598144531
percentiles: 2%=-1416.02001953125, 5%=-1393.050048828125, 10%=-1357.699951171875, 25%=-1316.25, 50%=-1277.0, 75%=-1235.0, 90%=-1201.699951171875, 95%=-1188.800048828125, 98%=-1169.699951171875
ranking_best_algo: BigLognormalDiscreteOnePlusOne
ranking_best_score: 1301.3600000000004
ranking_my_rank: 31/504 (94.0%)
ranking_my_percent: 94.04761904761905
