ConfigName: krbf__advnormalizedfitness__M3__L8__eps0p025__g0p01__ds0p3__dm0p01
Problem: QUBO
Kernel: rbf
Advantage: normalizedfitness
M: 3
lambda: 8
epsilon_svgd: 0.025
gamma: 0.01
decay_start_ratio: 0.3
decay_min_factor: 0.01
bandwith_kernel: None
no_interact: False
avg_score: -1265.06005859375
median_score: -1258.0
std_score: 66.0985336303711
percentiles: 2%=-1412.0799560546875, 5%=-1374.0999755859375, 10%=-1354.300048828125, 25%=-1319.25, 50%=-1258.0, 75%=-1223.0, 90%=-1184.4000244140625, 95%=-1159.550048828125, 98%=-1138.9599609375
ranking_best_algo: BigLognormalDiscreteOnePlusOne
ranking_best_score: 1301.3600000000004
ranking_my_rank: 50/504 (90.3%)
ranking_my_percent: 90.27777777777777
