ConfigName: krbf__advnormalizedfitness__M4__L12__eps0p033__g0p01__ds0p3__dm0p3
Problem: QUBO
Kernel: rbf
Advantage: normalizedfitness
M: 4
lambda: 12
epsilon_svgd: 0.033
gamma: 0.01
decay_start_ratio: 0.3
decay_min_factor: 0.3
bandwith_kernel: None
no_interact: False
avg_score: -939.3599853515625
median_score: -938.5
std_score: 82.1126708984375
percentiles: 2%=-1143.0799560546875, 5%=-1074.1500244140625, 10%=-1044.5, 25%=-989.5, 50%=-938.5, 75%=-873.0, 90%=-839.0, 95%=-832.300048828125, 98%=-792.679931640625
ranking_best_algo: SVMMetaModelLogNormal
ranking_best_score: 1233.7999999999997
ranking_my_rank: 293/504 (42.1%)
ranking_my_percent: 42.06349206349206
