ConfigName: kjsd__advperagentrankweighted__M3__L18__eps0p01__g0p001__ds0p05__dm0p05
Problem: NK
Kernel: jsd
Advantage: peragentrankweighted
M: 3
lambda: 18
epsilon_svgd: 0.01
gamma: 0.001
decay_start_ratio: 0.05
decay_min_factor: 0.05
bandwith_kernel: None
no_interact: False
avg_score: 0.732399582862854
median_score: 0.7316015362739563
std_score: 0.008900205604732037
percentiles: 2%=0.7168054580688477, 5%=0.7193078994750977, 10%=0.7210232019424438, 25%=0.7260990142822266, 50%=0.7316015362739563, 75%=0.7394450902938843, 90%=0.7440581321716309, 95%=0.7463314533233643, 98%=0.7484512329101562
ranking_best_algo: Tabu
ranking_best_score: 0.7429702712499999
ranking_my_rank: 2/504 (99.8%)
ranking_my_percent: 99.8015873015873
