ConfigName: kfr__advglobalrankweighted__M2__L10__eps0p015__g0p007__ds0p01__dm0p01
Problem: QUBO
Kernel: fr
Advantage: globalrankweighted
M: 2
lambda: 10
epsilon_svgd: 0.015
gamma: 0.007
decay_start_ratio: 0.01
decay_min_factor: 0.01
bandwith_kernel: None
no_interact: False
avg_score: -1615.3199462890625
median_score: -1613.5
std_score: 63.50556945800781
percentiles: 2%=-1742.280029296875, 5%=-1715.050048828125, 10%=-1701.0999755859375, 25%=-1654.0, 50%=-1613.5, 75%=-1567.0, 90%=-1536.4000244140625, 95%=-1517.75, 98%=-1496.8199462890625
ranking_best_algo: NLOPT_LN_PRAXIS
ranking_best_score: 1607.12
ranking_my_rank: 1/504 (100.0%)
ranking_my_percent: 100.0
