ConfigName: kjsd__advperagentrankweighted__M3__L30__eps0p007__g0p001__ds0p05__dm0p2
Problem: QUBO
Kernel: jsd
Advantage: peragentrankweighted
M: 3
lambda: 30
epsilon_svgd: 0.007
gamma: 0.001
decay_start_ratio: 0.05
decay_min_factor: 0.2
bandwith_kernel: None
no_interact: False
avg_score: -901.97998046875
median_score: -902.0
std_score: 67.86737060546875
percentiles: 2%=-1038.0400390625, 5%=-1026.199951171875, 10%=-997.0, 25%=-941.25, 50%=-902.0, 75%=-851.0, 90%=-820.5, 95%=-797.8499755859375, 98%=-780.6400146484375
ranking_best_algo: CMAL3
ranking_best_score: 928.5800000000002
ranking_my_rank: 67/504 (86.9%)
ranking_my_percent: 86.9047619047619
