ConfigName: kjsd__advperagentrankweighted__M4__L12__eps0p03__g0p0007__ds0p05__dm0p05
Problem: QUBO
Kernel: jsd
Advantage: peragentrankweighted
M: 4
lambda: 12
epsilon_svgd: 0.03
gamma: 0.0007
decay_start_ratio: 0.05
decay_min_factor: 0.05
bandwith_kernel: None
no_interact: False
avg_score: -328.1000061035156
median_score: -328.0
std_score: 20.992141723632812
percentiles: 2%=-372.0, 5%=-361.45001220703125, 10%=-350.1000061035156, 25%=-340.0, 50%=-328.0, 75%=-316.0, 90%=-305.0, 95%=-286.0, 98%=-279.82000732421875
ranking_best_algo: CMApara
ranking_best_score: 344.22
ranking_my_rank: 84/504 (83.5%)
ranking_my_percent: 83.53174603174604
