ConfigName: kjsd__advperagentrankweighted__M3__L16__eps0p007__g0p001__ds0p05__dm0p1
Problem: QUBO
Kernel: jsd
Advantage: peragentrankweighted
M: 3
lambda: 16
epsilon_svgd: 0.007
gamma: 0.001
decay_start_ratio: 0.05
decay_min_factor: 0.1
bandwith_kernel: None
no_interact: False
avg_score: -308.760009765625
median_score: -308.0
std_score: 40.88743591308594
percentiles: 2%=-394.0400085449219, 5%=-388.1000061035156, 10%=-358.20001220703125, 25%=-334.5, 50%=-308.0, 75%=-274.0, 90%=-259.8999938964844, 95%=-253.0, 98%=-235.9199981689453
ranking_best_algo: CMApara
ranking_best_score: 319.29999999999995
ranking_my_rank: 87/504 (82.9%)
ranking_my_percent: 82.93650793650794
