ConfigName: kjsd__advperagentrankweighted__M3__L20__eps0p005__g0p003__ds0p1__dm0p05
Problem: QUBO
Kernel: jsd
Advantage: peragentrankweighted
M: 3
lambda: 20
epsilon_svgd: 0.005
gamma: 0.003
decay_start_ratio: 0.1
decay_min_factor: 0.05
bandwith_kernel: None
no_interact: False
avg_score: -434.1000061035156
median_score: -437.0
std_score: 28.32931137084961
percentiles: 2%=-480.0199890136719, 5%=-475.0, 10%=-471.1000061035156, 25%=-455.0, 50%=-437.0, 75%=-412.75, 90%=-390.0, 95%=-382.0, 98%=-379.9800109863281
ranking_best_algo: CMApara
ranking_best_score: 453.82
ranking_my_rank: 40/504 (92.3%)
ranking_my_percent: 92.26190476190476
