ConfigName: krbf__advnormalizedfitness__M1__L8__eps0p033__g0p015__ds0p15__dm0p3
Problem: QUBO
Kernel: rbf
Advantage: normalizedfitness
M: 1
lambda: 8
epsilon_svgd: 0.033
gamma: 0.015
decay_start_ratio: 0.15
decay_min_factor: 0.3
bandwith_kernel: None
no_interact: False
avg_score: -1607.9000244140625
median_score: -1601.5
std_score: 60.62515640258789
percentiles: 2%=-1731.219970703125, 5%=-1714.050048828125, 10%=-1684.699951171875, 25%=-1647.5, 50%=-1601.5, 75%=-1573.5, 90%=-1526.300048828125, 95%=-1506.949951171875, 98%=-1498.919921875
ranking_best_algo: NLOPT_LN_PRAXIS
ranking_best_score: 1607.12
ranking_my_rank: 1/504 (100.0%)
ranking_my_percent: 100.0
