ConfigName: kjsd__advperagentrankweighted__M3__L18__eps0p005__g0p003__ds0p2__dm0p1
Problem: QUBO
Kernel: jsd
Advantage: peragentrankweighted
M: 3
lambda: 18
epsilon_svgd: 0.005
gamma: 0.003
decay_start_ratio: 0.2
decay_min_factor: 0.1
bandwith_kernel: None
no_interact: False
avg_score: -1336.0
median_score: -1342.5
std_score: 113.35652160644531
percentiles: 2%=-1547.0400390625, 5%=-1505.3499755859375, 10%=-1493.0999755859375, 25%=-1413.0, 50%=-1342.5, 75%=-1252.5, 90%=-1186.199951171875, 95%=-1161.4000244140625, 98%=-1120.3599853515625
ranking_best_algo: NLOPT_LN_PRAXIS
ranking_best_score: 1607.12
ranking_my_rank: 197/504 (61.1%)
ranking_my_percent: 61.111111111111114
