ConfigName: kjsd__advperagentrankweighted__M3__L16__eps0p01__g0p0005__ds0p05__dm0p2
Problem: NK
Kernel: jsd
Advantage: peragentrankweighted
M: 3
lambda: 16
epsilon_svgd: 0.01
gamma: 0.0005
decay_start_ratio: 0.05
decay_min_factor: 0.2
bandwith_kernel: None
no_interact: False
avg_score: 0.7280197143554688
median_score: 0.7288678884506226
std_score: 0.009990045800805092
percentiles: 2%=0.7090612053871155, 5%=0.7119441032409668, 10%=0.7134799957275391, 25%=0.721043050289154, 50%=0.7288678884506226, 75%=0.7345902323722839, 90%=0.7387908101081848, 95%=0.7438725233078003, 98%=0.7483459711074829
ranking_best_algo: Tabu
ranking_best_score: 0.7429702712499999
ranking_my_rank: 2/504 (99.8%)
ranking_my_percent: 99.8015873015873
