ConfigName: kfr__advglobalrankweighted__M5__L11__eps0p02__g0p003__ds0p01__dm0p01
Problem: QUBO
Kernel: fr
Advantage: globalrankweighted
M: 5
lambda: 11
epsilon_svgd: 0.02
gamma: 0.003
decay_start_ratio: 0.01
decay_min_factor: 0.01
bandwith_kernel: None
no_interact: False
avg_score: -419.0
median_score: -414.0
std_score: 24.492448806762695
percentiles: 2%=-477.0, 5%=-465.5, 10%=-454.0, 25%=-433.25, 50%=-414.0, 75%=-402.0, 90%=-391.6000061035156, 95%=-386.0, 98%=-381.9599914550781
ranking_best_algo: Tabu
ranking_best_score: 438.12
ranking_my_rank: 33/504 (93.7%)
ranking_my_percent: 93.65079365079364
