ConfigName: kfr__advglobalrankweighted__M3__L10__eps0p02__g0p005__ds0p01__dm0p01
Problem: QUBO
Kernel: fr
Advantage: globalrankweighted
M: 3
lambda: 10
epsilon_svgd: 0.02
gamma: 0.005
decay_start_ratio: 0.01
decay_min_factor: 0.01
bandwith_kernel: None
no_interact: False
avg_score: -901.1400146484375
median_score: -898.0
std_score: 58.00035095214844
percentiles: 2%=-1018.0800170898438, 5%=-1004.5499877929688, 10%=-981.0999755859375, 25%=-941.0, 50%=-898.0, 75%=-858.25, 90%=-833.5, 95%=-822.6000366210938, 98%=-800.5599365234375
ranking_best_algo: CMAL3
ranking_best_score: 928.5800000000002
ranking_my_rank: 68/504 (86.7%)
ranking_my_percent: 86.7063492063492
