ConfigName: kjsd__advperagentrankweighted__M5__L10__eps0p01__g0p003__ds0p2__dm0p05
Problem: QUBO
Kernel: jsd
Advantage: peragentrankweighted
M: 5
lambda: 10
epsilon_svgd: 0.01
gamma: 0.003
decay_start_ratio: 0.2
decay_min_factor: 0.05
bandwith_kernel: None
no_interact: False
avg_score: -426.2799987792969
median_score: -424.5
std_score: 25.987720489501953
percentiles: 2%=-483.0, 5%=-473.20001220703125, 10%=-465.20001220703125, 25%=-440.5, 50%=-424.5, 75%=-407.75, 90%=-395.0, 95%=-388.8999938964844, 98%=-380.0
ranking_best_algo: CMAL3
ranking_best_score: 435.36
ranking_my_rank: 23/504 (95.6%)
ranking_my_percent: 95.63492063492063
