ConfigName: krbf__advnormalizedfitness__M2__L8__eps0p025__g0p005__ds0p01__dm0p3
Problem: NK
Kernel: rbf
Advantage: normalizedfitness
M: 2
lambda: 8
epsilon_svgd: 0.025
gamma: 0.005
decay_start_ratio: 0.01
decay_min_factor: 0.3
bandwith_kernel: None
no_interact: False
avg_score: 0.7047460675239563
median_score: 0.706458330154419
std_score: 0.01173904724419117
percentiles: 2%=0.6847138404846191, 5%=0.686813473701477, 10%=0.68877112865448, 25%=0.6939857006072998, 50%=0.706458330154419, 75%=0.7149417996406555, 90%=0.7191067934036255, 95%=0.7202402949333191, 98%=0.723334550857544
ranking_best_algo: PBIL
ranking_best_score: 0.7013553837109374
ranking_my_rank: 1/504 (100.0%)
ranking_my_percent: 100.0
