ConfigName: kjsd__advperagentrankweighted__M4__L8__eps0p01__g0p0003__ds0p05__dm0p05
Problem: QUBO
Kernel: jsd
Advantage: peragentrankweighted
M: 4
lambda: 8
epsilon_svgd: 0.01
gamma: 0.0003
decay_start_ratio: 0.05
decay_min_factor: 0.05
bandwith_kernel: None
no_interact: False
avg_score: -326.05999755859375
median_score: -331.0
std_score: 21.884159088134766
percentiles: 2%=-372.0, 5%=-357.20001220703125, 10%=-350.0, 25%=-340.0, 50%=-331.0, 75%=-314.0, 90%=-292.0, 95%=-285.8999938964844, 98%=-281.9599914550781
ranking_best_algo: CMApara
ranking_best_score: 344.22
ranking_my_rank: 114/504 (77.6%)
ranking_my_percent: 77.57936507936508
