ConfigName: kjsd__advperagentrankweighted__M4__L20__eps0p005__g0p001__ds0p05__dm0p2
Problem: NK
Kernel: jsd
Advantage: peragentrankweighted
M: 4
lambda: 20
epsilon_svgd: 0.005
gamma: 0.001
decay_start_ratio: 0.05
decay_min_factor: 0.2
bandwith_kernel: None
no_interact: False
avg_score: 0.6247171759605408
median_score: 0.6224824786186218
std_score: 0.015828941017389297
percentiles: 2%=0.5978209972381592, 5%=0.6034735441207886, 10%=0.6059779524803162, 25%=0.6117867827415466, 50%=0.6224824786186218, 75%=0.6354877948760986, 90%=0.6457399129867554, 95%=0.6535348892211914, 98%=0.6577750444412231
ranking_best_algo: PBIL
ranking_best_score: 0.7170882103515624
ranking_my_rank: 308/504 (39.1%)
ranking_my_percent: 39.08730158730159
