ConfigName: krbf__advnormalizedfitness__M4__L15__eps0p025__g0p01__ds0p15__dm0p3
Problem: QUBO
Kernel: rbf
Advantage: normalizedfitness
M: 4
lambda: 15
epsilon_svgd: 0.025
gamma: 0.01
decay_start_ratio: 0.15
decay_min_factor: 0.3
bandwith_kernel: None
no_interact: False
avg_score: -796.4400024414062
median_score: -795.5
std_score: 79.37825012207031
percentiles: 2%=-959.6799926757812, 5%=-914.0999755859375, 10%=-885.2000122070312, 25%=-855.25, 50%=-795.5, 75%=-741.0, 90%=-698.7999877929688, 95%=-660.7000122070312, 98%=-638.5599365234375
ranking_best_algo: BigLognormalDiscreteOnePlusOne
ranking_best_score: 1301.3600000000004
ranking_my_rank: 327/504 (35.3%)
ranking_my_percent: 35.317460317460316
