ConfigName: kjsd__advperagentrankweighted__M6__L24__eps0p005__g0p0005__ds0p3__dm0p05
Problem: NK
Kernel: jsd
Advantage: peragentrankweighted
M: 6
lambda: 24
epsilon_svgd: 0.005
gamma: 0.0005
decay_start_ratio: 0.3
decay_min_factor: 0.05
bandwith_kernel: None
no_interact: False
avg_score: 0.6017709970474243
median_score: 0.6015702486038208
std_score: 0.009272965602576733
percentiles: 2%=0.5855528116226196, 5%=0.5879877805709839, 10%=0.5916436910629272, 25%=0.5945584774017334, 50%=0.6015702486038208, 75%=0.6067560911178589, 90%=0.6130514740943909, 95%=0.6152883768081665, 98%=0.6238700151443481
ranking_best_algo: PBIL
ranking_best_score: 0.7170882103515624
ranking_my_rank: 359/504 (29.0%)
ranking_my_percent: 28.96825396825397
