ConfigName: krbf__advnormalizedfitness__M4__L15__eps0p015__g0p005__ds0p01__dm0p3
Problem: QUBO
Kernel: rbf
Advantage: normalizedfitness
M: 4
lambda: 15
epsilon_svgd: 0.015
gamma: 0.005
decay_start_ratio: 0.01
decay_min_factor: 0.3
bandwith_kernel: None
no_interact: False
avg_score: -1874.5799560546875
median_score: -1891.0
std_score: 199.89053344726562
percentiles: 2%=-2287.5400390625, 5%=-2227.5, 10%=-2173.199951171875, 25%=-1998.75, 50%=-1891.0, 75%=-1734.5, 90%=-1626.0, 95%=-1576.900146484375, 98%=-1485.039794921875
ranking_best_algo: DiscreteLengler2OnePlusOne
ranking_best_score: 2617.04
ranking_my_rank: 296/504 (41.5%)
ranking_my_percent: 41.46825396825397
