ConfigName: kjsd__advperagentrankweighted__M4__L20__eps0p007__g0p0005__ds0p1__dm0p2
Problem: NK
Kernel: jsd
Advantage: peragentrankweighted
M: 4
lambda: 20
epsilon_svgd: 0.007
gamma: 0.0005
decay_start_ratio: 0.1
decay_min_factor: 0.2
bandwith_kernel: None
no_interact: False
avg_score: 0.7441695332527161
median_score: 0.7446519136428833
std_score: 0.0142568564042449
percentiles: 2%=0.7172294855117798, 5%=0.7240994572639465, 10%=0.7263427972793579, 25%=0.7340929508209229, 50%=0.7446519136428833, 75%=0.7542300224304199, 90%=0.7615448832511902, 95%=0.7653543949127197, 98%=0.7709971070289612
ranking_best_algo: Tabu
ranking_best_score: 0.7601875690625
ranking_my_rank: 7/504 (98.8%)
ranking_my_percent: 98.80952380952381
