ConfigName: kjsd__advperagentrankweighted__M3__L18__eps0p007__g0p001__ds0p1__dm0p2
Problem: QUBO
Kernel: jsd
Advantage: peragentrankweighted
M: 3
lambda: 18
epsilon_svgd: 0.007
gamma: 0.001
decay_start_ratio: 0.1
decay_min_factor: 0.2
bandwith_kernel: None
no_interact: False
avg_score: -1311.6800537109375
median_score: -1306.0
std_score: 58.25253677368164
percentiles: 2%=-1445.0, 5%=-1407.800048828125, 10%=-1395.199951171875, 25%=-1343.5, 50%=-1306.0, 75%=-1264.75, 90%=-1245.0, 95%=-1234.5, 98%=-1202.800048828125
ranking_best_algo: BigLognormalDiscreteOnePlusOne
ranking_best_score: 1301.3600000000004
ranking_my_rank: 1/504 (100.0%)
ranking_my_percent: 100.0
