ConfigName: kjsd__advperagentrankweighted__M3__L24__eps0p007__g0p0005__ds0p1__dm0p05
Problem: NK
Kernel: jsd
Advantage: peragentrankweighted
M: 3
lambda: 24
epsilon_svgd: 0.007
gamma: 0.0005
decay_start_ratio: 0.1
decay_min_factor: 0.05
bandwith_kernel: None
no_interact: False
avg_score: 0.7350741624832153
median_score: 0.7369003295898438
std_score: 0.009368566796183586
percentiles: 2%=0.7155758142471313, 5%=0.7184006571769714, 10%=0.7197697162628174, 25%=0.7296165823936462, 50%=0.7369003295898438, 75%=0.7420123815536499, 90%=0.7463679313659668, 95%=0.7482686638832092, 98%=0.749277651309967
ranking_best_algo: PBIL
ranking_best_score: 0.7248786399609374
ranking_my_rank: 1/504 (100.0%)
ranking_my_percent: 100.0
