ConfigName: kjsd__advperagentrankweighted__M4__L30__eps0p005__g0p0005__ds0p2__dm0p05
Problem: QUBO
Kernel: jsd
Advantage: peragentrankweighted
M: 4
lambda: 30
epsilon_svgd: 0.005
gamma: 0.0005
decay_start_ratio: 0.2
decay_min_factor: 0.05
bandwith_kernel: None
no_interact: False
avg_score: -139.97999572753906
median_score: -141.0
std_score: 10.347928047180176
percentiles: 2%=-160.02000427246094, 5%=-158.0, 10%=-152.1999969482422, 25%=-146.0, 50%=-141.0, 75%=-131.75, 90%=-127.0, 95%=-124.9000015258789, 98%=-119.9800033569336
ranking_best_algo: DiscreteDE
ranking_best_score: 143.4
ranking_my_rank: 80/504 (84.3%)
ranking_my_percent: 84.32539682539682
