ConfigName: kjsd__advperagentrankweighted__M3__L16__eps0p01__g0p003__ds0p05__dm0p05
Problem: QUBO
Kernel: jsd
Advantage: peragentrankweighted
M: 3
lambda: 16
epsilon_svgd: 0.01
gamma: 0.003
decay_start_ratio: 0.05
decay_min_factor: 0.05
bandwith_kernel: None
no_interact: False
avg_score: -1298.06005859375
median_score: -1292.0
std_score: 63.90568542480469
percentiles: 2%=-1418.0, 5%=-1399.699951171875, 10%=-1377.4000244140625, 25%=-1347.5, 50%=-1292.0, 75%=-1248.5, 90%=-1218.5, 95%=-1190.949951171875, 98%=-1184.8199462890625
ranking_best_algo: BigLognormalDiscreteOnePlusOne
ranking_best_score: 1301.3600000000004
ranking_my_rank: 2/504 (99.8%)
ranking_my_percent: 99.8015873015873
