ConfigName: kjsd__advperagentrankweighted__M5__L8__eps0p01__g0p003__ds0p05__dm0p05
Problem: QUBO
Kernel: jsd
Advantage: peragentrankweighted
M: 5
lambda: 8
epsilon_svgd: 0.01
gamma: 0.003
decay_start_ratio: 0.05
decay_min_factor: 0.05
bandwith_kernel: None
no_interact: False
avg_score: -330.8999938964844
median_score: -335.5
std_score: 24.170848846435547
percentiles: 2%=-372.0, 5%=-372.0, 10%=-354.29998779296875, 25%=-346.0, 50%=-335.5, 75%=-320.0, 90%=-293.6000061035156, 95%=-284.0, 98%=-274.0
ranking_best_algo: CMApara
ranking_best_score: 344.22
ranking_my_rank: 77/504 (84.9%)
ranking_my_percent: 84.92063492063492
