ConfigName: kjsd__advperagentrankweighted__M4__L8__eps0p006__g0p0005__ds0p05__dm0p05
Problem: QUBO
Kernel: jsd
Advantage: peragentrankweighted
M: 4
lambda: 8
epsilon_svgd: 0.006
gamma: 0.0005
decay_start_ratio: 0.05
decay_min_factor: 0.05
bandwith_kernel: None
no_interact: False
avg_score: -440.5
median_score: -440.0
std_score: 25.905790328979492
percentiles: 2%=-479.20001220703125, 5%=-477.1000061035156, 10%=-472.0, 25%=-464.0, 50%=-440.0, 75%=-421.25, 90%=-406.8999938964844, 95%=-400.8500061035156, 98%=-386.8999938964844
ranking_best_algo: CMApara
ranking_best_score: 453.82
ranking_my_rank: 15/504 (97.2%)
ranking_my_percent: 97.22222222222223
