ConfigName: kjsd__advperagentrankweighted__M3__L20__eps0p005__g0p0007__ds0p2__dm0p05
Problem: NK
Kernel: jsd
Advantage: peragentrankweighted
M: 3
lambda: 20
epsilon_svgd: 0.005
gamma: 0.0007
decay_start_ratio: 0.2
decay_min_factor: 0.05
bandwith_kernel: None
no_interact: False
avg_score: 0.7186720371246338
median_score: 0.7176737785339355
std_score: 0.00891803577542305
percentiles: 2%=0.7038414478302002, 5%=0.7051916718482971, 10%=0.7071645259857178, 25%=0.7118881344795227, 50%=0.7176737785339355, 75%=0.7247116565704346, 90%=0.7315330505371094, 95%=0.7341519594192505, 98%=0.7358503937721252
ranking_best_algo: PBIL
ranking_best_score: 0.7170882103515624
ranking_my_rank: 1/504 (100.0%)
ranking_my_percent: 100.0
