ConfigName: kjsd__advperagentrankweighted__M3__L16__eps0p005__g0p001__ds0p2__dm0p1
Problem: NK
Kernel: jsd
Advantage: peragentrankweighted
M: 3
lambda: 16
epsilon_svgd: 0.005
gamma: 0.001
decay_start_ratio: 0.2
decay_min_factor: 0.1
bandwith_kernel: None
no_interact: False
avg_score: 0.7353485226631165
median_score: 0.7365479469299316
std_score: 0.008554873988032341
percentiles: 2%=0.7156798243522644, 5%=0.7190744876861572, 10%=0.722159743309021, 25%=0.73160320520401, 50%=0.7365479469299316, 75%=0.741893470287323, 90%=0.7443673014640808, 95%=0.7454461455345154, 98%=0.7485774159431458
ranking_best_algo: PBIL
ranking_best_score: 0.7248786399609374
ranking_my_rank: 1/504 (100.0%)
ranking_my_percent: 100.0
