ConfigName: krbf__advnormalizedfitness__M1__L8__eps0p033__g0p007__ds0p15__dm0p01
Problem: QUBO
Kernel: rbf
Advantage: normalizedfitness
M: 1
lambda: 8
epsilon_svgd: 0.033
gamma: 0.007
decay_start_ratio: 0.15
decay_min_factor: 0.01
bandwith_kernel: None
no_interact: False
avg_score: -309.5199890136719
median_score: -314.0
std_score: 29.417165756225586
percentiles: 2%=-361.2200012207031, 5%=-351.1499938964844, 10%=-342.1000061035156, 25%=-328.75, 50%=-314.0, 75%=-288.0, 90%=-268.0, 95%=-253.90000915527344, 98%=-243.95999145507812
ranking_best_algo: CMApara
ranking_best_score: 344.22
ranking_my_rank: 281/504 (44.4%)
ranking_my_percent: 44.44444444444444
