ConfigName: kfr__advglobalrankweighted__M4__L13__eps0p06__g0p001__ds0p01__dm0p01
Problem: NK
Kernel: fr
Advantage: globalrankweighted
M: 4
lambda: 13
epsilon_svgd: 0.06
gamma: 0.001
decay_start_ratio: 0.01
decay_min_factor: 0.01
bandwith_kernel: None
no_interact: False
avg_score: 0.7058346271514893
median_score: 0.707535982131958
std_score: 0.015662064775824547
percentiles: 2%=0.6659292578697205, 5%=0.6689535975456238, 10%=0.6902133822441101, 25%=0.7022973895072937, 50%=0.707535982131958, 75%=0.7140278816223145, 90%=0.7212194204330444, 95%=0.7302502393722534, 98%=0.7320675849914551
ranking_best_algo: CMApara
ranking_best_score: 0.707475975
ranking_my_rank: 6/504 (99.0%)
ranking_my_percent: 99.0079365079365
