ConfigName: kjsd__advperagentrankweighted__M3__L18__eps0p005__g0p003__ds0p05__dm0p05
Problem: QUBO
Kernel: jsd
Advantage: peragentrankweighted
M: 3
lambda: 18
epsilon_svgd: 0.005
gamma: 0.003
decay_start_ratio: 0.05
decay_min_factor: 0.05
bandwith_kernel: None
no_interact: False
avg_score: -2267.3798828125
median_score: -2284.0
std_score: 165.0835418701172
percentiles: 2%=-2552.139892578125, 5%=-2527.199951171875, 10%=-2492.300048828125, 25%=-2386.25, 50%=-2284.0, 75%=-2137.0, 90%=-2042.9000244140625, 95%=-2009.75, 98%=-1965.239990234375
ranking_best_algo: SVM1MetaModelLogNormal
ranking_best_score: 2605.14
ranking_my_rank: 159/504 (68.7%)
ranking_my_percent: 68.65079365079364
