ConfigName: krbf__advnormalizedfitness__M3__L12__eps0p015__g0p01__ds0p3__dm0p3
Problem: QUBO
Kernel: rbf
Advantage: normalizedfitness
M: 3
lambda: 12
epsilon_svgd: 0.015
gamma: 0.01
decay_start_ratio: 0.3
decay_min_factor: 0.3
bandwith_kernel: None
no_interact: False
avg_score: -1653.56005859375
median_score: -1648.5
std_score: 161.8179473876953
percentiles: 2%=-2006.8800048828125, 5%=-1935.050048828125, 10%=-1883.0999755859375, 25%=-1757.5, 50%=-1648.5, 75%=-1543.75, 90%=-1445.5, 95%=-1379.60009765625, 98%=-1343.919921875
ranking_best_algo: SVM1MetaModelLogNormal
ranking_best_score: 2605.14
ranking_my_rank: 324/504 (35.9%)
ranking_my_percent: 35.91269841269841
