ConfigName: kjsd__advperagentrankweighted__M3__L20__eps0p007__g0p0007__ds0p2__dm0p1
Problem: NK
Kernel: jsd
Advantage: peragentrankweighted
M: 3
lambda: 20
epsilon_svgd: 0.007
gamma: 0.0007
decay_start_ratio: 0.2
decay_min_factor: 0.1
bandwith_kernel: None
no_interact: False
avg_score: 0.758151113986969
median_score: 0.7588480710983276
std_score: 0.011848246678709984
percentiles: 2%=0.7341651916503906, 5%=0.737820029258728, 10%=0.7442342042922974, 25%=0.7498377561569214, 50%=0.7588480710983276, 75%=0.7662932276725769, 90%=0.7743729948997498, 95%=0.7766213417053223, 98%=0.779021680355072
ranking_best_algo: Tabu
ranking_best_score: 0.7470791764843752
ranking_my_rank: 1/504 (100.0%)
ranking_my_percent: 100.0
