ConfigName: kjsd__advperagentrankweighted__M3__L30__eps0p005__g0p001__ds0p2__dm0p05
Problem: QUBO
Kernel: jsd
Advantage: peragentrankweighted
M: 3
lambda: 30
epsilon_svgd: 0.005
gamma: 0.001
decay_start_ratio: 0.2
decay_min_factor: 0.05
bandwith_kernel: None
no_interact: False
avg_score: -202.4199981689453
median_score: -203.0
std_score: 10.891446113586426
percentiles: 2%=-222.0399932861328, 5%=-221.0500030517578, 10%=-218.10000610351562, 25%=-209.0, 50%=-203.0, 75%=-193.75, 90%=-187.89999389648438, 95%=-183.9499969482422, 98%=-180.0
ranking_best_algo: Tabu
ranking_best_score: 208.36000000000004
ranking_my_rank: 34/504 (93.5%)
ranking_my_percent: 93.45238095238095
