ConfigName: kjsd__advperagentrankweighted__M4__L12__eps0p01__g0p0003__ds0p4__dm0p05
Problem: NK
Kernel: jsd
Advantage: peragentrankweighted
M: 4
lambda: 12
epsilon_svgd: 0.01
gamma: 0.0003
decay_start_ratio: 0.4
decay_min_factor: 0.05
bandwith_kernel: None
no_interact: False
avg_score: 0.7359281182289124
median_score: 0.7355798482894897
std_score: 0.012968508526682854
percentiles: 2%=0.711375892162323, 5%=0.7147794961929321, 10%=0.7201212644577026, 25%=0.7263072729110718, 50%=0.7355798482894897, 75%=0.7453568577766418, 90%=0.7526828050613403, 95%=0.7559311985969543, 98%=0.7652719616889954
ranking_best_algo: Tabu
ranking_best_score: 0.7601875690625
ranking_my_rank: 24/504 (95.4%)
ranking_my_percent: 95.43650793650794
