ConfigName: kjsd__advperagentrankweighted__M5__L10__eps0p01__g0p0007__ds0p2__dm0p2
Problem: QUBO
Kernel: jsd
Advantage: peragentrankweighted
M: 5
lambda: 10
epsilon_svgd: 0.01
gamma: 0.0007
decay_start_ratio: 0.2
decay_min_factor: 0.2
bandwith_kernel: None
no_interact: False
avg_score: -1245.9000244140625
median_score: -1243.0
std_score: 74.57459259033203
percentiles: 2%=-1391.300048828125, 5%=-1385.1500244140625, 10%=-1345.300048828125, 25%=-1299.5, 50%=-1243.0, 75%=-1195.0, 90%=-1145.0, 95%=-1137.8499755859375, 98%=-1122.1400146484375
ranking_best_algo: SVMMetaModelLogNormal
ranking_best_score: 1233.7999999999997
ranking_my_rank: 1/504 (100.0%)
ranking_my_percent: 100.0
