ConfigName: kjsd__advperagentrankweighted__M3__L18__eps0p007__g0p001__ds0p05__dm0p1
Problem: QUBO
Kernel: jsd
Advantage: peragentrankweighted
M: 3
lambda: 18
epsilon_svgd: 0.007
gamma: 0.001
decay_start_ratio: 0.05
decay_min_factor: 0.1
bandwith_kernel: None
no_interact: False
avg_score: -2592.080078125
median_score: -2589.0
std_score: 114.20995330810547
percentiles: 2%=-2795.639892578125, 5%=-2778.050048828125, 10%=-2746.10009765625, 25%=-2667.5, 50%=-2589.0, 75%=-2503.5, 90%=-2447.60009765625, 95%=-2385.89990234375, 98%=-2369.360107421875
ranking_best_algo: SVM1MetaModelLogNormal
ranking_best_score: 2605.14
ranking_my_rank: 11/504 (98.0%)
ranking_my_percent: 98.01587301587301
