ConfigName: kfr__advglobalrankweighted__M4__L13__eps0p01__g0p005__ds0p01__dm0p01
Problem: QUBO
Kernel: fr
Advantage: globalrankweighted
M: 4
lambda: 13
epsilon_svgd: 0.01
gamma: 0.005
decay_start_ratio: 0.01
decay_min_factor: 0.01
bandwith_kernel: None
no_interact: False
avg_score: -1091.0
median_score: -1091.5
std_score: 64.86247253417969
percentiles: 2%=-1204.1800537109375, 5%=-1189.0, 10%=-1181.0999755859375, 25%=-1131.5, 50%=-1091.5, 75%=-1046.0, 90%=-1013.0, 95%=-992.75, 98%=-967.9400024414062
ranking_best_algo: SVMMetaModelLogNormal
ranking_best_score: 1233.7999999999997
ranking_my_rank: 156/504 (69.2%)
ranking_my_percent: 69.24603174603175
