ConfigName: kjsd__advperagentrankweighted__M3__L18__eps0p007__g0p0005__ds0p1__dm0p1
Problem: QUBO
Kernel: jsd
Advantage: peragentrankweighted
M: 3
lambda: 18
epsilon_svgd: 0.007
gamma: 0.0005
decay_start_ratio: 0.1
decay_min_factor: 0.1
bandwith_kernel: None
no_interact: False
avg_score: -1195.300048828125
median_score: -1189.0
std_score: 65.4385986328125
percentiles: 2%=-1331.280029296875, 5%=-1313.0999755859375, 10%=-1291.699951171875, 25%=-1235.5, 50%=-1189.0, 75%=-1146.0, 90%=-1114.5999755859375, 95%=-1087.949951171875, 98%=-1070.93994140625
ranking_best_algo: Tabu
ranking_best_score: 1216.16
ranking_my_rank: 48/504 (90.7%)
ranking_my_percent: 90.67460317460318
