ConfigName: kjsd__advperagentrankweighted__M3__L24__eps0p007__g0p0005__ds0p2__dm0p2
Problem: QUBO
Kernel: jsd
Advantage: peragentrankweighted
M: 3
lambda: 24
epsilon_svgd: 0.007
gamma: 0.0005
decay_start_ratio: 0.2
decay_min_factor: 0.2
bandwith_kernel: None
no_interact: False
avg_score: -424.8399963378906
median_score: -425.0
std_score: 29.385955810546875
percentiles: 2%=-479.0400085449219, 5%=-469.0, 10%=-463.0, 25%=-444.0, 50%=-425.0, 75%=-408.75, 90%=-392.6000061035156, 95%=-377.8500061035156, 98%=-348.0
ranking_best_algo: CMAL3
ranking_best_score: 435.36
ranking_my_rank: 30/504 (94.2%)
ranking_my_percent: 94.24603174603175
