ConfigName: krbf__advnormalizedfitness__M1__L8__eps0p033__g0p005__ds0p15__dm0p3
Problem: QUBO
Kernel: rbf
Advantage: normalizedfitness
M: 1
lambda: 8
epsilon_svgd: 0.033
gamma: 0.005
decay_start_ratio: 0.15
decay_min_factor: 0.3
bandwith_kernel: None
no_interact: False
avg_score: -127.4000015258789
median_score: -131.5
std_score: 22.70418357849121
percentiles: 2%=-151.02000427246094, 5%=-150.0, 10%=-146.0, 25%=-140.25, 50%=-131.5, 75%=-120.5, 90%=-106.9000015258789, 95%=-103.95000457763672, 98%=-97.01957702636719
ranking_best_algo: DiscreteDE
ranking_best_score: 143.4
ranking_my_rank: 331/504 (34.5%)
ranking_my_percent: 34.523809523809526
