ConfigName: kjsd__advperagentrankweighted__M4__L12__eps0p005__g0p0005__ds0p2__dm0p2
Problem: QUBO
Kernel: jsd
Advantage: peragentrankweighted
M: 4
lambda: 12
epsilon_svgd: 0.005
gamma: 0.0005
decay_start_ratio: 0.2
decay_min_factor: 0.2
bandwith_kernel: None
no_interact: False
avg_score: -1312.239990234375
median_score: -1309.0
std_score: 51.460296630859375
percentiles: 2%=-1398.3199462890625, 5%=-1396.050048828125, 10%=-1383.4000244140625, 25%=-1356.5, 50%=-1309.0, 75%=-1276.75, 90%=-1254.5, 95%=-1233.0, 98%=-1222.9599609375
ranking_best_algo: BigLognormalDiscreteOnePlusOne
ranking_best_score: 1301.3600000000004
ranking_my_rank: 1/504 (100.0%)
ranking_my_percent: 100.0
