ConfigName: kjsd__advperagentrankweighted__M3__L24__eps0p007__g0p001__ds0p2__dm0p2
Problem: QUBO
Kernel: jsd
Advantage: peragentrankweighted
M: 3
lambda: 24
epsilon_svgd: 0.007
gamma: 0.001
decay_start_ratio: 0.2
decay_min_factor: 0.2
bandwith_kernel: None
no_interact: False
avg_score: -412.94000244140625
median_score: -414.0
std_score: 24.395008087158203
percentiles: 2%=-463.1199951171875, 5%=-453.1000061035156, 10%=-442.20001220703125, 25%=-426.0, 50%=-414.0, 75%=-398.0, 90%=-381.6000061035156, 95%=-373.8999938964844, 98%=-365.760009765625
ranking_best_algo: Tabu
ranking_best_score: 438.12
ranking_my_rank: 64/504 (87.5%)
ranking_my_percent: 87.5
