ConfigName: kjsd__advperagentrankweighted__M3__L16__eps0p007__g0p003__ds0p05__dm0p05
Problem: NK
Kernel: jsd
Advantage: peragentrankweighted
M: 3
lambda: 16
epsilon_svgd: 0.007
gamma: 0.003
decay_start_ratio: 0.05
decay_min_factor: 0.05
bandwith_kernel: None
no_interact: False
avg_score: 0.7405269742012024
median_score: 0.7405579090118408
std_score: 0.011180284433066845
percentiles: 2%=0.719811737537384, 5%=0.7239229083061218, 10%=0.7274394035339355, 25%=0.7323501706123352, 50%=0.7405579090118408, 75%=0.748926043510437, 90%=0.7558211088180542, 95%=0.7584956288337708, 98%=0.7614004015922546
ranking_best_algo: PBIL
ranking_best_score: 0.733570253046875
ranking_my_rank: 1/504 (100.0%)
ranking_my_percent: 100.0
