ConfigName: krbf__advnormalizedfitness__M3__L8__eps0p015__g0p01__ds0p01__dm0p3
Problem: QUBO
Kernel: rbf
Advantage: normalizedfitness
M: 3
lambda: 8
epsilon_svgd: 0.015
gamma: 0.01
decay_start_ratio: 0.01
decay_min_factor: 0.3
bandwith_kernel: None
no_interact: False
avg_score: -417.3800048828125
median_score: -416.0
std_score: 26.749496459960938
percentiles: 2%=-473.0799865722656, 5%=-467.1000061035156, 10%=-451.1000061035156, 25%=-434.0, 50%=-416.0, 75%=-396.0, 90%=-385.79998779296875, 95%=-379.9000244140625, 98%=-375.75994873046875
ranking_best_algo: Tabu
ranking_best_score: 438.12
ranking_my_rank: 41/504 (92.1%)
ranking_my_percent: 92.06349206349206
