ConfigName: krbf__advnormalizedfitness__M1__L8__eps0p033__g0p015__ds0p3__dm0p01
Problem: NK
Kernel: rbf
Advantage: normalizedfitness
M: 1
lambda: 8
epsilon_svgd: 0.033
gamma: 0.015
decay_start_ratio: 0.3
decay_min_factor: 0.01
bandwith_kernel: None
no_interact: False
avg_score: 0.7456555366516113
median_score: 0.7459725737571716
std_score: 0.012896876782178879
percentiles: 2%=0.722784698009491, 5%=0.7259673476219177, 10%=0.7303476929664612, 25%=0.7359551787376404, 50%=0.7459725737571716, 75%=0.753103494644165, 90%=0.7598276734352112, 95%=0.7723823189735413, 98%=0.7743272185325623
ranking_best_algo: Tabu
ranking_best_score: 0.7470791764843752
ranking_my_rank: 3/504 (99.6%)
ranking_my_percent: 99.60317460317461
