ConfigName: kjsd__advperagentrankweighted__M5__L10__eps0p02__g0p0007__ds0p2__dm0p05
Problem: NK
Kernel: jsd
Advantage: peragentrankweighted
M: 5
lambda: 10
epsilon_svgd: 0.02
gamma: 0.0007
decay_start_ratio: 0.2
decay_min_factor: 0.05
bandwith_kernel: None
no_interact: False
avg_score: 0.710964024066925
median_score: 0.6985580325126648
std_score: 0.03188009560108185
percentiles: 2%=0.6734704971313477, 5%=0.6743782162666321, 10%=0.6772688627243042, 25%=0.6817755699157715, 50%=0.6985580325126648, 75%=0.7468891739845276, 90%=0.7535377144813538, 95%=0.7613165378570557, 98%=0.7613165378570557
ranking_best_algo: CMApara
ranking_best_score: 0.7118996098437498
ranking_my_rank: 8/504 (98.6%)
ranking_my_percent: 98.61111111111111
