ConfigName: kjsd__advperagentrankweighted__M5__L8__eps0p005__g0p0003__ds0p2__dm0p05
Problem: QUBO
Kernel: jsd
Advantage: peragentrankweighted
M: 5
lambda: 8
epsilon_svgd: 0.005
gamma: 0.0003
decay_start_ratio: 0.2
decay_min_factor: 0.05
bandwith_kernel: None
no_interact: False
avg_score: -1191.43994140625
median_score: -1195.0
std_score: 55.288578033447266
percentiles: 2%=-1288.3399658203125, 5%=-1276.3499755859375, 10%=-1260.0999755859375, 25%=-1225.25, 50%=-1195.0, 75%=-1158.75, 90%=-1120.800048828125, 95%=-1101.9000244140625, 98%=-1065.6600341796875
ranking_best_algo: Tabu
ranking_best_score: 1216.16
ranking_my_rank: 50/504 (90.3%)
ranking_my_percent: 90.27777777777777
