ConfigName: krbf__advnormalizedfitness__M4__L15__eps0p025__g0p015__ds0p3__dm0p01
Problem: QUBO
Kernel: rbf
Advantage: normalizedfitness
M: 4
lambda: 15
epsilon_svgd: 0.025
gamma: 0.015
decay_start_ratio: 0.3
decay_min_factor: 0.01
bandwith_kernel: None
no_interact: False
avg_score: -188.9199981689453
median_score: -189.0
std_score: 17.525798797607422
percentiles: 2%=-222.0, 5%=-220.0, 10%=-213.10000610351562, 25%=-199.0, 50%=-189.0, 75%=-179.0, 90%=-163.89999389648438, 95%=-156.95001220703125, 98%=-155.9399871826172
ranking_best_algo: Tabu
ranking_best_score: 208.36000000000004
ranking_my_rank: 245/504 (51.6%)
ranking_my_percent: 51.58730158730159
