ConfigName: krbf__advnormalizedfitness__M4__L8__eps0p015__g0p015__ds0p15__dm0p3
Problem: NK
Kernel: rbf
Advantage: normalizedfitness
M: 4
lambda: 8
epsilon_svgd: 0.015
gamma: 0.015
decay_start_ratio: 0.15
decay_min_factor: 0.3
bandwith_kernel: None
no_interact: False
avg_score: 0.6895580291748047
median_score: 0.691281795501709
std_score: 0.01734924130141735
percentiles: 2%=0.6454067230224609, 5%=0.6478400826454163, 10%=0.6701803207397461, 25%=0.6835407018661499, 50%=0.691281795501709, 75%=0.6996404528617859, 90%=0.7114148736000061, 95%=0.7148314118385315, 98%=0.7160428166389465
ranking_best_algo: CMApara
ranking_best_score: 0.707475975
ranking_my_rank: 248/504 (51.0%)
ranking_my_percent: 50.992063492063494
