ConfigName: krbf__advnormalizedfitness__M3__L8__eps0p025__g0p01__ds0p3__dm0p01
Problem: QUBO
Kernel: rbf
Advantage: normalizedfitness
M: 3
lambda: 8
epsilon_svgd: 0.025
gamma: 0.01
decay_start_ratio: 0.3
decay_min_factor: 0.01
bandwith_kernel: None
no_interact: False
avg_score: -429.67999267578125
median_score: -430.5
std_score: 23.357601165771484
percentiles: 2%=-479.0799865722656, 5%=-469.29998779296875, 10%=-457.0, 25%=-443.25, 50%=-430.5, 75%=-414.0, 90%=-397.0, 95%=-390.9000244140625, 98%=-380.0
ranking_best_algo: CMAL3
ranking_best_score: 435.36
ranking_my_rank: 10/504 (98.2%)
ranking_my_percent: 98.21428571428571
