ConfigName: kjsd__advperagentrankweighted__M5__L10__eps0p005__g0p003__ds0p05__dm0p2
Problem: QUBO
Kernel: jsd
Advantage: peragentrankweighted
M: 5
lambda: 10
epsilon_svgd: 0.005
gamma: 0.003
decay_start_ratio: 0.05
decay_min_factor: 0.2
bandwith_kernel: None
no_interact: False
avg_score: -956.4199829101562
median_score: -954.5
std_score: 82.1364974975586
percentiles: 2%=-1105.02001953125, 5%=-1095.300048828125, 10%=-1068.0999755859375, 25%=-1022.0, 50%=-954.5, 75%=-901.0, 90%=-862.4000244140625, 95%=-812.9500122070312, 98%=-778.6400146484375
ranking_best_algo: BigLognormalDiscreteOnePlusOne
ranking_best_score: 1301.3600000000004
ranking_my_rank: 291/504 (42.5%)
ranking_my_percent: 42.46031746031746
