ConfigName: kjsd__advperagentrankweighted__M3__L18__eps0p005__g0p0005__ds0p05__dm0p1
Problem: NK
Kernel: jsd
Advantage: peragentrankweighted
M: 3
lambda: 18
epsilon_svgd: 0.005
gamma: 0.0005
decay_start_ratio: 0.05
decay_min_factor: 0.1
bandwith_kernel: None
no_interact: False
avg_score: 0.7480080127716064
median_score: 0.7489179372787476
std_score: 0.009614668786525726
percentiles: 2%=0.729791522026062, 5%=0.7345679998397827, 10%=0.7355855703353882, 25%=0.7415728569030762, 50%=0.7489179372787476, 75%=0.7548069953918457, 90%=0.7619333267211914, 95%=0.762932300567627, 98%=0.766671895980835
ranking_best_algo: PBIL
ranking_best_score: 0.733570253046875
ranking_my_rank: 1/504 (100.0%)
ranking_my_percent: 100.0
