ConfigName: kfr__advglobalrankweighted__M4__L13__eps0p06__g0p007__ds0p01__dm0p01
Problem: QUBO
Kernel: fr
Advantage: globalrankweighted
M: 4
lambda: 13
epsilon_svgd: 0.06
gamma: 0.007
decay_start_ratio: 0.01
decay_min_factor: 0.01
bandwith_kernel: None
no_interact: False
avg_score: -414.4599914550781
median_score: -414.0
std_score: 27.426782608032227
percentiles: 2%=-477.0400085449219, 5%=-461.20001220703125, 10%=-453.1000061035156, 25%=-432.0, 50%=-414.0, 75%=-396.0, 90%=-383.6000061035156, 95%=-373.79998779296875, 98%=-357.760009765625
ranking_best_algo: Tabu
ranking_best_score: 438.12
ranking_my_rank: 53/504 (89.7%)
ranking_my_percent: 89.68253968253968
