ConfigName: krbf__advnormalizedfitness__M5__L10__eps0p03__g0p01__ds0p05__dm0p05
Problem: QUBO
Kernel: rbf
Advantage: normalizedfitness
M: 5
lambda: 10
epsilon_svgd: 0.03
gamma: 0.01
decay_start_ratio: 0.05
decay_min_factor: 0.05
bandwith_kernel: None
no_interact: False
avg_score: -1121.5400390625
median_score: -1114.0
std_score: 95.31782531738281
percentiles: 2%=-1320.3399658203125, 5%=-1300.1500244140625, 10%=-1247.800048828125, 25%=-1191.0, 50%=-1114.0, 75%=-1051.75, 90%=-1005.5, 95%=-987.7000122070312, 98%=-944.9600219726562
ranking_best_algo: BigLognormalDiscreteOnePlusOne
ranking_best_score: 1301.3600000000004
ranking_my_rank: 177/504 (65.1%)
ranking_my_percent: 65.07936507936508
