ConfigName: kjsd__advperagentrankweighted__M3__L20__eps0p007__g0p0005__ds0p2__dm0p05
Problem: QUBO
Kernel: jsd
Advantage: peragentrankweighted
M: 3
lambda: 20
epsilon_svgd: 0.007
gamma: 0.0005
decay_start_ratio: 0.2
decay_min_factor: 0.05
bandwith_kernel: None
no_interact: False
avg_score: -582.4400024414062
median_score: -581.5
std_score: 26.302974700927734
percentiles: 2%=-633.0800170898438, 5%=-623.0999755859375, 10%=-617.0, 25%=-601.0, 50%=-581.5, 75%=-566.75, 90%=-548.7000122070312, 95%=-541.0, 98%=-536.6400146484375
ranking_best_algo: Tabu
ranking_best_score: 588.7199999999999
ranking_my_rank: 9/503 (98.4%)
ranking_my_percent: 98.40954274353876
