ConfigName: krbf__advnormalizedfitness__M5__L24__eps0p03__g0p01__ds0p05__dm0p05
Problem: NK
Kernel: rbf
Advantage: normalizedfitness
M: 5
lambda: 24
epsilon_svgd: 0.03
gamma: 0.01
decay_start_ratio: 0.05
decay_min_factor: 0.05
bandwith_kernel: None
no_interact: False
avg_score: 0.7088663578033447
median_score: 0.7078200578689575
std_score: 0.01912061497569084
percentiles: 2%=0.6754350662231445, 5%=0.6790093779563904, 10%=0.6861348152160645, 25%=0.6946719288825989, 50%=0.7078200578689575, 75%=0.7219879627227783, 90%=0.7372653484344482, 95%=0.7420005202293396, 98%=0.7437765002250671
ranking_best_algo: Tabu
ranking_best_score: 0.7657846284375001
ranking_my_rank: 311/504 (38.5%)
ranking_my_percent: 38.492063492063494
