ConfigName: krbf__advnormalizedfitness__M4__L8__eps0p015__g0p01__ds0p3__dm0p3
Problem: QUBO
Kernel: rbf
Advantage: normalizedfitness
M: 4
lambda: 8
epsilon_svgd: 0.015
gamma: 0.01
decay_start_ratio: 0.3
decay_min_factor: 0.3
bandwith_kernel: None
no_interact: False
avg_score: -1456.56005859375
median_score: -1452.0
std_score: 180.2047882080078
percentiles: 2%=-1916.52001953125, 5%=-1741.5499267578125, 10%=-1671.199951171875, 25%=-1549.75, 50%=-1452.0, 75%=-1331.0, 90%=-1244.300048828125, 95%=-1210.8499755859375, 98%=-1161.979736328125
ranking_best_algo: RLSOnePlusOne
ranking_best_score: 3316.5199999999995
ranking_my_rank: 368/504 (27.2%)
ranking_my_percent: 27.182539682539684
