ConfigName: krbf__advnormalizedfitness__M4__L8__eps0p03__g0p01__ds0p05__dm0p05
Problem: NK
Kernel: rbf
Advantage: normalizedfitness
M: 4
lambda: 8
epsilon_svgd: 0.03
gamma: 0.01
decay_start_ratio: 0.05
decay_min_factor: 0.05
bandwith_kernel: None
no_interact: False
avg_score: 0.758048951625824
median_score: 0.7577023506164551
std_score: 0.012899602763354778
percentiles: 2%=0.7325354814529419, 5%=0.7360992431640625, 10%=0.7420662045478821, 25%=0.7475868463516235, 50%=0.7577023506164551, 75%=0.7680656909942627, 90%=0.7749936580657959, 95%=0.7773123979568481, 98%=0.7809598445892334
ranking_best_algo: Tabu
ranking_best_score: 0.7470791764843752
ranking_my_rank: 1/504 (100.0%)
ranking_my_percent: 100.0
