ConfigName: krbf__advnormalizedfitness__M2__L6__eps0p01__g0p015__ds0p01__dm0p01
Problem: QUBO
Kernel: rbf
Advantage: normalizedfitness
M: 2
lambda: 6
epsilon_svgd: 0.01
gamma: 0.015
decay_start_ratio: 0.01
decay_min_factor: 0.01
bandwith_kernel: None
no_interact: False
avg_score: -440.1000061035156
median_score: -440.5
std_score: 27.5845947265625
percentiles: 2%=-486.1199951171875, 5%=-483.1000061035156, 10%=-476.29998779296875, 25%=-460.0, 50%=-440.5, 75%=-417.75, 90%=-404.8999938964844, 95%=-394.9000244140625, 98%=-389.89996337890625
ranking_best_algo: CMApara
ranking_best_score: 453.82
ranking_my_rank: 15/504 (97.2%)
ranking_my_percent: 97.22222222222223
