ConfigName: kjsd__advperagentrankweighted__M4__L20__eps0p007__g0p0005__ds0p05__dm0p1
Problem: QUBO
Kernel: jsd
Advantage: peragentrankweighted
M: 4
lambda: 20
epsilon_svgd: 0.007
gamma: 0.0005
decay_start_ratio: 0.05
decay_min_factor: 0.1
bandwith_kernel: None
no_interact: False
avg_score: -3308.139892578125
median_score: -3313.0
std_score: 117.14102172851562
percentiles: 2%=-3526.719970703125, 5%=-3485.64990234375, 10%=-3450.800048828125, 25%=-3380.5, 50%=-3313.0, 75%=-3219.5, 90%=-3159.60009765625, 95%=-3117.35009765625, 98%=-3079.260009765625
ranking_best_algo: RLSOnePlusOne
ranking_best_score: 3316.5199999999995
ranking_my_rank: 2/504 (99.8%)
ranking_my_percent: 99.8015873015873
