ConfigName: kjsd__advperagentrankweighted__M3__L24__eps0p007__g0p0005__ds0p05__dm0p2
Problem: QUBO
Kernel: jsd
Advantage: peragentrankweighted
M: 3
lambda: 24
epsilon_svgd: 0.007
gamma: 0.0005
decay_start_ratio: 0.05
decay_min_factor: 0.2
bandwith_kernel: None
no_interact: False
avg_score: -442.5400085449219
median_score: -441.0
std_score: 26.179922103881836
percentiles: 2%=-487.1000061035156, 5%=-485.1000061035156, 10%=-472.29998779296875, 25%=-463.0, 50%=-441.0, 75%=-426.5, 90%=-405.79998779296875, 95%=-399.79998779296875, 98%=-385.9599914550781
ranking_best_algo: CMApara
ranking_best_score: 453.82
ranking_my_rank: 9/504 (98.4%)
ranking_my_percent: 98.41269841269842
