ConfigName: kjsd__advperagentrankweighted__M6__L8__eps0p03__g0p0005__ds0p2__dm0p05
Problem: QUBO
Kernel: jsd
Advantage: peragentrankweighted
M: 6
lambda: 8
epsilon_svgd: 0.03
gamma: 0.0005
decay_start_ratio: 0.2
decay_min_factor: 0.05
bandwith_kernel: None
no_interact: False
avg_score: -1281.1600341796875
median_score: -1275.0
std_score: 58.64020919799805
percentiles: 2%=-1411.1199951171875, 5%=-1399.199951171875, 10%=-1350.4000244140625, 25%=-1319.0, 50%=-1275.0, 75%=-1236.0, 90%=-1211.699951171875, 95%=-1194.9000244140625, 98%=-1165.0
ranking_best_algo: BigLognormalDiscreteOnePlusOne
ranking_best_score: 1301.3600000000004
ranking_my_rank: 7/504 (98.8%)
ranking_my_percent: 98.80952380952381
