ConfigName: krbf__advnormalizedfitness__M4__L12__eps0p025__g0p005__ds0p3__dm0p3
Problem: QUBO
Kernel: rbf
Advantage: normalizedfitness
M: 4
lambda: 12
epsilon_svgd: 0.025
gamma: 0.005
decay_start_ratio: 0.3
decay_min_factor: 0.3
bandwith_kernel: None
no_interact: False
avg_score: -2217.93994140625
median_score: -2207.5
std_score: 182.3118133544922
percentiles: 2%=-2539.159912109375, 5%=-2503.10009765625, 10%=-2472.0, 25%=-2341.0, 50%=-2207.5, 75%=-2085.25, 90%=-1963.0999755859375, 95%=-1931.60009765625, 98%=-1891.43994140625
ranking_best_algo: SVM1MetaModelLogNormal
ranking_best_score: 2605.14
ranking_my_rank: 178/504 (64.9%)
ranking_my_percent: 64.88095238095238
