ConfigName: kjsd__advperagentrankweighted__M3__L30__eps0p005__g0p0005__ds0p1__dm0p05
Problem: QUBO
Kernel: jsd
Advantage: peragentrankweighted
M: 3
lambda: 30
epsilon_svgd: 0.005
gamma: 0.0005
decay_start_ratio: 0.1
decay_min_factor: 0.05
bandwith_kernel: None
no_interact: False
avg_score: -908.6400146484375
median_score: -909.0
std_score: 64.10935974121094
percentiles: 2%=-1044.0799560546875, 5%=-1018.2999877929688, 10%=-986.9000244140625, 25%=-951.0, 50%=-909.0, 75%=-867.25, 90%=-834.9000244140625, 95%=-802.0999755859375, 98%=-775.97998046875
ranking_best_algo: CMAL3
ranking_best_score: 928.5800000000002
ranking_my_rank: 29/504 (94.4%)
ranking_my_percent: 94.44444444444444
