ConfigName: krbf__advnormalizedfitness__M3__L8__eps0p015__g0p005__ds0p15__dm0p3
Problem: NK
Kernel: rbf
Advantage: normalizedfitness
M: 3
lambda: 8
epsilon_svgd: 0.015
gamma: 0.005
decay_start_ratio: 0.15
decay_min_factor: 0.3
bandwith_kernel: None
no_interact: False
avg_score: 0.7396275997161865
median_score: 0.7387176156044006
std_score: 0.011756284162402153
percentiles: 2%=0.7199394702911377, 5%=0.7232022881507874, 10%=0.7257144451141357, 25%=0.7299568057060242, 50%=0.7387176156044006, 75%=0.7480342984199524, 90%=0.7563002109527588, 95%=0.7573120594024658, 98%=0.7638883590698242
ranking_best_algo: PBIL
ranking_best_score: 0.733570253046875
ranking_my_rank: 1/504 (100.0%)
ranking_my_percent: 100.0
