ConfigName: krbf__advnormalizedfitness__M3__L24__eps0p03__g0p01__ds0p05__dm0p05
Problem: QUBO
Kernel: rbf
Advantage: normalizedfitness
M: 3
lambda: 24
epsilon_svgd: 0.03
gamma: 0.01
decay_start_ratio: 0.05
decay_min_factor: 0.05
bandwith_kernel: None
no_interact: False
avg_score: -1340.1199951171875
median_score: -1328.0
std_score: 128.94667053222656
percentiles: 2%=-1567.9599609375, 5%=-1540.199951171875, 10%=-1524.5999755859375, 25%=-1442.0, 50%=-1328.0, 75%=-1243.75, 90%=-1167.0, 95%=-1148.300048828125, 98%=-1120.9200439453125
ranking_best_algo: NLOPT_LN_PRAXIS
ranking_best_score: 1607.12
ranking_my_rank: 193/504 (61.9%)
ranking_my_percent: 61.904761904761905
