ConfigName: krbf__advnormalizedfitness__M3__L10__eps0p025__g0p01__ds0p3__dm0p01
Problem: QUBO
Kernel: rbf
Advantage: normalizedfitness
M: 3
lambda: 10
epsilon_svgd: 0.025
gamma: 0.01
decay_start_ratio: 0.3
decay_min_factor: 0.01
bandwith_kernel: None
no_interact: False
avg_score: -442.0400085449219
median_score: -445.0
std_score: 25.58121109008789
percentiles: 2%=-489.05999755859375, 5%=-484.0, 10%=-473.0, 25%=-459.0, 50%=-445.0, 75%=-424.5, 90%=-408.70001220703125, 95%=-400.4500427246094, 98%=-384.0
ranking_best_algo: CMApara
ranking_best_score: 453.82
ranking_my_rank: 10/504 (98.2%)
ranking_my_percent: 98.21428571428571
