ConfigName: kjsd__advperagentrankweighted__M4__L24__eps0p01__g0p0003__ds0p05__dm0p05
Problem: NK
Kernel: jsd
Advantage: peragentrankweighted
M: 4
lambda: 24
epsilon_svgd: 0.01
gamma: 0.0003
decay_start_ratio: 0.05
decay_min_factor: 0.05
bandwith_kernel: None
no_interact: False
avg_score: 0.7513540387153625
median_score: 0.7511779069900513
std_score: 0.014181175269186497
percentiles: 2%=0.7248139977455139, 5%=0.7259187698364258, 10%=0.7312530279159546, 25%=0.7445926666259766, 50%=0.7511779069900513, 75%=0.762590229511261, 90%=0.7678582668304443, 95%=0.7724904417991638, 98%=0.7774960994720459
ranking_best_algo: Tabu
ranking_best_score: 0.7657846284375001
ranking_my_rank: 16/504 (97.0%)
ranking_my_percent: 97.02380952380952
