ConfigName: krbf__advnormalizedfitness__M4__L10__eps0p01__g0p002__ds0p05__dm0p05
Problem: QUBO
Kernel: rbf
Advantage: normalizedfitness
M: 4
lambda: 10
epsilon_svgd: 0.01
gamma: 0.002
decay_start_ratio: 0.05
decay_min_factor: 0.05
bandwith_kernel: None
no_interact: False
avg_score: -1565.8599853515625
median_score: -1577.5
std_score: 99.48587799072266
percentiles: 2%=-1731.06005859375, 5%=-1707.4000244140625, 10%=-1688.5, 25%=-1647.75, 50%=-1577.5, 75%=-1488.25, 90%=-1440.800048828125, 95%=-1419.1500244140625, 98%=-1375.6199951171875
ranking_best_algo: NLOPT_LN_PRAXIS
ranking_best_score: 1607.12
ranking_my_rank: 49/504 (90.5%)
ranking_my_percent: 90.47619047619048
