ConfigName: kjsd__advperagentrankweighted__M3__L24__eps0p005__g0p001__ds0p2__dm0p2
Problem: QUBO
Kernel: jsd
Advantage: peragentrankweighted
M: 3
lambda: 24
epsilon_svgd: 0.005
gamma: 0.001
decay_start_ratio: 0.2
decay_min_factor: 0.2
bandwith_kernel: None
no_interact: False
avg_score: -200.22000122070312
median_score: -201.5
std_score: 13.123703956604004
percentiles: 2%=-224.0, 5%=-218.14999389648438, 10%=-216.0, 25%=-209.25, 50%=-201.5, 75%=-193.0, 90%=-182.89999389648438, 95%=-177.8000030517578, 98%=-170.0
ranking_best_algo: Tabu
ranking_best_score: 208.36000000000004
ranking_my_rank: 50/504 (90.3%)
ranking_my_percent: 90.27777777777777
