ConfigName: krbf__advnormalizedfitness__M3__L12__eps0p015__g0p015__ds0p01__dm0p01
Problem: QUBO
Kernel: rbf
Advantage: normalizedfitness
M: 3
lambda: 12
epsilon_svgd: 0.015
gamma: 0.015
decay_start_ratio: 0.01
decay_min_factor: 0.01
bandwith_kernel: None
no_interact: False
avg_score: -1104.4200439453125
median_score: -1106.0
std_score: 84.23944091796875
percentiles: 2%=-1257.06005859375, 5%=-1243.0, 10%=-1222.5, 25%=-1161.25, 50%=-1106.0, 75%=-1044.75, 90%=-988.9000244140625, 95%=-956.6000366210938, 98%=-928.5599365234375
ranking_best_algo: BigLognormalDiscreteOnePlusOne
ranking_best_score: 1301.3600000000004
ranking_my_rank: 198/504 (60.9%)
ranking_my_percent: 60.91269841269841
