ConfigName: krbf__advnormalizedfitness__M3__L15__eps0p015__g0p015__ds0p01__dm0p3
Problem: QUBO
Kernel: rbf
Advantage: normalizedfitness
M: 3
lambda: 15
epsilon_svgd: 0.015
gamma: 0.015
decay_start_ratio: 0.01
decay_min_factor: 0.3
bandwith_kernel: None
no_interact: False
avg_score: -1149.780029296875
median_score: -1130.5
std_score: 132.1258087158203
percentiles: 2%=-1418.3199462890625, 5%=-1360.199951171875, 10%=-1346.0, 25%=-1251.5, 50%=-1130.5, 75%=-1040.0, 90%=-993.7000122070312, 95%=-954.8500366210938, 98%=-894.8599853515625
ranking_best_algo: SVM1MetaModelLogNormal
ranking_best_score: 2605.14
ranking_my_rank: 387/504 (23.4%)
ranking_my_percent: 23.41269841269841
