ConfigName: kjsd__advperagentrankweighted__M4__L20__eps0p005__g0p001__ds0p2__dm0p2
Problem: QUBO
Kernel: jsd
Advantage: peragentrankweighted
M: 4
lambda: 20
epsilon_svgd: 0.005
gamma: 0.001
decay_start_ratio: 0.2
decay_min_factor: 0.2
bandwith_kernel: None
no_interact: False
avg_score: -2964.8798828125
median_score: -2966.0
std_score: 192.81613159179688
percentiles: 2%=-3363.260009765625, 5%=-3262.449951171875, 10%=-3200.10009765625, 25%=-3102.25, 50%=-2966.0, 75%=-2808.5, 90%=-2709.10009765625, 95%=-2649.800048828125, 98%=-2604.820068359375
ranking_best_algo: RLSOnePlusOne
ranking_best_score: 3316.5199999999995
ranking_my_rank: 133/504 (73.8%)
ranking_my_percent: 73.80952380952381
