ConfigName: kjsd__advperagentrankweighted__M3__L20__eps0p007__g0p003__ds0p05__dm0p2
Problem: QUBO
Kernel: jsd
Advantage: peragentrankweighted
M: 3
lambda: 20
epsilon_svgd: 0.007
gamma: 0.003
decay_start_ratio: 0.05
decay_min_factor: 0.2
bandwith_kernel: None
no_interact: False
avg_score: -555.719970703125
median_score: -559.5
std_score: 35.45083236694336
percentiles: 2%=-623.0, 5%=-617.0, 10%=-607.2000122070312, 25%=-579.0, 50%=-559.5, 75%=-532.25, 90%=-505.8999938964844, 95%=-490.8999938964844, 98%=-485.9599914550781
ranking_best_algo: Tabu
ranking_best_score: 588.7199999999999
ranking_my_rank: 143/503 (71.8%)
ranking_my_percent: 71.76938369781313
