ConfigName: kjsd__advperagentrankweighted__M3__L18__eps0p01__g0p001__ds0p05__dm0p05
Problem: NK
Kernel: jsd
Advantage: peragentrankweighted
M: 3
lambda: 18
epsilon_svgd: 0.01
gamma: 0.001
decay_start_ratio: 0.05
decay_min_factor: 0.05
bandwith_kernel: None
no_interact: False
avg_score: 0.7518718242645264
median_score: 0.7531166672706604
std_score: 0.015377882868051529
percentiles: 2%=0.723965585231781, 5%=0.7255873680114746, 10%=0.7324594855308533, 25%=0.7405251860618591, 50%=0.7531166672706604, 75%=0.7628301382064819, 90%=0.7717241048812866, 95%=0.7761476039886475, 98%=0.7795491814613342
ranking_best_algo: Tabu
ranking_best_score: 0.7657846284375001
ranking_my_rank: 14/504 (97.4%)
ranking_my_percent: 97.42063492063492
