ConfigName: kjsd__advperagentrankweighted__M4__L12__eps0p005__g0p0007__ds0p2__dm0p05
Problem: QUBO
Kernel: jsd
Advantage: peragentrankweighted
M: 4
lambda: 12
epsilon_svgd: 0.005
gamma: 0.0007
decay_start_ratio: 0.2
decay_min_factor: 0.05
bandwith_kernel: None
no_interact: False
avg_score: -941.52001953125
median_score: -935.0
std_score: 69.3725357055664
percentiles: 2%=-1065.02001953125, 5%=-1058.050048828125, 10%=-1037.199951171875, 25%=-1000.75, 50%=-935.0, 75%=-889.75, 90%=-858.5999755859375, 95%=-832.7000122070312, 98%=-816.6400146484375
ranking_best_algo: CMApara
ranking_best_score: 964.9
ranking_my_rank: 5/504 (99.2%)
ranking_my_percent: 99.2063492063492
