ConfigName: krbf__advnormalizedfitness__M4__L10__eps0p03__g0p002__ds0p05__dm0p05
Problem: NK
Kernel: rbf
Advantage: normalizedfitness
M: 4
lambda: 10
epsilon_svgd: 0.03
gamma: 0.002
decay_start_ratio: 0.05
decay_min_factor: 0.05
bandwith_kernel: None
no_interact: False
avg_score: 0.7085334062576294
median_score: 0.7095481157302856
std_score: 0.015466897748410702
percentiles: 2%=0.669604480266571, 5%=0.6717115044593811, 10%=0.6938591003417969, 25%=0.7040379047393799, 50%=0.7095481157302856, 75%=0.7183781862258911, 90%=0.7251947522163391, 95%=0.732358455657959, 98%=0.733194887638092
ranking_best_algo: CMApara
ranking_best_score: 0.707475975
ranking_my_rank: 1/504 (100.0%)
ranking_my_percent: 100.0
