ConfigName: krbf__advnormalizedfitness__M4__L10__eps0p025__g0p007__ds0p15__dm0p3
Problem: NK
Kernel: rbf
Advantage: normalizedfitness
M: 4
lambda: 10
epsilon_svgd: 0.025
gamma: 0.007
decay_start_ratio: 0.15
decay_min_factor: 0.3
bandwith_kernel: None
no_interact: False
avg_score: 0.7004089951515198
median_score: 0.7002983093261719
std_score: 0.01618880219757557
percentiles: 2%=0.6653903126716614, 5%=0.6741786599159241, 10%=0.680034339427948, 25%=0.6913915872573853, 50%=0.7002983093261719, 75%=0.7097124457359314, 90%=0.7220561504364014, 95%=0.7269922494888306, 98%=0.7345970869064331
ranking_best_algo: PBIL
ranking_best_score: 0.733570253046875
ranking_my_rank: 108/504 (78.8%)
ranking_my_percent: 78.76984126984127
