ConfigName: kjsd__advperagentrankweighted__M2__L20__eps0p005__g0p0005__ds0p1__dm0p1
Problem: QUBO
Kernel: jsd
Advantage: peragentrankweighted
M: 2
lambda: 20
epsilon_svgd: 0.005
gamma: 0.0005
decay_start_ratio: 0.1
decay_min_factor: 0.1
bandwith_kernel: None
no_interact: False
avg_score: -436.8800048828125
median_score: -441.5
std_score: 27.796142578125
percentiles: 2%=-485.0400085449219, 5%=-479.04998779296875, 10%=-471.1000061035156, 25%=-457.25, 50%=-441.5, 75%=-411.75, 90%=-395.8999938964844, 95%=-390.8999938964844, 98%=-383.9599914550781
ranking_best_algo: CMApara
ranking_best_score: 453.82
ranking_my_rank: 30/504 (94.2%)
ranking_my_percent: 94.24603174603175
