ConfigName: kjsd__advperagentrankweighted__M5__L8__eps0p005__g0p0005__ds0p2__dm0p2
Problem: NK
Kernel: jsd
Advantage: peragentrankweighted
M: 5
lambda: 8
epsilon_svgd: 0.005
gamma: 0.0005
decay_start_ratio: 0.2
decay_min_factor: 0.2
bandwith_kernel: None
no_interact: False
avg_score: 0.7573158144950867
median_score: 0.7568503618240356
std_score: 0.01066503580659628
percentiles: 2%=0.7377892136573792, 5%=0.7403380274772644, 10%=0.7435699701309204, 25%=0.7504595518112183, 50%=0.7568503618240356, 75%=0.7652040123939514, 90%=0.7692803144454956, 95%=0.7732098698616028, 98%=0.7778493165969849
ranking_best_algo: Tabu
ranking_best_score: 0.7470791764843752
ranking_my_rank: 1/504 (100.0%)
ranking_my_percent: 100.0
