ConfigName: krbf__advnormalizedfitness__M3__L8__eps0p015__g0p01__ds0p01__dm0p3
Problem: QUBO
Kernel: rbf
Advantage: normalizedfitness
M: 3
lambda: 8
epsilon_svgd: 0.015
gamma: 0.01
decay_start_ratio: 0.01
decay_min_factor: 0.3
bandwith_kernel: None
no_interact: False
avg_score: -1345.719970703125
median_score: -1342.5
std_score: 118.9863052368164
percentiles: 2%=-1579.0799560546875, 5%=-1544.199951171875, 10%=-1519.5999755859375, 25%=-1423.25, 50%=-1342.5, 75%=-1261.0, 90%=-1183.5, 95%=-1154.60009765625, 98%=-1138.8800048828125
ranking_best_algo: NLOPT_LN_PRAXIS
ranking_best_score: 1607.12
ranking_my_rank: 177/504 (65.1%)
ranking_my_percent: 65.07936507936508
