ConfigName: kjsd__advperagentrankweighted__M3__L30__eps0p005__g0p0005__ds0p1__dm0p05
Problem: NK
Kernel: jsd
Advantage: peragentrankweighted
M: 3
lambda: 30
epsilon_svgd: 0.005
gamma: 0.0005
decay_start_ratio: 0.1
decay_min_factor: 0.05
bandwith_kernel: None
no_interact: False
avg_score: 0.7444888353347778
median_score: 0.740497887134552
std_score: 0.029065772891044617
percentiles: 2%=0.6932266354560852, 5%=0.7066296339035034, 10%=0.7120510935783386, 25%=0.7264875173568726, 50%=0.740497887134552, 75%=0.7580187320709229, 90%=0.7783373594284058, 95%=0.8118547797203064, 98%=0.8118547797203064
ranking_best_algo: CMApara
ranking_best_score: 0.7459277895312499
ranking_my_rank: 3/504 (99.6%)
ranking_my_percent: 99.60317460317461
