ConfigName: kfr__advglobalrankweighted__M1__L11__eps0p01__g0p005__ds0p01__dm0p01
Problem: QUBO
Kernel: fr
Advantage: globalrankweighted
M: 1
lambda: 11
epsilon_svgd: 0.01
gamma: 0.005
decay_start_ratio: 0.01
decay_min_factor: 0.01
bandwith_kernel: None
no_interact: False
avg_score: -876.9000244140625
median_score: -874.0
std_score: 67.05020141601562
percentiles: 2%=-1007.3800048828125, 5%=-987.2000122070312, 10%=-963.5999755859375, 25%=-925.5, 50%=-874.0, 75%=-832.75, 90%=-790.9000244140625, 95%=-769.6000366210938, 98%=-746.7599487304688
ranking_best_algo: CMAL3
ranking_best_score: 928.5800000000002
ranking_my_rank: 129/504 (74.6%)
ranking_my_percent: 74.60317460317461
