ConfigName: kjsd__advperagentrankweighted__M5__L12__eps0p03__g0p0003__ds0p05__dm0p05
Problem: QUBO
Kernel: jsd
Advantage: peragentrankweighted
M: 5
lambda: 12
epsilon_svgd: 0.03
gamma: 0.0003
decay_start_ratio: 0.05
decay_min_factor: 0.05
bandwith_kernel: None
no_interact: False
avg_score: -417.8999938964844
median_score: -417.5
std_score: 25.375381469726562
percentiles: 2%=-469.20001220703125, 5%=-459.0, 10%=-453.0, 25%=-435.25, 50%=-417.5, 75%=-398.0, 90%=-388.70001220703125, 95%=-377.8999938964844, 98%=-370.9800109863281
ranking_best_algo: CMAL3
ranking_best_score: 435.36
ranking_my_rank: 99/504 (80.6%)
ranking_my_percent: 80.55555555555556
