ConfigName: krbf__advnormalizedfitness__M5__L24__eps0p025__g0p01__ds0p05__dm0p05
Problem: QUBO
Kernel: rbf
Advantage: normalizedfitness
M: 5
lambda: 24
epsilon_svgd: 0.025
gamma: 0.01
decay_start_ratio: 0.05
decay_min_factor: 0.05
bandwith_kernel: None
no_interact: False
avg_score: -530.5999755859375
median_score: -525.5
std_score: 60.105072021484375
percentiles: 2%=-650.8599853515625, 5%=-623.2999877929688, 10%=-616.0999755859375, 25%=-561.25, 50%=-525.5, 75%=-491.0, 90%=-462.0, 95%=-445.8999938964844, 98%=-439.5
ranking_best_algo: Tabu
ranking_best_score: 1216.16
ranking_my_rank: 393/504 (22.2%)
ranking_my_percent: 22.22222222222222
