ConfigName: kjsd__advperagentrankweighted__M3__L16__eps0p007__g0p0007__ds0p2__dm0p2
Problem: QUBO
Kernel: jsd
Advantage: peragentrankweighted
M: 3
lambda: 16
epsilon_svgd: 0.007
gamma: 0.0007
decay_start_ratio: 0.2
decay_min_factor: 0.2
bandwith_kernel: None
no_interact: False
avg_score: -2628.139892578125
median_score: -2634.5
std_score: 112.27066040039062
percentiles: 2%=-2867.0, 5%=-2821.300048828125, 10%=-2767.10009765625, 25%=-2699.25, 50%=-2634.5, 75%=-2548.75, 90%=-2503.300048828125, 95%=-2482.10009765625, 98%=-2380.739990234375
ranking_best_algo: DiscreteLengler2OnePlusOne
ranking_best_score: 2617.04
ranking_my_rank: 1/504 (100.0%)
ranking_my_percent: 100.0
