ConfigName: kfr__advglobalrankweighted__M5__L10__eps0p01__g0p005__ds0p01__dm0p01
Problem: QUBO
Kernel: fr
Advantage: globalrankweighted
M: 5
lambda: 10
epsilon_svgd: 0.01
gamma: 0.005
decay_start_ratio: 0.01
decay_min_factor: 0.01
bandwith_kernel: None
no_interact: False
avg_score: -1050.1400146484375
median_score: -1051.0
std_score: 63.88896942138672
percentiles: 2%=-1175.4200439453125, 5%=-1167.050048828125, 10%=-1124.9000244140625, 25%=-1094.25, 50%=-1051.0, 75%=-998.75, 90%=-972.9000244140625, 95%=-960.85009765625, 98%=-936.679931640625
ranking_best_algo: SVMMetaModelLogNormal
ranking_best_score: 1233.7999999999997
ranking_my_rank: 196/504 (61.3%)
ranking_my_percent: 61.30952380952381
