ConfigName: kjsd__advperagentrankweighted__M5__L12__eps0p02__g0p0007__ds0p2__dm0p05
Problem: NK
Kernel: jsd
Advantage: peragentrankweighted
M: 5
lambda: 12
epsilon_svgd: 0.02
gamma: 0.0007
decay_start_ratio: 0.2
decay_min_factor: 0.05
bandwith_kernel: None
no_interact: False
avg_score: 0.7513377666473389
median_score: 0.7495653629302979
std_score: 0.014199554920196533
percentiles: 2%=0.7251958250999451, 5%=0.730073094367981, 10%=0.7331545352935791, 25%=0.7425777316093445, 50%=0.7495653629302979, 75%=0.7608753442764282, 90%=0.7702940106391907, 95%=0.7762730717658997, 98%=0.7800776958465576
ranking_best_algo: Tabu
ranking_best_score: 0.7657846284375001
ranking_my_rank: 17/504 (96.8%)
ranking_my_percent: 96.82539682539682
