ConfigName: krbf__advnormalizedfitness__M1__L8__eps0p033__g0p015__ds0p01__dm0p01
Problem: NK
Kernel: rbf
Advantage: normalizedfitness
M: 1
lambda: 8
epsilon_svgd: 0.033
gamma: 0.015
decay_start_ratio: 0.01
decay_min_factor: 0.01
bandwith_kernel: None
no_interact: False
avg_score: 0.7036739587783813
median_score: 0.7048741579055786
std_score: 0.012051720172166824
percentiles: 2%=0.6825588345527649, 5%=0.6849275231361389, 10%=0.6864003539085388, 25%=0.6932843923568726, 50%=0.7048741579055786, 75%=0.7146040201187134, 90%=0.7181112766265869, 95%=0.7199094295501709, 98%=0.7215269207954407
ranking_best_algo: PBIL
ranking_best_score: 0.7013553837109374
ranking_my_rank: 1/504 (100.0%)
ranking_my_percent: 100.0
