ConfigName: krbf__advnormalizedfitness__M3__L15__eps0p015__g0p015__ds0p3__dm0p3
Problem: NK
Kernel: rbf
Advantage: normalizedfitness
M: 3
lambda: 15
epsilon_svgd: 0.015
gamma: 0.015
decay_start_ratio: 0.3
decay_min_factor: 0.3
bandwith_kernel: None
no_interact: False
avg_score: 0.5937981605529785
median_score: 0.5934815406799316
std_score: 0.006180707365274429
percentiles: 2%=0.5815099477767944, 5%=0.5837695002555847, 10%=0.5857672691345215, 25%=0.590153694152832, 50%=0.5934815406799316, 75%=0.5975068807601929, 90%=0.6020103693008423, 95%=0.6036593914031982, 98%=0.6063698530197144
ranking_best_algo: PBIL
ranking_best_score: 0.733570253046875
ranking_my_rank: 376/504 (25.6%)
ranking_my_percent: 25.595238095238095
