ConfigName: kjsd__advperagentrankweighted__M3__L16__eps0p007__g0p003__ds0p05__dm0p1
Problem: NK
Kernel: jsd
Advantage: peragentrankweighted
M: 3
lambda: 16
epsilon_svgd: 0.007
gamma: 0.003
decay_start_ratio: 0.05
decay_min_factor: 0.1
bandwith_kernel: None
no_interact: False
avg_score: 0.7108830213546753
median_score: 0.7111742496490479
std_score: 0.015315387398004532
percentiles: 2%=0.6723706722259521, 5%=0.6734927892684937, 10%=0.6972991228103638, 25%=0.7085593938827515, 50%=0.7111742496490479, 75%=0.7197456955909729, 90%=0.7254821062088013, 95%=0.7324422001838684, 98%=0.7332730889320374
ranking_best_algo: CMApara
ranking_best_score: 0.707475975
ranking_my_rank: 1/504 (100.0%)
ranking_my_percent: 100.0
