ConfigName: kjsd__advperagentrankweighted__M5__L8__eps0p03__g0p0003__ds0p2__dm0p05
Problem: NK
Kernel: jsd
Advantage: peragentrankweighted
M: 5
lambda: 8
epsilon_svgd: 0.03
gamma: 0.0003
decay_start_ratio: 0.2
decay_min_factor: 0.05
bandwith_kernel: None
no_interact: False
avg_score: 0.707503080368042
median_score: 0.7073323130607605
std_score: 0.008504705503582954
percentiles: 2%=0.6904531717300415, 5%=0.6940659284591675, 10%=0.6981114745140076, 25%=0.7034088373184204, 50%=0.7073323130607605, 75%=0.7122610807418823, 90%=0.7180993556976318, 95%=0.7226617336273193, 98%=0.7289435267448425
ranking_best_algo: Tabu
ranking_best_score: 0.7429702712499999
ranking_my_rank: 160/504 (68.5%)
ranking_my_percent: 68.45238095238095
