ConfigName: kjsd__advperagentrankweighted__M4__L28__eps0p005__g0p0005__ds0p05__dm0p05
Problem: QUBO
Kernel: jsd
Advantage: peragentrankweighted
M: 4
lambda: 28
epsilon_svgd: 0.005
gamma: 0.0005
decay_start_ratio: 0.05
decay_min_factor: 0.05
bandwith_kernel: None
no_interact: False
avg_score: -444.4599914550781
median_score: -447.0
std_score: 22.24294090270996
percentiles: 2%=-489.0, 5%=-484.1499938964844, 10%=-473.6000061035156, 25%=-459.25, 50%=-447.0, 75%=-428.75, 90%=-416.8999938964844, 95%=-407.95001220703125, 98%=-400.94000244140625
ranking_best_algo: CMApara
ranking_best_score: 453.82
ranking_my_rank: 6/504 (99.0%)
ranking_my_percent: 99.0079365079365
