ConfigName: kfr__advglobalrankweighted__M3__L8__eps0p015__g0p005__ds0p01__dm0p01
Problem: QUBO
Kernel: fr
Advantage: globalrankweighted
M: 3
lambda: 8
epsilon_svgd: 0.015
gamma: 0.005
decay_start_ratio: 0.01
decay_min_factor: 0.01
bandwith_kernel: None
no_interact: False
avg_score: -1626.1800537109375
median_score: -1626.0
std_score: 65.3224868774414
percentiles: 2%=-1748.5400390625, 5%=-1739.199951171875, 10%=-1709.199951171875, 25%=-1669.75, 50%=-1626.0, 75%=-1578.5, 90%=-1551.0, 95%=-1526.75, 98%=-1518.679931640625
ranking_best_algo: NLOPT_LN_PRAXIS
ranking_best_score: 1607.12
ranking_my_rank: 1/504 (100.0%)
ranking_my_percent: 100.0
