ConfigName: kfr__advglobalrankweighted__M3__L8__eps0p02__g0p003__ds0p01__dm0p01
Problem: QUBO
Kernel: fr
Advantage: globalrankweighted
M: 3
lambda: 8
epsilon_svgd: 0.02
gamma: 0.003
decay_start_ratio: 0.01
decay_min_factor: 0.01
bandwith_kernel: None
no_interact: False
avg_score: -572.5999755859375
median_score: -570.5
std_score: 27.859647750854492
percentiles: 2%=-625.0399780273438, 5%=-617.0999755859375, 10%=-613.2000122070312, 25%=-593.0, 50%=-570.5, 75%=-551.75, 90%=-540.9000244140625, 95%=-524.9500122070312, 98%=-521.0
ranking_best_algo: Tabu
ranking_best_score: 588.7199999999999
ranking_my_rank: 62/503 (87.9%)
ranking_my_percent: 87.8727634194831
