ConfigName: kjsd__advperagentrankweighted__M4__L24__eps0p01__g0p0005__ds0p05__dm0p05
Problem: NK
Kernel: jsd
Advantage: peragentrankweighted
M: 4
lambda: 24
epsilon_svgd: 0.01
gamma: 0.0005
decay_start_ratio: 0.05
decay_min_factor: 0.05
bandwith_kernel: None
no_interact: False
avg_score: 0.7486473321914673
median_score: 0.7480692863464355
std_score: 0.010500912554562092
percentiles: 2%=0.7308186888694763, 5%=0.7321606874465942, 10%=0.7360596060752869, 25%=0.7414497137069702, 50%=0.7480692863464355, 75%=0.7555593252182007, 90%=0.7632848024368286, 95%=0.7696231603622437, 98%=0.7717023491859436
ranking_best_algo: PBIL
ranking_best_score: 0.733570253046875
ranking_my_rank: 1/504 (100.0%)
ranking_my_percent: 100.0
