ConfigName: kjsd__advperagentrankweighted__M6__L30__eps0p005__g0p0005__ds0p05__dm0p05
Problem: QUBO
Kernel: jsd
Advantage: peragentrankweighted
M: 6
lambda: 30
epsilon_svgd: 0.005
gamma: 0.0005
decay_start_ratio: 0.05
decay_min_factor: 0.05
bandwith_kernel: None
no_interact: False
avg_score: -416.70001220703125
median_score: -418.0
std_score: 25.687936782836914
percentiles: 2%=-473.0, 5%=-454.1499938964844, 10%=-451.1000061035156, 25%=-432.0, 50%=-418.0, 75%=-399.5, 90%=-385.79998779296875, 95%=-374.0, 98%=-369.8800048828125
ranking_best_algo: Tabu
ranking_best_score: 438.12
ranking_my_rank: 43/504 (91.7%)
ranking_my_percent: 91.66666666666667
