ConfigName: krbf__advnormalizedfitness__M4__L12__eps0p025__g0p01__ds0p15__dm0p3
Problem: QUBO
Kernel: rbf
Advantage: normalizedfitness
M: 4
lambda: 12
epsilon_svgd: 0.025
gamma: 0.01
decay_start_ratio: 0.15
decay_min_factor: 0.3
bandwith_kernel: None
no_interact: False
avg_score: -1864.6400146484375
median_score: -1866.5
std_score: 192.66342163085938
percentiles: 2%=-2237.719970703125, 5%=-2183.0, 10%=-2123.0, 25%=-1998.5, 50%=-1866.5, 75%=-1716.25, 90%=-1640.9000244140625, 95%=-1555.650146484375, 98%=-1503.379638671875
ranking_best_algo: DiscreteLengler2OnePlusOne
ranking_best_score: 2617.04
ranking_my_rank: 314/504 (37.9%)
ranking_my_percent: 37.8968253968254
