ConfigName: krbf__advnormalizedfitness__M3__L10__eps0p015__g0p01__ds0p01__dm0p01
Problem: QUBO
Kernel: rbf
Advantage: normalizedfitness
M: 3
lambda: 10
epsilon_svgd: 0.015
gamma: 0.01
decay_start_ratio: 0.01
decay_min_factor: 0.01
bandwith_kernel: None
no_interact: False
avg_score: -1152.8599853515625
median_score: -1153.5
std_score: 83.911376953125
percentiles: 2%=-1318.4599609375, 5%=-1272.25, 10%=-1258.300048828125, 25%=-1207.25, 50%=-1153.5, 75%=-1092.75, 90%=-1046.5999755859375, 95%=-1016.300048828125, 98%=-993.7999267578125
ranking_best_algo: SVMMetaModelLogNormal
ranking_best_score: 1233.7999999999997
ranking_my_rank: 92/504 (81.9%)
ranking_my_percent: 81.94444444444444
