ConfigName: kjsd__advperagentrankweighted__M3__L18__eps0p005__g0p003__ds0p1__dm0p2
Problem: QUBO
Kernel: jsd
Advantage: peragentrankweighted
M: 3
lambda: 18
epsilon_svgd: 0.005
gamma: 0.003
decay_start_ratio: 0.1
decay_min_factor: 0.2
bandwith_kernel: None
no_interact: False
avg_score: -2175.580078125
median_score: -2179.0
std_score: 179.4792022705078
percentiles: 2%=-2567.139892578125, 5%=-2527.699951171875, 10%=-2403.89990234375, 25%=-2281.25, 50%=-2179.0, 75%=-2044.5, 90%=-1936.9000244140625, 95%=-1905.800048828125, 98%=-1886.3800048828125
ranking_best_algo: DiscreteLengler2OnePlusOne
ranking_best_score: 2617.04
ranking_my_rank: 211/504 (58.3%)
ranking_my_percent: 58.333333333333336
