ConfigName: krbf__advnormalizedfitness__M1__L8__eps0p015__g0p007__ds0p15__dm0p01
Problem: NK
Kernel: rbf
Advantage: normalizedfitness
M: 1
lambda: 8
epsilon_svgd: 0.015
gamma: 0.007
decay_start_ratio: 0.15
decay_min_factor: 0.01
bandwith_kernel: None
no_interact: False
avg_score: 0.7275911569595337
median_score: 0.7286891937255859
std_score: 0.008880170993506908
percentiles: 2%=0.7079468369483948, 5%=0.7104092240333557, 10%=0.7173712253570557, 25%=0.7208978533744812, 50%=0.7286891937255859, 75%=0.7345354557037354, 90%=0.738456666469574, 95%=0.7409706115722656, 98%=0.7432490587234497
ranking_best_algo: PBIL
ranking_best_score: 0.7248786399609374
ranking_my_rank: 1/504 (100.0%)
ranking_my_percent: 100.0
