ConfigName: kjsd__advperagentrankweighted__M4__L20__eps0p005__g0p0005__ds0p2__dm0p05
Problem: QUBO
Kernel: jsd
Advantage: peragentrankweighted
M: 4
lambda: 20
epsilon_svgd: 0.005
gamma: 0.0005
decay_start_ratio: 0.2
decay_min_factor: 0.05
bandwith_kernel: None
no_interact: False
avg_score: -200.44000244140625
median_score: -201.0
std_score: 12.836135864257812
percentiles: 2%=-224.0, 5%=-224.0, 10%=-220.0, 25%=-209.0, 50%=-201.0, 75%=-192.0, 90%=-181.0, 95%=-179.9499969482422, 98%=-178.0
ranking_best_algo: Tabu
ranking_best_score: 208.36000000000004
ranking_my_rank: 46/504 (91.1%)
ranking_my_percent: 91.07142857142857
