ConfigName: kfr__advglobalrankweighted__M1__L7__eps0p01__g0p007__ds0p01__dm0p01
Problem: QUBO
Kernel: fr
Advantage: globalrankweighted
M: 1
lambda: 7
epsilon_svgd: 0.01
gamma: 0.007
decay_start_ratio: 0.01
decay_min_factor: 0.01
bandwith_kernel: None
no_interact: False
avg_score: -2567.5400390625
median_score: -2569.0
std_score: 113.66911315917969
percentiles: 2%=-2803.6201171875, 5%=-2752.0, 10%=-2709.60009765625, 25%=-2644.25, 50%=-2569.0, 75%=-2486.0, 90%=-2412.89990234375, 95%=-2380.7001953125, 98%=-2347.919921875
ranking_best_algo: DiscreteLengler2OnePlusOne
ranking_best_score: 2617.04
ranking_my_rank: 51/504 (90.1%)
ranking_my_percent: 90.07936507936508
