ConfigName: kjsd__advperagentrankweighted__M3__L18__eps0p007__g0p0007__ds0p2__dm0p05
Problem: QUBO
Kernel: jsd
Advantage: peragentrankweighted
M: 3
lambda: 18
epsilon_svgd: 0.007
gamma: 0.0007
decay_start_ratio: 0.2
decay_min_factor: 0.05
bandwith_kernel: None
no_interact: False
avg_score: -1200.43994140625
median_score: -1200.0
std_score: 51.66572189331055
percentiles: 2%=-1297.56005859375, 5%=-1287.199951171875, 10%=-1265.300048828125, 25%=-1234.25, 50%=-1200.0, 75%=-1163.75, 90%=-1133.800048828125, 95%=-1123.9000244140625, 98%=-1110.93994140625
ranking_best_algo: Tabu
ranking_best_score: 1216.16
ranking_my_rank: 42/504 (91.9%)
ranking_my_percent: 91.86507936507937
