ConfigName: krbf__advnormalizedfitness__M1__L8__eps0p015__g0p01__ds0p01__dm0p3
Problem: QUBO
Kernel: rbf
Advantage: normalizedfitness
M: 1
lambda: 8
epsilon_svgd: 0.015
gamma: 0.01
decay_start_ratio: 0.01
decay_min_factor: 0.3
bandwith_kernel: None
no_interact: False
avg_score: -141.5
median_score: -141.0
std_score: 15.26924991607666
percentiles: 2%=-179.0, 5%=-160.9499969482422, 10%=-158.0, 25%=-152.0, 50%=-141.0, 75%=-133.0, 90%=-120.0, 95%=-114.95000457763672, 98%=-111.0
ranking_best_algo: CMApara
ranking_best_score: 154.28
ranking_my_rank: 264/504 (47.8%)
ranking_my_percent: 47.817460317460316
