ConfigName: kjsd__advperagentrankweighted__M4__L20__eps0p005__g0p001__ds0p2__dm0p2
Problem: NK
Kernel: jsd
Advantage: peragentrankweighted
M: 4
lambda: 20
epsilon_svgd: 0.005
gamma: 0.001
decay_start_ratio: 0.2
decay_min_factor: 0.2
bandwith_kernel: None
no_interact: False
avg_score: 0.7263779640197754
median_score: 0.7266295552253723
std_score: 0.010709364898502827
percentiles: 2%=0.7037195563316345, 5%=0.7056088447570801, 10%=0.7114168405532837, 25%=0.7203623056411743, 50%=0.7266295552253723, 75%=0.7348279356956482, 90%=0.7406777739524841, 95%=0.7420927286148071, 98%=0.7444552183151245
ranking_best_algo: PBIL
ranking_best_score: 0.7248786399609374
ranking_my_rank: 1/504 (100.0%)
ranking_my_percent: 100.0
