ConfigName: krbf__advnormalizedfitness__M4__L10__eps0p025__g0p015__ds0p3__dm0p01
Problem: QUBO
Kernel: rbf
Advantage: normalizedfitness
M: 4
lambda: 10
epsilon_svgd: 0.025
gamma: 0.015
decay_start_ratio: 0.3
decay_min_factor: 0.01
bandwith_kernel: None
no_interact: False
avg_score: -420.1600036621094
median_score: -418.0
std_score: 27.48480224609375
percentiles: 2%=-469.0799865722656, 5%=-464.0, 10%=-459.0, 25%=-439.0, 50%=-418.0, 75%=-403.5, 90%=-382.70001220703125, 95%=-377.0, 98%=-361.9599914550781
ranking_best_algo: CMApara
ranking_best_score: 453.82
ranking_my_rank: 162/504 (68.1%)
ranking_my_percent: 68.05555555555556
