ConfigName: kfr__advglobalrankweighted__M4__L12__eps0p02__g0p007__ds0p01__dm0p01
Problem: QUBO
Kernel: fr
Advantage: globalrankweighted
M: 4
lambda: 12
epsilon_svgd: 0.02
gamma: 0.007
decay_start_ratio: 0.01
decay_min_factor: 0.01
bandwith_kernel: None
no_interact: False
avg_score: -1253.219970703125
median_score: -1251.5
std_score: 68.13700866699219
percentiles: 2%=-1388.0999755859375, 5%=-1364.1500244140625, 10%=-1339.800048828125, 25%=-1302.75, 50%=-1251.5, 75%=-1201.75, 90%=-1172.5999755859375, 95%=-1150.60009765625, 98%=-1104.9599609375
ranking_best_algo: BigLognormalDiscreteOnePlusOne
ranking_best_score: 1301.3600000000004
ranking_my_rank: 55/504 (89.3%)
ranking_my_percent: 89.28571428571429
