ConfigName: kjsd__advperagentrankweighted__M5__L10__eps0p005__g0p0005__ds0p4__dm0p2
Problem: QUBO
Kernel: jsd
Advantage: peragentrankweighted
M: 5
lambda: 10
epsilon_svgd: 0.005
gamma: 0.0005
decay_start_ratio: 0.4
decay_min_factor: 0.2
bandwith_kernel: None
no_interact: False
avg_score: -578.0800170898438
median_score: -576.0
std_score: 26.3680419921875
percentiles: 2%=-625.0399780273438, 5%=-621.0, 10%=-615.0, 25%=-599.0, 50%=-576.0, 75%=-561.0, 90%=-541.9000244140625, 95%=-532.9500122070312, 98%=-529.9199829101562
ranking_best_algo: Tabu
ranking_best_score: 588.7199999999999
ranking_my_rank: 42/503 (91.8%)
ranking_my_percent: 91.84890656063618
