ConfigName: krbf__advnormalizedfitness__M1__L8__eps0p033__g0p005__ds0p01__dm0p3
Problem: NK
Kernel: rbf
Advantage: normalizedfitness
M: 1
lambda: 8
epsilon_svgd: 0.033
gamma: 0.005
decay_start_ratio: 0.01
decay_min_factor: 0.3
bandwith_kernel: None
no_interact: False
avg_score: 0.7240116596221924
median_score: 0.7213186025619507
std_score: 0.03158450126647949
percentiles: 2%=0.6730190515518188, 5%=0.6819614171981812, 10%=0.6890614032745361, 25%=0.7028065919876099, 50%=0.7213186025619507, 75%=0.7361477613449097, 90%=0.7648860216140747, 95%=0.799636960029602, 98%=0.8044570684432983
ranking_best_algo: CMApara
ranking_best_score: 0.7459277895312499
ranking_my_rank: 255/504 (49.6%)
ranking_my_percent: 49.6031746031746
