ConfigName: kjsd__advperagentrankweighted__M4__L24__eps0p01__g0p0007__ds0p4__dm0p05
Problem: NK
Kernel: jsd
Advantage: peragentrankweighted
M: 4
lambda: 24
epsilon_svgd: 0.01
gamma: 0.0007
decay_start_ratio: 0.4
decay_min_factor: 0.05
bandwith_kernel: None
no_interact: False
avg_score: 0.7075278162956238
median_score: 0.7074093222618103
std_score: 0.00964378286153078
percentiles: 2%=0.6883055567741394, 5%=0.6939306855201721, 10%=0.6964190602302551, 25%=0.7008302211761475, 50%=0.7074093222618103, 75%=0.7133416533470154, 90%=0.7203574180603027, 95%=0.722473680973053, 98%=0.7271559238433838
ranking_best_algo: PBIL
ranking_best_score: 0.7170882103515624
ranking_my_rank: 57/504 (88.9%)
ranking_my_percent: 88.88888888888889
