ConfigName: kfr__advglobalrankweighted__M4__L15__eps0p015__g0p003__ds0p01__dm0p01
Problem: QUBO
Kernel: fr
Advantage: globalrankweighted
M: 4
lambda: 15
epsilon_svgd: 0.015
gamma: 0.003
decay_start_ratio: 0.01
decay_min_factor: 0.01
bandwith_kernel: None
no_interact: False
avg_score: -1281.219970703125
median_score: -1287.0
std_score: 65.17554473876953
percentiles: 2%=-1415.280029296875, 5%=-1383.1500244140625, 10%=-1369.199951171875, 25%=-1321.0, 50%=-1287.0, 75%=-1240.75, 90%=-1190.9000244140625, 95%=-1180.2000732421875, 98%=-1151.739990234375
ranking_best_algo: BigLognormalDiscreteOnePlusOne
ranking_best_score: 1301.3600000000004
ranking_my_rank: 7/504 (98.8%)
ranking_my_percent: 98.80952380952381
