ConfigName: krbf__advnormalizedfitness__M4__L10__eps0p015__g0p005__ds0p3__dm0p3
Problem: QUBO
Kernel: rbf
Advantage: normalizedfitness
M: 4
lambda: 10
epsilon_svgd: 0.015
gamma: 0.005
decay_start_ratio: 0.3
decay_min_factor: 0.3
bandwith_kernel: None
no_interact: False
avg_score: -529.2000122070312
median_score: -528.5
std_score: 41.74158477783203
percentiles: 2%=-605.0, 5%=-601.0, 10%=-586.2999877929688, 25%=-561.75, 50%=-528.5, 75%=-502.0, 90%=-475.8999938964844, 95%=-457.8000183105469, 98%=-446.89996337890625
ranking_best_algo: Tabu
ranking_best_score: 588.7199999999999
ranking_my_rank: 196/503 (61.2%)
ranking_my_percent: 61.232604373757454
