ConfigName: kjsd__advperagentrankweighted__M5__L10__eps0p02__g0p0007__ds0p05__dm0p05
Problem: QUBO
Kernel: jsd
Advantage: peragentrankweighted
M: 5
lambda: 10
epsilon_svgd: 0.02
gamma: 0.0007
decay_start_ratio: 0.05
decay_min_factor: 0.05
bandwith_kernel: None
no_interact: False
avg_score: -426.0799865722656
median_score: -427.0
std_score: 26.112709045410156
percentiles: 2%=-475.0, 5%=-471.0, 10%=-461.0, 25%=-441.75, 50%=-427.0, 75%=-408.75, 90%=-390.8999938964844, 95%=-383.95001220703125, 98%=-380.70001220703125
ranking_best_algo: CMAL3
ranking_best_score: 435.36
ranking_my_rank: 23/504 (95.6%)
ranking_my_percent: 95.63492063492063
