ConfigName: krbf__advnormalizedfitness__M2__L10__eps0p025__g0p015__ds0p15__dm0p01
Problem: QUBO
Kernel: rbf
Advantage: normalizedfitness
M: 2
lambda: 10
epsilon_svgd: 0.025
gamma: 0.015
decay_start_ratio: 0.15
decay_min_factor: 0.01
bandwith_kernel: None
no_interact: False
avg_score: -1193.219970703125
median_score: -1194.0
std_score: 55.475868225097656
percentiles: 2%=-1299.1600341796875, 5%=-1279.300048828125, 10%=-1270.0999755859375, 25%=-1233.75, 50%=-1194.0, 75%=-1146.75, 90%=-1124.0, 95%=-1104.9000244140625, 98%=-1089.780029296875
ranking_best_algo: Tabu
ranking_best_score: 1216.16
ranking_my_rank: 48/504 (90.7%)
ranking_my_percent: 90.67460317460318
