ConfigName: kfr__advglobalrankweighted__M1__L11__eps0p02__g0p007__ds0p01__dm0p01
Problem: QUBO
Kernel: fr
Advantage: globalrankweighted
M: 1
lambda: 11
epsilon_svgd: 0.02
gamma: 0.007
decay_start_ratio: 0.01
decay_min_factor: 0.01
bandwith_kernel: None
no_interact: False
avg_score: -138.82000732421875
median_score: -139.0
std_score: 15.168639183044434
percentiles: 2%=-179.0, 5%=-164.0, 10%=-155.3000030517578, 25%=-146.5, 50%=-139.0, 75%=-127.0, 90%=-117.9000015258789, 95%=-116.85001373291016, 98%=-112.97999572753906
ranking_best_algo: CMApara
ranking_best_score: 154.28
ranking_my_rank: 317/504 (37.3%)
ranking_my_percent: 37.301587301587304
