ConfigName: krbf__advnormalizedfitness__M3__L8__eps0p015__g0p01__ds0p01__dm0p01
Problem: NK
Kernel: rbf
Advantage: normalizedfitness
M: 3
lambda: 8
epsilon_svgd: 0.015
gamma: 0.01
decay_start_ratio: 0.01
decay_min_factor: 0.01
bandwith_kernel: None
no_interact: False
avg_score: 0.7337250709533691
median_score: 0.7354039549827576
std_score: 0.009612896479666233
percentiles: 2%=0.7129926085472107, 5%=0.7139970064163208, 10%=0.7178162932395935, 25%=0.728863000869751, 50%=0.7354039549827576, 75%=0.7410134077072144, 90%=0.7439387440681458, 95%=0.7454733848571777, 98%=0.7470869421958923
ranking_best_algo: PBIL
ranking_best_score: 0.7248786399609374
ranking_my_rank: 1/504 (100.0%)
ranking_my_percent: 100.0
