ConfigName: krbf__advnormalizedfitness__M4__L10__eps0p025__g0p01__ds0p15__dm0p01
Problem: NK
Kernel: rbf
Advantage: normalizedfitness
M: 4
lambda: 10
epsilon_svgd: 0.025
gamma: 0.01
decay_start_ratio: 0.15
decay_min_factor: 0.01
bandwith_kernel: None
no_interact: False
avg_score: 0.7292369604110718
median_score: 0.7285764813423157
std_score: 0.012725251726806164
percentiles: 2%=0.7071928381919861, 5%=0.7096126079559326, 10%=0.7129257321357727, 25%=0.7201062440872192, 50%=0.7285764813423157, 75%=0.7377647757530212, 90%=0.7451702952384949, 95%=0.7537211179733276, 98%=0.7576269507408142
ranking_best_algo: Tabu
ranking_best_score: 0.7601875690625
ranking_my_rank: 53/504 (89.7%)
ranking_my_percent: 89.68253968253968
