ConfigName: kjsd__advperagentrankweighted__M3__L24__eps0p005__g0p0005__ds0p1__dm0p1
Problem: QUBO
Kernel: jsd
Advantage: peragentrankweighted
M: 3
lambda: 24
epsilon_svgd: 0.005
gamma: 0.0005
decay_start_ratio: 0.1
decay_min_factor: 0.1
bandwith_kernel: None
no_interact: False
avg_score: -429.4599914550781
median_score: -426.5
std_score: 27.66854476928711
percentiles: 2%=-483.0400085449219, 5%=-481.1000061035156, 10%=-473.20001220703125, 25%=-450.25, 50%=-426.5, 75%=-411.75, 90%=-399.0, 95%=-391.0, 98%=-373.7200012207031
ranking_best_algo: CMAL3
ranking_best_score: 435.36
ranking_my_rank: 10/504 (98.2%)
ranking_my_percent: 98.21428571428571
