ConfigName: krbf__advnormalizedfitness__M3__L15__eps0p015__g0p007__ds0p01__dm0p01
Problem: QUBO
Kernel: rbf
Advantage: normalizedfitness
M: 3
lambda: 15
epsilon_svgd: 0.015
gamma: 0.007
decay_start_ratio: 0.01
decay_min_factor: 0.01
bandwith_kernel: None
no_interact: False
avg_score: -2995.080078125
median_score: -2985.0
std_score: 216.19212341308594
percentiles: 2%=-3346.159912109375, 5%=-3325.300048828125, 10%=-3301.0, 25%=-3176.5, 50%=-2985.0, 75%=-2815.75, 90%=-2688.60009765625, 95%=-2660.800048828125, 98%=-2630.599853515625
ranking_best_algo: RLSOnePlusOne
ranking_best_score: 3316.5199999999995
ranking_my_rank: 130/504 (74.4%)
ranking_my_percent: 74.4047619047619
