ConfigName: krbf__advnormalizedfitness__M1__L8__eps0p033__g0p007__ds0p3__dm0p01
Problem: NK
Kernel: rbf
Advantage: normalizedfitness
M: 1
lambda: 8
epsilon_svgd: 0.033
gamma: 0.007
decay_start_ratio: 0.3
decay_min_factor: 0.01
bandwith_kernel: None
no_interact: False
avg_score: 0.7282198071479797
median_score: 0.7277631163597107
std_score: 0.009741640649735928
percentiles: 2%=0.7087341547012329, 5%=0.712200403213501, 10%=0.7165655493736267, 25%=0.7224223613739014, 50%=0.7277631163597107, 75%=0.7351189255714417, 90%=0.7397224307060242, 95%=0.7450048923492432, 98%=0.7456789016723633
ranking_best_algo: PBIL
ranking_best_score: 0.733570253046875
ranking_my_rank: 4/504 (99.4%)
ranking_my_percent: 99.4047619047619
