ConfigName: krbf__advnormalizedfitness__M2__L6__eps0p01__g0p006__ds0p01__dm0p3
Problem: QUBO
Kernel: rbf
Advantage: normalizedfitness
M: 2
lambda: 6
epsilon_svgd: 0.01
gamma: 0.006
decay_start_ratio: 0.01
decay_min_factor: 0.3
bandwith_kernel: None
no_interact: False
avg_score: -1295.1199951171875
median_score: -1294.5
std_score: 58.81875228881836
percentiles: 2%=-1411.02001953125, 5%=-1395.0999755859375, 10%=-1376.199951171875, 25%=-1333.25, 50%=-1294.5, 75%=-1255.75, 90%=-1218.699951171875, 95%=-1204.300048828125, 98%=-1183.0
ranking_best_algo: BigLognormalDiscreteOnePlusOne
ranking_best_score: 1301.3600000000004
ranking_my_rank: 2/504 (99.8%)
ranking_my_percent: 99.8015873015873
