ConfigName: kjsd__advperagentrankweighted__M4__L20__eps0p005__g0p0005__ds0p05__dm0p1
Problem: NK
Kernel: jsd
Advantage: peragentrankweighted
M: 4
lambda: 20
epsilon_svgd: 0.005
gamma: 0.0005
decay_start_ratio: 0.05
decay_min_factor: 0.1
bandwith_kernel: None
no_interact: False
avg_score: 0.7084155082702637
median_score: 0.7076684832572937
std_score: 0.009773741476237774
percentiles: 2%=0.6913671493530273, 5%=0.6953689455986023, 10%=0.6970627307891846, 25%=0.7011041641235352, 50%=0.7076684832572937, 75%=0.7141175270080566, 90%=0.7215062975883484, 95%=0.7246371507644653, 98%=0.7315009236335754
ranking_best_algo: PBIL
ranking_best_score: 0.7170882103515624
ranking_my_rank: 54/504 (89.5%)
ranking_my_percent: 89.48412698412699
