ConfigName: kjsd__advperagentrankweighted__M3__L16__eps0p01__g0p0005__ds0p2__dm0p05
Problem: QUBO
Kernel: jsd
Advantage: peragentrankweighted
M: 3
lambda: 16
epsilon_svgd: 0.01
gamma: 0.0005
decay_start_ratio: 0.2
decay_min_factor: 0.05
bandwith_kernel: None
no_interact: False
avg_score: -3288.6201171875
median_score: -3284.0
std_score: 115.99368286132812
percentiles: 2%=-3498.419921875, 5%=-3470.0, 10%=-3449.10009765625, 25%=-3368.75, 50%=-3284.0, 75%=-3218.0, 90%=-3135.699951171875, 95%=-3089.550048828125, 98%=-3053.739990234375
ranking_best_algo: RLSOnePlusOne
ranking_best_score: 3316.5199999999995
ranking_my_rank: 3/504 (99.6%)
ranking_my_percent: 99.60317460317461
