ConfigName: kfr__advglobalrankweighted__M5__L8__eps0p015__g0p007__ds0p01__dm0p01
Problem: QUBO
Kernel: fr
Advantage: globalrankweighted
M: 5
lambda: 8
epsilon_svgd: 0.015
gamma: 0.007
decay_start_ratio: 0.01
decay_min_factor: 0.01
bandwith_kernel: None
no_interact: False
avg_score: -1455.5999755859375
median_score: -1453.0
std_score: 75.90506744384766
percentiles: 2%=-1592.239990234375, 5%=-1584.050048828125, 10%=-1548.699951171875, 25%=-1509.5, 50%=-1453.0, 75%=-1406.5, 90%=-1360.199951171875, 95%=-1336.75, 98%=-1290.8199462890625
ranking_best_algo: NLOPT_LN_PRAXIS
ranking_best_score: 1607.12
ranking_my_rank: 88/504 (82.7%)
ranking_my_percent: 82.73809523809524
