ConfigName: kjsd__advperagentrankweighted__M3__L18__eps0p005__g0p0007__ds0p05__dm0p2
Problem: NK
Kernel: jsd
Advantage: peragentrankweighted
M: 3
lambda: 18
epsilon_svgd: 0.005
gamma: 0.0007
decay_start_ratio: 0.05
decay_min_factor: 0.2
bandwith_kernel: None
no_interact: False
avg_score: 0.757934033870697
median_score: 0.7579821348190308
std_score: 0.011650634929537773
percentiles: 2%=0.7370456457138062, 5%=0.7388812899589539, 10%=0.7422195672988892, 25%=0.7510262727737427, 50%=0.7579821348190308, 75%=0.7662344574928284, 90%=0.7740999460220337, 95%=0.777341365814209, 98%=0.7808282375335693
ranking_best_algo: Tabu
ranking_best_score: 0.7470791764843752
ranking_my_rank: 1/504 (100.0%)
ranking_my_percent: 100.0
