ConfigName: kjsd__advperagentrankweighted__M3__L30__eps0p005__g0p0005__ds0p05__dm0p1
Problem: NK
Kernel: jsd
Advantage: peragentrankweighted
M: 3
lambda: 30
epsilon_svgd: 0.005
gamma: 0.0005
decay_start_ratio: 0.05
decay_min_factor: 0.1
bandwith_kernel: None
no_interact: False
avg_score: 0.7376202940940857
median_score: 0.7396727800369263
std_score: 0.009244673885405064
percentiles: 2%=0.7160555124282837, 5%=0.720475971698761, 10%=0.7254372835159302, 25%=0.7312902212142944, 50%=0.7396727800369263, 75%=0.7446874976158142, 90%=0.7480294108390808, 95%=0.7503892183303833, 98%=0.7516258955001831
ranking_best_algo: PBIL
ranking_best_score: 0.730509098125
ranking_my_rank: 1/504 (100.0%)
ranking_my_percent: 100.0
