ConfigName: krbf__advnormalizedfitness__M3__L12__eps0p025__g0p015__ds0p3__dm0p3
Problem: QUBO
Kernel: rbf
Advantage: normalizedfitness
M: 3
lambda: 12
epsilon_svgd: 0.025
gamma: 0.015
decay_start_ratio: 0.3
decay_min_factor: 0.3
bandwith_kernel: None
no_interact: False
avg_score: -384.1199951171875
median_score: -381.0
std_score: 34.16526794433594
percentiles: 2%=-453.20001220703125, 5%=-445.0, 10%=-437.20001220703125, 25%=-406.25, 50%=-381.0, 75%=-360.5, 90%=-344.8999938964844, 95%=-337.0, 98%=-331.5198974609375
ranking_best_algo: CMAL3
ranking_best_score: 435.36
ranking_my_rank: 288/504 (43.1%)
ranking_my_percent: 43.05555555555556
