ConfigName: krbf__advnormalizedfitness__M3__L10__eps0p015__g0p005__ds0p3__dm0p3
Problem: QUBO
Kernel: rbf
Advantage: normalizedfitness
M: 3
lambda: 10
epsilon_svgd: 0.015
gamma: 0.005
decay_start_ratio: 0.3
decay_min_factor: 0.3
bandwith_kernel: None
no_interact: False
avg_score: -937.0
median_score: -940.0
std_score: 66.8136215209961
percentiles: 2%=-1074.0400390625, 5%=-1047.449951171875, 10%=-1013.2000122070312, 25%=-990.25, 50%=-940.0, 75%=-888.25, 90%=-849.7000122070312, 95%=-839.0, 98%=-810.8800048828125
ranking_best_algo: CMApara
ranking_best_score: 964.9
ranking_my_rank: 9/504 (98.4%)
ranking_my_percent: 98.41269841269842
