ConfigName: krbf__advnormalizedfitness__M1__L8__eps0p025__g0p007__ds0p15__dm0p3
Problem: QUBO
Kernel: rbf
Advantage: normalizedfitness
M: 1
lambda: 8
epsilon_svgd: 0.025
gamma: 0.007
decay_start_ratio: 0.15
decay_min_factor: 0.3
bandwith_kernel: None
no_interact: False
avg_score: -419.67999267578125
median_score: -420.0
std_score: 33.40265655517578
percentiles: 2%=-481.0400085449219, 5%=-469.20001220703125, 10%=-464.1000061035156, 25%=-447.25, 50%=-420.0, 75%=-395.5, 90%=-377.8999938964844, 95%=-360.0, 98%=-350.94000244140625
ranking_best_algo: CMApara
ranking_best_score: 453.82
ranking_my_rank: 180/504 (64.5%)
ranking_my_percent: 64.48412698412699
