ConfigName: krbf__advglobalrankweighted__M4__L10__eps0p015__g0p003__ds0p01__dm0p01
Problem: QUBO
Kernel: rbf
Advantage: globalrankweighted
M: 4
lambda: 10
epsilon_svgd: 0.015
gamma: 0.003
decay_start_ratio: 0.01
decay_min_factor: 0.01
bandwith_kernel: None
no_interact: False
avg_score: -577.1599731445312
median_score: -577.0
std_score: 25.272403717041016
percentiles: 2%=-621.1799926757812, 5%=-617.1500244140625, 10%=-610.0999755859375, 25%=-595.0, 50%=-577.0, 75%=-557.75, 90%=-548.7999877929688, 95%=-539.9000244140625, 98%=-518.97998046875
ranking_best_algo: Tabu
ranking_best_score: 588.7199999999999
ranking_my_rank: 47/503 (90.9%)
ranking_my_percent: 90.85487077534792
