ConfigName: krbf__advnormalizedfitness__M3__L10__eps0p02__g0p005__ds0p15__dm0p05
Problem: QUBO
Kernel: rbf
Advantage: normalizedfitness
M: 3
lambda: 10
epsilon_svgd: 0.02
gamma: 0.005
decay_start_ratio: 0.15
decay_min_factor: 0.05
bandwith_kernel: None
no_interact: False
avg_score: -330.9599914550781
median_score: -334.0
std_score: 21.40837287902832
percentiles: 2%=-372.0, 5%=-372.0, 10%=-354.29998779296875, 25%=-343.0, 50%=-334.0, 75%=-320.0, 90%=-306.8999938964844, 95%=-296.0, 98%=-279.79998779296875
ranking_best_algo: CMApara
ranking_best_score: 344.22
ranking_my_rank: 77/504 (84.9%)
ranking_my_percent: 84.92063492063492
