ConfigName: kfr__advglobalrankweighted__M4__L5__eps0p06__g0p005__ds0p01__dm0p01
Problem: NK
Kernel: fr
Advantage: globalrankweighted
M: 4
lambda: 5
epsilon_svgd: 0.06
gamma: 0.005
decay_start_ratio: 0.01
decay_min_factor: 0.01
bandwith_kernel: None
no_interact: False
avg_score: 0.7403804659843445
median_score: 0.7376374006271362
std_score: 0.028783293440937996
percentiles: 2%=0.698017954826355, 5%=0.7033654451370239, 10%=0.7107464075088501, 25%=0.7184289693832397, 50%=0.7376374006271362, 75%=0.7483919262886047, 90%=0.7777696847915649, 95%=0.8045625686645508, 98%=0.8118547797203064
ranking_best_algo: CMApara
ranking_best_score: 0.7459277895312499
ranking_my_rank: 46/504 (91.1%)
ranking_my_percent: 91.07142857142857
