ConfigName: krbf__advnormalizedfitness__M4__L12__eps0p015__g0p007__ds0p01__dm0p3
Problem: QUBO
Kernel: rbf
Advantage: normalizedfitness
M: 4
lambda: 12
epsilon_svgd: 0.015
gamma: 0.007
decay_start_ratio: 0.01
decay_min_factor: 0.3
bandwith_kernel: None
no_interact: False
avg_score: -324.79998779296875
median_score: -329.0
std_score: 20.707487106323242
percentiles: 2%=-354.05999755859375, 5%=-350.1000061035156, 10%=-350.0, 25%=-341.0, 50%=-329.0, 75%=-308.0, 90%=-295.79998779296875, 95%=-287.9000244140625, 98%=-277.9599914550781
ranking_best_algo: CMApara
ranking_best_score: 344.22
ranking_my_rank: 123/504 (75.8%)
ranking_my_percent: 75.7936507936508
