ConfigName: krbf__advnormalizedfitness__M4__L8__eps0p025__g0p01__ds0p05__dm0p05
Problem: QUBO
Kernel: rbf
Advantage: normalizedfitness
M: 4
lambda: 8
epsilon_svgd: 0.025
gamma: 0.01
decay_start_ratio: 0.05
decay_min_factor: 0.05
bandwith_kernel: None
no_interact: False
avg_score: -1499.260009765625
median_score: -1502.5
std_score: 107.9896011352539
percentiles: 2%=-1705.0400390625, 5%=-1681.0, 10%=-1659.199951171875, 25%=-1577.25, 50%=-1502.5, 75%=-1419.75, 90%=-1358.5999755859375, 95%=-1324.949951171875, 98%=-1298.9599609375
ranking_best_algo: NLOPT_LN_PRAXIS
ranking_best_score: 1607.12
ranking_my_rank: 80/504 (84.3%)
ranking_my_percent: 84.32539682539682
