ConfigName: kjsd__advperagentrankweighted__M3__L16__eps0p007__g0p0007__ds0p05__dm0p2
Problem: QUBO
Kernel: jsd
Advantage: peragentrankweighted
M: 3
lambda: 16
epsilon_svgd: 0.007
gamma: 0.0007
decay_start_ratio: 0.05
decay_min_factor: 0.2
bandwith_kernel: None
no_interact: False
avg_score: -137.8000030517578
median_score: -139.0
std_score: 11.148093223571777
percentiles: 2%=-159.02000427246094, 5%=-157.0500030517578, 10%=-151.0, 25%=-146.0, 50%=-139.0, 75%=-129.0, 90%=-123.0, 95%=-121.0, 98%=-119.9000015258789
ranking_best_algo: DiscreteDE
ranking_best_score: 143.4
ranking_my_rank: 117/504 (77.0%)
ranking_my_percent: 76.98412698412699
