ConfigName: kjsd__advperagentrankweighted__M3__L16__eps0p01__g0p003__ds0p1__dm0p2
Problem: NK
Kernel: jsd
Advantage: peragentrankweighted
M: 3
lambda: 16
epsilon_svgd: 0.01
gamma: 0.003
decay_start_ratio: 0.1
decay_min_factor: 0.2
bandwith_kernel: None
no_interact: False
avg_score: 0.7211213707923889
median_score: 0.7204770445823669
std_score: 0.014422462321817875
percentiles: 2%=0.6931350827217102, 5%=0.6978169679641724, 10%=0.7033501863479614, 25%=0.7110825181007385, 50%=0.7204770445823669, 75%=0.7308988571166992, 90%=0.741267740726471, 95%=0.7447658181190491, 98%=0.7506011724472046
ranking_best_algo: Tabu
ranking_best_score: 0.7429702712499999
ranking_my_rank: 10/504 (98.2%)
ranking_my_percent: 98.21428571428571
