ConfigName: krbf__advnormalizedfitness__M2__L8__eps0p015__g0p005__ds0p3__dm0p3
Problem: QUBO
Kernel: rbf
Advantage: normalizedfitness
M: 2
lambda: 8
epsilon_svgd: 0.015
gamma: 0.005
decay_start_ratio: 0.3
decay_min_factor: 0.3
bandwith_kernel: None
no_interact: False
avg_score: -195.63999938964844
median_score: -196.5
std_score: 14.15027904510498
percentiles: 2%=-224.0, 5%=-221.0, 10%=-214.0, 25%=-205.25, 50%=-196.5, 75%=-186.75, 90%=-177.0, 95%=-171.8000030517578, 98%=-166.9600067138672
ranking_best_algo: Tabu
ranking_best_score: 208.36000000000004
ranking_my_rank: 207/504 (59.1%)
ranking_my_percent: 59.12698412698413
