ConfigName: krbf__advnormalizedfitness__M2__L10__eps0p025__g0p005__ds0p01__dm0p3
Problem: QUBO
Kernel: rbf
Advantage: normalizedfitness
M: 2
lambda: 10
epsilon_svgd: 0.025
gamma: 0.005
decay_start_ratio: 0.01
decay_min_factor: 0.3
bandwith_kernel: None
no_interact: False
avg_score: -897.280029296875
median_score: -884.5
std_score: 63.48875045776367
percentiles: 2%=-1041.0400390625, 5%=-1019.0499877929688, 10%=-994.0, 25%=-935.25, 50%=-884.5, 75%=-850.5, 90%=-817.7000122070312, 95%=-809.7000122070312, 98%=-790.9199829101562
ranking_best_algo: CMAL3
ranking_best_score: 928.5800000000002
ranking_my_rank: 80/504 (84.3%)
ranking_my_percent: 84.32539682539682
