ConfigName: krbf__advnormalizedfitness__M3__L8__eps0p025__g0p01__ds0p15__dm0p01
Problem: QUBO
Kernel: rbf
Advantage: normalizedfitness
M: 3
lambda: 8
epsilon_svgd: 0.025
gamma: 0.01
decay_start_ratio: 0.15
decay_min_factor: 0.01
bandwith_kernel: None
no_interact: False
avg_score: -930.1400146484375
median_score: -930.0
std_score: 67.5307388305664
percentiles: 2%=-1072.0400390625, 5%=-1052.4000244140625, 10%=-1015.2000122070312, 25%=-972.25, 50%=-930.0, 75%=-889.0, 90%=-842.2000122070312, 95%=-826.6000366210938, 98%=-794.8800048828125
ranking_best_algo: CMApara
ranking_best_score: 964.9
ranking_my_rank: 19/504 (96.4%)
ranking_my_percent: 96.42857142857143
