ConfigName: krbf__advnormalizedfitness__M5__L10__eps0p025__g0p01__ds0p05__dm0p05
Problem: QUBO
Kernel: rbf
Advantage: normalizedfitness
M: 5
lambda: 10
epsilon_svgd: 0.025
gamma: 0.01
decay_start_ratio: 0.05
decay_min_factor: 0.05
bandwith_kernel: None
no_interact: False
avg_score: -201.0800018310547
median_score: -201.0
std_score: 12.292827606201172
percentiles: 2%=-224.0, 5%=-222.0, 10%=-217.10000610351562, 25%=-209.0, 50%=-201.0, 75%=-194.0, 90%=-182.89999389648438, 95%=-179.89999389648438, 98%=-172.9600067138672
ranking_best_algo: Tabu
ranking_best_score: 208.36000000000004
ranking_my_rank: 42/504 (91.9%)
ranking_my_percent: 91.86507936507937
