ConfigName: krbf__advnormalizedfitness__M4__L12__eps0p015__g0p005__ds0p01__dm0p01
Problem: NK
Kernel: rbf
Advantage: normalizedfitness
M: 4
lambda: 12
epsilon_svgd: 0.015
gamma: 0.005
decay_start_ratio: 0.01
decay_min_factor: 0.01
bandwith_kernel: None
no_interact: False
avg_score: 0.7448347210884094
median_score: 0.7417829036712646
std_score: 0.02843908965587616
percentiles: 2%=0.7020726799964905, 5%=0.705777645111084, 10%=0.710521936416626, 25%=0.722683846950531, 50%=0.7417829036712646, 75%=0.7580187320709229, 90%=0.778337299823761, 95%=0.8076533079147339, 98%=0.8117834329605103
ranking_best_algo: CMApara
ranking_best_score: 0.7459277895312499
ranking_my_rank: 2/504 (99.8%)
ranking_my_percent: 99.8015873015873
