ConfigName: kjsd__advperagentrankweighted__M5__L12__eps0p03__g0p0007__ds0p2__dm0p05
Problem: QUBO
Kernel: jsd
Advantage: peragentrankweighted
M: 5
lambda: 12
epsilon_svgd: 0.03
gamma: 0.0007
decay_start_ratio: 0.2
decay_min_factor: 0.05
bandwith_kernel: None
no_interact: False
avg_score: -3284.5
median_score: -3288.0
std_score: 113.29991149902344
percentiles: 2%=-3541.219970703125, 5%=-3469.300048828125, 10%=-3433.5, 25%=-3350.5, 50%=-3288.0, 75%=-3205.25, 90%=-3150.39990234375, 95%=-3107.0, 98%=-3065.719970703125
ranking_best_algo: RLSOnePlusOne
ranking_best_score: 3316.5199999999995
ranking_my_rank: 3/504 (99.6%)
ranking_my_percent: 99.60317460317461
