ConfigName: krbf__advnormalizedfitness__M4__L15__eps0p025__g0p007__ds0p01__dm0p01
Problem: NK
Kernel: rbf
Advantage: normalizedfitness
M: 4
lambda: 15
epsilon_svgd: 0.025
gamma: 0.007
decay_start_ratio: 0.01
decay_min_factor: 0.01
bandwith_kernel: None
no_interact: False
avg_score: 0.737579345703125
median_score: 0.7390294671058655
std_score: 0.008651643060147762
percentiles: 2%=0.718970775604248, 5%=0.7215225100517273, 10%=0.723900318145752, 25%=0.7331982254981995, 50%=0.7390294671058655, 75%=0.7446961998939514, 90%=0.745980978012085, 95%=0.7483865022659302, 98%=0.7498160600662231
ranking_best_algo: PBIL
ranking_best_score: 0.730509098125
ranking_my_rank: 1/504 (100.0%)
ranking_my_percent: 100.0
