ConfigName: kjsd__advperagentrankweighted__M6__L8__eps0p03__g0p0007__ds0p05__dm0p05
Problem: NK
Kernel: jsd
Advantage: peragentrankweighted
M: 6
lambda: 8
epsilon_svgd: 0.03
gamma: 0.0007
decay_start_ratio: 0.05
decay_min_factor: 0.05
bandwith_kernel: None
no_interact: False
avg_score: 0.7076110243797302
median_score: 0.707640528678894
std_score: 0.006389474030584097
percentiles: 2%=0.6949760317802429, 5%=0.6961803436279297, 10%=0.7003793716430664, 25%=0.703538179397583, 50%=0.707640528678894, 75%=0.7116514444351196, 90%=0.714690089225769, 95%=0.7162263989448547, 98%=0.7191134095191956
ranking_best_algo: PBIL
ranking_best_score: 0.7170882103515624
ranking_my_rank: 57/504 (88.9%)
ranking_my_percent: 88.88888888888889
