ConfigName: kjsd__advperagentrankweighted__M4__L8__eps0p006__g0p0005__ds0p05__dm0p05
Problem: QUBO
Kernel: jsd
Advantage: peragentrankweighted
M: 4
lambda: 8
epsilon_svgd: 0.006
gamma: 0.0005
decay_start_ratio: 0.05
decay_min_factor: 0.05
bandwith_kernel: None
no_interact: False
avg_score: -428.8999938964844
median_score: -427.0
std_score: 26.561437606811523
percentiles: 2%=-481.0799865722656, 5%=-477.1000061035156, 10%=-467.0, 25%=-443.25, 50%=-427.0, 75%=-412.5, 90%=-398.70001220703125, 95%=-388.8999938964844, 98%=-375.9200134277344
ranking_best_algo: CMAL3
ranking_best_score: 435.36
ranking_my_rank: 13/504 (97.6%)
ranking_my_percent: 97.61904761904762
