ConfigName: krbf__advnormalizedfitness__M4__L15__eps0p033__g0p005__ds0p3__dm0p3
Problem: NK
Kernel: rbf
Advantage: normalizedfitness
M: 4
lambda: 15
epsilon_svgd: 0.033
gamma: 0.005
decay_start_ratio: 0.3
decay_min_factor: 0.3
bandwith_kernel: None
no_interact: False
avg_score: 0.5963577628135681
median_score: 0.5924918055534363
std_score: 0.01467679813504219
percentiles: 2%=0.5776997804641724, 5%=0.5792055130004883, 10%=0.581611156463623, 25%=0.5850085616111755, 50%=0.5924918055534363, 75%=0.6051665544509888, 90%=0.6172834038734436, 95%=0.6212579607963562, 98%=0.6306052803993225
ranking_best_algo: PBIL
ranking_best_score: 0.7170882103515624
ranking_my_rank: 363/504 (28.2%)
ranking_my_percent: 28.174603174603174
