ConfigName: kjsd__advperagentrankweighted__M5__L12__eps0p02__g0p0007__ds0p2__dm0p05
Problem: QUBO
Kernel: jsd
Advantage: peragentrankweighted
M: 5
lambda: 12
epsilon_svgd: 0.02
gamma: 0.0007
decay_start_ratio: 0.2
decay_min_factor: 0.05
bandwith_kernel: None
no_interact: False
avg_score: -139.05999755859375
median_score: -139.0
std_score: 11.030702590942383
percentiles: 2%=-158.0, 5%=-157.0500030517578, 10%=-154.10000610351562, 25%=-146.0, 50%=-139.0, 75%=-130.0, 90%=-125.0, 95%=-121.0, 98%=-116.95999908447266
ranking_best_algo: DiscreteDE
ranking_best_score: 143.4
ranking_my_rank: 93/504 (81.7%)
ranking_my_percent: 81.74603174603175
