ConfigName: kjsd__advperagentrankweighted__M4__L8__eps0p005__g0p0005__ds0p05__dm0p05
Problem: NK
Kernel: jsd
Advantage: peragentrankweighted
M: 4
lambda: 8
epsilon_svgd: 0.005
gamma: 0.0005
decay_start_ratio: 0.05
decay_min_factor: 0.05
bandwith_kernel: None
no_interact: False
avg_score: 0.743369996547699
median_score: 0.7408133745193481
std_score: 0.02792627364397049
percentiles: 2%=0.703992486000061, 5%=0.7072739601135254, 10%=0.7117021083831787, 25%=0.7195810079574585, 50%=0.7408133745193481, 75%=0.7583327293395996, 90%=0.7782467603683472, 95%=0.8044298887252808, 98%=0.8118547797203064
ranking_best_algo: CMApara
ranking_best_score: 0.7459277895312499
ranking_my_rank: 12/504 (97.8%)
ranking_my_percent: 97.81746031746032
