ConfigName: krbf__advnormalizedfitness__M4__L10__eps0p015__g0p007__ds0p01__dm0p3
Problem: QUBO
Kernel: rbf
Advantage: normalizedfitness
M: 4
lambda: 10
epsilon_svgd: 0.015
gamma: 0.007
decay_start_ratio: 0.01
decay_min_factor: 0.3
bandwith_kernel: None
no_interact: False
avg_score: -1013.6400146484375
median_score: -1019.0
std_score: 94.07853698730469
percentiles: 2%=-1223.0400390625, 5%=-1158.050048828125, 10%=-1116.300048828125, 25%=-1072.0, 50%=-1019.0, 75%=-954.0, 90%=-902.7000122070312, 95%=-846.3500366210938, 98%=-815.35986328125
ranking_best_algo: Tabu
ranking_best_score: 1216.16
ranking_my_rank: 267/504 (47.2%)
ranking_my_percent: 47.22222222222222
