ConfigName: kfr__advglobalrankweighted__M6__L10__eps0p02__g0p003__ds0p01__dm0p01
Problem: QUBO
Kernel: fr
Advantage: globalrankweighted
M: 6
lambda: 10
epsilon_svgd: 0.02
gamma: 0.003
decay_start_ratio: 0.01
decay_min_factor: 0.01
bandwith_kernel: None
no_interact: False
avg_score: -1254.6400146484375
median_score: -1249.0
std_score: 70.53744506835938
percentiles: 2%=-1397.3199462890625, 5%=-1369.25, 10%=-1344.0999755859375, 25%=-1298.5, 50%=-1249.0, 75%=-1202.75, 90%=-1158.9000244140625, 95%=-1140.9000244140625, 98%=-1126.31982421875
ranking_best_algo: BigLognormalDiscreteOnePlusOne
ranking_best_score: 1301.3600000000004
ranking_my_rank: 54/504 (89.5%)
ranking_my_percent: 89.48412698412699
