ConfigName: krbf__advnormalizedfitness__M4__L12__eps0p033__g0p005__ds0p15__dm0p01
Problem: QUBO
Kernel: rbf
Advantage: normalizedfitness
M: 4
lambda: 12
epsilon_svgd: 0.033
gamma: 0.005
decay_start_ratio: 0.15
decay_min_factor: 0.01
bandwith_kernel: None
no_interact: False
avg_score: -926.3200073242188
median_score: -930.0
std_score: 61.32143020629883
percentiles: 2%=-1038.43994140625, 5%=-1018.4500122070312, 10%=-1011.0, 25%=-959.25, 50%=-930.0, 75%=-886.0, 90%=-856.7999877929688, 95%=-830.5000610351562, 98%=-805.999755859375
ranking_best_algo: CMApara
ranking_best_score: 964.9
ranking_my_rank: 21/504 (96.0%)
ranking_my_percent: 96.03174603174604
