ConfigName: kjsd__advperagentrankweighted__M5__L8__eps0p02__g0p0005__ds0p2__dm0p05
Problem: NK
Kernel: jsd
Advantage: peragentrankweighted
M: 5
lambda: 8
epsilon_svgd: 0.02
gamma: 0.0005
decay_start_ratio: 0.2
decay_min_factor: 0.05
bandwith_kernel: None
no_interact: False
avg_score: 0.7274696230888367
median_score: 0.7293254137039185
std_score: 0.008184834383428097
percentiles: 2%=0.7112272381782532, 5%=0.7133664488792419, 10%=0.7159838676452637, 25%=0.7204229831695557, 50%=0.7293254137039185, 75%=0.733578085899353, 90%=0.7372056841850281, 95%=0.7403496503829956, 98%=0.7408713102340698
ranking_best_algo: PBIL
ranking_best_score: 0.7248786399609374
ranking_my_rank: 1/504 (100.0%)
ranking_my_percent: 100.0
