ConfigName: krbf__advnormalizedfitness__M3__L12__eps0p015__g0p007__ds0p3__dm0p01
Problem: QUBO
Kernel: rbf
Advantage: normalizedfitness
M: 3
lambda: 12
epsilon_svgd: 0.015
gamma: 0.007
decay_start_ratio: 0.3
decay_min_factor: 0.01
bandwith_kernel: None
no_interact: False
avg_score: -2411.860107421875
median_score: -2418.5
std_score: 164.49868774414062
percentiles: 2%=-2708.820068359375, 5%=-2667.949951171875, 10%=-2620.199951171875, 25%=-2532.5, 50%=-2418.5, 75%=-2295.25, 90%=-2202.39990234375, 95%=-2146.60009765625, 98%=-2116.959716796875
ranking_best_algo: DiscreteLengler2OnePlusOne
ranking_best_score: 2617.04
ranking_my_rank: 131/504 (74.2%)
ranking_my_percent: 74.2063492063492
