ConfigName: kjsd__advperagentrankweighted__M3__L20__eps0p007__g0p0007__ds0p2__dm0p2
Problem: QUBO
Kernel: jsd
Advantage: peragentrankweighted
M: 3
lambda: 20
epsilon_svgd: 0.007
gamma: 0.0007
decay_start_ratio: 0.2
decay_min_factor: 0.2
bandwith_kernel: None
no_interact: False
avg_score: -137.55999755859375
median_score: -139.0
std_score: 12.546171188354492
percentiles: 2%=-160.0, 5%=-159.0, 10%=-156.0, 25%=-145.25, 50%=-139.0, 75%=-129.0, 90%=-123.9000015258789, 95%=-114.9000015258789, 98%=-108.91999816894531
ranking_best_algo: DiscreteDE
ranking_best_score: 143.4
ranking_my_rank: 121/504 (76.2%)
ranking_my_percent: 76.19047619047619
