ConfigName: kjsd__advperagentrankweighted__M3__L18__eps0p01__g0p003__ds0p05__dm0p05
Problem: QUBO
Kernel: jsd
Advantage: peragentrankweighted
M: 3
lambda: 18
epsilon_svgd: 0.01
gamma: 0.003
decay_start_ratio: 0.05
decay_min_factor: 0.05
bandwith_kernel: None
no_interact: False
avg_score: -429.9599914550781
median_score: -431.5
std_score: 28.1104679107666
percentiles: 2%=-481.0799865722656, 5%=-479.1000061035156, 10%=-471.0, 25%=-447.0, 50%=-431.5, 75%=-412.5, 90%=-393.8999938964844, 95%=-387.8999938964844, 98%=-368.94000244140625
ranking_best_algo: CMAL3
ranking_best_score: 435.36
ranking_my_rank: 9/504 (98.4%)
ranking_my_percent: 98.41269841269842
