ConfigName: krbf__advnormalizedfitness__M3__L12__eps0p033__g0p01__ds0p01__dm0p01
Problem: QUBO
Kernel: rbf
Advantage: normalizedfitness
M: 3
lambda: 12
epsilon_svgd: 0.033
gamma: 0.01
decay_start_ratio: 0.01
decay_min_factor: 0.01
bandwith_kernel: None
no_interact: False
avg_score: -1273.3800048828125
median_score: -1276.0
std_score: 62.97297668457031
percentiles: 2%=-1391.1600341796875, 5%=-1371.3499755859375, 10%=-1357.4000244140625, 25%=-1322.25, 50%=-1276.0, 75%=-1231.0, 90%=-1190.800048828125, 95%=-1166.949951171875, 98%=-1162.8399658203125
ranking_best_algo: BigLognormalDiscreteOnePlusOne
ranking_best_score: 1301.3600000000004
ranking_my_rank: 45/504 (91.3%)
ranking_my_percent: 91.26984126984127
