ConfigName: kfr__advglobalrankweighted__M5__L11__eps0p015__g0p007__ds0p01__dm0p01
Problem: QUBO
Kernel: fr
Advantage: globalrankweighted
M: 5
lambda: 11
epsilon_svgd: 0.015
gamma: 0.007
decay_start_ratio: 0.01
decay_min_factor: 0.01
bandwith_kernel: None
no_interact: False
avg_score: -413.2200012207031
median_score: -412.0
std_score: 24.370302200317383
percentiles: 2%=-467.0799865722656, 5%=-451.29998779296875, 10%=-447.1000061035156, 25%=-428.5, 50%=-412.0, 75%=-399.5, 90%=-379.79998779296875, 95%=-373.9000244140625, 98%=-369.9599914550781
ranking_best_algo: Tabu
ranking_best_score: 438.12
ranking_my_rank: 59/504 (88.5%)
ranking_my_percent: 88.4920634920635
