ConfigName: kjsd__advperagentrankweighted__M3__L16__eps0p007__g0p001__ds0p05__dm0p05
Problem: QUBO
Kernel: jsd
Advantage: peragentrankweighted
M: 3
lambda: 16
epsilon_svgd: 0.007
gamma: 0.001
decay_start_ratio: 0.05
decay_min_factor: 0.05
bandwith_kernel: None
no_interact: False
avg_score: -138.77999877929688
median_score: -142.0
std_score: 12.968870162963867
percentiles: 2%=-160.02000427246094, 5%=-158.0500030517578, 10%=-154.1999969482422, 25%=-147.0, 50%=-142.0, 75%=-129.0, 90%=-119.9000015258789, 95%=-114.9000015258789, 98%=-111.0
ranking_best_algo: DiscreteDE
ranking_best_score: 143.4
ranking_my_rank: 96/504 (81.2%)
ranking_my_percent: 81.15079365079364
