ConfigName: kjsd__advperagentrankweighted__M4__L10__eps0p005__g0p0005__ds0p4__dm0p05
Problem: QUBO
Kernel: jsd
Advantage: peragentrankweighted
M: 4
lambda: 10
epsilon_svgd: 0.005
gamma: 0.0005
decay_start_ratio: 0.4
decay_min_factor: 0.05
bandwith_kernel: None
no_interact: False
avg_score: -329.5
median_score: -334.0
std_score: 21.94698143005371
percentiles: 2%=-372.0, 5%=-361.0, 10%=-351.29998779296875, 25%=-343.0, 50%=-334.0, 75%=-317.5, 90%=-297.79998779296875, 95%=-290.0, 98%=-279.9200134277344
ranking_best_algo: CMApara
ranking_best_score: 344.22
ranking_my_rank: 81/504 (84.1%)
ranking_my_percent: 84.12698412698413
