ConfigName: krbf__advnormalizedfitness__M4__L10__eps0p015__g0p005__ds0p01__dm0p01
Problem: QUBO
Kernel: rbf
Advantage: normalizedfitness
M: 4
lambda: 10
epsilon_svgd: 0.015
gamma: 0.005
decay_start_ratio: 0.01
decay_min_factor: 0.01
bandwith_kernel: None
no_interact: False
avg_score: -139.74000549316406
median_score: -141.0
std_score: 10.634490966796875
percentiles: 2%=-158.0, 5%=-156.10000610351562, 10%=-152.1999969482422, 25%=-148.0, 50%=-141.0, 75%=-132.0, 90%=-125.0, 95%=-122.90000915527344, 98%=-117.0
ranking_best_algo: DiscreteDE
ranking_best_score: 143.4
ranking_my_rank: 83/504 (83.7%)
ranking_my_percent: 83.73015873015873
