ConfigName: kjsd__advperagentrankweighted__M4__L24__eps0p005__g0p0007__ds0p4__dm0p05
Problem: QUBO
Kernel: jsd
Advantage: peragentrankweighted
M: 4
lambda: 24
epsilon_svgd: 0.005
gamma: 0.0007
decay_start_ratio: 0.4
decay_min_factor: 0.05
bandwith_kernel: None
no_interact: False
avg_score: -426.4599914550781
median_score: -427.0
std_score: 28.02763557434082
percentiles: 2%=-479.0799865722656, 5%=-475.20001220703125, 10%=-469.20001220703125, 25%=-443.0, 50%=-427.0, 75%=-410.5, 90%=-391.79998779296875, 95%=-382.70001220703125, 98%=-371.8800048828125
ranking_best_algo: CMAL3
ranking_best_score: 435.36
ranking_my_rank: 23/504 (95.6%)
ranking_my_percent: 95.63492063492063
