ConfigName: kjsd__advperagentrankweighted__M3__L16__eps0p01__g0p0005__ds0p05__dm0p1
Problem: QUBO
Kernel: jsd
Advantage: peragentrankweighted
M: 3
lambda: 16
epsilon_svgd: 0.01
gamma: 0.0005
decay_start_ratio: 0.05
decay_min_factor: 0.1
bandwith_kernel: None
no_interact: False
avg_score: -1240.699951171875
median_score: -1242.0
std_score: 63.62491226196289
percentiles: 2%=-1378.0999755859375, 5%=-1352.0, 10%=-1317.0999755859375, 25%=-1287.25, 50%=-1242.0, 75%=-1187.75, 90%=-1156.5999755859375, 95%=-1148.9000244140625, 98%=-1123.93994140625
ranking_best_algo: SVMMetaModelLogNormal
ranking_best_score: 1233.7999999999997
ranking_my_rank: 1/504 (100.0%)
ranking_my_percent: 100.0
