ConfigName: kjsd__advperagentrankweighted__M3__L18__eps0p01__g0p001__ds0p05__dm0p2
Problem: QUBO
Kernel: jsd
Advantage: peragentrankweighted
M: 3
lambda: 18
epsilon_svgd: 0.01
gamma: 0.001
decay_start_ratio: 0.05
decay_min_factor: 0.2
bandwith_kernel: None
no_interact: False
avg_score: -426.6000061035156
median_score: -430.0
std_score: 28.957210540771484
percentiles: 2%=-479.0, 5%=-475.0, 10%=-471.0, 25%=-443.0, 50%=-430.0, 75%=-410.5, 90%=-386.8999938964844, 95%=-380.95001220703125, 98%=-355.9599914550781
ranking_best_algo: CMAL3
ranking_best_score: 435.36
ranking_my_rank: 23/504 (95.6%)
ranking_my_percent: 95.63492063492063
