ConfigName: kjsd__advperagentrankweighted__M3__L30__eps0p007__g0p001__ds0p2__dm0p2
Problem: QUBO
Kernel: jsd
Advantage: peragentrankweighted
M: 3
lambda: 30
epsilon_svgd: 0.007
gamma: 0.001
decay_start_ratio: 0.2
decay_min_factor: 0.2
bandwith_kernel: None
no_interact: False
avg_score: -307.3800048828125
median_score: -303.0
std_score: 41.07037353515625
percentiles: 2%=-396.0, 5%=-392.1000061035156, 10%=-355.6000061035156, 25%=-334.5, 50%=-303.0, 75%=-274.0, 90%=-264.0, 95%=-244.9499969482422, 98%=-241.89999389648438
ranking_best_algo: CMApara
ranking_best_score: 319.29999999999995
ranking_my_rank: 97/504 (81.0%)
ranking_my_percent: 80.95238095238095
