ConfigName: kjsd__advperagentrankweighted__M3__L16__eps0p01__g0p001__ds0p05__dm0p1
Problem: QUBO
Kernel: jsd
Advantage: peragentrankweighted
M: 3
lambda: 16
epsilon_svgd: 0.01
gamma: 0.001
decay_start_ratio: 0.05
decay_min_factor: 0.1
bandwith_kernel: None
no_interact: False
avg_score: -307.9800109863281
median_score: -309.0
std_score: 40.270084381103516
percentiles: 2%=-394.0, 5%=-388.1000061035156, 10%=-355.6000061035156, 25%=-334.5, 50%=-309.0, 75%=-271.75, 90%=-262.8999938964844, 95%=-255.64999389648438, 98%=-245.9600067138672
ranking_best_algo: CMApara
ranking_best_score: 319.29999999999995
ranking_my_rank: 91/504 (82.1%)
ranking_my_percent: 82.14285714285714
