ConfigName: krbf__advnormalizedfitness__M2__L6__eps0p01__g0p015__ds0p3__dm0p3
Problem: QUBO
Kernel: rbf
Advantage: normalizedfitness
M: 2
lambda: 6
epsilon_svgd: 0.01
gamma: 0.015
decay_start_ratio: 0.3
decay_min_factor: 0.3
bandwith_kernel: None
no_interact: False
avg_score: -1157.199951171875
median_score: -1154.0
std_score: 66.61366271972656
percentiles: 2%=-1283.1400146484375, 5%=-1273.0, 10%=-1245.0999755859375, 25%=-1206.25, 50%=-1154.0, 75%=-1104.75, 90%=-1066.5999755859375, 95%=-1056.75, 98%=-1045.93994140625
ranking_best_algo: Tabu
ranking_best_score: 1216.16
ranking_my_rank: 101/504 (80.2%)
ranking_my_percent: 80.15873015873017
