ConfigName: kjsd__advperagentrankweighted__M3__L18__eps0p005__g0p001__ds0p1__dm0p1
Problem: NK
Kernel: jsd
Advantage: peragentrankweighted
M: 3
lambda: 18
epsilon_svgd: 0.005
gamma: 0.001
decay_start_ratio: 0.1
decay_min_factor: 0.1
bandwith_kernel: None
no_interact: False
avg_score: 0.754381537437439
median_score: 0.7556467056274414
std_score: 0.013033995404839516
percentiles: 2%=0.7276250720024109, 5%=0.7327473759651184, 10%=0.737847626209259, 25%=0.7466380596160889, 50%=0.7556467056274414, 75%=0.7636339664459229, 90%=0.7699234485626221, 95%=0.7714750170707703, 98%=0.7830557823181152
ranking_best_algo: Tabu
ranking_best_score: 0.7657846284375001
ranking_my_rank: 7/504 (98.8%)
ranking_my_percent: 98.80952380952381
