ConfigName: kfr__advglobalrankweighted__M5__L11__eps0p01__g0p005__ds0p01__dm0p01
Problem: QUBO
Kernel: fr
Advantage: globalrankweighted
M: 5
lambda: 11
epsilon_svgd: 0.01
gamma: 0.005
decay_start_ratio: 0.01
decay_min_factor: 0.01
bandwith_kernel: None
no_interact: False
avg_score: -1034.4000244140625
median_score: -1037.0
std_score: 69.03491973876953
percentiles: 2%=-1165.5400390625, 5%=-1146.25, 10%=-1114.5, 25%=-1082.0, 50%=-1037.0, 75%=-983.0, 90%=-946.4000244140625, 95%=-927.0, 98%=-912.7399291992188
ranking_best_algo: SVMMetaModelLogNormal
ranking_best_score: 1233.7999999999997
ranking_my_rank: 206/504 (59.3%)
ranking_my_percent: 59.32539682539682
