ConfigName: kjsd__advperagentrankweighted__M3__L20__eps0p005__g0p003__ds0p2__dm0p05
Problem: QUBO
Kernel: jsd
Advantage: peragentrankweighted
M: 3
lambda: 20
epsilon_svgd: 0.005
gamma: 0.003
decay_start_ratio: 0.2
decay_min_factor: 0.05
bandwith_kernel: None
no_interact: False
avg_score: -553.8599853515625
median_score: -558.5
std_score: 36.32712936401367
percentiles: 2%=-614.0800170898438, 5%=-610.0499877929688, 10%=-603.0999755859375, 25%=-579.5, 50%=-558.5, 75%=-526.75, 90%=-504.79998779296875, 95%=-496.6499938964844, 98%=-483.8800048828125
ranking_best_algo: Tabu
ranking_best_score: 588.7199999999999
ranking_my_rank: 151/503 (70.2%)
ranking_my_percent: 70.17892644135189
