ConfigName: kjsd__advperagentrankweighted__M5__L12__eps0p02__g0p0003__ds0p2__dm0p05
Problem: NK
Kernel: jsd
Advantage: peragentrankweighted
M: 5
lambda: 12
epsilon_svgd: 0.02
gamma: 0.0003
decay_start_ratio: 0.2
decay_min_factor: 0.05
bandwith_kernel: None
no_interact: False
avg_score: 0.7038443684577942
median_score: 0.704880952835083
std_score: 0.011458021588623524
percentiles: 2%=0.6845757961273193, 5%=0.6864468455314636, 10%=0.6883461475372314, 25%=0.6930916905403137, 50%=0.704880952835083, 75%=0.7139171361923218, 90%=0.7177522778511047, 95%=0.718982994556427, 98%=0.721271276473999
ranking_best_algo: PBIL
ranking_best_score: 0.7013553837109374
ranking_my_rank: 1/504 (100.0%)
ranking_my_percent: 100.0
