ConfigName: krbf__advnormalizedfitness__M4__L15__eps0p025__g0p005__ds0p05__dm0p05
Problem: NK
Kernel: rbf
Advantage: normalizedfitness
M: 4
lambda: 15
epsilon_svgd: 0.025
gamma: 0.005
decay_start_ratio: 0.05
decay_min_factor: 0.05
bandwith_kernel: None
no_interact: False
avg_score: 0.7448834776878357
median_score: 0.7423104643821716
std_score: 0.029231024906039238
percentiles: 2%=0.6879582405090332, 5%=0.7027993202209473, 10%=0.7110216617584229, 25%=0.7247974872589111, 50%=0.7423104643821716, 75%=0.7580187320709229, 90%=0.7779470086097717, 95%=0.8046112656593323, 98%=0.8109671473503113
ranking_best_algo: CMApara
ranking_best_score: 0.7459277895312499
ranking_my_rank: 2/504 (99.8%)
ranking_my_percent: 99.8015873015873
