ConfigName: krbf__advnormalizedfitness__M3__L12__eps0p033__g0p007__ds0p15__dm0p3
Problem: NK
Kernel: rbf
Advantage: normalizedfitness
M: 3
lambda: 12
epsilon_svgd: 0.033
gamma: 0.007
decay_start_ratio: 0.15
decay_min_factor: 0.3
bandwith_kernel: None
no_interact: False
avg_score: 0.745134711265564
median_score: 0.7415305376052856
std_score: 0.027584366500377655
percentiles: 2%=0.7063109874725342, 5%=0.7085779309272766, 10%=0.7121447324752808, 25%=0.7261055111885071, 50%=0.7415305376052856, 75%=0.7601335048675537, 90%=0.7782467603683472, 95%=0.8044298887252808, 98%=0.8118547797203064
ranking_best_algo: CMApara
ranking_best_score: 0.7459277895312499
ranking_my_rank: 2/504 (99.8%)
ranking_my_percent: 99.8015873015873
