ConfigName: kjsd__advperagentrankweighted__M6__L10__eps0p02__g0p0007__ds0p05__dm0p05
Problem: QUBO
Kernel: jsd
Advantage: peragentrankweighted
M: 6
lambda: 10
epsilon_svgd: 0.02
gamma: 0.0007
decay_start_ratio: 0.05
decay_min_factor: 0.05
bandwith_kernel: None
no_interact: False
avg_score: -201.17999267578125
median_score: -201.0
std_score: 11.883079528808594
percentiles: 2%=-224.0, 5%=-222.0, 10%=-216.1999969482422, 25%=-210.0, 50%=-201.0, 75%=-194.0, 90%=-184.89999389648438, 95%=-180.9499969482422, 98%=-176.9600067138672
ranking_best_algo: Tabu
ranking_best_score: 208.36000000000004
ranking_my_rank: 41/504 (92.1%)
ranking_my_percent: 92.06349206349206
