ConfigName: kjsd__advperagentrankweighted__M3__L18__eps0p007__g0p003__ds0p1__dm0p05
Problem: QUBO
Kernel: jsd
Advantage: peragentrankweighted
M: 3
lambda: 18
epsilon_svgd: 0.007
gamma: 0.003
decay_start_ratio: 0.1
decay_min_factor: 0.05
bandwith_kernel: None
no_interact: False
avg_score: -903.3800048828125
median_score: -904.0
std_score: 67.08647918701172
percentiles: 2%=-1046.0, 5%=-1018.0499877929688, 10%=-1002.5, 25%=-947.0, 50%=-904.0, 75%=-857.75, 90%=-809.9000244140625, 95%=-801.2999877929688, 98%=-784.5800170898438
ranking_best_algo: CMAL3
ranking_best_score: 928.5800000000002
ranking_my_rank: 66/504 (87.1%)
ranking_my_percent: 87.10317460317461
