ConfigName: kjsd__advperagentrankweighted__M3__L18__eps0p005__g0p0005__ds0p1__dm0p1
Problem: QUBO
Kernel: jsd
Advantage: peragentrankweighted
M: 3
lambda: 18
epsilon_svgd: 0.005
gamma: 0.0005
decay_start_ratio: 0.1
decay_min_factor: 0.1
bandwith_kernel: None
no_interact: False
avg_score: -307.32000732421875
median_score: -308.0
std_score: 38.61473083496094
percentiles: 2%=-394.0, 5%=-384.20001220703125, 10%=-357.20001220703125, 25%=-328.0, 50%=-308.0, 75%=-274.75, 90%=-265.0, 95%=-259.6499938964844, 98%=-242.94000244140625
ranking_best_algo: CMApara
ranking_best_score: 319.29999999999995
ranking_my_rank: 98/504 (80.8%)
ranking_my_percent: 80.75396825396825
