ConfigName: krbf__advnormalizedfitness__M4__L10__eps0p015__g0p015__ds0p3__dm0p01
Problem: QUBO
Kernel: rbf
Advantage: normalizedfitness
M: 4
lambda: 10
epsilon_svgd: 0.015
gamma: 0.015
decay_start_ratio: 0.3
decay_min_factor: 0.01
bandwith_kernel: None
no_interact: False
avg_score: -715.5399780273438
median_score: -709.5
std_score: 73.4316635131836
percentiles: 2%=-876.3599853515625, 5%=-840.7999877929688, 10%=-817.5, 25%=-762.5, 50%=-709.5, 75%=-665.75, 90%=-628.0, 95%=-605.8500366210938, 98%=-574.639892578125
ranking_best_algo: CMAL3
ranking_best_score: 928.5800000000002
ranking_my_rank: 329/504 (34.9%)
ranking_my_percent: 34.92063492063492
