ConfigName: kjsd__advperagentrankweighted__M5__L10__eps0p03__g0p0003__ds0p2__dm0p05
Problem: QUBO
Kernel: jsd
Advantage: peragentrankweighted
M: 5
lambda: 10
epsilon_svgd: 0.03
gamma: 0.0003
decay_start_ratio: 0.2
decay_min_factor: 0.05
bandwith_kernel: None
no_interact: False
avg_score: -3106.93994140625
median_score: -3095.5
std_score: 109.77375030517578
percentiles: 2%=-3379.199951171875, 5%=-3301.0, 10%=-3232.0, 25%=-3183.25, 50%=-3095.5, 75%=-3027.5, 90%=-2972.800048828125, 95%=-2941.89990234375, 98%=-2935.860107421875
ranking_best_algo: RLSOnePlusOne
ranking_best_score: 3316.5199999999995
ranking_my_rank: 82/504 (83.9%)
ranking_my_percent: 83.92857142857143
