ConfigName: kjsd__advperagentrankweighted__M5__L12__eps0p03__g0p0007__ds0p05__dm0p05
Problem: QUBO
Kernel: jsd
Advantage: peragentrankweighted
M: 5
lambda: 12
epsilon_svgd: 0.03
gamma: 0.0007
decay_start_ratio: 0.05
decay_min_factor: 0.05
bandwith_kernel: None
no_interact: False
avg_score: -914.7999877929688
median_score: -909.0
std_score: 62.668174743652344
percentiles: 2%=-1042.1199951171875, 5%=-1017.3499755859375, 10%=-1003.2000122070312, 25%=-965.0, 50%=-909.0, 75%=-874.0, 90%=-830.7000122070312, 95%=-810.9500122070312, 98%=-793.9400024414062
ranking_best_algo: CMAL3
ranking_best_score: 928.5800000000002
ranking_my_rank: 17/504 (96.8%)
ranking_my_percent: 96.82539682539682
