ConfigName: krbf__advnormalizedfitness__M3__L8__eps0p015__g0p005__ds0p3__dm0p01
Problem: NK
Kernel: rbf
Advantage: normalizedfitness
M: 3
lambda: 8
epsilon_svgd: 0.015
gamma: 0.005
decay_start_ratio: 0.3
decay_min_factor: 0.01
bandwith_kernel: None
no_interact: False
avg_score: 0.744279146194458
median_score: 0.7408133745193481
std_score: 0.028047259896993637
percentiles: 2%=0.7006387710571289, 5%=0.7077276110649109, 10%=0.710641622543335, 25%=0.7248797416687012, 50%=0.7408133745193481, 75%=0.7580187320709229, 90%=0.7782467603683472, 95%=0.8044298887252808, 98%=0.8118547797203064
ranking_best_algo: CMApara
ranking_best_score: 0.7459277895312499
ranking_my_rank: 5/504 (99.2%)
ranking_my_percent: 99.2063492063492
