ConfigName: kjsd__advperagentrankweighted__M3__L16__eps0p01__g0p0005__ds0p2__dm0p1
Problem: QUBO
Kernel: jsd
Advantage: peragentrankweighted
M: 3
lambda: 16
epsilon_svgd: 0.01
gamma: 0.0005
decay_start_ratio: 0.2
decay_min_factor: 0.1
bandwith_kernel: None
no_interact: False
avg_score: -2625.39990234375
median_score: -2603.0
std_score: 131.5866241455078
percentiles: 2%=-2935.10009765625, 5%=-2847.300048828125, 10%=-2801.300048828125, 25%=-2698.0, 50%=-2603.0, 75%=-2531.25, 90%=-2457.60009765625, 95%=-2440.5, 98%=-2401.199951171875
ranking_best_algo: DiscreteLengler2OnePlusOne
ranking_best_score: 2617.04
ranking_my_rank: 1/504 (100.0%)
ranking_my_percent: 100.0
