ConfigName: krbf__advnormalizedfitness__M3__L8__eps0p033__g0p005__ds0p01__dm0p3
Problem: NK
Kernel: rbf
Advantage: normalizedfitness
M: 3
lambda: 8
epsilon_svgd: 0.033
gamma: 0.005
decay_start_ratio: 0.01
decay_min_factor: 0.3
bandwith_kernel: None
no_interact: False
avg_score: 0.7323259115219116
median_score: 0.732695460319519
std_score: 0.008964071050286293
percentiles: 2%=0.7150291204452515, 5%=0.7163597941398621, 10%=0.7192099690437317, 25%=0.7267345786094666, 50%=0.732695460319519, 75%=0.7398340702056885, 90%=0.743806004524231, 95%=0.7447439432144165, 98%=0.7459425330162048
ranking_best_algo: PBIL
ranking_best_score: 0.7248786399609374
ranking_my_rank: 1/504 (100.0%)
ranking_my_percent: 100.0
