ConfigName: kjsd__advperagentrankweighted__M3__L16__eps0p007__g0p0005__ds0p05__dm0p1
Problem: QUBO
Kernel: jsd
Advantage: peragentrankweighted
M: 3
lambda: 16
epsilon_svgd: 0.007
gamma: 0.0005
decay_start_ratio: 0.05
decay_min_factor: 0.1
bandwith_kernel: None
no_interact: False
avg_score: -580.5599975585938
median_score: -582.5
std_score: 29.822246551513672
percentiles: 2%=-629.0800170898438, 5%=-625.0, 10%=-616.2999877929688, 25%=-601.25, 50%=-582.5, 75%=-562.5, 90%=-540.9000244140625, 95%=-532.2999877929688, 98%=-513.9400024414062
ranking_best_algo: Tabu
ranking_best_score: 588.7199999999999
ranking_my_rank: 37/503 (92.8%)
ranking_my_percent: 92.84294234592446
