ConfigName: krbf__advnormalizedfitness__M3__L15__eps0p015__g0p005__ds0p01__dm0p3
Problem: NK
Kernel: rbf
Advantage: normalizedfitness
M: 3
lambda: 15
epsilon_svgd: 0.015
gamma: 0.005
decay_start_ratio: 0.01
decay_min_factor: 0.3
bandwith_kernel: None
no_interact: False
avg_score: 0.7203137874603271
median_score: 0.7223784923553467
std_score: 0.010432587005198002
percentiles: 2%=0.6991426348686218, 5%=0.700284481048584, 10%=0.7049333453178406, 25%=0.7137187123298645, 50%=0.7223784923553467, 75%=0.7291240692138672, 90%=0.7317349910736084, 95%=0.7348425984382629, 98%=0.7378337383270264
ranking_best_algo: PBIL
ranking_best_score: 0.7248786399609374
ranking_my_rank: 6/504 (99.0%)
ranking_my_percent: 99.0079365079365
