ConfigName: krbf__advnormalizedfitness__M3__L12__eps0p025__g0p015__ds0p3__dm0p3
Problem: NK
Kernel: rbf
Advantage: normalizedfitness
M: 3
lambda: 12
epsilon_svgd: 0.025
gamma: 0.015
decay_start_ratio: 0.3
decay_min_factor: 0.3
bandwith_kernel: None
no_interact: False
avg_score: 0.6870126128196716
median_score: 0.689967155456543
std_score: 0.012038602493703365
percentiles: 2%=0.6667439937591553, 5%=0.6686655282974243, 10%=0.6705654859542847, 25%=0.6761091947555542, 50%=0.689967155456543, 75%=0.6966965198516846, 90%=0.7009038925170898, 95%=0.7023681998252869, 98%=0.7067058682441711
ranking_best_algo: PBIL
ranking_best_score: 0.7013553837109374
ranking_my_rank: 86/504 (83.1%)
ranking_my_percent: 83.13492063492063
