ConfigName: kjsd__advperagentrankweighted__M4__L10__eps0p03__g0p0007__ds0p05__dm0p05
Problem: NK
Kernel: jsd
Advantage: peragentrankweighted
M: 4
lambda: 10
epsilon_svgd: 0.03
gamma: 0.0007
decay_start_ratio: 0.05
decay_min_factor: 0.05
bandwith_kernel: None
no_interact: False
avg_score: 0.7376809120178223
median_score: 0.7336481809616089
std_score: 0.029137402772903442
percentiles: 2%=0.6900300979614258, 5%=0.6957319974899292, 10%=0.7047709226608276, 25%=0.7193272113800049, 50%=0.7336481809616089, 75%=0.7499641180038452, 90%=0.7722780108451843, 95%=0.8044298887252808, 98%=0.8118547797203064
ranking_best_algo: CMApara
ranking_best_score: 0.7459277895312499
ranking_my_rank: 65/504 (87.3%)
ranking_my_percent: 87.3015873015873
