ConfigName: kjsd__advperagentrankweighted__M4__L20__eps0p005__g0p001__ds0p05__dm0p05
Problem: QUBO
Kernel: jsd
Advantage: peragentrankweighted
M: 4
lambda: 20
epsilon_svgd: 0.005
gamma: 0.001
decay_start_ratio: 0.05
decay_min_factor: 0.05
bandwith_kernel: None
no_interact: False
avg_score: -3185.820068359375
median_score: -3182.5
std_score: 152.63815307617188
percentiles: 2%=-3485.300048828125, 5%=-3440.35009765625, 10%=-3400.10009765625, 25%=-3293.25, 50%=-3182.5, 75%=-3070.75, 90%=-2983.800048828125, 95%=-2950.550048828125, 98%=-2931.9599609375
ranking_best_algo: RLSOnePlusOne
ranking_best_score: 3316.5199999999995
ranking_my_rank: 57/504 (88.9%)
ranking_my_percent: 88.88888888888889
