ConfigName: kjsd__advperagentrankweighted__M3__L16__eps0p005__g0p003__ds0p1__dm0p2
Problem: NK
Kernel: jsd
Advantage: peragentrankweighted
M: 3
lambda: 16
epsilon_svgd: 0.005
gamma: 0.003
decay_start_ratio: 0.1
decay_min_factor: 0.2
bandwith_kernel: None
no_interact: False
avg_score: 0.6425029039382935
median_score: 0.6400662660598755
std_score: 0.020523669198155403
percentiles: 2%=0.6107702255249023, 5%=0.6165831685066223, 10%=0.6214732527732849, 25%=0.6268542408943176, 50%=0.6400662660598755, 75%=0.6566728353500366, 90%=0.670937716960907, 95%=0.6778026223182678, 98%=0.695543646812439
ranking_best_algo: Tabu
ranking_best_score: 0.7429702712499999
ranking_my_rank: 339/504 (32.9%)
ranking_my_percent: 32.93650793650794
