ConfigName: krbf__advnormalizedfitness__M4__L12__eps0p025__g0p01__ds0p01__dm0p3
Problem: QUBO
Kernel: rbf
Advantage: normalizedfitness
M: 4
lambda: 12
epsilon_svgd: 0.025
gamma: 0.01
decay_start_ratio: 0.01
decay_min_factor: 0.3
bandwith_kernel: None
no_interact: False
avg_score: -405.6000061035156
median_score: -404.0
std_score: 26.936962127685547
percentiles: 2%=-457.0400085449219, 5%=-447.25, 10%=-442.0, 25%=-425.25, 50%=-404.0, 75%=-385.5, 90%=-369.79998779296875, 95%=-364.0, 98%=-357.8399658203125
ranking_best_algo: Tabu
ranking_best_score: 438.12
ranking_my_rank: 167/504 (67.1%)
ranking_my_percent: 67.06349206349206
