ConfigName: kjsd__advperagentrankweighted__M10__L12__eps0p005__g0p0005__ds0p3__dm0p05
Problem: NK
Kernel: jsd
Advantage: peragentrankweighted
M: 10
lambda: 12
epsilon_svgd: 0.005
gamma: 0.0005
decay_start_ratio: 0.3
decay_min_factor: 0.05
bandwith_kernel: None
no_interact: False
avg_score: 0.7454315423965454
median_score: 0.7423104643821716
std_score: 0.028618711978197098
percentiles: 2%=0.7022250890731812, 5%=0.7054427862167358, 10%=0.711189329624176, 25%=0.7225849628448486, 50%=0.7423104643821716, 75%=0.7580187320709229, 90%=0.7783373594284058, 95%=0.8079609274864197, 98%=0.8118547797203064
ranking_best_algo: CMApara
ranking_best_score: 0.7459277895312499
ranking_my_rank: 2/504 (99.8%)
ranking_my_percent: 99.8015873015873
