ConfigName: kjsd__advperagentrankweighted__M4__L24__eps0p005__g0p0003__ds0p05__dm0p05
Problem: NK
Kernel: jsd
Advantage: peragentrankweighted
M: 4
lambda: 24
epsilon_svgd: 0.005
gamma: 0.0003
decay_start_ratio: 0.05
decay_min_factor: 0.05
bandwith_kernel: None
no_interact: False
avg_score: 0.735764741897583
median_score: 0.7376834154129028
std_score: 0.008704079315066338
percentiles: 2%=0.7176898717880249, 5%=0.720152735710144, 10%=0.722640335559845, 25%=0.7297695875167847, 50%=0.7376834154129028, 75%=0.7427563071250916, 90%=0.7456580400466919, 95%=0.7470908164978027, 98%=0.7481279373168945
ranking_best_algo: PBIL
ranking_best_score: 0.7248786399609374
ranking_my_rank: 1/504 (100.0%)
ranking_my_percent: 100.0
