ConfigName: kjsd__advperagentrankweighted__M3__L20__eps0p007__g0p0007__ds0p2__dm0p05
Problem: QUBO
Kernel: jsd
Advantage: peragentrankweighted
M: 3
lambda: 20
epsilon_svgd: 0.007
gamma: 0.0007
decay_start_ratio: 0.2
decay_min_factor: 0.05
bandwith_kernel: None
no_interact: False
avg_score: -578.3800048828125
median_score: -575.0
std_score: 26.72256851196289
percentiles: 2%=-633.0800170898438, 5%=-627.1500244140625, 10%=-615.0, 25%=-594.25, 50%=-575.0, 75%=-559.75, 90%=-547.0, 95%=-538.8499755859375, 98%=-523.9600219726562
ranking_best_algo: Tabu
ranking_best_score: 588.7199999999999
ranking_my_rank: 42/503 (91.8%)
ranking_my_percent: 91.84890656063618
