ConfigName: kfr__advglobalrankweighted__M6__L11__eps0p01__g0p007__ds0p01__dm0p01
Problem: QUBO
Kernel: fr
Advantage: globalrankweighted
M: 6
lambda: 11
epsilon_svgd: 0.01
gamma: 0.007
decay_start_ratio: 0.01
decay_min_factor: 0.01
bandwith_kernel: None
no_interact: False
avg_score: -945.0999755859375
median_score: -937.5
std_score: 98.03779602050781
percentiles: 2%=-1145.1800537109375, 5%=-1115.25, 10%=-1079.0, 25%=-996.25, 50%=-937.5, 75%=-878.5, 90%=-819.9000244140625, 95%=-801.9500122070312, 98%=-799.9599609375
ranking_best_algo: Tabu
ranking_best_score: 1216.16
ranking_my_rank: 325/504 (35.7%)
ranking_my_percent: 35.714285714285715
