ConfigName: krbf__advnormalizedfitness__M2__L8__eps0p015__g0p007__ds0p3__dm0p3
Problem: NK
Kernel: rbf
Advantage: normalizedfitness
M: 2
lambda: 8
epsilon_svgd: 0.015
gamma: 0.007
decay_start_ratio: 0.3
decay_min_factor: 0.3
bandwith_kernel: None
no_interact: False
avg_score: 0.7449343800544739
median_score: 0.7447854280471802
std_score: 0.01007327251136303
percentiles: 2%=0.7270104289054871, 5%=0.7293615937232971, 10%=0.7312535047531128, 25%=0.7374165058135986, 50%=0.7447854280471802, 75%=0.7516212463378906, 90%=0.7572513818740845, 95%=0.7616741061210632, 98%=0.7659697532653809
ranking_best_algo: PBIL
ranking_best_score: 0.733570253046875
ranking_my_rank: 1/504 (100.0%)
ranking_my_percent: 100.0
