ConfigName: krbf__advnormalizedfitness__M3__L8__eps0p015__g0p015__ds0p01__dm0p3
Problem: QUBO
Kernel: rbf
Advantage: normalizedfitness
M: 3
lambda: 8
epsilon_svgd: 0.015
gamma: 0.015
decay_start_ratio: 0.01
decay_min_factor: 0.3
bandwith_kernel: None
no_interact: False
avg_score: -387.4800109863281
median_score: -391.5
std_score: 36.612152099609375
percentiles: 2%=-457.0799865722656, 5%=-447.29998779296875, 10%=-431.20001220703125, 25%=-413.25, 50%=-391.5, 75%=-364.5, 90%=-338.79998779296875, 95%=-317.95001220703125, 98%=-310.89996337890625
ranking_best_algo: CMAL3
ranking_best_score: 435.36
ranking_my_rank: 274/504 (45.8%)
ranking_my_percent: 45.833333333333336
