ConfigName: kjsd__advperagentrankweighted__M4__L12__eps0p01__g0p0005__ds0p05__dm0p05
Problem: QUBO
Kernel: jsd
Advantage: peragentrankweighted
M: 4
lambda: 12
epsilon_svgd: 0.01
gamma: 0.0005
decay_start_ratio: 0.05
decay_min_factor: 0.05
bandwith_kernel: None
no_interact: False
avg_score: -1246.239990234375
median_score: -1254.0
std_score: 69.19337463378906
percentiles: 2%=-1382.0400390625, 5%=-1362.0999755859375, 10%=-1341.5999755859375, 25%=-1290.25, 50%=-1254.0, 75%=-1195.25, 90%=-1158.800048828125, 95%=-1144.5, 98%=-1104.93994140625
ranking_best_algo: SVMMetaModelLogNormal
ranking_best_score: 1233.7999999999997
ranking_my_rank: 1/504 (100.0%)
ranking_my_percent: 100.0
