ConfigName: krbf__advnormalizedfitness__M4__L24__eps0p02__g0p0005__ds0p05__dm0p05
Problem: QUBO
Kernel: rbf
Advantage: normalizedfitness
M: 4
lambda: 24
epsilon_svgd: 0.02
gamma: 0.0005
decay_start_ratio: 0.05
decay_min_factor: 0.05
bandwith_kernel: None
no_interact: False
avg_score: -413.7799987792969
median_score: -417.5
std_score: 24.75139617919922
percentiles: 2%=-461.0799865722656, 5%=-452.25, 10%=-445.0, 25%=-428.5, 50%=-417.5, 75%=-400.0, 90%=-378.0, 95%=-364.0, 98%=-359.9599914550781
ranking_best_algo: Tabu
ranking_best_score: 438.12
ranking_my_rank: 57/504 (88.9%)
ranking_my_percent: 88.88888888888889
