ConfigName: krbf__advnormalizedfitness__M3__L15__eps0p033__g0p015__ds0p3__dm0p01
Problem: NK
Kernel: rbf
Advantage: normalizedfitness
M: 3
lambda: 15
epsilon_svgd: 0.033
gamma: 0.015
decay_start_ratio: 0.3
decay_min_factor: 0.01
bandwith_kernel: None
no_interact: False
avg_score: 0.7364475131034851
median_score: 0.7377117872238159
std_score: 0.00882683228701353
percentiles: 2%=0.7194556593894958, 5%=0.7213040590286255, 10%=0.723875880241394, 25%=0.7312952876091003, 50%=0.7377117872238159, 75%=0.743325412273407, 90%=0.7460352778434753, 95%=0.748552143573761, 98%=0.7528795599937439
ranking_best_algo: PBIL
ranking_best_score: 0.730509098125
ranking_my_rank: 1/504 (100.0%)
ranking_my_percent: 100.0
