ConfigName: kjsd__advperagentrankweighted__M4__L24__eps0p005__g0p0003__ds0p05__dm0p05
Problem: QUBO
Kernel: jsd
Advantage: peragentrankweighted
M: 4
lambda: 24
epsilon_svgd: 0.005
gamma: 0.0003
decay_start_ratio: 0.05
decay_min_factor: 0.05
bandwith_kernel: None
no_interact: False
avg_score: -914.739990234375
median_score: -912.0
std_score: 65.00886535644531
percentiles: 2%=-1040.199951171875, 5%=-1019.5, 10%=-998.2000122070312, 25%=-969.0, 50%=-912.0, 75%=-863.5, 90%=-840.7000122070312, 95%=-820.2999877929688, 98%=-794.0599975585938
ranking_best_algo: CMAL3
ranking_best_score: 928.5800000000002
ranking_my_rank: 17/504 (96.8%)
ranking_my_percent: 96.82539682539682
