ConfigName: krbf__advnormalizedfitness__M3__L15__eps0p033__g0p005__ds0p01__dm0p3
Problem: NK
Kernel: rbf
Advantage: normalizedfitness
M: 3
lambda: 15
epsilon_svgd: 0.033
gamma: 0.005
decay_start_ratio: 0.01
decay_min_factor: 0.3
bandwith_kernel: None
no_interact: False
avg_score: 0.7578584551811218
median_score: 0.7566397190093994
std_score: 0.012587467208504677
percentiles: 2%=0.7356058359146118, 5%=0.739250659942627, 10%=0.7413579225540161, 25%=0.7488762140274048, 50%=0.7566397190093994, 75%=0.7685160040855408, 90%=0.7753692865371704, 95%=0.7764471769332886, 98%=0.7812908291816711
ranking_best_algo: Tabu
ranking_best_score: 0.7470791764843752
ranking_my_rank: 1/504 (100.0%)
ranking_my_percent: 100.0
