ConfigName: krbf__advnormalizedfitness__M3__L8__eps0p025__g0p01__ds0p01__dm0p3
Problem: NK
Kernel: rbf
Advantage: normalizedfitness
M: 3
lambda: 8
epsilon_svgd: 0.025
gamma: 0.01
decay_start_ratio: 0.01
decay_min_factor: 0.3
bandwith_kernel: None
no_interact: False
avg_score: 0.738778829574585
median_score: 0.7384705543518066
std_score: 0.014062538743019104
percentiles: 2%=0.7094627022743225, 5%=0.7161056399345398, 10%=0.7195175290107727, 25%=0.7295679450035095, 50%=0.7384705543518066, 75%=0.7468910217285156, 90%=0.758324146270752, 95%=0.7625784277915955, 98%=0.7651711106300354
ranking_best_algo: Tabu
ranking_best_score: 0.7601875690625
ranking_my_rank: 19/504 (96.4%)
ranking_my_percent: 96.42857142857143
