ConfigName: kfr__advglobalrankweighted__M4__L5__eps0p05__g0p003__ds0p01__dm0p01
Problem: QUBO
Kernel: fr
Advantage: globalrankweighted
M: 4
lambda: 5
epsilon_svgd: 0.05
gamma: 0.003
decay_start_ratio: 0.01
decay_min_factor: 0.01
bandwith_kernel: None
no_interact: False
avg_score: -328.1000061035156
median_score: -332.0
std_score: 21.507904052734375
percentiles: 2%=-366.0799865722656, 5%=-354.3500061035156, 10%=-350.0, 25%=-343.0, 50%=-332.0, 75%=-316.0, 90%=-295.6000061035156, 95%=-283.7500305175781, 98%=-277.91998291015625
ranking_best_algo: CMApara
ranking_best_score: 344.22
ranking_my_rank: 84/504 (83.5%)
ranking_my_percent: 83.53174603174604
