ConfigName: kjsd__advperagentrankweighted__M3__L16__eps0p005__g0p003__ds0p1__dm0p1
Problem: NK
Kernel: jsd
Advantage: peragentrankweighted
M: 3
lambda: 16
epsilon_svgd: 0.005
gamma: 0.003
decay_start_ratio: 0.1
decay_min_factor: 0.1
bandwith_kernel: None
no_interact: False
avg_score: 0.7124290466308594
median_score: 0.7126963138580322
std_score: 0.01480878610163927
percentiles: 2%=0.6788038611412048, 5%=0.6873512864112854, 10%=0.6941895484924316, 25%=0.703234076499939, 50%=0.7126963138580322, 75%=0.7213963866233826, 90%=0.7324034571647644, 95%=0.7377342581748962, 98%=0.7392586469650269
ranking_best_algo: PBIL
ranking_best_score: 0.733570253046875
ranking_my_rank: 66/504 (87.1%)
ranking_my_percent: 87.10317460317461
