ConfigName: krbf__advnormalizedfitness__M4__L10__eps0p033__g0p007__ds0p01__dm0p01
Problem: QUBO
Kernel: rbf
Advantage: normalizedfitness
M: 4
lambda: 10
epsilon_svgd: 0.033
gamma: 0.007
decay_start_ratio: 0.01
decay_min_factor: 0.01
bandwith_kernel: None
no_interact: False
avg_score: -3130.39990234375
median_score: -3133.0
std_score: 162.22933959960938
percentiles: 2%=-3459.02001953125, 5%=-3382.35009765625, 10%=-3353.60009765625, 25%=-3230.25, 50%=-3133.0, 75%=-3039.0, 90%=-2929.0, 95%=-2843.500244140625, 98%=-2784.619873046875
ranking_best_algo: RLSOnePlusOne
ranking_best_score: 3316.5199999999995
ranking_my_rank: 77/504 (84.9%)
ranking_my_percent: 84.92063492063492
