ConfigName: kjsd__advperagentrankweighted__M3__L18__eps0p007__g0p0007__ds0p05__dm0p05
Problem: QUBO
Kernel: jsd
Advantage: peragentrankweighted
M: 3
lambda: 18
epsilon_svgd: 0.007
gamma: 0.0007
decay_start_ratio: 0.05
decay_min_factor: 0.05
bandwith_kernel: None
no_interact: False
avg_score: -939.260009765625
median_score: -941.5
std_score: 72.6087646484375
percentiles: 2%=-1076.0400390625, 5%=-1048.75, 10%=-1040.300048828125, 25%=-998.0, 50%=-941.5, 75%=-882.0, 90%=-854.5999755859375, 95%=-832.9000244140625, 98%=-791.780029296875
ranking_best_algo: CMApara
ranking_best_score: 964.9
ranking_my_rank: 7/504 (98.8%)
ranking_my_percent: 98.80952380952381
