ConfigName: krbf__advnormalizedfitness__M4__L10__eps0p01__g0p0005__ds0p05__dm0p05
Problem: NK
Kernel: rbf
Advantage: normalizedfitness
M: 4
lambda: 10
epsilon_svgd: 0.01
gamma: 0.0005
decay_start_ratio: 0.05
decay_min_factor: 0.05
bandwith_kernel: None
no_interact: False
avg_score: 0.710319995880127
median_score: 0.6985580325126648
std_score: 0.03211101144552231
percentiles: 2%=0.6723324060440063, 5%=0.6737030148506165, 10%=0.6747990846633911, 25%=0.6814378499984741, 50%=0.6985580325126648, 75%=0.7464438676834106, 90%=0.7537932395935059, 95%=0.7613165378570557, 98%=0.7613165378570557
ranking_best_algo: CMApara
ranking_best_score: 0.7118996098437498
ranking_my_rank: 28/504 (94.6%)
ranking_my_percent: 94.64285714285714
