ConfigName: kjsd__advperagentrankweighted__M4__L24__eps0p008__g0p0005__ds0p05__dm0p05
Problem: QUBO
Kernel: jsd
Advantage: peragentrankweighted
M: 4
lambda: 24
epsilon_svgd: 0.008
gamma: 0.0005
decay_start_ratio: 0.05
decay_min_factor: 0.05
bandwith_kernel: None
no_interact: False
avg_score: -328.239990234375
median_score: -334.0
std_score: 23.040451049804688
percentiles: 2%=-372.0, 5%=-357.20001220703125, 10%=-354.0, 25%=-343.0, 50%=-334.0, 75%=-317.75, 90%=-295.6000061035156, 95%=-283.8999938964844, 98%=-277.8599853515625
ranking_best_algo: CMApara
ranking_best_score: 344.22
ranking_my_rank: 84/504 (83.5%)
ranking_my_percent: 83.53174603174604
