ConfigName: krbf__advnormalizedfitness__M3__L8__eps0p015__g0p007__ds0p3__dm0p01
Problem: NK
Kernel: rbf
Advantage: normalizedfitness
M: 3
lambda: 8
epsilon_svgd: 0.015
gamma: 0.007
decay_start_ratio: 0.3
decay_min_factor: 0.01
bandwith_kernel: None
no_interact: False
avg_score: 0.7533870935440063
median_score: 0.7548463344573975
std_score: 0.014257299713790417
percentiles: 2%=0.7262155413627625, 5%=0.7284895777702332, 10%=0.7329643368721008, 25%=0.7433526515960693, 50%=0.7548463344573975, 75%=0.7647843360900879, 90%=0.7688078880310059, 95%=0.7724782228469849, 98%=0.7795521020889282
ranking_best_algo: Tabu
ranking_best_score: 0.7657846284375001
ranking_my_rank: 9/504 (98.4%)
ranking_my_percent: 98.41269841269842
