ConfigName: krbf__advnormalizedfitness__M3__L15__eps0p025__g0p01__ds0p01__dm0p01
Problem: NK
Kernel: rbf
Advantage: normalizedfitness
M: 3
lambda: 15
epsilon_svgd: 0.025
gamma: 0.01
decay_start_ratio: 0.01
decay_min_factor: 0.01
bandwith_kernel: None
no_interact: False
avg_score: 0.7069790363311768
median_score: 0.7099241018295288
std_score: 0.01187068596482277
percentiles: 2%=0.6877904534339905, 5%=0.6891884207725525, 10%=0.692141056060791, 25%=0.695022702217102, 50%=0.7099241018295288, 75%=0.7173147201538086, 90%=0.7209296822547913, 95%=0.7230234146118164, 98%=0.724381685256958
ranking_best_algo: PBIL
ranking_best_score: 0.7013553837109374
ranking_my_rank: 1/504 (100.0%)
ranking_my_percent: 100.0
