ConfigName: kjsd__advperagentrankweighted__M4__L24__eps0p03__g0p0007__ds0p05__dm0p05
Problem: NK
Kernel: jsd
Advantage: peragentrankweighted
M: 4
lambda: 24
epsilon_svgd: 0.03
gamma: 0.0007
decay_start_ratio: 0.05
decay_min_factor: 0.05
bandwith_kernel: None
no_interact: False
avg_score: 0.742207407951355
median_score: 0.7405226826667786
std_score: 0.029482724145054817
percentiles: 2%=0.6970139145851135, 5%=0.6994965076446533, 10%=0.7067297697067261, 25%=0.7191729545593262, 50%=0.7405226826667786, 75%=0.7580187320709229, 90%=0.7782467603683472, 95%=0.8044298887252808, 98%=0.8118547797203064
ranking_best_algo: CMApara
ranking_best_score: 0.7459277895312499
ranking_my_rank: 21/504 (96.0%)
ranking_my_percent: 96.03174603174604
