ConfigName: krbf__advnormalizedfitness__M3__L15__eps0p033__g0p01__ds0p01__dm0p01
Problem: NK
Kernel: rbf
Advantage: normalizedfitness
M: 3
lambda: 15
epsilon_svgd: 0.033
gamma: 0.01
decay_start_ratio: 0.01
decay_min_factor: 0.01
bandwith_kernel: None
no_interact: False
avg_score: 0.6686177253723145
median_score: 0.6658989191055298
std_score: 0.02147805131971836
percentiles: 2%=0.6354144811630249, 5%=0.6397598385810852, 10%=0.6427373290061951, 25%=0.6533201932907104, 50%=0.6658989191055298, 75%=0.680048942565918, 90%=0.7013092041015625, 95%=0.7085050940513611, 98%=0.7159968018531799
ranking_best_algo: PBIL
ranking_best_score: 0.7170882103515624
ranking_my_rank: 200/504 (60.5%)
ranking_my_percent: 60.51587301587302
