ConfigName: krbf__advnormalizedfitness__M3__L15__eps0p025__g0p005__ds0p3__dm0p01
Problem: QUBO
Kernel: rbf
Advantage: normalizedfitness
M: 3
lambda: 15
epsilon_svgd: 0.025
gamma: 0.005
decay_start_ratio: 0.3
decay_min_factor: 0.01
bandwith_kernel: None
no_interact: False
avg_score: -1188.06005859375
median_score: -1184.0
std_score: 63.83272171020508
percentiles: 2%=-1347.0400390625, 5%=-1296.75, 10%=-1271.199951171875, 25%=-1228.75, 50%=-1184.0, 75%=-1137.25, 90%=-1119.0, 95%=-1098.75, 98%=-1083.8399658203125
ranking_best_algo: Tabu
ranking_best_score: 1216.16
ranking_my_rank: 61/504 (88.1%)
ranking_my_percent: 88.0952380952381
