ConfigName: krbf__advnormalizedfitness__M3__L10__eps0p025__g0p01__ds0p3__dm0p01
Problem: QUBO
Kernel: rbf
Advantage: normalizedfitness
M: 3
lambda: 10
epsilon_svgd: 0.025
gamma: 0.01
decay_start_ratio: 0.3
decay_min_factor: 0.01
bandwith_kernel: None
no_interact: False
avg_score: -904.8200073242188
median_score: -901.5
std_score: 54.193241119384766
percentiles: 2%=-1001.1599731445312, 5%=-997.0499877929688, 10%=-984.2000122070312, 25%=-945.75, 50%=-901.5, 75%=-870.25, 90%=-832.9000244140625, 95%=-820.800048828125, 98%=-808.8599853515625
ranking_best_algo: CMAL3
ranking_best_score: 928.5800000000002
ranking_my_rank: 64/504 (87.5%)
ranking_my_percent: 87.5
