ConfigName: kjsd__advperagentrankweighted__M4__L20__eps0p007__g0p0005__ds0p2__dm0p1
Problem: QUBO
Kernel: jsd
Advantage: peragentrankweighted
M: 4
lambda: 20
epsilon_svgd: 0.007
gamma: 0.0005
decay_start_ratio: 0.2
decay_min_factor: 0.1
bandwith_kernel: None
no_interact: False
avg_score: -139.47999572753906
median_score: -141.0
std_score: 11.800406455993652
percentiles: 2%=-159.02000427246094, 5%=-158.0, 10%=-156.10000610351562, 25%=-147.0, 50%=-141.0, 75%=-130.0, 90%=-125.9000015258789, 95%=-119.0, 98%=-114.95999908447266
ranking_best_algo: DiscreteDE
ranking_best_score: 143.4
ranking_my_rank: 85/504 (83.3%)
ranking_my_percent: 83.33333333333333
