ConfigName: kjsd__advperagentrankweighted__M3__L18__eps0p007__g0p003__ds0p1__dm0p1
Problem: QUBO
Kernel: jsd
Advantage: peragentrankweighted
M: 3
lambda: 18
epsilon_svgd: 0.007
gamma: 0.003
decay_start_ratio: 0.1
decay_min_factor: 0.1
bandwith_kernel: None
no_interact: False
avg_score: -310.6600036621094
median_score: -316.0
std_score: 39.21025466918945
percentiles: 2%=-396.0, 5%=-386.20001220703125, 10%=-354.79998779296875, 25%=-336.0, 50%=-316.0, 75%=-275.75, 90%=-262.0, 95%=-258.0, 98%=-247.9199981689453
ranking_best_algo: CMApara
ranking_best_score: 319.29999999999995
ranking_my_rank: 57/504 (88.9%)
ranking_my_percent: 88.88888888888889
