ConfigName: kjsd__advperagentrankweighted__M3__L20__eps0p007__g0p001__ds0p1__dm0p2
Problem: NK
Kernel: jsd
Advantage: peragentrankweighted
M: 3
lambda: 20
epsilon_svgd: 0.007
gamma: 0.001
decay_start_ratio: 0.1
decay_min_factor: 0.2
bandwith_kernel: None
no_interact: False
avg_score: 0.7115181684494019
median_score: 0.7114631533622742
std_score: 0.009497527033090591
percentiles: 2%=0.6951110363006592, 5%=0.6983979344367981, 10%=0.6998501420021057, 25%=0.7042796015739441, 50%=0.7114631533622742, 75%=0.717020571231842, 90%=0.7233377695083618, 95%=0.7277109026908875, 98%=0.7319996356964111
ranking_best_algo: PBIL
ranking_best_score: 0.7170882103515624
ranking_my_rank: 42/504 (91.9%)
ranking_my_percent: 91.86507936507937
