ConfigName: kjsd__advperagentrankweighted__M5__L8__eps0p005__g0p0005__ds0p2__dm0p2
Problem: QUBO
Kernel: jsd
Advantage: peragentrankweighted
M: 5
lambda: 8
epsilon_svgd: 0.005
gamma: 0.0005
decay_start_ratio: 0.2
decay_min_factor: 0.2
bandwith_kernel: None
no_interact: False
avg_score: -1310.0799560546875
median_score: -1314.0
std_score: 52.98880386352539
percentiles: 2%=-1424.0999755859375, 5%=-1403.0999755859375, 10%=-1374.199951171875, 25%=-1343.25, 50%=-1314.0, 75%=-1272.5, 90%=-1242.800048828125, 95%=-1226.9000244140625, 98%=-1200.8800048828125
ranking_best_algo: BigLognormalDiscreteOnePlusOne
ranking_best_score: 1301.3600000000004
ranking_my_rank: 1/504 (100.0%)
ranking_my_percent: 100.0
