ConfigName: krbf__advnormalizedfitness__M3__L10__eps0p015__g0p005__ds0p01__dm0p3
Problem: NK
Kernel: rbf
Advantage: normalizedfitness
M: 3
lambda: 10
epsilon_svgd: 0.015
gamma: 0.005
decay_start_ratio: 0.01
decay_min_factor: 0.3
bandwith_kernel: None
no_interact: False
avg_score: 0.7446706891059875
median_score: 0.7417813539505005
std_score: 0.02796223573386669
percentiles: 2%=0.7051886320114136, 5%=0.7071971297264099, 10%=0.7106884717941284, 25%=0.7218696475028992, 50%=0.7417813539505005, 75%=0.7580187320709229, 90%=0.7782467603683472, 95%=0.8047521710395813, 98%=0.8118547797203064
ranking_best_algo: CMApara
ranking_best_score: 0.7459277895312499
ranking_my_rank: 3/504 (99.6%)
ranking_my_percent: 99.60317460317461
