ConfigName: krbf__advnormalizedfitness__M3__L15__eps0p015__g0p01__ds0p15__dm0p3
Problem: NK
Kernel: rbf
Advantage: normalizedfitness
M: 3
lambda: 15
epsilon_svgd: 0.015
gamma: 0.01
decay_start_ratio: 0.15
decay_min_factor: 0.3
bandwith_kernel: None
no_interact: False
avg_score: 0.7232475280761719
median_score: 0.7246005535125732
std_score: 0.02007651887834072
percentiles: 2%=0.6824601292610168, 5%=0.690071165561676, 10%=0.6950355768203735, 25%=0.7089768648147583, 50%=0.7246005535125732, 75%=0.7355488538742065, 90%=0.7494173049926758, 95%=0.7551767826080322, 98%=0.7564861178398132
ranking_best_algo: Tabu
ranking_best_score: 0.7657846284375001
ranking_my_rank: 248/504 (51.0%)
ranking_my_percent: 50.992063492063494
