ConfigName: kjsd__advperagentrankweighted__M6__L8__eps0p03__g0p0003__ds0p05__dm0p05
Problem: QUBO
Kernel: jsd
Advantage: peragentrankweighted
M: 6
lambda: 8
epsilon_svgd: 0.03
gamma: 0.0003
decay_start_ratio: 0.05
decay_min_factor: 0.05
bandwith_kernel: None
no_interact: False
avg_score: -404.739990234375
median_score: -403.0
std_score: 25.52983283996582
percentiles: 2%=-455.1199951171875, 5%=-446.25, 10%=-441.0, 25%=-422.5, 50%=-403.0, 75%=-385.75, 90%=-375.79998779296875, 95%=-367.8999938964844, 98%=-360.0
ranking_best_algo: Tabu
ranking_best_score: 438.12
ranking_my_rank: 174/504 (65.7%)
ranking_my_percent: 65.67460317460318
