ConfigName: kjsd__advperagentrankweighted__M3__L20__eps0p005__g0p003__ds0p05__dm0p2
Problem: NK
Kernel: jsd
Advantage: peragentrankweighted
M: 3
lambda: 20
epsilon_svgd: 0.005
gamma: 0.003
decay_start_ratio: 0.05
decay_min_factor: 0.2
bandwith_kernel: None
no_interact: False
avg_score: 0.5800653696060181
median_score: 0.579731822013855
std_score: 0.006518094334751368
percentiles: 2%=0.5698747634887695, 5%=0.5714125037193298, 10%=0.5726047158241272, 25%=0.5752478837966919, 50%=0.579731822013855, 75%=0.5839376449584961, 90%=0.5875694751739502, 95%=0.5937919020652771, 98%=0.5967849493026733
ranking_best_algo: PBIL
ranking_best_score: 0.7170882103515624
ranking_my_rank: 384/504 (24.0%)
ranking_my_percent: 24.00793650793651
