ConfigName: kjsd__advperagentrankweighted__M3__L16__eps0p007__g0p0007__ds0p2__dm0p05
Problem: QUBO
Kernel: jsd
Advantage: peragentrankweighted
M: 3
lambda: 16
epsilon_svgd: 0.007
gamma: 0.0007
decay_start_ratio: 0.2
decay_min_factor: 0.05
bandwith_kernel: None
no_interact: False
avg_score: -309.1400146484375
median_score: -309.0
std_score: 39.73940658569336
percentiles: 2%=-392.0, 5%=-388.1000061035156, 10%=-355.79998779296875, 25%=-336.0, 50%=-309.0, 75%=-272.0, 90%=-262.8999938964844, 95%=-259.8999938964844, 98%=-253.94000244140625
ranking_best_algo: CMApara
ranking_best_score: 319.29999999999995
ranking_my_rank: 81/504 (84.1%)
ranking_my_percent: 84.12698412698413
