ConfigName: kjsd__advperagentrankweighted__M3__L18__eps0p01__g0p0007__ds0p1__dm0p1
Problem: NK
Kernel: jsd
Advantage: peragentrankweighted
M: 3
lambda: 18
epsilon_svgd: 0.01
gamma: 0.0007
decay_start_ratio: 0.1
decay_min_factor: 0.1
bandwith_kernel: None
no_interact: False
avg_score: 0.7415807247161865
median_score: 0.7400827407836914
std_score: 0.02958127111196518
percentiles: 2%=0.6931209564208984, 5%=0.7039570808410645, 10%=0.7076764702796936, 25%=0.7169042825698853, 50%=0.7400827407836914, 75%=0.7580187320709229, 90%=0.776157557964325, 95%=0.8045790791511536, 98%=0.8118547797203064
ranking_best_algo: CMApara
ranking_best_score: 0.7459277895312499
ranking_my_rank: 26/504 (95.0%)
ranking_my_percent: 95.03968253968254
