ConfigName: kjsd__advperagentrankweighted__M4__L12__eps0p03__g0p0003__ds0p05__dm0p05
Problem: QUBO
Kernel: jsd
Advantage: peragentrankweighted
M: 4
lambda: 12
epsilon_svgd: 0.03
gamma: 0.0003
decay_start_ratio: 0.05
decay_min_factor: 0.05
bandwith_kernel: None
no_interact: False
avg_score: -398.8800048828125
median_score: -397.5
std_score: 26.080368041992188
percentiles: 2%=-445.1600036621094, 5%=-443.0, 10%=-435.0, 25%=-420.25, 50%=-397.5, 75%=-378.0, 90%=-366.0, 95%=-358.0, 98%=-356.0
ranking_best_algo: Tabu
ranking_best_score: 438.12
ranking_my_rank: 227/504 (55.2%)
ranking_my_percent: 55.15873015873016
