ConfigName: krbf__advnormalizedfitness__M5__L15__eps0p025__g0p005__ds0p05__dm0p05
Problem: QUBO
Kernel: rbf
Advantage: normalizedfitness
M: 5
lambda: 15
epsilon_svgd: 0.025
gamma: 0.005
decay_start_ratio: 0.05
decay_min_factor: 0.05
bandwith_kernel: None
no_interact: False
avg_score: -433.2799987792969
median_score: -433.0
std_score: 24.777441024780273
percentiles: 2%=-479.0400085449219, 5%=-472.1499938964844, 10%=-466.0, 25%=-452.0, 50%=-433.0, 75%=-415.0, 90%=-399.0, 95%=-394.95001220703125, 98%=-387.94000244140625
ranking_best_algo: CMApara
ranking_best_score: 453.82
ranking_my_rank: 43/504 (91.7%)
ranking_my_percent: 91.66666666666667
