ConfigName: krbf__advnormalizedfitness__M2__L10__eps0p025__g0p005__ds0p3__dm0p3
Problem: QUBO
Kernel: rbf
Advantage: normalizedfitness
M: 2
lambda: 10
epsilon_svgd: 0.025
gamma: 0.005
decay_start_ratio: 0.3
decay_min_factor: 0.3
bandwith_kernel: None
no_interact: False
avg_score: -919.7000122070312
median_score: -924.5
std_score: 69.13993072509766
percentiles: 2%=-1048.199951171875, 5%=-1030.6500244140625, 10%=-1009.2000122070312, 25%=-974.0, 50%=-924.5, 75%=-869.0, 90%=-827.7000122070312, 95%=-808.2999877929688, 98%=-769.8599853515625
ranking_best_algo: CMApara
ranking_best_score: 964.9
ranking_my_rank: 61/504 (88.1%)
ranking_my_percent: 88.0952380952381
