ConfigName: krbf__advnormalizedfitness__M1__L10__eps0p015__g0p007__ds0p01__dm0p3
Problem: NK
Kernel: rbf
Advantage: normalizedfitness
M: 1
lambda: 10
epsilon_svgd: 0.015
gamma: 0.007
decay_start_ratio: 0.01
decay_min_factor: 0.3
bandwith_kernel: None
no_interact: False
avg_score: 0.7309113144874573
median_score: 0.7311804294586182
std_score: 0.010388696566224098
percentiles: 2%=0.7088564038276672, 5%=0.7127273082733154, 10%=0.715608537197113, 25%=0.72491455078125, 50%=0.7311804294586182, 75%=0.7387390732765198, 90%=0.7420969009399414, 95%=0.7449291944503784, 98%=0.7458346486091614
ranking_best_algo: PBIL
ranking_best_score: 0.730509098125
ranking_my_rank: 1/504 (100.0%)
ranking_my_percent: 100.0
