ConfigName: krbf__advnormalizedfitness__M3__L8__eps0p033__g0p007__ds0p15__dm0p3
Problem: QUBO
Kernel: rbf
Advantage: normalizedfitness
M: 3
lambda: 8
epsilon_svgd: 0.033
gamma: 0.007
decay_start_ratio: 0.15
decay_min_factor: 0.3
bandwith_kernel: None
no_interact: False
avg_score: -2544.260009765625
median_score: -2536.5
std_score: 132.2799072265625
percentiles: 2%=-2834.239990234375, 5%=-2765.39990234375, 10%=-2711.60009765625, 25%=-2637.5, 50%=-2536.5, 75%=-2442.0, 90%=-2389.60009765625, 95%=-2348.400146484375, 98%=-2295.52001953125
ranking_best_algo: SVM1MetaModelLogNormal
ranking_best_score: 2605.14
ranking_my_rank: 43/504 (91.7%)
ranking_my_percent: 91.66666666666667
