ConfigName: krbf__advnormalizedfitness__M3__L8__eps0p025__g0p01__ds0p01__dm0p01
Problem: QUBO
Kernel: rbf
Advantage: normalizedfitness
M: 3
lambda: 8
epsilon_svgd: 0.025
gamma: 0.01
decay_start_ratio: 0.01
decay_min_factor: 0.01
bandwith_kernel: None
no_interact: False
avg_score: -137.86000061035156
median_score: -139.0
std_score: 11.965801239013672
percentiles: 2%=-159.02000427246094, 5%=-158.0, 10%=-153.10000610351562, 25%=-146.0, 50%=-139.0, 75%=-129.0, 90%=-123.0, 95%=-116.80001831054688, 98%=-111.91998291015625
ranking_best_algo: DiscreteDE
ranking_best_score: 143.4
ranking_my_rank: 117/504 (77.0%)
ranking_my_percent: 76.98412698412699
