ConfigName: kfr__advglobalrankweighted__M5__L8__eps0p015__g0p007__ds0p01__dm0p01
Problem: QUBO
Kernel: fr
Advantage: globalrankweighted
M: 5
lambda: 8
epsilon_svgd: 0.015
gamma: 0.007
decay_start_ratio: 0.01
decay_min_factor: 0.01
bandwith_kernel: None
no_interact: False
avg_score: -1111.4599609375
median_score: -1109.5
std_score: 65.91121673583984
percentiles: 2%=-1243.1600341796875, 5%=-1225.1500244140625, 10%=-1195.199951171875, 25%=-1156.0, 50%=-1109.5, 75%=-1065.0, 90%=-1038.699951171875, 95%=-1002.550048828125, 98%=-980.7999267578125
ranking_best_algo: SVMMetaModelLogNormal
ranking_best_score: 1233.7999999999997
ranking_my_rank: 113/504 (77.8%)
ranking_my_percent: 77.77777777777777
