ConfigName: kjsd__advperagentrankweighted__M4__L24__eps0p01__g0p0005__ds0p05__dm0p05
Problem: QUBO
Kernel: jsd
Advantage: peragentrankweighted
M: 4
lambda: 24
epsilon_svgd: 0.01
gamma: 0.0005
decay_start_ratio: 0.05
decay_min_factor: 0.05
bandwith_kernel: None
no_interact: False
avg_score: -199.9199981689453
median_score: -201.0
std_score: 11.909392356872559
percentiles: 2%=-224.0, 5%=-220.0, 10%=-216.10000610351562, 25%=-207.0, 50%=-201.0, 75%=-192.0, 90%=-183.89999389648438, 95%=-176.9499969482422, 98%=-173.9600067138672
ranking_best_algo: Tabu
ranking_best_score: 208.36000000000004
ranking_my_rank: 59/504 (88.5%)
ranking_my_percent: 88.4920634920635
