ConfigName: kjsd__advperagentrankweighted__M3__L20__eps0p01__g0p0005__ds0p05__dm0p05
Problem: QUBO
Kernel: jsd
Advantage: peragentrankweighted
M: 3
lambda: 20
epsilon_svgd: 0.01
gamma: 0.0005
decay_start_ratio: 0.05
decay_min_factor: 0.05
bandwith_kernel: None
no_interact: False
avg_score: -327.70001220703125
median_score: -337.5
std_score: 24.519990921020508
percentiles: 2%=-372.0, 5%=-354.0, 10%=-350.0, 25%=-343.0, 50%=-337.5, 75%=-314.0, 90%=-293.6000061035156, 95%=-282.0, 98%=-265.9200134277344
ranking_best_algo: CMApara
ranking_best_score: 344.22
ranking_my_rank: 86/504 (83.1%)
ranking_my_percent: 83.13492063492063
