ConfigName: krbf__advnormalizedfitness__M2__L10__eps0p025__g0p005__ds0p15__dm0p01
Problem: QUBO
Kernel: rbf
Advantage: normalizedfitness
M: 2
lambda: 10
epsilon_svgd: 0.025
gamma: 0.005
decay_start_ratio: 0.15
decay_min_factor: 0.01
bandwith_kernel: None
no_interact: False
avg_score: -422.2200012207031
median_score: -419.5
std_score: 27.52946662902832
percentiles: 2%=-479.0, 5%=-477.0, 10%=-461.1000061035156, 25%=-434.25, 50%=-419.5, 75%=-405.5, 90%=-387.8999938964844, 95%=-384.8999938964844, 98%=-375.9200134277344
ranking_best_algo: CMAL3
ranking_best_score: 435.36
ranking_my_rank: 44/504 (91.5%)
ranking_my_percent: 91.46825396825396
