ConfigName: kfr__advglobalrankweighted__M5__L11__eps0p01__g0p005__ds0p01__dm0p01
Problem: QUBO
Kernel: fr
Advantage: globalrankweighted
M: 5
lambda: 11
epsilon_svgd: 0.01
gamma: 0.005
decay_start_ratio: 0.01
decay_min_factor: 0.01
bandwith_kernel: None
no_interact: False
avg_score: -1129.43994140625
median_score: -1124.5
std_score: 73.4271469116211
percentiles: 2%=-1282.1400146484375, 5%=-1250.5, 10%=-1222.300048828125, 25%=-1181.5, 50%=-1124.5, 75%=-1074.5, 90%=-1035.9000244140625, 95%=-1018.9500122070312, 98%=-992.7999267578125
ranking_best_algo: BigLognormalDiscreteOnePlusOne
ranking_best_score: 1301.3600000000004
ranking_my_rank: 171/504 (66.3%)
ranking_my_percent: 66.26984126984127
