ConfigName: krbf__advnormalizedfitness__M1__L8__eps0p015__g0p007__ds0p01__dm0p3
Problem: QUBO
Kernel: rbf
Advantage: normalizedfitness
M: 1
lambda: 8
epsilon_svgd: 0.015
gamma: 0.007
decay_start_ratio: 0.01
decay_min_factor: 0.3
bandwith_kernel: None
no_interact: False
avg_score: -409.5400085449219
median_score: -406.5
std_score: 29.27777862548828
percentiles: 2%=-465.1199951171875, 5%=-455.25, 10%=-450.1000061035156, 25%=-432.25, 50%=-406.5, 75%=-391.0, 90%=-375.8999938964844, 95%=-360.0, 98%=-355.6399230957031
ranking_best_algo: CMAL3
ranking_best_score: 435.36
ranking_my_rank: 175/504 (65.5%)
ranking_my_percent: 65.47619047619048
