ConfigName: kjsd__advperagentrankweighted__M5__L10__eps0p005__g0p0007__ds0p4__dm0p05
Problem: NK
Kernel: jsd
Advantage: peragentrankweighted
M: 5
lambda: 10
epsilon_svgd: 0.005
gamma: 0.0007
decay_start_ratio: 0.4
decay_min_factor: 0.05
bandwith_kernel: None
no_interact: False
avg_score: 0.7287492156028748
median_score: 0.7283721566200256
std_score: 0.010904972441494465
percentiles: 2%=0.706664502620697, 5%=0.7110437154769897, 10%=0.716056764125824, 25%=0.7205716371536255, 50%=0.7283721566200256, 75%=0.7352331280708313, 90%=0.7431895136833191, 95%=0.7462678551673889, 98%=0.753450870513916
ranking_best_algo: Tabu
ranking_best_score: 0.7429702712499999
ranking_my_rank: 2/504 (99.8%)
ranking_my_percent: 99.8015873015873
