ConfigName: krbf__advnormalizedfitness__M3__L12__eps0p033__g0p005__ds0p3__dm0p01
Problem: NK
Kernel: rbf
Advantage: normalizedfitness
M: 3
lambda: 12
epsilon_svgd: 0.033
gamma: 0.005
decay_start_ratio: 0.3
decay_min_factor: 0.01
bandwith_kernel: None
no_interact: False
avg_score: 0.7363755702972412
median_score: 0.7377605438232422
std_score: 0.009011268615722656
percentiles: 2%=0.7187227606773376, 5%=0.7216673493385315, 10%=0.723537027835846, 25%=0.729141116142273, 50%=0.7377605438232422, 75%=0.7428571581840515, 90%=0.7470142841339111, 95%=0.7506289482116699, 98%=0.753498375415802
ranking_best_algo: PBIL
ranking_best_score: 0.730509098125
ranking_my_rank: 1/504 (100.0%)
ranking_my_percent: 100.0
