ConfigName: kjsd__advperagentrankweighted__M5__L10__eps0p01__g0p0007__ds0p4__dm0p2
Problem: NK
Kernel: jsd
Advantage: peragentrankweighted
M: 5
lambda: 10
epsilon_svgd: 0.01
gamma: 0.0007
decay_start_ratio: 0.4
decay_min_factor: 0.2
bandwith_kernel: None
no_interact: False
avg_score: 0.7561424970626831
median_score: 0.7560691237449646
std_score: 0.012866581790149212
percentiles: 2%=0.7328201532363892, 5%=0.7337629199028015, 10%=0.740276575088501, 25%=0.7486059665679932, 50%=0.7560691237449646, 75%=0.7643450498580933, 90%=0.7729880809783936, 95%=0.7782089710235596, 98%=0.7870153188705444
ranking_best_algo: Tabu
ranking_best_score: 0.7470791764843752
ranking_my_rank: 1/504 (100.0%)
ranking_my_percent: 100.0
