ConfigName: krbf__advnormalizedfitness__M2__L10__eps0p025__g0p005__ds0p3__dm0p01
Problem: QUBO
Kernel: rbf
Advantage: normalizedfitness
M: 2
lambda: 10
epsilon_svgd: 0.025
gamma: 0.005
decay_start_ratio: 0.3
decay_min_factor: 0.01
bandwith_kernel: None
no_interact: False
avg_score: -2559.1201171875
median_score: -2550.0
std_score: 122.74683380126953
percentiles: 2%=-2807.360107421875, 5%=-2796.050048828125, 10%=-2722.89990234375, 25%=-2637.5, 50%=-2550.0, 75%=-2474.0, 90%=-2417.0, 95%=-2369.550048828125, 98%=-2315.800048828125
ranking_best_algo: SVM1MetaModelLogNormal
ranking_best_score: 2605.14
ranking_my_rank: 40/504 (92.3%)
ranking_my_percent: 92.26190476190476
