ConfigName: krbf__advnormalizedfitness__M3__L15__eps0p033__g0p005__ds0p01__dm0p3
Problem: QUBO
Kernel: rbf
Advantage: normalizedfitness
M: 3
lambda: 15
epsilon_svgd: 0.033
gamma: 0.005
decay_start_ratio: 0.01
decay_min_factor: 0.3
bandwith_kernel: None
no_interact: False
avg_score: -425.79998779296875
median_score: -428.0
std_score: 28.818744659423828
percentiles: 2%=-479.1600036621094, 5%=-473.0, 10%=-467.0, 25%=-444.5, 50%=-428.0, 75%=-406.75, 90%=-392.6000061035156, 95%=-375.95001220703125, 98%=-359.91998291015625
ranking_best_algo: CMAL3
ranking_best_score: 435.36
ranking_my_rank: 26/504 (95.0%)
ranking_my_percent: 95.03968253968254
