ConfigName: krbf__advnormalizedfitness__M3__L8__eps0p025__g0p015__ds0p3__dm0p01
Problem: NK
Kernel: rbf
Advantage: normalizedfitness
M: 3
lambda: 8
epsilon_svgd: 0.025
gamma: 0.015
decay_start_ratio: 0.3
decay_min_factor: 0.01
bandwith_kernel: None
no_interact: False
avg_score: 0.7352234125137329
median_score: 0.7345511317253113
std_score: 0.013892431743443012
percentiles: 2%=0.7095858454704285, 5%=0.7129984498023987, 10%=0.7179858684539795, 25%=0.7260076999664307, 50%=0.7345511317253113, 75%=0.7441948652267456, 90%=0.7538291215896606, 95%=0.7598184943199158, 98%=0.7660741806030273
ranking_best_algo: Tabu
ranking_best_score: 0.7601875690625
ranking_my_rank: 28/504 (94.6%)
ranking_my_percent: 94.64285714285714
