ConfigName: kjsd__advperagentrankweighted__M3__L18__eps0p01__g0p001__ds0p05__dm0p1
Problem: QUBO
Kernel: jsd
Advantage: peragentrankweighted
M: 3
lambda: 18
epsilon_svgd: 0.01
gamma: 0.001
decay_start_ratio: 0.05
decay_min_factor: 0.1
bandwith_kernel: None
no_interact: False
avg_score: -2603.919921875
median_score: -2598.5
std_score: 118.42479705810547
percentiles: 2%=-2865.239990234375, 5%=-2826.35009765625, 10%=-2770.0, 25%=-2675.0, 50%=-2598.5, 75%=-2510.75, 90%=-2459.5, 95%=-2437.85009765625, 98%=-2423.760009765625
ranking_best_algo: SVM1MetaModelLogNormal
ranking_best_score: 2605.14
ranking_my_rank: 2/504 (99.8%)
ranking_my_percent: 99.8015873015873
