ConfigName: krbf__advnormalizedfitness__M3__L15__eps0p025__g0p007__ds0p15__dm0p01
Problem: QUBO
Kernel: rbf
Advantage: normalizedfitness
M: 3
lambda: 15
epsilon_svgd: 0.025
gamma: 0.007
decay_start_ratio: 0.15
decay_min_factor: 0.01
bandwith_kernel: None
no_interact: False
avg_score: -2547.699951171875
median_score: -2552.0
std_score: 144.57229614257812
percentiles: 2%=-2795.219970703125, 5%=-2777.300048828125, 10%=-2754.699951171875, 25%=-2652.0, 50%=-2552.0, 75%=-2454.75, 90%=-2358.699951171875, 95%=-2315.449951171875, 98%=-2227.9599609375
ranking_best_algo: DiscreteLengler2OnePlusOne
ranking_best_score: 2617.04
ranking_my_rank: 56/504 (89.1%)
ranking_my_percent: 89.08730158730158
