ConfigName: kjsd__advperagentrankweighted__M5__L10__eps0p01__g0p0007__ds0p2__dm0p2
Problem: NK
Kernel: jsd
Advantage: peragentrankweighted
M: 5
lambda: 10
epsilon_svgd: 0.01
gamma: 0.0007
decay_start_ratio: 0.2
decay_min_factor: 0.2
bandwith_kernel: None
no_interact: False
avg_score: 0.7434191107749939
median_score: 0.743408203125
std_score: 0.010326571762561798
percentiles: 2%=0.726218581199646, 5%=0.7272036075592041, 10%=0.7306022644042969, 25%=0.7351816892623901, 50%=0.743408203125, 75%=0.7509685754776001, 90%=0.7574462890625, 95%=0.7604951858520508, 98%=0.7638041377067566
ranking_best_algo: PBIL
ranking_best_score: 0.733570253046875
ranking_my_rank: 1/504 (100.0%)
ranking_my_percent: 100.0
