ConfigName: kfr__advglobalrankweighted__M4__L13__eps0p06__g0p007__ds0p01__dm0p01
Problem: QUBO
Kernel: fr
Advantage: globalrankweighted
M: 4
lambda: 13
epsilon_svgd: 0.06
gamma: 0.007
decay_start_ratio: 0.01
decay_min_factor: 0.01
bandwith_kernel: None
no_interact: False
avg_score: -575.1400146484375
median_score: -576.0
std_score: 28.22021484375
percentiles: 2%=-634.02001953125, 5%=-614.4500122070312, 10%=-611.0, 25%=-594.25, 50%=-576.0, 75%=-556.75, 90%=-540.7999877929688, 95%=-529.9000244140625, 98%=-517.8599853515625
ranking_best_algo: Tabu
ranking_best_score: 588.7199999999999
ranking_my_rank: 57/503 (88.9%)
ranking_my_percent: 88.86679920477137
