ConfigName: krbf__advnormalizedfitness__M1__L8__eps0p025__g0p007__ds0p15__dm0p01
Problem: NK
Kernel: rbf
Advantage: normalizedfitness
M: 1
lambda: 8
epsilon_svgd: 0.025
gamma: 0.007
decay_start_ratio: 0.15
decay_min_factor: 0.01
bandwith_kernel: None
no_interact: False
avg_score: 0.7237277030944824
median_score: 0.722680389881134
std_score: 0.015857122838497162
percentiles: 2%=0.6945516467094421, 5%=0.6996912360191345, 10%=0.7076969742774963, 25%=0.7122909426689148, 50%=0.722680389881134, 75%=0.7323258519172668, 90%=0.7439720630645752, 95%=0.7517017126083374, 98%=0.7638762593269348
ranking_best_algo: Tabu
ranking_best_score: 0.7601875690625
ranking_my_rank: 121/504 (76.2%)
ranking_my_percent: 76.19047619047619
