ConfigName: kjsd__advperagentrankweighted__M5__L10__eps0p005__g0p003__ds0p05__dm0p2
Problem: QUBO
Kernel: jsd
Advantage: peragentrankweighted
M: 5
lambda: 10
epsilon_svgd: 0.005
gamma: 0.003
decay_start_ratio: 0.05
decay_min_factor: 0.2
bandwith_kernel: None
no_interact: False
avg_score: -404.8599853515625
median_score: -405.0
std_score: 30.74248504638672
percentiles: 2%=-459.1199951171875, 5%=-455.1000061035156, 10%=-449.1000061035156, 25%=-424.5, 50%=-405.0, 75%=-384.75, 90%=-360.0, 95%=-356.95001220703125, 98%=-347.8399963378906
ranking_best_algo: Tabu
ranking_best_score: 438.12
ranking_my_rank: 174/504 (65.7%)
ranking_my_percent: 65.67460317460318
