ConfigName: krbf__advnormalizedfitness__M2__L6__eps0p02__g0p006__ds0p3__dm0p01
Problem: NK
Kernel: rbf
Advantage: normalizedfitness
M: 2
lambda: 6
epsilon_svgd: 0.02
gamma: 0.006
decay_start_ratio: 0.3
decay_min_factor: 0.01
bandwith_kernel: None
no_interact: False
avg_score: 0.7098421454429626
median_score: 0.6953628063201904
std_score: 0.031566496938467026
percentiles: 2%=0.6725384593009949, 5%=0.6733344793319702, 10%=0.6748439073562622, 25%=0.6813104152679443, 50%=0.6953628063201904, 75%=0.7455553412437439, 90%=0.7525893449783325, 95%=0.7613165378570557, 98%=0.7613165378570557
ranking_best_algo: CMApara
ranking_best_score: 0.7118996098437498
ranking_my_rank: 44/504 (91.5%)
ranking_my_percent: 91.46825396825396
