ConfigName: kfr__advglobalrankweighted__M1__L7__eps0p015__g0p003__ds0p01__dm0p01
Problem: QUBO
Kernel: fr
Advantage: globalrankweighted
M: 1
lambda: 7
epsilon_svgd: 0.015
gamma: 0.003
decay_start_ratio: 0.01
decay_min_factor: 0.01
bandwith_kernel: None
no_interact: False
avg_score: -852.8400268554688
median_score: -845.5
std_score: 70.63593292236328
percentiles: 2%=-994.1400146484375, 5%=-966.75, 10%=-955.0, 25%=-903.25, 50%=-845.5, 75%=-800.0, 90%=-764.7000122070312, 95%=-749.8500366210938, 98%=-739.7999267578125
ranking_best_algo: CMAL3
ranking_best_score: 928.5800000000002
ranking_my_rank: 205/504 (59.5%)
ranking_my_percent: 59.523809523809526
