ConfigName: kjsd__advperagentrankweighted__M4__L10__eps0p01__g0p0007__ds0p2__dm0p05
Problem: QUBO
Kernel: jsd
Advantage: peragentrankweighted
M: 4
lambda: 10
epsilon_svgd: 0.01
gamma: 0.0007
decay_start_ratio: 0.2
decay_min_factor: 0.05
bandwith_kernel: None
no_interact: False
avg_score: -582.7999877929688
median_score: -583.5
std_score: 26.708799362182617
percentiles: 2%=-631.0, 5%=-623.0999755859375, 10%=-617.0999755859375, 25%=-603.0, 50%=-583.5, 75%=-565.25, 90%=-551.4000244140625, 95%=-539.6500244140625, 98%=-524.8599853515625
ranking_best_algo: Tabu
ranking_best_score: 588.7199999999999
ranking_my_rank: 6/503 (99.0%)
ranking_my_percent: 99.00596421471172
