ConfigName: kjsd__advperagentrankweighted__M3__L20__eps0p007__g0p0005__ds0p1__dm0p2
Problem: QUBO
Kernel: jsd
Advantage: peragentrankweighted
M: 3
lambda: 20
epsilon_svgd: 0.007
gamma: 0.0005
decay_start_ratio: 0.1
decay_min_factor: 0.2
bandwith_kernel: None
no_interact: False
avg_score: -327.8800048828125
median_score: -330.0
std_score: 22.878494262695312
percentiles: 2%=-372.0, 5%=-361.0, 10%=-354.0, 25%=-343.0, 50%=-330.0, 75%=-310.25, 90%=-298.0, 95%=-291.70001220703125, 98%=-279.8800048828125
ranking_best_algo: CMApara
ranking_best_score: 344.22
ranking_my_rank: 85/504 (83.3%)
ranking_my_percent: 83.33333333333333
