ConfigName: kjsd__advperagentrankweighted__M5__L10__eps0p005__g0p0007__ds0p4__dm0p05
Problem: QUBO
Kernel: jsd
Advantage: peragentrankweighted
M: 5
lambda: 10
epsilon_svgd: 0.005
gamma: 0.0007
decay_start_ratio: 0.4
decay_min_factor: 0.05
bandwith_kernel: None
no_interact: False
avg_score: -417.760009765625
median_score: -416.0
std_score: 27.122358322143555
percentiles: 2%=-475.0400085449219, 5%=-467.1000061035156, 10%=-452.0, 25%=-436.25, 50%=-416.0, 75%=-398.0, 90%=-383.6000061035156, 95%=-373.8999938964844, 98%=-370.0
ranking_best_algo: Tabu
ranking_best_score: 438.12
ranking_my_rank: 40/504 (92.3%)
ranking_my_percent: 92.26190476190476
