ConfigName: kfr__advglobalrankweighted__M1__L10__eps0p01__g0p007__ds0p01__dm0p01
Problem: QUBO
Kernel: fr
Advantage: globalrankweighted
M: 1
lambda: 10
epsilon_svgd: 0.01
gamma: 0.007
decay_start_ratio: 0.01
decay_min_factor: 0.01
bandwith_kernel: None
no_interact: False
avg_score: -3240.3798828125
median_score: -3252.0
std_score: 128.9439239501953
percentiles: 2%=-3513.02001953125, 5%=-3437.85009765625, 10%=-3408.39990234375, 25%=-3318.0, 50%=-3252.0, 75%=-3154.5, 90%=-3057.39990234375, 95%=-3035.949951171875, 98%=-3013.899658203125
ranking_best_algo: RLSOnePlusOne
ranking_best_score: 3316.5199999999995
ranking_my_rank: 42/504 (91.9%)
ranking_my_percent: 91.86507936507937
