ConfigName: krbf__advnormalizedfitness__M2__L11__eps0p015__g0p007__ds0p01__dm0p01
Problem: QUBO
Kernel: rbf
Advantage: normalizedfitness
M: 2
lambda: 11
epsilon_svgd: 0.015
gamma: 0.007
decay_start_ratio: 0.01
decay_min_factor: 0.01
bandwith_kernel: None
no_interact: False
avg_score: -1297.5400390625
median_score: -1294.0
std_score: 63.17031478881836
percentiles: 2%=-1408.1800537109375, 5%=-1391.050048828125, 10%=-1375.4000244140625, 25%=-1355.25, 50%=-1294.0, 75%=-1255.25, 90%=-1220.699951171875, 95%=-1203.699951171875, 98%=-1163.8199462890625
ranking_best_algo: BigLognormalDiscreteOnePlusOne
ranking_best_score: 1301.3600000000004
ranking_my_rank: 2/504 (99.8%)
ranking_my_percent: 99.8015873015873
