ConfigName: kjsd__advperagentrankweighted__M3__L20__eps0p007__g0p0005__ds0p1__dm0p2
Problem: QUBO
Kernel: jsd
Advantage: peragentrankweighted
M: 3
lambda: 20
epsilon_svgd: 0.007
gamma: 0.0005
decay_start_ratio: 0.1
decay_min_factor: 0.2
bandwith_kernel: None
no_interact: False
avg_score: -199.32000732421875
median_score: -201.5
std_score: 13.485459327697754
percentiles: 2%=-224.0, 5%=-221.0500030517578, 10%=-215.0, 25%=-209.0, 50%=-201.5, 75%=-190.0, 90%=-182.0, 95%=-175.9499969482422, 98%=-170.94000244140625
ranking_best_algo: Tabu
ranking_best_score: 208.36000000000004
ranking_my_rank: 85/504 (83.3%)
ranking_my_percent: 83.33333333333333
