ConfigName: krbf__advnormalizedfitness__M3__L8__eps0p015__g0p01__ds0p3__dm0p3
Problem: NK
Kernel: rbf
Advantage: normalizedfitness
M: 3
lambda: 8
epsilon_svgd: 0.015
gamma: 0.01
decay_start_ratio: 0.3
decay_min_factor: 0.3
bandwith_kernel: None
no_interact: False
avg_score: 0.6158298254013062
median_score: 0.6134768724441528
std_score: 0.010651305317878723
percentiles: 2%=0.6002264618873596, 5%=0.6017780303955078, 10%=0.6050569415092468, 25%=0.6088014841079712, 50%=0.6134768724441528, 75%=0.6197999119758606, 90%=0.6295482516288757, 95%=0.6369411945343018, 98%=0.64528888463974
ranking_best_algo: Tabu
ranking_best_score: 0.7429702712499999
ranking_my_rank: 379/504 (25.0%)
ranking_my_percent: 25.0
