ConfigName: kjsd__advperagentrankweighted__M3__L24__eps0p005__g0p0005__ds0p05__dm0p05
Problem: QUBO
Kernel: jsd
Advantage: peragentrankweighted
M: 3
lambda: 24
epsilon_svgd: 0.005
gamma: 0.0005
decay_start_ratio: 0.05
decay_min_factor: 0.05
bandwith_kernel: None
no_interact: False
avg_score: -1304.3199462890625
median_score: -1295.5
std_score: 51.83818817138672
percentiles: 2%=-1406.3800048828125, 5%=-1387.050048828125, 10%=-1379.0, 25%=-1339.5, 50%=-1295.5, 75%=-1272.5, 90%=-1246.800048828125, 95%=-1229.9000244140625, 98%=-1198.9599609375
ranking_best_algo: BigLognormalDiscreteOnePlusOne
ranking_best_score: 1301.3600000000004
ranking_my_rank: 1/504 (100.0%)
ranking_my_percent: 100.0
