ConfigName: kjsd__advperagentrankweighted__M3__L18__eps0p007__g0p0007__ds0p1__dm0p2
Problem: QUBO
Kernel: jsd
Advantage: peragentrankweighted
M: 3
lambda: 18
epsilon_svgd: 0.007
gamma: 0.0007
decay_start_ratio: 0.1
decay_min_factor: 0.2
bandwith_kernel: None
no_interact: False
avg_score: -439.1400146484375
median_score: -441.0
std_score: 28.436954498291016
percentiles: 2%=-487.1000061035156, 5%=-478.04998779296875, 10%=-473.0, 25%=-460.25, 50%=-441.0, 75%=-419.5, 90%=-401.70001220703125, 95%=-381.95001220703125, 98%=-378.94000244140625
ranking_best_algo: CMApara
ranking_best_score: 453.82
ranking_my_rank: 19/504 (96.4%)
ranking_my_percent: 96.42857142857143
