ConfigName: kfr__advglobalrankweighted__M3__L9__eps0p02__g0p005__ds0p01__dm0p01
Problem: QUBO
Kernel: fr
Advantage: globalrankweighted
M: 3
lambda: 9
epsilon_svgd: 0.02
gamma: 0.005
decay_start_ratio: 0.01
decay_min_factor: 0.01
bandwith_kernel: None
no_interact: False
avg_score: -2580.739990234375
median_score: -2586.5
std_score: 111.447265625
percentiles: 2%=-2776.43994140625, 5%=-2757.300048828125, 10%=-2730.10009765625, 25%=-2660.25, 50%=-2586.5, 75%=-2490.25, 90%=-2426.0, 95%=-2401.800048828125, 98%=-2387.8798828125
ranking_best_algo: SVM1MetaModelLogNormal
ranking_best_score: 2605.14
ranking_my_rank: 13/504 (97.6%)
ranking_my_percent: 97.61904761904762
