ConfigName: kfr__advglobalrankweighted__M1__L8__eps0p02__g0p005__ds0p01__dm0p01
Problem: QUBO
Kernel: fr
Advantage: globalrankweighted
M: 1
lambda: 8
epsilon_svgd: 0.02
gamma: 0.005
decay_start_ratio: 0.01
decay_min_factor: 0.01
bandwith_kernel: None
no_interact: False
avg_score: -415.4800109863281
median_score: -416.5
std_score: 35.77163314819336
percentiles: 2%=-475.1199951171875, 5%=-471.0, 10%=-461.1000061035156, 25%=-444.0, 50%=-416.5, 75%=-390.75, 90%=-368.6000061035156, 95%=-350.95001220703125, 98%=-343.89996337890625
ranking_best_algo: CMApara
ranking_best_score: 453.82
ranking_my_rank: 190/504 (62.5%)
ranking_my_percent: 62.5
