ConfigName: krbf__advnormalizedfitness__M2__L12__eps0p025__g0p01__ds0p15__dm0p05
Problem: QUBO
Kernel: rbf
Advantage: normalizedfitness
M: 2
lambda: 12
epsilon_svgd: 0.025
gamma: 0.01
decay_start_ratio: 0.15
decay_min_factor: 0.05
bandwith_kernel: None
no_interact: False
avg_score: -2553.159912109375
median_score: -2549.0
std_score: 142.04539489746094
percentiles: 2%=-2803.06005859375, 5%=-2780.050048828125, 10%=-2730.300048828125, 25%=-2659.25, 50%=-2549.0, 75%=-2459.75, 90%=-2372.800048828125, 95%=-2313.39990234375, 98%=-2268.93994140625
ranking_best_algo: SVM1MetaModelLogNormal
ranking_best_score: 2605.14
ranking_my_rank: 41/504 (92.1%)
ranking_my_percent: 92.06349206349206
