ConfigName: kfr__advglobalrankweighted__M3__L10__eps0p015__g0p003__ds0p01__dm0p01
Problem: QUBO
Kernel: fr
Advantage: globalrankweighted
M: 3
lambda: 10
epsilon_svgd: 0.015
gamma: 0.003
decay_start_ratio: 0.01
decay_min_factor: 0.01
bandwith_kernel: None
no_interact: False
avg_score: -307.70001220703125
median_score: -313.0
std_score: 40.57375717163086
percentiles: 2%=-394.0400085449219, 5%=-388.1000061035156, 10%=-359.5999755859375, 25%=-332.5, 50%=-313.0, 75%=-272.5, 90%=-257.0, 95%=-250.95001220703125, 98%=-247.63992309570312
ranking_best_algo: CMApara
ranking_best_score: 319.29999999999995
ranking_my_rank: 95/504 (81.3%)
ranking_my_percent: 81.34920634920636
