ConfigName: kjsd__advperagentrankweighted__M3__L24__eps0p005__g0p0005__ds0p1__dm0p1
Problem: QUBO
Kernel: jsd
Advantage: peragentrankweighted
M: 3
lambda: 24
epsilon_svgd: 0.005
gamma: 0.0005
decay_start_ratio: 0.1
decay_min_factor: 0.1
bandwith_kernel: None
no_interact: False
avg_score: -410.8399963378906
median_score: -412.0
std_score: 24.907316207885742
percentiles: 2%=-455.0400085449219, 5%=-450.1499938964844, 10%=-444.20001220703125, 25%=-426.25, 50%=-412.0, 75%=-392.0, 90%=-381.79998779296875, 95%=-371.70001220703125, 98%=-352.0
ranking_best_algo: Tabu
ranking_best_score: 438.12
ranking_my_rank: 86/504 (83.1%)
ranking_my_percent: 83.13492063492063
