ConfigName: kjsd__advperagentrankweighted__M4__L24__eps0p01__g0p0005__ds1__dm1
Problem: NK
Kernel: jsd
Advantage: peragentrankweighted
M: 4
lambda: 24
epsilon_svgd: 0.01
gamma: 0.0005
decay_start_ratio: 1.0
decay_min_factor: 1.0
bandwith_kernel: None
no_interact: False
avg_score: 0.7068358063697815
median_score: 0.7090544700622559
std_score: 0.011786709539592266
percentiles: 2%=0.6862593293190002, 5%=0.6902692914009094, 10%=0.6925014853477478, 25%=0.6953163146972656, 50%=0.7090544700622559, 75%=0.7182925343513489, 90%=0.7205802798271179, 95%=0.7229512333869934, 98%=0.7239556312561035
ranking_best_algo: PBIL
ranking_best_score: 0.7013553837109374
ranking_my_rank: 1/504 (100.0%)
ranking_my_percent: 100.0
no_repulsion: True
