ConfigName: kjsd__advperagentrankweighted__M5__L10__eps0p01__g0p003__ds0p4__dm0p05
Problem: NK
Kernel: jsd
Advantage: peragentrankweighted
M: 5
lambda: 10
epsilon_svgd: 0.01
gamma: 0.003
decay_start_ratio: 0.4
decay_min_factor: 0.05
bandwith_kernel: None
no_interact: False
avg_score: 0.716441810131073
median_score: 0.7191427946090698
std_score: 0.01521895732730627
percentiles: 2%=0.6892094612121582, 5%=0.693419337272644, 10%=0.6959918141365051, 25%=0.7039908766746521, 50%=0.7191427946090698, 75%=0.7279669642448425, 90%=0.7360392212867737, 95%=0.7407393455505371, 98%=0.7474381327629089
ranking_best_algo: PBIL
ranking_best_score: 0.733570253046875
ranking_my_rank: 57/504 (88.9%)
ranking_my_percent: 88.88888888888889
