ConfigName: kjsd__advperagentrankweighted__M4__L10__eps0p005__g0p0007__ds0p2__dm0p05
Problem: NK
Kernel: jsd
Advantage: peragentrankweighted
M: 4
lambda: 10
epsilon_svgd: 0.005
gamma: 0.0007
decay_start_ratio: 0.2
decay_min_factor: 0.05
bandwith_kernel: None
no_interact: False
avg_score: 0.7103519439697266
median_score: 0.7111155390739441
std_score: 0.015339628793299198
percentiles: 2%=0.6717972755432129, 5%=0.6732817888259888, 10%=0.6963990926742554, 25%=0.7078467011451721, 50%=0.7111155390739441, 75%=0.7193351984024048, 90%=0.725360095500946, 95%=0.731917142868042, 98%=0.7336131930351257
ranking_best_algo: CMApara
ranking_best_score: 0.707475975
ranking_my_rank: 1/504 (100.0%)
ranking_my_percent: 100.0
