ConfigName: krbf__advnormalizedfitness__M4__L8__eps0p025__g0p01__ds0p15__dm0p01
Problem: QUBO
Kernel: rbf
Advantage: normalizedfitness
M: 4
lambda: 8
epsilon_svgd: 0.025
gamma: 0.01
decay_start_ratio: 0.15
decay_min_factor: 0.01
bandwith_kernel: None
no_interact: False
avg_score: -1141.9200439453125
median_score: -1142.5
std_score: 91.4385757446289
percentiles: 2%=-1315.5999755859375, 5%=-1306.0, 10%=-1259.5, 25%=-1208.25, 50%=-1142.5, 75%=-1076.75, 90%=-1021.9000244140625, 95%=-992.9000244140625, 98%=-984.679931640625
ranking_best_algo: SVMMetaModelLogNormal
ranking_best_score: 1233.7999999999997
ranking_my_rank: 95/504 (81.3%)
ranking_my_percent: 81.34920634920636
