ConfigName: krbf__advnormalizedfitness__M4__L12__eps0p033__g0p015__ds0p01__dm0p01
Problem: QUBO
Kernel: rbf
Advantage: normalizedfitness
M: 4
lambda: 12
epsilon_svgd: 0.033
gamma: 0.015
decay_start_ratio: 0.01
decay_min_factor: 0.01
bandwith_kernel: None
no_interact: False
avg_score: -2709.300048828125
median_score: -2723.0
std_score: 256.998046875
percentiles: 2%=-3253.139892578125, 5%=-3136.199951171875, 10%=-3046.800048828125, 25%=-2863.75, 50%=-2723.0, 75%=-2544.75, 90%=-2355.300048828125, 95%=-2323.050048828125, 98%=-2168.800048828125
ranking_best_algo: RLSOnePlusOne
ranking_best_score: 3316.5199999999995
ranking_my_rank: 191/504 (62.3%)
ranking_my_percent: 62.301587301587304
