ConfigName: kfr__advglobalrankweighted__M6__L7__eps0p01__g0p007__ds0p01__dm0p01
Problem: QUBO
Kernel: fr
Advantage: globalrankweighted
M: 6
lambda: 7
epsilon_svgd: 0.01
gamma: 0.007
decay_start_ratio: 0.01
decay_min_factor: 0.01
bandwith_kernel: None
no_interact: False
avg_score: -2431.0400390625
median_score: -2431.0
std_score: 161.3404998779297
percentiles: 2%=-2790.199951171875, 5%=-2702.60009765625, 10%=-2652.39990234375, 25%=-2535.25, 50%=-2431.0, 75%=-2324.75, 90%=-2221.89990234375, 95%=-2189.60009765625, 98%=-2118.419921875
ranking_best_algo: RLSOnePlusOne
ranking_best_score: 3316.5199999999995
ranking_my_rank: 269/504 (46.8%)
ranking_my_percent: 46.82539682539682
