ConfigName: krbf__advnormalizedfitness__M4__L10__eps0p033__g0p005__ds0p01__dm0p3
Problem: NK
Kernel: rbf
Advantage: normalizedfitness
M: 4
lambda: 10
epsilon_svgd: 0.033
gamma: 0.005
decay_start_ratio: 0.01
decay_min_factor: 0.3
bandwith_kernel: None
no_interact: False
avg_score: 0.744030237197876
median_score: 0.7420879602432251
std_score: 0.028983071446418762
percentiles: 2%=0.6998251676559448, 5%=0.7054903507232666, 10%=0.710008442401886, 25%=0.722248911857605, 50%=0.7420879602432251, 75%=0.7580187320709229, 90%=0.7780925631523132, 95%=0.8046817779541016, 98%=0.8118547797203064
ranking_best_algo: CMApara
ranking_best_score: 0.7459277895312499
ranking_my_rank: 6/504 (99.0%)
ranking_my_percent: 99.0079365079365
