ConfigName: krbf__advnormalizedfitness__M3__L12__eps0p033__g0p007__ds0p3__dm0p3
Problem: NK
Kernel: rbf
Advantage: normalizedfitness
M: 3
lambda: 12
epsilon_svgd: 0.033
gamma: 0.007
decay_start_ratio: 0.3
decay_min_factor: 0.3
bandwith_kernel: None
no_interact: False
avg_score: 0.7103867530822754
median_score: 0.7115464210510254
std_score: 0.015392106957733631
percentiles: 2%=0.670413613319397, 5%=0.6722118258476257, 10%=0.6968671679496765, 25%=0.7070462107658386, 50%=0.7115464210510254, 75%=0.7196811437606812, 90%=0.7252917289733887, 95%=0.7320386171340942, 98%=0.7332254648208618
ranking_best_algo: CMApara
ranking_best_score: 0.707475975
ranking_my_rank: 1/504 (100.0%)
ranking_my_percent: 100.0
