ConfigName: krbf__advnormalizedfitness__M4__L8__eps0p033__g0p01__ds0p15__dm0p3
Problem: NK
Kernel: rbf
Advantage: normalizedfitness
M: 4
lambda: 8
epsilon_svgd: 0.033
gamma: 0.01
decay_start_ratio: 0.15
decay_min_factor: 0.3
bandwith_kernel: None
no_interact: False
avg_score: 0.7286483645439148
median_score: 0.7293955087661743
std_score: 0.015686986967921257
percentiles: 2%=0.6990827918052673, 5%=0.7059042453765869, 10%=0.7110169529914856, 25%=0.717937171459198, 50%=0.7293955087661743, 75%=0.7384873032569885, 90%=0.7498096227645874, 95%=0.7540640830993652, 98%=0.7610555291175842
ranking_best_algo: Tabu
ranking_best_score: 0.7601875690625
ranking_my_rank: 53/504 (89.7%)
ranking_my_percent: 89.68253968253968
