ConfigName: krbf__advnormalizedfitness__M2__L8__eps0p033__g0p007__ds0p3__dm0p3
Problem: QUBO
Kernel: rbf
Advantage: normalizedfitness
M: 2
lambda: 8
epsilon_svgd: 0.033
gamma: 0.007
decay_start_ratio: 0.3
decay_min_factor: 0.3
bandwith_kernel: None
no_interact: False
avg_score: -924.6199951171875
median_score: -932.0
std_score: 64.37635803222656
percentiles: 2%=-1056.0999755859375, 5%=-1019.4500122070312, 10%=-1011.2000122070312, 25%=-964.25, 50%=-932.0, 75%=-878.0, 90%=-838.2999877929688, 95%=-816.9000244140625, 98%=-790.9199829101562
ranking_best_algo: CMApara
ranking_best_score: 964.9
ranking_my_rank: 21/504 (96.0%)
ranking_my_percent: 96.03174603174604
