ConfigName: kjsd__advperagentrankweighted__M4__L12__eps0p005__g0p001__ds0p1__dm0p2
Problem: QUBO
Kernel: jsd
Advantage: peragentrankweighted
M: 4
lambda: 12
epsilon_svgd: 0.005
gamma: 0.001
decay_start_ratio: 0.1
decay_min_factor: 0.2
bandwith_kernel: None
no_interact: False
avg_score: -911.239990234375
median_score: -912.0
std_score: 64.94184112548828
percentiles: 2%=-1044.0799560546875, 5%=-1033.050048828125, 10%=-993.2000122070312, 25%=-952.25, 50%=-912.0, 75%=-866.75, 90%=-827.9000244140625, 95%=-806.7999877929688, 98%=-794.7999877929688
ranking_best_algo: CMAL3
ranking_best_score: 928.5800000000002
ranking_my_rank: 20/504 (96.2%)
ranking_my_percent: 96.23015873015873
