ConfigName: kjsd__advperagentrankweighted__M4__L30__eps0p01__g0p0007__ds0p4__dm0p05
Problem: NK
Kernel: jsd
Advantage: peragentrankweighted
M: 4
lambda: 30
epsilon_svgd: 0.01
gamma: 0.0007
decay_start_ratio: 0.4
decay_min_factor: 0.05
bandwith_kernel: None
no_interact: False
avg_score: 0.7374845743179321
median_score: 0.7384767532348633
std_score: 0.009014581330120564
percentiles: 2%=0.7205713987350464, 5%=0.7226851582527161, 10%=0.7238715887069702, 25%=0.7307881712913513, 50%=0.7384767532348633, 75%=0.7449986934661865, 90%=0.7474001049995422, 95%=0.7511107921600342, 98%=0.7524384260177612
ranking_best_algo: PBIL
ranking_best_score: 0.730509098125
ranking_my_rank: 1/504 (100.0%)
ranking_my_percent: 100.0
