ConfigName: kjsd__advperagentrankweighted__M3__L16__eps0p01__g0p0007__ds0p1__dm0p1
Problem: QUBO
Kernel: jsd
Advantage: peragentrankweighted
M: 3
lambda: 16
epsilon_svgd: 0.01
gamma: 0.0007
decay_start_ratio: 0.1
decay_min_factor: 0.1
bandwith_kernel: None
no_interact: False
avg_score: -425.1400146484375
median_score: -425.0
std_score: 27.04478645324707
percentiles: 2%=-479.0, 5%=-471.1000061035156, 10%=-463.20001220703125, 25%=-439.0, 50%=-425.0, 75%=-411.0, 90%=-392.70001220703125, 95%=-381.8999938964844, 98%=-362.8599853515625
ranking_best_algo: CMAL3
ranking_best_score: 435.36
ranking_my_rank: 29/504 (94.4%)
ranking_my_percent: 94.44444444444444
