ConfigName: krbf__advnormalizedfitness__M2__L10__eps0p015__g0p007__ds0p3__dm0p3
Problem: QUBO
Kernel: rbf
Advantage: normalizedfitness
M: 2
lambda: 10
epsilon_svgd: 0.015
gamma: 0.007
decay_start_ratio: 0.3
decay_min_factor: 0.3
bandwith_kernel: None
no_interact: False
avg_score: -577.6799926757812
median_score: -574.0
std_score: 31.1091251373291
percentiles: 2%=-634.0999755859375, 5%=-627.0999755859375, 10%=-623.0, 25%=-598.5, 50%=-574.0, 75%=-560.75, 90%=-540.9000244140625, 95%=-527.6500244140625, 98%=-510.9599914550781
ranking_best_algo: Tabu
ranking_best_score: 588.7199999999999
ranking_my_rank: 43/503 (91.7%)
ranking_my_percent: 91.65009940357852
