ConfigName: kjsd__advperagentrankweighted__M5__L8__eps0p005__g0p0007__ds0p4__dm0p2
Problem: NK
Kernel: jsd
Advantage: peragentrankweighted
M: 5
lambda: 8
epsilon_svgd: 0.005
gamma: 0.0007
decay_start_ratio: 0.4
decay_min_factor: 0.2
bandwith_kernel: None
no_interact: False
avg_score: 0.757300853729248
median_score: 0.7567480802536011
std_score: 0.012567984871566296
percentiles: 2%=0.7355763912200928, 5%=0.7377946972846985, 10%=0.7413971424102783, 25%=0.7473254203796387, 50%=0.7567480802536011, 75%=0.7669817209243774, 90%=0.7760205864906311, 95%=0.7780276536941528, 98%=0.7798398733139038
ranking_best_algo: Tabu
ranking_best_score: 0.7470791764843752
ranking_my_rank: 1/504 (100.0%)
ranking_my_percent: 100.0
