ConfigName: kjsd__advperagentrankweighted__M3__L30__eps0p007__g0p0005__ds0p1__dm0p05
Problem: QUBO
Kernel: jsd
Advantage: peragentrankweighted
M: 3
lambda: 30
epsilon_svgd: 0.007
gamma: 0.0005
decay_start_ratio: 0.1
decay_min_factor: 0.05
bandwith_kernel: None
no_interact: False
avg_score: -326.1000061035156
median_score: -331.0
std_score: 24.664751052856445
percentiles: 2%=-372.0, 5%=-361.0, 10%=-354.0, 25%=-342.0, 50%=-331.0, 75%=-307.5, 90%=-293.79998779296875, 95%=-283.79998779296875, 98%=-277.9200134277344
ranking_best_algo: CMApara
ranking_best_score: 344.22
ranking_my_rank: 114/504 (77.6%)
ranking_my_percent: 77.57936507936508
