ConfigName: kjsd__advperagentrankweighted__M4__L8__eps0p03__g0p0005__ds0p2__dm0p05
Problem: QUBO
Kernel: jsd
Advantage: peragentrankweighted
M: 4
lambda: 8
epsilon_svgd: 0.03
gamma: 0.0005
decay_start_ratio: 0.2
decay_min_factor: 0.05
bandwith_kernel: None
no_interact: False
avg_score: -401.6400146484375
median_score: -400.0
std_score: 25.30909538269043
percentiles: 2%=-445.1600036621094, 5%=-438.20001220703125, 10%=-433.0, 25%=-422.0, 50%=-400.0, 75%=-384.0, 90%=-371.6000061035156, 95%=-361.79998779296875, 98%=-350.0
ranking_best_algo: Tabu
ranking_best_score: 438.12
ranking_my_rank: 224/504 (55.8%)
ranking_my_percent: 55.75396825396825
