ConfigName: krbf__advnormalizedfitness__M4__L12__eps0p015__g0p007__ds0p3__dm0p3
Problem: NK
Kernel: rbf
Advantage: normalizedfitness
M: 4
lambda: 12
epsilon_svgd: 0.015
gamma: 0.007
decay_start_ratio: 0.3
decay_min_factor: 0.3
bandwith_kernel: None
no_interact: False
avg_score: 0.620979368686676
median_score: 0.6211255788803101
std_score: 0.010005556978285313
percentiles: 2%=0.6027116179466248, 5%=0.6049196720123291, 10%=0.6071786880493164, 25%=0.6137548089027405, 50%=0.6211255788803101, 75%=0.6276633143424988, 90%=0.6333591341972351, 95%=0.6389009356498718, 98%=0.6411073207855225
ranking_best_algo: PBIL
ranking_best_score: 0.733570253046875
ranking_my_rank: 325/504 (35.7%)
ranking_my_percent: 35.714285714285715
