ConfigName: kjsd__advperagentrankweighted__M3__L16__eps0p005__g0p003__ds0p05__dm0p2
Problem: QUBO
Kernel: jsd
Advantage: peragentrankweighted
M: 3
lambda: 16
epsilon_svgd: 0.005
gamma: 0.003
decay_start_ratio: 0.05
decay_min_factor: 0.2
bandwith_kernel: None
no_interact: False
avg_score: -2721.800048828125
median_score: -2677.0
std_score: 225.00123596191406
percentiles: 2%=-3180.4599609375, 5%=-3077.0, 10%=-3010.39990234375, 25%=-2901.0, 50%=-2677.0, 75%=-2547.75, 90%=-2467.0, 95%=-2419.14990234375, 98%=-2345.1201171875
ranking_best_algo: RLSOnePlusOne
ranking_best_score: 3316.5199999999995
ranking_my_rank: 190/504 (62.5%)
ranking_my_percent: 62.5
