ConfigName: kjsd__advperagentrankweighted__M3__L30__eps0p005__g0p0005__ds0p2__dm0p05
Problem: NK
Kernel: jsd
Advantage: peragentrankweighted
M: 3
lambda: 30
epsilon_svgd: 0.005
gamma: 0.0005
decay_start_ratio: 0.2
decay_min_factor: 0.05
bandwith_kernel: None
no_interact: False
avg_score: 0.7182994484901428
median_score: 0.7169981002807617
std_score: 0.00887352880090475
percentiles: 2%=0.7004770636558533, 5%=0.7030937075614929, 10%=0.7085369229316711, 25%=0.7124838829040527, 50%=0.7169981002807617, 75%=0.7241778373718262, 90%=0.731562077999115, 95%=0.7346838712692261, 98%=0.7369185090065002
ranking_best_algo: PBIL
ranking_best_score: 0.7170882103515624
ranking_my_rank: 1/504 (100.0%)
ranking_my_percent: 100.0
