ConfigName: kjsd__advperagentrankweighted__M5__L28__eps0p008__g0p0005__ds0p05__dm0p05
Problem: NK
Kernel: jsd
Advantage: peragentrankweighted
M: 5
lambda: 28
epsilon_svgd: 0.008
gamma: 0.0005
decay_start_ratio: 0.05
decay_min_factor: 0.05
bandwith_kernel: None
no_interact: False
avg_score: 0.7381476759910583
median_score: 0.7403756380081177
std_score: 0.009732293896377087
percentiles: 2%=0.7168096303939819, 5%=0.7206099033355713, 10%=0.7238046526908875, 25%=0.7317837476730347, 50%=0.7403756380081177, 75%=0.7439011335372925, 90%=0.7510110139846802, 95%=0.7528214454650879, 98%=0.7542679905891418
ranking_best_algo: PBIL
ranking_best_score: 0.730509098125
ranking_my_rank: 1/504 (100.0%)
ranking_my_percent: 100.0
