ConfigName: krbf__advnormalizedfitness__M3__L15__eps0p015__g0p01__ds0p01__dm0p3
Problem: NK
Kernel: rbf
Advantage: normalizedfitness
M: 3
lambda: 15
epsilon_svgd: 0.015
gamma: 0.01
decay_start_ratio: 0.01
decay_min_factor: 0.3
bandwith_kernel: None
no_interact: False
avg_score: 0.74200439453125
median_score: 0.7408133745193481
std_score: 0.0301068052649498
percentiles: 2%=0.6921719908714294, 5%=0.700732409954071, 10%=0.7051461338996887, 25%=0.7147157788276672, 50%=0.7408133745193481, 75%=0.7576157450675964, 90%=0.778337299823761, 95%=0.8044298887252808, 98%=0.8044444918632507
ranking_best_algo: CMApara
ranking_best_score: 0.7459277895312499
ranking_my_rank: 25/504 (95.2%)
ranking_my_percent: 95.23809523809524
