ConfigName: kjsd__advperagentrankweighted__M3__L24__eps0p007__g0p0005__ds0p1__dm0p05
Problem: NK
Kernel: jsd
Advantage: peragentrankweighted
M: 3
lambda: 24
epsilon_svgd: 0.007
gamma: 0.0005
decay_start_ratio: 0.1
decay_min_factor: 0.05
bandwith_kernel: None
no_interact: False
avg_score: 0.7100528478622437
median_score: 0.7111806869506836
std_score: 0.015489074401557446
percentiles: 2%=0.6713947057723999, 5%=0.6718913316726685, 10%=0.6927714347839355, 25%=0.7070567607879639, 50%=0.7111806869506836, 75%=0.7190374135971069, 90%=0.7250301837921143, 95%=0.7328377962112427, 98%=0.7332661151885986
ranking_best_algo: CMApara
ranking_best_score: 0.707475975
ranking_my_rank: 1/504 (100.0%)
ranking_my_percent: 100.0
