ConfigName: kjsd__advperagentrankweighted__M3__L16__eps0p007__g0p0007__ds0p2__dm0p1
Problem: QUBO
Kernel: jsd
Advantage: peragentrankweighted
M: 3
lambda: 16
epsilon_svgd: 0.007
gamma: 0.0007
decay_start_ratio: 0.2
decay_min_factor: 0.1
bandwith_kernel: None
no_interact: False
avg_score: -306.8800048828125
median_score: -301.0
std_score: 38.168907165527344
percentiles: 2%=-382.1199951171875, 5%=-380.0, 10%=-359.3999938964844, 25%=-332.0, 50%=-301.0, 75%=-277.0, 90%=-260.8999938964844, 95%=-252.0, 98%=-239.9600067138672
ranking_best_algo: CMApara
ranking_best_score: 319.29999999999995
ranking_my_rank: 110/504 (78.4%)
ranking_my_percent: 78.37301587301587
