ConfigName: krbf__advnormalizedfitness__M3__L12__eps0p025__g0p005__ds0p01__dm0p3
Problem: NK
Kernel: rbf
Advantage: normalizedfitness
M: 3
lambda: 12
epsilon_svgd: 0.025
gamma: 0.005
decay_start_ratio: 0.01
decay_min_factor: 0.3
bandwith_kernel: None
no_interact: False
avg_score: 0.7547718286514282
median_score: 0.7547131180763245
std_score: 0.014397865161299706
percentiles: 2%=0.7255812287330627, 5%=0.7323248386383057, 10%=0.7373480200767517, 25%=0.7446969747543335, 50%=0.7547131180763245, 75%=0.7660664916038513, 90%=0.7729237079620361, 95%=0.7776088714599609, 98%=0.7831499576568604
ranking_best_algo: Tabu
ranking_best_score: 0.7657846284375001
ranking_my_rank: 7/504 (98.8%)
ranking_my_percent: 98.80952380952381
