ConfigName: krbf__advnormalizedfitness__M4__L8__eps0p015__g0p015__ds0p15__dm0p3
Problem: QUBO
Kernel: rbf
Advantage: normalizedfitness
M: 4
lambda: 8
epsilon_svgd: 0.015
gamma: 0.015
decay_start_ratio: 0.15
decay_min_factor: 0.3
bandwith_kernel: None
no_interact: False
avg_score: -580.4400024414062
median_score: -575.0
std_score: 71.6549072265625
percentiles: 2%=-703.7200317382812, 5%=-699.0999755859375, 10%=-686.4000244140625, 25%=-634.75, 50%=-575.0, 75%=-526.0, 90%=-490.70001220703125, 95%=-480.50006103515625, 98%=-460.97998046875
ranking_best_algo: SVMMetaModelLogNormal
ranking_best_score: 1233.7999999999997
ranking_my_rank: 387/504 (23.4%)
ranking_my_percent: 23.41269841269841
