ConfigName: kjsd__advperagentrankweighted__M4__L12__eps0p005__g0p001__ds0p1__dm0p2
Problem: QUBO
Kernel: jsd
Advantage: peragentrankweighted
M: 4
lambda: 12
epsilon_svgd: 0.005
gamma: 0.001
decay_start_ratio: 0.1
decay_min_factor: 0.2
bandwith_kernel: None
no_interact: False
avg_score: -1583.1600341796875
median_score: -1579.5
std_score: 68.99358367919922
percentiles: 2%=-1721.02001953125, 5%=-1703.4000244140625, 10%=-1674.5, 25%=-1631.25, 50%=-1579.5, 75%=-1537.0, 90%=-1494.5999755859375, 95%=-1468.699951171875, 98%=-1458.760009765625
ranking_best_algo: NLOPT_LN_PRAXIS
ranking_best_score: 1607.12
ranking_my_rank: 41/504 (92.1%)
ranking_my_percent: 92.06349206349206
