ConfigName: kjsd__advperagentrankweighted__M3__L16__eps0p01__g0p0007__ds0p1__dm0p05
Problem: QUBO
Kernel: jsd
Advantage: peragentrankweighted
M: 3
lambda: 16
epsilon_svgd: 0.01
gamma: 0.0007
decay_start_ratio: 0.1
decay_min_factor: 0.05
bandwith_kernel: None
no_interact: False
avg_score: -2636.0400390625
median_score: -2653.0
std_score: 121.0948257446289
percentiles: 2%=-2821.199951171875, 5%=-2798.949951171875, 10%=-2783.39990234375, 25%=-2728.25, 50%=-2653.0, 75%=-2543.5, 90%=-2449.199951171875, 95%=-2414.25, 98%=-2395.840087890625
ranking_best_algo: DiscreteLengler2OnePlusOne
ranking_best_score: 2617.04
ranking_my_rank: 1/504 (100.0%)
ranking_my_percent: 100.0
