ConfigName: kjsd__advperagentrankweighted__M3__L16__eps0p01__g0p0007__ds0p05__dm0p1
Problem: QUBO
Kernel: jsd
Advantage: peragentrankweighted
M: 3
lambda: 16
epsilon_svgd: 0.01
gamma: 0.0007
decay_start_ratio: 0.05
decay_min_factor: 0.1
bandwith_kernel: None
no_interact: False
avg_score: -148.33999633789062
median_score: -146.0
std_score: 13.807403564453125
percentiles: 2%=-179.0, 5%=-179.0, 10%=-161.89999389648438, 25%=-155.0, 50%=-146.0, 75%=-139.75, 90%=-134.89999389648438, 95%=-127.94999694824219, 98%=-125.83999633789062
ranking_best_algo: CMApara
ranking_best_score: 154.28
ranking_my_rank: 84/504 (83.5%)
ranking_my_percent: 83.53174603174604
