ConfigName: kjsd__advperagentrankweighted__M3__L20__eps0p007__g0p001__ds0p05__dm0p2
Problem: QUBO
Kernel: jsd
Advantage: peragentrankweighted
M: 3
lambda: 20
epsilon_svgd: 0.007
gamma: 0.001
decay_start_ratio: 0.05
decay_min_factor: 0.2
bandwith_kernel: None
no_interact: False
avg_score: -580.4199829101562
median_score: -582.0
std_score: 30.311443328857422
percentiles: 2%=-637.0399780273438, 5%=-628.25, 10%=-619.2000122070312, 25%=-601.25, 50%=-582.0, 75%=-559.75, 90%=-541.0, 95%=-527.9500122070312, 98%=-514.8200073242188
ranking_best_algo: Tabu
ranking_best_score: 588.7199999999999
ranking_my_rank: 38/503 (92.6%)
ranking_my_percent: 92.6441351888668
