ConfigName: krbf__advnormalizedfitness__M1__L8__eps0p015__g0p007__ds0p15__dm0p01
Problem: QUBO
Kernel: rbf
Advantage: normalizedfitness
M: 1
lambda: 8
epsilon_svgd: 0.015
gamma: 0.007
decay_start_ratio: 0.15
decay_min_factor: 0.01
bandwith_kernel: None
no_interact: False
avg_score: -132.74000549316406
median_score: -133.5
std_score: 13.479331970214844
percentiles: 2%=-156.0399932861328, 5%=-154.0, 10%=-147.0, 25%=-144.0, 50%=-133.5, 75%=-125.0, 90%=-113.9000015258789, 95%=-106.90000915527344, 98%=-104.95999145507812
ranking_best_algo: DiscreteDE
ranking_best_score: 143.4
ranking_my_rank: 314/504 (37.9%)
ranking_my_percent: 37.8968253968254
