ConfigName: kjsd__advperagentrankweighted__M5__L8__eps0p01__g0p0007__ds0p4__dm0p05
Problem: QUBO
Kernel: jsd
Advantage: peragentrankweighted
M: 5
lambda: 8
epsilon_svgd: 0.01
gamma: 0.0007
decay_start_ratio: 0.4
decay_min_factor: 0.05
bandwith_kernel: None
no_interact: False
avg_score: -330.3599853515625
median_score: -334.0
std_score: 21.97704315185547
percentiles: 2%=-372.0, 5%=-361.54998779296875, 10%=-357.0, 25%=-342.25, 50%=-334.0, 75%=-320.0, 90%=-297.79998779296875, 95%=-290.0, 98%=-280.0
ranking_best_algo: CMApara
ranking_best_score: 344.22
ranking_my_rank: 79/504 (84.5%)
ranking_my_percent: 84.52380952380952
