ConfigName: kjsd__advperagentrankweighted__M3__L16__eps0p005__g0p0005__ds0p05__dm0p2
Problem: QUBO
Kernel: jsd
Advantage: peragentrankweighted
M: 3
lambda: 16
epsilon_svgd: 0.005
gamma: 0.0005
decay_start_ratio: 0.05
decay_min_factor: 0.2
bandwith_kernel: None
no_interact: False
avg_score: -1257.0799560546875
median_score: -1248.5
std_score: 58.70003128051758
percentiles: 2%=-1382.9200439453125, 5%=-1355.75, 10%=-1333.800048828125, 25%=-1300.25, 50%=-1248.5, 75%=-1212.5, 90%=-1189.0, 95%=-1170.9000244140625, 98%=-1159.97998046875
ranking_best_algo: SVMMetaModelLogNormal
ranking_best_score: 1233.7999999999997
ranking_my_rank: 1/504 (100.0%)
ranking_my_percent: 100.0
