ConfigName: kjsd__advperagentrankweighted__M3__L20__eps0p01__g0p0005__ds0p2__dm0p1
Problem: NK
Kernel: jsd
Advantage: peragentrankweighted
M: 3
lambda: 20
epsilon_svgd: 0.01
gamma: 0.0005
decay_start_ratio: 0.2
decay_min_factor: 0.1
bandwith_kernel: None
no_interact: False
avg_score: 0.75382399559021
median_score: 0.7523053884506226
std_score: 0.013486742042005062
percentiles: 2%=0.7332372665405273, 5%=0.7339960932731628, 10%=0.7364698648452759, 25%=0.7432325482368469, 50%=0.7523053884506226, 75%=0.7637412548065186, 90%=0.7728395462036133, 95%=0.7761159539222717, 98%=0.7792698740959167
ranking_best_algo: Tabu
ranking_best_score: 0.7470791764843752
ranking_my_rank: 1/504 (100.0%)
ranking_my_percent: 100.0
