ConfigName: kjsd__advperagentrankweighted__M3__L18__eps0p01__g0p003__ds0p2__dm0p1
Problem: NK
Kernel: jsd
Advantage: peragentrankweighted
M: 3
lambda: 18
epsilon_svgd: 0.01
gamma: 0.003
decay_start_ratio: 0.2
decay_min_factor: 0.1
bandwith_kernel: None
no_interact: False
avg_score: 0.7107625603675842
median_score: 0.7114272117614746
std_score: 0.015186691656708717
percentiles: 2%=0.673057496547699, 5%=0.6737892031669617, 10%=0.697111964225769, 25%=0.7072840929031372, 50%=0.7114272117614746, 75%=0.7195354700088501, 90%=0.7255440950393677, 95%=0.732115626335144, 98%=0.7332407832145691
ranking_best_algo: CMApara
ranking_best_score: 0.707475975
ranking_my_rank: 1/504 (100.0%)
ranking_my_percent: 100.0
