ConfigName: krbf__advnormalizedfitness__M4__L15__eps0p025__g0p01__ds0p15__dm0p3
Problem: NK
Kernel: rbf
Advantage: normalizedfitness
M: 4
lambda: 15
epsilon_svgd: 0.025
gamma: 0.01
decay_start_ratio: 0.15
decay_min_factor: 0.3
bandwith_kernel: None
no_interact: False
avg_score: 0.6720065474510193
median_score: 0.674271821975708
std_score: 0.012320267967879772
percentiles: 2%=0.6512126922607422, 5%=0.6525681614875793, 10%=0.6550329923629761, 25%=0.6607668399810791, 50%=0.674271821975708, 75%=0.6817197799682617, 90%=0.6871134042739868, 95%=0.6889526844024658, 98%=0.6907461881637573
ranking_best_algo: PBIL
ranking_best_score: 0.7013553837109374
ranking_my_rank: 191/504 (62.3%)
ranking_my_percent: 62.301587301587304
