ConfigName: krbf__advnormalizedfitness__M4__L10__eps0p025__g0p005__ds0p15__dm0p3
Problem: NK
Kernel: rbf
Advantage: normalizedfitness
M: 4
lambda: 10
epsilon_svgd: 0.025
gamma: 0.005
decay_start_ratio: 0.15
decay_min_factor: 0.3
bandwith_kernel: None
no_interact: False
avg_score: 0.6199992299079895
median_score: 0.6161359548568726
std_score: 0.020019806921482086
percentiles: 2%=0.594768762588501, 5%=0.5982567071914673, 10%=0.600235641002655, 25%=0.6054357290267944, 50%=0.6161359548568726, 75%=0.6301804184913635, 90%=0.6400296092033386, 95%=0.6653909087181091, 98%=0.6836224794387817
ranking_best_algo: PBIL
ranking_best_score: 0.7170882103515624
ranking_my_rank: 313/504 (38.1%)
ranking_my_percent: 38.095238095238095
