ConfigName: krbf__advnormalizedfitness__M4__L15__eps0p015__g0p007__ds0p01__dm0p01
Problem: QUBO
Kernel: rbf
Advantage: normalizedfitness
M: 4
lambda: 15
epsilon_svgd: 0.015
gamma: 0.007
decay_start_ratio: 0.01
decay_min_factor: 0.01
bandwith_kernel: None
no_interact: False
avg_score: -2438.919921875
median_score: -2389.0
std_score: 278.37841796875
percentiles: 2%=-3006.3798828125, 5%=-2908.949951171875, 10%=-2852.800048828125, 25%=-2662.5, 50%=-2389.0, 75%=-2239.25, 90%=-2074.5, 95%=-2002.8499755859375, 98%=-1987.93994140625
ranking_best_algo: RLSOnePlusOne
ranking_best_score: 3316.5199999999995
ranking_my_rank: 254/504 (49.8%)
ranking_my_percent: 49.801587301587304
