ConfigName: kjsd__advperagentrankweighted__M6__L28__eps0p005__g0p0005__ds0p05__dm0p05
Problem: QUBO
Kernel: jsd
Advantage: peragentrankweighted
M: 6
lambda: 28
epsilon_svgd: 0.005
gamma: 0.0005
decay_start_ratio: 0.05
decay_min_factor: 0.05
bandwith_kernel: None
no_interact: False
avg_score: -438.5400085449219
median_score: -438.0
std_score: 25.92659568786621
percentiles: 2%=-485.1000061035156, 5%=-475.0, 10%=-468.1000061035156, 25%=-459.25, 50%=-438.0, 75%=-423.75, 90%=-407.0, 95%=-388.8500061035156, 98%=-379.9200134277344
ranking_best_algo: CMApara
ranking_best_score: 453.82
ranking_my_rank: 19/504 (96.4%)
ranking_my_percent: 96.42857142857143
