ConfigName: krbf__advnormalizedfitness__M3__L12__eps0p025__g0p005__ds0p01__dm0p01
Problem: NK
Kernel: rbf
Advantage: normalizedfitness
M: 3
lambda: 12
epsilon_svgd: 0.025
gamma: 0.005
decay_start_ratio: 0.01
decay_min_factor: 0.01
bandwith_kernel: None
no_interact: False
avg_score: 0.7367550134658813
median_score: 0.7377097010612488
std_score: 0.00858647096902132
percentiles: 2%=0.720535159111023, 5%=0.7222900986671448, 10%=0.7245017290115356, 25%=0.7315406203269958, 50%=0.7377097010612488, 75%=0.7423689365386963, 90%=0.7466486692428589, 95%=0.7497770190238953, 98%=0.7555017471313477
ranking_best_algo: PBIL
ranking_best_score: 0.730509098125
ranking_my_rank: 1/504 (100.0%)
ranking_my_percent: 100.0
