ConfigName: krbf__advnormalizedfitness__M2__L10__eps0p025__g0p01__ds0p3__dm0p3
Problem: QUBO
Kernel: rbf
Advantage: normalizedfitness
M: 2
lambda: 10
epsilon_svgd: 0.025
gamma: 0.01
decay_start_ratio: 0.3
decay_min_factor: 0.3
bandwith_kernel: None
no_interact: False
avg_score: -424.5
median_score: -427.0
std_score: 28.310951232910156
percentiles: 2%=-477.0, 5%=-471.1000061035156, 10%=-461.20001220703125, 25%=-444.25, 50%=-427.0, 75%=-405.75, 90%=-388.70001220703125, 95%=-382.95001220703125, 98%=-355.8800048828125
ranking_best_algo: CMAL3
ranking_best_score: 435.36
ranking_my_rank: 30/504 (94.2%)
ranking_my_percent: 94.24603174603175
