ConfigName: krbf__advnormalizedfitness__M4__L8__eps0p025__g0p005__ds0p15__dm0p3
Problem: QUBO
Kernel: rbf
Advantage: normalizedfitness
M: 4
lambda: 8
epsilon_svgd: 0.025
gamma: 0.005
decay_start_ratio: 0.15
decay_min_factor: 0.3
bandwith_kernel: None
no_interact: False
avg_score: -1253.8599853515625
median_score: -1250.0
std_score: 66.82305145263672
percentiles: 2%=-1399.6600341796875, 5%=-1385.550048828125, 10%=-1339.4000244140625, 25%=-1295.75, 50%=-1250.0, 75%=-1199.75, 90%=-1169.9000244140625, 95%=-1157.0, 98%=-1148.0
ranking_best_algo: BigLognormalDiscreteOnePlusOne
ranking_best_score: 1301.3600000000004
ranking_my_rank: 55/504 (89.3%)
ranking_my_percent: 89.28571428571429
