ConfigName: krbf__advnormalizedfitness__M3__L10__eps0p015__g0p007__ds0p01__dm0p01
Problem: QUBO
Kernel: rbf
Advantage: normalizedfitness
M: 3
lambda: 10
epsilon_svgd: 0.015
gamma: 0.007
decay_start_ratio: 0.01
decay_min_factor: 0.01
bandwith_kernel: None
no_interact: False
avg_score: -2462.3798828125
median_score: -2452.0
std_score: 151.7584228515625
percentiles: 2%=-2797.47998046875, 5%=-2686.14990234375, 10%=-2651.0, 25%=-2575.75, 50%=-2452.0, 75%=-2359.0, 90%=-2255.60009765625, 95%=-2218.800048828125, 98%=-2210.139892578125
ranking_best_algo: SVM1MetaModelLogNormal
ranking_best_score: 2605.14
ranking_my_rank: 80/504 (84.3%)
ranking_my_percent: 84.32539682539682
