ConfigName: krbf__advnormalizedfitness__M3__L8__eps0p025__g0p007__ds0p15__dm0p3
Problem: QUBO
Kernel: rbf
Advantage: normalizedfitness
M: 3
lambda: 8
epsilon_svgd: 0.025
gamma: 0.007
decay_start_ratio: 0.15
decay_min_factor: 0.3
bandwith_kernel: None
no_interact: False
avg_score: -902.4400024414062
median_score: -905.0
std_score: 61.24235916137695
percentiles: 2%=-1026.06005859375, 5%=-1012.25, 10%=-979.4000244140625, 25%=-947.0, 50%=-905.0, 75%=-859.75, 90%=-816.7000122070312, 95%=-808.6000366210938, 98%=-793.659912109375
ranking_best_algo: CMAL3
ranking_best_score: 928.5800000000002
ranking_my_rank: 66/504 (87.1%)
ranking_my_percent: 87.10317460317461
