ConfigName: krbf__advnormalizedfitness__M4__L8__eps0p025__g0p01__ds0p15__dm0p01
Problem: QUBO
Kernel: rbf
Advantage: normalizedfitness
M: 4
lambda: 8
epsilon_svgd: 0.025
gamma: 0.01
decay_start_ratio: 0.15
decay_min_factor: 0.01
bandwith_kernel: None
no_interact: False
avg_score: -331.9200134277344
median_score: -335.0
std_score: 17.715349197387695
percentiles: 2%=-372.0, 5%=-354.04998779296875, 10%=-350.0, 25%=-343.0, 50%=-335.0, 75%=-319.5, 90%=-309.79998779296875, 95%=-299.8000183105469, 98%=-292.0
ranking_best_algo: CMApara
ranking_best_score: 344.22
ranking_my_rank: 76/504 (85.1%)
ranking_my_percent: 85.11904761904762
