ConfigName: kjsd__advperagentrankweighted__M5__L8__eps0p005__g0p0005__ds0p05__dm0p2
Problem: NK
Kernel: jsd
Advantage: peragentrankweighted
M: 5
lambda: 8
epsilon_svgd: 0.005
gamma: 0.0005
decay_start_ratio: 0.05
decay_min_factor: 0.2
bandwith_kernel: None
no_interact: False
avg_score: 0.7346734404563904
median_score: 0.7364303469657898
std_score: 0.008847995661199093
percentiles: 2%=0.7139260768890381, 5%=0.7184804677963257, 10%=0.7213826775550842, 25%=0.7298058271408081, 50%=0.7364303469657898, 75%=0.741126298904419, 90%=0.7453861832618713, 95%=0.7463043332099915, 98%=0.7484362721443176
ranking_best_algo: PBIL
ranking_best_score: 0.7248786399609374
ranking_my_rank: 1/504 (100.0%)
ranking_my_percent: 100.0
