ConfigName: kjsd__advperagentrankweighted__M3__L30__eps0p007__g0p0005__ds0p05__dm0p2
Problem: QUBO
Kernel: jsd
Advantage: peragentrankweighted
M: 3
lambda: 30
epsilon_svgd: 0.007
gamma: 0.0005
decay_start_ratio: 0.05
decay_min_factor: 0.2
bandwith_kernel: None
no_interact: False
avg_score: -1190.6400146484375
median_score: -1185.5
std_score: 60.155555725097656
percentiles: 2%=-1337.199951171875, 5%=-1288.25, 10%=-1261.199951171875, 25%=-1230.75, 50%=-1185.5, 75%=-1151.5, 90%=-1122.5, 95%=-1095.8499755859375, 98%=-1071.9200439453125
ranking_best_algo: Tabu
ranking_best_score: 1216.16
ranking_my_rank: 55/504 (89.3%)
ranking_my_percent: 89.28571428571429
