ConfigName: kjsd__advperagentrankweighted__M3__L16__eps0p007__g0p003__ds0p1__dm0p05
Problem: NK
Kernel: jsd
Advantage: peragentrankweighted
M: 3
lambda: 16
epsilon_svgd: 0.007
gamma: 0.003
decay_start_ratio: 0.1
decay_min_factor: 0.05
bandwith_kernel: None
no_interact: False
avg_score: 0.7107680439949036
median_score: 0.7113248109817505
std_score: 0.015089087188243866
percentiles: 2%=0.6730850338935852, 5%=0.6736598610877991, 10%=0.697385847568512, 25%=0.7075875997543335, 50%=0.7113248109817505, 75%=0.7204930782318115, 90%=0.7254886031150818, 95%=0.7319895029067993, 98%=0.7329646348953247
ranking_best_algo: CMApara
ranking_best_score: 0.707475975
ranking_my_rank: 1/504 (100.0%)
ranking_my_percent: 100.0
