ConfigName: krbf__advnormalizedfitness__M1__L10__eps0p015__g0p01__ds0p15__dm0p01
Problem: QUBO
Kernel: rbf
Advantage: normalizedfitness
M: 1
lambda: 10
epsilon_svgd: 0.015
gamma: 0.01
decay_start_ratio: 0.15
decay_min_factor: 0.01
bandwith_kernel: None
no_interact: False
avg_score: -429.5400085449219
median_score: -432.5
std_score: 33.5444221496582
percentiles: 2%=-487.2200012207031, 5%=-479.0, 10%=-469.29998779296875, 25%=-457.25, 50%=-432.5, 75%=-408.5, 90%=-378.0, 95%=-371.0, 98%=-366.89996337890625
ranking_best_algo: CMApara
ranking_best_score: 453.82
ranking_my_rank: 91/504 (82.1%)
ranking_my_percent: 82.14285714285714
