ConfigName: kjsd__advperagentrankweighted__M6__L10__eps0p02__g0p0007__ds0p05__dm0p05
Problem: QUBO
Kernel: jsd
Advantage: peragentrankweighted
M: 6
lambda: 10
epsilon_svgd: 0.02
gamma: 0.0007
decay_start_ratio: 0.05
decay_min_factor: 0.05
bandwith_kernel: None
no_interact: False
avg_score: -312.0799865722656
median_score: -318.0
std_score: 38.566741943359375
percentiles: 2%=-390.1199951171875, 5%=-384.0, 10%=-356.6000061035156, 25%=-336.5, 50%=-318.0, 75%=-276.0, 90%=-267.0, 95%=-261.8999938964844, 98%=-255.97999572753906
ranking_best_algo: CMApara
ranking_best_score: 319.29999999999995
ranking_my_rank: 34/504 (93.5%)
ranking_my_percent: 93.45238095238095
