ConfigName: krbf__advnormalizedfitness__M4__L15__eps0p025__g0p007__ds0p01__dm0p01
Problem: QUBO
Kernel: rbf
Advantage: normalizedfitness
M: 4
lambda: 15
epsilon_svgd: 0.025
gamma: 0.007
decay_start_ratio: 0.01
decay_min_factor: 0.01
bandwith_kernel: None
no_interact: False
avg_score: -2302.39990234375
median_score: -2268.5
std_score: 169.05917358398438
percentiles: 2%=-2614.280029296875, 5%=-2578.300048828125, 10%=-2543.5, 25%=-2437.0, 50%=-2268.5, 75%=-2164.75, 90%=-2097.39990234375, 95%=-2070.900146484375, 98%=-2039.8399658203125
ranking_best_algo: SVM1MetaModelLogNormal
ranking_best_score: 2605.14
ranking_my_rank: 155/504 (69.4%)
ranking_my_percent: 69.44444444444444
