ConfigName: kjsd__advperagentrankweighted__M4__L12__eps0p005__g0p001__ds0p05__dm0p05
Problem: NK
Kernel: jsd
Advantage: peragentrankweighted
M: 4
lambda: 12
epsilon_svgd: 0.005
gamma: 0.001
decay_start_ratio: 0.05
decay_min_factor: 0.05
bandwith_kernel: None
no_interact: False
avg_score: 0.7457818388938904
median_score: 0.7423140406608582
std_score: 0.028015177696943283
percentiles: 2%=0.7088281512260437, 5%=0.7105557918548584, 10%=0.7133970260620117, 25%=0.7234318256378174, 50%=0.7423140406608582, 75%=0.7601335048675537, 90%=0.7783373594284058, 95%=0.8073222637176514, 98%=0.8118547797203064
ranking_best_algo: CMApara
ranking_best_score: 0.7459277895312499
ranking_my_rank: 2/504 (99.8%)
ranking_my_percent: 99.8015873015873
