ConfigName: krbf__advnormalizedfitness__M2__L8__eps0p015__g0p005__ds0p01__dm0p3
Problem: NK
Kernel: rbf
Advantage: normalizedfitness
M: 2
lambda: 8
epsilon_svgd: 0.015
gamma: 0.005
decay_start_ratio: 0.01
decay_min_factor: 0.3
bandwith_kernel: None
no_interact: False
avg_score: 0.7502326965332031
median_score: 0.7511367797851562
std_score: 0.01548728160560131
percentiles: 2%=0.7176718711853027, 5%=0.7257308959960938, 10%=0.7295955419540405, 25%=0.7394111156463623, 50%=0.7511367797851562, 75%=0.7628104090690613, 90%=0.7705122232437134, 95%=0.7716755867004395, 98%=0.7819024324417114
ranking_best_algo: Tabu
ranking_best_score: 0.7657846284375001
ranking_my_rank: 23/504 (95.6%)
ranking_my_percent: 95.63492063492063
