ConfigName: krbf__advnormalizedfitness__M4__L15__eps0p01__g0p001__ds0p05__dm0p05
Problem: QUBO
Kernel: rbf
Advantage: normalizedfitness
M: 4
lambda: 15
epsilon_svgd: 0.01
gamma: 0.001
decay_start_ratio: 0.05
decay_min_factor: 0.05
bandwith_kernel: None
no_interact: False
avg_score: -1188.06005859375
median_score: -1179.0
std_score: 60.36701583862305
percentiles: 2%=-1341.0799560546875, 5%=-1285.25, 10%=-1266.699951171875, 25%=-1225.25, 50%=-1179.0, 75%=-1148.75, 90%=-1113.0, 95%=-1102.75, 98%=-1091.8800048828125
ranking_best_algo: Tabu
ranking_best_score: 1216.16
ranking_my_rank: 61/504 (88.1%)
ranking_my_percent: 88.0952380952381
