ConfigName: kjsd__advperagentrankweighted__M4__L12__eps0p005__g0p001__ds0p1__dm0p05
Problem: NK
Kernel: jsd
Advantage: peragentrankweighted
M: 4
lambda: 12
epsilon_svgd: 0.005
gamma: 0.001
decay_start_ratio: 0.1
decay_min_factor: 0.05
bandwith_kernel: None
no_interact: False
avg_score: 0.7353545427322388
median_score: 0.7375737428665161
std_score: 0.009048371575772762
percentiles: 2%=0.7145726680755615, 5%=0.7169890403747559, 10%=0.7212861776351929, 25%=0.7300196290016174, 50%=0.7375737428665161, 75%=0.7417615652084351, 90%=0.7450957298278809, 95%=0.7465076446533203, 98%=0.7487323880195618
ranking_best_algo: PBIL
ranking_best_score: 0.7248786399609374
ranking_my_rank: 1/504 (100.0%)
ranking_my_percent: 100.0
