ConfigName: krbf__advnormalizedfitness__M2__L8__eps0p025__g0p007__ds0p3__dm0p01
Problem: QUBO
Kernel: rbf
Advantage: normalizedfitness
M: 2
lambda: 8
epsilon_svgd: 0.025
gamma: 0.007
decay_start_ratio: 0.3
decay_min_factor: 0.01
bandwith_kernel: None
no_interact: False
avg_score: -2604.9599609375
median_score: -2618.5
std_score: 129.6217498779297
percentiles: 2%=-2837.580078125, 5%=-2792.550048828125, 10%=-2761.5, 25%=-2680.5, 50%=-2618.5, 75%=-2525.25, 90%=-2423.89990234375, 95%=-2388.89990234375, 98%=-2345.919921875
ranking_best_algo: DiscreteLengler2OnePlusOne
ranking_best_score: 2617.04
ranking_my_rank: 3/504 (99.6%)
ranking_my_percent: 99.60317460317461
