ConfigName: kjsd__advperagentrankweighted__M5__L10__eps0p005__g0p0007__ds0p4__dm0p2
Problem: QUBO
Kernel: jsd
Advantage: peragentrankweighted
M: 5
lambda: 10
epsilon_svgd: 0.005
gamma: 0.0007
decay_start_ratio: 0.4
decay_min_factor: 0.2
bandwith_kernel: None
no_interact: False
avg_score: -3167.919921875
median_score: -3162.0
std_score: 142.17324829101562
percentiles: 2%=-3434.760009765625, 5%=-3375.64990234375, 10%=-3346.300048828125, 25%=-3264.75, 50%=-3162.0, 75%=-3074.5, 90%=-2993.89990234375, 95%=-2891.64990234375, 98%=-2867.9599609375
ranking_best_algo: RLSOnePlusOne
ranking_best_score: 3316.5199999999995
ranking_my_rank: 60/504 (88.3%)
ranking_my_percent: 88.2936507936508
