ConfigName: krbf__advnormalizedfitness__M3__L15__eps0p015__g0p015__ds0p15__dm0p01
Problem: QUBO
Kernel: rbf
Advantage: normalizedfitness
M: 3
lambda: 15
epsilon_svgd: 0.015
gamma: 0.015
decay_start_ratio: 0.15
decay_min_factor: 0.01
bandwith_kernel: None
no_interact: False
avg_score: -298.9200134277344
median_score: -295.0
std_score: 39.991920471191406
percentiles: 2%=-390.1600036621094, 5%=-384.0, 10%=-359.3999938964844, 25%=-320.0, 50%=-295.0, 75%=-264.0, 90%=-255.8000030517578, 95%=-251.95001220703125, 98%=-245.91998291015625
ranking_best_algo: CMApara
ranking_best_score: 319.29999999999995
ranking_my_rank: 237/504 (53.2%)
ranking_my_percent: 53.17460317460318
