ConfigName: kjsd__advperagentrankweighted__M4__L24__eps0p01__g0p0003__ds0p2__dm0p05
Problem: QUBO
Kernel: jsd
Advantage: peragentrankweighted
M: 4
lambda: 24
epsilon_svgd: 0.01
gamma: 0.0003
decay_start_ratio: 0.2
decay_min_factor: 0.05
bandwith_kernel: None
no_interact: False
avg_score: -574.5599975585938
median_score: -574.0
std_score: 25.730262756347656
percentiles: 2%=-631.0999755859375, 5%=-619.2999877929688, 10%=-604.0999755859375, 25%=-589.5, 50%=-574.0, 75%=-556.0, 90%=-541.5999755859375, 95%=-532.0, 98%=-525.97998046875
ranking_best_algo: Tabu
ranking_best_score: 588.7199999999999
ranking_my_rank: 57/503 (88.9%)
ranking_my_percent: 88.86679920477137
