ConfigName: kjsd__advperagentrankweighted__M5__L8__eps0p02__g0p0007__ds0p05__dm0p05
Problem: QUBO
Kernel: jsd
Advantage: peragentrankweighted
M: 5
lambda: 8
epsilon_svgd: 0.02
gamma: 0.0007
decay_start_ratio: 0.05
decay_min_factor: 0.05
bandwith_kernel: None
no_interact: False
avg_score: -427.6199951171875
median_score: -426.5
std_score: 28.51202392578125
percentiles: 2%=-477.1199951171875, 5%=-473.1000061035156, 10%=-467.20001220703125, 25%=-448.0, 50%=-426.5, 75%=-409.0, 90%=-392.79998779296875, 95%=-388.1499938964844, 98%=-370.70001220703125
ranking_best_algo: CMAL3
ranking_best_score: 435.36
ranking_my_rank: 18/504 (96.6%)
ranking_my_percent: 96.62698412698413
