ConfigName: kjsd__advperagentrankweighted__M4__L12__eps0p005__g0p0007__ds0p1__dm0p05
Problem: QUBO
Kernel: jsd
Advantage: peragentrankweighted
M: 4
lambda: 12
epsilon_svgd: 0.005
gamma: 0.0007
decay_start_ratio: 0.1
decay_min_factor: 0.05
bandwith_kernel: None
no_interact: False
avg_score: -2644.5
median_score: -2641.5
std_score: 129.2276611328125
percentiles: 2%=-2893.1201171875, 5%=-2838.5, 10%=-2806.300048828125, 25%=-2735.25, 50%=-2641.5, 75%=-2557.5, 90%=-2459.60009765625, 95%=-2413.800048828125, 98%=-2391.719970703125
ranking_best_algo: DiscreteLengler2OnePlusOne
ranking_best_score: 2617.04
ranking_my_rank: 1/504 (100.0%)
ranking_my_percent: 100.0
