ConfigName: kjsd__advperagentrankweighted__M3__L18__eps0p01__g0p0005__ds0p2__dm0p1
Problem: QUBO
Kernel: jsd
Advantage: peragentrankweighted
M: 3
lambda: 18
epsilon_svgd: 0.01
gamma: 0.0005
decay_start_ratio: 0.2
decay_min_factor: 0.1
bandwith_kernel: None
no_interact: False
avg_score: -577.5
median_score: -576.0
std_score: 26.064342498779297
percentiles: 2%=-637.02001953125, 5%=-629.0999755859375, 10%=-609.2000122070312, 25%=-594.25, 50%=-576.0, 75%=-559.0, 90%=-547.0, 95%=-541.7000122070312, 98%=-534.97998046875
ranking_best_algo: Tabu
ranking_best_score: 588.7199999999999
ranking_my_rank: 44/503 (91.5%)
ranking_my_percent: 91.45129224652088
