ConfigName: kfr__advglobalrankweighted__M5__L9__eps0p01__g0p005__ds0p01__dm0p01
Problem: QUBO
Kernel: fr
Advantage: globalrankweighted
M: 5
lambda: 9
epsilon_svgd: 0.01
gamma: 0.005
decay_start_ratio: 0.01
decay_min_factor: 0.01
bandwith_kernel: None
no_interact: False
avg_score: -874.0599975585938
median_score: -872.0
std_score: 59.24640655517578
percentiles: 2%=-1008.4000244140625, 5%=-983.4500122070312, 10%=-959.0999755859375, 25%=-907.25, 50%=-872.0, 75%=-830.75, 90%=-796.9000244140625, 95%=-789.0, 98%=-778.0
ranking_best_algo: CMAL3
ranking_best_score: 928.5800000000002
ranking_my_rank: 134/504 (73.6%)
ranking_my_percent: 73.61111111111111
