ConfigName: kjsd__advperagentrankweighted__M4__L8__eps0p005__g0p0003__ds0p4__dm0p05
Problem: QUBO
Kernel: jsd
Advantage: peragentrankweighted
M: 4
lambda: 8
epsilon_svgd: 0.005
gamma: 0.0003
decay_start_ratio: 0.4
decay_min_factor: 0.05
bandwith_kernel: None
no_interact: False
avg_score: -1317.260009765625
median_score: -1308.0
std_score: 57.29111862182617
percentiles: 2%=-1426.280029296875, 5%=-1413.1500244140625, 10%=-1392.5999755859375, 25%=-1360.25, 50%=-1308.0, 75%=-1272.5, 90%=-1251.5, 95%=-1236.800048828125, 98%=-1208.8199462890625
ranking_best_algo: BigLognormalDiscreteOnePlusOne
ranking_best_score: 1301.3600000000004
ranking_my_rank: 1/504 (100.0%)
ranking_my_percent: 100.0
