ConfigName: kfr__advglobalrankweighted__M1__L10__eps0p02__g0p007__ds0p01__dm0p01
Problem: QUBO
Kernel: fr
Advantage: globalrankweighted
M: 1
lambda: 10
epsilon_svgd: 0.02
gamma: 0.007
decay_start_ratio: 0.01
decay_min_factor: 0.01
bandwith_kernel: None
no_interact: False
avg_score: -3197.52001953125
median_score: -3190.0
std_score: 101.07388305664062
percentiles: 2%=-3406.0400390625, 5%=-3382.25, 10%=-3337.800048828125, 25%=-3263.25, 50%=-3190.0, 75%=-3121.5, 90%=-3079.5, 95%=-3045.89990234375, 98%=-3027.739990234375
ranking_best_algo: RLSOnePlusOne
ranking_best_score: 3316.5199999999995
ranking_my_rank: 57/504 (88.9%)
ranking_my_percent: 88.88888888888889
