ConfigName: krbf__advnormalizedfitness__M3__L8__eps0p025__g0p005__ds0p3__dm0p3
Problem: QUBO
Kernel: rbf
Advantage: normalizedfitness
M: 3
lambda: 8
epsilon_svgd: 0.025
gamma: 0.005
decay_start_ratio: 0.3
decay_min_factor: 0.3
bandwith_kernel: None
no_interact: False
avg_score: -577.52001953125
median_score: -576.0
std_score: 25.905397415161133
percentiles: 2%=-627.0, 5%=-618.0499877929688, 10%=-609.2999877929688, 25%=-597.5, 50%=-576.0, 75%=-561.75, 90%=-543.7999877929688, 95%=-535.9500122070312, 98%=-530.7399291992188
ranking_best_algo: Tabu
ranking_best_score: 588.7199999999999
ranking_my_rank: 44/503 (91.5%)
ranking_my_percent: 91.45129224652088
