ConfigName: krbf__advnormalizedfitness__M3__L10__eps0p025__g0p005__ds0p05__dm0p05
Problem: QUBO
Kernel: rbf
Advantage: normalizedfitness
M: 3
lambda: 10
epsilon_svgd: 0.025
gamma: 0.005
decay_start_ratio: 0.05
decay_min_factor: 0.05
bandwith_kernel: None
no_interact: False
avg_score: -1187.739990234375
median_score: -1183.0
std_score: 58.08986282348633
percentiles: 2%=-1319.0400390625, 5%=-1287.5999755859375, 10%=-1262.0999755859375, 25%=-1223.5, 50%=-1183.0, 75%=-1148.0, 90%=-1118.800048828125, 95%=-1093.8499755859375, 98%=-1084.6800537109375
ranking_best_algo: Tabu
ranking_best_score: 1216.16
ranking_my_rank: 63/504 (87.7%)
ranking_my_percent: 87.6984126984127
