ConfigName: krbf__advnormalizedfitness__M4__L8__eps0p025__g0p007__ds0p01__dm0p01
Problem: QUBO
Kernel: rbf
Advantage: normalizedfitness
M: 4
lambda: 8
epsilon_svgd: 0.025
gamma: 0.007
decay_start_ratio: 0.01
decay_min_factor: 0.01
bandwith_kernel: None
no_interact: False
avg_score: -3131.260009765625
median_score: -3146.0
std_score: 167.95216369628906
percentiles: 2%=-3446.179931640625, 5%=-3393.39990234375, 10%=-3348.39990234375, 25%=-3270.5, 50%=-3146.0, 75%=-3008.25, 90%=-2879.800048828125, 95%=-2843.2001953125, 98%=-2818.9599609375
ranking_best_algo: RLSOnePlusOne
ranking_best_score: 3316.5199999999995
ranking_my_rank: 77/504 (84.9%)
ranking_my_percent: 84.92063492063492
