ConfigName: kjsd__advperagentrankweighted__M5__L8__eps0p01__g0p0005__ds0p2__dm0p2
Problem: NK
Kernel: jsd
Advantage: peragentrankweighted
M: 5
lambda: 8
epsilon_svgd: 0.01
gamma: 0.0005
decay_start_ratio: 0.2
decay_min_factor: 0.2
bandwith_kernel: None
no_interact: False
avg_score: 0.7522076368331909
median_score: 0.7534370422363281
std_score: 0.012701437808573246
percentiles: 2%=0.7284188270568848, 5%=0.7324787378311157, 10%=0.7350888848304749, 25%=0.7428174018859863, 50%=0.7534370422363281, 75%=0.7628083825111389, 90%=0.7674052715301514, 95%=0.7710516452789307, 98%=0.7735477685928345
ranking_best_algo: Tabu
ranking_best_score: 0.7470791764843752
ranking_my_rank: 1/504 (100.0%)
ranking_my_percent: 100.0
