ConfigName: krbf__advnormalizedfitness__M4__L10__eps0p025__g0p01__ds0p15__dm0p3
Problem: QUBO
Kernel: rbf
Advantage: normalizedfitness
M: 4
lambda: 10
epsilon_svgd: 0.025
gamma: 0.01
decay_start_ratio: 0.15
decay_min_factor: 0.3
bandwith_kernel: None
no_interact: False
avg_score: -2071.760009765625
median_score: -2072.5
std_score: 196.62518310546875
percentiles: 2%=-2443.179931640625, 5%=-2386.39990234375, 10%=-2320.0, 25%=-2204.5, 50%=-2072.5, 75%=-1945.75, 90%=-1800.800048828125, 95%=-1726.85009765625, 98%=-1693.599853515625
ranking_best_algo: DiscreteLengler2OnePlusOne
ranking_best_score: 2617.04
ranking_my_rank: 228/504 (55.0%)
ranking_my_percent: 54.96031746031746
