ConfigName: kjsd__advperagentrankweighted__M3__L20__eps0p007__g0p0007__ds0p1__dm0p05
Problem: QUBO
Kernel: jsd
Advantage: peragentrankweighted
M: 3
lambda: 20
epsilon_svgd: 0.007
gamma: 0.0007
decay_start_ratio: 0.1
decay_min_factor: 0.05
bandwith_kernel: None
no_interact: False
avg_score: -1243.300048828125
median_score: -1245.5
std_score: 55.90608215332031
percentiles: 2%=-1364.0400390625, 5%=-1340.050048828125, 10%=-1317.199951171875, 25%=-1277.75, 50%=-1245.5, 75%=-1195.25, 90%=-1173.9000244140625, 95%=-1160.800048828125, 98%=-1137.9599609375
ranking_best_algo: SVMMetaModelLogNormal
ranking_best_score: 1233.7999999999997
ranking_my_rank: 1/504 (100.0%)
ranking_my_percent: 100.0
