ConfigName: kfr__advglobalrankweighted__M4__L15__eps0p015__g0p005__ds0p01__dm0p01
Problem: QUBO
Kernel: fr
Advantage: globalrankweighted
M: 4
lambda: 15
epsilon_svgd: 0.015
gamma: 0.005
decay_start_ratio: 0.01
decay_min_factor: 0.01
bandwith_kernel: None
no_interact: False
avg_score: -199.13999938964844
median_score: -199.5
std_score: 12.861586570739746
percentiles: 2%=-224.0, 5%=-221.0500030517578, 10%=-218.0, 25%=-207.0, 50%=-199.5, 75%=-189.75, 90%=-183.0, 95%=-178.95001220703125, 98%=-174.9399871826172
ranking_best_algo: Tabu
ranking_best_score: 208.36000000000004
ranking_my_rank: 86/504 (83.1%)
ranking_my_percent: 83.13492063492063
