ConfigName: kjsd__advperagentrankweighted__M3__L18__eps0p007__g0p0005__ds0p1__dm0p1
Problem: NK
Kernel: jsd
Advantage: peragentrankweighted
M: 3
lambda: 18
epsilon_svgd: 0.007
gamma: 0.0005
decay_start_ratio: 0.1
decay_min_factor: 0.1
bandwith_kernel: None
no_interact: False
avg_score: 0.7321619987487793
median_score: 0.7326529622077942
std_score: 0.010203628800809383
percentiles: 2%=0.713259756565094, 5%=0.7148791551589966, 10%=0.7191058397293091, 25%=0.7257432341575623, 50%=0.7326529622077942, 75%=0.7403690218925476, 90%=0.7446080446243286, 95%=0.7458111643791199, 98%=0.7484551072120667
ranking_best_algo: Tabu
ranking_best_score: 0.7429702712499999
ranking_my_rank: 2/504 (99.8%)
ranking_my_percent: 99.8015873015873
