ConfigName: krbf__advglobalrankweighted__M4__L9__eps0p01__g0p005__ds0p01__dm0p01
Problem: QUBO
Kernel: rbf
Advantage: globalrankweighted
M: 4
lambda: 9
epsilon_svgd: 0.01
gamma: 0.005
decay_start_ratio: 0.01
decay_min_factor: 0.01
bandwith_kernel: None
no_interact: False
avg_score: -1249.1800537109375
median_score: -1248.0
std_score: 76.06883239746094
percentiles: 2%=-1387.5, 5%=-1367.0, 10%=-1338.699951171875, 25%=-1305.25, 50%=-1248.0, 75%=-1190.25, 90%=-1151.9000244140625, 95%=-1122.9000244140625, 98%=-1113.8199462890625
ranking_best_algo: BigLognormalDiscreteOnePlusOne
ranking_best_score: 1301.3600000000004
ranking_my_rank: 56/504 (89.1%)
ranking_my_percent: 89.08730158730158
