ConfigName: kjsd__advperagentrankweighted__M3__L24__eps0p005__g0p001__ds0p2__dm0p1
Problem: NK
Kernel: jsd
Advantage: peragentrankweighted
M: 3
lambda: 24
epsilon_svgd: 0.005
gamma: 0.001
decay_start_ratio: 0.2
decay_min_factor: 0.1
bandwith_kernel: None
no_interact: False
avg_score: 0.7422406673431396
median_score: 0.7421343922615051
std_score: 0.011492669582366943
percentiles: 2%=0.7195744514465332, 5%=0.7214416265487671, 10%=0.7287869453430176, 25%=0.7350602149963379, 50%=0.7421343922615051, 75%=0.7492506504058838, 90%=0.7578320503234863, 95%=0.7609869241714478, 98%=0.7675045728683472
ranking_best_algo: PBIL
ranking_best_score: 0.733570253046875
ranking_my_rank: 1/504 (100.0%)
ranking_my_percent: 100.0
