ConfigName: kfr__advglobalrankweighted__M5__L8__eps0p01__g0p005__ds0p01__dm0p01
Problem: QUBO
Kernel: fr
Advantage: globalrankweighted
M: 5
lambda: 8
epsilon_svgd: 0.01
gamma: 0.005
decay_start_ratio: 0.01
decay_min_factor: 0.01
bandwith_kernel: None
no_interact: False
avg_score: -2252.760009765625
median_score: -2242.5
std_score: 141.0112762451172
percentiles: 2%=-2484.5, 5%=-2469.050048828125, 10%=-2448.300048828125, 25%=-2367.5, 50%=-2242.5, 75%=-2158.0, 90%=-2085.800048828125, 95%=-2049.300048828125, 98%=-1946.0
ranking_best_algo: SVM1MetaModelLogNormal
ranking_best_score: 2605.14
ranking_my_rank: 172/504 (66.1%)
ranking_my_percent: 66.07142857142857
