ConfigName: kjsd__advperagentrankweighted__M5__L12__eps0p005__g0p0005__ds0p05__dm0p05
Problem: NK
Kernel: jsd
Advantage: peragentrankweighted
M: 5
lambda: 12
epsilon_svgd: 0.005
gamma: 0.0005
decay_start_ratio: 0.05
decay_min_factor: 0.05
bandwith_kernel: None
no_interact: False
avg_score: 0.7087772488594055
median_score: 0.7092302441596985
std_score: 0.008249145932495594
percentiles: 2%=0.6938044428825378, 5%=0.697124719619751, 10%=0.6992445588111877, 25%=0.7023155093193054, 50%=0.7092302441596985, 75%=0.7149410247802734, 90%=0.7189904451370239, 95%=0.7229220271110535, 98%=0.7261871695518494
ranking_best_algo: PBIL
ranking_best_score: 0.7170882103515624
ranking_my_rank: 54/504 (89.5%)
ranking_my_percent: 89.48412698412699
