ConfigName: kjsd__advperagentrankweighted__M3__L18__eps0p007__g0p0007__ds0p2__dm0p2
Problem: QUBO
Kernel: jsd
Advantage: peragentrankweighted
M: 3
lambda: 18
epsilon_svgd: 0.007
gamma: 0.0007
decay_start_ratio: 0.2
decay_min_factor: 0.2
bandwith_kernel: None
no_interact: False
avg_score: -932.7999877929688
median_score: -930.5
std_score: 73.61616516113281
percentiles: 2%=-1064.0400390625, 5%=-1062.050048828125, 10%=-1026.800048828125, 25%=-987.25, 50%=-930.5, 75%=-887.0, 90%=-830.0, 95%=-805.0, 98%=-794.9600219726562
ranking_best_algo: CMApara
ranking_best_score: 964.9
ranking_my_rank: 19/504 (96.4%)
ranking_my_percent: 96.42857142857143
