ConfigName: krbf__advnormalizedfitness__M3__L12__eps0p025__g0p01__ds0p01__dm0p3
Problem: NK
Kernel: rbf
Advantage: normalizedfitness
M: 3
lambda: 12
epsilon_svgd: 0.025
gamma: 0.01
decay_start_ratio: 0.01
decay_min_factor: 0.3
bandwith_kernel: None
no_interact: False
avg_score: 0.7107665538787842
median_score: 0.7117944955825806
std_score: 0.01533030066639185
percentiles: 2%=0.67134690284729, 5%=0.6732591390609741, 10%=0.6959648728370667, 25%=0.7083334922790527, 50%=0.7117944955825806, 75%=0.7200354337692261, 90%=0.7254298329353333, 95%=0.732729971408844, 98%=0.7335202693939209
ranking_best_algo: CMApara
ranking_best_score: 0.707475975
ranking_my_rank: 1/504 (100.0%)
ranking_my_percent: 100.0
