ConfigName: krbf__advnormalizedfitness__M4__L15__eps0p025__g0p01__ds0p05__dm0p05
Problem: QUBO
Kernel: rbf
Advantage: normalizedfitness
M: 4
lambda: 15
epsilon_svgd: 0.025
gamma: 0.01
decay_start_ratio: 0.05
decay_min_factor: 0.05
bandwith_kernel: None
no_interact: False
avg_score: -2344.659912109375
median_score: -2321.5
std_score: 306.6450500488281
percentiles: 2%=-3074.159912109375, 5%=-2956.25, 10%=-2757.800048828125, 25%=-2528.75, 50%=-2321.5, 75%=-2125.5, 90%=-1974.5, 95%=-1922.8499755859375, 98%=-1873.280029296875
ranking_best_algo: RLSOnePlusOne
ranking_best_score: 3316.5199999999995
ranking_my_rank: 276/504 (45.4%)
ranking_my_percent: 45.43650793650794
