ConfigName: kjsd__advperagentrankweighted__M3__L16__eps0p007__g0p001__ds0p05__dm0p1
Problem: QUBO
Kernel: jsd
Advantage: peragentrankweighted
M: 3
lambda: 16
epsilon_svgd: 0.007
gamma: 0.001
decay_start_ratio: 0.05
decay_min_factor: 0.1
bandwith_kernel: None
no_interact: False
avg_score: -1301.9200439453125
median_score: -1300.0
std_score: 57.701072692871094
percentiles: 2%=-1427.0799560546875, 5%=-1392.3499755859375, 10%=-1370.4000244140625, 25%=-1334.75, 50%=-1300.0, 75%=-1270.5, 90%=-1235.800048828125, 95%=-1205.800048828125, 98%=-1180.800048828125
ranking_best_algo: BigLognormalDiscreteOnePlusOne
ranking_best_score: 1301.3600000000004
ranking_my_rank: 1/504 (100.0%)
ranking_my_percent: 100.0
