ConfigName: kjsd__advperagentrankweighted__M3__L16__eps0p01__g0p003__ds0p05__dm0p05
Problem: NK
Kernel: jsd
Advantage: peragentrankweighted
M: 3
lambda: 16
epsilon_svgd: 0.01
gamma: 0.003
decay_start_ratio: 0.05
decay_min_factor: 0.05
bandwith_kernel: None
no_interact: False
avg_score: 0.7074623703956604
median_score: 0.7099388837814331
std_score: 0.01179758831858635
percentiles: 2%=0.6889901161193848, 5%=0.6895819306373596, 10%=0.6915284395217896, 25%=0.6960076093673706, 50%=0.7099388837814331, 75%=0.7181071043014526, 90%=0.721206784248352, 95%=0.7226676344871521, 98%=0.7250626683235168
ranking_best_algo: PBIL
ranking_best_score: 0.7013553837109374
ranking_my_rank: 1/504 (100.0%)
ranking_my_percent: 100.0
