ConfigName: kjsd__advperagentrankweighted__M5__L12__eps0p03__g0p0007__ds0p2__dm0p05
Problem: QUBO
Kernel: jsd
Advantage: peragentrankweighted
M: 5
lambda: 12
epsilon_svgd: 0.03
gamma: 0.0007
decay_start_ratio: 0.2
decay_min_factor: 0.05
bandwith_kernel: None
no_interact: False
avg_score: -1243.1800537109375
median_score: -1241.0
std_score: 58.714454650878906
percentiles: 2%=-1371.219970703125, 5%=-1343.300048828125, 10%=-1325.199951171875, 25%=-1275.5, 50%=-1241.0, 75%=-1201.0, 90%=-1173.0, 95%=-1159.1500244140625, 98%=-1126.9599609375
ranking_best_algo: SVMMetaModelLogNormal
ranking_best_score: 1233.7999999999997
ranking_my_rank: 1/504 (100.0%)
ranking_my_percent: 100.0
