ConfigName: kjsd__advperagentrankweighted__M5__L12__eps0p02__g0p0003__ds0p05__dm0p05
Problem: NK
Kernel: jsd
Advantage: peragentrankweighted
M: 5
lambda: 12
epsilon_svgd: 0.02
gamma: 0.0003
decay_start_ratio: 0.05
decay_min_factor: 0.05
bandwith_kernel: None
no_interact: False
avg_score: 0.7079631090164185
median_score: 0.707335352897644
std_score: 0.00769084831699729
percentiles: 2%=0.6949998140335083, 5%=0.6956937909126282, 10%=0.6980089545249939, 25%=0.7029966115951538, 50%=0.707335352897644, 75%=0.712159276008606, 90%=0.720032811164856, 95%=0.7223474383354187, 98%=0.7236631512641907
ranking_best_algo: PBIL
ranking_best_score: 0.7170882103515624
ranking_my_rank: 56/504 (89.1%)
ranking_my_percent: 89.08730158730158
