ConfigName: kjsd__advperagentrankweighted__M5__L10__eps0p01__g0p0007__ds0p2__dm0p2
Problem: NK
Kernel: jsd
Advantage: peragentrankweighted
M: 5
lambda: 10
epsilon_svgd: 0.01
gamma: 0.0007
decay_start_ratio: 0.2
decay_min_factor: 0.2
bandwith_kernel: None
no_interact: False
avg_score: 0.7547743916511536
median_score: 0.7531978487968445
std_score: 0.014457964338362217
percentiles: 2%=0.7266970276832581, 5%=0.7300760746002197, 10%=0.7365561723709106, 25%=0.7451568245887756, 50%=0.7531978487968445, 75%=0.7661246657371521, 90%=0.7741034030914307, 95%=0.7774077653884888, 98%=0.7789093852043152
ranking_best_algo: Tabu
ranking_best_score: 0.7657846284375001
ranking_my_rank: 7/504 (98.8%)
ranking_my_percent: 98.80952380952381
