ConfigName: krbf__advnormalizedfitness__M3__L12__eps0p025__g0p015__ds0p15__dm0p3
Problem: QUBO
Kernel: rbf
Advantage: normalizedfitness
M: 3
lambda: 12
epsilon_svgd: 0.025
gamma: 0.015
decay_start_ratio: 0.15
decay_min_factor: 0.3
bandwith_kernel: None
no_interact: False
avg_score: -2017.3199462890625
median_score: -2022.0
std_score: 145.76727294921875
percentiles: 2%=-2295.43994140625, 5%=-2257.050048828125, 10%=-2216.699951171875, 25%=-2135.5, 50%=-2022.0, 75%=-1893.0, 90%=-1836.800048828125, 95%=-1799.800048828125, 98%=-1773.5599365234375
ranking_best_algo: DiscreteLengler2OnePlusOne
ranking_best_score: 2617.04
ranking_my_rank: 274/504 (45.8%)
ranking_my_percent: 45.833333333333336
