ConfigName: krbf__advnormalizedfitness__M4__L12__eps0p015__g0p015__ds0p3__dm0p01
Problem: QUBO
Kernel: rbf
Advantage: normalizedfitness
M: 4
lambda: 12
epsilon_svgd: 0.015
gamma: 0.015
decay_start_ratio: 0.3
decay_min_factor: 0.01
bandwith_kernel: None
no_interact: False
avg_score: -306.70001220703125
median_score: -308.0
std_score: 25.15770149230957
percentiles: 2%=-351.05999755859375, 5%=-342.04998779296875, 10%=-338.0, 25%=-327.25, 50%=-308.0, 75%=-289.5, 90%=-269.8999938964844, 95%=-265.8000183105469, 98%=-256.0
ranking_best_algo: CMApara
ranking_best_score: 344.22
ranking_my_rank: 305/504 (39.7%)
ranking_my_percent: 39.682539682539684
