ConfigName: kjsd__advperagentrankweighted__M5__L10__eps0p005__g0p0003__ds0p05__dm0p05
Problem: NK
Kernel: jsd
Advantage: peragentrankweighted
M: 5
lambda: 10
epsilon_svgd: 0.005
gamma: 0.0003
decay_start_ratio: 0.05
decay_min_factor: 0.05
bandwith_kernel: None
no_interact: False
avg_score: 0.7552950382232666
median_score: 0.7546499967575073
std_score: 0.011891691014170647
percentiles: 2%=0.7362342476844788, 5%=0.7372680902481079, 10%=0.740656316280365, 25%=0.7464843988418579, 50%=0.7546499967575073, 75%=0.7624766826629639, 90%=0.773144006729126, 95%=0.7766992449760437, 98%=0.7806222438812256
ranking_best_algo: Tabu
ranking_best_score: 0.7470791764843752
ranking_my_rank: 1/504 (100.0%)
ranking_my_percent: 100.0
