ConfigName: kjsd__advperagentrankweighted__M6__L8__eps0p02__g0p0005__ds0p05__dm0p05
Problem: NK
Kernel: jsd
Advantage: peragentrankweighted
M: 6
lambda: 8
epsilon_svgd: 0.02
gamma: 0.0005
decay_start_ratio: 0.05
decay_min_factor: 0.05
bandwith_kernel: None
no_interact: False
avg_score: 0.7107879519462585
median_score: 0.6956871151924133
std_score: 0.03176199272274971
percentiles: 2%=0.6734458804130554, 5%=0.674265444278717, 10%=0.6751323938369751, 25%=0.6825395822525024, 50%=0.6956871151924133, 75%=0.7464399337768555, 90%=0.7532666921615601, 95%=0.7613165378570557, 98%=0.7613165378570557
ranking_best_algo: CMApara
ranking_best_score: 0.7118996098437498
ranking_my_rank: 11/504 (98.0%)
ranking_my_percent: 98.01587301587301
