ConfigName: krbf__advnormalizedfitness__M2__L8__eps0p033__g0p007__ds0p15__dm0p01
Problem: QUBO
Kernel: rbf
Advantage: normalizedfitness
M: 2
lambda: 8
epsilon_svgd: 0.033
gamma: 0.007
decay_start_ratio: 0.15
decay_min_factor: 0.01
bandwith_kernel: None
no_interact: False
avg_score: -2578.780029296875
median_score: -2577.0
std_score: 119.5479507446289
percentiles: 2%=-2823.239990234375, 5%=-2795.39990234375, 10%=-2735.60009765625, 25%=-2648.5, 50%=-2577.0, 75%=-2496.25, 90%=-2426.10009765625, 95%=-2387.89990234375, 98%=-2347.639892578125
ranking_best_algo: DiscreteLengler2OnePlusOne
ranking_best_score: 2617.04
ranking_my_rank: 47/504 (90.9%)
ranking_my_percent: 90.87301587301587
