ConfigName: krbf__advnormalizedfitness__M2__L8__eps0p015__g0p01__ds0p15__dm0p3
Problem: NK
Kernel: rbf
Advantage: normalizedfitness
M: 2
lambda: 8
epsilon_svgd: 0.015
gamma: 0.01
decay_start_ratio: 0.15
decay_min_factor: 0.3
bandwith_kernel: None
no_interact: False
avg_score: 0.7513346672058105
median_score: 0.7515504360198975
std_score: 0.015284399501979351
percentiles: 2%=0.7251309752464294, 5%=0.728427529335022, 10%=0.7332421541213989, 25%=0.7379025816917419, 50%=0.7515504360198975, 75%=0.7637718319892883, 90%=0.7719779014587402, 95%=0.7748940587043762, 98%=0.7774484753608704
ranking_best_algo: Tabu
ranking_best_score: 0.7657846284375001
ranking_my_rank: 17/504 (96.8%)
ranking_my_percent: 96.82539682539682
