ConfigName: kjsd__advperagentrankweighted__M5__L10__eps0p01__g0p0005__ds0p4__dm0p05
Problem: QUBO
Kernel: jsd
Advantage: peragentrankweighted
M: 5
lambda: 10
epsilon_svgd: 0.01
gamma: 0.0005
decay_start_ratio: 0.4
decay_min_factor: 0.05
bandwith_kernel: None
no_interact: False
avg_score: -941.4199829101562
median_score: -937.5
std_score: 68.79363250732422
percentiles: 2%=-1068.1600341796875, 5%=-1063.0, 10%=-1040.800048828125, 25%=-989.25, 50%=-937.5, 75%=-901.0, 90%=-860.7999877929688, 95%=-842.75, 98%=-786.8800048828125
ranking_best_algo: CMApara
ranking_best_score: 964.9
ranking_my_rank: 5/504 (99.2%)
ranking_my_percent: 99.2063492063492
