ConfigName: kjsd__advperagentrankweighted__M5__L8__eps0p005__g0p0007__ds0p2__dm0p2
Problem: NK
Kernel: jsd
Advantage: peragentrankweighted
M: 5
lambda: 8
epsilon_svgd: 0.005
gamma: 0.0007
decay_start_ratio: 0.2
decay_min_factor: 0.2
bandwith_kernel: None
no_interact: False
avg_score: 0.6974787712097168
median_score: 0.6965665817260742
std_score: 0.008068440482020378
percentiles: 2%=0.6834808588027954, 5%=0.6852694749832153, 10%=0.6880754828453064, 25%=0.6919893026351929, 50%=0.6965665817260742, 75%=0.7018287777900696, 90%=0.7068752646446228, 95%=0.7076092958450317, 98%=0.7117963433265686
ranking_best_algo: PBIL
ranking_best_score: 0.7170882103515624
ranking_my_rank: 81/504 (84.1%)
ranking_my_percent: 84.12698412698413
