ConfigName: kjsd__advperagentrankweighted__M3__L20__eps0p005__g0p003__ds0p1__dm0p05
Problem: QUBO
Kernel: jsd
Advantage: peragentrankweighted
M: 3
lambda: 20
epsilon_svgd: 0.005
gamma: 0.003
decay_start_ratio: 0.1
decay_min_factor: 0.05
bandwith_kernel: None
no_interact: False
avg_score: -2810.860107421875
median_score: -2809.5
std_score: 250.55526733398438
percentiles: 2%=-3314.739990234375, 5%=-3237.14990234375, 10%=-3129.300048828125, 25%=-2981.25, 50%=-2809.5, 75%=-2618.75, 90%=-2481.199951171875, 95%=-2387.699951171875, 98%=-2367.5
ranking_best_algo: RLSOnePlusOne
ranking_best_score: 3316.5199999999995
ranking_my_rank: 160/504 (68.5%)
ranking_my_percent: 68.45238095238095
