ConfigName: krbf__advnormalizedfitness__M1__L8__eps0p025__g0p01__ds0p15__dm0p01
Problem: QUBO
Kernel: rbf
Advantage: normalizedfitness
M: 1
lambda: 8
epsilon_svgd: 0.025
gamma: 0.01
decay_start_ratio: 0.15
decay_min_factor: 0.01
bandwith_kernel: None
no_interact: False
avg_score: -2546.5
median_score: -2533.5
std_score: 137.57583618164062
percentiles: 2%=-2777.340087890625, 5%=-2765.35009765625, 10%=-2731.10009765625, 25%=-2649.25, 50%=-2533.5, 75%=-2453.5, 90%=-2356.0, 95%=-2328.60009765625, 98%=-2273.52001953125
ranking_best_algo: SVM1MetaModelLogNormal
ranking_best_score: 2605.14
ranking_my_rank: 42/504 (91.9%)
ranking_my_percent: 91.86507936507937
