ConfigName: krbf__advnormalizedfitness__M4__L15__eps0p015__g0p007__ds0p15__dm0p01
Problem: QUBO
Kernel: rbf
Advantage: normalizedfitness
M: 4
lambda: 15
epsilon_svgd: 0.015
gamma: 0.007
decay_start_ratio: 0.15
decay_min_factor: 0.01
bandwith_kernel: None
no_interact: False
avg_score: -410.4200134277344
median_score: -412.0
std_score: 27.482059478759766
percentiles: 2%=-471.0400085449219, 5%=-463.29998779296875, 10%=-450.20001220703125, 25%=-426.0, 50%=-412.0, 75%=-390.0, 90%=-377.79998779296875, 95%=-369.9000244140625, 98%=-365.8399658203125
ranking_best_algo: Tabu
ranking_best_score: 438.12
ranking_my_rank: 89/504 (82.5%)
ranking_my_percent: 82.53968253968254
