ConfigName: kfr__advglobalrankweighted__M4__L11__eps0p015__g0p003__ds0p01__dm0p01
Problem: QUBO
Kernel: fr
Advantage: globalrankweighted
M: 4
lambda: 11
epsilon_svgd: 0.015
gamma: 0.003
decay_start_ratio: 0.01
decay_min_factor: 0.01
bandwith_kernel: None
no_interact: False
avg_score: -3202.840087890625
median_score: -3196.5
std_score: 130.09033203125
percentiles: 2%=-3449.3798828125, 5%=-3403.35009765625, 10%=-3370.199951171875, 25%=-3289.25, 50%=-3196.5, 75%=-3110.75, 90%=-3048.10009765625, 95%=-2987.75, 98%=-2962.97998046875
ranking_best_algo: RLSOnePlusOne
ranking_best_score: 3316.5199999999995
ranking_my_rank: 53/504 (89.7%)
ranking_my_percent: 89.68253968253968
