ConfigName: kjsd__advperagentrankweighted__M4__L24__eps0p02__g0p0005__ds0p05__dm0p05
Problem: NK
Kernel: jsd
Advantage: peragentrankweighted
M: 4
lambda: 24
epsilon_svgd: 0.02
gamma: 0.0005
decay_start_ratio: 0.05
decay_min_factor: 0.05
bandwith_kernel: None
no_interact: False
avg_score: 0.7326542139053345
median_score: 0.7329004406929016
std_score: 0.008515289053320885
percentiles: 2%=0.7150070071220398, 5%=0.7166377902030945, 10%=0.7213187217712402, 25%=0.7274795174598694, 50%=0.7329004406929016, 75%=0.7394324541091919, 90%=0.7433439493179321, 95%=0.7452050447463989, 98%=0.7473598718643188
ranking_best_algo: PBIL
ranking_best_score: 0.7248786399609374
ranking_my_rank: 1/504 (100.0%)
ranking_my_percent: 100.0
