ConfigName: krbf__advnormalizedfitness__M4__L8__eps0p015__g0p015__ds0p01__dm0p3
Problem: QUBO
Kernel: rbf
Advantage: normalizedfitness
M: 4
lambda: 8
epsilon_svgd: 0.015
gamma: 0.015
decay_start_ratio: 0.01
decay_min_factor: 0.3
bandwith_kernel: None
no_interact: False
avg_score: -318.44000244140625
median_score: -314.0
std_score: 40.1493034362793
percentiles: 2%=-416.5, 5%=-391.3500061035156, 10%=-360.8999938964844, 25%=-336.25, 50%=-314.0, 75%=-292.0, 90%=-268.8999938964844, 95%=-254.0, 98%=-249.0
ranking_best_algo: Tabu
ranking_best_score: 588.7199999999999
ranking_my_rank: 374/503 (25.8%)
ranking_my_percent: 25.84493041749503
