ConfigName: kjsd__advperagentrankweighted__M3__L24__eps0p005__g0p0005__ds0p2__dm0p05
Problem: QUBO
Kernel: jsd
Advantage: peragentrankweighted
M: 3
lambda: 24
epsilon_svgd: 0.005
gamma: 0.0005
decay_start_ratio: 0.2
decay_min_factor: 0.05
bandwith_kernel: None
no_interact: False
avg_score: -934.5
median_score: -929.0
std_score: 73.40007019042969
percentiles: 2%=-1074.0, 5%=-1057.3499755859375, 10%=-1043.0, 25%=-985.5, 50%=-929.0, 75%=-875.75, 90%=-844.2000122070312, 95%=-826.2000122070312, 98%=-804.7999877929688
ranking_best_algo: CMApara
ranking_best_score: 964.9
ranking_my_rank: 16/504 (97.0%)
ranking_my_percent: 97.02380952380952
