ConfigName: kjsd__advperagentrankweighted__M8__L12__eps0p008__g0p0005__ds0p3__dm0p05
Problem: QUBO
Kernel: jsd
Advantage: peragentrankweighted
M: 8
lambda: 12
epsilon_svgd: 0.008
gamma: 0.0005
decay_start_ratio: 0.3
decay_min_factor: 0.05
bandwith_kernel: None
no_interact: False
avg_score: -1183.97998046875
median_score: -1184.5
std_score: 72.57588958740234
percentiles: 2%=-1319.5, 5%=-1307.1500244140625, 10%=-1286.0, 25%=-1231.25, 50%=-1184.5, 75%=-1129.0, 90%=-1091.9000244140625, 95%=-1072.449951171875, 98%=-1052.8399658203125
ranking_best_algo: SVMMetaModelLogNormal
ranking_best_score: 1233.7999999999997
ranking_my_rank: 62/504 (87.9%)
ranking_my_percent: 87.89682539682539
