ConfigName: kjsd__advperagentrankweighted__M3__L16__eps0p01__g0p001__ds0p1__dm0p05
Problem: NK
Kernel: jsd
Advantage: peragentrankweighted
M: 3
lambda: 16
epsilon_svgd: 0.01
gamma: 0.001
decay_start_ratio: 0.1
decay_min_factor: 0.05
bandwith_kernel: None
no_interact: False
avg_score: 0.733035683631897
median_score: 0.7333061695098877
std_score: 0.010400619357824326
percentiles: 2%=0.7119829058647156, 5%=0.7144084572792053, 10%=0.7182386517524719, 25%=0.7262283563613892, 50%=0.7333061695098877, 75%=0.7388050556182861, 90%=0.7460180521011353, 95%=0.75101238489151, 98%=0.7536658644676208
ranking_best_algo: Tabu
ranking_best_score: 0.7429702712499999
ranking_my_rank: 2/504 (99.8%)
ranking_my_percent: 99.8015873015873
