ConfigName: krbf__advnormalizedfitness__M1__L8__eps0p025__g0p01__ds0p3__dm0p3
Problem: NK
Kernel: rbf
Advantage: normalizedfitness
M: 1
lambda: 8
epsilon_svgd: 0.025
gamma: 0.01
decay_start_ratio: 0.3
decay_min_factor: 0.3
bandwith_kernel: None
no_interact: False
avg_score: 0.7354975938796997
median_score: 0.733705997467041
std_score: 0.030460527166724205
percentiles: 2%=0.6838638782501221, 5%=0.6934006810188293, 10%=0.6984634399414062, 25%=0.7150499820709229, 50%=0.733705997467041, 75%=0.749688446521759, 90%=0.7760816812515259, 95%=0.8044298887252808, 98%=0.8109671473503113
ranking_best_algo: CMApara
ranking_best_score: 0.7459277895312499
ranking_my_rank: 91/504 (82.1%)
ranking_my_percent: 82.14285714285714
