ConfigName: kjsd__advperagentrankweighted__M3__L30__eps0p007__g0p0005__ds0p05__dm0p05
Problem: NK
Kernel: jsd
Advantage: peragentrankweighted
M: 3
lambda: 30
epsilon_svgd: 0.007
gamma: 0.0005
decay_start_ratio: 0.05
decay_min_factor: 0.05
bandwith_kernel: None
no_interact: False
avg_score: 0.7103142738342285
median_score: 0.7113218307495117
std_score: 0.015467526391148567
percentiles: 2%=0.670831561088562, 5%=0.6717934012413025, 10%=0.697300910949707, 25%=0.7076425552368164, 50%=0.7113218307495117, 75%=0.7193025350570679, 90%=0.7253311276435852, 95%=0.7323119044303894, 98%=0.7339238524436951
ranking_best_algo: CMApara
ranking_best_score: 0.707475975
ranking_my_rank: 1/504 (100.0%)
ranking_my_percent: 100.0
