ConfigName: kjsd__advperagentrankweighted__M3__L16__eps0p007__g0p003__ds0p05__dm0p2
Problem: QUBO
Kernel: jsd
Advantage: peragentrankweighted
M: 3
lambda: 16
epsilon_svgd: 0.007
gamma: 0.003
decay_start_ratio: 0.05
decay_min_factor: 0.2
bandwith_kernel: None
no_interact: False
avg_score: -148.05999755859375
median_score: -149.0
std_score: 12.823275566101074
percentiles: 2%=-179.0, 5%=-179.0, 10%=-160.0, 25%=-155.0, 50%=-149.0, 75%=-141.0, 90%=-131.0, 95%=-126.94999694824219, 98%=-124.83999633789062
ranking_best_algo: CMApara
ranking_best_score: 154.28
ranking_my_rank: 86/504 (83.1%)
ranking_my_percent: 83.13492063492063
