ConfigName: kjsd__advperagentrankweighted__M4__L20__eps0p005__g0p0005__ds0p1__dm0p1
Problem: NK
Kernel: jsd
Advantage: peragentrankweighted
M: 4
lambda: 20
epsilon_svgd: 0.005
gamma: 0.0005
decay_start_ratio: 0.1
decay_min_factor: 0.1
bandwith_kernel: None
no_interact: False
avg_score: 0.7365275621414185
median_score: 0.7378501892089844
std_score: 0.008963082917034626
percentiles: 2%=0.7158460021018982, 5%=0.719684898853302, 10%=0.7212507724761963, 25%=0.731795072555542, 50%=0.7378501892089844, 75%=0.7430547475814819, 90%=0.7472112774848938, 95%=0.7486476302146912, 98%=0.7496219873428345
ranking_best_algo: PBIL
ranking_best_score: 0.7248786399609374
ranking_my_rank: 1/504 (100.0%)
ranking_my_percent: 100.0
