ConfigName: kjsd__advperagentrankweighted__M3__L16__eps0p007__g0p001__ds0p2__dm0p2
Problem: QUBO
Kernel: jsd
Advantage: peragentrankweighted
M: 3
lambda: 16
epsilon_svgd: 0.007
gamma: 0.001
decay_start_ratio: 0.2
decay_min_factor: 0.2
bandwith_kernel: None
no_interact: False
avg_score: -1620.47998046875
median_score: -1617.0
std_score: 68.98397064208984
percentiles: 2%=-1761.1400146484375, 5%=-1752.25, 10%=-1713.0999755859375, 25%=-1656.5, 50%=-1617.0, 75%=-1573.75, 90%=-1546.699951171875, 95%=-1508.699951171875, 98%=-1488.56005859375
ranking_best_algo: NLOPT_LN_PRAXIS
ranking_best_score: 1607.12
ranking_my_rank: 1/504 (100.0%)
ranking_my_percent: 100.0
