ConfigName: kjsd__advperagentrankweighted__M3__L16__eps0p005__g0p0005__ds0p1__dm0p2
Problem: NK
Kernel: jsd
Advantage: peragentrankweighted
M: 3
lambda: 16
epsilon_svgd: 0.005
gamma: 0.0005
decay_start_ratio: 0.1
decay_min_factor: 0.2
bandwith_kernel: None
no_interact: False
avg_score: 0.7359687089920044
median_score: 0.7371319532394409
std_score: 0.008819055743515491
percentiles: 2%=0.7177858352661133, 5%=0.7187735438346863, 10%=0.7226564884185791, 25%=0.7317765951156616, 50%=0.7371319532394409, 75%=0.7416270971298218, 90%=0.7465276718139648, 95%=0.7486717104911804, 98%=0.749448299407959
ranking_best_algo: PBIL
ranking_best_score: 0.730509098125
ranking_my_rank: 1/504 (100.0%)
ranking_my_percent: 100.0
