ConfigName: krbf__advnormalizedfitness__M3__L8__eps0p033__g0p01__ds0p01__dm0p3
Problem: NK
Kernel: rbf
Advantage: normalizedfitness
M: 3
lambda: 8
epsilon_svgd: 0.033
gamma: 0.01
decay_start_ratio: 0.01
decay_min_factor: 0.3
bandwith_kernel: None
no_interact: False
avg_score: 0.7370520830154419
median_score: 0.738563060760498
std_score: 0.009161705151200294
percentiles: 2%=0.7186930775642395, 5%=0.7211472988128662, 10%=0.7229477167129517, 25%=0.731367290019989, 50%=0.738563060760498, 75%=0.7437563538551331, 90%=0.7478302121162415, 95%=0.7496936321258545, 98%=0.7517969012260437
ranking_best_algo: PBIL
ranking_best_score: 0.730509098125
ranking_my_rank: 1/504 (100.0%)
ranking_my_percent: 100.0
