ConfigName: krbf__advnormalizedfitness__M4__L8__eps0p015__g0p005__ds0p01__dm0p01
Problem: QUBO
Kernel: rbf
Advantage: normalizedfitness
M: 4
lambda: 8
epsilon_svgd: 0.015
gamma: 0.005
decay_start_ratio: 0.01
decay_min_factor: 0.01
bandwith_kernel: None
no_interact: False
avg_score: -438.739990234375
median_score: -437.0
std_score: 25.81806182861328
percentiles: 2%=-485.17999267578125, 5%=-481.0, 10%=-471.1000061035156, 25%=-461.0, 50%=-437.0, 75%=-419.25, 90%=-404.8999938964844, 95%=-397.95001220703125, 98%=-390.97998046875
ranking_best_algo: CMApara
ranking_best_score: 453.82
ranking_my_rank: 19/504 (96.4%)
ranking_my_percent: 96.42857142857143
