ConfigName: kjsd__advperagentrankweighted__M5__L8__eps0p01__g0p003__ds0p05__dm0p05
Problem: QUBO
Kernel: jsd
Advantage: peragentrankweighted
M: 5
lambda: 8
epsilon_svgd: 0.01
gamma: 0.003
decay_start_ratio: 0.05
decay_min_factor: 0.05
bandwith_kernel: None
no_interact: False
avg_score: -415.79998779296875
median_score: -418.0
std_score: 25.584369659423828
percentiles: 2%=-461.0799865722656, 5%=-457.0, 10%=-453.1000061035156, 25%=-432.0, 50%=-418.0, 75%=-398.0, 90%=-383.79998779296875, 95%=-375.8999938964844, 98%=-369.8800048828125
ranking_best_algo: Tabu
ranking_best_score: 438.12
ranking_my_rank: 47/504 (90.9%)
ranking_my_percent: 90.87301587301587
