ConfigName: krbf__advnormalizedfitness__M4__L10__eps0p015__g0p01__ds0p3__dm0p01
Problem: QUBO
Kernel: rbf
Advantage: normalizedfitness
M: 4
lambda: 10
epsilon_svgd: 0.015
gamma: 0.01
decay_start_ratio: 0.3
decay_min_factor: 0.01
bandwith_kernel: None
no_interact: False
avg_score: -327.8999938964844
median_score: -329.5
std_score: 19.53228187561035
percentiles: 2%=-362.0, 5%=-357.0, 10%=-350.0, 25%=-341.25, 50%=-329.5, 75%=-316.0, 90%=-306.0, 95%=-291.8500061035156, 98%=-281.9599914550781
ranking_best_algo: CMApara
ranking_best_score: 344.22
ranking_my_rank: 85/504 (83.3%)
ranking_my_percent: 83.33333333333333
