ConfigName: krbf__advnormalizedfitness__M3__L10__eps0p033__g0p007__ds0p01__dm0p3
Problem: QUBO
Kernel: rbf
Advantage: normalizedfitness
M: 3
lambda: 10
epsilon_svgd: 0.033
gamma: 0.007
decay_start_ratio: 0.01
decay_min_factor: 0.3
bandwith_kernel: None
no_interact: False
avg_score: -1282.699951171875
median_score: -1287.0
std_score: 55.722618103027344
percentiles: 2%=-1383.56005859375, 5%=-1361.5, 10%=-1349.5, 25%=-1320.25, 50%=-1287.0, 75%=-1241.0, 90%=-1203.699951171875, 95%=-1178.8499755859375, 98%=-1166.8800048828125
ranking_best_algo: BigLognormalDiscreteOnePlusOne
ranking_best_score: 1301.3600000000004
ranking_my_rank: 5/504 (99.2%)
ranking_my_percent: 99.2063492063492
