ConfigName: krbf__advnormalizedfitness__M3__L8__eps0p015__g0p005__ds0p15__dm0p01
Problem: NK
Kernel: rbf
Advantage: normalizedfitness
M: 3
lambda: 8
epsilon_svgd: 0.015
gamma: 0.005
decay_start_ratio: 0.15
decay_min_factor: 0.01
bandwith_kernel: None
no_interact: False
avg_score: 0.7383528351783752
median_score: 0.7403550744056702
std_score: 0.00905306451022625
percentiles: 2%=0.72037672996521, 5%=0.7229480743408203, 10%=0.7257580161094666, 25%=0.7299440503120422, 50%=0.7403550744056702, 75%=0.7435562610626221, 90%=0.7507992386817932, 95%=0.7517585754394531, 98%=0.7528917789459229
ranking_best_algo: PBIL
ranking_best_score: 0.730509098125
ranking_my_rank: 1/504 (100.0%)
ranking_my_percent: 100.0
