ConfigName: krbf__advnormalizedfitness__M4__L12__eps0p033__g0p01__ds0p15__dm0p3
Problem: QUBO
Kernel: rbf
Advantage: normalizedfitness
M: 4
lambda: 12
epsilon_svgd: 0.033
gamma: 0.01
decay_start_ratio: 0.15
decay_min_factor: 0.3
bandwith_kernel: None
no_interact: False
avg_score: -404.3599853515625
median_score: -403.0
std_score: 31.12346839904785
percentiles: 2%=-469.1600036621094, 5%=-460.04998779296875, 10%=-446.1000061035156, 25%=-425.25, 50%=-403.0, 75%=-381.0, 90%=-368.4000244140625, 95%=-355.9000244140625, 98%=-349.89996337890625
ranking_best_algo: CMAL3
ranking_best_score: 435.36
ranking_my_rank: 220/504 (56.5%)
ranking_my_percent: 56.54761904761905
