ConfigName: kjsd__advperagentrankweighted__M3__L16__eps0p005__g0p0007__ds0p2__dm0p05
Problem: QUBO
Kernel: jsd
Advantage: peragentrankweighted
M: 3
lambda: 16
epsilon_svgd: 0.005
gamma: 0.0007
decay_start_ratio: 0.2
decay_min_factor: 0.05
bandwith_kernel: None
no_interact: False
avg_score: -912.719970703125
median_score: -912.5
std_score: 63.82304763793945
percentiles: 2%=-1036.199951171875, 5%=-1009.3499755859375, 10%=-1000.0999755859375, 25%=-952.0, 50%=-912.5, 75%=-865.75, 90%=-827.9000244140625, 95%=-812.7000122070312, 98%=-798.7000122070312
ranking_best_algo: CMAL3
ranking_best_score: 928.5800000000002
ranking_my_rank: 19/504 (96.4%)
ranking_my_percent: 96.42857142857143
