ConfigName: kjsd__advperagentrankweighted__M3__L24__eps0p005__g0p0005__ds0p1__dm0p1
Problem: QUBO
Kernel: jsd
Advantage: peragentrankweighted
M: 3
lambda: 24
epsilon_svgd: 0.005
gamma: 0.0005
decay_start_ratio: 0.1
decay_min_factor: 0.1
bandwith_kernel: None
no_interact: False
avg_score: -308.3399963378906
median_score: -299.0
std_score: 38.47134780883789
percentiles: 2%=-396.0400085449219, 5%=-390.1000061035156, 10%=-352.3999938964844, 25%=-332.5, 50%=-299.0, 75%=-276.75, 90%=-264.8999938964844, 95%=-257.8999938964844, 98%=-251.8800048828125
ranking_best_algo: CMApara
ranking_best_score: 319.29999999999995
ranking_my_rank: 89/504 (82.5%)
ranking_my_percent: 82.53968253968254
