ConfigName: kjsd__advperagentrankweighted__M3__L16__eps0p01__g0p0005__ds0p1__dm0p2
Problem: QUBO
Kernel: jsd
Advantage: peragentrankweighted
M: 3
lambda: 16
epsilon_svgd: 0.01
gamma: 0.0005
decay_start_ratio: 0.1
decay_min_factor: 0.2
bandwith_kernel: None
no_interact: False
avg_score: -1297.199951171875
median_score: -1291.5
std_score: 57.51017379760742
percentiles: 2%=-1407.3399658203125, 5%=-1390.25, 10%=-1368.9000244140625, 25%=-1338.25, 50%=-1291.5, 75%=-1260.0, 90%=-1229.5, 95%=-1208.5999755859375, 98%=-1174.9000244140625
ranking_best_algo: BigLognormalDiscreteOnePlusOne
ranking_best_score: 1301.3600000000004
ranking_my_rank: 2/504 (99.8%)
ranking_my_percent: 99.8015873015873
