ConfigName: kjsd__advperagentrankweighted__M4__L12__eps0p005__g0p0003__ds0p2__dm0p05
Problem: QUBO
Kernel: jsd
Advantage: peragentrankweighted
M: 4
lambda: 12
epsilon_svgd: 0.005
gamma: 0.0003
decay_start_ratio: 0.2
decay_min_factor: 0.05
bandwith_kernel: None
no_interact: False
avg_score: -1625.5400390625
median_score: -1623.5
std_score: 55.53997039794922
percentiles: 2%=-1745.06005859375, 5%=-1727.050048828125, 10%=-1701.199951171875, 25%=-1658.0, 50%=-1623.5, 75%=-1581.0, 90%=-1556.5, 95%=-1538.9000244140625, 98%=-1526.739990234375
ranking_best_algo: NLOPT_LN_PRAXIS
ranking_best_score: 1607.12
ranking_my_rank: 1/504 (100.0%)
ranking_my_percent: 100.0
