ConfigName: kjsd__advperagentrankweighted__M5__L8__eps0p005__g0p0005__ds0p05__dm0p05
Problem: QUBO
Kernel: jsd
Advantage: peragentrankweighted
M: 5
lambda: 8
epsilon_svgd: 0.005
gamma: 0.0005
decay_start_ratio: 0.05
decay_min_factor: 0.05
bandwith_kernel: None
no_interact: False
avg_score: -139.6199951171875
median_score: -139.0
std_score: 11.605843544006348
percentiles: 2%=-160.0, 5%=-159.0, 10%=-157.0, 25%=-146.0, 50%=-139.0, 75%=-131.75, 90%=-125.0, 95%=-123.0, 98%=-120.91999816894531
ranking_best_algo: DiscreteDE
ranking_best_score: 143.4
ranking_my_rank: 83/504 (83.7%)
ranking_my_percent: 83.73015873015873
