ConfigName: kjsd__advperagentrankweighted__M4__L12__eps0p005__g0p0005__ds0p2__dm0p2
Problem: NK
Kernel: jsd
Advantage: peragentrankweighted
M: 4
lambda: 12
epsilon_svgd: 0.005
gamma: 0.0005
decay_start_ratio: 0.2
decay_min_factor: 0.2
bandwith_kernel: None
no_interact: False
avg_score: 0.7141467928886414
median_score: 0.7130899429321289
std_score: 0.007914144545793533
percentiles: 2%=0.701141893863678, 5%=0.7018776535987854, 10%=0.7045757174491882, 25%=0.7086918354034424, 50%=0.7130899429321289, 75%=0.71953284740448, 90%=0.7244064211845398, 95%=0.7292218804359436, 98%=0.7314000725746155
ranking_best_algo: PBIL
ranking_best_score: 0.7170882103515624
ranking_my_rank: 42/504 (91.9%)
ranking_my_percent: 91.86507936507937
