ConfigName: krbf__advnormalizedfitness__M3__L12__eps0p015__g0p007__ds0p15__dm0p01
Problem: QUBO
Kernel: rbf
Advantage: normalizedfitness
M: 3
lambda: 12
epsilon_svgd: 0.015
gamma: 0.007
decay_start_ratio: 0.15
decay_min_factor: 0.01
bandwith_kernel: None
no_interact: False
avg_score: -1233.52001953125
median_score: -1241.5
std_score: 76.07673645019531
percentiles: 2%=-1386.280029296875, 5%=-1363.199951171875, 10%=-1331.9000244140625, 25%=-1284.25, 50%=-1241.5, 75%=-1167.5, 90%=-1131.0, 95%=-1117.0, 98%=-1094.8199462890625
ranking_best_algo: BigLognormalDiscreteOnePlusOne
ranking_best_score: 1301.3600000000004
ranking_my_rank: 63/504 (87.7%)
ranking_my_percent: 87.6984126984127
