ConfigName: krbf__advnormalizedfitness__M3__L12__eps0p025__g0p007__ds0p3__dm0p01
Problem: NK
Kernel: rbf
Advantage: normalizedfitness
M: 3
lambda: 12
epsilon_svgd: 0.025
gamma: 0.007
decay_start_ratio: 0.3
decay_min_factor: 0.01
bandwith_kernel: None
no_interact: False
avg_score: 0.7580631971359253
median_score: 0.757301926612854
std_score: 0.013308956287801266
percentiles: 2%=0.7330243587493896, 5%=0.7378557324409485, 10%=0.7417892813682556, 25%=0.7482621669769287, 50%=0.757301926612854, 75%=0.768088698387146, 90%=0.7747393250465393, 95%=0.7803127765655518, 98%=0.7833359837532043
ranking_best_algo: Tabu
ranking_best_score: 0.7470791764843752
ranking_my_rank: 1/504 (100.0%)
ranking_my_percent: 100.0
