ConfigName: kjsd__advperagentrankweighted__M4__L24__eps0p01__g0p0007__ds0p4__dm0p05
Problem: NK
Kernel: jsd
Advantage: peragentrankweighted
M: 4
lambda: 24
epsilon_svgd: 0.01
gamma: 0.0007
decay_start_ratio: 0.4
decay_min_factor: 0.05
bandwith_kernel: None
no_interact: False
avg_score: 0.7580029368400574
median_score: 0.7566490173339844
std_score: 0.011559033766388893
percentiles: 2%=0.736582338809967, 5%=0.7409847974777222, 10%=0.7433450222015381, 25%=0.7502560615539551, 50%=0.7566490173339844, 75%=0.7657761573791504, 90%=0.7741173505783081, 95%=0.7789090275764465, 98%=0.7803112864494324
ranking_best_algo: Tabu
ranking_best_score: 0.7470791764843752
ranking_my_rank: 1/504 (100.0%)
ranking_my_percent: 100.0
