ConfigName: kfr__advglobalrankweighted__M4__L11__eps0p01__g0p003__ds0p01__dm0p01
Problem: QUBO
Kernel: fr
Advantage: globalrankweighted
M: 4
lambda: 11
epsilon_svgd: 0.01
gamma: 0.003
decay_start_ratio: 0.01
decay_min_factor: 0.01
bandwith_kernel: None
no_interact: False
avg_score: -1268.0400390625
median_score: -1266.0
std_score: 64.70006561279297
percentiles: 2%=-1390.260009765625, 5%=-1378.3499755859375, 10%=-1363.5, 25%=-1309.75, 50%=-1266.0, 75%=-1229.25, 90%=-1176.4000244140625, 95%=-1164.699951171875, 98%=-1147.739990234375
ranking_best_algo: BigLognormalDiscreteOnePlusOne
ranking_best_score: 1301.3600000000004
ranking_my_rank: 49/504 (90.5%)
ranking_my_percent: 90.47619047619048
