ConfigName: krbf__advnormalizedfitness__M2__L8__eps0p015__g0p005__ds0p3__dm0p3
Problem: NK
Kernel: rbf
Advantage: normalizedfitness
M: 2
lambda: 8
epsilon_svgd: 0.015
gamma: 0.005
decay_start_ratio: 0.3
decay_min_factor: 0.3
bandwith_kernel: None
no_interact: False
avg_score: 0.7091132402420044
median_score: 0.7107062935829163
std_score: 0.015538886189460754
percentiles: 2%=0.6689454317092896, 5%=0.671431839466095, 10%=0.695706844329834, 25%=0.7062464952468872, 50%=0.7107062935829163, 75%=0.7173616886138916, 90%=0.7254586219787598, 95%=0.7319992184638977, 98%=0.7331873178482056
ranking_best_algo: CMApara
ranking_best_score: 0.707475975
ranking_my_rank: 1/504 (100.0%)
ranking_my_percent: 100.0
