ConfigName: krbf__advnormalizedfitness__M4__L12__eps0p025__g0p01__ds0p01__dm0p3
Problem: NK
Kernel: rbf
Advantage: normalizedfitness
M: 4
lambda: 12
epsilon_svgd: 0.025
gamma: 0.01
decay_start_ratio: 0.01
decay_min_factor: 0.3
bandwith_kernel: None
no_interact: False
avg_score: 0.7441819906234741
median_score: 0.7430453300476074
std_score: 0.028767306357622147
percentiles: 2%=0.7023494839668274, 5%=0.7053417563438416, 10%=0.7084381580352783, 25%=0.7210441827774048, 50%=0.7430453300476074, 75%=0.7580187320709229, 90%=0.778337299823761, 95%=0.8044298887252808, 98%=0.8075258135795593
ranking_best_algo: CMApara
ranking_best_score: 0.7459277895312499
ranking_my_rank: 6/504 (99.0%)
ranking_my_percent: 99.0079365079365
