ConfigName: krbf__advnormalizedfitness__M4__L12__eps0p025__g0p005__ds0p01__dm0p3
Problem: QUBO
Kernel: rbf
Advantage: normalizedfitness
M: 4
lambda: 12
epsilon_svgd: 0.025
gamma: 0.005
decay_start_ratio: 0.01
decay_min_factor: 0.3
bandwith_kernel: None
no_interact: False
avg_score: -933.0599975585938
median_score: -926.0
std_score: 68.61206817626953
percentiles: 2%=-1076.0, 5%=-1044.25, 10%=-1021.0999755859375, 25%=-989.25, 50%=-926.0, 75%=-889.25, 90%=-848.7999877929688, 95%=-820.9000244140625, 98%=-806.8800048828125
ranking_best_algo: CMApara
ranking_best_score: 964.9
ranking_my_rank: 19/504 (96.4%)
ranking_my_percent: 96.42857142857143
