ConfigName: krbf__advnormalizedfitness__M1__L8__eps0p015__g0p005__ds0p3__dm0p3
Problem: QUBO
Kernel: rbf
Advantage: normalizedfitness
M: 1
lambda: 8
epsilon_svgd: 0.015
gamma: 0.005
decay_start_ratio: 0.3
decay_min_factor: 0.3
bandwith_kernel: None
no_interact: False
avg_score: -545.260009765625
median_score: -555.0
std_score: 61.60497283935547
percentiles: 2%=-623.260009765625, 5%=-613.0, 10%=-591.2000122070312, 25%=-572.0, 50%=-555.0, 75%=-527.75, 90%=-508.79998779296875, 95%=-487.95001220703125, 98%=-471.1987609863281
ranking_best_algo: Tabu
ranking_best_score: 588.7199999999999
ranking_my_rank: 157/503 (69.0%)
ranking_my_percent: 68.98608349900596
