ConfigName: krbf__advnormalizedfitness__M4__L15__eps0p025__g0p007__ds0p15__dm0p3
Problem: NK
Kernel: rbf
Advantage: normalizedfitness
M: 4
lambda: 15
epsilon_svgd: 0.025
gamma: 0.007
decay_start_ratio: 0.15
decay_min_factor: 0.3
bandwith_kernel: None
no_interact: False
avg_score: 0.7268184423446655
median_score: 0.7279332876205444
std_score: 0.010334577411413193
percentiles: 2%=0.7024468183517456, 5%=0.7084997296333313, 10%=0.7116071581840515, 25%=0.7220780253410339, 50%=0.7279332876205444, 75%=0.7334882020950317, 90%=0.7399266958236694, 95%=0.7422407269477844, 98%=0.7447308301925659
ranking_best_algo: PBIL
ranking_best_score: 0.730509098125
ranking_my_rank: 8/504 (98.6%)
ranking_my_percent: 98.61111111111111
