ConfigName: krbf__advnormalizedfitness__M3__L8__eps0p015__g0p007__ds0p15__dm0p01
Problem: NK
Kernel: rbf
Advantage: normalizedfitness
M: 3
lambda: 8
epsilon_svgd: 0.015
gamma: 0.007
decay_start_ratio: 0.15
decay_min_factor: 0.01
bandwith_kernel: None
no_interact: False
avg_score: 0.7346540689468384
median_score: 0.7362602949142456
std_score: 0.008764396421611309
percentiles: 2%=0.7152530550956726, 5%=0.7163945436477661, 10%=0.7214709520339966, 25%=0.730366587638855, 50%=0.7362602949142456, 75%=0.7415997982025146, 90%=0.7441021203994751, 95%=0.7455043792724609, 98%=0.7476562857627869
ranking_best_algo: PBIL
ranking_best_score: 0.7248786399609374
ranking_my_rank: 1/504 (100.0%)
ranking_my_percent: 100.0
