ConfigName: kfr__advglobalrankweighted__M1__L9__eps0p015__g0p005__ds0p01__dm0p01
Problem: QUBO
Kernel: fr
Advantage: globalrankweighted
M: 1
lambda: 9
epsilon_svgd: 0.015
gamma: 0.005
decay_start_ratio: 0.01
decay_min_factor: 0.01
bandwith_kernel: None
no_interact: False
avg_score: -141.8800048828125
median_score: -142.5
std_score: 14.503296852111816
percentiles: 2%=-179.0, 5%=-164.0, 10%=-158.0, 25%=-152.25, 50%=-142.5, 75%=-130.5, 90%=-124.9000015258789, 95%=-117.0, 98%=-111.0
ranking_best_algo: CMApara
ranking_best_score: 154.28
ranking_my_rank: 250/504 (50.6%)
ranking_my_percent: 50.595238095238095
