ConfigName: kjsd__advperagentrankweighted__M5__L10__eps0p005__g0p0007__ds0p05__dm0p05
Problem: QUBO
Kernel: jsd
Advantage: peragentrankweighted
M: 5
lambda: 10
epsilon_svgd: 0.005
gamma: 0.0007
decay_start_ratio: 0.05
decay_min_factor: 0.05
bandwith_kernel: None
no_interact: False
avg_score: -1614.0999755859375
median_score: -1605.5
std_score: 65.97976684570312
percentiles: 2%=-1739.260009765625, 5%=-1724.4000244140625, 10%=-1699.0999755859375, 25%=-1659.25, 50%=-1605.5, 75%=-1574.5, 90%=-1535.5999755859375, 95%=-1488.5999755859375, 98%=-1466.9200439453125
ranking_best_algo: NLOPT_LN_PRAXIS
ranking_best_score: 1607.12
ranking_my_rank: 1/504 (100.0%)
ranking_my_percent: 100.0
