ConfigName: krbf__advnormalizedfitness__M3__L8__eps0p015__g0p015__ds0p3__dm0p3
Problem: QUBO
Kernel: rbf
Advantage: normalizedfitness
M: 3
lambda: 8
epsilon_svgd: 0.015
gamma: 0.015
decay_start_ratio: 0.3
decay_min_factor: 0.3
bandwith_kernel: None
no_interact: False
avg_score: -826.739990234375
median_score: -829.5
std_score: 74.6851577758789
percentiles: 2%=-962.1799926757812, 5%=-953.0, 10%=-935.2999877929688, 25%=-874.0, 50%=-829.5, 75%=-783.25, 90%=-726.5999755859375, 95%=-699.7000122070312, 98%=-689.9400024414062
ranking_best_algo: SVMMetaModelLogNormal
ranking_best_score: 1233.7999999999997
ranking_my_rank: 324/504 (35.9%)
ranking_my_percent: 35.91269841269841
