ConfigName: kjsd__advperagentrankweighted__M10__L10__eps0p005__g0p0005__ds0p3__dm0p05
Problem: QUBO
Kernel: jsd
Advantage: peragentrankweighted
M: 10
lambda: 10
epsilon_svgd: 0.005
gamma: 0.0005
decay_start_ratio: 0.3
decay_min_factor: 0.05
bandwith_kernel: None
no_interact: False
avg_score: -151.8800048828125
median_score: -153.0
std_score: 12.187928199768066
percentiles: 2%=-179.0, 5%=-179.0, 10%=-165.5, 25%=-157.25, 50%=-153.0, 75%=-141.0, 90%=-138.8000030517578, 95%=-135.89999389648438, 98%=-130.97999572753906
ranking_best_algo: CMApara
ranking_best_score: 154.28
ranking_my_rank: 62/504 (87.9%)
ranking_my_percent: 87.89682539682539
