ConfigName: kjsd__advperagentrankweighted__M3__L18__eps0p007__g0p0007__ds0p1__dm0p1
Problem: NK
Kernel: jsd
Advantage: peragentrankweighted
M: 3
lambda: 18
epsilon_svgd: 0.007
gamma: 0.0007
decay_start_ratio: 0.1
decay_min_factor: 0.1
bandwith_kernel: None
no_interact: False
avg_score: 0.7328169941902161
median_score: 0.7329410910606384
std_score: 0.009697020053863525
percentiles: 2%=0.7109135985374451, 5%=0.7174104452133179, 10%=0.7199810743331909, 25%=0.7260507345199585, 50%=0.7329410910606384, 75%=0.7395118474960327, 90%=0.7456024885177612, 95%=0.7486065626144409, 98%=0.7503451108932495
ranking_best_algo: Tabu
ranking_best_score: 0.7429702712499999
ranking_my_rank: 2/504 (99.8%)
ranking_my_percent: 99.8015873015873
