ConfigName: kjsd__advperagentrankweighted__M3__L18__eps0p01__g0p003__ds0p05__dm0p05
Problem: NK
Kernel: jsd
Advantage: peragentrankweighted
M: 3
lambda: 18
epsilon_svgd: 0.01
gamma: 0.003
decay_start_ratio: 0.05
decay_min_factor: 0.05
bandwith_kernel: None
no_interact: False
avg_score: 0.7576085925102234
median_score: 0.7559126615524292
std_score: 0.012422350235283375
percentiles: 2%=0.7356442809104919, 5%=0.7393724322319031, 10%=0.7414982914924622, 25%=0.7481303215026855, 50%=0.7559126615524292, 75%=0.7702745199203491, 90%=0.7743008732795715, 95%=0.777237594127655, 98%=0.7798964381217957
ranking_best_algo: Tabu
ranking_best_score: 0.7470791764843752
ranking_my_rank: 1/504 (100.0%)
ranking_my_percent: 100.0
