ConfigName: kjsd__advperagentrankweighted__M4__L20__eps0p007__g0p0005__ds0p05__dm0p1
Problem: NK
Kernel: jsd
Advantage: peragentrankweighted
M: 4
lambda: 20
epsilon_svgd: 0.007
gamma: 0.0005
decay_start_ratio: 0.05
decay_min_factor: 0.1
bandwith_kernel: None
no_interact: False
avg_score: 0.7332257032394409
median_score: 0.7328038215637207
std_score: 0.009797513484954834
percentiles: 2%=0.7159802913665771, 5%=0.7180302143096924, 10%=0.721168041229248, 25%=0.727190375328064, 50%=0.7328038215637207, 75%=0.7390007972717285, 90%=0.7450392246246338, 95%=0.7483437061309814, 98%=0.7548127174377441
ranking_best_algo: Tabu
ranking_best_score: 0.7429702712499999
ranking_my_rank: 2/504 (99.8%)
ranking_my_percent: 99.8015873015873
