ConfigName: krbf__advnormalizedfitness__M3__L10__eps0p033__g0p005__ds0p01__dm0p01
Problem: QUBO
Kernel: rbf
Advantage: normalizedfitness
M: 3
lambda: 10
epsilon_svgd: 0.033
gamma: 0.005
decay_start_ratio: 0.01
decay_min_factor: 0.01
bandwith_kernel: None
no_interact: False
avg_score: -915.7999877929688
median_score: -915.0
std_score: 61.879398345947266
percentiles: 2%=-1028.0999755859375, 5%=-1020.2000122070312, 10%=-1009.4000244140625, 25%=-962.5, 50%=-915.0, 75%=-863.0, 90%=-836.7999877929688, 95%=-829.0, 98%=-822.079833984375
ranking_best_algo: CMApara
ranking_best_score: 964.9
ranking_my_rank: 71/504 (86.1%)
ranking_my_percent: 86.11111111111111
