ConfigName: krbf__advnormalizedfitness__M3__L10__eps0p015__g0p015__ds0p01__dm0p01
Problem: NK
Kernel: rbf
Advantage: normalizedfitness
M: 3
lambda: 10
epsilon_svgd: 0.015
gamma: 0.015
decay_start_ratio: 0.01
decay_min_factor: 0.01
bandwith_kernel: None
no_interact: False
avg_score: 0.7106844186782837
median_score: 0.7113894820213318
std_score: 0.015066034160554409
percentiles: 2%=0.6729860305786133, 5%=0.6734508872032166, 10%=0.6971592307090759, 25%=0.7081899046897888, 50%=0.7113894820213318, 75%=0.7192826867103577, 90%=0.725105881690979, 95%=0.7316353917121887, 98%=0.7340686321258545
ranking_best_algo: CMApara
ranking_best_score: 0.707475975
ranking_my_rank: 1/504 (100.0%)
ranking_my_percent: 100.0
