ConfigName: kjsd__advperagentrankweighted__M4__L8__eps0p005__g0p0005__ds0p4__dm0p05
Problem: QUBO
Kernel: jsd
Advantage: peragentrankweighted
M: 4
lambda: 8
epsilon_svgd: 0.005
gamma: 0.0005
decay_start_ratio: 0.4
decay_min_factor: 0.05
bandwith_kernel: None
no_interact: False
avg_score: -1245.6199951171875
median_score: -1245.5
std_score: 64.51910400390625
percentiles: 2%=-1370.0400390625, 5%=-1356.3499755859375, 10%=-1329.0999755859375, 25%=-1289.5, 50%=-1245.5, 75%=-1204.5, 90%=-1158.5999755859375, 95%=-1145.550048828125, 98%=-1132.9000244140625
ranking_best_algo: SVMMetaModelLogNormal
ranking_best_score: 1233.7999999999997
ranking_my_rank: 1/504 (100.0%)
ranking_my_percent: 100.0
