ConfigName: krbf__advnormalizedfitness__M4__L8__eps0p033__g0p007__ds0p01__dm0p01
Problem: QUBO
Kernel: rbf
Advantage: normalizedfitness
M: 4
lambda: 8
epsilon_svgd: 0.033
gamma: 0.007
decay_start_ratio: 0.01
decay_min_factor: 0.01
bandwith_kernel: None
no_interact: False
avg_score: -442.260009765625
median_score: -447.0
std_score: 27.808134078979492
percentiles: 2%=-487.0400085449219, 5%=-486.0, 10%=-473.3999938964844, 25%=-460.25, 50%=-447.0, 75%=-424.75, 90%=-405.0, 95%=-390.95001220703125, 98%=-373.9599914550781
ranking_best_algo: CMApara
ranking_best_score: 453.82
ranking_my_rank: 9/504 (98.4%)
ranking_my_percent: 98.41269841269842
