ConfigName: krbf__advnormalizedfitness__M4__L12__eps0p015__g0p01__ds0p3__dm0p01
Problem: NK
Kernel: rbf
Advantage: normalizedfitness
M: 4
lambda: 12
epsilon_svgd: 0.015
gamma: 0.01
decay_start_ratio: 0.3
decay_min_factor: 0.01
bandwith_kernel: None
no_interact: False
avg_score: 0.7428043484687805
median_score: 0.7421809434890747
std_score: 0.02970164641737938
percentiles: 2%=0.6974489092826843, 5%=0.701248824596405, 10%=0.7042049765586853, 25%=0.7164990901947021, 50%=0.7421809434890747, 75%=0.7580187320709229, 90%=0.7737435698509216, 95%=0.8044298887252808, 98%=0.804578423500061
ranking_best_algo: CMApara
ranking_best_score: 0.7459277895312499
ranking_my_rank: 15/504 (97.2%)
ranking_my_percent: 97.22222222222223
