ConfigName: kjsd__advperagentrankweighted__M5__L8__eps0p01__g0p0007__ds0p05__dm0p05
Problem: QUBO
Kernel: jsd
Advantage: peragentrankweighted
M: 5
lambda: 8
epsilon_svgd: 0.01
gamma: 0.0007
decay_start_ratio: 0.05
decay_min_factor: 0.05
bandwith_kernel: None
no_interact: False
avg_score: -138.4600067138672
median_score: -140.0
std_score: 11.599499702453613
percentiles: 2%=-158.0, 5%=-157.0500030517578, 10%=-153.10000610351562, 25%=-146.0, 50%=-140.0, 75%=-129.75, 90%=-124.80000305175781, 95%=-118.9000015258789, 98%=-112.9800033569336
ranking_best_algo: DiscreteDE
ranking_best_score: 143.4
ranking_my_rank: 104/504 (79.6%)
ranking_my_percent: 79.56349206349206
