ConfigName: krbf__advnormalizedfitness__M1__L8__eps0p025__g0p015__ds0p01__dm0p3
Problem: QUBO
Kernel: rbf
Advantage: normalizedfitness
M: 1
lambda: 8
epsilon_svgd: 0.025
gamma: 0.015
decay_start_ratio: 0.01
decay_min_factor: 0.3
bandwith_kernel: None
no_interact: False
avg_score: -297.3599853515625
median_score: -293.0
std_score: 39.71989822387695
percentiles: 2%=-392.0, 5%=-384.0, 10%=-349.79998779296875, 25%=-322.0, 50%=-293.0, 75%=-265.75, 90%=-255.89999389648438, 95%=-245.95001220703125, 98%=-242.91998291015625
ranking_best_algo: CMApara
ranking_best_score: 319.29999999999995
ranking_my_rank: 248/504 (51.0%)
ranking_my_percent: 50.992063492063494
