ConfigName: kjsd__advperagentrankweighted__M4__L24__eps0p005__g0p0003__ds0p4__dm0p05
Problem: NK
Kernel: jsd
Advantage: peragentrankweighted
M: 4
lambda: 24
epsilon_svgd: 0.005
gamma: 0.0003
decay_start_ratio: 0.4
decay_min_factor: 0.05
bandwith_kernel: None
no_interact: False
avg_score: 0.7450365424156189
median_score: 0.7451769113540649
std_score: 0.013484365306794643
percentiles: 2%=0.7157362103462219, 5%=0.7220640182495117, 10%=0.7279007434844971, 25%=0.7365646362304688, 50%=0.7451769113540649, 75%=0.7539738416671753, 90%=0.7622568607330322, 95%=0.764867901802063, 98%=0.7682731747627258
ranking_best_algo: Tabu
ranking_best_score: 0.7601875690625
ranking_my_rank: 5/504 (99.2%)
ranking_my_percent: 99.2063492063492
