ConfigName: kjsd__advperagentrankweighted__M4__L10__eps0p005__g0p0007__ds0p05__dm0p05
Problem: QUBO
Kernel: jsd
Advantage: peragentrankweighted
M: 4
lambda: 10
epsilon_svgd: 0.005
gamma: 0.0007
decay_start_ratio: 0.05
decay_min_factor: 0.05
bandwith_kernel: None
no_interact: False
avg_score: -139.82000732421875
median_score: -142.0
std_score: 11.501633644104004
percentiles: 2%=-159.0, 5%=-158.0, 10%=-156.0, 25%=-146.25, 50%=-142.0, 75%=-132.0, 90%=-125.0, 95%=-119.0, 98%=-113.95999908447266
ranking_best_algo: DiscreteDE
ranking_best_score: 143.4
ranking_my_rank: 81/504 (84.1%)
ranking_my_percent: 84.12698412698413
