ConfigName: krbf__advnormalizedfitness__M3__L10__eps0p033__g0p007__ds0p3__dm0p01
Problem: NK
Kernel: rbf
Advantage: normalizedfitness
M: 3
lambda: 10
epsilon_svgd: 0.033
gamma: 0.007
decay_start_ratio: 0.3
decay_min_factor: 0.01
bandwith_kernel: None
no_interact: False
avg_score: 0.7463945746421814
median_score: 0.7468388080596924
std_score: 0.01060016080737114
percentiles: 2%=0.7272982001304626, 5%=0.7306709289550781, 10%=0.7316740155220032, 25%=0.7381993532180786, 50%=0.7468388080596924, 75%=0.7549395561218262, 90%=0.7603185176849365, 95%=0.7620826363563538, 98%=0.7666622400283813
ranking_best_algo: PBIL
ranking_best_score: 0.733570253046875
ranking_my_rank: 1/504 (100.0%)
ranking_my_percent: 100.0
