ConfigName: krbf__advnormalizedfitness__M3__L15__eps0p033__g0p007__ds0p15__dm0p01
Problem: NK
Kernel: rbf
Advantage: normalizedfitness
M: 3
lambda: 15
epsilon_svgd: 0.033
gamma: 0.007
decay_start_ratio: 0.15
decay_min_factor: 0.01
bandwith_kernel: None
no_interact: False
avg_score: 0.7536740899085999
median_score: 0.7536611557006836
std_score: 0.012855340726673603
percentiles: 2%=0.7276298403739929, 5%=0.7329615354537964, 10%=0.7364463210105896, 25%=0.7451838254928589, 50%=0.7536611557006836, 75%=0.7621138095855713, 90%=0.7703004479408264, 95%=0.7753572463989258, 98%=0.7775611281394958
ranking_best_algo: Tabu
ranking_best_score: 0.7657846284375001
ranking_my_rank: 9/504 (98.4%)
ranking_my_percent: 98.41269841269842
