ConfigName: kjsd__advperagentrankweighted__M4__L12__eps0p005__g0p001__ds0p05__dm0p05
Problem: NK
Kernel: jsd
Advantage: peragentrankweighted
M: 4
lambda: 12
epsilon_svgd: 0.005
gamma: 0.001
decay_start_ratio: 0.05
decay_min_factor: 0.05
bandwith_kernel: None
no_interact: False
avg_score: 0.7311728000640869
median_score: 0.7294405102729797
std_score: 0.010920178145170212
percentiles: 2%=0.7143887877464294, 5%=0.7164182662963867, 10%=0.7173425555229187, 25%=0.7240800857543945, 50%=0.7294405102729797, 75%=0.736432671546936, 90%=0.7455500960350037, 95%=0.752814769744873, 98%=0.7540038228034973
ranking_best_algo: Tabu
ranking_best_score: 0.7429702712499999
ranking_my_rank: 2/504 (99.8%)
ranking_my_percent: 99.8015873015873
