ConfigName: krbf__advnormalizedfitness__M4__L12__eps0p033__g0p007__ds0p01__dm0p01
Problem: NK
Kernel: rbf
Advantage: normalizedfitness
M: 4
lambda: 12
epsilon_svgd: 0.033
gamma: 0.007
decay_start_ratio: 0.01
decay_min_factor: 0.01
bandwith_kernel: None
no_interact: False
avg_score: 0.7448765635490417
median_score: 0.7421905994415283
std_score: 0.02814846858382225
percentiles: 2%=0.705394446849823, 5%=0.7056929469108582, 10%=0.7122757434844971, 25%=0.7211026549339294, 50%=0.7421905994415283, 75%=0.7580187320709229, 90%=0.778337299823761, 95%=0.8044298887252808, 98%=0.8069028854370117
ranking_best_algo: CMApara
ranking_best_score: 0.7459277895312499
ranking_my_rank: 2/504 (99.8%)
ranking_my_percent: 99.8015873015873
