ConfigName: kjsd__advperagentrankweighted__M3__L16__eps0p007__g0p003__ds0p1__dm0p1
Problem: QUBO
Kernel: jsd
Advantage: peragentrankweighted
M: 3
lambda: 16
epsilon_svgd: 0.007
gamma: 0.003
decay_start_ratio: 0.1
decay_min_factor: 0.1
bandwith_kernel: None
no_interact: False
avg_score: -440.6600036621094
median_score: -441.0
std_score: 23.62550163269043
percentiles: 2%=-489.0, 5%=-479.0, 10%=-469.20001220703125, 25%=-458.0, 50%=-441.0, 75%=-426.5, 90%=-408.8999938964844, 95%=-400.8500061035156, 98%=-391.9800109863281
ranking_best_algo: CMApara
ranking_best_score: 453.82
ranking_my_rank: 12/504 (97.8%)
ranking_my_percent: 97.81746031746032
