ConfigName: krbf__advnormalizedfitness__M4__L15__eps0p025__g0p007__ds0p01__dm0p3
Problem: QUBO
Kernel: rbf
Advantage: normalizedfitness
M: 4
lambda: 15
epsilon_svgd: 0.025
gamma: 0.007
decay_start_ratio: 0.01
decay_min_factor: 0.3
bandwith_kernel: None
no_interact: False
avg_score: -1889.0
median_score: -1867.0
std_score: 175.66275024414062
percentiles: 2%=-2218.719970703125, 5%=-2188.39990234375, 10%=-2146.5, 25%=-2004.5, 50%=-1867.0, 75%=-1768.25, 90%=-1671.0, 95%=-1627.10009765625, 98%=-1600.8197021484375
ranking_best_algo: SVM1MetaModelLogNormal
ranking_best_score: 2605.14
ranking_my_rank: 298/504 (41.1%)
ranking_my_percent: 41.07142857142857
