ConfigName: kfr__advglobalrankweighted__M5__L9__eps0p02__g0p003__ds0p01__dm0p01
Problem: QUBO
Kernel: fr
Advantage: globalrankweighted
M: 5
lambda: 9
epsilon_svgd: 0.02
gamma: 0.003
decay_start_ratio: 0.01
decay_min_factor: 0.01
bandwith_kernel: None
no_interact: False
avg_score: -413.6400146484375
median_score: -414.0
std_score: 26.83412742614746
percentiles: 2%=-471.1199951171875, 5%=-461.0, 10%=-446.0, 25%=-432.5, 50%=-414.0, 75%=-393.5, 90%=-380.0, 95%=-367.9000244140625, 98%=-363.75994873046875
ranking_best_algo: Tabu
ranking_best_score: 438.12
ranking_my_rank: 58/504 (88.7%)
ranking_my_percent: 88.69047619047619
