ConfigName: kfr__advglobalrankweighted__M2__L11__eps0p01__g0p007__ds0p01__dm0p01
Problem: QUBO
Kernel: fr
Advantage: globalrankweighted
M: 2
lambda: 11
epsilon_svgd: 0.01
gamma: 0.007
decay_start_ratio: 0.01
decay_min_factor: 0.01
bandwith_kernel: None
no_interact: False
avg_score: -3273.139892578125
median_score: -3266.5
std_score: 119.18414306640625
percentiles: 2%=-3583.1201171875, 5%=-3530.050048828125, 10%=-3411.300048828125, 25%=-3342.5, 50%=-3266.5, 75%=-3184.75, 90%=-3125.60009765625, 95%=-3109.550048828125, 98%=-3092.739990234375
ranking_best_algo: RLSOnePlusOne
ranking_best_score: 3316.5199999999995
ranking_my_rank: 12/504 (97.8%)
ranking_my_percent: 97.81746031746032
