ConfigName: kfr__advglobalrankweighted__M2__L7__eps0p01__g0p005__ds0p01__dm0p01
Problem: NK
Kernel: fr
Advantage: globalrankweighted
M: 2
lambda: 7
epsilon_svgd: 0.01
gamma: 0.005
decay_start_ratio: 0.01
decay_min_factor: 0.01
bandwith_kernel: None
no_interact: False
avg_score: 0.7093861103057861
median_score: 0.7103375196456909
std_score: 0.01550873089581728
percentiles: 2%=0.6698997616767883, 5%=0.6721420884132385, 10%=0.6942911148071289, 25%=0.7066358923912048, 50%=0.7103375196456909, 75%=0.7184407114982605, 90%=0.72550368309021, 95%=0.7332520484924316, 98%=0.7340807914733887
ranking_best_algo: CMApara
ranking_best_score: 0.707475975
ranking_my_rank: 1/504 (100.0%)
ranking_my_percent: 100.0
