ConfigName: krbf__advnormalizedfitness__M4__L15__eps0p033__g0p015__ds0p01__dm0p01
Problem: QUBO
Kernel: rbf
Advantage: normalizedfitness
M: 4
lambda: 15
epsilon_svgd: 0.033
gamma: 0.015
decay_start_ratio: 0.01
decay_min_factor: 0.01
bandwith_kernel: None
no_interact: False
avg_score: -1086.4200439453125
median_score: -1087.5
std_score: 73.28057861328125
percentiles: 2%=-1238.300048828125, 5%=-1205.4000244140625, 10%=-1181.4000244140625, 25%=-1140.0, 50%=-1087.5, 75%=-1034.25, 90%=-993.0, 95%=-962.9000244140625, 98%=-945.97998046875
ranking_best_algo: BigLognormalDiscreteOnePlusOne
ranking_best_score: 1301.3600000000004
ranking_my_rank: 210/504 (58.5%)
ranking_my_percent: 58.53174603174603
