ConfigName: kjsd__advperagentrankweighted__M6__L28__eps0p008__g0p0005__ds0p05__dm0p05
Problem: NK
Kernel: jsd
Advantage: peragentrankweighted
M: 6
lambda: 28
epsilon_svgd: 0.008
gamma: 0.0005
decay_start_ratio: 0.05
decay_min_factor: 0.05
bandwith_kernel: None
no_interact: False
avg_score: 0.7108463048934937
median_score: 0.7112376093864441
std_score: 0.014949698001146317
percentiles: 2%=0.6734635829925537, 5%=0.6739691495895386, 10%=0.6972836256027222, 25%=0.7090210914611816, 50%=0.7112376093864441, 75%=0.7204930782318115, 90%=0.725426435470581, 95%=0.7320016622543335, 98%=0.7327570915222168
ranking_best_algo: CMApara
ranking_best_score: 0.707475975
ranking_my_rank: 1/504 (100.0%)
ranking_my_percent: 100.0
