ConfigName: krbf__advnormalizedfitness__M1__L8__eps0p033__g0p015__ds0p01__dm0p3
Problem: NK
Kernel: rbf
Advantage: normalizedfitness
M: 1
lambda: 8
epsilon_svgd: 0.033
gamma: 0.015
decay_start_ratio: 0.01
decay_min_factor: 0.3
bandwith_kernel: None
no_interact: False
avg_score: 0.7031626105308533
median_score: 0.706387996673584
std_score: 0.012496651150286198
percentiles: 2%=0.6815164685249329, 5%=0.684137761592865, 10%=0.6872820854187012, 25%=0.6909880638122559, 50%=0.706387996673584, 75%=0.7139023542404175, 90%=0.71768718957901, 95%=0.7192986011505127, 98%=0.7206713557243347
ranking_best_algo: PBIL
ranking_best_score: 0.7013553837109374
ranking_my_rank: 1/504 (100.0%)
ranking_my_percent: 100.0
