ConfigName: kjsd__advperagentrankweighted__M3__L18__eps0p01__g0p001__ds0p2__dm0p1
Problem: QUBO
Kernel: jsd
Advantage: peragentrankweighted
M: 3
lambda: 18
epsilon_svgd: 0.01
gamma: 0.001
decay_start_ratio: 0.2
decay_min_factor: 0.1
bandwith_kernel: None
no_interact: False
avg_score: -917.3200073242188
median_score: -918.0
std_score: 57.651344299316406
percentiles: 2%=-1025.3800048828125, 5%=-1006.3499755859375, 10%=-985.0999755859375, 25%=-963.25, 50%=-918.0, 75%=-872.5, 90%=-839.7999877929688, 95%=-823.9500122070312, 98%=-817.739990234375
ranking_best_algo: CMAL3
ranking_best_score: 928.5800000000002
ranking_my_rank: 14/504 (97.4%)
ranking_my_percent: 97.42063492063492
