ConfigName: kjsd__advperagentrankweighted__M5__L10__eps0p03__g0p0005__ds0p05__dm0p05
Problem: QUBO
Kernel: jsd
Advantage: peragentrankweighted
M: 5
lambda: 10
epsilon_svgd: 0.03
gamma: 0.0005
decay_start_ratio: 0.05
decay_min_factor: 0.05
bandwith_kernel: None
no_interact: False
avg_score: -306.739990234375
median_score: -301.0
std_score: 37.75092315673828
percentiles: 2%=-388.0, 5%=-382.0, 10%=-346.20001220703125, 25%=-336.0, 50%=-301.0, 75%=-272.0, 90%=-265.79998779296875, 95%=-257.95001220703125, 98%=-253.83999633789062
ranking_best_algo: CMApara
ranking_best_score: 319.29999999999995
ranking_my_rank: 112/504 (78.0%)
ranking_my_percent: 77.97619047619048
