ConfigName: kfr__advglobalrankweighted__M6__L11__eps0p01__g0p003__ds0p01__dm0p01
Problem: QUBO
Kernel: fr
Advantage: globalrankweighted
M: 6
lambda: 11
epsilon_svgd: 0.01
gamma: 0.003
decay_start_ratio: 0.01
decay_min_factor: 0.01
bandwith_kernel: None
no_interact: False
avg_score: -331.82000732421875
median_score: -336.5
std_score: 19.718204498291016
percentiles: 2%=-372.0, 5%=-366.29998779296875, 10%=-350.1000061035156, 25%=-343.0, 50%=-336.5, 75%=-317.5, 90%=-305.79998779296875, 95%=-297.9000244140625, 98%=-290.0
ranking_best_algo: CMApara
ranking_best_score: 344.22
ranking_my_rank: 76/504 (85.1%)
ranking_my_percent: 85.11904761904762
