ConfigName: krbf__advnormalizedfitness__M3__L8__eps0p03__g0p005__ds0p15__dm0p05
Problem: QUBO
Kernel: rbf
Advantage: normalizedfitness
M: 3
lambda: 8
epsilon_svgd: 0.03
gamma: 0.005
decay_start_ratio: 0.15
decay_min_factor: 0.05
bandwith_kernel: None
no_interact: False
avg_score: -1215.300048828125
median_score: -1206.5
std_score: 65.28744506835938
percentiles: 2%=-1350.1600341796875, 5%=-1336.199951171875, 10%=-1309.0999755859375, 25%=-1247.5, 50%=-1206.5, 75%=-1172.0, 90%=-1142.699951171875, 95%=-1121.699951171875, 98%=-1072.8399658203125
ranking_best_algo: SVMMetaModelLogNormal
ranking_best_score: 1233.7999999999997
ranking_my_rank: 41/504 (92.1%)
ranking_my_percent: 92.06349206349206
