ConfigName: kjsd__advperagentrankweighted__M4__L10__eps0p005__g0p0007__ds0p2__dm0p05
Problem: NK
Kernel: jsd
Advantage: peragentrankweighted
M: 4
lambda: 10
epsilon_svgd: 0.005
gamma: 0.0007
decay_start_ratio: 0.2
decay_min_factor: 0.05
bandwith_kernel: None
no_interact: False
avg_score: 0.7441374063491821
median_score: 0.7422008514404297
std_score: 0.02849479764699936
percentiles: 2%=0.6985368132591248, 5%=0.7043583393096924, 10%=0.7096076011657715, 25%=0.7252445220947266, 50%=0.7422008514404297, 75%=0.7580187320709229, 90%=0.7759712934494019, 95%=0.8044298887252808, 98%=0.8118547797203064
ranking_best_algo: CMApara
ranking_best_score: 0.7459277895312499
ranking_my_rank: 6/504 (99.0%)
ranking_my_percent: 99.0079365079365
