ConfigName: kjsd__advperagentrankweighted__M3__L30__eps0p007__g0p001__ds0p05__dm0p2
Problem: QUBO
Kernel: jsd
Advantage: peragentrankweighted
M: 3
lambda: 30
epsilon_svgd: 0.007
gamma: 0.001
decay_start_ratio: 0.05
decay_min_factor: 0.2
bandwith_kernel: None
no_interact: False
avg_score: -416.94000244140625
median_score: -419.0
std_score: 28.758241653442383
percentiles: 2%=-461.0799865722656, 5%=-455.0, 10%=-453.0, 25%=-440.5, 50%=-419.0, 75%=-401.5, 90%=-375.79998779296875, 95%=-369.79998779296875, 98%=-357.79998779296875
ranking_best_algo: Tabu
ranking_best_score: 438.12
ranking_my_rank: 41/504 (92.1%)
ranking_my_percent: 92.06349206349206
