ConfigName: kjsd__advperagentrankweighted__M3__L18__eps0p01__g0p0007__ds0p2__dm0p2
Problem: QUBO
Kernel: jsd
Advantage: peragentrankweighted
M: 3
lambda: 18
epsilon_svgd: 0.01
gamma: 0.0007
decay_start_ratio: 0.2
decay_min_factor: 0.2
bandwith_kernel: None
no_interact: False
avg_score: -1176.0400390625
median_score: -1170.0
std_score: 58.52809524536133
percentiles: 2%=-1307.47998046875, 5%=-1267.449951171875, 10%=-1249.4000244140625, 25%=-1215.25, 50%=-1170.0, 75%=-1131.5, 90%=-1111.0, 95%=-1076.5, 98%=-1064.699951171875
ranking_best_algo: Tabu
ranking_best_score: 1216.16
ranking_my_rank: 82/504 (83.9%)
ranking_my_percent: 83.92857142857143
