ConfigName: krbf__advnormalizedfitness__M1__L8__eps0p033__g0p01__ds0p15__dm0p01
Problem: NK
Kernel: rbf
Advantage: normalizedfitness
M: 1
lambda: 8
epsilon_svgd: 0.033
gamma: 0.01
decay_start_ratio: 0.15
decay_min_factor: 0.01
bandwith_kernel: None
no_interact: False
avg_score: 0.7326483130455017
median_score: 0.729097843170166
std_score: 0.02917020209133625
percentiles: 2%=0.6821891665458679, 5%=0.6839540004730225, 10%=0.7039844393730164, 25%=0.7142391800880432, 50%=0.729097843170166, 75%=0.7457764744758606, 90%=0.7666000723838806, 95%=0.7966213226318359, 98%=0.8044155240058899
ranking_best_algo: CMApara
ranking_best_score: 0.7459277895312499
ranking_my_rank: 139/504 (72.6%)
ranking_my_percent: 72.61904761904762
