ConfigName: kjsd__advperagentrankweighted__M3__L20__eps0p005__g0p001__ds0p05__dm0p05
Problem: QUBO
Kernel: jsd
Advantage: peragentrankweighted
M: 3
lambda: 20
epsilon_svgd: 0.005
gamma: 0.001
decay_start_ratio: 0.05
decay_min_factor: 0.05
bandwith_kernel: None
no_interact: False
avg_score: -1195.43994140625
median_score: -1187.5
std_score: 61.364044189453125
percentiles: 2%=-1345.0400390625, 5%=-1325.0, 10%=-1281.0, 25%=-1228.0, 50%=-1187.5, 75%=-1150.0, 90%=-1122.800048828125, 95%=-1103.949951171875, 98%=-1094.8599853515625
ranking_best_algo: Tabu
ranking_best_score: 1216.16
ranking_my_rank: 48/504 (90.7%)
ranking_my_percent: 90.67460317460318
