ConfigName: krbf__advnormalizedfitness__M4__L8__eps0p033__g0p015__ds0p01__dm0p01
Problem: NK
Kernel: rbf
Advantage: normalizedfitness
M: 4
lambda: 8
epsilon_svgd: 0.033
gamma: 0.015
decay_start_ratio: 0.01
decay_min_factor: 0.01
bandwith_kernel: None
no_interact: False
avg_score: 0.7057813405990601
median_score: 0.7071847915649414
std_score: 0.012041512876749039
percentiles: 2%=0.6860888004302979, 5%=0.6879895329475403, 10%=0.689567506313324, 25%=0.6943081617355347, 50%=0.7071847915649414, 75%=0.7159728407859802, 90%=0.7202869653701782, 95%=0.7232149839401245, 98%=0.7241991758346558
ranking_best_algo: PBIL
ranking_best_score: 0.7013553837109374
ranking_my_rank: 1/504 (100.0%)
ranking_my_percent: 100.0
