ConfigName: kjsd__advperagentrankweighted__M3__L18__eps0p01__g0p001__ds0p05__dm0p1
Problem: QUBO
Kernel: jsd
Advantage: peragentrankweighted
M: 3
lambda: 18
epsilon_svgd: 0.01
gamma: 0.001
decay_start_ratio: 0.05
decay_min_factor: 0.1
bandwith_kernel: None
no_interact: False
avg_score: -424.79998779296875
median_score: -422.0
std_score: 30.451929092407227
percentiles: 2%=-481.0400085449219, 5%=-473.20001220703125, 10%=-467.20001220703125, 25%=-444.25, 50%=-422.0, 75%=-406.5, 90%=-387.0, 95%=-378.45001220703125, 98%=-363.760009765625
ranking_best_algo: CMAL3
ranking_best_score: 435.36
ranking_my_rank: 30/504 (94.2%)
ranking_my_percent: 94.24603174603175
