ConfigName: krbf__advnormalizedfitness__M3__L15__eps0p015__g0p01__ds0p3__dm0p01
Problem: QUBO
Kernel: rbf
Advantage: normalizedfitness
M: 3
lambda: 15
epsilon_svgd: 0.015
gamma: 0.01
decay_start_ratio: 0.3
decay_min_factor: 0.01
bandwith_kernel: None
no_interact: False
avg_score: -2321.719970703125
median_score: -2342.5
std_score: 247.4792938232422
percentiles: 2%=-2836.56005859375, 5%=-2723.949951171875, 10%=-2614.5, 25%=-2507.75, 50%=-2342.5, 75%=-2119.0, 90%=-2015.800048828125, 95%=-1966.800048828125, 98%=-1919.619873046875
ranking_best_algo: RLSOnePlusOne
ranking_best_score: 3316.5199999999995
ranking_my_rank: 280/504 (44.6%)
ranking_my_percent: 44.642857142857146
