ConfigName: krbf__advnormalizedfitness__M3__L8__eps0p033__g0p015__ds0p3__dm0p01
Problem: NK
Kernel: rbf
Advantage: normalizedfitness
M: 3
lambda: 8
epsilon_svgd: 0.033
gamma: 0.015
decay_start_ratio: 0.3
decay_min_factor: 0.01
bandwith_kernel: None
no_interact: False
avg_score: 0.7105627655982971
median_score: 0.7114843130111694
std_score: 0.015261909924447536
percentiles: 2%=0.6723819375038147, 5%=0.673447847366333, 10%=0.6969112157821655, 25%=0.7074373960494995, 50%=0.7114843130111694, 75%=0.7204930782318115, 90%=0.7251766920089722, 95%=0.7328041791915894, 98%=0.7331053614616394
ranking_best_algo: CMApara
ranking_best_score: 0.707475975
ranking_my_rank: 1/504 (100.0%)
ranking_my_percent: 100.0
