ConfigName: kjsd__advperagentrankweighted__M4__L12__eps0p02__g0p0005__ds0p2__dm0p05
Problem: QUBO
Kernel: jsd
Advantage: peragentrankweighted
M: 4
lambda: 12
epsilon_svgd: 0.02
gamma: 0.0005
decay_start_ratio: 0.2
decay_min_factor: 0.05
bandwith_kernel: None
no_interact: False
avg_score: -933.8800048828125
median_score: -927.0
std_score: 67.68903350830078
percentiles: 2%=-1076.0400390625, 5%=-1040.4000244140625, 10%=-1032.300048828125, 25%=-983.25, 50%=-927.0, 75%=-879.75, 90%=-850.7999877929688, 95%=-831.0, 98%=-806.8400268554688
ranking_best_algo: CMApara
ranking_best_score: 964.9
ranking_my_rank: 17/504 (96.8%)
ranking_my_percent: 96.82539682539682
