ConfigName: krbf__advnormalizedfitness__M3__L8__eps0p03__g0p001__ds0p05__dm0p05
Problem: QUBO
Kernel: rbf
Advantage: normalizedfitness
M: 3
lambda: 8
epsilon_svgd: 0.03
gamma: 0.001
decay_start_ratio: 0.05
decay_min_factor: 0.05
bandwith_kernel: None
no_interact: False
avg_score: -1105.93994140625
median_score: -1105.0
std_score: 57.05204772949219
percentiles: 2%=-1231.219970703125, 5%=-1217.050048828125, 10%=-1187.0999755859375, 25%=-1137.25, 50%=-1105.0, 75%=-1068.0, 90%=-1041.9000244140625, 95%=-1023.5999755859375, 98%=-1001.8599853515625
ranking_best_algo: Tabu
ranking_best_score: 1216.16
ranking_my_rank: 183/504 (63.9%)
ranking_my_percent: 63.888888888888886
