ConfigName: kjsd__advperagentrankweighted__M3__L24__eps0p007__g0p0005__ds0p1__dm0p1
Problem: QUBO
Kernel: jsd
Advantage: peragentrankweighted
M: 3
lambda: 24
epsilon_svgd: 0.007
gamma: 0.0005
decay_start_ratio: 0.1
decay_min_factor: 0.1
bandwith_kernel: None
no_interact: False
avg_score: -3302.719970703125
median_score: -3300.5
std_score: 104.65715789794922
percentiles: 2%=-3534.239990234375, 5%=-3494.10009765625, 10%=-3429.39990234375, 25%=-3373.25, 50%=-3300.5, 75%=-3231.25, 90%=-3172.699951171875, 95%=-3140.699951171875, 98%=-3105.89990234375
ranking_best_algo: RLSOnePlusOne
ranking_best_score: 3316.5199999999995
ranking_my_rank: 3/504 (99.6%)
ranking_my_percent: 99.60317460317461
