ConfigName: krbf__advnormalizedfitness__M3__L12__eps0p033__g0p005__ds0p3__dm0p01
Problem: NK
Kernel: rbf
Advantage: normalizedfitness
M: 3
lambda: 12
epsilon_svgd: 0.033
gamma: 0.005
decay_start_ratio: 0.3
decay_min_factor: 0.01
bandwith_kernel: None
no_interact: False
avg_score: 0.7581069469451904
median_score: 0.7574453949928284
std_score: 0.012161379680037498
percentiles: 2%=0.7339115738868713, 5%=0.7402239441871643, 10%=0.7442708611488342, 25%=0.7490090727806091, 50%=0.7574453949928284, 75%=0.7682249546051025, 90%=0.772585928440094, 95%=0.7767881751060486, 98%=0.7810723185539246
ranking_best_algo: Tabu
ranking_best_score: 0.7470791764843752
ranking_my_rank: 1/504 (100.0%)
ranking_my_percent: 100.0
