ConfigName: kjsd__advperagentrankweighted__M3__L30__eps0p007__g0p001__ds0p2__dm0p1
Problem: NK
Kernel: jsd
Advantage: peragentrankweighted
M: 3
lambda: 30
epsilon_svgd: 0.007
gamma: 0.001
decay_start_ratio: 0.2
decay_min_factor: 0.1
bandwith_kernel: None
no_interact: False
avg_score: 0.7108086943626404
median_score: 0.711475670337677
std_score: 0.01517909299582243
percentiles: 2%=0.6730999946594238, 5%=0.6737578511238098, 10%=0.6967442035675049, 25%=0.7088881731033325, 50%=0.711475670337677, 75%=0.7193145155906677, 90%=0.725510835647583, 95%=0.7327089905738831, 98%=0.7333118319511414
ranking_best_algo: CMApara
ranking_best_score: 0.707475975
ranking_my_rank: 1/504 (100.0%)
ranking_my_percent: 100.0
