ConfigName: kfr__advglobalrankweighted__M5__L9__eps0p015__g0p003__ds0p01__dm0p01
Problem: QUBO
Kernel: fr
Advantage: globalrankweighted
M: 5
lambda: 9
epsilon_svgd: 0.015
gamma: 0.003
decay_start_ratio: 0.01
decay_min_factor: 0.01
bandwith_kernel: None
no_interact: False
avg_score: -333.3999938964844
median_score: -335.5
std_score: 20.072866439819336
percentiles: 2%=-372.0, 5%=-368.1000061035156, 10%=-355.20001220703125, 25%=-346.0, 50%=-335.5, 75%=-324.0, 90%=-308.0, 95%=-297.9000244140625, 98%=-287.75994873046875
ranking_best_algo: CMApara
ranking_best_score: 344.22
ranking_my_rank: 67/504 (86.9%)
ranking_my_percent: 86.9047619047619
