ConfigName: kjsd__advperagentrankweighted__M3__L30__eps0p005__g0p0005__ds0p05__dm0p05
Problem: QUBO
Kernel: jsd
Advantage: peragentrankweighted
M: 3
lambda: 30
epsilon_svgd: 0.005
gamma: 0.0005
decay_start_ratio: 0.05
decay_min_factor: 0.05
bandwith_kernel: None
no_interact: False
avg_score: -2632.739990234375
median_score: -2642.5
std_score: 114.25625610351562
percentiles: 2%=-2847.139892578125, 5%=-2821.449951171875, 10%=-2766.0, 25%=-2698.75, 50%=-2642.5, 75%=-2561.75, 90%=-2487.39990234375, 95%=-2448.800048828125, 98%=-2418.280029296875
ranking_best_algo: DiscreteLengler2OnePlusOne
ranking_best_score: 2617.04
ranking_my_rank: 1/504 (100.0%)
ranking_my_percent: 100.0
