ConfigName: kjsd__advperagentrankweighted__M6__L8__eps0p02__g0p0005__ds0p05__dm0p05
Problem: QUBO
Kernel: jsd
Advantage: peragentrankweighted
M: 6
lambda: 8
epsilon_svgd: 0.02
gamma: 0.0005
decay_start_ratio: 0.05
decay_min_factor: 0.05
bandwith_kernel: None
no_interact: False
avg_score: -418.5
median_score: -419.0
std_score: 21.479991912841797
percentiles: 2%=-461.239990234375, 5%=-453.04998779296875, 10%=-447.0, 25%=-431.0, 50%=-419.0, 75%=-404.0, 90%=-389.79998779296875, 95%=-383.8999938964844, 98%=-377.9599914550781
ranking_best_algo: Tabu
ranking_best_score: 438.12
ranking_my_rank: 37/504 (92.9%)
ranking_my_percent: 92.85714285714286
