ConfigName: kjsd__advperagentrankweighted__M10__L24__eps0p008__g0p0005__ds0p3__dm0p05
Problem: NK
Kernel: jsd
Advantage: peragentrankweighted
M: 10
lambda: 24
epsilon_svgd: 0.008
gamma: 0.0005
decay_start_ratio: 0.3
decay_min_factor: 0.05
bandwith_kernel: None
no_interact: False
avg_score: 0.6594262719154358
median_score: 0.6600067615509033
std_score: 0.011154813691973686
percentiles: 2%=0.638026237487793, 5%=0.6416516304016113, 10%=0.6479601860046387, 25%=0.6515674591064453, 50%=0.6600067615509033, 75%=0.664201021194458, 90%=0.6757047176361084, 95%=0.678759753704071, 98%=0.6828545331954956
ranking_best_algo: PBIL
ranking_best_score: 0.733570253046875
ranking_my_rank: 290/504 (42.7%)
ranking_my_percent: 42.65873015873016
