ConfigName: krbf__advnormalizedfitness__M1__L8__eps0p025__g0p01__ds0p01__dm0p3
Problem: QUBO
Kernel: rbf
Advantage: normalizedfitness
M: 1
lambda: 8
epsilon_svgd: 0.025
gamma: 0.01
decay_start_ratio: 0.01
decay_min_factor: 0.3
bandwith_kernel: None
no_interact: False
avg_score: -551.8599853515625
median_score: -562.0
std_score: 56.772708892822266
percentiles: 2%=-608.0599975585938, 5%=-599.0, 10%=-592.0999755859375, 25%=-579.0, 50%=-562.0, 75%=-537.75, 90%=-512.9000244140625, 95%=-490.0, 98%=-456.5596923828125
ranking_best_algo: Tabu
ranking_best_score: 588.7199999999999
ranking_my_rank: 153/503 (69.8%)
ranking_my_percent: 69.78131212723657
