ConfigName: kjsd__advperagentrankweighted__M4__L12__eps0p005__g0p0005__ds0p4__dm0p05
Problem: NK
Kernel: jsd
Advantage: peragentrankweighted
M: 4
lambda: 12
epsilon_svgd: 0.005
gamma: 0.0005
decay_start_ratio: 0.4
decay_min_factor: 0.05
bandwith_kernel: None
no_interact: False
avg_score: 0.7074598670005798
median_score: 0.7094348073005676
std_score: 0.011756873689591885
percentiles: 2%=0.6877367496490479, 5%=0.6893648505210876, 10%=0.6931593418121338, 25%=0.6964232921600342, 50%=0.7094348073005676, 75%=0.7173487544059753, 90%=0.7218573093414307, 95%=0.7234084606170654, 98%=0.7244750261306763
ranking_best_algo: PBIL
ranking_best_score: 0.7013553837109374
ranking_my_rank: 1/504 (100.0%)
ranking_my_percent: 100.0
