ConfigName: kjsd__advperagentrankweighted__M4__L8__eps0p03__g0p0007__ds0p05__dm0p05
Problem: NK
Kernel: jsd
Advantage: peragentrankweighted
M: 4
lambda: 8
epsilon_svgd: 0.03
gamma: 0.0007
decay_start_ratio: 0.05
decay_min_factor: 0.05
bandwith_kernel: None
no_interact: False
avg_score: 0.7080746293067932
median_score: 0.6954540610313416
std_score: 0.03134304657578468
percentiles: 2%=0.6697719097137451, 5%=0.672535240650177, 10%=0.6736229658126831, 25%=0.6798144578933716, 50%=0.6954540610313416, 75%=0.7414394617080688, 90%=0.7521345615386963, 95%=0.756682276725769, 98%=0.7613165378570557
ranking_best_algo: CMApara
ranking_best_score: 0.7118996098437498
ranking_my_rank: 81/504 (84.1%)
ranking_my_percent: 84.12698412698413
