ConfigName: krbf__advnormalizedfitness__M3__L15__eps0p015__g0p007__ds0p01__dm0p3
Problem: QUBO
Kernel: rbf
Advantage: normalizedfitness
M: 3
lambda: 15
epsilon_svgd: 0.015
gamma: 0.007
decay_start_ratio: 0.01
decay_min_factor: 0.3
bandwith_kernel: None
no_interact: False
avg_score: -200.0399932861328
median_score: -201.0
std_score: 12.537878036499023
percentiles: 2%=-224.0, 5%=-221.0500030517578, 10%=-219.0, 25%=-207.0, 50%=-201.0, 75%=-192.0, 90%=-183.0, 95%=-179.95001220703125, 98%=-174.97999572753906
ranking_best_algo: Tabu
ranking_best_score: 208.36000000000004
ranking_my_rank: 54/504 (89.5%)
ranking_my_percent: 89.48412698412699
