ConfigName: krbf__advnormalizedfitness__M3__L15__eps0p033__g0p015__ds0p01__dm0p3
Problem: NK
Kernel: rbf
Advantage: normalizedfitness
M: 3
lambda: 15
epsilon_svgd: 0.033
gamma: 0.015
decay_start_ratio: 0.01
decay_min_factor: 0.3
bandwith_kernel: None
no_interact: False
avg_score: 0.7304093241691589
median_score: 0.7308348417282104
std_score: 0.009216206148266792
percentiles: 2%=0.7064521312713623, 5%=0.7146697044372559, 10%=0.7200214266777039, 25%=0.7246243953704834, 50%=0.7308348417282104, 75%=0.737481415271759, 90%=0.7409396767616272, 95%=0.7434313893318176, 98%=0.7452787756919861
ranking_best_algo: PBIL
ranking_best_score: 0.730509098125
ranking_my_rank: 2/504 (99.8%)
ranking_my_percent: 99.8015873015873
