ConfigName: kjsd__advperagentrankweighted__M4__L20__eps0p005__g0p001__ds0p2__dm0p05
Problem: NK
Kernel: jsd
Advantage: peragentrankweighted
M: 4
lambda: 20
epsilon_svgd: 0.005
gamma: 0.001
decay_start_ratio: 0.2
decay_min_factor: 0.05
bandwith_kernel: None
no_interact: False
avg_score: 0.7362949252128601
median_score: 0.736689567565918
std_score: 0.012954356148838997
percentiles: 2%=0.7138218879699707, 5%=0.716407060623169, 10%=0.7198488116264343, 25%=0.7256488800048828, 50%=0.736689567565918, 75%=0.7449580430984497, 90%=0.7528228163719177, 95%=0.756283164024353, 98%=0.7618296146392822
ranking_best_algo: PBIL
ranking_best_score: 0.733570253046875
ranking_my_rank: 1/504 (100.0%)
ranking_my_percent: 100.0
