ConfigName: krbf__advnormalizedfitness__M3__L8__eps0p025__g0p01__ds0p15__dm0p01
Problem: QUBO
Kernel: rbf
Advantage: normalizedfitness
M: 3
lambda: 8
epsilon_svgd: 0.025
gamma: 0.01
decay_start_ratio: 0.15
decay_min_factor: 0.01
bandwith_kernel: None
no_interact: False
avg_score: -1279.0999755859375
median_score: -1275.0
std_score: 66.91105651855469
percentiles: 2%=-1401.4000244140625, 5%=-1391.0999755859375, 10%=-1375.199951171875, 25%=-1324.25, 50%=-1275.0, 75%=-1229.75, 90%=-1195.5999755859375, 95%=-1169.8499755859375, 98%=-1146.8399658203125
ranking_best_algo: BigLognormalDiscreteOnePlusOne
ranking_best_score: 1301.3600000000004
ranking_my_rank: 32/504 (93.8%)
ranking_my_percent: 93.84920634920636
