ConfigName: kjsd__advperagentrankweighted__M3__L18__eps0p01__g0p001__ds0p2__dm0p1
Problem: NK
Kernel: jsd
Advantage: peragentrankweighted
M: 3
lambda: 18
epsilon_svgd: 0.01
gamma: 0.001
decay_start_ratio: 0.2
decay_min_factor: 0.1
bandwith_kernel: None
no_interact: False
avg_score: 0.7401976585388184
median_score: 0.7395793795585632
std_score: 0.014335437677800655
percentiles: 2%=0.7143775224685669, 5%=0.7173638939857483, 10%=0.7235283255577087, 25%=0.7287787199020386, 50%=0.7395793795585632, 75%=0.7507240772247314, 90%=0.7582180500030518, 95%=0.7648390531539917, 98%=0.7714853882789612
ranking_best_algo: Tabu
ranking_best_score: 0.7601875690625
ranking_my_rank: 15/504 (97.2%)
ranking_my_percent: 97.22222222222223
