ConfigName: krbf__advnormalizedfitness__M4__L8__eps0p033__g0p005__ds0p3__dm0p3
Problem: QUBO
Kernel: rbf
Advantage: normalizedfitness
M: 4
lambda: 8
epsilon_svgd: 0.033
gamma: 0.005
decay_start_ratio: 0.3
decay_min_factor: 0.3
bandwith_kernel: None
no_interact: False
avg_score: -309.6600036621094
median_score: -316.0
std_score: 38.46354675292969
percentiles: 2%=-394.0799865722656, 5%=-388.1000061035156, 10%=-357.0, 25%=-334.0, 50%=-316.0, 75%=-274.0, 90%=-265.8999938964844, 95%=-262.0, 98%=-252.95999145507812
ranking_best_algo: CMApara
ranking_best_score: 319.29999999999995
ranking_my_rank: 72/504 (85.9%)
ranking_my_percent: 85.91269841269842
