ConfigName: krbf__advnormalizedfitness__M3__L12__eps0p025__g0p01__ds0p15__dm0p3
Problem: NK
Kernel: rbf
Advantage: normalizedfitness
M: 3
lambda: 12
epsilon_svgd: 0.025
gamma: 0.01
decay_start_ratio: 0.15
decay_min_factor: 0.3
bandwith_kernel: None
no_interact: False
avg_score: 0.631929874420166
median_score: 0.628079354763031
std_score: 0.019560979679226875
percentiles: 2%=0.606178879737854, 5%=0.6084946393966675, 10%=0.6128101348876953, 25%=0.6184809803962708, 50%=0.628079354763031, 75%=0.6399069428443909, 90%=0.6519109606742859, 95%=0.674254834651947, 98%=0.6866818070411682
ranking_best_algo: Tabu
ranking_best_score: 0.7429702712499999
ranking_my_rank: 364/504 (28.0%)
ranking_my_percent: 27.976190476190474
