ConfigName: krbf__advnormalizedfitness__M4__L12__eps0p025__g0p01__ds0p15__dm0p01
Problem: QUBO
Kernel: rbf
Advantage: normalizedfitness
M: 4
lambda: 12
epsilon_svgd: 0.025
gamma: 0.01
decay_start_ratio: 0.15
decay_min_factor: 0.01
bandwith_kernel: None
no_interact: False
avg_score: -864.9400024414062
median_score: -863.5
std_score: 73.62510681152344
percentiles: 2%=-998.02001953125, 5%=-982.4000244140625, 10%=-960.0999755859375, 25%=-920.25, 50%=-863.5, 75%=-801.75, 90%=-776.9000244140625, 95%=-748.9000244140625, 98%=-735.719970703125
ranking_best_algo: CMAL3
ranking_best_score: 928.5800000000002
ranking_my_rank: 177/504 (65.1%)
ranking_my_percent: 65.07936507936508
