ConfigName: kjsd__advperagentrankweighted__M6__L8__eps0p02__g0p0007__ds0p05__dm0p05
Problem: QUBO
Kernel: jsd
Advantage: peragentrankweighted
M: 6
lambda: 8
epsilon_svgd: 0.02
gamma: 0.0007
decay_start_ratio: 0.05
decay_min_factor: 0.05
bandwith_kernel: None
no_interact: False
avg_score: -580.8400268554688
median_score: -579.5
std_score: 24.896875381469727
percentiles: 2%=-627.1599731445312, 5%=-625.0, 10%=-617.0, 25%=-598.25, 50%=-579.5, 75%=-562.75, 90%=-549.0, 95%=-541.9500122070312, 98%=-533.97998046875
ranking_best_algo: Tabu
ranking_best_score: 588.7199999999999
ranking_my_rank: 37/503 (92.8%)
ranking_my_percent: 92.84294234592446
