ConfigName: kjsd__advperagentrankweighted__M5__L12__eps0p02__g0p0005__ds0p05__dm0p05
Problem: NK
Kernel: jsd
Advantage: peragentrankweighted
M: 5
lambda: 12
epsilon_svgd: 0.02
gamma: 0.0005
decay_start_ratio: 0.05
decay_min_factor: 0.05
bandwith_kernel: None
no_interact: False
avg_score: 0.73755943775177
median_score: 0.7358729839324951
std_score: 0.013051055371761322
percentiles: 2%=0.7128813862800598, 5%=0.7190793752670288, 10%=0.7223399877548218, 25%=0.7277379631996155, 50%=0.7358729839324951, 75%=0.746497631072998, 90%=0.7537250518798828, 95%=0.76223224401474, 98%=0.7670602798461914
ranking_best_algo: Tabu
ranking_best_score: 0.7601875690625
ranking_my_rank: 20/504 (96.2%)
ranking_my_percent: 96.23015873015873
