ConfigName: kjsd__advperagentrankweighted__M4__L12__eps0p03__g0p0007__ds0p2__dm0p05
Problem: QUBO
Kernel: jsd
Advantage: peragentrankweighted
M: 4
lambda: 12
epsilon_svgd: 0.03
gamma: 0.0007
decay_start_ratio: 0.2
decay_min_factor: 0.05
bandwith_kernel: None
no_interact: False
avg_score: -326.4599914550781
median_score: -327.5
std_score: 23.5327091217041
percentiles: 2%=-372.0, 5%=-361.0, 10%=-354.0, 25%=-342.25, 50%=-327.5, 75%=-309.5, 90%=-291.8999938964844, 95%=-285.95001220703125, 98%=-281.79998779296875
ranking_best_algo: CMApara
ranking_best_score: 344.22
ranking_my_rank: 111/504 (78.2%)
ranking_my_percent: 78.17460317460318
