ConfigName: kjsd__advperagentrankweighted__M4__L12__eps0p005__g0p0003__ds0p2__dm0p05
Problem: QUBO
Kernel: jsd
Advantage: peragentrankweighted
M: 4
lambda: 12
epsilon_svgd: 0.005
gamma: 0.0003
decay_start_ratio: 0.2
decay_min_factor: 0.05
bandwith_kernel: None
no_interact: False
avg_score: -138.74000549316406
median_score: -137.5
std_score: 11.622925758361816
percentiles: 2%=-160.0, 5%=-157.0, 10%=-155.0, 25%=-148.0, 50%=-137.5, 75%=-129.0, 90%=-124.80000305175781, 95%=-120.94999694824219, 98%=-118.91999816894531
ranking_best_algo: DiscreteDE
ranking_best_score: 143.4
ranking_my_rank: 96/504 (81.2%)
ranking_my_percent: 81.15079365079364
