ConfigName: kjsd__advperagentrankweighted__M3__L20__eps0p007__g0p0007__ds0p1__dm0p05
Problem: QUBO
Kernel: jsd
Advantage: peragentrankweighted
M: 3
lambda: 20
epsilon_svgd: 0.007
gamma: 0.0007
decay_start_ratio: 0.1
decay_min_factor: 0.05
bandwith_kernel: None
no_interact: False
avg_score: -579.5800170898438
median_score: -577.5
std_score: 29.465635299682617
percentiles: 2%=-631.0599975585938, 5%=-626.1500244140625, 10%=-619.0999755859375, 25%=-599.5, 50%=-577.5, 75%=-559.0, 90%=-540.5999755859375, 95%=-528.9000244140625, 98%=-523.9000244140625
ranking_best_algo: Tabu
ranking_best_score: 588.7199999999999
ranking_my_rank: 40/503 (92.2%)
ranking_my_percent: 92.2465208747515
