ConfigName: kjsd__advperagentrankweighted__M3__L20__eps0p005__g0p003__ds0p2__dm0p05
Problem: QUBO
Kernel: jsd
Advantage: peragentrankweighted
M: 3
lambda: 20
epsilon_svgd: 0.005
gamma: 0.003
decay_start_ratio: 0.2
decay_min_factor: 0.05
bandwith_kernel: None
no_interact: False
avg_score: -331.1199951171875
median_score: -334.0
std_score: 19.11297035217285
percentiles: 2%=-361.1000061035156, 5%=-357.0, 10%=-354.0, 25%=-343.0, 50%=-334.0, 75%=-320.0, 90%=-308.0, 95%=-293.95001220703125, 98%=-286.94000244140625
ranking_best_algo: CMApara
ranking_best_score: 344.22
ranking_my_rank: 77/504 (84.9%)
ranking_my_percent: 84.92063492063492
