ConfigName: krbf__advnormalizedfitness__M3__L8__eps0p025__g0p015__ds0p15__dm0p3
Problem: NK
Kernel: rbf
Advantage: normalizedfitness
M: 3
lambda: 8
epsilon_svgd: 0.025
gamma: 0.015
decay_start_ratio: 0.15
decay_min_factor: 0.3
bandwith_kernel: None
no_interact: False
avg_score: 0.7444708347320557
median_score: 0.7423104643821716
std_score: 0.028651146218180656
percentiles: 2%=0.7055594325065613, 5%=0.7059838771820068, 10%=0.7107214331626892, 25%=0.7195178866386414, 50%=0.7423104643821716, 75%=0.7580187320709229, 90%=0.7783300280570984, 95%=0.8044298887252808, 98%=0.8118547797203064
ranking_best_algo: CMApara
ranking_best_score: 0.7459277895312499
ranking_my_rank: 3/504 (99.6%)
ranking_my_percent: 99.60317460317461
