ConfigName: krbf__advnormalizedfitness__M4__L10__eps0p03__g0p01__ds0p15__dm0p05
Problem: QUBO
Kernel: rbf
Advantage: normalizedfitness
M: 4
lambda: 10
epsilon_svgd: 0.03
gamma: 0.01
decay_start_ratio: 0.15
decay_min_factor: 0.05
bandwith_kernel: None
no_interact: False
avg_score: -429.17999267578125
median_score: -427.0
std_score: 26.990510940551758
percentiles: 2%=-479.0, 5%=-475.0, 10%=-467.3999938964844, 25%=-450.25, 50%=-427.0, 75%=-410.0, 90%=-396.0, 95%=-394.79998779296875, 98%=-383.7200012207031
ranking_best_algo: CMAL3
ranking_best_score: 435.36
ranking_my_rank: 11/504 (98.0%)
ranking_my_percent: 98.01587301587301
