ConfigName: kjsd__advperagentrankweighted__M4__L24__eps0p03__g0p0003__ds0p2__dm0p05
Problem: NK
Kernel: jsd
Advantage: peragentrankweighted
M: 4
lambda: 24
epsilon_svgd: 0.03
gamma: 0.0003
decay_start_ratio: 0.2
decay_min_factor: 0.05
bandwith_kernel: None
no_interact: False
avg_score: 0.7193882465362549
median_score: 0.7187453508377075
std_score: 0.010506655089557171
percentiles: 2%=0.7031020522117615, 5%=0.7044113874435425, 10%=0.7069442272186279, 25%=0.7123675346374512, 50%=0.7187453508377075, 75%=0.7263202667236328, 90%=0.7321164608001709, 95%=0.7333196401596069, 98%=0.7458915710449219
ranking_best_algo: Tabu
ranking_best_score: 0.7429702712499999
ranking_my_rank: 22/504 (95.8%)
ranking_my_percent: 95.83333333333333
