ConfigName: krbf__advnormalizedfitness__M3__L15__eps0p025__g0p015__ds0p01__dm0p3
Problem: QUBO
Kernel: rbf
Advantage: normalizedfitness
M: 3
lambda: 15
epsilon_svgd: 0.025
gamma: 0.015
decay_start_ratio: 0.01
decay_min_factor: 0.3
bandwith_kernel: None
no_interact: False
avg_score: -147.6199951171875
median_score: -146.5
std_score: 12.654470443725586
percentiles: 2%=-179.0, 5%=-177.10000610351562, 10%=-158.1999969482422, 25%=-155.0, 50%=-146.5, 75%=-139.0, 90%=-132.89999389648438, 95%=-129.0, 98%=-122.87997436523438
ranking_best_algo: CMApara
ranking_best_score: 154.28
ranking_my_rank: 94/504 (81.5%)
ranking_my_percent: 81.54761904761905
