ConfigName: krbf__advnormalizedfitness__M3__L8__eps0p015__g0p015__ds0p01__dm0p3
Problem: NK
Kernel: rbf
Advantage: normalizedfitness
M: 3
lambda: 8
epsilon_svgd: 0.015
gamma: 0.015
decay_start_ratio: 0.01
decay_min_factor: 0.3
bandwith_kernel: None
no_interact: False
avg_score: 0.6882556080818176
median_score: 0.6929020881652832
std_score: 0.012823430821299553
percentiles: 2%=0.667086660861969, 5%=0.6690245866775513, 10%=0.6712843775749207, 25%=0.6751543283462524, 50%=0.6929020881652832, 75%=0.6985406875610352, 90%=0.7025303244590759, 95%=0.7029711604118347, 98%=0.7100711464881897
ranking_best_algo: PBIL
ranking_best_score: 0.7013553837109374
ranking_my_rank: 80/504 (84.3%)
ranking_my_percent: 84.32539682539682
