ConfigName: kjsd__advperagentrankweighted__M3__L18__eps0p005__g0p0007__ds0p05__dm0p05
Problem: NK
Kernel: jsd
Advantage: peragentrankweighted
M: 3
lambda: 18
epsilon_svgd: 0.005
gamma: 0.0007
decay_start_ratio: 0.05
decay_min_factor: 0.05
bandwith_kernel: None
no_interact: False
avg_score: 0.7538556456565857
median_score: 0.7544441223144531
std_score: 0.013624160550534725
percentiles: 2%=0.7285768389701843, 5%=0.7304526567459106, 10%=0.7353457808494568, 25%=0.7449377179145813, 50%=0.7544441223144531, 75%=0.7620831727981567, 90%=0.7681604623794556, 95%=0.7769696712493896, 98%=0.7830557823181152
ranking_best_algo: Tabu
ranking_best_score: 0.7657846284375001
ranking_my_rank: 9/504 (98.4%)
ranking_my_percent: 98.41269841269842
