ConfigName: krbf__advnormalizedfitness__M4__L15__eps0p015__g0p005__ds0p15__dm0p01
Problem: QUBO
Kernel: rbf
Advantage: normalizedfitness
M: 4
lambda: 15
epsilon_svgd: 0.015
gamma: 0.005
decay_start_ratio: 0.15
decay_min_factor: 0.01
bandwith_kernel: None
no_interact: False
avg_score: -413.70001220703125
median_score: -412.0
std_score: 29.03084373474121
percentiles: 2%=-471.0400085449219, 5%=-465.29998779296875, 10%=-450.8999938964844, 25%=-432.25, 50%=-412.0, 75%=-398.75, 90%=-381.8000183105469, 95%=-360.8500061035156, 98%=-353.9599914550781
ranking_best_algo: CMAL3
ranking_best_score: 435.36
ranking_my_rank: 127/504 (75.0%)
ranking_my_percent: 75.0
