ConfigName: kjsd__advperagentrankweighted__M3__L16__eps0p007__g0p003__ds0p2__dm0p1
Problem: NK
Kernel: jsd
Advantage: peragentrankweighted
M: 3
lambda: 16
epsilon_svgd: 0.007
gamma: 0.003
decay_start_ratio: 0.2
decay_min_factor: 0.1
bandwith_kernel: None
no_interact: False
avg_score: 0.7296384572982788
median_score: 0.7312032580375671
std_score: 0.013131155632436275
percentiles: 2%=0.702460765838623, 5%=0.7077688574790955, 10%=0.7111184597015381, 25%=0.7194685339927673, 50%=0.7312032580375671, 75%=0.7398273944854736, 90%=0.745349109172821, 95%=0.7482871413230896, 98%=0.7517684102058411
ranking_best_algo: PBIL
ranking_best_score: 0.733570253046875
ranking_my_rank: 2/504 (99.8%)
ranking_my_percent: 99.8015873015873
