ConfigName: kjsd__advperagentrankweighted__M4__L12__eps0p02__g0p0007__ds0p05__dm0p05
Problem: QUBO
Kernel: jsd
Advantage: peragentrankweighted
M: 4
lambda: 12
epsilon_svgd: 0.02
gamma: 0.0007
decay_start_ratio: 0.05
decay_min_factor: 0.05
bandwith_kernel: None
no_interact: False
avg_score: -2572.080078125
median_score: -2576.5
std_score: 106.8836441040039
percentiles: 2%=-2785.139892578125, 5%=-2760.10009765625, 10%=-2705.39990234375, 25%=-2638.75, 50%=-2576.5, 75%=-2508.25, 90%=-2421.60009765625, 95%=-2381.800048828125, 98%=-2355.919921875
ranking_best_algo: SVM1MetaModelLogNormal
ranking_best_score: 2605.14
ranking_my_rank: 14/504 (97.4%)
ranking_my_percent: 97.42063492063492
