ConfigName: kjsd__advperagentrankweighted__M10__L12__eps0p008__g0p0005__ds0p3__dm0p05
Problem: QUBO
Kernel: jsd
Advantage: peragentrankweighted
M: 10
lambda: 12
epsilon_svgd: 0.008
gamma: 0.0005
decay_start_ratio: 0.3
decay_min_factor: 0.05
bandwith_kernel: None
no_interact: False
avg_score: -443.8599853515625
median_score: -447.5
std_score: 25.448387145996094
percentiles: 2%=-490.0, 5%=-480.04998779296875, 10%=-473.0, 25%=-465.5, 50%=-447.5, 75%=-429.0, 90%=-404.8999938964844, 95%=-402.0, 98%=-392.8599853515625
ranking_best_algo: CMApara
ranking_best_score: 453.82
ranking_my_rank: 7/504 (98.8%)
ranking_my_percent: 98.80952380952381
