ConfigName: kjsd__advperagentrankweighted__M4__L8__eps0p03__g0p0003__ds0p2__dm0p05
Problem: QUBO
Kernel: jsd
Advantage: peragentrankweighted
M: 4
lambda: 8
epsilon_svgd: 0.03
gamma: 0.0003
decay_start_ratio: 0.2
decay_min_factor: 0.05
bandwith_kernel: None
no_interact: False
avg_score: -416.3999938964844
median_score: -416.5
std_score: 28.633546829223633
percentiles: 2%=-471.20001220703125, 5%=-466.04998779296875, 10%=-453.3999938964844, 25%=-435.25, 50%=-416.5, 75%=-397.75, 90%=-378.8999938964844, 95%=-369.95001220703125, 98%=-361.9599914550781
ranking_best_algo: CMApara
ranking_best_score: 453.82
ranking_my_rank: 187/504 (63.1%)
ranking_my_percent: 63.095238095238095
