ConfigName: kfr__advglobalrankweighted__M4__L11__eps0p01__g0p007__ds0p01__dm0p01
Problem: QUBO
Kernel: fr
Advantage: globalrankweighted
M: 4
lambda: 11
epsilon_svgd: 0.01
gamma: 0.007
decay_start_ratio: 0.01
decay_min_factor: 0.01
bandwith_kernel: None
no_interact: False
avg_score: -917.3800048828125
median_score: -912.0
std_score: 70.35762786865234
percentiles: 2%=-1062.0400390625, 5%=-1028.25, 10%=-1014.2000122070312, 25%=-970.75, 50%=-912.0, 75%=-864.75, 90%=-823.9000244140625, 95%=-806.9000244140625, 98%=-792.9199829101562
ranking_best_algo: CMApara
ranking_best_score: 964.9
ranking_my_rank: 68/504 (86.7%)
ranking_my_percent: 86.7063492063492
