ConfigName: kfr__advglobalrankweighted__M5__L11__eps0p02__g0p007__ds0p01__dm0p01
Problem: QUBO
Kernel: fr
Advantage: globalrankweighted
M: 5
lambda: 11
epsilon_svgd: 0.02
gamma: 0.007
decay_start_ratio: 0.01
decay_min_factor: 0.01
bandwith_kernel: None
no_interact: False
avg_score: -1460.4200439453125
median_score: -1458.0
std_score: 71.15253448486328
percentiles: 2%=-1579.4599609375, 5%=-1566.0999755859375, 10%=-1554.0999755859375, 25%=-1515.25, 50%=-1458.0, 75%=-1418.5, 90%=-1357.9000244140625, 95%=-1351.900146484375, 98%=-1308.9599609375
ranking_best_algo: NLOPT_LN_PRAXIS
ranking_best_score: 1607.12
ranking_my_rank: 86/504 (83.1%)
ranking_my_percent: 83.13492063492063
