ConfigName: krbf__advnormalizedfitness__M3__L15__eps0p025__g0p015__ds0p3__dm0p3
Problem: QUBO
Kernel: rbf
Advantage: normalizedfitness
M: 3
lambda: 15
epsilon_svgd: 0.025
gamma: 0.015
decay_start_ratio: 0.3
decay_min_factor: 0.3
bandwith_kernel: None
no_interact: False
avg_score: -1464.5799560546875
median_score: -1446.0
std_score: 194.31434631347656
percentiles: 2%=-1916.6400146484375, 5%=-1796.3499755859375, 10%=-1714.0999755859375, 25%=-1612.5, 50%=-1446.0, 75%=-1330.0, 90%=-1233.0, 95%=-1192.550048828125, 98%=-1153.7998046875
ranking_best_algo: RLSOnePlusOne
ranking_best_score: 3316.5199999999995
ranking_my_rank: 368/504 (27.2%)
ranking_my_percent: 27.182539682539684
