ConfigName: krbf__advnormalizedfitness__M2__L8__eps0p015__g0p01__ds0p01__dm0p3
Problem: QUBO
Kernel: rbf
Advantage: normalizedfitness
M: 2
lambda: 8
epsilon_svgd: 0.015
gamma: 0.01
decay_start_ratio: 0.01
decay_min_factor: 0.3
bandwith_kernel: None
no_interact: False
avg_score: -307.5799865722656
median_score: -297.5
std_score: 38.64897918701172
percentiles: 2%=-394.0, 5%=-384.20001220703125, 10%=-353.79998779296875, 25%=-331.0, 50%=-297.5, 75%=-272.75, 90%=-263.8999938964844, 95%=-260.8500061035156, 98%=-255.86000061035156
ranking_best_algo: CMApara
ranking_best_score: 319.29999999999995
ranking_my_rank: 96/504 (81.2%)
ranking_my_percent: 81.15079365079364
