ConfigName: kjsd__advperagentrankweighted__M6__L8__eps0p02__g0p0007__ds0p05__dm0p05
Problem: QUBO
Kernel: jsd
Advantage: peragentrankweighted
M: 6
lambda: 8
epsilon_svgd: 0.02
gamma: 0.0007
decay_start_ratio: 0.05
decay_min_factor: 0.05
bandwith_kernel: None
no_interact: False
avg_score: -412.8399963378906
median_score: -412.0
std_score: 23.837247848510742
percentiles: 2%=-467.0400085449219, 5%=-455.1000061035156, 10%=-442.29998779296875, 25%=-430.0, 50%=-412.0, 75%=-396.75, 90%=-382.0, 95%=-377.8999938964844, 98%=-369.760009765625
ranking_best_algo: Tabu
ranking_best_score: 438.12
ranking_my_rank: 64/504 (87.5%)
ranking_my_percent: 87.5
