ConfigName: krbf__advnormalizedfitness__M3__L8__eps0p015__g0p005__ds0p01__dm0p3
Problem: QUBO
Kernel: rbf
Advantage: normalizedfitness
M: 3
lambda: 8
epsilon_svgd: 0.015
gamma: 0.005
decay_start_ratio: 0.01
decay_min_factor: 0.3
bandwith_kernel: None
no_interact: False
avg_score: -2585.679931640625
median_score: -2582.0
std_score: 124.91459655761719
percentiles: 2%=-2792.10009765625, 5%=-2782.39990234375, 10%=-2776.0, 25%=-2679.5, 50%=-2582.0, 75%=-2486.5, 90%=-2434.0, 95%=-2353.5, 98%=-2327.9599609375
ranking_best_algo: DiscreteLengler2OnePlusOne
ranking_best_score: 2617.04
ranking_my_rank: 43/504 (91.7%)
ranking_my_percent: 91.66666666666667
