ConfigName: kjsd__advperagentrankweighted__M5__L12__eps0p03__g0p0005__ds0p2__dm0p05
Problem: QUBO
Kernel: jsd
Advantage: peragentrankweighted
M: 5
lambda: 12
epsilon_svgd: 0.03
gamma: 0.0005
decay_start_ratio: 0.2
decay_min_factor: 0.05
bandwith_kernel: None
no_interact: False
avg_score: -2613.320068359375
median_score: -2611.0
std_score: 118.88910675048828
percentiles: 2%=-2859.3798828125, 5%=-2780.050048828125, 10%=-2760.800048828125, 25%=-2717.0, 50%=-2611.0, 75%=-2534.0, 90%=-2457.199951171875, 95%=-2434.64990234375, 98%=-2399.780029296875
ranking_best_algo: DiscreteLengler2OnePlusOne
ranking_best_score: 2617.04
ranking_my_rank: 2/504 (99.8%)
ranking_my_percent: 99.8015873015873
