ConfigName: kjsd__advperagentrankweighted__M3__L16__eps0p007__g0p003__ds0p05__dm0p1
Problem: QUBO
Kernel: jsd
Advantage: peragentrankweighted
M: 3
lambda: 16
epsilon_svgd: 0.007
gamma: 0.003
decay_start_ratio: 0.05
decay_min_factor: 0.1
bandwith_kernel: None
no_interact: False
avg_score: -925.0800170898438
median_score: -922.0
std_score: 62.68408203125
percentiles: 2%=-1046.3399658203125, 5%=-1038.25, 10%=-1010.5, 25%=-963.75, 50%=-922.0, 75%=-880.5, 90%=-842.7999877929688, 95%=-832.5999755859375, 98%=-814.8200073242188
ranking_best_algo: CMApara
ranking_best_score: 964.9
ranking_my_rank: 21/504 (96.0%)
ranking_my_percent: 96.03174603174604
