ConfigName: krbf__advnormalizedfitness__M4__L10__eps0p033__g0p005__ds0p15__dm0p01
Problem: QUBO
Kernel: rbf
Advantage: normalizedfitness
M: 4
lambda: 10
epsilon_svgd: 0.033
gamma: 0.005
decay_start_ratio: 0.15
decay_min_factor: 0.01
bandwith_kernel: None
no_interact: False
avg_score: -940.6199951171875
median_score: -934.0
std_score: 65.88957214355469
percentiles: 2%=-1072.0400390625, 5%=-1062.300048828125, 10%=-1038.0999755859375, 25%=-980.5, 50%=-934.0, 75%=-892.75, 90%=-862.1000366210938, 95%=-850.6000366210938, 98%=-827.8797607421875
ranking_best_algo: CMApara
ranking_best_score: 964.9
ranking_my_rank: 6/504 (99.0%)
ranking_my_percent: 99.0079365079365
