ConfigName: krbf__advnormalizedfitness__M3__L12__eps0p025__g0p007__ds0p15__dm0p01
Problem: QUBO
Kernel: rbf
Advantage: normalizedfitness
M: 3
lambda: 12
epsilon_svgd: 0.025
gamma: 0.007
decay_start_ratio: 0.15
decay_min_factor: 0.01
bandwith_kernel: None
no_interact: False
avg_score: -332.1600036621094
median_score: -334.0
std_score: 20.15773582458496
percentiles: 2%=-372.0, 5%=-361.54998779296875, 10%=-354.0, 25%=-343.5, 50%=-334.0, 75%=-320.0, 90%=-300.8999938964844, 95%=-296.0, 98%=-291.9599914550781
ranking_best_algo: CMApara
ranking_best_score: 344.22
ranking_my_rank: 72/504 (85.9%)
ranking_my_percent: 85.91269841269842
