ConfigName: krbf__advnormalizedfitness__M4__L10__eps0p02__g0p01__ds0p15__dm0p05
Problem: QUBO
Kernel: rbf
Advantage: normalizedfitness
M: 4
lambda: 10
epsilon_svgd: 0.02
gamma: 0.01
decay_start_ratio: 0.15
decay_min_factor: 0.05
bandwith_kernel: None
no_interact: False
avg_score: -411.7200012207031
median_score: -414.0
std_score: 26.606046676635742
percentiles: 2%=-469.0400085449219, 5%=-453.20001220703125, 10%=-442.3999938964844, 25%=-432.0, 50%=-414.0, 75%=-392.0, 90%=-376.8999938964844, 95%=-365.8999938964844, 98%=-361.9200134277344
ranking_best_algo: Tabu
ranking_best_score: 438.12
ranking_my_rank: 77/504 (84.9%)
ranking_my_percent: 84.92063492063492
