ConfigName: krbf__advnormalizedfitness__M2__L10__eps0p025__g0p01__ds0p15__dm0p01
Problem: QUBO
Kernel: rbf
Advantage: normalizedfitness
M: 2
lambda: 10
epsilon_svgd: 0.025
gamma: 0.01
decay_start_ratio: 0.15
decay_min_factor: 0.01
bandwith_kernel: None
no_interact: False
avg_score: -575.5999755859375
median_score: -575.0
std_score: 26.793283462524414
percentiles: 2%=-633.0, 5%=-617.2000122070312, 10%=-612.0999755859375, 25%=-592.25, 50%=-575.0, 75%=-559.75, 90%=-540.7000122070312, 95%=-530.9000244140625, 98%=-524.8800048828125
ranking_best_algo: Tabu
ranking_best_score: 588.7199999999999
ranking_my_rank: 57/503 (88.9%)
ranking_my_percent: 88.86679920477137
