ConfigName: kjsd__advperagentrankweighted__M15__L8__eps0p005__g0p0005__ds0p05__dm0p05
Problem: NK
Kernel: jsd
Advantage: peragentrankweighted
M: 15
lambda: 8
epsilon_svgd: 0.005
gamma: 0.0005
decay_start_ratio: 0.05
decay_min_factor: 0.05
bandwith_kernel: None
no_interact: False
avg_score: 0.6583359241485596
median_score: 0.657561182975769
std_score: 0.011174717918038368
percentiles: 2%=0.639326274394989, 5%=0.6408854722976685, 10%=0.6424077153205872, 25%=0.6511952877044678, 50%=0.657561182975769, 75%=0.665709912776947, 90%=0.6730687618255615, 95%=0.674974262714386, 98%=0.6803924441337585
ranking_best_algo: PBIL
ranking_best_score: 0.733570253046875
ranking_my_rank: 293/504 (42.1%)
ranking_my_percent: 42.06349206349206
