ConfigName: kjsd__advperagentrankweighted__M3__L16__eps0p007__g0p0005__ds0p2__dm0p2
Problem: QUBO
Kernel: jsd
Advantage: peragentrankweighted
M: 3
lambda: 16
epsilon_svgd: 0.007
gamma: 0.0005
decay_start_ratio: 0.2
decay_min_factor: 0.2
bandwith_kernel: None
no_interact: False
avg_score: -1627.239990234375
median_score: -1623.5
std_score: 56.79051208496094
percentiles: 2%=-1738.1600341796875, 5%=-1728.0999755859375, 10%=-1712.0999755859375, 25%=-1661.5, 50%=-1623.5, 75%=-1583.25, 90%=-1560.800048828125, 95%=-1533.949951171875, 98%=-1524.8399658203125
ranking_best_algo: NLOPT_LN_PRAXIS
ranking_best_score: 1607.12
ranking_my_rank: 1/504 (100.0%)
ranking_my_percent: 100.0
