ConfigName: kfr__advglobalrankweighted__M2__L11__eps0p01__g0p007__ds0p01__dm0p01
Problem: QUBO
Kernel: fr
Advantage: globalrankweighted
M: 2
lambda: 11
epsilon_svgd: 0.01
gamma: 0.007
decay_start_ratio: 0.01
decay_min_factor: 0.01
bandwith_kernel: None
no_interact: False
avg_score: -2581.4599609375
median_score: -2580.0
std_score: 130.0358123779297
percentiles: 2%=-2824.06005859375, 5%=-2798.949951171875, 10%=-2780.0, 25%=-2677.25, 50%=-2580.0, 75%=-2490.0, 90%=-2394.5, 95%=-2377.85009765625, 98%=-2335.93994140625
ranking_best_algo: SVM1MetaModelLogNormal
ranking_best_score: 2605.14
ranking_my_rank: 13/504 (97.6%)
ranking_my_percent: 97.61904761904762
