ConfigName: krbf__advnormalizedfitness__M3__L8__eps0p033__g0p005__ds0p15__dm0p01
Problem: QUBO
Kernel: rbf
Advantage: normalizedfitness
M: 3
lambda: 8
epsilon_svgd: 0.033
gamma: 0.005
decay_start_ratio: 0.15
decay_min_factor: 0.01
bandwith_kernel: None
no_interact: False
avg_score: -411.739990234375
median_score: -411.0
std_score: 27.99879264831543
percentiles: 2%=-465.0799865722656, 5%=-457.20001220703125, 10%=-450.1000061035156, 25%=-431.25, 50%=-411.0, 75%=-391.5, 90%=-373.79998779296875, 95%=-366.0, 98%=-357.91998291015625
ranking_best_algo: Tabu
ranking_best_score: 438.12
ranking_my_rank: 77/504 (84.9%)
ranking_my_percent: 84.92063492063492
