ConfigName: krbf__advnormalizedfitness__M3__L15__eps0p033__g0p015__ds0p01__dm0p01
Problem: QUBO
Kernel: rbf
Advantage: normalizedfitness
M: 3
lambda: 15
epsilon_svgd: 0.033
gamma: 0.015
decay_start_ratio: 0.01
decay_min_factor: 0.01
bandwith_kernel: None
no_interact: False
avg_score: -309.8399963378906
median_score: -309.0
std_score: 38.52602005004883
percentiles: 2%=-396.0400085449219, 5%=-386.20001220703125, 10%=-359.0, 25%=-334.0, 50%=-309.0, 75%=-274.75, 90%=-268.0, 95%=-260.95001220703125, 98%=-255.91998291015625
ranking_best_algo: CMApara
ranking_best_score: 319.29999999999995
ranking_my_rank: 68/504 (86.7%)
ranking_my_percent: 86.7063492063492
