ConfigName: kjsd__advperagentrankweighted__M4__L24__eps0p01__g0p0003__ds0p05__dm0p05
Problem: QUBO
Kernel: jsd
Advantage: peragentrankweighted
M: 4
lambda: 24
epsilon_svgd: 0.01
gamma: 0.0003
decay_start_ratio: 0.05
decay_min_factor: 0.05
bandwith_kernel: None
no_interact: False
avg_score: -2652.47998046875
median_score: -2664.0
std_score: 119.47589874267578
percentiles: 2%=-2889.320068359375, 5%=-2825.050048828125, 10%=-2799.199951171875, 25%=-2729.25, 50%=-2664.0, 75%=-2578.0, 90%=-2492.0, 95%=-2456.300048828125, 98%=-2411.8798828125
ranking_best_algo: DiscreteLengler2OnePlusOne
ranking_best_score: 2617.04
ranking_my_rank: 1/504 (100.0%)
ranking_my_percent: 100.0
