ConfigName: krbf__advnormalizedfitness__M3__L8__eps0p033__g0p007__ds0p01__dm0p3
Problem: QUBO
Kernel: rbf
Advantage: normalizedfitness
M: 3
lambda: 8
epsilon_svgd: 0.033
gamma: 0.007
decay_start_ratio: 0.01
decay_min_factor: 0.3
bandwith_kernel: None
no_interact: False
avg_score: -926.0399780273438
median_score: -920.0
std_score: 64.58930206298828
percentiles: 2%=-1068.1600341796875, 5%=-1026.550048828125, 10%=-1015.4000244140625, 25%=-969.5, 50%=-920.0, 75%=-878.75, 90%=-846.7999877929688, 95%=-826.75, 98%=-816.8399658203125
ranking_best_algo: CMApara
ranking_best_score: 964.9
ranking_my_rank: 21/504 (96.0%)
ranking_my_percent: 96.03174603174604
