ConfigName: kjsd__advperagentrankweighted__M3__L18__eps0p01__g0p001__ds0p05__dm0p05
Problem: NK
Kernel: jsd
Advantage: peragentrankweighted
M: 3
lambda: 18
epsilon_svgd: 0.01
gamma: 0.001
decay_start_ratio: 0.05
decay_min_factor: 0.05
bandwith_kernel: None
no_interact: False
avg_score: 0.7097895741462708
median_score: 0.7108149528503418
std_score: 0.015286305919289589
percentiles: 2%=0.6715580224990845, 5%=0.6736854910850525, 10%=0.6932792663574219, 25%=0.7067229151725769, 50%=0.7108149528503418, 75%=0.7183305025100708, 90%=0.7250738143920898, 95%=0.7327902317047119, 98%=0.7333155274391174
ranking_best_algo: CMApara
ranking_best_score: 0.707475975
ranking_my_rank: 1/504 (100.0%)
ranking_my_percent: 100.0
