ConfigName: krbf__advnormalizedfitness__M4__L10__eps0p015__g0p005__ds0p15__dm0p01
Problem: QUBO
Kernel: rbf
Advantage: normalizedfitness
M: 4
lambda: 10
epsilon_svgd: 0.015
gamma: 0.005
decay_start_ratio: 0.15
decay_min_factor: 0.01
bandwith_kernel: None
no_interact: False
avg_score: -150.75999450683594
median_score: -149.5
std_score: 12.009263038635254
percentiles: 2%=-179.0, 5%=-179.0, 10%=-164.89999389648438, 25%=-155.5, 50%=-149.5, 75%=-141.0, 90%=-138.8000030517578, 95%=-135.0, 98%=-134.91998291015625
ranking_best_algo: CMApara
ranking_best_score: 154.28
ranking_my_rank: 75/504 (85.3%)
ranking_my_percent: 85.31746031746032
