ConfigName: krbf__advnormalizedfitness__M1__L10__eps0p015__g0p01__ds0p15__dm0p3
Problem: NK
Kernel: rbf
Advantage: normalizedfitness
M: 1
lambda: 10
epsilon_svgd: 0.015
gamma: 0.01
decay_start_ratio: 0.15
decay_min_factor: 0.3
bandwith_kernel: None
no_interact: False
avg_score: 0.70587557554245
median_score: 0.7058193683624268
std_score: 0.011906222440302372
percentiles: 2%=0.685817539691925, 5%=0.6882182955741882, 10%=0.6893196105957031, 25%=0.6945903301239014, 50%=0.7058193683624268, 75%=0.7166228890419006, 90%=0.7198721766471863, 95%=0.72174471616745, 98%=0.7232295870780945
ranking_best_algo: PBIL
ranking_best_score: 0.7013553837109374
ranking_my_rank: 1/504 (100.0%)
ranking_my_percent: 100.0
