ConfigName: kfr__advglobalrankweighted__M3__L11__eps0p02__g0p005__ds0p01__dm0p01
Problem: QUBO
Kernel: fr
Advantage: globalrankweighted
M: 3
lambda: 11
epsilon_svgd: 0.02
gamma: 0.005
decay_start_ratio: 0.01
decay_min_factor: 0.01
bandwith_kernel: None
no_interact: False
avg_score: -1229.760009765625
median_score: -1218.5
std_score: 61.417606353759766
percentiles: 2%=-1349.260009765625, 5%=-1330.199951171875, 10%=-1321.0, 25%=-1273.25, 50%=-1218.5, 75%=-1187.0, 90%=-1158.300048828125, 95%=-1131.949951171875, 98%=-1111.8599853515625
ranking_best_algo: SVMMetaModelLogNormal
ranking_best_score: 1233.7999999999997
ranking_my_rank: 12/504 (97.8%)
ranking_my_percent: 97.81746031746032
