ConfigName: kjsd__advperagentrankweighted__M3__L16__eps0p01__g0p0007__ds0p05__dm0p05
Problem: QUBO
Kernel: jsd
Advantage: peragentrankweighted
M: 3
lambda: 16
epsilon_svgd: 0.01
gamma: 0.0007
decay_start_ratio: 0.05
decay_min_factor: 0.05
bandwith_kernel: None
no_interact: False
avg_score: -1630.3800048828125
median_score: -1624.0
std_score: 60.68241500854492
percentiles: 2%=-1754.1199951171875, 5%=-1727.4000244140625, 10%=-1714.0, 25%=-1672.25, 50%=-1624.0, 75%=-1588.5, 90%=-1547.0, 95%=-1525.0, 98%=-1518.8800048828125
ranking_best_algo: NLOPT_LN_PRAXIS
ranking_best_score: 1607.12
ranking_my_rank: 1/504 (100.0%)
ranking_my_percent: 100.0
