ConfigName: krbf__advnormalizedfitness__M3__L12__eps0p033__g0p005__ds0p3__dm0p3
Problem: QUBO
Kernel: rbf
Advantage: normalizedfitness
M: 3
lambda: 12
epsilon_svgd: 0.033
gamma: 0.005
decay_start_ratio: 0.3
decay_min_factor: 0.3
bandwith_kernel: None
no_interact: False
avg_score: -934.0999755859375
median_score: -936.5
std_score: 67.05050659179688
percentiles: 2%=-1063.0, 5%=-1054.0999755859375, 10%=-1011.2000122070312, 25%=-979.0, 50%=-936.5, 75%=-896.0, 90%=-832.2000122070312, 95%=-813.0, 98%=-804.5599365234375
ranking_best_algo: CMApara
ranking_best_score: 964.9
ranking_my_rank: 17/504 (96.8%)
ranking_my_percent: 96.82539682539682
