ConfigName: krbf__advnormalizedfitness__M4__L8__eps0p025__g0p005__ds0p15__dm0p3
Problem: QUBO
Kernel: rbf
Advantage: normalizedfitness
M: 4
lambda: 8
epsilon_svgd: 0.025
gamma: 0.005
decay_start_ratio: 0.15
decay_min_factor: 0.3
bandwith_kernel: None
no_interact: False
avg_score: -424.1600036621094
median_score: -421.0
std_score: 26.30008316040039
percentiles: 2%=-481.0, 5%=-467.6000061035156, 10%=-459.0, 25%=-442.0, 50%=-421.0, 75%=-404.0, 90%=-394.8999938964844, 95%=-385.95001220703125, 98%=-380.91998291015625
ranking_best_algo: CMAL3
ranking_best_score: 435.36
ranking_my_rank: 31/504 (94.0%)
ranking_my_percent: 94.04761904761905
