ConfigName: kjsd__advperagentrankweighted__M3__L18__eps0p005__g0p0005__ds0p2__dm0p1
Problem: QUBO
Kernel: jsd
Advantage: peragentrankweighted
M: 3
lambda: 18
epsilon_svgd: 0.005
gamma: 0.0005
decay_start_ratio: 0.2
decay_min_factor: 0.1
bandwith_kernel: None
no_interact: False
avg_score: -327.8800048828125
median_score: -334.0
std_score: 24.847246170043945
percentiles: 2%=-372.0, 5%=-361.0, 10%=-354.0, 25%=-343.75, 50%=-334.0, 75%=-314.0, 90%=-292.0, 95%=-283.8999938964844, 98%=-267.9599914550781
ranking_best_algo: CMApara
ranking_best_score: 344.22
ranking_my_rank: 85/504 (83.3%)
ranking_my_percent: 83.33333333333333
