ConfigName: kjsd__advperagentrankweighted__M5__L24__eps0p03__g0p0005__ds0p2__dm0p05
Problem: QUBO
Kernel: jsd
Advantage: peragentrankweighted
M: 5
lambda: 24
epsilon_svgd: 0.03
gamma: 0.0005
decay_start_ratio: 0.2
decay_min_factor: 0.05
bandwith_kernel: None
no_interact: False
avg_score: -139.13999938964844
median_score: -141.0
std_score: 10.46806526184082
percentiles: 2%=-158.0399932861328, 5%=-156.10000610351562, 10%=-151.0, 25%=-146.0, 50%=-141.0, 75%=-130.0, 90%=-125.0, 95%=-122.9000015258789, 98%=-118.94000244140625
ranking_best_algo: DiscreteDE
ranking_best_score: 143.4
ranking_my_rank: 86/504 (83.1%)
ranking_my_percent: 83.13492063492063
