ConfigName: kjsd__advperagentrankweighted__M5__L8__eps0p005__g0p0005__ds0p4__dm0p2
Problem: QUBO
Kernel: jsd
Advantage: peragentrankweighted
M: 5
lambda: 8
epsilon_svgd: 0.005
gamma: 0.0005
decay_start_ratio: 0.4
decay_min_factor: 0.2
bandwith_kernel: None
no_interact: False
avg_score: -2612.93994140625
median_score: -2600.5
std_score: 140.67620849609375
percentiles: 2%=-2891.719970703125, 5%=-2835.550048828125, 10%=-2808.89990234375, 25%=-2720.75, 50%=-2600.5, 75%=-2524.5, 90%=-2424.699951171875, 95%=-2379.39990234375, 98%=-2347.719970703125
ranking_best_algo: DiscreteLengler2OnePlusOne
ranking_best_score: 2617.04
ranking_my_rank: 2/504 (99.8%)
ranking_my_percent: 99.8015873015873
