ConfigName: kjsd__advperagentrankweighted__M3__L18__eps0p005__g0p001__ds0p05__dm0p05
Problem: NK
Kernel: jsd
Advantage: peragentrankweighted
M: 3
lambda: 18
epsilon_svgd: 0.005
gamma: 0.001
decay_start_ratio: 0.05
decay_min_factor: 0.05
bandwith_kernel: None
no_interact: False
avg_score: 0.7385575771331787
median_score: 0.7397934794425964
std_score: 0.008967017754912376
percentiles: 2%=0.7203149795532227, 5%=0.7219547629356384, 10%=0.7242507338523865, 25%=0.7343341708183289, 50%=0.7397934794425964, 75%=0.7450399398803711, 90%=0.7477812170982361, 95%=0.7515209317207336, 98%=0.7525489926338196
ranking_best_algo: PBIL
ranking_best_score: 0.730509098125
ranking_my_rank: 1/504 (100.0%)
ranking_my_percent: 100.0
