ConfigName: krbf__advnormalizedfitness__M3__L15__eps0p025__g0p007__ds0p15__dm0p01
Problem: QUBO
Kernel: rbf
Advantage: normalizedfitness
M: 3
lambda: 15
epsilon_svgd: 0.025
gamma: 0.007
decay_start_ratio: 0.15
decay_min_factor: 0.01
bandwith_kernel: None
no_interact: False
avg_score: -573.1199951171875
median_score: -569.5
std_score: 23.897817611694336
percentiles: 2%=-626.02001953125, 5%=-613.0999755859375, 10%=-603.4000244140625, 25%=-584.0, 50%=-569.5, 75%=-558.75, 90%=-547.0, 95%=-539.6000366210938, 98%=-524.97998046875
ranking_best_algo: Tabu
ranking_best_score: 588.7199999999999
ranking_my_rank: 61/503 (88.1%)
ranking_my_percent: 88.07157057654075
