ConfigName: kjsd__advperagentrankweighted__M4__L24__eps0p01__g0p0007__ds0p2__dm0p05
Problem: QUBO
Kernel: jsd
Advantage: peragentrankweighted
M: 4
lambda: 24
epsilon_svgd: 0.01
gamma: 0.0007
decay_start_ratio: 0.2
decay_min_factor: 0.05
bandwith_kernel: None
no_interact: False
avg_score: -941.3200073242188
median_score: -938.5
std_score: 61.97255325317383
percentiles: 2%=-1074.0799560546875, 5%=-1045.25, 10%=-1028.5999755859375, 25%=-976.5, 50%=-938.5, 75%=-900.0, 90%=-863.7999877929688, 95%=-846.9000244140625, 98%=-814.7999877929688
ranking_best_algo: CMApara
ranking_best_score: 964.9
ranking_my_rank: 5/504 (99.2%)
ranking_my_percent: 99.2063492063492
