ConfigName: kjsd__advperagentrankweighted__M3__L16__eps0p007__g0p003__ds0p2__dm0p05
Problem: QUBO
Kernel: jsd
Advantage: peragentrankweighted
M: 3
lambda: 16
epsilon_svgd: 0.007
gamma: 0.003
decay_start_ratio: 0.2
decay_min_factor: 0.05
bandwith_kernel: None
no_interact: False
avg_score: -2445.260009765625
median_score: -2457.0
std_score: 143.82923889160156
percentiles: 2%=-2656.840087890625, 5%=-2649.14990234375, 10%=-2624.10009765625, 25%=-2550.75, 50%=-2457.0, 75%=-2342.75, 90%=-2270.5, 95%=-2179.85009765625, 98%=-2162.4599609375
ranking_best_algo: SVM1MetaModelLogNormal
ranking_best_score: 2605.14
ranking_my_rank: 88/504 (82.7%)
ranking_my_percent: 82.73809523809524
