ConfigName: kfr__advglobalrankweighted__M4__L5__eps0p01__g0p007__ds0p01__dm0p01
Problem: QUBO
Kernel: fr
Advantage: globalrankweighted
M: 4
lambda: 5
epsilon_svgd: 0.01
gamma: 0.007
decay_start_ratio: 0.01
decay_min_factor: 0.01
bandwith_kernel: None
no_interact: False
avg_score: -945.9199829101562
median_score: -936.0
std_score: 67.26851654052734
percentiles: 2%=-1072.1199951171875, 5%=-1063.050048828125, 10%=-1048.0, 25%=-1007.75, 50%=-936.0, 75%=-898.5, 90%=-869.0, 95%=-860.800048828125, 98%=-820.9199829101562
ranking_best_algo: CMApara
ranking_best_score: 964.9
ranking_my_rank: 3/504 (99.6%)
ranking_my_percent: 99.60317460317461
