ConfigName: krbf__advnormalizedfitness__M3__L12__eps0p025__g0p01__ds0p3__dm0p3
Problem: QUBO
Kernel: rbf
Advantage: normalizedfitness
M: 3
lambda: 12
epsilon_svgd: 0.025
gamma: 0.01
decay_start_ratio: 0.3
decay_min_factor: 0.3
bandwith_kernel: None
no_interact: False
avg_score: -310.6400146484375
median_score: -317.0
std_score: 37.18050765991211
percentiles: 2%=-396.0, 5%=-384.0, 10%=-358.3999938964844, 25%=-330.5, 50%=-317.0, 75%=-277.0, 90%=-268.79998779296875, 95%=-261.9000244140625, 98%=-254.0
ranking_best_algo: CMApara
ranking_best_score: 319.29999999999995
ranking_my_rank: 58/504 (88.7%)
ranking_my_percent: 88.69047619047619
