ConfigName: kfr__advglobalrankweighted__M3__L11__eps0p02__g0p003__ds0p01__dm0p01
Problem: QUBO
Kernel: fr
Advantage: globalrankweighted
M: 3
lambda: 11
epsilon_svgd: 0.02
gamma: 0.003
decay_start_ratio: 0.01
decay_min_factor: 0.01
bandwith_kernel: None
no_interact: False
avg_score: -941.6799926757812
median_score: -943.5
std_score: 64.36456298828125
percentiles: 2%=-1076.0, 5%=-1056.3499755859375, 10%=-1020.5999755859375, 25%=-986.0, 50%=-943.5, 75%=-893.0, 90%=-863.7000122070312, 95%=-840.800048828125, 98%=-814.9199829101562
ranking_best_algo: CMApara
ranking_best_score: 964.9
ranking_my_rank: 5/504 (99.2%)
ranking_my_percent: 99.2063492063492
