ConfigName: krbf__advnormalizedfitness__M4__L15__eps0p015__g0p005__ds0p3__dm0p01
Problem: QUBO
Kernel: rbf
Advantage: normalizedfitness
M: 4
lambda: 15
epsilon_svgd: 0.015
gamma: 0.005
decay_start_ratio: 0.3
decay_min_factor: 0.01
bandwith_kernel: None
no_interact: False
avg_score: -412.760009765625
median_score: -414.0
std_score: 25.55586814880371
percentiles: 2%=-461.1199951171875, 5%=-454.04998779296875, 10%=-449.20001220703125, 25%=-433.25, 50%=-414.0, 75%=-393.75, 90%=-381.79998779296875, 95%=-374.95001220703125, 98%=-367.8799743652344
ranking_best_algo: Tabu
ranking_best_score: 438.12
ranking_my_rank: 65/504 (87.3%)
ranking_my_percent: 87.3015873015873
