ConfigName: kjsd__advperagentrankweighted__M5__L10__eps0p005__g0p003__ds0p05__dm0p05
Problem: QUBO
Kernel: jsd
Advantage: peragentrankweighted
M: 5
lambda: 10
epsilon_svgd: 0.005
gamma: 0.003
decay_start_ratio: 0.05
decay_min_factor: 0.05
bandwith_kernel: None
no_interact: False
avg_score: -329.8800048828125
median_score: -334.0
std_score: 19.177736282348633
percentiles: 2%=-357.05999755859375, 5%=-356.04998779296875, 10%=-350.20001220703125, 25%=-343.0, 50%=-334.0, 75%=-319.5, 90%=-303.6000061035156, 95%=-292.0, 98%=-289.8599853515625
ranking_best_algo: CMApara
ranking_best_score: 344.22
ranking_my_rank: 79/504 (84.5%)
ranking_my_percent: 84.52380952380952
