ConfigName: kjsd__advperagentrankweighted__M3__L18__eps0p007__g0p0005__ds0p2__dm0p1
Problem: QUBO
Kernel: jsd
Advantage: peragentrankweighted
M: 3
lambda: 18
epsilon_svgd: 0.007
gamma: 0.0005
decay_start_ratio: 0.2
decay_min_factor: 0.1
bandwith_kernel: None
no_interact: False
avg_score: -2631.159912109375
median_score: -2632.0
std_score: 114.48902130126953
percentiles: 2%=-2853.820068359375, 5%=-2814.0, 10%=-2789.199951171875, 25%=-2702.5, 50%=-2632.0, 75%=-2549.5, 90%=-2485.699951171875, 95%=-2459.300048828125, 98%=-2427.219970703125
ranking_best_algo: DiscreteLengler2OnePlusOne
ranking_best_score: 2617.04
ranking_my_rank: 1/504 (100.0%)
ranking_my_percent: 100.0
