ConfigName: kjsd__advperagentrankweighted__M4__L24__eps0p02__g0p0005__ds0p2__dm0p05
Problem: NK
Kernel: jsd
Advantage: peragentrankweighted
M: 4
lambda: 24
epsilon_svgd: 0.02
gamma: 0.0005
decay_start_ratio: 0.2
decay_min_factor: 0.05
bandwith_kernel: None
no_interact: False
avg_score: 0.7424788475036621
median_score: 0.740086555480957
std_score: 0.02883927710354328
percentiles: 2%=0.6975477933883667, 5%=0.7053898572921753, 10%=0.7099090814590454, 25%=0.7215411067008972, 50%=0.740086555480957, 75%=0.7551711797714233, 90%=0.7781954407691956, 95%=0.8044298887252808, 98%=0.8118547797203064
ranking_best_algo: CMApara
ranking_best_score: 0.7459277895312499
ranking_my_rank: 20/504 (96.2%)
ranking_my_percent: 96.23015873015873
