ConfigName: kjsd__advperagentrankweighted__M4__L30__eps0p01__g0p0005__ds0p4__dm0p05
Problem: NK
Kernel: jsd
Advantage: peragentrankweighted
M: 4
lambda: 30
epsilon_svgd: 0.01
gamma: 0.0005
decay_start_ratio: 0.4
decay_min_factor: 0.05
bandwith_kernel: None
no_interact: False
avg_score: 0.7474788427352905
median_score: 0.7465961575508118
std_score: 0.008824607357382774
percentiles: 2%=0.7336416840553284, 5%=0.7350130081176758, 10%=0.7369333505630493, 25%=0.7415189743041992, 50%=0.7465961575508118, 75%=0.7537474632263184, 90%=0.7588025331497192, 95%=0.7625298500061035, 98%=0.7648430466651917
ranking_best_algo: PBIL
ranking_best_score: 0.733570253046875
ranking_my_rank: 1/504 (100.0%)
ranking_my_percent: 100.0
