ConfigName: krbf__advnormalizedfitness__M4__L15__eps0p015__g0p005__ds0p01__dm0p01
Problem: NK
Kernel: rbf
Advantage: normalizedfitness
M: 4
lambda: 15
epsilon_svgd: 0.015
gamma: 0.005
decay_start_ratio: 0.01
decay_min_factor: 0.01
bandwith_kernel: None
no_interact: False
avg_score: 0.736910343170166
median_score: 0.7379631996154785
std_score: 0.008351704105734825
percentiles: 2%=0.719109296798706, 5%=0.7220237851142883, 10%=0.7232398986816406, 25%=0.7320911884307861, 50%=0.7379631996154785, 75%=0.7432800531387329, 90%=0.7463499903678894, 95%=0.7479538321495056, 98%=0.7515387535095215
ranking_best_algo: PBIL
ranking_best_score: 0.730509098125
ranking_my_rank: 1/504 (100.0%)
ranking_my_percent: 100.0
