ConfigName: krbf__advnormalizedfitness__M4__L10__eps0p025__g0p007__ds0p01__dm0p3
Problem: QUBO
Kernel: rbf
Advantage: normalizedfitness
M: 4
lambda: 10
epsilon_svgd: 0.025
gamma: 0.007
decay_start_ratio: 0.01
decay_min_factor: 0.3
bandwith_kernel: None
no_interact: False
avg_score: -140.5800018310547
median_score: -141.0
std_score: 10.51967716217041
percentiles: 2%=-160.0, 5%=-159.0, 10%=-158.0, 25%=-146.0, 50%=-141.0, 75%=-132.0, 90%=-127.0, 95%=-125.0, 98%=-122.97999572753906
ranking_best_algo: DiscreteDE
ranking_best_score: 143.4
ranking_my_rank: 78/504 (84.7%)
ranking_my_percent: 84.72222222222223
