ConfigName: kfr__advglobalrankweighted__M6__L9__eps0p015__g0p003__ds0p01__dm0p01
Problem: QUBO
Kernel: fr
Advantage: globalrankweighted
M: 6
lambda: 9
epsilon_svgd: 0.015
gamma: 0.003
decay_start_ratio: 0.01
decay_min_factor: 0.01
bandwith_kernel: None
no_interact: False
avg_score: -925.760009765625
median_score: -926.0
std_score: 59.45655822753906
percentiles: 2%=-1035.0799560546875, 5%=-1019.75, 10%=-1003.0, 25%=-972.0, 50%=-926.0, 75%=-879.75, 90%=-850.5999755859375, 95%=-830.9000244140625, 98%=-826.9599609375
ranking_best_algo: CMApara
ranking_best_score: 964.9
ranking_my_rank: 21/504 (96.0%)
ranking_my_percent: 96.03174603174604
