ConfigName: krbf__advnormalizedfitness__M2__L15__eps0p025__g0p007__ds0p15__dm0p01
Problem: NK
Kernel: rbf
Advantage: normalizedfitness
M: 2
lambda: 15
epsilon_svgd: 0.025
gamma: 0.007
decay_start_ratio: 0.15
decay_min_factor: 0.01
bandwith_kernel: None
no_interact: False
avg_score: 0.7521849870681763
median_score: 0.7523047924041748
std_score: 0.014502479694783688
percentiles: 2%=0.7208245396614075, 5%=0.7297489643096924, 10%=0.7317962646484375, 25%=0.742464542388916, 50%=0.7523047924041748, 75%=0.7627248167991638, 90%=0.7706481218338013, 95%=0.7730495929718018, 98%=0.7830487489700317
ranking_best_algo: Tabu
ranking_best_score: 0.7657846284375001
ranking_my_rank: 13/504 (97.6%)
ranking_my_percent: 97.61904761904762
