ConfigName: krbf__advnormalizedfitness__M3__L12__eps0p033__g0p015__ds0p3__dm0p01
Problem: QUBO
Kernel: rbf
Advantage: normalizedfitness
M: 3
lambda: 12
epsilon_svgd: 0.033
gamma: 0.015
decay_start_ratio: 0.3
decay_min_factor: 0.01
bandwith_kernel: None
no_interact: False
avg_score: -425.8399963378906
median_score: -426.0
std_score: 29.18654441833496
percentiles: 2%=-479.0400085449219, 5%=-473.20001220703125, 10%=-467.3999938964844, 25%=-445.0, 50%=-426.0, 75%=-405.0, 90%=-391.8999938964844, 95%=-376.9000244140625, 98%=-356.0
ranking_best_algo: CMAL3
ranking_best_score: 435.36
ranking_my_rank: 24/504 (95.4%)
ranking_my_percent: 95.43650793650794
