ConfigName: krbf__advnormalizedfitness__M3__L10__eps0p033__g0p015__ds0p3__dm0p3
Problem: QUBO
Kernel: rbf
Advantage: normalizedfitness
M: 3
lambda: 10
epsilon_svgd: 0.033
gamma: 0.015
decay_start_ratio: 0.3
decay_min_factor: 0.3
bandwith_kernel: None
no_interact: False
avg_score: -1138.4200439453125
median_score: -1135.0
std_score: 65.24388122558594
percentiles: 2%=-1275.0400390625, 5%=-1253.199951171875, 10%=-1228.0999755859375, 25%=-1174.25, 50%=-1135.0, 75%=-1084.0, 90%=-1065.5999755859375, 95%=-1048.60009765625, 98%=-1029.9599609375
ranking_best_algo: Tabu
ranking_best_score: 1216.16
ranking_my_rank: 152/504 (70.0%)
ranking_my_percent: 70.03968253968254
