ConfigName: krbf__advnormalizedfitness__M3__L15__eps0p03__g0p01__ds0p15__dm0p05
Problem: QUBO
Kernel: rbf
Advantage: normalizedfitness
M: 3
lambda: 15
epsilon_svgd: 0.03
gamma: 0.01
decay_start_ratio: 0.15
decay_min_factor: 0.05
bandwith_kernel: None
no_interact: False
avg_score: -148.89999389648438
median_score: -148.0
std_score: 12.829262733459473
percentiles: 2%=-179.0, 5%=-179.0, 10%=-159.10000610351562, 25%=-155.0, 50%=-148.0, 75%=-141.0, 90%=-135.89999389648438, 95%=-131.0, 98%=-117.0
ranking_best_algo: CMApara
ranking_best_score: 154.28
ranking_my_rank: 82/504 (83.9%)
ranking_my_percent: 83.92857142857143
