ConfigName: kjsd__advperagentrankweighted__M3__L24__eps0p007__g0p001__ds0p1__dm0p05
Problem: QUBO
Kernel: jsd
Advantage: peragentrankweighted
M: 3
lambda: 24
epsilon_svgd: 0.007
gamma: 0.001
decay_start_ratio: 0.1
decay_min_factor: 0.05
bandwith_kernel: None
no_interact: False
avg_score: -411.6000061035156
median_score: -413.0
std_score: 26.977767944335938
percentiles: 2%=-465.0400085449219, 5%=-454.0, 10%=-452.0, 25%=-428.0, 50%=-413.0, 75%=-392.0, 90%=-377.70001220703125, 95%=-369.70001220703125, 98%=-357.9599914550781
ranking_best_algo: Tabu
ranking_best_score: 438.12
ranking_my_rank: 77/504 (84.9%)
ranking_my_percent: 84.92063492063492
