ConfigName: krbf__advnormalizedfitness__M4__L15__eps0p025__g0p005__ds0p15__dm0p01
Problem: QUBO
Kernel: rbf
Advantage: normalizedfitness
M: 4
lambda: 15
epsilon_svgd: 0.025
gamma: 0.005
decay_start_ratio: 0.15
decay_min_factor: 0.01
bandwith_kernel: None
no_interact: False
avg_score: -330.67999267578125
median_score: -334.0
std_score: 21.116287231445312
percentiles: 2%=-372.0, 5%=-357.75, 10%=-354.0, 25%=-343.0, 50%=-334.0, 75%=-320.0, 90%=-298.8999938964844, 95%=-293.9000244140625, 98%=-285.91998291015625
ranking_best_algo: CMApara
ranking_best_score: 344.22
ranking_my_rank: 77/504 (84.9%)
ranking_my_percent: 84.92063492063492
