ConfigName: krbf__advnormalizedfitness__M3__L8__eps0p015__g0p007__ds0p01__dm0p3
Problem: NK
Kernel: rbf
Advantage: normalizedfitness
M: 3
lambda: 8
epsilon_svgd: 0.015
gamma: 0.007
decay_start_ratio: 0.01
decay_min_factor: 0.3
bandwith_kernel: None
no_interact: False
avg_score: 0.6174106597900391
median_score: 0.612762451171875
std_score: 0.021819422021508217
percentiles: 2%=0.5887799263000488, 5%=0.5935161709785461, 10%=0.5955030918121338, 25%=0.6035269498825073, 50%=0.612762451171875, 75%=0.6261819005012512, 90%=0.6439594626426697, 95%=0.6574446558952332, 98%=0.6823652386665344
ranking_best_algo: PBIL
ranking_best_score: 0.7170882103515624
ranking_my_rank: 314/504 (37.9%)
ranking_my_percent: 37.8968253968254
