Problem: QUBO
Kernel: pk
Advantage: peragentrankweighted
M: 15
lambda: 7
epsilon_svgd: 0.01
gamma: 0.0005
decay_start_ratio: 0.0
decay_min_factor: 0.05
bandwith_kernel: None
no_interact: False
avg_score: -206.0399932861328
median_score: -206.0
std_score: 11.464659690856934
percentiles: 2%=-224.0, 5%=-224.0, 10%=-224.0, 25%=-214.25, 50%=-206.0, 75%=-199.0, 90%=-189.89999389648438, 95%=-187.8000030517578, 98%=-182.0
ranking_best_algo: Tabu
ranking_best_score: 208.36000000000004
ranking_my_rank: 3/505 (99.6%)
