ConfigName: krbf__advnormalizedfitness__M1__L8__eps0p015__g0p015__ds0p3__dm0p01
Problem: NK
Kernel: rbf
Advantage: normalizedfitness
M: 1
lambda: 8
epsilon_svgd: 0.015
gamma: 0.015
decay_start_ratio: 0.3
decay_min_factor: 0.01
bandwith_kernel: None
no_interact: False
avg_score: 0.7496331930160522
median_score: 0.7495255470275879
std_score: 0.016335025429725647
percentiles: 2%=0.7129225730895996, 5%=0.722690224647522, 10%=0.7276502847671509, 25%=0.7365484237670898, 50%=0.7495255470275879, 75%=0.7618811130523682, 90%=0.7695326805114746, 95%=0.7723736763000488, 98%=0.7795225977897644
ranking_best_algo: Tabu
ranking_best_score: 0.7657846284375001
ranking_my_rank: 26/504 (95.0%)
ranking_my_percent: 95.03968253968254
