ConfigName: kjsd__advperagentrankweighted__M5__L8__eps0p005__g0p0005__ds0p4__dm0p2
Problem: QUBO
Kernel: jsd
Advantage: peragentrankweighted
M: 5
lambda: 8
epsilon_svgd: 0.005
gamma: 0.0005
decay_start_ratio: 0.4
decay_min_factor: 0.2
bandwith_kernel: None
no_interact: False
avg_score: -334.5400085449219
median_score: -340.0
std_score: 19.317047119140625
percentiles: 2%=-372.0, 5%=-361.54998779296875, 10%=-354.0, 25%=-346.75, 50%=-340.0, 75%=-324.0, 90%=-307.70001220703125, 95%=-297.6499938964844, 98%=-284.0
ranking_best_algo: CMApara
ranking_best_score: 344.22
ranking_my_rank: 62/504 (87.9%)
ranking_my_percent: 87.89682539682539
