ConfigName: krbf__advnormalizedfitness__M2__L8__eps0p015__g0p01__ds0p3__dm0p3
Problem: QUBO
Kernel: rbf
Advantage: normalizedfitness
M: 2
lambda: 8
epsilon_svgd: 0.015
gamma: 0.01
decay_start_ratio: 0.3
decay_min_factor: 0.3
bandwith_kernel: None
no_interact: False
avg_score: -427.1000061035156
median_score: -424.5
std_score: 24.432559967041016
percentiles: 2%=-475.1199951171875, 5%=-469.1000061035156, 10%=-462.1000061035156, 25%=-443.25, 50%=-424.5, 75%=-411.0, 90%=-401.0, 95%=-387.95001220703125, 98%=-383.4800109863281
ranking_best_algo: CMAL3
ranking_best_score: 435.36
ranking_my_rank: 20/504 (96.2%)
ranking_my_percent: 96.23015873015873
