ConfigName: krbf__advnormalizedfitness__M4__L8__eps0p025__g0p015__ds0p01__dm0p3
Problem: QUBO
Kernel: rbf
Advantage: normalizedfitness
M: 4
lambda: 8
epsilon_svgd: 0.025
gamma: 0.015
decay_start_ratio: 0.01
decay_min_factor: 0.3
bandwith_kernel: None
no_interact: False
avg_score: -305.05999755859375
median_score: -308.0
std_score: 41.74968338012695
percentiles: 2%=-396.0, 5%=-380.20001220703125, 10%=-357.1999816894531, 25%=-332.0, 50%=-308.0, 75%=-267.5, 90%=-256.0, 95%=-251.75003051757812, 98%=-244.81996154785156
ranking_best_algo: CMApara
ranking_best_score: 319.29999999999995
ranking_my_rank: 136/504 (73.2%)
ranking_my_percent: 73.21428571428571
