ConfigName: krbf__advnormalizedfitness__M1__L8__eps0p015__g0p007__ds0p3__dm0p01
Problem: NK
Kernel: rbf
Advantage: normalizedfitness
M: 1
lambda: 8
epsilon_svgd: 0.015
gamma: 0.007
decay_start_ratio: 0.3
decay_min_factor: 0.01
bandwith_kernel: None
no_interact: False
avg_score: 0.7253148555755615
median_score: 0.723991870880127
std_score: 0.011743050999939442
percentiles: 2%=0.7040187120437622, 5%=0.7084486484527588, 10%=0.7103642225265503, 25%=0.7160019874572754, 50%=0.723991870880127, 75%=0.7342382073402405, 90%=0.7419326305389404, 95%=0.745746910572052, 98%=0.7469155788421631
ranking_best_algo: Tabu
ranking_best_score: 0.7429702712499999
ranking_my_rank: 4/504 (99.4%)
ranking_my_percent: 99.4047619047619
