ConfigName: krbf__advnormalizedfitness__M3__L15__eps0p015__g0p005__ds0p15__dm0p01
Problem: QUBO
Kernel: rbf
Advantage: normalizedfitness
M: 3
lambda: 15
epsilon_svgd: 0.015
gamma: 0.005
decay_start_ratio: 0.15
decay_min_factor: 0.01
bandwith_kernel: None
no_interact: False
avg_score: -1529.1600341796875
median_score: -1514.0
std_score: 97.62762451171875
percentiles: 2%=-1717.1199951171875, 5%=-1703.1500244140625, 10%=-1668.300048828125, 25%=-1609.5, 50%=-1514.0, 75%=-1452.0, 90%=-1407.0, 95%=-1386.800048828125, 98%=-1344.9599609375
ranking_best_algo: NLOPT_LN_PRAXIS
ranking_best_score: 1607.12
ranking_my_rank: 57/504 (88.9%)
ranking_my_percent: 88.88888888888889
