ConfigName: kfr__advglobalrankweighted__M4__L24__eps0p01__g0p003__ds0p01__dm0p01
Problem: QUBO
Kernel: fr
Advantage: globalrankweighted
M: 4
lambda: 24
epsilon_svgd: 0.01
gamma: 0.003
decay_start_ratio: 0.01
decay_min_factor: 0.01
bandwith_kernel: None
no_interact: False
avg_score: -910.3200073242188
median_score: -912.5
std_score: 73.57171630859375
percentiles: 2%=-1066.1199951171875, 5%=-1029.5, 10%=-1007.4000244140625, 25%=-958.75, 50%=-912.5, 75%=-862.75, 90%=-820.4000244140625, 95%=-776.9000244140625, 98%=-760.9400024414062
ranking_best_algo: CMApara
ranking_best_score: 964.9
ranking_my_rank: 88/504 (82.7%)
ranking_my_percent: 82.73809523809524
