ConfigName: kjsd__advperagentrankweighted__M3__L16__eps0p005__g0p001__ds0p05__dm0p05
Problem: NK
Kernel: jsd
Advantage: peragentrankweighted
M: 3
lambda: 16
epsilon_svgd: 0.005
gamma: 0.001
decay_start_ratio: 0.05
decay_min_factor: 0.05
bandwith_kernel: None
no_interact: False
avg_score: 0.7588815093040466
median_score: 0.7574621438980103
std_score: 0.01171046867966652
percentiles: 2%=0.7372405529022217, 5%=0.7407806515693665, 10%=0.7448629140853882, 25%=0.7501912713050842, 50%=0.7574621438980103, 75%=0.7679615616798401, 90%=0.7739187479019165, 95%=0.7769953012466431, 98%=0.7804994583129883
ranking_best_algo: Tabu
ranking_best_score: 0.7470791764843752
ranking_my_rank: 1/504 (100.0%)
ranking_my_percent: 100.0
