ConfigName: krbf__advnormalizedfitness__M4__L15__eps0p03__g0p001__ds0p05__dm0p05
Problem: QUBO
Kernel: rbf
Advantage: normalizedfitness
M: 4
lambda: 15
epsilon_svgd: 0.03
gamma: 0.001
decay_start_ratio: 0.05
decay_min_factor: 0.05
bandwith_kernel: None
no_interact: False
avg_score: -896.4000244140625
median_score: -901.0
std_score: 61.33628463745117
percentiles: 2%=-1020.1599731445312, 5%=-1010.0499877929688, 10%=-971.0, 25%=-932.0, 50%=-901.0, 75%=-857.5, 90%=-818.9000244140625, 95%=-796.9000244140625, 98%=-770.9400024414062
ranking_best_algo: CMAL3
ranking_best_score: 928.5800000000002
ranking_my_rank: 84/504 (83.5%)
ranking_my_percent: 83.53174603174604
