ConfigName: krbf__advnormalizedfitness__M2__L9__eps0p015__g0p005__ds0p01__dm0p01
Problem: QUBO
Kernel: rbf
Advantage: normalizedfitness
M: 2
lambda: 9
epsilon_svgd: 0.015
gamma: 0.005
decay_start_ratio: 0.01
decay_min_factor: 0.01
bandwith_kernel: None
no_interact: False
avg_score: -1288.52001953125
median_score: -1293.5
std_score: 58.392032623291016
percentiles: 2%=-1404.02001953125, 5%=-1374.300048828125, 10%=-1362.199951171875, 25%=-1326.75, 50%=-1293.5, 75%=-1246.5, 90%=-1218.800048828125, 95%=-1200.300048828125, 98%=-1180.5
ranking_best_algo: BigLognormalDiscreteOnePlusOne
ranking_best_score: 1301.3600000000004
ranking_my_rank: 4/504 (99.4%)
ranking_my_percent: 99.4047619047619
