ConfigName: kjsd__advperagentrankweighted__M3__L24__eps0p007__g0p0005__ds0p2__dm0p1
Problem: NK
Kernel: jsd
Advantage: peragentrankweighted
M: 3
lambda: 24
epsilon_svgd: 0.007
gamma: 0.0005
decay_start_ratio: 0.2
decay_min_factor: 0.1
bandwith_kernel: None
no_interact: False
avg_score: 0.711505115032196
median_score: 0.7002885341644287
std_score: 0.03125429525971413
percentiles: 2%=0.6734635829925537, 5%=0.6737715005874634, 10%=0.6796714067459106, 25%=0.6837806701660156, 50%=0.7002885341644287, 75%=0.7474179267883301, 90%=0.7532666921615601, 95%=0.7613165378570557, 98%=0.7613165378570557
ranking_best_algo: CMApara
ranking_best_score: 0.7118996098437498
ranking_my_rank: 2/504 (99.8%)
ranking_my_percent: 99.8015873015873
