ConfigName: kfr__advglobalrankweighted__M6__L7__eps0p015__g0p007__ds0p01__dm0p01
Problem: QUBO
Kernel: fr
Advantage: globalrankweighted
M: 6
lambda: 7
epsilon_svgd: 0.015
gamma: 0.007
decay_start_ratio: 0.01
decay_min_factor: 0.01
bandwith_kernel: None
no_interact: False
avg_score: -558.260009765625
median_score: -560.5
std_score: 33.23450469970703
percentiles: 2%=-619.1199951171875, 5%=-609.2000122070312, 10%=-601.0, 25%=-581.25, 50%=-560.5, 75%=-534.75, 90%=-512.7999877929688, 95%=-503.95001220703125, 98%=-497.8599853515625
ranking_best_algo: Tabu
ranking_best_score: 588.7199999999999
ranking_my_rank: 104/503 (79.5%)
ranking_my_percent: 79.52286282306163
