ConfigName: kjsd__advperagentrankweighted__M4__L24__eps0p005__g0p0003__ds0p2__dm0p05
Problem: NK
Kernel: jsd
Advantage: peragentrankweighted
M: 4
lambda: 24
epsilon_svgd: 0.005
gamma: 0.0003
decay_start_ratio: 0.2
decay_min_factor: 0.05
bandwith_kernel: None
no_interact: False
avg_score: 0.7110397815704346
median_score: 0.7115510702133179
std_score: 0.01519406121224165
percentiles: 2%=0.6720669269561768, 5%=0.674013078212738, 10%=0.696888267993927, 25%=0.7089883089065552, 50%=0.7115510702133179, 75%=0.7200675010681152, 90%=0.7254204750061035, 95%=0.7326793670654297, 98%=0.7332882285118103
ranking_best_algo: CMApara
ranking_best_score: 0.707475975
ranking_my_rank: 1/504 (100.0%)
ranking_my_percent: 100.0
