ConfigName: krbf__advnormalizedfitness__M3__L15__eps0p015__g0p01__ds0p01__dm0p3
Problem: QUBO
Kernel: rbf
Advantage: normalizedfitness
M: 3
lambda: 15
epsilon_svgd: 0.015
gamma: 0.01
decay_start_ratio: 0.01
decay_min_factor: 0.3
bandwith_kernel: None
no_interact: False
avg_score: -380.1199951171875
median_score: -380.0
std_score: 32.25934600830078
percentiles: 2%=-446.05999755859375, 5%=-435.1499938964844, 10%=-420.29998779296875, 25%=-402.25, 50%=-380.0, 75%=-357.75, 90%=-343.0, 95%=-328.8000183105469, 98%=-311.9599914550781
ranking_best_algo: CMApara
ranking_best_score: 453.82
ranking_my_rank: 326/504 (35.5%)
ranking_my_percent: 35.51587301587302
