ConfigName: kjsd__advperagentrankweighted__M3__L30__eps0p005__g0p001__ds0p05__dm0p1
Problem: QUBO
Kernel: jsd
Advantage: peragentrankweighted
M: 3
lambda: 30
epsilon_svgd: 0.005
gamma: 0.001
decay_start_ratio: 0.05
decay_min_factor: 0.1
bandwith_kernel: None
no_interact: False
avg_score: -145.55999755859375
median_score: -145.0
std_score: 12.020249366760254
percentiles: 2%=-177.0399932861328, 5%=-160.1999969482422, 10%=-158.0, 25%=-154.0, 50%=-145.0, 75%=-140.0, 90%=-130.0, 95%=-123.94999694824219, 98%=-121.0
ranking_best_algo: CMApara
ranking_best_score: 154.28
ranking_my_rank: 136/504 (73.2%)
ranking_my_percent: 73.21428571428571
