ConfigName: krbf__advnormalizedfitness__M3__L8__eps0p025__g0p005__ds0p01__dm0p01
Problem: QUBO
Kernel: rbf
Advantage: normalizedfitness
M: 3
lambda: 8
epsilon_svgd: 0.025
gamma: 0.005
decay_start_ratio: 0.01
decay_min_factor: 0.01
bandwith_kernel: None
no_interact: False
avg_score: -406.9200134277344
median_score: -410.0
std_score: 24.857868194580078
percentiles: 2%=-451.20001220703125, 5%=-447.1000061035156, 10%=-441.1000061035156, 25%=-424.0, 50%=-410.0, 75%=-388.0, 90%=-376.0, 95%=-372.9000244140625, 98%=-351.91998291015625
ranking_best_algo: Tabu
ranking_best_score: 438.12
ranking_my_rank: 160/504 (68.5%)
ranking_my_percent: 68.45238095238095
