ConfigName: kjsd__advperagentrankweighted__M5__L10__eps0p005__g0p003__ds0p2__dm0p2
Problem: NK
Kernel: jsd
Advantage: peragentrankweighted
M: 5
lambda: 10
epsilon_svgd: 0.005
gamma: 0.003
decay_start_ratio: 0.2
decay_min_factor: 0.2
bandwith_kernel: None
no_interact: False
avg_score: 0.6427900791168213
median_score: 0.6420972347259521
std_score: 0.013346203602850437
percentiles: 2%=0.6218677163124084, 5%=0.6238310933113098, 10%=0.6262341141700745, 25%=0.6340075731277466, 50%=0.6420972347259521, 75%=0.6503798961639404, 90%=0.6591640114784241, 95%=0.6696207523345947, 98%=0.672415018081665
ranking_best_algo: PBIL
ranking_best_score: 0.733570253046875
ranking_my_rank: 306/504 (39.5%)
ranking_my_percent: 39.48412698412698
