ConfigName: kjsd__advperagentrankweighted__M6__L30__eps0p005__g0p0005__ds0p05__dm0p05
Problem: QUBO
Kernel: jsd
Advantage: peragentrankweighted
M: 6
lambda: 30
epsilon_svgd: 0.005
gamma: 0.0005
decay_start_ratio: 0.05
decay_min_factor: 0.05
bandwith_kernel: None
no_interact: False
avg_score: -140.55999755859375
median_score: -142.0
std_score: 10.024291038513184
percentiles: 2%=-159.02000427246094, 5%=-158.0, 10%=-155.10000610351562, 25%=-147.0, 50%=-142.0, 75%=-132.0, 90%=-127.0, 95%=-125.0, 98%=-124.95999908447266
ranking_best_algo: DiscreteDE
ranking_best_score: 143.4
ranking_my_rank: 78/504 (84.7%)
ranking_my_percent: 84.72222222222223
