ConfigName: krbf__advnormalizedfitness__M3__L12__eps0p033__g0p015__ds0p3__dm0p3
Problem: NK
Kernel: rbf
Advantage: normalizedfitness
M: 3
lambda: 12
epsilon_svgd: 0.033
gamma: 0.015
decay_start_ratio: 0.3
decay_min_factor: 0.3
bandwith_kernel: None
no_interact: False
avg_score: 0.6807622313499451
median_score: 0.6773133277893066
std_score: 0.021645493805408478
percentiles: 2%=0.6482335925102234, 5%=0.6515473127365112, 10%=0.6561279892921448, 25%=0.6642388105392456, 50%=0.6773133277893066, 75%=0.6934141516685486, 90%=0.7033258676528931, 95%=0.7176085114479065, 98%=0.7374775409698486
ranking_best_algo: Tabu
ranking_best_score: 0.7601875690625
ranking_my_rank: 322/504 (36.3%)
ranking_my_percent: 36.30952380952381
