ConfigName: kjsd__advperagentrankweighted__M4__L8__eps0p005__g0p0007__ds0p4__dm0p05
Problem: QUBO
Kernel: jsd
Advantage: peragentrankweighted
M: 4
lambda: 8
epsilon_svgd: 0.005
gamma: 0.0007
decay_start_ratio: 0.4
decay_min_factor: 0.05
bandwith_kernel: None
no_interact: False
avg_score: -307.82000732421875
median_score: -308.0
std_score: 38.77947235107422
percentiles: 2%=-398.0, 5%=-388.1000061035156, 10%=-353.6000061035156, 25%=-330.0, 50%=-308.0, 75%=-273.75, 90%=-264.8999938964844, 95%=-260.70001220703125, 98%=-250.94000244140625
ranking_best_algo: CMApara
ranking_best_score: 319.29999999999995
ranking_my_rank: 95/504 (81.3%)
ranking_my_percent: 81.34920634920636
