ConfigName: krbf__advnormalizedfitness__M2__L10__eps0p025__g0p015__ds0p3__dm0p01
Problem: QUBO
Kernel: rbf
Advantage: normalizedfitness
M: 2
lambda: 10
epsilon_svgd: 0.025
gamma: 0.015
decay_start_ratio: 0.3
decay_min_factor: 0.01
bandwith_kernel: None
no_interact: False
avg_score: -2598.699951171875
median_score: -2600.0
std_score: 130.55264282226562
percentiles: 2%=-2855.080078125, 5%=-2812.85009765625, 10%=-2783.10009765625, 25%=-2699.25, 50%=-2600.0, 75%=-2517.75, 90%=-2409.800048828125, 95%=-2377.300048828125, 98%=-2340.97998046875
ranking_best_algo: DiscreteLengler2OnePlusOne
ranking_best_score: 2617.04
ranking_my_rank: 10/504 (98.2%)
ranking_my_percent: 98.21428571428571
