ConfigName: kjsd__advperagentrankweighted__M8__L8__eps0p005__g0p0005__ds0p05__dm0p2
Problem: QUBO
Kernel: jsd
Advantage: peragentrankweighted
M: 8
lambda: 8
epsilon_svgd: 0.005
gamma: 0.0005
decay_start_ratio: 0.05
decay_min_factor: 0.2
bandwith_kernel: None
no_interact: False
avg_score: -140.52000427246094
median_score: -141.0
std_score: 10.921977043151855
percentiles: 2%=-160.0, 5%=-158.0500030517578, 10%=-157.0, 25%=-147.0, 50%=-141.0, 75%=-131.0, 90%=-127.0, 95%=-125.0, 98%=-124.95999908447266
ranking_best_algo: DiscreteDE
ranking_best_score: 143.4
ranking_my_rank: 78/504 (84.7%)
ranking_my_percent: 84.72222222222223
