ConfigName: krbf__advnormalizedfitness__M3__L8__eps0p033__g0p005__ds0p01__dm0p3
Problem: QUBO
Kernel: rbf
Advantage: normalizedfitness
M: 3
lambda: 8
epsilon_svgd: 0.033
gamma: 0.005
decay_start_ratio: 0.01
decay_min_factor: 0.3
bandwith_kernel: None
no_interact: False
avg_score: -327.4200134277344
median_score: -332.0
std_score: 23.767702102661133
percentiles: 2%=-370.0400085449219, 5%=-361.25, 10%=-350.20001220703125, 25%=-342.0, 50%=-332.0, 75%=-317.0, 90%=-284.8999938964844, 95%=-279.9000244140625, 98%=-275.9599914550781
ranking_best_algo: CMApara
ranking_best_score: 344.22
ranking_my_rank: 86/504 (83.1%)
ranking_my_percent: 83.13492063492063
