ConfigName: krbf__advnormalizedfitness__M3__L8__eps0p033__g0p007__ds0p3__dm0p01
Problem: QUBO
Kernel: rbf
Advantage: normalizedfitness
M: 3
lambda: 8
epsilon_svgd: 0.033
gamma: 0.007
decay_start_ratio: 0.3
decay_min_factor: 0.01
bandwith_kernel: None
no_interact: False
avg_score: -308.1600036621094
median_score: -302.0
std_score: 39.0452880859375
percentiles: 2%=-394.0400085449219, 5%=-384.1000061035156, 10%=-359.1999816894531, 25%=-332.0, 50%=-302.0, 75%=-277.0, 90%=-264.0, 95%=-256.8500061035156, 98%=-243.95999145507812
ranking_best_algo: CMApara
ranking_best_score: 319.29999999999995
ranking_my_rank: 90/504 (82.3%)
ranking_my_percent: 82.34126984126983
