ConfigName: kfr__advglobalrankweighted__M5__L8__eps0p015__g0p005__ds0p01__dm0p01
Problem: QUBO
Kernel: fr
Advantage: globalrankweighted
M: 5
lambda: 8
epsilon_svgd: 0.015
gamma: 0.005
decay_start_ratio: 0.01
decay_min_factor: 0.01
bandwith_kernel: None
no_interact: False
avg_score: -1167.97998046875
median_score: -1158.5
std_score: 59.59210968017578
percentiles: 2%=-1321.1600341796875, 5%=-1295.199951171875, 10%=-1243.5999755859375, 25%=-1198.25, 50%=-1158.5, 75%=-1124.0, 90%=-1100.0, 95%=-1088.8499755859375, 98%=-1065.93994140625
ranking_best_algo: Tabu
ranking_best_score: 1216.16
ranking_my_rank: 93/504 (81.7%)
ranking_my_percent: 81.74603174603175
