ConfigName: krbf__advnormalizedfitness__M3__L15__eps0p015__g0p015__ds0p3__dm0p3
Problem: QUBO
Kernel: rbf
Advantage: normalizedfitness
M: 3
lambda: 15
epsilon_svgd: 0.015
gamma: 0.015
decay_start_ratio: 0.3
decay_min_factor: 0.3
bandwith_kernel: None
no_interact: False
avg_score: -1005.2000122070312
median_score: -998.5
std_score: 89.68077087402344
percentiles: 2%=-1185.3800048828125, 5%=-1146.25, 10%=-1134.0, 25%=-1062.0, 50%=-998.5, 75%=-941.75, 90%=-879.0, 95%=-870.6500244140625, 98%=-859.5798950195312
ranking_best_algo: SVM1MetaModelLogNormal
ranking_best_score: 2605.14
ranking_my_rank: 392/504 (22.4%)
ranking_my_percent: 22.42063492063492
