ConfigName: kfr__advglobalrankweighted__M6__L7__eps0p02__g0p007__ds0p01__dm0p01
Problem: QUBO
Kernel: fr
Advantage: globalrankweighted
M: 6
lambda: 7
epsilon_svgd: 0.02
gamma: 0.007
decay_start_ratio: 0.01
decay_min_factor: 0.01
bandwith_kernel: None
no_interact: False
avg_score: -2930.840087890625
median_score: -2928.5
std_score: 157.01939392089844
percentiles: 2%=-3243.360107421875, 5%=-3177.449951171875, 10%=-3120.699951171875, 25%=-3038.75, 50%=-2928.5, 75%=-2820.75, 90%=-2733.199951171875, 95%=-2659.75, 98%=-2566.659912109375
ranking_best_algo: RLSOnePlusOne
ranking_best_score: 3316.5199999999995
ranking_my_rank: 140/504 (72.4%)
ranking_my_percent: 72.42063492063492
