ConfigName: kfr__advglobalrankweighted__M2__L8__eps0p015__g0p005__ds0p01__dm0p01
Problem: QUBO
Kernel: fr
Advantage: globalrankweighted
M: 2
lambda: 8
epsilon_svgd: 0.015
gamma: 0.005
decay_start_ratio: 0.01
decay_min_factor: 0.01
bandwith_kernel: None
no_interact: False
avg_score: -1167.5799560546875
median_score: -1168.5
std_score: 60.850006103515625
percentiles: 2%=-1311.47998046875, 5%=-1272.25, 10%=-1234.800048828125, 25%=-1203.25, 50%=-1168.5, 75%=-1123.5, 90%=-1087.0, 95%=-1069.9000244140625, 98%=-1058.8399658203125
ranking_best_algo: Tabu
ranking_best_score: 1216.16
ranking_my_rank: 93/504 (81.7%)
ranking_my_percent: 81.74603174603175
