ConfigName: kjsd__advperagentrankweighted__M5__L8__eps0p005__g0p003__ds0p05__dm0p05
Problem: QUBO
Kernel: jsd
Advantage: peragentrankweighted
M: 5
lambda: 8
epsilon_svgd: 0.005
gamma: 0.003
decay_start_ratio: 0.05
decay_min_factor: 0.05
bandwith_kernel: None
no_interact: False
avg_score: -2148.840087890625
median_score: -2119.0
std_score: 175.0995635986328
percentiles: 2%=-2482.780029296875, 5%=-2466.10009765625, 10%=-2402.60009765625, 25%=-2282.75, 50%=-2119.0, 75%=-2038.75, 90%=-1927.4000244140625, 95%=-1883.199951171875, 98%=-1826.699951171875
ranking_best_algo: SVM1MetaModelLogNormal
ranking_best_score: 2605.14
ranking_my_rank: 197/504 (61.1%)
ranking_my_percent: 61.111111111111114
