ConfigName: kjsd__advperagentrankweighted__M3__L18__eps0p005__g0p003__ds0p05__dm0p2
Problem: QUBO
Kernel: jsd
Advantage: peragentrankweighted
M: 3
lambda: 18
epsilon_svgd: 0.005
gamma: 0.003
decay_start_ratio: 0.05
decay_min_factor: 0.2
bandwith_kernel: None
no_interact: False
avg_score: -138.10000610351562
median_score: -139.0
std_score: 11.11710262298584
percentiles: 2%=-158.02000427246094, 5%=-155.0500030517578, 10%=-152.0, 25%=-146.0, 50%=-139.0, 75%=-130.0, 90%=-124.9000015258789, 95%=-120.80000305175781, 98%=-114.87999725341797
ranking_best_algo: DiscreteDE
ranking_best_score: 143.4
ranking_my_rank: 115/504 (77.4%)
ranking_my_percent: 77.38095238095238
