ConfigName: kjsd__advperagentrankweighted__M5__L8__eps0p005__g0p0003__ds0p4__dm0p05
Problem: NK
Kernel: jsd
Advantage: peragentrankweighted
M: 5
lambda: 8
epsilon_svgd: 0.005
gamma: 0.0003
decay_start_ratio: 0.4
decay_min_factor: 0.05
bandwith_kernel: None
no_interact: False
avg_score: 0.7093079090118408
median_score: 0.7108897566795349
std_score: 0.015320098027586937
percentiles: 2%=0.6700971722602844, 5%=0.6720461845397949, 10%=0.6925333142280579, 25%=0.7062441110610962, 50%=0.7108897566795349, 75%=0.7178924679756165, 90%=0.7251100540161133, 95%=0.7316429615020752, 98%=0.7329659461975098
ranking_best_algo: CMApara
ranking_best_score: 0.707475975
ranking_my_rank: 1/504 (100.0%)
ranking_my_percent: 100.0
