ConfigName: kjsd__advperagentrankweighted__M4__L20__eps0p007__g0p0005__ds0p2__dm0p1
Problem: QUBO
Kernel: jsd
Advantage: peragentrankweighted
M: 4
lambda: 20
epsilon_svgd: 0.007
gamma: 0.0005
decay_start_ratio: 0.2
decay_min_factor: 0.1
bandwith_kernel: None
no_interact: False
avg_score: -916.5399780273438
median_score: -912.5
std_score: 66.28550720214844
percentiles: 2%=-1054.0, 5%=-1037.449951171875, 10%=-1014.0, 25%=-964.25, 50%=-912.5, 75%=-870.0, 90%=-832.7999877929688, 95%=-815.9500122070312, 98%=-791.97998046875
ranking_best_algo: CMAL3
ranking_best_score: 928.5800000000002
ranking_my_rank: 15/504 (97.2%)
ranking_my_percent: 97.22222222222223
