ConfigName: kjsd__advperagentrankweighted__M4__L8__eps0p02__g0p0007__ds0p2__dm0p05
Problem: QUBO
Kernel: jsd
Advantage: peragentrankweighted
M: 4
lambda: 8
epsilon_svgd: 0.02
gamma: 0.0007
decay_start_ratio: 0.2
decay_min_factor: 0.05
bandwith_kernel: None
no_interact: False
avg_score: -1597.0400390625
median_score: -1608.0
std_score: 58.41316604614258
percentiles: 2%=-1716.239990234375, 5%=-1696.800048828125, 10%=-1670.4000244140625, 25%=-1633.25, 50%=-1608.0, 75%=-1551.0, 90%=-1522.800048828125, 95%=-1509.0, 98%=-1488.8399658203125
ranking_best_algo: NLOPT_LN_PRAXIS
ranking_best_score: 1607.12
ranking_my_rank: 13/504 (97.6%)
ranking_my_percent: 97.61904761904762
