ConfigName: krbf__advnormalizedfitness__M3__L10__eps0p015__g0p01__ds0p3__dm0p01
Problem: QUBO
Kernel: rbf
Advantage: normalizedfitness
M: 3
lambda: 10
epsilon_svgd: 0.015
gamma: 0.01
decay_start_ratio: 0.3
decay_min_factor: 0.01
bandwith_kernel: None
no_interact: False
avg_score: -1410.9599609375
median_score: -1414.0
std_score: 134.91885375976562
percentiles: 2%=-1640.4000244140625, 5%=-1603.5999755859375, 10%=-1572.4000244140625, 25%=-1523.0, 50%=-1414.0, 75%=-1295.5, 90%=-1223.9000244140625, 95%=-1206.7000732421875, 98%=-1165.959716796875
ranking_best_algo: NLOPT_LN_PRAXIS
ranking_best_score: 1607.12
ranking_my_rank: 106/504 (79.2%)
ranking_my_percent: 79.16666666666667
