ConfigName: kjsd__advperagentrankweighted__M3__L16__eps0p005__g0p001__ds0p2__dm0p1
Problem: QUBO
Kernel: jsd
Advantage: peragentrankweighted
M: 3
lambda: 16
epsilon_svgd: 0.005
gamma: 0.001
decay_start_ratio: 0.2
decay_min_factor: 0.1
bandwith_kernel: None
no_interact: False
avg_score: -434.0400085449219
median_score: -433.0
std_score: 29.584426879882812
percentiles: 2%=-489.0, 5%=-479.20001220703125, 10%=-472.0, 25%=-457.25, 50%=-433.0, 75%=-411.0, 90%=-396.79998779296875, 95%=-390.0, 98%=-373.9599914550781
ranking_best_algo: CMApara
ranking_best_score: 453.82
ranking_my_rank: 40/504 (92.3%)
ranking_my_percent: 92.26190476190476
