ConfigName: krbf__advnormalizedfitness__M3__L15__eps0p025__g0p015__ds0p15__dm0p01
Problem: QUBO
Kernel: rbf
Advantage: normalizedfitness
M: 3
lambda: 15
epsilon_svgd: 0.025
gamma: 0.015
decay_start_ratio: 0.15
decay_min_factor: 0.01
bandwith_kernel: None
no_interact: False
avg_score: -554.9199829101562
median_score: -557.0
std_score: 32.102237701416016
percentiles: 2%=-613.0399780273438, 5%=-609.0499877929688, 10%=-593.2000122070312, 25%=-577.5, 50%=-557.0, 75%=-528.75, 90%=-513.7999877929688, 95%=-500.95001220703125, 98%=-492.91998291015625
ranking_best_algo: Tabu
ranking_best_score: 588.7199999999999
ranking_my_rank: 144/503 (71.6%)
ranking_my_percent: 71.57057654075547
