ConfigName: krbf__advnormalizedfitness__M1__L8__eps0p015__g0p007__ds0p3__dm0p01
Problem: QUBO
Kernel: rbf
Advantage: normalizedfitness
M: 1
lambda: 8
epsilon_svgd: 0.015
gamma: 0.007
decay_start_ratio: 0.3
decay_min_factor: 0.01
bandwith_kernel: None
no_interact: False
avg_score: -405.94000244140625
median_score: -409.0
std_score: 40.37717819213867
percentiles: 2%=-475.0799865722656, 5%=-467.1000061035156, 10%=-455.29998779296875, 25%=-432.0, 50%=-409.0, 75%=-382.5, 90%=-356.5, 95%=-341.95001220703125, 98%=-305.659912109375
ranking_best_algo: CMAL3
ranking_best_score: 435.36
ranking_my_rank: 217/504 (57.1%)
ranking_my_percent: 57.142857142857146
