ConfigName: krbf__advnormalizedfitness__M4__L15__eps0p03__g0p001__ds0p05__dm0p05
Problem: NK
Kernel: rbf
Advantage: normalizedfitness
M: 4
lambda: 15
epsilon_svgd: 0.03
gamma: 0.001
decay_start_ratio: 0.05
decay_min_factor: 0.05
bandwith_kernel: None
no_interact: False
avg_score: 0.7483893632888794
median_score: 0.7484480142593384
std_score: 0.016240714117884636
percentiles: 2%=0.7149844169616699, 5%=0.7189211845397949, 10%=0.7297821044921875, 25%=0.7391685843467712, 50%=0.7484480142593384, 75%=0.757706880569458, 90%=0.7678105235099792, 95%=0.7765430212020874, 98%=0.7787337899208069
ranking_best_algo: Tabu
ranking_best_score: 0.7657846284375001
ranking_my_rank: 31/504 (94.0%)
ranking_my_percent: 94.04761904761905
