ConfigName: krbf__advnormalizedfitness__M1__L8__eps0p033__g0p015__ds0p15__dm0p3
Problem: NK
Kernel: rbf
Advantage: normalizedfitness
M: 1
lambda: 8
epsilon_svgd: 0.033
gamma: 0.015
decay_start_ratio: 0.15
decay_min_factor: 0.3
bandwith_kernel: None
no_interact: False
avg_score: 0.7409848570823669
median_score: 0.7401213645935059
std_score: 0.017231127247214317
percentiles: 2%=0.7102048397064209, 5%=0.7132768034934998, 10%=0.7195448875427246, 25%=0.7308861613273621, 50%=0.7401213645935059, 75%=0.7527731657028198, 90%=0.7650043964385986, 95%=0.7695698738098145, 98%=0.7753918766975403
ranking_best_algo: Tabu
ranking_best_score: 0.7657846284375001
ranking_my_rank: 82/504 (83.9%)
ranking_my_percent: 83.92857142857143
