ConfigName: krbf__advnormalizedfitness__M3__L10__eps0p015__g0p005__ds0p15__dm0p01
Problem: QUBO
Kernel: rbf
Advantage: normalizedfitness
M: 3
lambda: 10
epsilon_svgd: 0.015
gamma: 0.005
decay_start_ratio: 0.15
decay_min_factor: 0.01
bandwith_kernel: None
no_interact: False
avg_score: -1190.8199462890625
median_score: -1192.5
std_score: 67.54338073730469
percentiles: 2%=-1341.43994140625, 5%=-1325.0999755859375, 10%=-1282.4000244140625, 25%=-1231.25, 50%=-1192.5, 75%=-1136.0, 90%=-1110.199951171875, 95%=-1090.0, 98%=-1082.7999267578125
ranking_best_algo: Tabu
ranking_best_score: 1216.16
ranking_my_rank: 54/504 (89.5%)
ranking_my_percent: 89.48412698412699
