ConfigName: kjsd__advperagentrankweighted__M3__L24__eps0p005__g0p0005__ds0p1__dm0p05
Problem: NK
Kernel: jsd
Advantage: peragentrankweighted
M: 3
lambda: 24
epsilon_svgd: 0.005
gamma: 0.0005
decay_start_ratio: 0.1
decay_min_factor: 0.05
bandwith_kernel: None
no_interact: False
avg_score: 0.7100228667259216
median_score: 0.7107470035552979
std_score: 0.015452783554792404
percentiles: 2%=0.67173832654953, 5%=0.6721065044403076, 10%=0.6932002305984497, 25%=0.7073716521263123, 50%=0.7107470035552979, 75%=0.7202320694923401, 90%=0.7254900932312012, 95%=0.7319814562797546, 98%=0.7324467897415161
ranking_best_algo: CMApara
ranking_best_score: 0.707475975
ranking_my_rank: 1/504 (100.0%)
ranking_my_percent: 100.0
