ConfigName: kjsd__advperagentrankweighted__M3__L16__eps0p01__g0p0005__ds0p2__dm0p2
Problem: QUBO
Kernel: jsd
Advantage: peragentrankweighted
M: 3
lambda: 16
epsilon_svgd: 0.01
gamma: 0.0005
decay_start_ratio: 0.2
decay_min_factor: 0.2
bandwith_kernel: None
no_interact: False
avg_score: -1304.8800048828125
median_score: -1301.0
std_score: 51.33346939086914
percentiles: 2%=-1397.1400146484375, 5%=-1392.1500244140625, 10%=-1371.0, 25%=-1343.5, 50%=-1301.0, 75%=-1272.75, 90%=-1249.9000244140625, 95%=-1230.800048828125, 98%=-1200.8399658203125
ranking_best_algo: BigLognormalDiscreteOnePlusOne
ranking_best_score: 1301.3600000000004
ranking_my_rank: 1/504 (100.0%)
ranking_my_percent: 100.0
