ConfigName: kjsd__advperagentrankweighted__M5__L10__eps0p02__g0p0007__ds0p2__dm0p05
Problem: QUBO
Kernel: jsd
Advantage: peragentrankweighted
M: 5
lambda: 10
epsilon_svgd: 0.02
gamma: 0.0007
decay_start_ratio: 0.2
decay_min_factor: 0.05
bandwith_kernel: None
no_interact: False
avg_score: -334.94000244140625
median_score: -340.0
std_score: 19.383405685424805
percentiles: 2%=-372.0, 5%=-370.1000061035156, 10%=-354.0, 25%=-346.0, 50%=-340.0, 75%=-325.5, 90%=-307.8999938964844, 95%=-299.8999938964844, 98%=-283.9599914550781
ranking_best_algo: CMApara
ranking_best_score: 344.22
ranking_my_rank: 59/504 (88.5%)
ranking_my_percent: 88.4920634920635
