ConfigName: kjsd__advperagentrankweighted__M4__L10__eps0p01__g0p0005__ds0p2__dm0p05
Problem: QUBO
Kernel: jsd
Advantage: peragentrankweighted
M: 4
lambda: 10
epsilon_svgd: 0.01
gamma: 0.0005
decay_start_ratio: 0.2
decay_min_factor: 0.05
bandwith_kernel: None
no_interact: False
avg_score: -3297.56005859375
median_score: -3289.5
std_score: 112.79524230957031
percentiles: 2%=-3524.06005859375, 5%=-3465.39990234375, 10%=-3428.89990234375, 25%=-3367.75, 50%=-3289.5, 75%=-3224.0, 90%=-3165.5, 95%=-3145.550048828125, 98%=-3056.93994140625
ranking_best_algo: RLSOnePlusOne
ranking_best_score: 3316.5199999999995
ranking_my_rank: 3/504 (99.6%)
ranking_my_percent: 99.60317460317461
