ConfigName: kjsd__advperagentrankweighted__M6__L8__eps0p03__g0p0007__ds0p05__dm0p05
Problem: QUBO
Kernel: jsd
Advantage: peragentrankweighted
M: 6
lambda: 8
epsilon_svgd: 0.03
gamma: 0.0007
decay_start_ratio: 0.05
decay_min_factor: 0.05
bandwith_kernel: None
no_interact: False
avg_score: -443.55999755859375
median_score: -443.0
std_score: 24.6383113861084
percentiles: 2%=-492.0799865722656, 5%=-487.0, 10%=-475.3999938964844, 25%=-460.0, 50%=-443.0, 75%=-426.75, 90%=-408.8999938964844, 95%=-401.8999938964844, 98%=-395.9599914550781
ranking_best_algo: CMApara
ranking_best_score: 453.82
ranking_my_rank: 7/504 (98.8%)
ranking_my_percent: 98.80952380952381
