ConfigName: krbf__advnormalizedfitness__M3__L15__eps0p025__g0p005__ds0p05__dm0p05
Problem: QUBO
Kernel: rbf
Advantage: normalizedfitness
M: 3
lambda: 15
epsilon_svgd: 0.025
gamma: 0.005
decay_start_ratio: 0.05
decay_min_factor: 0.05
bandwith_kernel: None
no_interact: False
avg_score: -327.94000244140625
median_score: -333.0
std_score: 19.459609985351562
percentiles: 2%=-361.17999267578125, 5%=-357.0, 10%=-350.0, 25%=-341.0, 50%=-333.0, 75%=-312.0, 90%=-297.79998779296875, 95%=-293.95001220703125, 98%=-291.9800109863281
ranking_best_algo: CMApara
ranking_best_score: 344.22
ranking_my_rank: 85/504 (83.3%)
ranking_my_percent: 83.33333333333333
