ConfigName: krbf__advnormalizedfitness__M4__L8__eps0p025__g0p01__ds0p05__dm0p05
Problem: NK
Kernel: rbf
Advantage: normalizedfitness
M: 4
lambda: 8
epsilon_svgd: 0.025
gamma: 0.01
decay_start_ratio: 0.05
decay_min_factor: 0.05
bandwith_kernel: None
no_interact: False
avg_score: 0.7304860949516296
median_score: 0.7332826852798462
std_score: 0.009909596294164658
percentiles: 2%=0.7083189487457275, 5%=0.7106639742851257, 10%=0.7155359387397766, 25%=0.7238163948059082, 50%=0.7332826852798462, 75%=0.7378315329551697, 90%=0.7417322397232056, 95%=0.7432988882064819, 98%=0.7445054054260254
ranking_best_algo: PBIL
ranking_best_score: 0.7248786399609374
ranking_my_rank: 1/504 (100.0%)
ranking_my_percent: 100.0
