ConfigName: kjsd__advperagentrankweighted__M5__L10__eps0p01__g0p003__ds0p4__dm0p05
Problem: NK
Kernel: jsd
Advantage: peragentrankweighted
M: 5
lambda: 10
epsilon_svgd: 0.01
gamma: 0.003
decay_start_ratio: 0.4
decay_min_factor: 0.05
bandwith_kernel: None
no_interact: False
avg_score: 0.7346583008766174
median_score: 0.7335172295570374
std_score: 0.01674482598900795
percentiles: 2%=0.707426130771637, 5%=0.7094203233718872, 10%=0.7139595150947571, 25%=0.7209928631782532, 50%=0.7335172295570374, 75%=0.7458348870277405, 90%=0.7536734342575073, 95%=0.763744592666626, 98%=0.7674866318702698
ranking_best_algo: Tabu
ranking_best_score: 0.7601875690625
ranking_my_rank: 29/504 (94.4%)
ranking_my_percent: 94.44444444444444
