ConfigName: kjsd__advperagentrankweighted__M3__L16__eps0p005__g0p003__ds0p05__dm0p2
Problem: NK
Kernel: jsd
Advantage: peragentrankweighted
M: 3
lambda: 16
epsilon_svgd: 0.005
gamma: 0.003
decay_start_ratio: 0.05
decay_min_factor: 0.2
bandwith_kernel: None
no_interact: False
avg_score: 0.7161567211151123
median_score: 0.7164841890335083
std_score: 0.01083583477884531
percentiles: 2%=0.6930009126663208, 5%=0.6952494978904724, 10%=0.7020056843757629, 25%=0.7085796594619751, 50%=0.7164841890335083, 75%=0.7247761487960815, 90%=0.7291533350944519, 95%=0.7304425239562988, 98%=0.7347406148910522
ranking_best_algo: PBIL
ranking_best_score: 0.7248786399609374
ranking_my_rank: 47/504 (90.9%)
ranking_my_percent: 90.87301587301587
