ConfigName: krbf__advnormalizedfitness__M4__L10__eps0p015__g0p01__ds0p15__dm0p3
Problem: QUBO
Kernel: rbf
Advantage: normalizedfitness
M: 4
lambda: 10
epsilon_svgd: 0.015
gamma: 0.01
decay_start_ratio: 0.15
decay_min_factor: 0.3
bandwith_kernel: None
no_interact: False
avg_score: -178.9600067138672
median_score: -179.0
std_score: 18.186763763427734
percentiles: 2%=-214.0800018310547, 5%=-211.0, 10%=-201.3000030517578, 25%=-191.0, 50%=-179.0, 75%=-164.75, 90%=-156.70001220703125, 95%=-150.95001220703125, 98%=-147.8399658203125
ranking_best_algo: Tabu
ranking_best_score: 208.36000000000004
ranking_my_rank: 309/504 (38.9%)
ranking_my_percent: 38.888888888888886
