ConfigName: kjsd__advperagentrankweighted__M3__L16__eps0p01__g0p0005__ds0p2__dm0p2
Problem: NK
Kernel: jsd
Advantage: peragentrankweighted
M: 3
lambda: 16
epsilon_svgd: 0.01
gamma: 0.0005
decay_start_ratio: 0.2
decay_min_factor: 0.2
bandwith_kernel: None
no_interact: False
avg_score: 0.7085148096084595
median_score: 0.7102253437042236
std_score: 0.01570872962474823
percentiles: 2%=0.668897807598114, 5%=0.6703492403030396, 10%=0.6949881315231323, 25%=0.7044717073440552, 50%=0.7102253437042236, 75%=0.7177167534828186, 90%=0.7251803874969482, 95%=0.7309967279434204, 98%=0.7328662276268005
ranking_best_algo: CMApara
ranking_best_score: 0.707475975
ranking_my_rank: 1/504 (100.0%)
ranking_my_percent: 100.0
