ConfigName: kfr__advglobalrankweighted__M6__L9__eps0p01__g0p005__ds0p01__dm0p01
Problem: QUBO
Kernel: fr
Advantage: globalrankweighted
M: 6
lambda: 9
epsilon_svgd: 0.01
gamma: 0.005
decay_start_ratio: 0.01
decay_min_factor: 0.01
bandwith_kernel: None
no_interact: False
avg_score: -538.5800170898438
median_score: -538.5
std_score: 36.53414535522461
percentiles: 2%=-611.02001953125, 5%=-601.25, 10%=-590.0999755859375, 25%=-565.75, 50%=-538.5, 75%=-511.75, 90%=-492.79998779296875, 95%=-479.60003662109375, 98%=-466.9599914550781
ranking_best_algo: Tabu
ranking_best_score: 588.7199999999999
ranking_my_rank: 170/503 (66.4%)
ranking_my_percent: 66.40159045725646
