ConfigName: kjsd__advperagentrankweighted__M4__L30__eps0p005__g0p0005__ds0p4__dm0p05
Problem: NK
Kernel: jsd
Advantage: peragentrankweighted
M: 4
lambda: 30
epsilon_svgd: 0.005
gamma: 0.0005
decay_start_ratio: 0.4
decay_min_factor: 0.05
bandwith_kernel: None
no_interact: False
avg_score: 0.7110426425933838
median_score: 0.7117726802825928
std_score: 0.015374727547168732
percentiles: 2%=0.6727160811424255, 5%=0.673467755317688, 10%=0.6966896653175354, 25%=0.7076100707054138, 50%=0.7117726802825928, 75%=0.7194061875343323, 90%=0.7254838347434998, 95%=0.7333280444145203, 98%=0.7343984246253967
ranking_best_algo: CMApara
ranking_best_score: 0.707475975
ranking_my_rank: 1/504 (100.0%)
ranking_my_percent: 100.0
