ConfigName: kfr__advglobalrankweighted__M2__L7__eps0p02__g0p007__ds0p01__dm0p01
Problem: QUBO
Kernel: fr
Advantage: globalrankweighted
M: 2
lambda: 7
epsilon_svgd: 0.02
gamma: 0.007
decay_start_ratio: 0.01
decay_min_factor: 0.01
bandwith_kernel: None
no_interact: False
avg_score: -421.05999755859375
median_score: -415.0
std_score: 27.99707794189453
percentiles: 2%=-479.0, 5%=-477.0, 10%=-465.20001220703125, 25%=-436.0, 50%=-415.0, 75%=-401.0, 90%=-387.0, 95%=-382.0, 98%=-373.9599914550781
ranking_best_algo: CMAL3
ranking_best_score: 435.36
ranking_my_rank: 56/504 (89.1%)
ranking_my_percent: 89.08730158730158
