ConfigName: kfr__advglobalrankweighted__M4__L5__eps0p01__g0p003__ds0p01__dm0p01
Problem: QUBO
Kernel: fr
Advantage: globalrankweighted
M: 4
lambda: 5
epsilon_svgd: 0.01
gamma: 0.003
decay_start_ratio: 0.01
decay_min_factor: 0.01
bandwith_kernel: None
no_interact: False
avg_score: -311.6600036621094
median_score: -309.0
std_score: 38.645626068115234
percentiles: 2%=-388.1199951171875, 5%=-386.1000061035156, 10%=-360.1999816894531, 25%=-338.0, 50%=-309.0, 75%=-275.0, 90%=-269.8999938964844, 95%=-265.95001220703125, 98%=-259.91998291015625
ranking_best_algo: CMApara
ranking_best_score: 319.29999999999995
ranking_my_rank: 37/504 (92.9%)
ranking_my_percent: 92.85714285714286
