ConfigName: kjsd__advperagentrankweighted__M3__L18__eps0p007__g0p0005__ds0p1__dm0p1
Problem: QUBO
Kernel: jsd
Advantage: peragentrankweighted
M: 3
lambda: 18
epsilon_svgd: 0.007
gamma: 0.0005
decay_start_ratio: 0.1
decay_min_factor: 0.1
bandwith_kernel: None
no_interact: False
avg_score: -911.9000244140625
median_score: -916.5
std_score: 61.44436264038086
percentiles: 2%=-1024.1400146484375, 5%=-1003.75, 10%=-994.0999755859375, 25%=-963.0, 50%=-916.5, 75%=-865.75, 90%=-829.7000122070312, 95%=-823.0, 98%=-807.6199951171875
ranking_best_algo: CMAL3
ranking_best_score: 928.5800000000002
ranking_my_rank: 20/504 (96.2%)
ranking_my_percent: 96.23015873015873
