ConfigName: krbf__advnormalizedfitness__M2__L10__eps0p025__g0p005__ds0p3__dm0p01
Problem: QUBO
Kernel: rbf
Advantage: normalizedfitness
M: 2
lambda: 10
epsilon_svgd: 0.025
gamma: 0.005
decay_start_ratio: 0.3
decay_min_factor: 0.01
bandwith_kernel: None
no_interact: False
avg_score: -926.6199951171875
median_score: -932.0
std_score: 72.24455261230469
percentiles: 2%=-1049.260009765625, 5%=-1046.0999755859375, 10%=-1020.5, 25%=-975.25, 50%=-932.0, 75%=-877.5, 90%=-832.2000122070312, 95%=-798.7000122070312, 98%=-782.280029296875
ranking_best_algo: CMApara
ranking_best_score: 964.9
ranking_my_rank: 21/504 (96.0%)
ranking_my_percent: 96.03174603174604
