ConfigName: krbf__advnormalizedfitness__M4__L12__eps0p025__g0p005__ds0p15__dm0p01
Problem: QUBO
Kernel: rbf
Advantage: normalizedfitness
M: 4
lambda: 12
epsilon_svgd: 0.025
gamma: 0.005
decay_start_ratio: 0.15
decay_min_factor: 0.01
bandwith_kernel: None
no_interact: False
avg_score: -424.1600036621094
median_score: -420.0
std_score: 31.76120948791504
percentiles: 2%=-483.0, 5%=-479.0, 10%=-475.20001220703125, 25%=-444.25, 50%=-420.0, 75%=-397.75, 90%=-387.0, 95%=-375.8500061035156, 98%=-362.89996337890625
ranking_best_algo: CMAL3
ranking_best_score: 435.36
ranking_my_rank: 31/504 (94.0%)
ranking_my_percent: 94.04761904761905
