ConfigName: kjsd__advperagentrankweighted__M6__L8__eps0p02__g0p0007__ds0p05__dm0p05
Problem: QUBO
Kernel: jsd
Advantage: peragentrankweighted
M: 6
lambda: 8
epsilon_svgd: 0.02
gamma: 0.0007
decay_start_ratio: 0.05
decay_min_factor: 0.05
bandwith_kernel: None
no_interact: False
avg_score: -149.6199951171875
median_score: -149.0
std_score: 12.637073516845703
percentiles: 2%=-179.0, 5%=-179.0, 10%=-164.0, 25%=-156.25, 50%=-149.0, 75%=-141.0, 90%=-136.89999389648438, 95%=-132.89999389648438, 98%=-125.87999725341797
ranking_best_algo: CMApara
ranking_best_score: 154.28
ranking_my_rank: 76/504 (85.1%)
ranking_my_percent: 85.11904761904762
