ConfigName: kjsd__advperagentrankweighted__M4__L12__eps0p005__g0p001__ds0p1__dm0p05
Problem: QUBO
Kernel: jsd
Advantage: peragentrankweighted
M: 4
lambda: 12
epsilon_svgd: 0.005
gamma: 0.001
decay_start_ratio: 0.1
decay_min_factor: 0.05
bandwith_kernel: None
no_interact: False
avg_score: -579.52001953125
median_score: -581.0
std_score: 26.914859771728516
percentiles: 2%=-631.1199951171875, 5%=-621.0, 10%=-612.0, 25%=-599.0, 50%=-581.0, 75%=-559.0, 90%=-545.9000244140625, 95%=-539.5999755859375, 98%=-527.9600219726562
ranking_best_algo: Tabu
ranking_best_score: 588.7199999999999
ranking_my_rank: 40/503 (92.2%)
ranking_my_percent: 92.2465208747515
