ConfigName: kjsd__advperagentrankweighted__M4__L8__eps0p01__g0p0007__ds0p05__dm0p05
Problem: NK
Kernel: jsd
Advantage: peragentrankweighted
M: 4
lambda: 8
epsilon_svgd: 0.01
gamma: 0.0007
decay_start_ratio: 0.05
decay_min_factor: 0.05
bandwith_kernel: None
no_interact: False
avg_score: 0.7362526655197144
median_score: 0.7355683445930481
std_score: 0.012710627168416977
percentiles: 2%=0.7141976356506348, 5%=0.7178428173065186, 10%=0.7204859256744385, 25%=0.7265701293945312, 50%=0.7355683445930481, 75%=0.7446810603141785, 90%=0.7528242468833923, 95%=0.7580968141555786, 98%=0.7623493671417236
ranking_best_algo: Tabu
ranking_best_score: 0.7601875690625
ranking_my_rank: 21/504 (96.0%)
ranking_my_percent: 96.03174603174604
