ConfigName: krbf__advnormalizedfitness__M3__L12__eps0p025__g0p007__ds0p01__dm0p3
Problem: NK
Kernel: rbf
Advantage: normalizedfitness
M: 3
lambda: 12
epsilon_svgd: 0.025
gamma: 0.007
decay_start_ratio: 0.01
decay_min_factor: 0.3
bandwith_kernel: None
no_interact: False
avg_score: 0.7324671745300293
median_score: 0.7338565587997437
std_score: 0.012981262989342213
percentiles: 2%=0.7078272700309753, 5%=0.7115038633346558, 10%=0.7144693732261658, 25%=0.7239632606506348, 50%=0.7338565587997437, 75%=0.7411485910415649, 90%=0.7501644492149353, 95%=0.7541818022727966, 98%=0.7577206492424011
ranking_best_algo: PBIL
ranking_best_score: 0.733570253046875
ranking_my_rank: 2/504 (99.8%)
ranking_my_percent: 99.8015873015873
