ConfigName: krbf__advnormalizedfitness__M4__L24__eps0p03__g0p01__ds0p15__dm0p05
Problem: QUBO
Kernel: rbf
Advantage: normalizedfitness
M: 4
lambda: 24
epsilon_svgd: 0.03
gamma: 0.01
decay_start_ratio: 0.15
decay_min_factor: 0.05
bandwith_kernel: None
no_interact: False
avg_score: -324.5199890136719
median_score: -325.0
std_score: 19.09998893737793
percentiles: 2%=-360.0199890136719, 5%=-350.04998779296875, 10%=-347.1000061035156, 25%=-340.0, 50%=-325.0, 75%=-310.0, 90%=-298.0, 95%=-290.0, 98%=-285.8399963378906
ranking_best_algo: CMApara
ranking_best_score: 344.22
ranking_my_rank: 126/504 (75.2%)
ranking_my_percent: 75.1984126984127
