ConfigName: kjsd__advperagentrankweighted__M4__L12__eps0p005__g0p0007__ds0p05__dm0p2
Problem: QUBO
Kernel: jsd
Advantage: peragentrankweighted
M: 4
lambda: 12
epsilon_svgd: 0.005
gamma: 0.0007
decay_start_ratio: 0.05
decay_min_factor: 0.2
bandwith_kernel: None
no_interact: False
avg_score: -575.2000122070312
median_score: -578.0
std_score: 24.372936248779297
percentiles: 2%=-629.0, 5%=-616.4500122070312, 10%=-602.2999877929688, 25%=-591.25, 50%=-578.0, 75%=-556.0, 90%=-542.7999877929688, 95%=-536.9000244140625, 98%=-529.97998046875
ranking_best_algo: Tabu
ranking_best_score: 588.7199999999999
ranking_my_rank: 57/503 (88.9%)
ranking_my_percent: 88.86679920477137
