ConfigName: krbf__advnormalizedfitness__M4__L10__eps0p033__g0p015__ds0p01__dm0p01
Problem: QUBO
Kernel: rbf
Advantage: normalizedfitness
M: 4
lambda: 10
epsilon_svgd: 0.033
gamma: 0.015
decay_start_ratio: 0.01
decay_min_factor: 0.01
bandwith_kernel: None
no_interact: False
avg_score: -1102.0400390625
median_score: -1095.0
std_score: 82.7580795288086
percentiles: 2%=-1279.199951171875, 5%=-1247.9000244140625, 10%=-1228.0999755859375, 25%=-1158.0, 50%=-1095.0, 75%=-1051.5, 90%=-990.9000244140625, 95%=-986.800048828125, 98%=-967.6199340820312
ranking_best_algo: SVMMetaModelLogNormal
ranking_best_score: 1233.7999999999997
ranking_my_rank: 149/504 (70.6%)
ranking_my_percent: 70.63492063492063
