ConfigName: krbf__advnormalizedfitness__M4__L10__eps0p015__g0p007__ds0p3__dm0p01
Problem: NK
Kernel: rbf
Advantage: normalizedfitness
M: 4
lambda: 10
epsilon_svgd: 0.015
gamma: 0.007
decay_start_ratio: 0.3
decay_min_factor: 0.01
bandwith_kernel: None
no_interact: False
avg_score: 0.7349793910980225
median_score: 0.7355729341506958
std_score: 0.009129409678280354
percentiles: 2%=0.7142831087112427, 5%=0.7167430520057678, 10%=0.7228675484657288, 25%=0.7297038435935974, 50%=0.7355729341506958, 75%=0.7418222427368164, 90%=0.745566189289093, 95%=0.7481575012207031, 98%=0.7518581748008728
ranking_best_algo: PBIL
ranking_best_score: 0.730509098125
ranking_my_rank: 1/504 (100.0%)
ranking_my_percent: 100.0
