ConfigName: kjsd__advperagentrankweighted__M3__L18__eps0p007__g0p001__ds0p05__dm0p05
Problem: NK
Kernel: jsd
Advantage: peragentrankweighted
M: 3
lambda: 18
epsilon_svgd: 0.007
gamma: 0.001
decay_start_ratio: 0.05
decay_min_factor: 0.05
bandwith_kernel: None
no_interact: False
avg_score: 0.7220361232757568
median_score: 0.7206972241401672
std_score: 0.009250837378203869
percentiles: 2%=0.704767644405365, 5%=0.7080592513084412, 10%=0.7104349732398987, 25%=0.7154577374458313, 50%=0.7206972241401672, 75%=0.7277393341064453, 90%=0.7333366870880127, 95%=0.7407795190811157, 98%=0.7426985502243042
ranking_best_algo: PBIL
ranking_best_score: 0.7170882103515624
ranking_my_rank: 1/504 (100.0%)
ranking_my_percent: 100.0
