ConfigName: krbf__advnormalizedfitness__M4__L8__eps0p015__g0p01__ds0p01__dm0p01
Problem: QUBO
Kernel: rbf
Advantage: normalizedfitness
M: 4
lambda: 8
epsilon_svgd: 0.015
gamma: 0.01
decay_start_ratio: 0.01
decay_min_factor: 0.01
bandwith_kernel: None
no_interact: False
avg_score: -868.9000244140625
median_score: -872.0
std_score: 68.91973114013672
percentiles: 2%=-1028.1199951171875, 5%=-999.0499877929688, 10%=-953.2000122070312, 25%=-912.5, 50%=-872.0, 75%=-812.75, 90%=-772.5999755859375, 95%=-760.75, 98%=-752.9400024414062
ranking_best_algo: CMAL3
ranking_best_score: 928.5800000000002
ranking_my_rank: 173/504 (65.9%)
ranking_my_percent: 65.87301587301587
