ConfigName: kjsd__advperagentrankweighted__M4__L20__eps0p007__g0p0005__ds0p05__dm0p2
Problem: NK
Kernel: jsd
Advantage: peragentrankweighted
M: 4
lambda: 20
epsilon_svgd: 0.007
gamma: 0.0005
decay_start_ratio: 0.05
decay_min_factor: 0.2
bandwith_kernel: None
no_interact: False
avg_score: 0.7103502750396729
median_score: 0.7111889123916626
std_score: 0.015314994379878044
percentiles: 2%=0.6716430187225342, 5%=0.6730856895446777, 10%=0.6941936016082764, 25%=0.7069676518440247, 50%=0.7111889123916626, 75%=0.7193145155906677, 90%=0.725558340549469, 95%=0.7327746748924255, 98%=0.7333096265792847
ranking_best_algo: CMApara
ranking_best_score: 0.707475975
ranking_my_rank: 1/504 (100.0%)
ranking_my_percent: 100.0
