ConfigName: kjsd__advperagentrankweighted__M3__L20__eps0p01__g0p0005__ds0p1__dm0p05
Problem: QUBO
Kernel: jsd
Advantage: peragentrankweighted
M: 3
lambda: 20
epsilon_svgd: 0.01
gamma: 0.0005
decay_start_ratio: 0.1
decay_min_factor: 0.05
bandwith_kernel: None
no_interact: False
avg_score: -137.66000366210938
median_score: -139.5
std_score: 11.716842651367188
percentiles: 2%=-157.02000427246094, 5%=-156.0, 10%=-154.0, 25%=-145.25, 50%=-139.5, 75%=-129.0, 90%=-122.5999984741211, 95%=-116.94999694824219, 98%=-112.95999908447266
ranking_best_algo: DiscreteDE
ranking_best_score: 143.4
ranking_my_rank: 118/504 (76.8%)
ranking_my_percent: 76.78571428571429
