ConfigName: kjsd__advperagentrankweighted__M3__L20__eps0p005__g0p003__ds0p2__dm0p1
Problem: QUBO
Kernel: jsd
Advantage: peragentrankweighted
M: 3
lambda: 20
epsilon_svgd: 0.005
gamma: 0.003
decay_start_ratio: 0.2
decay_min_factor: 0.1
bandwith_kernel: None
no_interact: False
avg_score: -199.0800018310547
median_score: -199.5
std_score: 13.534902572631836
percentiles: 2%=-224.0, 5%=-222.0, 10%=-219.0, 25%=-207.0, 50%=-199.5, 75%=-191.0, 90%=-180.89999389648438, 95%=-174.9499969482422, 98%=-169.9199981689453
ranking_best_algo: Tabu
ranking_best_score: 208.36000000000004
ranking_my_rank: 86/504 (83.1%)
ranking_my_percent: 83.13492063492063
