ConfigName: kjsd__advperagentrankweighted__M4__L12__eps0p005__g0p0005__ds0p2__dm0p2
Problem: QUBO
Kernel: jsd
Advantage: peragentrankweighted
M: 4
lambda: 12
epsilon_svgd: 0.005
gamma: 0.0005
decay_start_ratio: 0.2
decay_min_factor: 0.2
bandwith_kernel: None
no_interact: False
avg_score: -915.739990234375
median_score: -916.0
std_score: 59.33087158203125
percentiles: 2%=-1032.0400390625, 5%=-1022.25, 10%=-987.5, 25%=-959.5, 50%=-916.0, 75%=-873.5, 90%=-837.5, 95%=-822.9000244140625, 98%=-803.6400146484375
ranking_best_algo: CMAL3
ranking_best_score: 928.5800000000002
ranking_my_rank: 17/504 (96.8%)
ranking_my_percent: 96.82539682539682
