ConfigName: kjsd__advperagentrankweighted__M3__L30__eps0p005__g0p0005__ds0p05__dm0p2
Problem: QUBO
Kernel: jsd
Advantage: peragentrankweighted
M: 3
lambda: 30
epsilon_svgd: 0.005
gamma: 0.0005
decay_start_ratio: 0.05
decay_min_factor: 0.2
bandwith_kernel: None
no_interact: False
avg_score: -1299.9200439453125
median_score: -1294.5
std_score: 57.712852478027344
percentiles: 2%=-1417.0400390625, 5%=-1405.3499755859375, 10%=-1381.0999755859375, 25%=-1349.0, 50%=-1294.5, 75%=-1259.0, 90%=-1231.199951171875, 95%=-1218.5999755859375, 98%=-1194.800048828125
ranking_best_algo: BigLognormalDiscreteOnePlusOne
ranking_best_score: 1301.3600000000004
ranking_my_rank: 2/504 (99.8%)
ranking_my_percent: 99.8015873015873
