ConfigName: kjsd__advperagentrankweighted__M4__L20__eps0p005__g0p0005__ds0p05__dm0p05
Problem: NK
Kernel: jsd
Advantage: peragentrankweighted
M: 4
lambda: 20
epsilon_svgd: 0.005
gamma: 0.0005
decay_start_ratio: 0.05
decay_min_factor: 0.05
bandwith_kernel: None
no_interact: False
avg_score: 0.712100088596344
median_score: 0.7120954990386963
std_score: 0.009439533576369286
percentiles: 2%=0.6964814066886902, 5%=0.6976568698883057, 10%=0.6994168162345886, 25%=0.7054247260093689, 50%=0.7120954990386963, 75%=0.7177424430847168, 90%=0.7241877317428589, 95%=0.728316605091095, 98%=0.7331185340881348
ranking_best_algo: PBIL
ranking_best_score: 0.7170882103515624
ranking_my_rank: 42/504 (91.9%)
ranking_my_percent: 91.86507936507937
