ConfigName: krbf__advnormalizedfitness__M1__L8__eps0p015__g0p01__ds0p15__dm0p01
Problem: NK
Kernel: rbf
Advantage: normalizedfitness
M: 1
lambda: 8
epsilon_svgd: 0.015
gamma: 0.01
decay_start_ratio: 0.15
decay_min_factor: 0.01
bandwith_kernel: None
no_interact: False
avg_score: 0.7313932776451111
median_score: 0.732278048992157
std_score: 0.009925673715770245
percentiles: 2%=0.7125192880630493, 5%=0.7138837575912476, 10%=0.7176504731178284, 25%=0.7247754335403442, 50%=0.732278048992157, 75%=0.7393753528594971, 90%=0.7448292374610901, 95%=0.7461336851119995, 98%=0.7465662360191345
ranking_best_algo: PBIL
ranking_best_score: 0.730509098125
ranking_my_rank: 1/504 (100.0%)
ranking_my_percent: 100.0
