ConfigName: krbf__advnormalizedfitness__M3__L10__eps0p033__g0p015__ds0p01__dm0p01
Problem: NK
Kernel: rbf
Advantage: normalizedfitness
M: 3
lambda: 10
epsilon_svgd: 0.033
gamma: 0.015
decay_start_ratio: 0.01
decay_min_factor: 0.01
bandwith_kernel: None
no_interact: False
avg_score: 0.7397778034210205
median_score: 0.7417812347412109
std_score: 0.014246937818825245
percentiles: 2%=0.7099785804748535, 5%=0.7156771421432495, 10%=0.7208040356636047, 25%=0.7298408150672913, 50%=0.7417812347412109, 75%=0.7474770545959473, 90%=0.7575672268867493, 95%=0.7636002898216248, 98%=0.7713444232940674
ranking_best_algo: Tabu
ranking_best_score: 0.7601875690625
ranking_my_rank: 15/504 (97.2%)
ranking_my_percent: 97.22222222222223
