ConfigName: krbf__advnormalizedfitness__M4__L8__eps0p015__g0p005__ds0p15__dm0p3
Problem: QUBO
Kernel: rbf
Advantage: normalizedfitness
M: 4
lambda: 8
epsilon_svgd: 0.015
gamma: 0.005
decay_start_ratio: 0.15
decay_min_factor: 0.3
bandwith_kernel: None
no_interact: False
avg_score: -311.44000244140625
median_score: -315.0
std_score: 39.61270523071289
percentiles: 2%=-396.0, 5%=-388.0, 10%=-360.0, 25%=-334.5, 50%=-315.0, 75%=-274.75, 90%=-263.79998779296875, 95%=-256.95001220703125, 98%=-254.7799530029297
ranking_best_algo: CMApara
ranking_best_score: 319.29999999999995
ranking_my_rank: 39/504 (92.5%)
ranking_my_percent: 92.46031746031746
