ConfigName: kjsd__advperagentrankweighted__M3__L20__eps0p01__g0p0005__ds0p1__dm0p1
Problem: QUBO
Kernel: jsd
Advantage: peragentrankweighted
M: 3
lambda: 20
epsilon_svgd: 0.01
gamma: 0.0005
decay_start_ratio: 0.1
decay_min_factor: 0.1
bandwith_kernel: None
no_interact: False
avg_score: -437.1000061035156
median_score: -441.0
std_score: 27.018327713012695
percentiles: 2%=-487.0400085449219, 5%=-483.1000061035156, 10%=-472.0, 25%=-457.0, 50%=-441.0, 75%=-414.75, 90%=-402.0, 95%=-394.8500061035156, 98%=-390.7200012207031
ranking_best_algo: CMApara
ranking_best_score: 453.82
ranking_my_rank: 29/504 (94.4%)
ranking_my_percent: 94.44444444444444
