ConfigName: kjsd__advperagentrankweighted__M10__L24__eps0p005__g0p0005__ds0p05__dm0p05
Problem: NK
Kernel: jsd
Advantage: peragentrankweighted
M: 10
lambda: 24
epsilon_svgd: 0.005
gamma: 0.0005
decay_start_ratio: 0.05
decay_min_factor: 0.05
bandwith_kernel: None
no_interact: False
avg_score: 0.6997566819190979
median_score: 0.6976112127304077
std_score: 0.022060967981815338
percentiles: 2%=0.6609782576560974, 5%=0.6683483719825745, 10%=0.6715066432952881, 25%=0.6831824779510498, 50%=0.6976112127304077, 75%=0.715729832649231, 90%=0.728958249092102, 95%=0.7368902564048767, 98%=0.7450751066207886
ranking_best_algo: Tabu
ranking_best_score: 0.7470791764843752
ranking_my_rank: 289/504 (42.9%)
ranking_my_percent: 42.857142857142854
