ConfigName: kjsd__advperagentrankweighted__M5__L8__eps0p005__g0p0003__ds0p4__dm0p05
Problem: QUBO
Kernel: jsd
Advantage: peragentrankweighted
M: 5
lambda: 8
epsilon_svgd: 0.005
gamma: 0.0003
decay_start_ratio: 0.4
decay_min_factor: 0.05
bandwith_kernel: None
no_interact: False
avg_score: -428.05999755859375
median_score: -428.0
std_score: 27.269697189331055
percentiles: 2%=-479.0, 5%=-475.1000061035156, 10%=-465.6000061035156, 25%=-446.5, 50%=-428.0, 75%=-410.75, 90%=-394.5, 95%=-385.8999938964844, 98%=-377.0
ranking_best_algo: CMAL3
ranking_best_score: 435.36
ranking_my_rank: 15/504 (97.2%)
ranking_my_percent: 97.22222222222223
