ConfigName: krbf__advnormalizedfitness__M4__L8__eps0p033__g0p01__ds0p01__dm0p01
Problem: QUBO
Kernel: rbf
Advantage: normalizedfitness
M: 4
lambda: 8
epsilon_svgd: 0.033
gamma: 0.01
decay_start_ratio: 0.01
decay_min_factor: 0.01
bandwith_kernel: None
no_interact: False
avg_score: -905.7999877929688
median_score: -902.5
std_score: 66.87226867675781
percentiles: 2%=-1040.199951171875, 5%=-1026.0, 10%=-999.5, 25%=-952.25, 50%=-902.5, 75%=-851.0, 90%=-828.5, 95%=-812.2000732421875, 98%=-781.97998046875
ranking_best_algo: CMAL3
ranking_best_score: 928.5800000000002
ranking_my_rank: 62/504 (87.9%)
ranking_my_percent: 87.89682539682539
