ConfigName: kjsd__advperagentrankweighted__M3__L18__eps0p01__g0p0005__ds0p2__dm0p05
Problem: QUBO
Kernel: jsd
Advantage: peragentrankweighted
M: 3
lambda: 18
epsilon_svgd: 0.01
gamma: 0.0005
decay_start_ratio: 0.2
decay_min_factor: 0.05
bandwith_kernel: None
no_interact: False
avg_score: -2609.739990234375
median_score: -2596.0
std_score: 118.45122528076172
percentiles: 2%=-2852.0, 5%=-2817.5, 10%=-2764.199951171875, 25%=-2714.0, 50%=-2596.0, 75%=-2527.5, 90%=-2467.300048828125, 95%=-2426.0, 98%=-2406.739990234375
ranking_best_algo: SVM1MetaModelLogNormal
ranking_best_score: 2605.14
ranking_my_rank: 1/504 (100.0%)
ranking_my_percent: 100.0
