ConfigName: krbf__advnormalizedfitness__M4__L10__eps0p015__g0p015__ds0p3__dm0p01
Problem: NK
Kernel: rbf
Advantage: normalizedfitness
M: 4
lambda: 10
epsilon_svgd: 0.015
gamma: 0.015
decay_start_ratio: 0.3
decay_min_factor: 0.01
bandwith_kernel: None
no_interact: False
avg_score: 0.7265401482582092
median_score: 0.7258753776550293
std_score: 0.018511604517698288
percentiles: 2%=0.6870689988136292, 5%=0.6938980221748352, 10%=0.7019569277763367, 25%=0.7135328650474548, 50%=0.7258753776550293, 75%=0.7435325384140015, 90%=0.7493559718132019, 95%=0.7526283860206604, 98%=0.7564413547515869
ranking_best_algo: Tabu
ranking_best_score: 0.7657846284375001
ranking_my_rank: 199/504 (60.7%)
ranking_my_percent: 60.714285714285715
