ConfigName: kjsd__advperagentrankweighted__M3__L20__eps0p005__g0p0005__ds0p1__dm0p2
Problem: NK
Kernel: jsd
Advantage: peragentrankweighted
M: 3
lambda: 20
epsilon_svgd: 0.005
gamma: 0.0005
decay_start_ratio: 0.1
decay_min_factor: 0.2
bandwith_kernel: None
no_interact: False
avg_score: 0.7350172996520996
median_score: 0.735466480255127
std_score: 0.008253909647464752
percentiles: 2%=0.7175565958023071, 5%=0.7194945216178894, 10%=0.7229207754135132, 25%=0.7304084300994873, 50%=0.735466480255127, 75%=0.7420800924301147, 90%=0.7447018623352051, 95%=0.7459096908569336, 98%=0.7489179372787476
ranking_best_algo: PBIL
ranking_best_score: 0.7248786399609374
ranking_my_rank: 1/504 (100.0%)
ranking_my_percent: 100.0
