ConfigName: kjsd__advperagentrankweighted__M3__L30__eps0p005__g0p001__ds0p2__dm0p05
Problem: NK
Kernel: jsd
Advantage: peragentrankweighted
M: 3
lambda: 30
epsilon_svgd: 0.005
gamma: 0.001
decay_start_ratio: 0.2
decay_min_factor: 0.05
bandwith_kernel: None
no_interact: False
avg_score: 0.7523680329322815
median_score: 0.754120945930481
std_score: 0.014230100437998772
percentiles: 2%=0.7218443751335144, 5%=0.7271871566772461, 10%=0.7325850129127502, 25%=0.7441112995147705, 50%=0.754120945930481, 75%=0.7640592455863953, 90%=0.7704602479934692, 95%=0.7714852094650269, 98%=0.7720502614974976
ranking_best_algo: Tabu
ranking_best_score: 0.7657846284375001
ranking_my_rank: 13/504 (97.6%)
ranking_my_percent: 97.61904761904762
