ConfigName: kjsd__advperagentrankweighted__M5__L8__eps0p005__g0p0007__ds0p05__dm0p05
Problem: NK
Kernel: jsd
Advantage: peragentrankweighted
M: 5
lambda: 8
epsilon_svgd: 0.005
gamma: 0.0007
decay_start_ratio: 0.05
decay_min_factor: 0.05
bandwith_kernel: None
no_interact: False
avg_score: 0.7307111620903015
median_score: 0.7315447330474854
std_score: 0.011142093688249588
percentiles: 2%=0.7110213041305542, 5%=0.7124983072280884, 10%=0.7164067029953003, 25%=0.7224895358085632, 50%=0.7315447330474854, 75%=0.7380160093307495, 90%=0.7450892329216003, 95%=0.7487295866012573, 98%=0.7495828866958618
ranking_best_algo: Tabu
ranking_best_score: 0.7429702712499999
ranking_my_rank: 2/504 (99.8%)
ranking_my_percent: 99.8015873015873
