ConfigName: kjsd__advperagentrankweighted__M4__L8__eps0p02__g0p0003__ds0p05__dm0p05
Problem: NK
Kernel: jsd
Advantage: peragentrankweighted
M: 4
lambda: 8
epsilon_svgd: 0.02
gamma: 0.0003
decay_start_ratio: 0.05
decay_min_factor: 0.05
bandwith_kernel: None
no_interact: False
avg_score: 0.7006820440292358
median_score: 0.7038686275482178
std_score: 0.012216179631650448
percentiles: 2%=0.6794041991233826, 5%=0.6807039380073547, 10%=0.6825392842292786, 25%=0.6904577016830444, 50%=0.7038686275482178, 75%=0.7113035917282104, 90%=0.7159114480018616, 95%=0.7168220281600952, 98%=0.7194409966468811
ranking_best_algo: PBIL
ranking_best_score: 0.7013553837109374
ranking_my_rank: 2/504 (99.8%)
ranking_my_percent: 99.8015873015873
