ConfigName: kjsd__advperagentrankweighted__M5__L12__eps0p03__g0p0007__ds0p05__dm0p05
Problem: QUBO
Kernel: jsd
Advantage: peragentrankweighted
M: 5
lambda: 12
epsilon_svgd: 0.03
gamma: 0.0007
decay_start_ratio: 0.05
decay_min_factor: 0.05
bandwith_kernel: None
no_interact: False
avg_score: -2589.10009765625
median_score: -2586.0
std_score: 121.43865966796875
percentiles: 2%=-2810.3798828125, 5%=-2796.0, 10%=-2750.10009765625, 25%=-2682.5, 50%=-2586.0, 75%=-2500.75, 90%=-2433.39990234375, 95%=-2389.5, 98%=-2369.919921875
ranking_best_algo: SVM1MetaModelLogNormal
ranking_best_score: 2605.14
ranking_my_rank: 11/504 (98.0%)
ranking_my_percent: 98.01587301587301
