ConfigName: kfr__advglobalrankweighted__M4__L5__eps0p01__g0p003__ds0p01__dm0p01
Problem: QUBO
Kernel: fr
Advantage: globalrankweighted
M: 4
lambda: 5
epsilon_svgd: 0.01
gamma: 0.003
decay_start_ratio: 0.01
decay_min_factor: 0.01
bandwith_kernel: None
no_interact: False
avg_score: -1266.1600341796875
median_score: -1263.5
std_score: 53.6562614440918
percentiles: 2%=-1371.1400146484375, 5%=-1359.1500244140625, 10%=-1342.0999755859375, 25%=-1299.0, 50%=-1263.5, 75%=-1233.0, 90%=-1203.800048828125, 95%=-1169.8499755859375, 98%=-1158.719970703125
ranking_best_algo: SVMMetaModelLogNormal
ranking_best_score: 1233.7999999999997
ranking_my_rank: 1/504 (100.0%)
ranking_my_percent: 100.0
