ConfigName: kjsd__advperagentrankweighted__M8__L12__eps0p008__g0p0005__ds0p05__dm0p05
Problem: NK
Kernel: jsd
Advantage: peragentrankweighted
M: 8
lambda: 12
epsilon_svgd: 0.008
gamma: 0.0005
decay_start_ratio: 0.05
decay_min_factor: 0.05
bandwith_kernel: None
no_interact: False
avg_score: 0.7558576464653015
median_score: 0.7574015855789185
std_score: 0.013414486311376095
percentiles: 2%=0.7273956537246704, 5%=0.730778694152832, 10%=0.7375349998474121, 25%=0.7482657432556152, 50%=0.7574015855789185, 75%=0.7645851969718933, 90%=0.7716339230537415, 95%=0.7779186964035034, 98%=0.7830500602722168
ranking_best_algo: Tabu
ranking_best_score: 0.7657846284375001
ranking_my_rank: 4/504 (99.4%)
ranking_my_percent: 99.4047619047619
