ConfigName: kjsd__advperagentrankweighted__M4__L24__eps0p03__g0p0005__ds0p05__dm0p05
Problem: QUBO
Kernel: jsd
Advantage: peragentrankweighted
M: 4
lambda: 24
epsilon_svgd: 0.03
gamma: 0.0005
decay_start_ratio: 0.05
decay_min_factor: 0.05
bandwith_kernel: None
no_interact: False
avg_score: -1296.699951171875
median_score: -1293.0
std_score: 58.991607666015625
percentiles: 2%=-1404.1800537109375, 5%=-1388.449951171875, 10%=-1370.0999755859375, 25%=-1347.5, 50%=-1293.0, 75%=-1251.75, 90%=-1226.5, 95%=-1200.699951171875, 98%=-1183.9000244140625
ranking_best_algo: BigLognormalDiscreteOnePlusOne
ranking_best_score: 1301.3600000000004
ranking_my_rank: 2/504 (99.8%)
ranking_my_percent: 99.8015873015873
