ConfigName: krbf__advnormalizedfitness__M4__L12__eps0p025__g0p015__ds0p3__dm0p3
Problem: NK
Kernel: rbf
Advantage: normalizedfitness
M: 4
lambda: 12
epsilon_svgd: 0.025
gamma: 0.015
decay_start_ratio: 0.3
decay_min_factor: 0.3
bandwith_kernel: None
no_interact: False
avg_score: 0.6427915692329407
median_score: 0.641281008720398
std_score: 0.010928144678473473
percentiles: 2%=0.6267945170402527, 5%=0.6289641857147217, 10%=0.6308054327964783, 25%=0.6360853910446167, 50%=0.641281008720398, 75%=0.648026704788208, 90%=0.6551215052604675, 95%=0.6599441170692444, 98%=0.6663370132446289
ranking_best_algo: Tabu
ranking_best_score: 0.7601875690625
ranking_my_rank: 391/504 (22.6%)
ranking_my_percent: 22.61904761904762
