ConfigName: kjsd__advperagentrankweighted__M3__L20__eps0p007__g0p001__ds0p05__dm0p05
Problem: NK
Kernel: jsd
Advantage: peragentrankweighted
M: 3
lambda: 20
epsilon_svgd: 0.007
gamma: 0.001
decay_start_ratio: 0.05
decay_min_factor: 0.05
bandwith_kernel: None
no_interact: False
avg_score: 0.7570908069610596
median_score: 0.7569759488105774
std_score: 0.011791049502789974
percentiles: 2%=0.7354422807693481, 5%=0.7391213178634644, 10%=0.7427442073822021, 25%=0.7466672658920288, 50%=0.7569759488105774, 75%=0.7664114832878113, 90%=0.771489143371582, 95%=0.7756279706954956, 98%=0.781227707862854
ranking_best_algo: Tabu
ranking_best_score: 0.7470791764843752
ranking_my_rank: 1/504 (100.0%)
ranking_my_percent: 100.0
