ConfigName: kjsd__advperagentrankweighted__M4__L8__eps0p005__g0p0003__ds0p4__dm0p05
Problem: QUBO
Kernel: jsd
Advantage: peragentrankweighted
M: 4
lambda: 8
epsilon_svgd: 0.005
gamma: 0.0003
decay_start_ratio: 0.4
decay_min_factor: 0.05
bandwith_kernel: None
no_interact: False
avg_score: -2586.719970703125
median_score: -2584.0
std_score: 98.17882537841797
percentiles: 2%=-2799.02001953125, 5%=-2754.449951171875, 10%=-2714.300048828125, 25%=-2662.75, 50%=-2584.0, 75%=-2528.25, 90%=-2461.800048828125, 95%=-2429.199951171875, 98%=-2379.840087890625
ranking_best_algo: SVM1MetaModelLogNormal
ranking_best_score: 2605.14
ranking_my_rank: 12/504 (97.8%)
ranking_my_percent: 97.81746031746032
