ConfigName: krbf__advnormalizedfitness__M1__L8__eps0p025__g0p007__ds0p15__dm0p3
Problem: NK
Kernel: rbf
Advantage: normalizedfitness
M: 1
lambda: 8
epsilon_svgd: 0.025
gamma: 0.007
decay_start_ratio: 0.15
decay_min_factor: 0.3
bandwith_kernel: None
no_interact: False
avg_score: 0.7236765027046204
median_score: 0.7238114476203918
std_score: 0.008331016637384892
percentiles: 2%=0.7077026963233948, 5%=0.7098394632339478, 10%=0.7121244668960571, 25%=0.717583954334259, 50%=0.7238114476203918, 75%=0.7288675308227539, 90%=0.7336278557777405, 95%=0.7360453009605408, 98%=0.7400959730148315
ranking_best_algo: PBIL
ranking_best_score: 0.7248786399609374
ranking_my_rank: 2/504 (99.8%)
ranking_my_percent: 99.8015873015873
