ConfigName: kjsd__advperagentrankweighted__M5__L10__eps0p01__g0p003__ds0p05__dm0p2
Problem: QUBO
Kernel: jsd
Advantage: peragentrankweighted
M: 5
lambda: 10
epsilon_svgd: 0.01
gamma: 0.003
decay_start_ratio: 0.05
decay_min_factor: 0.2
bandwith_kernel: None
no_interact: False
avg_score: -139.6199951171875
median_score: -139.0
std_score: 10.872700691223145
percentiles: 2%=-158.02000427246094, 5%=-157.0500030517578, 10%=-155.10000610351562, 25%=-147.5, 50%=-139.0, 75%=-131.0, 90%=-127.0, 95%=-124.9000015258789, 98%=-120.95999908447266
ranking_best_algo: DiscreteDE
ranking_best_score: 143.4
ranking_my_rank: 83/504 (83.7%)
ranking_my_percent: 83.73015873015873
