ConfigName: kjsd__advperagentrankweighted__M4__L12__eps0p005__g0p0007__ds0p1__dm0p05
Problem: NK
Kernel: jsd
Advantage: peragentrankweighted
M: 4
lambda: 12
epsilon_svgd: 0.005
gamma: 0.0007
decay_start_ratio: 0.1
decay_min_factor: 0.05
bandwith_kernel: None
no_interact: False
avg_score: 0.7429425120353699
median_score: 0.741504430770874
std_score: 0.013777300715446472
percentiles: 2%=0.71724534034729, 5%=0.7236227989196777, 10%=0.7268128991127014, 25%=0.7335643768310547, 50%=0.741504430770874, 75%=0.7518426179885864, 90%=0.7597384452819824, 95%=0.764462947845459, 98%=0.7737455368041992
ranking_best_algo: Tabu
ranking_best_score: 0.7601875690625
ranking_my_rank: 9/504 (98.4%)
ranking_my_percent: 98.41269841269842
