ConfigName: kjsd__advperagentrankweighted__M3__L20__eps0p007__g0p0007__ds0p05__dm0p1
Problem: NK
Kernel: jsd
Advantage: peragentrankweighted
M: 3
lambda: 20
epsilon_svgd: 0.007
gamma: 0.0007
decay_start_ratio: 0.05
decay_min_factor: 0.1
bandwith_kernel: None
no_interact: False
avg_score: 0.7331085205078125
median_score: 0.7330641150474548
std_score: 0.00998630840331316
percentiles: 2%=0.7149853706359863, 5%=0.7177231311798096, 10%=0.7214242219924927, 25%=0.7257973551750183, 50%=0.7330641150474548, 75%=0.7390084266662598, 90%=0.7481585741043091, 95%=0.7503321170806885, 98%=0.7541965842247009
ranking_best_algo: Tabu
ranking_best_score: 0.7429702712499999
ranking_my_rank: 2/504 (99.8%)
ranking_my_percent: 99.8015873015873
