ConfigName: krbf__advglobalrankweighted__M4__L11__eps0p01__g0p005__ds0p01__dm0p01
Problem: QUBO
Kernel: rbf
Advantage: globalrankweighted
M: 4
lambda: 11
epsilon_svgd: 0.01
gamma: 0.005
decay_start_ratio: 0.01
decay_min_factor: 0.01
bandwith_kernel: None
no_interact: False
avg_score: -439.1400146484375
median_score: -443.0
std_score: 27.509641647338867
percentiles: 2%=-492.0, 5%=-483.04998779296875, 10%=-472.1000061035156, 25%=-457.5, 50%=-443.0, 75%=-421.75, 90%=-401.6000061035156, 95%=-388.8500061035156, 98%=-384.0
ranking_best_algo: CMApara
ranking_best_score: 453.82
ranking_my_rank: 19/504 (96.4%)
ranking_my_percent: 96.42857142857143
