ConfigName: kjsd__advperagentrankweighted__M4__L12__eps0p005__g0p0005__ds0p1__dm0p05
Problem: QUBO
Kernel: jsd
Advantage: peragentrankweighted
M: 4
lambda: 12
epsilon_svgd: 0.005
gamma: 0.0005
decay_start_ratio: 0.1
decay_min_factor: 0.05
bandwith_kernel: None
no_interact: False
avg_score: -943.0999755859375
median_score: -939.0
std_score: 59.34955978393555
percentiles: 2%=-1062.1600341796875, 5%=-1037.1500244140625, 10%=-1025.4000244140625, 25%=-981.75, 50%=-939.0, 75%=-892.0, 90%=-872.5999755859375, 95%=-858.5, 98%=-824.9600219726562
ranking_best_algo: CMApara
ranking_best_score: 964.9
ranking_my_rank: 3/504 (99.6%)
ranking_my_percent: 99.60317460317461
