ConfigName: krbf__advnormalizedfitness__M4__L15__eps0p015__g0p01__ds0p15__dm0p01
Problem: NK
Kernel: rbf
Advantage: normalizedfitness
M: 4
lambda: 15
epsilon_svgd: 0.015
gamma: 0.01
decay_start_ratio: 0.15
decay_min_factor: 0.01
bandwith_kernel: None
no_interact: False
avg_score: 0.683413565158844
median_score: 0.683456540107727
std_score: 0.010320293717086315
percentiles: 2%=0.6600413918495178, 5%=0.6661087870597839, 10%=0.670364260673523, 25%=0.67786705493927, 50%=0.683456540107727, 75%=0.6897025108337402, 90%=0.6953686475753784, 95%=0.6968355178833008, 98%=0.7054043412208557
ranking_best_algo: PBIL
ranking_best_score: 0.7248786399609374
ranking_my_rank: 181/504 (64.3%)
ranking_my_percent: 64.28571428571429
