ConfigName: krbf__advnormalizedfitness__M5__L8__eps0p03__g0p01__ds0p05__dm0p05
Problem: QUBO
Kernel: rbf
Advantage: normalizedfitness
M: 5
lambda: 8
epsilon_svgd: 0.03
gamma: 0.01
decay_start_ratio: 0.05
decay_min_factor: 0.05
bandwith_kernel: None
no_interact: False
avg_score: -2216.239990234375
median_score: -2215.5
std_score: 164.6439208984375
percentiles: 2%=-2536.3798828125, 5%=-2505.5, 10%=-2439.800048828125, 25%=-2332.0, 50%=-2215.5, 75%=-2108.0, 90%=-2019.800048828125, 95%=-1957.699951171875, 98%=-1927.3399658203125
ranking_best_algo: SVM1MetaModelLogNormal
ranking_best_score: 2605.14
ranking_my_rank: 178/504 (64.9%)
ranking_my_percent: 64.88095238095238
