ConfigName: kjsd__advperagentrankweighted__M3__L18__eps0p01__g0p003__ds0p2__dm0p05
Problem: QUBO
Kernel: jsd
Advantage: peragentrankweighted
M: 3
lambda: 18
epsilon_svgd: 0.01
gamma: 0.003
decay_start_ratio: 0.2
decay_min_factor: 0.05
bandwith_kernel: None
no_interact: False
avg_score: -331.8999938964844
median_score: -334.0
std_score: 21.035919189453125
percentiles: 2%=-372.0, 5%=-366.29998779296875, 10%=-354.0, 25%=-346.75, 50%=-334.0, 75%=-320.0, 90%=-300.0, 95%=-294.95001220703125, 98%=-291.9599914550781
ranking_best_algo: CMApara
ranking_best_score: 344.22
ranking_my_rank: 76/504 (85.1%)
ranking_my_percent: 85.11904761904762
