ConfigName: kjsd__advperagentrankweighted__M5__L8__eps0p02__g0p0007__ds0p2__dm0p05
Problem: QUBO
Kernel: jsd
Advantage: peragentrankweighted
M: 5
lambda: 8
epsilon_svgd: 0.02
gamma: 0.0007
decay_start_ratio: 0.2
decay_min_factor: 0.05
bandwith_kernel: None
no_interact: False
avg_score: -576.3800048828125
median_score: -578.5
std_score: 26.264339447021484
percentiles: 2%=-623.0, 5%=-612.0499877929688, 10%=-605.0999755859375, 25%=-597.5, 50%=-578.5, 75%=-558.0, 90%=-544.9000244140625, 95%=-532.9500122070312, 98%=-523.9600219726562
ranking_best_algo: Tabu
ranking_best_score: 588.7199999999999
ranking_my_rank: 55/503 (89.3%)
ranking_my_percent: 89.26441351888668
