ConfigName: kjsd__advperagentrankweighted__M4__L12__eps0p01__g0p0005__ds0p05__dm0p05
Problem: QUBO
Kernel: jsd
Advantage: peragentrankweighted
M: 4
lambda: 12
epsilon_svgd: 0.01
gamma: 0.0005
decay_start_ratio: 0.05
decay_min_factor: 0.05
bandwith_kernel: None
no_interact: False
avg_score: -1189.1600341796875
median_score: -1184.5
std_score: 59.23845672607422
percentiles: 2%=-1325.239990234375, 5%=-1307.4000244140625, 10%=-1270.5999755859375, 25%=-1211.25, 50%=-1184.5, 75%=-1155.0, 90%=-1120.0, 95%=-1098.5999755859375, 98%=-1078.739990234375
ranking_best_algo: Tabu
ranking_best_score: 1216.16
ranking_my_rank: 55/504 (89.3%)
ranking_my_percent: 89.28571428571429
