ConfigName: kjsd__advperagentrankweighted__M4__L12__eps0p008__g0p0005__ds0p05__dm0p05
Problem: NK
Kernel: jsd
Advantage: peragentrankweighted
M: 4
lambda: 12
epsilon_svgd: 0.008
gamma: 0.0005
decay_start_ratio: 0.05
decay_min_factor: 0.05
bandwith_kernel: None
no_interact: False
avg_score: 0.7338065505027771
median_score: 0.7347717881202698
std_score: 0.008681037463247776
percentiles: 2%=0.7156372666358948, 5%=0.7170544862747192, 10%=0.7213435769081116, 25%=0.728268027305603, 50%=0.7347717881202698, 75%=0.7405990362167358, 90%=0.743168830871582, 95%=0.7457446455955505, 98%=0.7465389370918274
ranking_best_algo: PBIL
ranking_best_score: 0.7248786399609374
ranking_my_rank: 1/504 (100.0%)
ranking_my_percent: 100.0
