ConfigName: krbf__advnormalizedfitness__M2__L8__eps0p015__g0p005__ds0p3__dm0p3
Problem: QUBO
Kernel: rbf
Advantage: normalizedfitness
M: 2
lambda: 8
epsilon_svgd: 0.015
gamma: 0.005
decay_start_ratio: 0.3
decay_min_factor: 0.3
bandwith_kernel: None
no_interact: False
avg_score: -926.9000244140625
median_score: -919.5
std_score: 74.16151428222656
percentiles: 2%=-1074.0, 5%=-1068.199951171875, 10%=-1021.5, 25%=-976.25, 50%=-919.5, 75%=-875.75, 90%=-834.0999755859375, 95%=-812.5, 98%=-788.8400268554688
ranking_best_algo: CMApara
ranking_best_score: 964.9
ranking_my_rank: 21/504 (96.0%)
ranking_my_percent: 96.03174603174604
