ConfigName: kjsd__advperagentrankweighted__M3__L20__eps0p005__g0p001__ds0p2__dm0p1
Problem: QUBO
Kernel: jsd
Advantage: peragentrankweighted
M: 3
lambda: 20
epsilon_svgd: 0.005
gamma: 0.001
decay_start_ratio: 0.2
decay_min_factor: 0.1
bandwith_kernel: None
no_interact: False
avg_score: -1286.699951171875
median_score: -1295.0
std_score: 58.51948165893555
percentiles: 2%=-1379.5, 5%=-1363.4000244140625, 10%=-1358.0, 25%=-1331.5, 50%=-1295.0, 75%=-1243.75, 90%=-1212.5999755859375, 95%=-1190.800048828125, 98%=-1158.8199462890625
ranking_best_algo: BigLognormalDiscreteOnePlusOne
ranking_best_score: 1301.3600000000004
ranking_my_rank: 4/504 (99.4%)
ranking_my_percent: 99.4047619047619
