ConfigName: kjsd__advperagentrankweighted__M4__L12__eps0p03__g0p0007__ds0p2__dm0p05
Problem: NK
Kernel: jsd
Advantage: peragentrankweighted
M: 4
lambda: 12
epsilon_svgd: 0.03
gamma: 0.0007
decay_start_ratio: 0.2
decay_min_factor: 0.05
bandwith_kernel: None
no_interact: False
avg_score: 0.7333314418792725
median_score: 0.7330639362335205
std_score: 0.008241641335189342
percentiles: 2%=0.7199283838272095, 5%=0.7219606637954712, 10%=0.72315514087677, 25%=0.7275707721710205, 50%=0.7330639362335205, 75%=0.7388447523117065, 90%=0.7428818345069885, 95%=0.7461511492729187, 98%=0.7479579448699951
ranking_best_algo: PBIL
ranking_best_score: 0.733570253046875
ranking_my_rank: 2/504 (99.8%)
ranking_my_percent: 99.8015873015873
