ConfigName: kjsd__advperagentrankweighted__M3__L16__eps0p007__g0p0007__ds0p2__dm0p2
Problem: QUBO
Kernel: jsd
Advantage: peragentrankweighted
M: 3
lambda: 16
epsilon_svgd: 0.007
gamma: 0.0007
decay_start_ratio: 0.2
decay_min_factor: 0.2
bandwith_kernel: None
no_interact: False
avg_score: -412.05999755859375
median_score: -411.0
std_score: 27.434219360351562
percentiles: 2%=-473.0400085449219, 5%=-452.04998779296875, 10%=-447.0, 25%=-428.5, 50%=-411.0, 75%=-391.5, 90%=-374.0, 95%=-365.8999938964844, 98%=-364.0
ranking_best_algo: Tabu
ranking_best_score: 438.12
ranking_my_rank: 72/504 (85.9%)
ranking_my_percent: 85.91269841269842
