ConfigName: kjsd__advperagentrankweighted__M3__L16__eps0p007__g0p003__ds0p1__dm0p1
Problem: NK
Kernel: jsd
Advantage: peragentrankweighted
M: 3
lambda: 16
epsilon_svgd: 0.007
gamma: 0.003
decay_start_ratio: 0.1
decay_min_factor: 0.1
bandwith_kernel: None
no_interact: False
avg_score: 0.7314401268959045
median_score: 0.7329678535461426
std_score: 0.009872928261756897
percentiles: 2%=0.7080956697463989, 5%=0.7130919098854065, 10%=0.7180306315422058, 25%=0.7250468134880066, 50%=0.7329678535461426, 75%=0.739326000213623, 90%=0.7412011623382568, 95%=0.7452911138534546, 98%=0.7477494478225708
ranking_best_algo: PBIL
ranking_best_score: 0.7248786399609374
ranking_my_rank: 1/504 (100.0%)
ranking_my_percent: 100.0
