ConfigName: krbf__advnormalizedfitness__M3__L8__eps0p01__g0p001__ds0p05__dm0p05
Problem: QUBO
Kernel: rbf
Advantage: normalizedfitness
M: 3
lambda: 8
epsilon_svgd: 0.01
gamma: 0.001
decay_start_ratio: 0.05
decay_min_factor: 0.05
bandwith_kernel: None
no_interact: False
avg_score: -1200.4599609375
median_score: -1199.5
std_score: 68.5043716430664
percentiles: 2%=-1340.1800537109375, 5%=-1325.4000244140625, 10%=-1291.5999755859375, 25%=-1240.25, 50%=-1199.5, 75%=-1155.0, 90%=-1115.699951171875, 95%=-1102.8499755859375, 98%=-1068.47998046875
ranking_best_algo: SVMMetaModelLogNormal
ranking_best_score: 1233.7999999999997
ranking_my_rank: 57/504 (88.9%)
ranking_my_percent: 88.88888888888889
