ConfigName: kfr__advglobalrankweighted__M3__L9__eps0p02__g0p003__ds0p01__dm0p01
Problem: QUBO
Kernel: fr
Advantage: globalrankweighted
M: 3
lambda: 9
epsilon_svgd: 0.02
gamma: 0.003
decay_start_ratio: 0.01
decay_min_factor: 0.01
bandwith_kernel: None
no_interact: False
avg_score: -1225.1199951171875
median_score: -1224.0
std_score: 65.88388061523438
percentiles: 2%=-1356.1600341796875, 5%=-1347.0, 10%=-1316.0999755859375, 25%=-1265.5, 50%=-1224.0, 75%=-1180.5, 90%=-1141.9000244140625, 95%=-1114.9000244140625, 98%=-1103.699951171875
ranking_best_algo: SVMMetaModelLogNormal
ranking_best_score: 1233.7999999999997
ranking_my_rank: 14/504 (97.4%)
ranking_my_percent: 97.42063492063492
