ConfigName: kjsd__advperagentrankweighted__M4__L12__eps0p01__g0p0003__ds0p05__dm0p05
Problem: QUBO
Kernel: jsd
Advantage: peragentrankweighted
M: 4
lambda: 12
epsilon_svgd: 0.01
gamma: 0.0003
decay_start_ratio: 0.05
decay_min_factor: 0.05
bandwith_kernel: None
no_interact: False
avg_score: -198.0399932861328
median_score: -199.0
std_score: 14.17033576965332
percentiles: 2%=-224.0, 5%=-224.0, 10%=-216.1999969482422, 25%=-207.0, 50%=-199.0, 75%=-189.0, 90%=-177.89999389648438, 95%=-174.85000610351562, 98%=-169.9600067138672
ranking_best_algo: Tabu
ranking_best_score: 208.36000000000004
ranking_my_rank: 103/504 (79.8%)
ranking_my_percent: 79.76190476190476
