ConfigName: krbf__advnormalizedfitness__M4__L15__eps0p015__g0p007__ds0p3__dm0p3
Problem: NK
Kernel: rbf
Advantage: normalizedfitness
M: 4
lambda: 15
epsilon_svgd: 0.015
gamma: 0.007
decay_start_ratio: 0.3
decay_min_factor: 0.3
bandwith_kernel: None
no_interact: False
avg_score: 0.7018225193023682
median_score: 0.7004345655441284
std_score: 0.01959557831287384
percentiles: 2%=0.6627509593963623, 5%=0.6703426241874695, 10%=0.6782506108283997, 25%=0.6883708834648132, 50%=0.7004345655441284, 75%=0.7187690138816833, 90%=0.7306213974952698, 95%=0.7348359227180481, 98%=0.7370197772979736
ranking_best_algo: Tabu
ranking_best_score: 0.7657846284375001
ranking_my_rank: 315/504 (37.7%)
ranking_my_percent: 37.698412698412696
