ConfigName: kjsd__advperagentrankweighted__M4__L12__eps0p03__g0p0005__ds0p2__dm0p05
Problem: QUBO
Kernel: jsd
Advantage: peragentrankweighted
M: 4
lambda: 12
epsilon_svgd: 0.03
gamma: 0.0005
decay_start_ratio: 0.2
decay_min_factor: 0.05
bandwith_kernel: None
no_interact: False
avg_score: -897.3599853515625
median_score: -895.5
std_score: 54.90437316894531
percentiles: 2%=-1006.1199951171875, 5%=-991.0999755859375, 10%=-970.0999755859375, 25%=-936.0, 50%=-895.5, 75%=-852.75, 90%=-830.5999755859375, 95%=-815.7999877929688, 98%=-805.5999755859375
ranking_best_algo: CMAL3
ranking_best_score: 928.5800000000002
ranking_my_rank: 80/504 (84.3%)
ranking_my_percent: 84.32539682539682
