ConfigName: kjsd__advperagentrankweighted__M3__L16__eps0p007__g0p001__ds0p2__dm0p2
Problem: NK
Kernel: jsd
Advantage: peragentrankweighted
M: 3
lambda: 16
epsilon_svgd: 0.007
gamma: 0.001
decay_start_ratio: 0.2
decay_min_factor: 0.2
bandwith_kernel: None
no_interact: False
avg_score: 0.7355379462242126
median_score: 0.7377630472183228
std_score: 0.008836546912789345
percentiles: 2%=0.7162612676620483, 5%=0.7178029417991638, 10%=0.7217420339584351, 25%=0.7306561470031738, 50%=0.7377630472183228, 75%=0.7418768405914307, 90%=0.7451025247573853, 95%=0.7468788027763367, 98%=0.7485198378562927
ranking_best_algo: PBIL
ranking_best_score: 0.7248786399609374
ranking_my_rank: 1/504 (100.0%)
ranking_my_percent: 100.0
