ConfigName: krbf__advnormalizedfitness__M1__L10__eps0p015__g0p015__ds0p15__dm0p01
Problem: NK
Kernel: rbf
Advantage: normalizedfitness
M: 1
lambda: 10
epsilon_svgd: 0.015
gamma: 0.015
decay_start_ratio: 0.15
decay_min_factor: 0.01
bandwith_kernel: None
no_interact: False
avg_score: 0.7350320219993591
median_score: 0.7356094121932983
std_score: 0.011874841526150703
percentiles: 2%=0.7101895213127136, 5%=0.714448094367981, 10%=0.717345654964447, 25%=0.7283732295036316, 50%=0.7356094121932983, 75%=0.7447936534881592, 90%=0.7484115362167358, 95%=0.7541597485542297, 98%=0.756571888923645
ranking_best_algo: Tabu
ranking_best_score: 0.7429702712499999
ranking_my_rank: 2/504 (99.8%)
ranking_my_percent: 99.8015873015873
