ConfigName: krbf__advnormalizedfitness__M4__L10__eps0p025__g0p007__ds0p3__dm0p01
Problem: NK
Kernel: rbf
Advantage: normalizedfitness
M: 4
lambda: 10
epsilon_svgd: 0.025
gamma: 0.007
decay_start_ratio: 0.3
decay_min_factor: 0.01
bandwith_kernel: None
no_interact: False
avg_score: 0.7246482372283936
median_score: 0.7246826887130737
std_score: 0.01584787108004093
percentiles: 2%=0.6933594346046448, 5%=0.6967438459396362, 10%=0.7030349969863892, 25%=0.7153545618057251, 50%=0.7246826887130737, 75%=0.7343403100967407, 90%=0.7465530633926392, 95%=0.7532438039779663, 98%=0.755116879940033
ranking_best_algo: PBIL
ranking_best_score: 0.733570253046875
ranking_my_rank: 44/504 (91.5%)
ranking_my_percent: 91.46825396825396
