ConfigName: kjsd__advperagentrankweighted__M5__L8__eps0p005__g0p0005__ds0p05__dm0p05
Problem: NK
Kernel: jsd
Advantage: peragentrankweighted
M: 5
lambda: 8
epsilon_svgd: 0.005
gamma: 0.0005
decay_start_ratio: 0.05
decay_min_factor: 0.05
bandwith_kernel: None
no_interact: False
avg_score: 0.7127012014389038
median_score: 0.7122359275817871
std_score: 0.006497069727629423
percentiles: 2%=0.7015706300735474, 5%=0.7024219632148743, 10%=0.704431414604187, 25%=0.7082816362380981, 50%=0.7122359275817871, 75%=0.7161180973052979, 90%=0.7207047343254089, 95%=0.7240163087844849, 98%=0.7279202342033386
ranking_best_algo: PBIL
ranking_best_score: 0.7170882103515624
ranking_my_rank: 42/504 (91.9%)
ranking_my_percent: 91.86507936507937
