ConfigName: krbf__advnormalizedfitness__M1__L8__eps0p015__g0p015__ds0p3__dm0p3
Problem: NK
Kernel: rbf
Advantage: normalizedfitness
M: 1
lambda: 8
epsilon_svgd: 0.015
gamma: 0.015
decay_start_ratio: 0.3
decay_min_factor: 0.3
bandwith_kernel: None
no_interact: False
avg_score: 0.7473118305206299
median_score: 0.7480961084365845
std_score: 0.015163902193307877
percentiles: 2%=0.7163054347038269, 5%=0.7221391797065735, 10%=0.7286760210990906, 25%=0.7370539307594299, 50%=0.7480961084365845, 75%=0.7580614686012268, 90%=0.7662639021873474, 95%=0.7711990475654602, 98%=0.7775828838348389
ranking_best_algo: Tabu
ranking_best_score: 0.7657846284375001
ranking_my_rank: 35/504 (93.3%)
ranking_my_percent: 93.25396825396825
