ConfigName: kjsd__advperagentrankweighted__M2__L20__eps0p005__g0p0005__ds0p05__dm0p2
Problem: QUBO
Kernel: jsd
Advantage: peragentrankweighted
M: 2
lambda: 20
epsilon_svgd: 0.005
gamma: 0.0005
decay_start_ratio: 0.05
decay_min_factor: 0.2
bandwith_kernel: None
no_interact: False
avg_score: -324.1600036621094
median_score: -326.0
std_score: 22.83975601196289
percentiles: 2%=-372.0, 5%=-354.1499938964844, 10%=-349.1000061035156, 25%=-340.0, 50%=-326.0, 75%=-312.0, 90%=-291.8999938964844, 95%=-287.8999938964844, 98%=-273.9200134277344
ranking_best_algo: CMApara
ranking_best_score: 344.22
ranking_my_rank: 126/504 (75.2%)
ranking_my_percent: 75.1984126984127
