ConfigName: krbf__advnormalizedfitness__M4__L12__eps0p015__g0p01__ds0p15__dm0p3
Problem: QUBO
Kernel: rbf
Advantage: normalizedfitness
M: 4
lambda: 12
epsilon_svgd: 0.015
gamma: 0.01
decay_start_ratio: 0.15
decay_min_factor: 0.3
bandwith_kernel: None
no_interact: False
avg_score: -652.760009765625
median_score: -646.5
std_score: 88.94403839111328
percentiles: 2%=-838.0599975585938, 5%=-785.0499877929688, 10%=-769.0999755859375, 25%=-722.5, 50%=-646.5, 75%=-580.25, 90%=-542.9000244140625, 95%=-513.4500732421875, 98%=-474.8799743652344
ranking_best_algo: CMApara
ranking_best_score: 964.9
ranking_my_rank: 342/504 (32.3%)
ranking_my_percent: 32.34126984126984
