ConfigName: kjsd__advperagentrankweighted__M3__L30__eps0p005__g0p0005__ds0p1__dm0p1
Problem: QUBO
Kernel: jsd
Advantage: peragentrankweighted
M: 3
lambda: 30
epsilon_svgd: 0.005
gamma: 0.0005
decay_start_ratio: 0.1
decay_min_factor: 0.1
bandwith_kernel: None
no_interact: False
avg_score: -439.4200134277344
median_score: -440.0
std_score: 27.756505966186523
percentiles: 2%=-490.0799865722656, 5%=-479.3500061035156, 10%=-472.0, 25%=-459.25, 50%=-440.0, 75%=-420.75, 90%=-403.8999938964844, 95%=-392.0, 98%=-383.7799987792969
ranking_best_algo: CMApara
ranking_best_score: 453.82
ranking_my_rank: 18/504 (96.6%)
ranking_my_percent: 96.62698412698413
