ConfigName: krbf__advnormalizedfitness__M3__L12__eps0p025__g0p005__ds0p01__dm0p3
Problem: QUBO
Kernel: rbf
Advantage: normalizedfitness
M: 3
lambda: 12
epsilon_svgd: 0.025
gamma: 0.005
decay_start_ratio: 0.01
decay_min_factor: 0.3
bandwith_kernel: None
no_interact: False
avg_score: -418.5799865722656
median_score: -418.0
std_score: 27.196022033691406
percentiles: 2%=-477.0, 5%=-469.20001220703125, 10%=-454.0, 25%=-433.25, 50%=-418.0, 75%=-402.0, 90%=-382.0, 95%=-377.8000183105469, 98%=-371.9599914550781
ranking_best_algo: Tabu
ranking_best_score: 438.12
ranking_my_rank: 35/504 (93.3%)
ranking_my_percent: 93.25396825396825
