ConfigName: kfr__advglobalrankweighted__M6__L7__eps0p02__g0p007__ds0p01__dm0p01
Problem: QUBO
Kernel: fr
Advantage: globalrankweighted
M: 6
lambda: 7
epsilon_svgd: 0.02
gamma: 0.007
decay_start_ratio: 0.01
decay_min_factor: 0.01
bandwith_kernel: None
no_interact: False
avg_score: -140.9199981689453
median_score: -143.0
std_score: 10.974224090576172
percentiles: 2%=-160.0, 5%=-159.0, 10%=-157.10000610351562, 25%=-147.0, 50%=-143.0, 75%=-131.0, 90%=-127.0, 95%=-123.0, 98%=-120.97999572753906
ranking_best_algo: DiscreteDE
ranking_best_score: 143.4
ranking_my_rank: 74/504 (85.5%)
ranking_my_percent: 85.51587301587301
