ConfigName: kjsd__advperagentrankweighted__M5__L24__eps0p007__g0p0005__ds0p05__dm0p05
Problem: NK
Kernel: jsd
Advantage: peragentrankweighted
M: 5
lambda: 24
epsilon_svgd: 0.007
gamma: 0.0005
decay_start_ratio: 0.05
decay_min_factor: 0.05
bandwith_kernel: None
no_interact: False
avg_score: 0.7109715342521667
median_score: 0.7118700742721558
std_score: 0.015264343470335007
percentiles: 2%=0.6716365218162537, 5%=0.6740832328796387, 10%=0.6973109245300293, 25%=0.7076746821403503, 50%=0.7118700742721558, 75%=0.7198364734649658, 90%=0.7255253195762634, 95%=0.7332031726837158, 98%=0.7340100407600403
ranking_best_algo: CMApara
ranking_best_score: 0.707475975
ranking_my_rank: 1/504 (100.0%)
ranking_my_percent: 100.0
