ConfigName: krbf__advnormalizedfitness__M4__L10__eps0p03__g0p01__ds0p05__dm0p05
Problem: QUBO
Kernel: rbf
Advantage: normalizedfitness
M: 4
lambda: 10
epsilon_svgd: 0.03
gamma: 0.01
decay_start_ratio: 0.05
decay_min_factor: 0.05
bandwith_kernel: None
no_interact: False
avg_score: -2353.159912109375
median_score: -2364.0
std_score: 161.99339294433594
percentiles: 2%=-2678.139892578125, 5%=-2625.949951171875, 10%=-2561.5, 25%=-2457.0, 50%=-2364.0, 75%=-2234.75, 90%=-2155.10009765625, 95%=-2086.550048828125, 98%=-2009.9200439453125
ranking_best_algo: SVM1MetaModelLogNormal
ranking_best_score: 2605.14
ranking_my_rank: 140/504 (72.4%)
ranking_my_percent: 72.42063492063492
