ConfigName: kfr__advglobalrankweighted__M3__L11__eps0p015__g0p007__ds0p01__dm0p01
Problem: QUBO
Kernel: fr
Advantage: globalrankweighted
M: 3
lambda: 11
epsilon_svgd: 0.015
gamma: 0.007
decay_start_ratio: 0.01
decay_min_factor: 0.01
bandwith_kernel: None
no_interact: False
avg_score: -3222.5
median_score: -3229.0
std_score: 120.3959732055664
percentiles: 2%=-3452.719970703125, 5%=-3428.050048828125, 10%=-3378.5, 25%=-3311.0, 50%=-3229.0, 75%=-3123.75, 90%=-3073.60009765625, 95%=-3041.35009765625, 98%=-3020.539794921875
ranking_best_algo: RLSOnePlusOne
ranking_best_score: 3316.5199999999995
ranking_my_rank: 43/504 (91.7%)
ranking_my_percent: 91.66666666666667
