ConfigName: kjsd__advperagentrankweighted__M3__L20__eps0p007__g0p0007__ds0p05__dm0p1
Problem: QUBO
Kernel: jsd
Advantage: peragentrankweighted
M: 3
lambda: 20
epsilon_svgd: 0.007
gamma: 0.0007
decay_start_ratio: 0.05
decay_min_factor: 0.1
bandwith_kernel: None
no_interact: False
avg_score: -145.5800018310547
median_score: -146.0
std_score: 14.346553802490234
percentiles: 2%=-179.0, 5%=-179.0, 10%=-158.1999969482422, 25%=-154.0, 50%=-146.0, 75%=-136.75, 90%=-130.8000030517578, 95%=-123.0, 98%=-113.94000244140625
ranking_best_algo: CMApara
ranking_best_score: 154.28
ranking_my_rank: 136/504 (73.2%)
ranking_my_percent: 73.21428571428571
