ConfigName: krbf__advnormalizedfitness__M2__L3__eps0p015__g0p005__ds0p15__dm0p3
Problem: QUBO
Kernel: rbf
Advantage: normalizedfitness
M: 2
lambda: 3
epsilon_svgd: 0.015
gamma: 0.005
decay_start_ratio: 0.15
decay_min_factor: 0.3
bandwith_kernel: None
no_interact: False
avg_score: -426.9800109863281
median_score: -429.0
std_score: 28.092695236206055
percentiles: 2%=-477.0400085449219, 5%=-470.0, 10%=-463.1000061035156, 25%=-449.0, 50%=-429.0, 75%=-408.0, 90%=-386.8999938964844, 95%=-378.8500061035156, 98%=-374.8599853515625
ranking_best_algo: CMApara
ranking_best_score: 453.82
ranking_my_rank: 105/504 (79.4%)
ranking_my_percent: 79.36507936507937
