ConfigName: kjsd__advperagentrankweighted__M5__L8__eps0p01__g0p0003__ds0p05__dm0p05
Problem: NK
Kernel: jsd
Advantage: peragentrankweighted
M: 5
lambda: 8
epsilon_svgd: 0.01
gamma: 0.0003
decay_start_ratio: 0.05
decay_min_factor: 0.05
bandwith_kernel: None
no_interact: False
avg_score: 0.7332828640937805
median_score: 0.7344784140586853
std_score: 0.010570403188467026
percentiles: 2%=0.7118496894836426, 5%=0.7136414051055908, 10%=0.7178208827972412, 25%=0.728171706199646, 50%=0.7344784140586853, 75%=0.7412568926811218, 90%=0.7453719973564148, 95%=0.7472032308578491, 98%=0.7531525492668152
ranking_best_algo: PBIL
ranking_best_score: 0.730509098125
ranking_my_rank: 1/504 (100.0%)
ranking_my_percent: 100.0
