ConfigName: kfr__advglobalrankweighted__M4__L15__eps0p02__g0p005__ds0p01__dm0p01
Problem: QUBO
Kernel: fr
Advantage: globalrankweighted
M: 4
lambda: 15
epsilon_svgd: 0.02
gamma: 0.005
decay_start_ratio: 0.01
decay_min_factor: 0.01
bandwith_kernel: None
no_interact: False
avg_score: -573.2999877929688
median_score: -574.0
std_score: 26.805036544799805
percentiles: 2%=-619.239990234375, 5%=-617.0999755859375, 10%=-613.0999755859375, 25%=-586.5, 50%=-574.0, 75%=-556.0, 90%=-537.0, 95%=-526.800048828125, 98%=-520.9400024414062
ranking_best_algo: Tabu
ranking_best_score: 588.7199999999999
ranking_my_rank: 61/503 (88.1%)
ranking_my_percent: 88.07157057654075
