ConfigName: kfr__advglobalrankweighted__M3__L9__eps0p01__g0p007__ds0p01__dm0p01
Problem: QUBO
Kernel: fr
Advantage: globalrankweighted
M: 3
lambda: 9
epsilon_svgd: 0.01
gamma: 0.007
decay_start_ratio: 0.01
decay_min_factor: 0.01
bandwith_kernel: None
no_interact: False
avg_score: -414.8599853515625
median_score: -413.0
std_score: 25.36809730529785
percentiles: 2%=-473.0, 5%=-457.0, 10%=-450.20001220703125, 25%=-428.0, 50%=-413.0, 75%=-397.5, 90%=-383.79998779296875, 95%=-377.7500305175781, 98%=-369.8799743652344
ranking_best_algo: Tabu
ranking_best_score: 438.12
ranking_my_rank: 51/504 (90.1%)
ranking_my_percent: 90.07936507936508
