ConfigName: kjsd__advperagentrankweighted__M3__L18__eps0p005__g0p0007__ds0p1__dm0p2
Problem: QUBO
Kernel: jsd
Advantage: peragentrankweighted
M: 3
lambda: 18
epsilon_svgd: 0.005
gamma: 0.0007
decay_start_ratio: 0.1
decay_min_factor: 0.2
bandwith_kernel: None
no_interact: False
avg_score: -1240.43994140625
median_score: -1236.0
std_score: 56.774173736572266
percentiles: 2%=-1367.260009765625, 5%=-1330.0999755859375, 10%=-1319.300048828125, 25%=-1283.25, 50%=-1236.0, 75%=-1201.0, 90%=-1160.0, 95%=-1151.8499755859375, 98%=-1140.8800048828125
ranking_best_algo: SVMMetaModelLogNormal
ranking_best_score: 1233.7999999999997
ranking_my_rank: 1/504 (100.0%)
ranking_my_percent: 100.0
