ConfigName: krbf__advnormalizedfitness__M3__L10__eps0p025__g0p01__ds0p15__dm0p3
Problem: QUBO
Kernel: rbf
Advantage: normalizedfitness
M: 3
lambda: 10
epsilon_svgd: 0.025
gamma: 0.01
decay_start_ratio: 0.15
decay_min_factor: 0.3
bandwith_kernel: None
no_interact: False
avg_score: -413.2799987792969
median_score: -414.0
std_score: 27.34010887145996
percentiles: 2%=-457.0400085449219, 5%=-452.04998779296875, 10%=-446.1000061035156, 25%=-432.5, 50%=-414.0, 75%=-394.0, 90%=-377.79998779296875, 95%=-363.9000244140625, 98%=-351.8799743652344
ranking_best_algo: Tabu
ranking_best_score: 438.12
ranking_my_rank: 59/504 (88.5%)
ranking_my_percent: 88.4920634920635
