ConfigName: krbf__advnormalizedfitness__M3__L10__eps0p025__g0p005__ds0p3__dm0p3
Problem: QUBO
Kernel: rbf
Advantage: normalizedfitness
M: 3
lambda: 10
epsilon_svgd: 0.025
gamma: 0.005
decay_start_ratio: 0.3
decay_min_factor: 0.3
bandwith_kernel: None
no_interact: False
avg_score: -426.0400085449219
median_score: -426.0
std_score: 22.03266716003418
percentiles: 2%=-473.0, 5%=-467.1000061035156, 10%=-459.0, 25%=-437.0, 50%=-426.0, 75%=-410.5, 90%=-397.0, 95%=-390.8500061035156, 98%=-384.8599853515625
ranking_best_algo: CMAL3
ranking_best_score: 435.36
ranking_my_rank: 23/504 (95.6%)
ranking_my_percent: 95.63492063492063
