ConfigName: kjsd__advperagentrankweighted__M3__L30__eps0p007__g0p001__ds0p1__dm0p2
Problem: QUBO
Kernel: jsd
Advantage: peragentrankweighted
M: 3
lambda: 30
epsilon_svgd: 0.007
gamma: 0.001
decay_start_ratio: 0.1
decay_min_factor: 0.2
bandwith_kernel: None
no_interact: False
avg_score: -577.6599731445312
median_score: -580.0
std_score: 27.614566802978516
percentiles: 2%=-630.0599975585938, 5%=-623.0999755859375, 10%=-612.0, 25%=-596.25, 50%=-580.0, 75%=-560.75, 90%=-542.7000122070312, 95%=-529.8499755859375, 98%=-512.9199829101562
ranking_best_algo: Tabu
ranking_best_score: 588.7199999999999
ranking_my_rank: 44/503 (91.5%)
ranking_my_percent: 91.45129224652088
