ConfigName: krbf__advnormalizedfitness__M4__L10__eps0p015__g0p005__ds0p15__dm0p01
Problem: QUBO
Kernel: rbf
Advantage: normalizedfitness
M: 4
lambda: 10
epsilon_svgd: 0.015
gamma: 0.005
decay_start_ratio: 0.15
decay_min_factor: 0.01
bandwith_kernel: None
no_interact: False
avg_score: -138.6999969482422
median_score: -139.5
std_score: 12.014575004577637
percentiles: 2%=-159.0, 5%=-157.0500030517578, 10%=-153.10000610351562, 25%=-146.5, 50%=-139.5, 75%=-130.75, 90%=-123.0, 95%=-118.90000915527344, 98%=-113.93998718261719
ranking_best_algo: DiscreteDE
ranking_best_score: 143.4
ranking_my_rank: 97/504 (81.0%)
ranking_my_percent: 80.95238095238095
