ConfigName: krbf__advnormalizedfitness__M3__L10__eps0p025__g0p015__ds0p01__dm0p3
Problem: QUBO
Kernel: rbf
Advantage: normalizedfitness
M: 3
lambda: 10
epsilon_svgd: 0.025
gamma: 0.015
decay_start_ratio: 0.01
decay_min_factor: 0.3
bandwith_kernel: None
no_interact: False
avg_score: -414.3599853515625
median_score: -414.0
std_score: 27.740772247314453
percentiles: 2%=-469.0, 5%=-463.20001220703125, 10%=-449.1000061035156, 25%=-431.25, 50%=-414.0, 75%=-394.0, 90%=-378.0, 95%=-366.0, 98%=-360.0
ranking_best_algo: Tabu
ranking_best_score: 438.12
ranking_my_rank: 55/504 (89.3%)
ranking_my_percent: 89.28571428571429
