ConfigName: krbf__advnormalizedfitness__M1__L8__eps0p033__g0p01__ds0p3__dm0p01
Problem: NK
Kernel: rbf
Advantage: normalizedfitness
M: 1
lambda: 8
epsilon_svgd: 0.033
gamma: 0.01
decay_start_ratio: 0.3
decay_min_factor: 0.01
bandwith_kernel: None
no_interact: False
avg_score: 0.7405242323875427
median_score: 0.7404594421386719
std_score: 0.014206868596374989
percentiles: 2%=0.7136889100074768, 5%=0.7175096273422241, 10%=0.7224964499473572, 25%=0.7307080030441284, 50%=0.7404594421386719, 75%=0.7516416311264038, 90%=0.758047878742218, 95%=0.7617527842521667, 98%=0.7664920091629028
ranking_best_algo: Tabu
ranking_best_score: 0.7470791764843752
ranking_my_rank: 6/504 (99.0%)
ranking_my_percent: 99.0079365079365
