ConfigName: kjsd__advperagentrankweighted__M5__L30__eps0p007__g0p0005__ds0p05__dm0p05
Problem: QUBO
Kernel: jsd
Advantage: peragentrankweighted
M: 5
lambda: 30
epsilon_svgd: 0.007
gamma: 0.0005
decay_start_ratio: 0.05
decay_min_factor: 0.05
bandwith_kernel: None
no_interact: False
avg_score: -139.13999938964844
median_score: -141.0
std_score: 11.720937728881836
percentiles: 2%=-159.02000427246094, 5%=-158.0, 10%=-156.0, 25%=-146.0, 50%=-141.0, 75%=-129.0, 90%=-123.0, 95%=-120.0, 98%=-115.95999908447266
ranking_best_algo: DiscreteDE
ranking_best_score: 143.4
ranking_my_rank: 86/504 (83.1%)
ranking_my_percent: 83.13492063492063
