ConfigName: kjsd__advperagentrankweighted__M4__L24__eps0p01__g0p0005__ds0p05__dm0p05
Problem: NK
Kernel: jsd
Advantage: peragentrankweighted
M: 4
lambda: 24
epsilon_svgd: 0.01
gamma: 0.0005
decay_start_ratio: 0.05
decay_min_factor: 0.05
bandwith_kernel: None
no_interact: False
avg_score: 0.7117766737937927
median_score: 0.6994837522506714
std_score: 0.03125196322798729
percentiles: 2%=0.6735892295837402, 5%=0.6751645803451538, 10%=0.6790817379951477, 25%=0.6837064623832703, 50%=0.6994837522506714, 75%=0.7474179267883301, 90%=0.7524471879005432, 95%=0.7613165378570557, 98%=0.7613165378570557
ranking_best_algo: CMApara
ranking_best_score: 0.7118996098437498
ranking_my_rank: 2/504 (99.8%)
ranking_my_percent: 99.8015873015873
