ConfigName: kjsd__advperagentrankweighted__M3__L20__eps0p005__g0p001__ds0p2__dm0p05
Problem: QUBO
Kernel: jsd
Advantage: peragentrankweighted
M: 3
lambda: 20
epsilon_svgd: 0.005
gamma: 0.001
decay_start_ratio: 0.2
decay_min_factor: 0.05
bandwith_kernel: None
no_interact: False
avg_score: -931.7000122070312
median_score: -926.5
std_score: 65.35480499267578
percentiles: 2%=-1070.0400390625, 5%=-1049.3499755859375, 10%=-1025.5999755859375, 25%=-968.25, 50%=-926.5, 75%=-888.5, 90%=-848.0, 95%=-826.5999755859375, 98%=-812.9199829101562
ranking_best_algo: CMApara
ranking_best_score: 964.9
ranking_my_rank: 19/504 (96.4%)
ranking_my_percent: 96.42857142857143
