ConfigName: kjsd__advperagentrankweighted__M3__L18__eps0p01__g0p0007__ds0p2__dm0p2
Problem: NK
Kernel: jsd
Advantage: peragentrankweighted
M: 3
lambda: 18
epsilon_svgd: 0.01
gamma: 0.0007
decay_start_ratio: 0.2
decay_min_factor: 0.2
bandwith_kernel: None
no_interact: False
avg_score: 0.7534032464027405
median_score: 0.7535848021507263
std_score: 0.012834672816097736
percentiles: 2%=0.7280668020248413, 5%=0.7314837574958801, 10%=0.7379845380783081, 25%=0.744531512260437, 50%=0.7535848021507263, 75%=0.7623677253723145, 90%=0.7693301439285278, 95%=0.7743605971336365, 98%=0.7772347927093506
ranking_best_algo: Tabu
ranking_best_score: 0.7470791764843752
ranking_my_rank: 1/504 (100.0%)
ranking_my_percent: 100.0
