ConfigName: krbf__advnormalizedfitness__M3__L12__eps0p033__g0p005__ds0p15__dm0p3
Problem: QUBO
Kernel: rbf
Advantage: normalizedfitness
M: 3
lambda: 12
epsilon_svgd: 0.033
gamma: 0.005
decay_start_ratio: 0.15
decay_min_factor: 0.3
bandwith_kernel: None
no_interact: False
avg_score: -441.0
median_score: -444.5
std_score: 28.22977066040039
percentiles: 2%=-487.0400085449219, 5%=-479.1000061035156, 10%=-473.1000061035156, 25%=-464.25, 50%=-444.5, 75%=-421.0, 90%=-402.8999938964844, 95%=-396.8500061035156, 98%=-387.94000244140625
ranking_best_algo: CMApara
ranking_best_score: 453.82
ranking_my_rank: 12/504 (97.8%)
ranking_my_percent: 97.81746031746032
