ConfigName: kfr__advglobalrankweighted__M2__L9__eps0p01__g0p005__ds0p01__dm0p01
Problem: NK
Kernel: fr
Advantage: globalrankweighted
M: 2
lambda: 9
epsilon_svgd: 0.01
gamma: 0.005
decay_start_ratio: 0.01
decay_min_factor: 0.01
bandwith_kernel: None
no_interact: False
avg_score: 0.7096443772315979
median_score: 0.7109154462814331
std_score: 0.015435799024999142
percentiles: 2%=0.670015275478363, 5%=0.6718345880508423, 10%=0.6957704424858093, 25%=0.7061348557472229, 50%=0.7109154462814331, 75%=0.7179996371269226, 90%=0.7251052856445312, 95%=0.7318004965782166, 98%=0.7328882217407227
ranking_best_algo: CMApara
ranking_best_score: 0.707475975
ranking_my_rank: 1/504 (100.0%)
ranking_my_percent: 100.0
