ConfigName: krbf__advnormalizedfitness__M3__L10__eps0p015__g0p007__ds0p15__dm0p01
Problem: QUBO
Kernel: rbf
Advantage: normalizedfitness
M: 3
lambda: 10
epsilon_svgd: 0.015
gamma: 0.007
decay_start_ratio: 0.15
decay_min_factor: 0.01
bandwith_kernel: None
no_interact: False
avg_score: -311.05999755859375
median_score: -310.0
std_score: 37.329830169677734
percentiles: 2%=-392.0, 5%=-384.20001220703125, 10%=-361.1999816894531, 25%=-336.5, 50%=-310.0, 75%=-279.75, 90%=-266.8999938964844, 95%=-259.9000244140625, 98%=-253.91998291015625
ranking_best_algo: CMApara
ranking_best_score: 319.29999999999995
ranking_my_rank: 39/504 (92.5%)
ranking_my_percent: 92.46031746031746
