ConfigName: kjsd__advperagentrankweighted__M3__L18__eps0p005__g0p003__ds0p2__dm0p2
Problem: NK
Kernel: jsd
Advantage: peragentrankweighted
M: 3
lambda: 18
epsilon_svgd: 0.005
gamma: 0.003
decay_start_ratio: 0.2
decay_min_factor: 0.2
bandwith_kernel: None
no_interact: False
avg_score: 0.6926650404930115
median_score: 0.690924346446991
std_score: 0.023806896060705185
percentiles: 2%=0.6508205533027649, 5%=0.6566001772880554, 10%=0.6643995046615601, 25%=0.6761114597320557, 50%=0.690924346446991, 75%=0.7061995267868042, 90%=0.7267414927482605, 95%=0.736578643321991, 98%=0.7454727292060852
ranking_best_algo: Tabu
ranking_best_score: 0.7601875690625
ranking_my_rank: 310/504 (38.7%)
ranking_my_percent: 38.69047619047619
