ConfigName: kjsd__advperagentrankweighted__M5__L8__eps0p005__g0p0007__ds0p2__dm0p05
Problem: QUBO
Kernel: jsd
Advantage: peragentrankweighted
M: 5
lambda: 8
epsilon_svgd: 0.005
gamma: 0.0007
decay_start_ratio: 0.2
decay_min_factor: 0.05
bandwith_kernel: None
no_interact: False
avg_score: -1302.3199462890625
median_score: -1307.0
std_score: 53.579078674316406
percentiles: 2%=-1417.239990234375, 5%=-1391.300048828125, 10%=-1366.5999755859375, 25%=-1333.0, 50%=-1307.0, 75%=-1263.0, 90%=-1238.9000244140625, 95%=-1234.6500244140625, 98%=-1190.8800048828125
ranking_best_algo: BigLognormalDiscreteOnePlusOne
ranking_best_score: 1301.3600000000004
ranking_my_rank: 1/504 (100.0%)
ranking_my_percent: 100.0
