ConfigName: kjsd__advperagentrankweighted__M3__L18__eps0p005__g0p0007__ds0p2__dm0p05
Problem: QUBO
Kernel: jsd
Advantage: peragentrankweighted
M: 3
lambda: 18
epsilon_svgd: 0.005
gamma: 0.0007
decay_start_ratio: 0.2
decay_min_factor: 0.05
bandwith_kernel: None
no_interact: False
avg_score: -138.4600067138672
median_score: -140.5
std_score: 12.276334762573242
percentiles: 2%=-159.0, 5%=-158.0, 10%=-153.0, 25%=-146.0, 50%=-140.5, 75%=-130.0, 90%=-123.0, 95%=-114.9000015258789, 98%=-106.9800033569336
ranking_best_algo: DiscreteDE
ranking_best_score: 143.4
ranking_my_rank: 104/504 (79.6%)
ranking_my_percent: 79.56349206349206
