ConfigName: kjsd__advperagentrankweighted__M3__L16__eps0p007__g0p0005__ds0p05__dm0p2
Problem: QUBO
Kernel: jsd
Advantage: peragentrankweighted
M: 3
lambda: 16
epsilon_svgd: 0.007
gamma: 0.0005
decay_start_ratio: 0.05
decay_min_factor: 0.2
bandwith_kernel: None
no_interact: False
avg_score: -3302.43994140625
median_score: -3305.0
std_score: 129.78184509277344
percentiles: 2%=-3545.360107421875, 5%=-3502.64990234375, 10%=-3449.300048828125, 25%=-3392.25, 50%=-3305.0, 75%=-3211.75, 90%=-3125.5, 95%=-3089.800048828125, 98%=-3067.5400390625
ranking_best_algo: RLSOnePlusOne
ranking_best_score: 3316.5199999999995
ranking_my_rank: 3/504 (99.6%)
ranking_my_percent: 99.60317460317461
