ConfigName: kfr__advglobalrankweighted__M6__L10__eps0p015__g0p007__ds0p01__dm0p01
Problem: QUBO
Kernel: fr
Advantage: globalrankweighted
M: 6
lambda: 10
epsilon_svgd: 0.015
gamma: 0.007
decay_start_ratio: 0.01
decay_min_factor: 0.01
bandwith_kernel: None
no_interact: False
avg_score: -977.760009765625
median_score: -977.0
std_score: 70.88358306884766
percentiles: 2%=-1123.1600341796875, 5%=-1095.5, 10%=-1061.5, 25%=-1024.5, 50%=-977.0, 75%=-928.5, 90%=-881.0, 95%=-862.6000366210938, 98%=-852.639892578125
ranking_best_algo: SVMMetaModelLogNormal
ranking_best_score: 1233.7999999999997
ranking_my_rank: 280/504 (44.6%)
ranking_my_percent: 44.642857142857146
