ConfigName: kjsd__advperagentrankweighted__M3__L18__eps0p01__g0p003__ds0p2__dm0p1
Problem: NK
Kernel: jsd
Advantage: peragentrankweighted
M: 3
lambda: 18
epsilon_svgd: 0.01
gamma: 0.003
decay_start_ratio: 0.2
decay_min_factor: 0.1
bandwith_kernel: None
no_interact: False
avg_score: 0.7342982292175293
median_score: 0.7352986931800842
std_score: 0.008901306428015232
percentiles: 2%=0.7129051685333252, 5%=0.717768132686615, 10%=0.7215668559074402, 25%=0.7289748787879944, 50%=0.7352986931800842, 75%=0.740446925163269, 90%=0.7447980046272278, 95%=0.7463058829307556, 98%=0.7484552264213562
ranking_best_algo: PBIL
ranking_best_score: 0.7248786399609374
ranking_my_rank: 1/504 (100.0%)
ranking_my_percent: 100.0
