ConfigName: kfr__advglobalrankweighted__M4__L5__eps0p01__g0p01__ds0p01__dm0p01
Problem: QUBO
Kernel: fr
Advantage: globalrankweighted
M: 4
lambda: 5
epsilon_svgd: 0.01
gamma: 0.01
decay_start_ratio: 0.01
decay_min_factor: 0.01
bandwith_kernel: None
no_interact: False
avg_score: -331.82000732421875
median_score: -334.0
std_score: 20.755905151367188
percentiles: 2%=-372.0, 5%=-361.54998779296875, 10%=-354.0, 25%=-346.0, 50%=-334.0, 75%=-316.0, 90%=-304.0, 95%=-291.9000244140625, 98%=-288.0
ranking_best_algo: CMApara
ranking_best_score: 344.22
ranking_my_rank: 76/504 (85.1%)
ranking_my_percent: 85.11904761904762
