ConfigName: krbf__advnormalizedfitness__M4__L8__eps0p033__g0p015__ds0p3__dm0p01
Problem: NK
Kernel: rbf
Advantage: normalizedfitness
M: 4
lambda: 8
epsilon_svgd: 0.033
gamma: 0.015
decay_start_ratio: 0.3
decay_min_factor: 0.01
bandwith_kernel: None
no_interact: False
avg_score: 0.7365281581878662
median_score: 0.7380008697509766
std_score: 0.008641568012535572
percentiles: 2%=0.7170976400375366, 5%=0.7190414667129517, 10%=0.7247191667556763, 25%=0.7318941354751587, 50%=0.7380008697509766, 75%=0.7428505420684814, 90%=0.7461968064308167, 95%=0.7467979788780212, 98%=0.7505422830581665
ranking_best_algo: PBIL
ranking_best_score: 0.730509098125
ranking_my_rank: 1/504 (100.0%)
ranking_my_percent: 100.0
