ConfigName: kjsd__advperagentrankweighted__M5__L10__eps0p005__g0p0003__ds0p05__dm0p05
Problem: NK
Kernel: jsd
Advantage: peragentrankweighted
M: 5
lambda: 10
epsilon_svgd: 0.005
gamma: 0.0003
decay_start_ratio: 0.05
decay_min_factor: 0.05
bandwith_kernel: None
no_interact: False
avg_score: 0.7144597768783569
median_score: 0.7143840789794922
std_score: 0.006478321738541126
percentiles: 2%=0.703494668006897, 5%=0.7056777477264404, 10%=0.7065139412879944, 25%=0.7105339169502258, 50%=0.7143840789794922, 75%=0.7179456949234009, 90%=0.7223153710365295, 95%=0.7246851921081543, 98%=0.732199490070343
ranking_best_algo: PBIL
ranking_best_score: 0.7170882103515624
ranking_my_rank: 40/504 (92.3%)
ranking_my_percent: 92.26190476190476
