ConfigName: kjsd__advperagentrankweighted__M4__L20__eps0p005__g0p001__ds0p2__dm0p1
Problem: QUBO
Kernel: jsd
Advantage: peragentrankweighted
M: 4
lambda: 20
epsilon_svgd: 0.005
gamma: 0.001
decay_start_ratio: 0.2
decay_min_factor: 0.1
bandwith_kernel: None
no_interact: False
avg_score: -1181.4200439453125
median_score: -1181.5
std_score: 70.23648071289062
percentiles: 2%=-1353.0, 5%=-1284.800048828125, 10%=-1263.199951171875, 25%=-1228.75, 50%=-1181.5, 75%=-1128.0, 90%=-1094.5999755859375, 95%=-1076.800048828125, 98%=-1066.800048828125
ranking_best_algo: Tabu
ranking_best_score: 1216.16
ranking_my_rank: 66/504 (87.1%)
ranking_my_percent: 87.10317460317461
