ConfigName: kjsd__advperagentrankweighted__M4__L12__eps0p02__g0p0007__ds0p05__dm0p05
Problem: QUBO
Kernel: jsd
Advantage: peragentrankweighted
M: 4
lambda: 12
epsilon_svgd: 0.02
gamma: 0.0007
decay_start_ratio: 0.05
decay_min_factor: 0.05
bandwith_kernel: None
no_interact: False
avg_score: -138.05999755859375
median_score: -139.0
std_score: 12.299446105957031
percentiles: 2%=-160.0, 5%=-158.0500030517578, 10%=-156.0, 25%=-146.0, 50%=-139.0, 75%=-129.0, 90%=-123.0, 95%=-119.8499984741211, 98%=-109.0
ranking_best_algo: DiscreteDE
ranking_best_score: 143.4
ranking_my_rank: 115/504 (77.4%)
ranking_my_percent: 77.38095238095238
