ConfigName: kjsd__advperagentrankweighted__M3__L18__eps0p005__g0p0007__ds0p05__dm0p2
Problem: NK
Kernel: jsd
Advantage: peragentrankweighted
M: 3
lambda: 18
epsilon_svgd: 0.005
gamma: 0.0007
decay_start_ratio: 0.05
decay_min_factor: 0.2
bandwith_kernel: None
no_interact: False
avg_score: 0.7325752377510071
median_score: 0.7315124273300171
std_score: 0.010031568817794323
percentiles: 2%=0.7142309546470642, 5%=0.7196019291877747, 10%=0.7213515639305115, 25%=0.7255792021751404, 50%=0.7315124273300171, 75%=0.7403212189674377, 90%=0.7463629841804504, 95%=0.7503798007965088, 98%=0.7531164884567261
ranking_best_algo: Tabu
ranking_best_score: 0.7429702712499999
ranking_my_rank: 2/504 (99.8%)
ranking_my_percent: 99.8015873015873
