ConfigName: kjsd__advperagentrankweighted__M3__L16__eps0p01__g0p0007__ds0p1__dm0p1
Problem: QUBO
Kernel: jsd
Advantage: peragentrankweighted
M: 3
lambda: 16
epsilon_svgd: 0.01
gamma: 0.0007
decay_start_ratio: 0.1
decay_min_factor: 0.1
bandwith_kernel: None
no_interact: False
avg_score: -2590.60009765625
median_score: -2573.0
std_score: 122.5823745727539
percentiles: 2%=-2835.780029296875, 5%=-2770.449951171875, 10%=-2744.699951171875, 25%=-2689.5, 50%=-2573.0, 75%=-2501.0, 90%=-2417.89990234375, 95%=-2404.0, 98%=-2370.60009765625
ranking_best_algo: SVM1MetaModelLogNormal
ranking_best_score: 2605.14
ranking_my_rank: 11/504 (98.0%)
ranking_my_percent: 98.01587301587301
