ConfigName: kjsd__advperagentrankweighted__M5__L8__eps0p005__g0p0003__ds0p2__dm0p05
Problem: NK
Kernel: jsd
Advantage: peragentrankweighted
M: 5
lambda: 8
epsilon_svgd: 0.005
gamma: 0.0003
decay_start_ratio: 0.2
decay_min_factor: 0.05
bandwith_kernel: None
no_interact: False
avg_score: 0.7356483936309814
median_score: 0.7367922067642212
std_score: 0.008356958627700806
percentiles: 2%=0.7182043790817261, 5%=0.7205482125282288, 10%=0.7238821983337402, 25%=0.7303853034973145, 50%=0.7367922067642212, 75%=0.7412588596343994, 90%=0.7464489936828613, 95%=0.7476760149002075, 98%=0.7494982481002808
ranking_best_algo: PBIL
ranking_best_score: 0.730509098125
ranking_my_rank: 1/504 (100.0%)
ranking_my_percent: 100.0
