ConfigName: kfr__advglobalrankweighted__M5__L9__eps0p01__g0p003__ds0p01__dm0p01
Problem: QUBO
Kernel: fr
Advantage: globalrankweighted
M: 5
lambda: 9
epsilon_svgd: 0.01
gamma: 0.003
decay_start_ratio: 0.01
decay_min_factor: 0.01
bandwith_kernel: None
no_interact: False
avg_score: -201.82000732421875
median_score: -202.5
std_score: 12.826831817626953
percentiles: 2%=-224.0, 5%=-222.0, 10%=-219.1999969482422, 25%=-212.0, 50%=-202.5, 75%=-194.75, 90%=-182.89999389648438, 95%=-179.90000915527344, 98%=-176.0
ranking_best_algo: Tabu
ranking_best_score: 208.36000000000004
ranking_my_rank: 39/504 (92.5%)
ranking_my_percent: 92.46031746031746
