ConfigName: kjsd__advperagentrankweighted__M3__L18__eps0p01__g0p0005__ds0p1__dm0p2
Problem: QUBO
Kernel: jsd
Advantage: peragentrankweighted
M: 3
lambda: 18
epsilon_svgd: 0.01
gamma: 0.0005
decay_start_ratio: 0.1
decay_min_factor: 0.2
bandwith_kernel: None
no_interact: False
avg_score: -2612.97998046875
median_score: -2590.0
std_score: 110.3831558227539
percentiles: 2%=-2817.800048828125, 5%=-2793.14990234375, 10%=-2755.39990234375, 25%=-2693.75, 50%=-2590.0, 75%=-2545.5, 90%=-2481.699951171875, 95%=-2429.699951171875, 98%=-2395.239990234375
ranking_best_algo: DiscreteLengler2OnePlusOne
ranking_best_score: 2617.04
ranking_my_rank: 2/504 (99.8%)
ranking_my_percent: 99.8015873015873
