ConfigName: kjsd__advperagentrankweighted__M4__L10__eps0p02__g0p0007__ds0p05__dm0p05
Problem: QUBO
Kernel: jsd
Advantage: peragentrankweighted
M: 4
lambda: 10
epsilon_svgd: 0.02
gamma: 0.0007
decay_start_ratio: 0.05
decay_min_factor: 0.05
bandwith_kernel: None
no_interact: False
avg_score: -574.9000244140625
median_score: -577.5
std_score: 24.02727699279785
percentiles: 2%=-619.1199951171875, 5%=-608.0499877929688, 10%=-603.0, 25%=-591.0, 50%=-577.5, 75%=-560.0, 90%=-544.5, 95%=-531.0, 98%=-520.8599853515625
ranking_best_algo: Tabu
ranking_best_score: 588.7199999999999
ranking_my_rank: 57/503 (88.9%)
ranking_my_percent: 88.86679920477137
