ConfigName: krbf__advnormalizedfitness__M3__L10__eps0p025__g0p01__ds0p01__dm0p3
Problem: QUBO
Kernel: rbf
Advantage: normalizedfitness
M: 3
lambda: 10
epsilon_svgd: 0.025
gamma: 0.01
decay_start_ratio: 0.01
decay_min_factor: 0.3
bandwith_kernel: None
no_interact: False
avg_score: -311.1000061035156
median_score: -314.0
std_score: 39.51594543457031
percentiles: 2%=-398.0400085449219, 5%=-392.1000061035156, 10%=-361.3999938964844, 25%=-336.0, 50%=-314.0, 75%=-275.0, 90%=-266.0, 95%=-261.9000244140625, 98%=-248.97999572753906
ranking_best_algo: CMApara
ranking_best_score: 319.29999999999995
ranking_my_rank: 39/504 (92.5%)
ranking_my_percent: 92.46031746031746
