ConfigName: krbf__advnormalizedfitness__M2__L10__eps0p033__g0p005__ds0p15__dm0p3
Problem: QUBO
Kernel: rbf
Advantage: normalizedfitness
M: 2
lambda: 10
epsilon_svgd: 0.033
gamma: 0.005
decay_start_ratio: 0.15
decay_min_factor: 0.3
bandwith_kernel: None
no_interact: False
avg_score: -3223.860107421875
median_score: -3214.0
std_score: 122.25359344482422
percentiles: 2%=-3489.219970703125, 5%=-3437.89990234375, 10%=-3384.10009765625, 25%=-3309.25, 50%=-3214.0, 75%=-3142.25, 90%=-3077.300048828125, 95%=-3048.199951171875, 98%=-2979.260009765625
ranking_best_algo: RLSOnePlusOne
ranking_best_score: 3316.5199999999995
ranking_my_rank: 43/504 (91.7%)
ranking_my_percent: 91.66666666666667
