ConfigName: kjsd__advperagentrankweighted__M4__L8__eps0p03__g0p0003__ds0p05__dm0p05
Problem: QUBO
Kernel: jsd
Advantage: peragentrankweighted
M: 4
lambda: 8
epsilon_svgd: 0.03
gamma: 0.0003
decay_start_ratio: 0.05
decay_min_factor: 0.05
bandwith_kernel: None
no_interact: False
avg_score: -1109.219970703125
median_score: -1106.5
std_score: 62.68183135986328
percentiles: 2%=-1259.56005859375, 5%=-1206.949951171875, 10%=-1177.9000244140625, 25%=-1145.25, 50%=-1106.5, 75%=-1062.75, 90%=-1039.800048828125, 95%=-1026.699951171875, 98%=-995.5999755859375
ranking_best_algo: Tabu
ranking_best_score: 1216.16
ranking_my_rank: 175/504 (65.5%)
ranking_my_percent: 65.47619047619048
