ConfigName: krbf__advnormalizedfitness__M3__L12__eps0p015__g0p005__ds0p15__dm0p01
Problem: NK
Kernel: rbf
Advantage: normalizedfitness
M: 3
lambda: 12
epsilon_svgd: 0.015
gamma: 0.005
decay_start_ratio: 0.15
decay_min_factor: 0.01
bandwith_kernel: None
no_interact: False
avg_score: 0.7373073101043701
median_score: 0.7385291457176208
std_score: 0.009054845198988914
percentiles: 2%=0.717963457107544, 5%=0.7206809520721436, 10%=0.7239384055137634, 25%=0.7313814759254456, 50%=0.7385291457176208, 75%=0.7449737787246704, 90%=0.7477526068687439, 95%=0.7505598068237305, 98%=0.7513363361358643
ranking_best_algo: PBIL
ranking_best_score: 0.730509098125
ranking_my_rank: 1/504 (100.0%)
ranking_my_percent: 100.0
