ConfigName: kfr__advglobalrankweighted__M4__L9__eps0p02__g0p005__ds0p01__dm0p01
Problem: QUBO
Kernel: fr
Advantage: globalrankweighted
M: 4
lambda: 9
epsilon_svgd: 0.02
gamma: 0.005
decay_start_ratio: 0.01
decay_min_factor: 0.01
bandwith_kernel: None
no_interact: False
avg_score: -1586.8599853515625
median_score: -1587.0
std_score: 66.23745727539062
percentiles: 2%=-1707.5400390625, 5%=-1690.3499755859375, 10%=-1672.300048828125, 25%=-1630.0, 50%=-1587.0, 75%=-1543.75, 90%=-1498.800048828125, 95%=-1486.9000244140625, 98%=-1451.0
ranking_best_algo: NLOPT_LN_PRAXIS
ranking_best_score: 1607.12
ranking_my_rank: 41/504 (92.1%)
ranking_my_percent: 92.06349206349206
