ConfigName: krbf__advnormalizedfitness__M3__L8__eps0p025__g0p005__ds0p15__dm0p01
Problem: NK
Kernel: rbf
Advantage: normalizedfitness
M: 3
lambda: 8
epsilon_svgd: 0.025
gamma: 0.005
decay_start_ratio: 0.15
decay_min_factor: 0.01
bandwith_kernel: None
no_interact: False
avg_score: 0.7440447807312012
median_score: 0.741093635559082
std_score: 0.02808203548192978
percentiles: 2%=0.7056047916412354, 5%=0.7094194889068604, 10%=0.712628185749054, 25%=0.7221360206604004, 50%=0.741093635559082, 75%=0.7580187320709229, 90%=0.7758712768554688, 95%=0.8078335523605347, 98%=0.8118547797203064
ranking_best_algo: CMApara
ranking_best_score: 0.7459277895312499
ranking_my_rank: 6/504 (99.0%)
ranking_my_percent: 99.0079365079365
