ConfigName: kjsd__advperagentrankweighted__M3__L16__eps0p007__g0p0005__ds0p05__dm0p1
Problem: NK
Kernel: jsd
Advantage: peragentrankweighted
M: 3
lambda: 16
epsilon_svgd: 0.007
gamma: 0.0005
decay_start_ratio: 0.05
decay_min_factor: 0.1
bandwith_kernel: None
no_interact: False
avg_score: 0.7340906262397766
median_score: 0.7351401448249817
std_score: 0.008863246068358421
percentiles: 2%=0.7167280912399292, 5%=0.7177231907844543, 10%=0.7202207446098328, 25%=0.7280614972114563, 50%=0.7351401448249817, 75%=0.7409186363220215, 90%=0.7450134754180908, 95%=0.7476969361305237, 98%=0.7488450407981873
ranking_best_algo: PBIL
ranking_best_score: 0.7248786399609374
ranking_my_rank: 1/504 (100.0%)
ranking_my_percent: 100.0
