ConfigName: kjsd__advperagentrankweighted__M3__L24__eps0p005__g0p001__ds0p1__dm0p1
Problem: NK
Kernel: jsd
Advantage: peragentrankweighted
M: 3
lambda: 24
epsilon_svgd: 0.005
gamma: 0.001
decay_start_ratio: 0.1
decay_min_factor: 0.1
bandwith_kernel: None
no_interact: False
avg_score: 0.7345064282417297
median_score: 0.7353194952011108
std_score: 0.008405456319451332
percentiles: 2%=0.7166060209274292, 5%=0.7191271781921387, 10%=0.7229152917861938, 25%=0.7296298742294312, 50%=0.7353194952011108, 75%=0.7416236996650696, 90%=0.7432212829589844, 95%=0.744934618473053, 98%=0.7468093037605286
ranking_best_algo: PBIL
ranking_best_score: 0.7248786399609374
ranking_my_rank: 1/504 (100.0%)
ranking_my_percent: 100.0
