ConfigName: kjsd__advperagentrankweighted__M3__L20__eps0p007__g0p003__ds0p2__dm0p05
Problem: QUBO
Kernel: jsd
Advantage: peragentrankweighted
M: 3
lambda: 20
epsilon_svgd: 0.007
gamma: 0.003
decay_start_ratio: 0.2
decay_min_factor: 0.05
bandwith_kernel: None
no_interact: False
avg_score: -1165.4000244140625
median_score: -1166.0
std_score: 70.06810760498047
percentiles: 2%=-1303.56005859375, 5%=-1274.0999755859375, 10%=-1260.199951171875, 25%=-1208.75, 50%=-1166.0, 75%=-1109.75, 90%=-1082.0, 95%=-1055.9000244140625, 98%=-1046.4599609375
ranking_best_algo: Tabu
ranking_best_score: 1216.16
ranking_my_rank: 95/504 (81.3%)
ranking_my_percent: 81.34920634920636
