ConfigName: kjsd__advperagentrankweighted__M3__L24__eps0p005__g0p0005__ds0p1__dm0p2
Problem: QUBO
Kernel: jsd
Advantage: peragentrankweighted
M: 3
lambda: 24
epsilon_svgd: 0.005
gamma: 0.0005
decay_start_ratio: 0.1
decay_min_factor: 0.2
bandwith_kernel: None
no_interact: False
avg_score: -935.9600219726562
median_score: -931.0
std_score: 69.86486053466797
percentiles: 2%=-1068.1199951171875, 5%=-1060.0999755859375, 10%=-1031.5999755859375, 25%=-988.5, 50%=-931.0, 75%=-888.25, 90%=-840.5999755859375, 95%=-831.0, 98%=-822.6400146484375
ranking_best_algo: CMApara
ranking_best_score: 964.9
ranking_my_rank: 13/504 (97.6%)
ranking_my_percent: 97.61904761904762
