ConfigName: kjsd__advperagentrankweighted__M3__L18__eps0p007__g0p001__ds0p1__dm0p1
Problem: QUBO
Kernel: jsd
Advantage: peragentrankweighted
M: 3
lambda: 18
epsilon_svgd: 0.007
gamma: 0.001
decay_start_ratio: 0.1
decay_min_factor: 0.1
bandwith_kernel: None
no_interact: False
avg_score: -940.260009765625
median_score: -926.0
std_score: 66.57200622558594
percentiles: 2%=-1063.06005859375, 5%=-1050.300048828125, 10%=-1042.0999755859375, 25%=-993.5, 50%=-926.0, 75%=-888.25, 90%=-856.7999877929688, 95%=-834.9500122070312, 98%=-829.780029296875
ranking_best_algo: CMApara
ranking_best_score: 964.9
ranking_my_rank: 7/504 (98.8%)
ranking_my_percent: 98.80952380952381
