ConfigName: kjsd__advperagentrankweighted__M3__L30__eps0p007__g0p001__ds0p2__dm0p1
Problem: QUBO
Kernel: jsd
Advantage: peragentrankweighted
M: 3
lambda: 30
epsilon_svgd: 0.007
gamma: 0.001
decay_start_ratio: 0.2
decay_min_factor: 0.1
bandwith_kernel: None
no_interact: False
avg_score: -2583.860107421875
median_score: -2591.5
std_score: 134.8175811767578
percentiles: 2%=-2877.43994140625, 5%=-2799.300048828125, 10%=-2770.199951171875, 25%=-2657.75, 50%=-2591.5, 75%=-2515.5, 90%=-2388.699951171875, 95%=-2372.85009765625, 98%=-2319.419921875
ranking_best_algo: DiscreteLengler2OnePlusOne
ranking_best_score: 2617.04
ranking_my_rank: 47/504 (90.9%)
ranking_my_percent: 90.87301587301587
