ConfigName: krbf__advnormalizedfitness__M4__L10__eps0p03__g0p005__ds0p05__dm0p05
Problem: NK
Kernel: rbf
Advantage: normalizedfitness
M: 4
lambda: 10
epsilon_svgd: 0.03
gamma: 0.005
decay_start_ratio: 0.05
decay_min_factor: 0.05
bandwith_kernel: None
no_interact: False
avg_score: 0.758216381072998
median_score: 0.758495569229126
std_score: 0.013480577617883682
percentiles: 2%=0.7308812737464905, 5%=0.7372104525566101, 10%=0.7404683828353882, 25%=0.748275876045227, 50%=0.758495569229126, 75%=0.7685215473175049, 90%=0.7760122418403625, 95%=0.7780784368515015, 98%=0.7810173034667969
ranking_best_algo: Tabu
ranking_best_score: 0.7470791764843752
ranking_my_rank: 1/504 (100.0%)
ranking_my_percent: 100.0
