ConfigName: kjsd__advperagentrankweighted__M3__L20__eps0p007__g0p0005__ds0p05__dm0p2
Problem: NK
Kernel: jsd
Advantage: peragentrankweighted
M: 3
lambda: 20
epsilon_svgd: 0.007
gamma: 0.0005
decay_start_ratio: 0.05
decay_min_factor: 0.2
bandwith_kernel: None
no_interact: False
avg_score: 0.7425422072410583
median_score: 0.7413315773010254
std_score: 0.029944835230708122
percentiles: 2%=0.6919834613800049, 5%=0.694989025592804, 10%=0.7077518701553345, 25%=0.7191146612167358, 50%=0.7413315773010254, 75%=0.7585136890411377, 90%=0.7783373594284058, 95%=0.8044298887252808, 98%=0.8091263771057129
ranking_best_algo: CMApara
ranking_best_score: 0.7459277895312499
ranking_my_rank: 20/504 (96.2%)
ranking_my_percent: 96.23015873015873
