ConfigName: kjsd__advperagentrankweighted__M4__L24__eps0p005__g0p0005__ds0p05__dm0p05
Problem: QUBO
Kernel: jsd
Advantage: peragentrankweighted
M: 4
lambda: 24
epsilon_svgd: 0.005
gamma: 0.0005
decay_start_ratio: 0.05
decay_min_factor: 0.05
bandwith_kernel: None
no_interact: False
avg_score: -427.8999938964844
median_score: -425.5
std_score: 28.53891944885254
percentiles: 2%=-481.0, 5%=-477.0, 10%=-469.20001220703125, 25%=-448.25, 50%=-425.5, 75%=-408.0, 90%=-391.0, 95%=-384.8500061035156, 98%=-375.79998779296875
ranking_best_algo: CMAL3
ranking_best_score: 435.36
ranking_my_rank: 16/504 (97.0%)
ranking_my_percent: 97.02380952380952
