ConfigName: krbf__advnormalizedfitness__M5__L15__eps0p025__g0p005__ds0p05__dm0p05
Problem: QUBO
Kernel: rbf
Advantage: normalizedfitness
M: 5
lambda: 15
epsilon_svgd: 0.025
gamma: 0.005
decay_start_ratio: 0.05
decay_min_factor: 0.05
bandwith_kernel: None
no_interact: False
avg_score: -862.0
median_score: -858.5
std_score: 76.72978210449219
percentiles: 2%=-1014.0399780273438, 5%=-986.75, 10%=-971.2000122070312, 25%=-914.75, 50%=-858.5, 75%=-807.5, 90%=-761.7000122070312, 95%=-744.7000122070312, 98%=-716.8200073242188
ranking_best_algo: CMAL3
ranking_best_score: 928.5800000000002
ranking_my_rank: 194/504 (61.7%)
ranking_my_percent: 61.70634920634921
