ConfigName: kjsd__advperagentrankweighted__M3__L18__eps0p01__g0p001__ds0p2__dm0p2
Problem: QUBO
Kernel: jsd
Advantage: peragentrankweighted
M: 3
lambda: 18
epsilon_svgd: 0.01
gamma: 0.001
decay_start_ratio: 0.2
decay_min_factor: 0.2
bandwith_kernel: None
no_interact: False
avg_score: -439.3399963378906
median_score: -437.0
std_score: 27.285974502563477
percentiles: 2%=-485.1400146484375, 5%=-481.1000061035156, 10%=-472.0, 25%=-461.0, 50%=-437.0, 75%=-417.75, 90%=-403.0, 95%=-397.0, 98%=-388.9800109863281
ranking_best_algo: CMApara
ranking_best_score: 453.82
ranking_my_rank: 19/504 (96.4%)
ranking_my_percent: 96.42857142857143
