ConfigName: kjsd__advperagentrankweighted__M2__L20__eps0p005__g0p0005__ds0p1__dm0p05
Problem: NK
Kernel: jsd
Advantage: peragentrankweighted
M: 2
lambda: 20
epsilon_svgd: 0.005
gamma: 0.0005
decay_start_ratio: 0.1
decay_min_factor: 0.05
bandwith_kernel: None
no_interact: False
avg_score: 0.7452123165130615
median_score: 0.7454374432563782
std_score: 0.009738304652273655
percentiles: 2%=0.7281807661056519, 5%=0.7307448387145996, 10%=0.7338454723358154, 25%=0.7381723523139954, 50%=0.7454374432563782, 75%=0.7519335746765137, 90%=0.757116436958313, 95%=0.762184739112854, 98%=0.7683174014091492
ranking_best_algo: PBIL
ranking_best_score: 0.733570253046875
ranking_my_rank: 1/504 (100.0%)
ranking_my_percent: 100.0
