ConfigName: kfr__advglobalrankweighted__M2__L8__eps0p015__g0p003__ds0p01__dm0p01
Problem: QUBO
Kernel: fr
Advantage: globalrankweighted
M: 2
lambda: 8
epsilon_svgd: 0.015
gamma: 0.003
decay_start_ratio: 0.01
decay_min_factor: 0.01
bandwith_kernel: None
no_interact: False
avg_score: -420.1600036621094
median_score: -418.0
std_score: 28.710525512695312
percentiles: 2%=-479.0400085449219, 5%=-469.20001220703125, 10%=-457.3999938964844, 25%=-438.25, 50%=-418.0, 75%=-403.0, 90%=-382.8999938964844, 95%=-374.9000244140625, 98%=-359.89996337890625
ranking_best_algo: CMAL3
ranking_best_score: 435.36
ranking_my_rank: 88/504 (82.7%)
ranking_my_percent: 82.73809523809524
