ConfigName: kjsd__advperagentrankweighted__M3__L18__eps0p01__g0p003__ds0p2__dm0p05
Problem: NK
Kernel: jsd
Advantage: peragentrankweighted
M: 3
lambda: 18
epsilon_svgd: 0.01
gamma: 0.003
decay_start_ratio: 0.2
decay_min_factor: 0.05
bandwith_kernel: None
no_interact: False
avg_score: 0.7073454260826111
median_score: 0.7095310091972351
std_score: 0.012037915177643299
percentiles: 2%=0.6878862380981445, 5%=0.6891096830368042, 10%=0.6917017102241516, 25%=0.6957213878631592, 50%=0.7095310091972351, 75%=0.7176941633224487, 90%=0.7223640084266663, 95%=0.7237424850463867, 98%=0.7240853309631348
ranking_best_algo: PBIL
ranking_best_score: 0.7013553837109374
ranking_my_rank: 1/504 (100.0%)
ranking_my_percent: 100.0
