ConfigName: krbf__advnormalizedfitness__M2__L8__eps0p015__g0p01__ds0p01__dm0p01
Problem: NK
Kernel: rbf
Advantage: normalizedfitness
M: 2
lambda: 8
epsilon_svgd: 0.015
gamma: 0.01
decay_start_ratio: 0.01
decay_min_factor: 0.01
bandwith_kernel: None
no_interact: False
avg_score: 0.737140417098999
median_score: 0.7384306192398071
std_score: 0.009203894063830376
percentiles: 2%=0.7190403938293457, 5%=0.7205823063850403, 10%=0.7220404148101807, 25%=0.7303333878517151, 50%=0.7384306192398071, 75%=0.742955207824707, 90%=0.7480499744415283, 95%=0.7528035044670105, 98%=0.7542102336883545
ranking_best_algo: PBIL
ranking_best_score: 0.730509098125
ranking_my_rank: 1/504 (100.0%)
ranking_my_percent: 100.0
