ConfigName: kjsd__advperagentrankweighted__M3__L20__eps0p007__g0p0005__ds0p1__dm0p1
Problem: QUBO
Kernel: jsd
Advantage: peragentrankweighted
M: 3
lambda: 20
epsilon_svgd: 0.007
gamma: 0.0005
decay_start_ratio: 0.1
decay_min_factor: 0.1
bandwith_kernel: None
no_interact: False
avg_score: -198.5399932861328
median_score: -199.0
std_score: 13.117485046386719
percentiles: 2%=-222.0399932861328, 5%=-222.0, 10%=-216.10000610351562, 25%=-209.0, 50%=-199.0, 75%=-188.0, 90%=-180.89999389648438, 95%=-177.9499969482422, 98%=-171.0
ranking_best_algo: Tabu
ranking_best_score: 208.36000000000004
ranking_my_rank: 99/504 (80.6%)
ranking_my_percent: 80.55555555555556
