ConfigName: kjsd__advperagentrankweighted__M4__L20__eps0p007__g0p0005__ds0p1__dm0p05
Problem: QUBO
Kernel: jsd
Advantage: peragentrankweighted
M: 4
lambda: 20
epsilon_svgd: 0.007
gamma: 0.0005
decay_start_ratio: 0.1
decay_min_factor: 0.05
bandwith_kernel: None
no_interact: False
avg_score: -1306.1600341796875
median_score: -1303.0
std_score: 58.791446685791016
percentiles: 2%=-1433.1199951171875, 5%=-1412.0999755859375, 10%=-1397.0999755859375, 25%=-1345.5, 50%=-1303.0, 75%=-1262.0, 90%=-1237.9000244140625, 95%=-1222.699951171875, 98%=-1192.9200439453125
ranking_best_algo: BigLognormalDiscreteOnePlusOne
ranking_best_score: 1301.3600000000004
ranking_my_rank: 1/504 (100.0%)
ranking_my_percent: 100.0
