ConfigName: kjsd__advperagentrankweighted__M5__L8__eps0p005__g0p0005__ds0p2__dm0p2
Problem: QUBO
Kernel: jsd
Advantage: peragentrankweighted
M: 5
lambda: 8
epsilon_svgd: 0.005
gamma: 0.0005
decay_start_ratio: 0.2
decay_min_factor: 0.2
bandwith_kernel: None
no_interact: False
avg_score: -447.82000732421875
median_score: -447.5
std_score: 24.576566696166992
percentiles: 2%=-498.0, 5%=-489.04998779296875, 10%=-479.0, 25%=-463.0, 50%=-447.5, 75%=-431.0, 90%=-415.5, 95%=-407.79998779296875, 98%=-397.0
ranking_best_algo: CMApara
ranking_best_score: 453.82
ranking_my_rank: 2/504 (99.8%)
ranking_my_percent: 99.8015873015873
