ConfigName: kjsd__advperagentrankweighted__M5__L8__eps0p005__g0p0003__ds0p2__dm0p05
Problem: NK
Kernel: jsd
Advantage: peragentrankweighted
M: 5
lambda: 8
epsilon_svgd: 0.005
gamma: 0.0003
decay_start_ratio: 0.2
decay_min_factor: 0.05
bandwith_kernel: None
no_interact: False
avg_score: 0.7142096757888794
median_score: 0.7143957018852234
std_score: 0.007155992090702057
percentiles: 2%=0.6998488903045654, 5%=0.7024766802787781, 10%=0.7050884366035461, 25%=0.7092885971069336, 50%=0.7143957018852234, 75%=0.7193664312362671, 90%=0.7230715751647949, 95%=0.725127637386322, 98%=0.7270638346672058
ranking_best_algo: PBIL
ranking_best_score: 0.7170882103515624
ranking_my_rank: 41/504 (92.1%)
ranking_my_percent: 92.06349206349206
