ConfigName: krbf__advnormalizedfitness__M4__L10__eps0p015__g0p015__ds0p15__dm0p3
Problem: NK
Kernel: rbf
Advantage: normalizedfitness
M: 4
lambda: 10
epsilon_svgd: 0.015
gamma: 0.015
decay_start_ratio: 0.15
decay_min_factor: 0.3
bandwith_kernel: None
no_interact: False
avg_score: 0.640859842300415
median_score: 0.6428171396255493
std_score: 0.011263503693044186
percentiles: 2%=0.6180570721626282, 5%=0.6215013265609741, 10%=0.6253772974014282, 25%=0.631319522857666, 50%=0.6428171396255493, 75%=0.6498250961303711, 90%=0.6539959907531738, 95%=0.6573272943496704, 98%=0.6583020687103271
ranking_best_algo: PBIL
ranking_best_score: 0.7013553837109374
ranking_my_rank: 299/504 (40.9%)
ranking_my_percent: 40.87301587301587
