ConfigName: kjsd__advperagentrankweighted__M3__L30__eps0p005__g0p0005__ds0p1__dm0p05
Problem: QUBO
Kernel: jsd
Advantage: peragentrankweighted
M: 3
lambda: 30
epsilon_svgd: 0.005
gamma: 0.0005
decay_start_ratio: 0.1
decay_min_factor: 0.05
bandwith_kernel: None
no_interact: False
avg_score: -3308.4599609375
median_score: -3293.5
std_score: 130.07777404785156
percentiles: 2%=-3570.639892578125, 5%=-3542.949951171875, 10%=-3478.89990234375, 25%=-3407.25, 50%=-3293.5, 75%=-3202.75, 90%=-3166.199951171875, 95%=-3117.89990234375, 98%=-3088.699951171875
ranking_best_algo: RLSOnePlusOne
ranking_best_score: 3316.5199999999995
ranking_my_rank: 2/504 (99.8%)
ranking_my_percent: 99.8015873015873
