ConfigName: kjsd__advperagentrankweighted__M3__L20__eps0p005__g0p0005__ds0p05__dm0p05
Problem: QUBO
Kernel: jsd
Advantage: peragentrankweighted
M: 3
lambda: 20
epsilon_svgd: 0.005
gamma: 0.0005
decay_start_ratio: 0.05
decay_min_factor: 0.05
bandwith_kernel: None
no_interact: False
avg_score: -1640.3199462890625
median_score: -1634.5
std_score: 54.44628143310547
percentiles: 2%=-1756.6199951171875, 5%=-1738.0, 10%=-1700.699951171875, 25%=-1676.25, 50%=-1634.5, 75%=-1605.0, 90%=-1572.199951171875, 95%=-1561.0, 98%=-1556.760009765625
ranking_best_algo: NLOPT_LN_PRAXIS
ranking_best_score: 1607.12
ranking_my_rank: 1/504 (100.0%)
ranking_my_percent: 100.0
