ConfigName: kjsd__advperagentrankweighted__M4__L24__eps0p03__g0p0003__ds0p2__dm0p05
Problem: QUBO
Kernel: jsd
Advantage: peragentrankweighted
M: 4
lambda: 24
epsilon_svgd: 0.03
gamma: 0.0003
decay_start_ratio: 0.2
decay_min_factor: 0.05
bandwith_kernel: None
no_interact: False
avg_score: -304.5400085449219
median_score: -307.0
std_score: 37.15788650512695
percentiles: 2%=-390.0799865722656, 5%=-384.1000061035156, 10%=-352.6000061035156, 25%=-326.0, 50%=-307.0, 75%=-272.75, 90%=-263.8999938964844, 95%=-258.0, 98%=-251.9600067138672
ranking_best_algo: CMApara
ranking_best_score: 319.29999999999995
ranking_my_rank: 137/504 (73.0%)
ranking_my_percent: 73.01587301587301
