ConfigName: krbf__advnormalizedfitness__M3__L10__eps0p033__g0p007__ds0p01__dm0p3
Problem: QUBO
Kernel: rbf
Advantage: normalizedfitness
M: 3
lambda: 10
epsilon_svgd: 0.033
gamma: 0.007
decay_start_ratio: 0.01
decay_min_factor: 0.3
bandwith_kernel: None
no_interact: False
avg_score: -413.239990234375
median_score: -414.5
std_score: 26.906919479370117
percentiles: 2%=-459.2799987792969, 5%=-453.1000061035156, 10%=-450.0, 25%=-432.25, 50%=-414.5, 75%=-394.0, 90%=-380.0, 95%=-371.8000183105469, 98%=-353.75994873046875
ranking_best_algo: Tabu
ranking_best_score: 438.12
ranking_my_rank: 59/504 (88.5%)
ranking_my_percent: 88.4920634920635
