ConfigName: kjsd__advperagentrankweighted__M2__L20__eps0p005__g0p0005__ds0p05__dm0p05
Problem: NK
Kernel: jsd
Advantage: peragentrankweighted
M: 2
lambda: 20
epsilon_svgd: 0.005
gamma: 0.0005
decay_start_ratio: 0.05
decay_min_factor: 0.05
bandwith_kernel: None
no_interact: False
avg_score: 0.7394124865531921
median_score: 0.7377307415008545
std_score: 0.03054051660001278
percentiles: 2%=0.6896883845329285, 5%=0.6977315545082092, 10%=0.705561637878418, 25%=0.716320276260376, 50%=0.7377307415008545, 75%=0.7514388561248779, 90%=0.7757807374000549, 95%=0.8048011064529419, 98%=0.8118547797203064
ranking_best_algo: CMApara
ranking_best_score: 0.7459277895312499
ranking_my_rank: 56/504 (89.1%)
ranking_my_percent: 89.08730158730158
