ConfigName: kjsd__advperagentrankweighted__M5__L10__eps0p01__g0p003__ds0p4__dm0p2
Problem: QUBO
Kernel: jsd
Advantage: peragentrankweighted
M: 5
lambda: 10
epsilon_svgd: 0.01
gamma: 0.003
decay_start_ratio: 0.4
decay_min_factor: 0.2
bandwith_kernel: None
no_interact: False
avg_score: -139.89999389648438
median_score: -141.0
std_score: 11.694014549255371
percentiles: 2%=-160.0, 5%=-159.0, 10%=-157.0, 25%=-148.0, 50%=-141.0, 75%=-131.75, 90%=-125.0, 95%=-119.94999694824219, 98%=-115.0
ranking_best_algo: DiscreteDE
ranking_best_score: 143.4
ranking_my_rank: 80/504 (84.3%)
ranking_my_percent: 84.32539682539682
