ConfigName: kjsd__advperagentrankweighted__M4__L30__eps0p01__g0p0007__ds0p2__dm0p05
Problem: QUBO
Kernel: jsd
Advantage: peragentrankweighted
M: 4
lambda: 30
epsilon_svgd: 0.01
gamma: 0.0007
decay_start_ratio: 0.2
decay_min_factor: 0.05
bandwith_kernel: None
no_interact: False
avg_score: -138.8000030517578
median_score: -139.5
std_score: 11.896218299865723
percentiles: 2%=-158.0, 5%=-157.0, 10%=-153.1999969482422, 25%=-147.0, 50%=-139.5, 75%=-130.0, 90%=-123.0, 95%=-117.8499984741211, 98%=-114.0
ranking_best_algo: DiscreteDE
ranking_best_score: 143.4
ranking_my_rank: 96/504 (81.2%)
ranking_my_percent: 81.15079365079364
