ConfigName: krbf__advnormalizedfitness__M3__L8__eps0p015__g0p01__ds0p01__dm0p01
Problem: QUBO
Kernel: rbf
Advantage: normalizedfitness
M: 3
lambda: 8
epsilon_svgd: 0.015
gamma: 0.01
decay_start_ratio: 0.01
decay_min_factor: 0.01
bandwith_kernel: None
no_interact: False
avg_score: -2521.699951171875
median_score: -2522.5
std_score: 135.9461212158203
percentiles: 2%=-2813.280029296875, 5%=-2742.14990234375, 10%=-2703.699951171875, 25%=-2603.0, 50%=-2522.5, 75%=-2426.5, 90%=-2335.60009765625, 95%=-2306.10009765625, 98%=-2261.719970703125
ranking_best_algo: DiscreteLengler2OnePlusOne
ranking_best_score: 2617.04
ranking_my_rank: 62/504 (87.9%)
ranking_my_percent: 87.89682539682539
