ConfigName: krbf__advnormalizedfitness__M4__L10__eps0p033__g0p015__ds0p15__dm0p01
Problem: NK
Kernel: rbf
Advantage: normalizedfitness
M: 4
lambda: 10
epsilon_svgd: 0.033
gamma: 0.015
decay_start_ratio: 0.15
decay_min_factor: 0.01
bandwith_kernel: None
no_interact: False
avg_score: 0.754920244216919
median_score: 0.7559342384338379
std_score: 0.01258658803999424
percentiles: 2%=0.724736213684082, 5%=0.7336791157722473, 10%=0.7380815744400024, 25%=0.7480553388595581, 50%=0.7559342384338379, 75%=0.764339804649353, 90%=0.7706481218338013, 95%=0.7733746767044067, 98%=0.7786461114883423
ranking_best_algo: Tabu
ranking_best_score: 0.7657846284375001
ranking_my_rank: 7/504 (98.8%)
ranking_my_percent: 98.80952380952381
