ConfigName: kjsd__advperagentrankweighted__M3__L30__eps0p005__g0p001__ds0p2__dm0p05
Problem: NK
Kernel: jsd
Advantage: peragentrankweighted
M: 3
lambda: 30
epsilon_svgd: 0.005
gamma: 0.001
decay_start_ratio: 0.2
decay_min_factor: 0.05
bandwith_kernel: None
no_interact: False
avg_score: 0.7451480031013489
median_score: 0.7423104643821716
std_score: 0.02848696894943714
percentiles: 2%=0.7052847743034363, 5%=0.7073813080787659, 10%=0.710090160369873, 25%=0.7234015464782715, 50%=0.7423104643821716, 75%=0.7601335048675537, 90%=0.7783373594284058, 95%=0.8044298887252808, 98%=0.8109490275382996
ranking_best_algo: CMApara
ranking_best_score: 0.7459277895312499
ranking_my_rank: 2/504 (99.8%)
ranking_my_percent: 99.8015873015873
