ConfigName: krbf__advnormalizedfitness__M4__L10__eps0p015__g0p01__ds0p15__dm0p01
Problem: QUBO
Kernel: rbf
Advantage: normalizedfitness
M: 4
lambda: 10
epsilon_svgd: 0.015
gamma: 0.01
decay_start_ratio: 0.15
decay_min_factor: 0.01
bandwith_kernel: None
no_interact: False
avg_score: -874.3599853515625
median_score: -864.5
std_score: 79.47282409667969
percentiles: 2%=-1046.0799560546875, 5%=-1016.25, 10%=-981.5999755859375, 25%=-936.0, 50%=-864.5, 75%=-818.75, 90%=-772.4000244140625, 95%=-754.800048828125, 98%=-742.8800048828125
ranking_best_algo: CMApara
ranking_best_score: 964.9
ranking_my_rank: 224/504 (55.8%)
ranking_my_percent: 55.75396825396825
