ConfigName: kjsd__advperagentrankweighted__M3__L16__eps0p01__g0p0007__ds0p1__dm0p1
Problem: QUBO
Kernel: jsd
Advantage: peragentrankweighted
M: 3
lambda: 16
epsilon_svgd: 0.01
gamma: 0.0007
decay_start_ratio: 0.1
decay_min_factor: 0.1
bandwith_kernel: None
no_interact: False
avg_score: -1308.0799560546875
median_score: -1305.0
std_score: 59.59440612792969
percentiles: 2%=-1413.0799560546875, 5%=-1397.0999755859375, 10%=-1386.199951171875, 25%=-1352.0, 50%=-1305.0, 75%=-1264.5, 90%=-1234.800048828125, 95%=-1216.9000244140625, 98%=-1187.5799560546875
ranking_best_algo: BigLognormalDiscreteOnePlusOne
ranking_best_score: 1301.3600000000004
ranking_my_rank: 1/504 (100.0%)
ranking_my_percent: 100.0
