ConfigName: krbf__advnormalizedfitness__M4__L10__eps0p025__g0p01__ds0p01__dm0p01
Problem: QUBO
Kernel: rbf
Advantage: normalizedfitness
M: 4
lambda: 10
epsilon_svgd: 0.025
gamma: 0.01
decay_start_ratio: 0.01
decay_min_factor: 0.01
bandwith_kernel: None
no_interact: False
avg_score: -334.70001220703125
median_score: -338.0
std_score: 20.012746810913086
percentiles: 2%=-372.0, 5%=-370.0, 10%=-354.0, 25%=-349.0, 50%=-338.0, 75%=-323.5, 90%=-305.4000244140625, 95%=-292.95001220703125, 98%=-291.9599914550781
ranking_best_algo: CMApara
ranking_best_score: 344.22
ranking_my_rank: 61/504 (88.1%)
ranking_my_percent: 88.0952380952381
