ConfigName: kjsd__advperagentrankweighted__M5__L24__eps0p02__g0p0007__ds0p05__dm0p05
Problem: QUBO
Kernel: jsd
Advantage: peragentrankweighted
M: 5
lambda: 24
epsilon_svgd: 0.02
gamma: 0.0007
decay_start_ratio: 0.05
decay_min_factor: 0.05
bandwith_kernel: None
no_interact: False
avg_score: -1626.4599609375
median_score: -1627.0
std_score: 57.58444595336914
percentiles: 2%=-1738.219970703125, 5%=-1729.1500244140625, 10%=-1700.300048828125, 25%=-1662.75, 50%=-1627.0, 75%=-1588.25, 90%=-1548.800048828125, 95%=-1538.800048828125, 98%=-1506.9599609375
ranking_best_algo: NLOPT_LN_PRAXIS
ranking_best_score: 1607.12
ranking_my_rank: 1/504 (100.0%)
ranking_my_percent: 100.0
