Problem: QUBO
Kernel: jsd
Advantage: peragentrankweighted
M: 3
lambda: 15
epsilon_svgd: 0.01
gamma: 0.0005
bandwith_kernel: None
no_interact: False
avg_score: -1239.3199462890625
median_score: -1241.5
std_score: 55.85264205932617
percentiles: 2%=-1339.4599609375, 5%=-1331.199951171875, 10%=-1315.199951171875, 25%=-1280.0, 50%=-1241.5, 75%=-1200.0, 90%=-1168.4000244140625, 95%=-1150.9000244140625, 98%=-1139.4598388671875
ranking_best_algo: PPO-EDA
ranking_best_score: 1304.1
ranking_my_rank: 2/505 (99.8%)
