ConfigName: krbf__advglobalrankweighted__M4__L9__eps0p01__g0p005__ds0p01__dm0p01
Problem: QUBO
Kernel: rbf
Advantage: globalrankweighted
M: 4
lambda: 9
epsilon_svgd: 0.01
gamma: 0.005
decay_start_ratio: 0.01
decay_min_factor: 0.01
bandwith_kernel: None
no_interact: False
avg_score: -139.66000366210938
median_score: -141.0
std_score: 11.82727336883545
percentiles: 2%=-160.02000427246094, 5%=-158.0500030517578, 10%=-156.0, 25%=-147.5, 50%=-141.0, 75%=-130.0, 90%=-124.80000305175781, 95%=-121.0, 98%=-115.0
ranking_best_algo: DiscreteDE
ranking_best_score: 143.4
ranking_my_rank: 83/504 (83.7%)
ranking_my_percent: 83.73015873015873
