ConfigName: krbf__advnormalizedfitness__M1__L10__eps0p015__g0p01__ds0p3__dm0p3
Problem: QUBO
Kernel: rbf
Advantage: normalizedfitness
M: 1
lambda: 10
epsilon_svgd: 0.015
gamma: 0.01
decay_start_ratio: 0.3
decay_min_factor: 0.3
bandwith_kernel: None
no_interact: False
avg_score: -1279.9599609375
median_score: -1278.0
std_score: 62.685394287109375
percentiles: 2%=-1407.0, 5%=-1393.300048828125, 10%=-1373.199951171875, 25%=-1321.0, 50%=-1278.0, 75%=-1236.25, 90%=-1199.699951171875, 95%=-1169.8499755859375, 98%=-1162.8399658203125
ranking_best_algo: BigLognormalDiscreteOnePlusOne
ranking_best_score: 1301.3600000000004
ranking_my_rank: 31/504 (94.0%)
ranking_my_percent: 94.04761904761905
