ConfigName: kfr__advglobalrankweighted__M4__L24__eps0p06__g0p007__ds0p01__dm0p01
Problem: QUBO
Kernel: fr
Advantage: globalrankweighted
M: 4
lambda: 24
epsilon_svgd: 0.06
gamma: 0.007
decay_start_ratio: 0.01
decay_min_factor: 0.01
bandwith_kernel: None
no_interact: False
avg_score: -576.0999755859375
median_score: -573.5
std_score: 24.897188186645508
percentiles: 2%=-619.1599731445312, 5%=-617.0999755859375, 10%=-611.2999877929688, 25%=-593.5, 50%=-573.5, 75%=-559.0, 90%=-549.5, 95%=-541.5499877929688, 98%=-529.7000122070312
ranking_best_algo: Tabu
ranking_best_score: 588.7199999999999
ranking_my_rank: 56/503 (89.1%)
ranking_my_percent: 89.06560636182903
