ConfigName: krbf__advnormalizedfitness__M4__L15__eps0p01__g0p002__ds0p05__dm0p05
Problem: NK
Kernel: rbf
Advantage: normalizedfitness
M: 4
lambda: 15
epsilon_svgd: 0.01
gamma: 0.002
decay_start_ratio: 0.05
decay_min_factor: 0.05
bandwith_kernel: None
no_interact: False
avg_score: 0.739326536655426
median_score: 0.737858772277832
std_score: 0.014599595218896866
percentiles: 2%=0.7147902250289917, 5%=0.7172085046768188, 10%=0.7223806381225586, 25%=0.7293626666069031, 50%=0.737858772277832, 75%=0.7499725222587585, 90%=0.7615460753440857, 95%=0.7639118432998657, 98%=0.7672688961029053
ranking_best_algo: Tabu
ranking_best_score: 0.7601875690625
ranking_my_rank: 16/504 (97.0%)
ranking_my_percent: 97.02380952380952
