ConfigName: krbf__advnormalizedfitness__M4__L15__eps0p01__g0p002__ds0p05__dm0p05
Problem: NK
Kernel: rbf
Advantage: normalizedfitness
M: 4
lambda: 15
epsilon_svgd: 0.01
gamma: 0.002
decay_start_ratio: 0.05
decay_min_factor: 0.05
bandwith_kernel: None
no_interact: False
avg_score: 0.7300899624824524
median_score: 0.7289352416992188
std_score: 0.012379101477563381
percentiles: 2%=0.7083338499069214, 5%=0.7101442813873291, 10%=0.7150450944900513, 25%=0.7207826375961304, 50%=0.7289352416992188, 75%=0.7400705218315125, 90%=0.7460991740226746, 95%=0.7492235898971558, 98%=0.7576675415039062
ranking_best_algo: PBIL
ranking_best_score: 0.733570253046875
ranking_my_rank: 2/504 (99.8%)
ranking_my_percent: 99.8015873015873
