ConfigName: kjsd__advperagentrankweighted__M10__L12__eps0p005__g0p0005__ds0p3__dm0p05
Problem: QUBO
Kernel: jsd
Advantage: peragentrankweighted
M: 10
lambda: 12
epsilon_svgd: 0.005
gamma: 0.0005
decay_start_ratio: 0.3
decay_min_factor: 0.05
bandwith_kernel: None
no_interact: False
avg_score: -201.17999267578125
median_score: -201.0
std_score: 12.308030128479004
percentiles: 2%=-224.0, 5%=-224.0, 10%=-217.1999969482422, 25%=-208.25, 50%=-201.0, 75%=-194.75, 90%=-184.89999389648438, 95%=-178.9499969482422, 98%=-173.97999572753906
ranking_best_algo: Tabu
ranking_best_score: 208.36000000000004
ranking_my_rank: 41/504 (92.1%)
ranking_my_percent: 92.06349206349206
