ConfigName: krbf__advnormalizedfitness__M3__L12__eps0p015__g0p007__ds0p01__dm0p3
Problem: NK
Kernel: rbf
Advantage: normalizedfitness
M: 3
lambda: 12
epsilon_svgd: 0.015
gamma: 0.007
decay_start_ratio: 0.01
decay_min_factor: 0.3
bandwith_kernel: None
no_interact: False
avg_score: 0.7522912621498108
median_score: 0.7547786235809326
std_score: 0.015324077568948269
percentiles: 2%=0.7162109613418579, 5%=0.7253025770187378, 10%=0.7307562232017517, 25%=0.741640567779541, 50%=0.7547786235809326, 75%=0.7647843360900879, 90%=0.7705177664756775, 95%=0.7720199227333069, 98%=0.7776245474815369
ranking_best_algo: Tabu
ranking_best_score: 0.7657846284375001
ranking_my_rank: 13/504 (97.6%)
ranking_my_percent: 97.61904761904762
