ConfigName: krbf__advnormalizedfitness__M4__L15__eps0p015__g0p015__ds0p01__dm0p01
Problem: QUBO
Kernel: rbf
Advantage: normalizedfitness
M: 4
lambda: 15
epsilon_svgd: 0.015
gamma: 0.015
decay_start_ratio: 0.01
decay_min_factor: 0.01
bandwith_kernel: None
no_interact: False
avg_score: -278.82000732421875
median_score: -276.0
std_score: 40.32923889160156
percentiles: 2%=-372.1199951171875, 5%=-350.1000061035156, 10%=-330.20001220703125, 25%=-306.5, 50%=-276.0, 75%=-244.75, 90%=-232.60000610351562, 95%=-223.95001220703125, 98%=-220.97999572753906
ranking_best_algo: CMApara
ranking_best_score: 319.29999999999995
ranking_my_rank: 321/504 (36.5%)
ranking_my_percent: 36.507936507936506
