ConfigName: kjsd__advperagentrankweighted__M4__L8__eps0p005__g0p0005__ds0p2__dm0p05
Problem: QUBO
Kernel: jsd
Advantage: peragentrankweighted
M: 4
lambda: 8
epsilon_svgd: 0.005
gamma: 0.0005
decay_start_ratio: 0.2
decay_min_factor: 0.05
bandwith_kernel: None
no_interact: False
avg_score: -2587.9599609375
median_score: -2588.5
std_score: 115.72138977050781
percentiles: 2%=-2832.199951171875, 5%=-2784.300048828125, 10%=-2745.199951171875, 25%=-2672.5, 50%=-2588.5, 75%=-2488.5, 90%=-2448.89990234375, 95%=-2417.89990234375, 98%=-2407.9599609375
ranking_best_algo: SVM1MetaModelLogNormal
ranking_best_score: 2605.14
ranking_my_rank: 11/504 (98.0%)
ranking_my_percent: 98.01587301587301
