ConfigName: kjsd__advperagentrankweighted__M3__L18__eps0p01__g0p0007__ds0p05__dm0p1
Problem: NK
Kernel: jsd
Advantage: peragentrankweighted
M: 3
lambda: 18
epsilon_svgd: 0.01
gamma: 0.0007
decay_start_ratio: 0.05
decay_min_factor: 0.1
bandwith_kernel: None
no_interact: False
avg_score: 0.7095799446105957
median_score: 0.7108617424964905
std_score: 0.015564009547233582
percentiles: 2%=0.6673538088798523, 5%=0.6724824905395508, 10%=0.6918643116950989, 25%=0.7070431709289551, 50%=0.7108617424964905, 75%=0.7190998792648315, 90%=0.7252179980278015, 95%=0.7314603328704834, 98%=0.7327570915222168
ranking_best_algo: CMApara
ranking_best_score: 0.707475975
ranking_my_rank: 1/504 (100.0%)
ranking_my_percent: 100.0
