ConfigName: krbf__advnormalizedfitness__M1__L8__eps0p025__g0p015__ds0p01__dm0p01
Problem: NK
Kernel: rbf
Advantage: normalizedfitness
M: 1
lambda: 8
epsilon_svgd: 0.025
gamma: 0.015
decay_start_ratio: 0.01
decay_min_factor: 0.01
bandwith_kernel: None
no_interact: False
avg_score: 0.7297219634056091
median_score: 0.7320855855941772
std_score: 0.009582349099218845
percentiles: 2%=0.7095478177070618, 5%=0.7154644727706909, 10%=0.7168266177177429, 25%=0.7221759557723999, 50%=0.7320855855941772, 75%=0.7362112402915955, 90%=0.7404505610466003, 95%=0.7422544956207275, 98%=0.7444897294044495
ranking_best_algo: PBIL
ranking_best_score: 0.7248786399609374
ranking_my_rank: 1/504 (100.0%)
ranking_my_percent: 100.0
