ConfigName: krbf__advnormalizedfitness__M4__L15__eps0p025__g0p005__ds0p05__dm0p05
Problem: NK
Kernel: rbf
Advantage: normalizedfitness
M: 4
lambda: 15
epsilon_svgd: 0.025
gamma: 0.005
decay_start_ratio: 0.05
decay_min_factor: 0.05
bandwith_kernel: None
no_interact: False
avg_score: 0.7552248239517212
median_score: 0.7546131610870361
std_score: 0.013341833837330341
percentiles: 2%=0.731775164604187, 5%=0.7350046634674072, 10%=0.7381020188331604, 25%=0.7453033924102783, 50%=0.7546131610870361, 75%=0.7637858986854553, 90%=0.7739484906196594, 95%=0.7786068916320801, 98%=0.7831783294677734
ranking_best_algo: Tabu
ranking_best_score: 0.7470791764843752
ranking_my_rank: 1/504 (100.0%)
ranking_my_percent: 100.0
