ConfigName: krbf__advnormalizedfitness__M3__L12__eps0p015__g0p005__ds0p01__dm0p3
Problem: NK
Kernel: rbf
Advantage: normalizedfitness
M: 3
lambda: 12
epsilon_svgd: 0.015
gamma: 0.005
decay_start_ratio: 0.01
decay_min_factor: 0.3
bandwith_kernel: None
no_interact: False
avg_score: 0.7234455347061157
median_score: 0.7225333452224731
std_score: 0.015401461161673069
percentiles: 2%=0.6940740942955017, 5%=0.6980065703392029, 10%=0.7042951583862305, 25%=0.710681140422821, 50%=0.7225333452224731, 75%=0.7339829206466675, 90%=0.7421619296073914, 95%=0.7474842071533203, 98%=0.7543625235557556
ranking_best_algo: PBIL
ranking_best_score: 0.733570253046875
ranking_my_rank: 45/504 (91.3%)
ranking_my_percent: 91.26984126984127
