ConfigName: kjsd__advperagentrankweighted__M6__L8__eps0p02__g0p0005__ds0p2__dm0p05
Problem: NK
Kernel: jsd
Advantage: peragentrankweighted
M: 6
lambda: 8
epsilon_svgd: 0.02
gamma: 0.0005
decay_start_ratio: 0.2
decay_min_factor: 0.05
bandwith_kernel: None
no_interact: False
avg_score: 0.7330212593078613
median_score: 0.7319341897964478
std_score: 0.009145046584308147
percentiles: 2%=0.7173372507095337, 5%=0.7187642455101013, 10%=0.7225655317306519, 25%=0.7275027632713318, 50%=0.7319341897964478, 75%=0.7380948066711426, 90%=0.7464374899864197, 95%=0.7496537566184998, 98%=0.7515074014663696
ranking_best_algo: PBIL
ranking_best_score: 0.733570253046875
ranking_my_rank: 2/504 (99.8%)
ranking_my_percent: 99.8015873015873
