ConfigName: kjsd__advperagentrankweighted__M3__L16__eps0p01__g0p001__ds0p1__dm0p05
Problem: QUBO
Kernel: jsd
Advantage: peragentrankweighted
M: 3
lambda: 16
epsilon_svgd: 0.01
gamma: 0.001
decay_start_ratio: 0.1
decay_min_factor: 0.05
bandwith_kernel: None
no_interact: False
avg_score: -2630.43994140625
median_score: -2625.0
std_score: 119.78717803955078
percentiles: 2%=-2869.179931640625, 5%=-2820.550048828125, 10%=-2786.199951171875, 25%=-2720.0, 50%=-2625.0, 75%=-2549.5, 90%=-2485.5, 95%=-2457.85009765625, 98%=-2423.080078125
ranking_best_algo: DiscreteLengler2OnePlusOne
ranking_best_score: 2617.04
ranking_my_rank: 1/504 (100.0%)
ranking_my_percent: 100.0
