ConfigName: kjsd__advperagentrankweighted__M3__L18__eps0p01__g0p003__ds0p05__dm0p2
Problem: QUBO
Kernel: jsd
Advantage: peragentrankweighted
M: 3
lambda: 18
epsilon_svgd: 0.01
gamma: 0.003
decay_start_ratio: 0.05
decay_min_factor: 0.2
bandwith_kernel: None
no_interact: False
avg_score: -2531.97998046875
median_score: -2529.0
std_score: 135.2841339111328
percentiles: 2%=-2804.280029296875, 5%=-2794.050048828125, 10%=-2725.5, 25%=-2610.25, 50%=-2529.0, 75%=-2445.0, 90%=-2378.699951171875, 95%=-2327.75, 98%=-2284.8798828125
ranking_best_algo: DiscreteLengler2OnePlusOne
ranking_best_score: 2617.04
ranking_my_rank: 59/504 (88.5%)
ranking_my_percent: 88.4920634920635
