ConfigName: kjsd__advperagentrankweighted__M3__L16__eps0p007__g0p0005__ds0p05__dm0p05
Problem: NK
Kernel: jsd
Advantage: peragentrankweighted
M: 3
lambda: 16
epsilon_svgd: 0.007
gamma: 0.0005
decay_start_ratio: 0.05
decay_min_factor: 0.05
bandwith_kernel: None
no_interact: False
avg_score: 0.7544169425964355
median_score: 0.7543742656707764
std_score: 0.012912227772176266
percentiles: 2%=0.729374349117279, 5%=0.7343628406524658, 10%=0.7378438115119934, 25%=0.7452370524406433, 50%=0.7543742656707764, 75%=0.7618606686592102, 90%=0.7720553874969482, 95%=0.7777091264724731, 98%=0.7802993059158325
ranking_best_algo: Tabu
ranking_best_score: 0.7470791764843752
ranking_my_rank: 1/504 (100.0%)
ranking_my_percent: 100.0
