ConfigName: kjsd__advperagentrankweighted__M5__L10__eps0p03__g0p0003__ds0p2__dm0p05
Problem: QUBO
Kernel: jsd
Advantage: peragentrankweighted
M: 5
lambda: 10
epsilon_svgd: 0.03
gamma: 0.0003
decay_start_ratio: 0.2
decay_min_factor: 0.05
bandwith_kernel: None
no_interact: False
avg_score: -428.5400085449219
median_score: -429.0
std_score: 27.717655181884766
percentiles: 2%=-486.05999755859375, 5%=-475.1000061035156, 10%=-465.20001220703125, 25%=-446.25, 50%=-429.0, 75%=-410.5, 90%=-391.70001220703125, 95%=-381.0, 98%=-374.94000244140625
ranking_best_algo: CMApara
ranking_best_score: 453.82
ranking_my_rank: 94/504 (81.5%)
ranking_my_percent: 81.54761904761905
