ConfigName: krbf__advnormalizedfitness__M2__L8__eps0p015__g0p005__ds0p15__dm0p3
Problem: NK
Kernel: rbf
Advantage: normalizedfitness
M: 2
lambda: 8
epsilon_svgd: 0.015
gamma: 0.005
decay_start_ratio: 0.15
decay_min_factor: 0.3
bandwith_kernel: None
no_interact: False
avg_score: 0.7427093386650085
median_score: 0.7408133745193481
std_score: 0.027981193736195564
percentiles: 2%=0.7025800943374634, 5%=0.7033746838569641, 10%=0.7101588845252991, 25%=0.7242617011070251, 50%=0.7408133745193481, 75%=0.7580187320709229, 90%=0.7749887704849243, 95%=0.8044298887252808, 98%=0.8118547797203064
ranking_best_algo: CMApara
ranking_best_score: 0.7459277895312499
ranking_my_rank: 17/504 (96.8%)
ranking_my_percent: 96.82539682539682
