ConfigName: kjsd__advperagentrankweighted__M8__L12__eps0p008__g0p0005__ds0p05__dm0p05
Problem: QUBO
Kernel: jsd
Advantage: peragentrankweighted
M: 8
lambda: 12
epsilon_svgd: 0.008
gamma: 0.0005
decay_start_ratio: 0.05
decay_min_factor: 0.05
bandwith_kernel: None
no_interact: False
avg_score: -1204.0799560546875
median_score: -1189.0
std_score: 73.34475708007812
percentiles: 2%=-1366.0799560546875, 5%=-1326.199951171875, 10%=-1315.4000244140625, 25%=-1251.25, 50%=-1189.0, 75%=-1146.5, 90%=-1120.800048828125, 95%=-1104.9000244140625, 98%=-1086.8800048828125
ranking_best_algo: SVMMetaModelLogNormal
ranking_best_score: 1233.7999999999997
ranking_my_rank: 50/504 (90.3%)
ranking_my_percent: 90.27777777777777
