ConfigName: kjsd__advperagentrankweighted__M3__L16__eps0p005__g0p003__ds0p05__dm0p2
Problem: NK
Kernel: jsd
Advantage: peragentrankweighted
M: 3
lambda: 16
epsilon_svgd: 0.005
gamma: 0.003
decay_start_ratio: 0.05
decay_min_factor: 0.2
bandwith_kernel: None
no_interact: False
avg_score: 0.6976093053817749
median_score: 0.6969888806343079
std_score: 0.013752272352576256
percentiles: 2%=0.672595202922821, 5%=0.6757502555847168, 10%=0.6794176697731018, 25%=0.6883243918418884, 50%=0.6969888806343079, 75%=0.7063800692558289, 90%=0.7174056172370911, 95%=0.7216138243675232, 98%=0.7263626456260681
ranking_best_algo: PBIL
ranking_best_score: 0.733570253046875
ranking_my_rank: 166/504 (67.3%)
ranking_my_percent: 67.26190476190476
