ConfigName: kjsd__advperagentrankweighted__M3__L24__eps0p007__g0p001__ds0p05__dm0p05
Problem: NK
Kernel: jsd
Advantage: peragentrankweighted
M: 3
lambda: 24
epsilon_svgd: 0.007
gamma: 0.001
decay_start_ratio: 0.05
decay_min_factor: 0.05
bandwith_kernel: None
no_interact: False
avg_score: 0.7504329681396484
median_score: 0.7501433491706848
std_score: 0.008767355233430862
percentiles: 2%=0.7335197925567627, 5%=0.7367509007453918, 10%=0.7405432462692261, 25%=0.7443622350692749, 50%=0.7501433491706848, 75%=0.7559006214141846, 90%=0.7626177072525024, 95%=0.7660818099975586, 98%=0.7682697176933289
ranking_best_algo: PBIL
ranking_best_score: 0.733570253046875
ranking_my_rank: 1/504 (100.0%)
ranking_my_percent: 100.0
