ConfigName: krbf__advnormalizedfitness__M3__L24__eps0p02__g0p005__ds0p15__dm0p05
Problem: NK
Kernel: rbf
Advantage: normalizedfitness
M: 3
lambda: 24
epsilon_svgd: 0.02
gamma: 0.005
decay_start_ratio: 0.15
decay_min_factor: 0.05
bandwith_kernel: None
no_interact: False
avg_score: 0.7370754480361938
median_score: 0.7382372617721558
std_score: 0.008807879872620106
percentiles: 2%=0.7184456586837769, 5%=0.7225038409233093, 10%=0.7232149243354797, 25%=0.7313048839569092, 50%=0.7382372617721558, 75%=0.7437378168106079, 90%=0.7469380497932434, 95%=0.7499796152114868, 98%=0.7513946890830994
ranking_best_algo: PBIL
ranking_best_score: 0.730509098125
ranking_my_rank: 1/504 (100.0%)
ranking_my_percent: 100.0
