ConfigName: krbf__advnormalizedfitness__M3__L8__eps0p025__g0p01__ds0p01__dm0p01
Problem: NK
Kernel: rbf
Advantage: normalizedfitness
M: 3
lambda: 8
epsilon_svgd: 0.025
gamma: 0.01
decay_start_ratio: 0.01
decay_min_factor: 0.01
bandwith_kernel: None
no_interact: False
avg_score: 0.6960631608963013
median_score: 0.6960095167160034
std_score: 0.01875213533639908
percentiles: 2%=0.6577609777450562, 5%=0.6670651435852051, 10%=0.6714488863945007, 25%=0.6818690299987793, 50%=0.6960095167160034, 75%=0.7104748487472534, 90%=0.7191621661186218, 95%=0.7277022004127502, 98%=0.7330034971237183
ranking_best_algo: PBIL
ranking_best_score: 0.7170882103515624
ranking_my_rank: 83/504 (83.7%)
ranking_my_percent: 83.73015873015873
