ConfigName: kjsd__advperagentrankweighted__M2__L20__eps0p005__g0p0005__ds0p1__dm0p1
Problem: QUBO
Kernel: jsd
Advantage: peragentrankweighted
M: 2
lambda: 20
epsilon_svgd: 0.005
gamma: 0.0005
decay_start_ratio: 0.1
decay_min_factor: 0.1
bandwith_kernel: None
no_interact: False
avg_score: -1294.6400146484375
median_score: -1287.0
std_score: 63.35337829589844
percentiles: 2%=-1425.1800537109375, 5%=-1411.199951171875, 10%=-1381.4000244140625, 25%=-1329.0, 50%=-1287.0, 75%=-1249.0, 90%=-1211.800048828125, 95%=-1196.9000244140625, 98%=-1176.3599853515625
ranking_best_algo: BigLognormalDiscreteOnePlusOne
ranking_best_score: 1301.3600000000004
ranking_my_rank: 2/504 (99.8%)
ranking_my_percent: 99.8015873015873
