ConfigName: kjsd__advperagentrankweighted__M3__L16__eps0p01__g0p003__ds0p1__dm0p2
Problem: NK
Kernel: jsd
Advantage: peragentrankweighted
M: 3
lambda: 16
epsilon_svgd: 0.01
gamma: 0.003
decay_start_ratio: 0.1
decay_min_factor: 0.2
bandwith_kernel: None
no_interact: False
avg_score: 0.756436824798584
median_score: 0.7562041282653809
std_score: 0.014469626359641552
percentiles: 2%=0.7282159328460693, 5%=0.7324839234352112, 10%=0.7396456003189087, 25%=0.7461209297180176, 50%=0.7562041282653809, 75%=0.7670929431915283, 90%=0.7761017084121704, 95%=0.779662013053894, 98%=0.7811574935913086
ranking_best_algo: Tabu
ranking_best_score: 0.7470791764843752
ranking_my_rank: 1/504 (100.0%)
ranking_my_percent: 100.0
