ConfigName: kjsd__advperagentrankweighted__M5__L10__eps0p03__g0p0007__ds0p2__dm0p05
Problem: QUBO
Kernel: jsd
Advantage: peragentrankweighted
M: 5
lambda: 10
epsilon_svgd: 0.03
gamma: 0.0007
decay_start_ratio: 0.2
decay_min_factor: 0.05
bandwith_kernel: None
no_interact: False
avg_score: -573.3800048828125
median_score: -572.0
std_score: 26.8271427154541
percentiles: 2%=-621.1599731445312, 5%=-619.0499877929688, 10%=-611.0999755859375, 25%=-592.5, 50%=-572.0, 75%=-556.75, 90%=-543.5999755859375, 95%=-524.9000244140625, 98%=-514.9199829101562
ranking_best_algo: Tabu
ranking_best_score: 588.7199999999999
ranking_my_rank: 61/503 (88.1%)
ranking_my_percent: 88.07157057654075
