ConfigName: kjsd__advperagentrankweighted__M3__L24__eps0p005__g0p001__ds0p1__dm0p2
Problem: NK
Kernel: jsd
Advantage: peragentrankweighted
M: 3
lambda: 24
epsilon_svgd: 0.005
gamma: 0.001
decay_start_ratio: 0.1
decay_min_factor: 0.2
bandwith_kernel: None
no_interact: False
avg_score: 0.7454646825790405
median_score: 0.7423104643821716
std_score: 0.02837531454861164
percentiles: 2%=0.705734133720398, 5%=0.7081255316734314, 10%=0.7115666270256042, 25%=0.7198861837387085, 50%=0.7423104643821716, 75%=0.7585474252700806, 90%=0.7783373594284058, 95%=0.8076609373092651, 98%=0.8118547797203064
ranking_best_algo: CMApara
ranking_best_score: 0.7459277895312499
ranking_my_rank: 2/504 (99.8%)
ranking_my_percent: 99.8015873015873
