ConfigName: kjsd__advperagentrankweighted__M5__L10__eps0p008__g0p0005__ds0p05__dm0p05
Problem: QUBO
Kernel: jsd
Advantage: peragentrankweighted
M: 5
lambda: 10
epsilon_svgd: 0.008
gamma: 0.0005
decay_start_ratio: 0.05
decay_min_factor: 0.05
bandwith_kernel: None
no_interact: False
avg_score: -332.2200012207031
median_score: -339.5
std_score: 21.063512802124023
percentiles: 2%=-372.0, 5%=-361.0, 10%=-354.1000061035156, 25%=-346.0, 50%=-339.5, 75%=-319.5, 90%=-301.79998779296875, 95%=-295.79998779296875, 98%=-281.9599914550781
ranking_best_algo: CMApara
ranking_best_score: 344.22
ranking_my_rank: 72/504 (85.9%)
ranking_my_percent: 85.91269841269842
