ConfigName: krbf__advnormalizedfitness__M4__L10__eps0p033__g0p015__ds0p01__dm0p01
Problem: QUBO
Kernel: rbf
Advantage: normalizedfitness
M: 4
lambda: 10
epsilon_svgd: 0.033
gamma: 0.015
decay_start_ratio: 0.01
decay_min_factor: 0.01
bandwith_kernel: None
no_interact: False
avg_score: -332.8999938964844
median_score: -334.5
std_score: 20.152170181274414
percentiles: 2%=-372.0, 5%=-361.25, 10%=-354.0, 25%=-343.75, 50%=-334.5, 75%=-323.5, 90%=-305.4000244140625, 95%=-291.95001220703125, 98%=-289.8199462890625
ranking_best_algo: CMApara
ranking_best_score: 344.22
ranking_my_rank: 69/504 (86.5%)
ranking_my_percent: 86.5079365079365
