ConfigName: kjsd__advperagentrankweighted__M3__L16__eps0p005__g0p001__ds0p1__dm0p2
Problem: QUBO
Kernel: jsd
Advantage: peragentrankweighted
M: 3
lambda: 16
epsilon_svgd: 0.005
gamma: 0.001
decay_start_ratio: 0.1
decay_min_factor: 0.2
bandwith_kernel: None
no_interact: False
avg_score: -1290.3399658203125
median_score: -1289.0
std_score: 58.20502471923828
percentiles: 2%=-1403.3199462890625, 5%=-1385.300048828125, 10%=-1364.300048828125, 25%=-1326.75, 50%=-1289.0, 75%=-1256.5, 90%=-1222.0, 95%=-1194.300048828125, 98%=-1168.9200439453125
ranking_best_algo: BigLognormalDiscreteOnePlusOne
ranking_best_score: 1301.3600000000004
ranking_my_rank: 3/504 (99.6%)
ranking_my_percent: 99.60317460317461
