ConfigName: kjsd__advperagentrankweighted__M5__L8__eps0p01__g0p0005__ds0p2__dm0p2
Problem: NK
Kernel: jsd
Advantage: peragentrankweighted
M: 5
lambda: 8
epsilon_svgd: 0.01
gamma: 0.0005
decay_start_ratio: 0.2
decay_min_factor: 0.2
bandwith_kernel: None
no_interact: False
avg_score: 0.7428035140037537
median_score: 0.7409613132476807
std_score: 0.027660014107823372
percentiles: 2%=0.7030605673789978, 5%=0.7041077613830566, 10%=0.7108519077301025, 25%=0.722756028175354, 50%=0.7409613132476807, 75%=0.7541775703430176, 90%=0.7742434740066528, 95%=0.8044298887252808, 98%=0.809423565864563
ranking_best_algo: CMApara
ranking_best_score: 0.7459277895312499
ranking_my_rank: 15/504 (97.2%)
ranking_my_percent: 97.22222222222223
