ConfigName: krbf__advnormalizedfitness__M4__L10__eps0p015__g0p005__ds0p01__dm0p3
Problem: QUBO
Kernel: rbf
Advantage: normalizedfitness
M: 4
lambda: 10
epsilon_svgd: 0.015
gamma: 0.005
decay_start_ratio: 0.01
decay_min_factor: 0.3
bandwith_kernel: None
no_interact: False
avg_score: -1026.56005859375
median_score: -1021.5
std_score: 90.09210205078125
percentiles: 2%=-1226.1800537109375, 5%=-1154.300048828125, 10%=-1131.4000244140625, 25%=-1086.0, 50%=-1021.5, 75%=-964.0, 90%=-915.5, 95%=-893.0501098632812, 98%=-842.7799682617188
ranking_best_algo: SVMMetaModelLogNormal
ranking_best_score: 1233.7999999999997
ranking_my_rank: 215/504 (57.5%)
ranking_my_percent: 57.53968253968254
