ConfigName: kjsd__advperagentrankweighted__M3__L16__eps0p007__g0p001__ds0p1__dm0p1
Problem: QUBO
Kernel: jsd
Advantage: peragentrankweighted
M: 3
lambda: 16
epsilon_svgd: 0.007
gamma: 0.001
decay_start_ratio: 0.1
decay_min_factor: 0.1
bandwith_kernel: None
no_interact: False
avg_score: -909.5
median_score: -905.5
std_score: 61.91777038574219
percentiles: 2%=-1034.0400390625, 5%=-1015.25, 10%=-1000.5, 25%=-955.0, 50%=-905.5, 75%=-872.5, 90%=-827.7000122070312, 95%=-814.0, 98%=-803.9400024414062
ranking_best_algo: CMAL3
ranking_best_score: 928.5800000000002
ranking_my_rank: 28/504 (94.6%)
ranking_my_percent: 94.64285714285714
