ConfigName: kjsd__advperagentrankweighted__M5__L12__eps0p005__g0p0005__ds0p3__dm0p05
Problem: QUBO
Kernel: jsd
Advantage: peragentrankweighted
M: 5
lambda: 12
epsilon_svgd: 0.005
gamma: 0.0005
decay_start_ratio: 0.3
decay_min_factor: 0.05
bandwith_kernel: None
no_interact: False
avg_score: -311.6000061035156
median_score: -315.0
std_score: 39.53529739379883
percentiles: 2%=-398.0, 5%=-394.0, 10%=-357.20001220703125, 25%=-333.0, 50%=-315.0, 75%=-276.0, 90%=-263.79998779296875, 95%=-258.8500061035156, 98%=-248.89999389648438
ranking_best_algo: CMApara
ranking_best_score: 319.29999999999995
ranking_my_rank: 38/504 (92.7%)
ranking_my_percent: 92.65873015873017
