ConfigName: krbf__advnormalizedfitness__M3__L10__eps0p015__g0p005__ds0p3__dm0p01
Problem: QUBO
Kernel: rbf
Advantage: normalizedfitness
M: 3
lambda: 10
epsilon_svgd: 0.015
gamma: 0.005
decay_start_ratio: 0.3
decay_min_factor: 0.01
bandwith_kernel: None
no_interact: False
avg_score: -3174.199951171875
median_score: -3183.0
std_score: 172.63314819335938
percentiles: 2%=-3486.239990234375, 5%=-3449.75, 10%=-3393.300048828125, 25%=-3284.25, 50%=-3183.0, 75%=-3052.5, 90%=-2955.0, 95%=-2885.75, 98%=-2857.359375
ranking_best_algo: RLSOnePlusOne
ranking_best_score: 3316.5199999999995
ranking_my_rank: 60/504 (88.3%)
ranking_my_percent: 88.2936507936508
