ConfigName: kjsd__advperagentrankweighted__M5__L8__eps0p01__g0p003__ds0p4__dm0p05
Problem: QUBO
Kernel: jsd
Advantage: peragentrankweighted
M: 5
lambda: 8
epsilon_svgd: 0.01
gamma: 0.003
decay_start_ratio: 0.4
decay_min_factor: 0.05
bandwith_kernel: None
no_interact: False
avg_score: -140.10000610351562
median_score: -141.0
std_score: 11.806354522705078
percentiles: 2%=-161.0, 5%=-159.0500030517578, 10%=-156.10000610351562, 25%=-147.25, 50%=-141.0, 75%=-132.0, 90%=-123.0, 95%=-119.94999694824219, 98%=-117.0
ranking_best_algo: DiscreteDE
ranking_best_score: 143.4
ranking_my_rank: 79/504 (84.5%)
ranking_my_percent: 84.52380952380952
