ConfigName: krbf__advnormalizedfitness__M3__L15__eps0p015__g0p007__ds0p3__dm0p01
Problem: NK
Kernel: rbf
Advantage: normalizedfitness
M: 3
lambda: 15
epsilon_svgd: 0.015
gamma: 0.007
decay_start_ratio: 0.3
decay_min_factor: 0.01
bandwith_kernel: None
no_interact: False
avg_score: 0.6506510972976685
median_score: 0.649789571762085
std_score: 0.020001158118247986
percentiles: 2%=0.6124836802482605, 5%=0.620570957660675, 10%=0.6264397501945496, 25%=0.6384650468826294, 50%=0.649789571762085, 75%=0.6621949672698975, 90%=0.6804015040397644, 95%=0.68582683801651, 98%=0.692470133304596
ranking_best_algo: Tabu
ranking_best_score: 0.7429702712499999
ranking_my_rank: 324/504 (35.9%)
ranking_my_percent: 35.91269841269841
