ConfigName: kjsd__advperagentrankweighted__M3__L16__eps0p01__g0p003__ds0p1__dm0p2
Problem: QUBO
Kernel: jsd
Advantage: peragentrankweighted
M: 3
lambda: 16
epsilon_svgd: 0.01
gamma: 0.003
decay_start_ratio: 0.1
decay_min_factor: 0.2
bandwith_kernel: None
no_interact: False
avg_score: -1189.699951171875
median_score: -1187.0
std_score: 73.71844482421875
percentiles: 2%=-1340.219970703125, 5%=-1306.449951171875, 10%=-1284.0, 25%=-1241.5, 50%=-1187.0, 75%=-1133.0, 90%=-1099.0, 95%=-1075.949951171875, 98%=-1072.9599609375
ranking_best_algo: SVMMetaModelLogNormal
ranking_best_score: 1233.7999999999997
ranking_my_rank: 58/504 (88.7%)
ranking_my_percent: 88.69047619047619
