ConfigName: krbf__advnormalizedfitness__M1__L10__eps0p015__g0p007__ds0p3__dm0p3
Problem: QUBO
Kernel: rbf
Advantage: normalizedfitness
M: 1
lambda: 10
epsilon_svgd: 0.015
gamma: 0.007
decay_start_ratio: 0.3
decay_min_factor: 0.3
bandwith_kernel: None
no_interact: False
avg_score: -558.5800170898438
median_score: -558.5
std_score: 28.479883193969727
percentiles: 2%=-619.0399780273438, 5%=-609.0999755859375, 10%=-597.0999755859375, 25%=-577.5, 50%=-558.5, 75%=-537.0, 90%=-524.0, 95%=-516.6500244140625, 98%=-501.89996337890625
ranking_best_algo: Tabu
ranking_best_score: 588.7199999999999
ranking_my_rank: 101/503 (80.1%)
ranking_my_percent: 80.11928429423459
