ConfigName: kjsd__advperagentrankweighted__M4__L24__eps0p03__g0p0007__ds0p2__dm0p05
Problem: NK
Kernel: jsd
Advantage: peragentrankweighted
M: 4
lambda: 24
epsilon_svgd: 0.03
gamma: 0.0007
decay_start_ratio: 0.2
decay_min_factor: 0.05
bandwith_kernel: None
no_interact: False
avg_score: 0.7419188618659973
median_score: 0.7404065728187561
std_score: 0.02807791717350483
percentiles: 2%=0.6996213793754578, 5%=0.7021223902702332, 10%=0.7077831625938416, 25%=0.7183432579040527, 50%=0.7404065728187561, 75%=0.7570544481277466, 90%=0.777533233165741, 95%=0.8044298887252808, 98%=0.8044298887252808
ranking_best_algo: CMApara
ranking_best_score: 0.7459277895312499
ranking_my_rank: 25/504 (95.2%)
ranking_my_percent: 95.23809523809524
