ConfigName: krbf__advnormalizedfitness__M3__L10__eps0p015__g0p01__ds0p15__dm0p01
Problem: QUBO
Kernel: rbf
Advantage: normalizedfitness
M: 3
lambda: 10
epsilon_svgd: 0.015
gamma: 0.01
decay_start_ratio: 0.15
decay_min_factor: 0.01
bandwith_kernel: None
no_interact: False
avg_score: -1171.800048828125
median_score: -1173.5
std_score: 65.88581085205078
percentiles: 2%=-1323.52001953125, 5%=-1281.800048828125, 10%=-1262.0999755859375, 25%=-1212.0, 50%=-1173.5, 75%=-1131.5, 90%=-1082.699951171875, 95%=-1068.6500244140625, 98%=-1058.8800048828125
ranking_best_algo: Tabu
ranking_best_score: 1216.16
ranking_my_rank: 89/504 (82.5%)
ranking_my_percent: 82.53968253968254
