ConfigName: krbf__advnormalizedfitness__M4__L15__eps0p033__g0p015__ds0p3__dm0p3
Problem: QUBO
Kernel: rbf
Advantage: normalizedfitness
M: 4
lambda: 15
epsilon_svgd: 0.033
gamma: 0.015
decay_start_ratio: 0.3
decay_min_factor: 0.3
bandwith_kernel: None
no_interact: False
avg_score: -691.4400024414062
median_score: -677.0
std_score: 98.25225830078125
percentiles: 2%=-894.4400024414062, 5%=-855.0499877929688, 10%=-814.2000122070312, 25%=-755.0, 50%=-677.0, 75%=-630.0, 90%=-564.7999877929688, 95%=-539.7501220703125, 98%=-510.75994873046875
ranking_best_algo: CMApara
ranking_best_score: 964.9
ranking_my_rank: 331/504 (34.5%)
ranking_my_percent: 34.523809523809526
