ConfigName: kjsd__advperagentrankweighted__M5__L10__eps0p005__g0p0007__ds0p4__dm0p2
Problem: QUBO
Kernel: jsd
Advantage: peragentrankweighted
M: 5
lambda: 10
epsilon_svgd: 0.005
gamma: 0.0007
decay_start_ratio: 0.4
decay_min_factor: 0.2
bandwith_kernel: None
no_interact: False
avg_score: -1564.02001953125
median_score: -1556.0
std_score: 76.58602905273438
percentiles: 2%=-1718.3800048828125, 5%=-1707.0999755859375, 10%=-1664.0999755859375, 25%=-1616.5, 50%=-1556.0, 75%=-1500.5, 90%=-1474.800048828125, 95%=-1456.699951171875, 98%=-1441.97998046875
ranking_best_algo: NLOPT_LN_PRAXIS
ranking_best_score: 1607.12
ranking_my_rank: 49/504 (90.5%)
ranking_my_percent: 90.47619047619048
