ConfigName: kjsd__advperagentrankweighted__M5__L24__eps0p02__g0p0005__ds0p2__dm0p05
Problem: QUBO
Kernel: jsd
Advantage: peragentrankweighted
M: 5
lambda: 24
epsilon_svgd: 0.02
gamma: 0.0005
decay_start_ratio: 0.2
decay_min_factor: 0.05
bandwith_kernel: None
no_interact: False
avg_score: -917.6199951171875
median_score: -915.0
std_score: 61.0268440246582
percentiles: 2%=-1035.260009765625, 5%=-1020.0999755859375, 10%=-998.2999877929688, 25%=-966.25, 50%=-915.0, 75%=-875.75, 90%=-837.7999877929688, 95%=-818.9000244140625, 98%=-805.760009765625
ranking_best_algo: CMAL3
ranking_best_score: 928.5800000000002
ranking_my_rank: 13/504 (97.6%)
ranking_my_percent: 97.61904761904762
