ConfigName: kjsd__advperagentrankweighted__M4__L12__eps0p03__g0p0007__ds0p2__dm0p05
Problem: QUBO
Kernel: jsd
Advantage: peragentrankweighted
M: 4
lambda: 12
epsilon_svgd: 0.03
gamma: 0.0007
decay_start_ratio: 0.2
decay_min_factor: 0.05
bandwith_kernel: None
no_interact: False
avg_score: -424.32000732421875
median_score: -422.5
std_score: 29.60569953918457
percentiles: 2%=-481.0, 5%=-474.1499938964844, 10%=-471.0, 25%=-441.5, 50%=-422.5, 75%=-404.0, 90%=-388.8999938964844, 95%=-376.6000061035156, 98%=-364.94000244140625
ranking_best_algo: CMAL3
ranking_best_score: 435.36
ranking_my_rank: 31/504 (94.0%)
ranking_my_percent: 94.04761904761905
