ConfigName: kjsd__advperagentrankweighted__M2__L20__eps0p005__g0p0005__ds0p05__dm0p1
Problem: QUBO
Kernel: jsd
Advantage: peragentrankweighted
M: 2
lambda: 20
epsilon_svgd: 0.005
gamma: 0.0005
decay_start_ratio: 0.05
decay_min_factor: 0.1
bandwith_kernel: None
no_interact: False
avg_score: -3284.320068359375
median_score: -3289.5
std_score: 125.27080535888672
percentiles: 2%=-3545.3798828125, 5%=-3502.25, 10%=-3429.39990234375, 25%=-3367.75, 50%=-3289.5, 75%=-3191.0, 90%=-3134.0, 95%=-3101.300048828125, 98%=-3044.340087890625
ranking_best_algo: RLSOnePlusOne
ranking_best_score: 3316.5199999999995
ranking_my_rank: 3/504 (99.6%)
ranking_my_percent: 99.60317460317461
