ConfigName: kfr__advglobalrankweighted__M5__L9__eps0p015__g0p007__ds0p01__dm0p01
Problem: QUBO
Kernel: fr
Advantage: globalrankweighted
M: 5
lambda: 9
epsilon_svgd: 0.015
gamma: 0.007
decay_start_ratio: 0.01
decay_min_factor: 0.01
bandwith_kernel: None
no_interact: False
avg_score: -412.239990234375
median_score: -414.0
std_score: 28.5191593170166
percentiles: 2%=-469.1600036621094, 5%=-452.54998779296875, 10%=-449.1000061035156, 25%=-432.25, 50%=-414.0, 75%=-390.0, 90%=-378.0, 95%=-365.60003662109375, 98%=-356.0
ranking_best_algo: Tabu
ranking_best_score: 438.12
ranking_my_rank: 70/504 (86.3%)
ranking_my_percent: 86.30952380952381
