ConfigName: krbf__advglobalrankweighted__M4__L10__eps0p015__g0p003__ds0p01__dm0p01
Problem: QUBO
Kernel: rbf
Advantage: globalrankweighted
M: 4
lambda: 10
epsilon_svgd: 0.015
gamma: 0.003
decay_start_ratio: 0.01
decay_min_factor: 0.01
bandwith_kernel: None
no_interact: False
avg_score: -330.44000244140625
median_score: -334.0
std_score: 20.533056259155273
percentiles: 2%=-372.0, 5%=-368.0, 10%=-354.0, 25%=-343.0, 50%=-334.0, 75%=-320.0, 90%=-298.0, 95%=-290.95001220703125, 98%=-289.91998291015625
ranking_best_algo: CMApara
ranking_best_score: 344.22
ranking_my_rank: 78/504 (84.7%)
ranking_my_percent: 84.72222222222223
