ConfigName: kjsd__advperagentrankweighted__M10__L24__eps0p005__g0p0005__ds0p05__dm0p05
Problem: NK
Kernel: jsd
Advantage: peragentrankweighted
M: 10
lambda: 24
epsilon_svgd: 0.005
gamma: 0.0005
decay_start_ratio: 0.05
decay_min_factor: 0.05
bandwith_kernel: None
no_interact: False
avg_score: 0.6823247671127319
median_score: 0.6828901171684265
std_score: 0.011666321195662022
percentiles: 2%=0.6602030992507935, 5%=0.6622182726860046, 10%=0.667596161365509, 25%=0.6748080253601074, 50%=0.6828901171684265, 75%=0.6906907558441162, 90%=0.6955797076225281, 95%=0.702714204788208, 98%=0.7055274248123169
ranking_best_algo: PBIL
ranking_best_score: 0.7248786399609374
ranking_my_rank: 184/504 (63.7%)
ranking_my_percent: 63.69047619047619
