ConfigName: kjsd__advperagentrankweighted__M3__L16__eps0p01__g0p001__ds0p05__dm0p1
Problem: NK
Kernel: jsd
Advantage: peragentrankweighted
M: 3
lambda: 16
epsilon_svgd: 0.01
gamma: 0.001
decay_start_ratio: 0.05
decay_min_factor: 0.1
bandwith_kernel: None
no_interact: False
avg_score: 0.7428409457206726
median_score: 0.7408133745193481
std_score: 0.028965391218662262
percentiles: 2%=0.6941890120506287, 5%=0.7044284343719482, 10%=0.7107794880867004, 25%=0.7210056185722351, 50%=0.7408133745193481, 75%=0.7580187320709229, 90%=0.7783373594284058, 95%=0.8047270774841309, 98%=0.8109671473503113
ranking_best_algo: CMApara
ranking_best_score: 0.7459277895312499
ranking_my_rank: 14/504 (97.4%)
ranking_my_percent: 97.42063492063492
