ConfigName: kjsd__advperagentrankweighted__M3__L16__eps0p005__g0p0007__ds0p05__dm0p1
Problem: QUBO
Kernel: jsd
Advantage: peragentrankweighted
M: 3
lambda: 16
epsilon_svgd: 0.005
gamma: 0.0007
decay_start_ratio: 0.05
decay_min_factor: 0.1
bandwith_kernel: None
no_interact: False
avg_score: -415.0199890136719
median_score: -419.5
std_score: 28.889436721801758
percentiles: 2%=-473.0400085449219, 5%=-457.1000061035156, 10%=-452.0, 25%=-433.25, 50%=-419.5, 75%=-393.5, 90%=-377.6000061035156, 95%=-365.6000061035156, 98%=-349.9599914550781
ranking_best_algo: Tabu
ranking_best_score: 438.12
ranking_my_rank: 51/504 (90.1%)
ranking_my_percent: 90.07936507936508
