ConfigName: kfr__advglobalrankweighted__M4__L15__eps0p015__g0p007__ds0p01__dm0p01
Problem: QUBO
Kernel: fr
Advantage: globalrankweighted
M: 4
lambda: 15
epsilon_svgd: 0.015
gamma: 0.007
decay_start_ratio: 0.01
decay_min_factor: 0.01
bandwith_kernel: None
no_interact: False
avg_score: -139.1199951171875
median_score: -139.0
std_score: 11.140270233154297
percentiles: 2%=-158.02000427246094, 5%=-158.0, 10%=-155.10000610351562, 25%=-147.0, 50%=-139.0, 75%=-130.75, 90%=-126.80000305175781, 95%=-124.80001831054688, 98%=-115.0
ranking_best_algo: DiscreteDE
ranking_best_score: 143.4
ranking_my_rank: 88/504 (82.7%)
ranking_my_percent: 82.73809523809524
