ConfigName: kjsd__advperagentrankweighted__M3__L18__eps0p01__g0p0007__ds0p1__dm0p05
Problem: NK
Kernel: jsd
Advantage: peragentrankweighted
M: 3
lambda: 18
epsilon_svgd: 0.01
gamma: 0.0007
decay_start_ratio: 0.1
decay_min_factor: 0.05
bandwith_kernel: None
no_interact: False
avg_score: 0.7552353143692017
median_score: 0.7546011805534363
std_score: 0.011655494570732117
percentiles: 2%=0.7330397963523865, 5%=0.7374631762504578, 10%=0.7406309843063354, 25%=0.7467475533485413, 50%=0.7546011805534363, 75%=0.7633880376815796, 90%=0.7707877159118652, 95%=0.775107741355896, 98%=0.7790309190750122
ranking_best_algo: Tabu
ranking_best_score: 0.7470791764843752
ranking_my_rank: 1/504 (100.0%)
ranking_my_percent: 100.0
