ConfigName: kjsd__advperagentrankweighted__M4__L10__eps0p01__g0p0005__ds0p2__dm0p05
Problem: NK
Kernel: jsd
Advantage: peragentrankweighted
M: 4
lambda: 10
epsilon_svgd: 0.01
gamma: 0.0005
decay_start_ratio: 0.2
decay_min_factor: 0.05
bandwith_kernel: None
no_interact: False
avg_score: 0.7344167828559875
median_score: 0.7356561422348022
std_score: 0.009007377550005913
percentiles: 2%=0.7169265747070312, 5%=0.7184765934944153, 10%=0.7213669419288635, 25%=0.7274655699729919, 50%=0.7356561422348022, 75%=0.7410413026809692, 90%=0.7452455163002014, 95%=0.7463126182556152, 98%=0.7502507567405701
ranking_best_algo: PBIL
ranking_best_score: 0.730509098125
ranking_my_rank: 1/504 (100.0%)
ranking_my_percent: 100.0
