ConfigName: kjsd__advperagentrankweighted__M3__L30__eps0p005__g0p001__ds0p2__dm0p05
Problem: NK
Kernel: jsd
Advantage: peragentrankweighted
M: 3
lambda: 30
epsilon_svgd: 0.005
gamma: 0.001
decay_start_ratio: 0.2
decay_min_factor: 0.05
bandwith_kernel: None
no_interact: False
avg_score: 0.7070525288581848
median_score: 0.7087969779968262
std_score: 0.011806502006947994
percentiles: 2%=0.6877263188362122, 5%=0.6889718174934387, 10%=0.6921830773353577, 25%=0.6957284212112427, 50%=0.7087969779968262, 75%=0.7177858948707581, 90%=0.720897376537323, 95%=0.7239745855331421, 98%=0.7247680425643921
ranking_best_algo: PBIL
ranking_best_score: 0.7013553837109374
ranking_my_rank: 1/504 (100.0%)
ranking_my_percent: 100.0
