ConfigName: kjsd__advperagentrankweighted__M3__L18__eps0p01__g0p0005__ds0p1__dm0p1
Problem: QUBO
Kernel: jsd
Advantage: peragentrankweighted
M: 3
lambda: 18
epsilon_svgd: 0.01
gamma: 0.0005
decay_start_ratio: 0.1
decay_min_factor: 0.1
bandwith_kernel: None
no_interact: False
avg_score: -1622.800048828125
median_score: -1624.5
std_score: 60.28615188598633
percentiles: 2%=-1735.280029296875, 5%=-1718.0999755859375, 10%=-1697.199951171875, 25%=-1662.5, 50%=-1624.5, 75%=-1579.5, 90%=-1536.800048828125, 95%=-1523.6500244140625, 98%=-1509.93994140625
ranking_best_algo: NLOPT_LN_PRAXIS
ranking_best_score: 1607.12
ranking_my_rank: 1/504 (100.0%)
ranking_my_percent: 100.0
