ConfigName: krbf__advnormalizedfitness__M3__L12__eps0p033__g0p007__ds0p3__dm0p01
Problem: NK
Kernel: rbf
Advantage: normalizedfitness
M: 3
lambda: 12
epsilon_svgd: 0.033
gamma: 0.007
decay_start_ratio: 0.3
decay_min_factor: 0.01
bandwith_kernel: None
no_interact: False
avg_score: 0.6941004395484924
median_score: 0.6915791034698486
std_score: 0.01901054196059704
percentiles: 2%=0.6626864671707153, 5%=0.6689504981040955, 10%=0.6706386208534241, 25%=0.6810349822044373, 50%=0.6915791034698486, 75%=0.7053005695343018, 90%=0.7230402827262878, 95%=0.731948733329773, 98%=0.7360405325889587
ranking_best_algo: PBIL
ranking_best_score: 0.7170882103515624
ranking_my_rank: 87/504 (82.9%)
ranking_my_percent: 82.93650793650794
