ConfigName: kjsd__advperagentrankweighted__M5__L8__eps0p005__g0p0005__ds0p05__dm0p2
Problem: QUBO
Kernel: jsd
Advantage: peragentrankweighted
M: 5
lambda: 8
epsilon_svgd: 0.005
gamma: 0.0005
decay_start_ratio: 0.05
decay_min_factor: 0.2
bandwith_kernel: None
no_interact: False
avg_score: -332.32000732421875
median_score: -334.0
std_score: 17.849863052368164
percentiles: 2%=-372.0, 5%=-357.20001220703125, 10%=-353.1000061035156, 25%=-343.0, 50%=-334.0, 75%=-320.0, 90%=-308.0, 95%=-304.0, 98%=-293.94000244140625
ranking_best_algo: CMApara
ranking_best_score: 344.22
ranking_my_rank: 72/504 (85.9%)
ranking_my_percent: 85.91269841269842
