ConfigName: kfr__advglobalrankweighted__M4__L13__eps0p01__g0p007__ds0p01__dm0p01
Problem: NK
Kernel: fr
Advantage: globalrankweighted
M: 4
lambda: 13
epsilon_svgd: 0.01
gamma: 0.007
decay_start_ratio: 0.01
decay_min_factor: 0.01
bandwith_kernel: None
no_interact: False
avg_score: 0.734550416469574
median_score: 0.7350777387619019
std_score: 0.008401991799473763
percentiles: 2%=0.7161062955856323, 5%=0.7181565761566162, 10%=0.7226291298866272, 25%=0.7299774885177612, 50%=0.7350777387619019, 75%=0.7412230372428894, 90%=0.7446537017822266, 95%=0.7460048794746399, 98%=0.7471754550933838
ranking_best_algo: PBIL
ranking_best_score: 0.730509098125
ranking_my_rank: 1/504 (100.0%)
ranking_my_percent: 100.0
