ConfigName: krbf__advnormalizedfitness__M2__L8__eps0p015__g0p005__ds0p01__dm0p01
Problem: NK
Kernel: rbf
Advantage: normalizedfitness
M: 2
lambda: 8
epsilon_svgd: 0.015
gamma: 0.005
decay_start_ratio: 0.01
decay_min_factor: 0.01
bandwith_kernel: None
no_interact: False
avg_score: 0.7060132026672363
median_score: 0.708731472492218
std_score: 0.011819552630186081
percentiles: 2%=0.686987042427063, 5%=0.6882763504981995, 10%=0.6893357038497925, 25%=0.6943297386169434, 50%=0.708731472492218, 75%=0.7158359289169312, 90%=0.720289945602417, 95%=0.7216650247573853, 98%=0.7236465215682983
ranking_best_algo: PBIL
ranking_best_score: 0.7013553837109374
ranking_my_rank: 1/504 (100.0%)
ranking_my_percent: 100.0
