ConfigName: kjsd__advperagentrankweighted__M2__L20__eps0p005__g0p0005__ds0p1__dm0p1
Problem: NK
Kernel: jsd
Advantage: peragentrankweighted
M: 2
lambda: 20
epsilon_svgd: 0.005
gamma: 0.0005
decay_start_ratio: 0.1
decay_min_factor: 0.1
bandwith_kernel: None
no_interact: False
avg_score: 0.7339866757392883
median_score: 0.7363672256469727
std_score: 0.008951879106462002
percentiles: 2%=0.7159262299537659, 5%=0.716894805431366, 10%=0.7184207439422607, 25%=0.7278802394866943, 50%=0.7363672256469727, 75%=0.7398765683174133, 90%=0.7439835071563721, 95%=0.7455194592475891, 98%=0.7468430995941162
ranking_best_algo: PBIL
ranking_best_score: 0.730509098125
ranking_my_rank: 1/504 (100.0%)
ranking_my_percent: 100.0
