ConfigName: kjsd__advperagentrankweighted__M5__L24__eps0p008__g0p0005__ds0p3__dm0p05
Problem: QUBO
Kernel: jsd
Advantage: peragentrankweighted
M: 5
lambda: 24
epsilon_svgd: 0.008
gamma: 0.0005
decay_start_ratio: 0.3
decay_min_factor: 0.05
bandwith_kernel: None
no_interact: False
avg_score: -332.6000061035156
median_score: -337.0
std_score: 22.13684844970703
percentiles: 2%=-372.0, 5%=-372.0, 10%=-357.0, 25%=-347.0, 50%=-337.0, 75%=-320.0, 90%=-297.70001220703125, 95%=-291.8999938964844, 98%=-287.9800109863281
ranking_best_algo: CMApara
ranking_best_score: 344.22
ranking_my_rank: 70/504 (86.3%)
ranking_my_percent: 86.30952380952381
