ConfigName: kfr__advglobalrankweighted__M3__L11__eps0p01__g0p005__ds0p01__dm0p01
Problem: QUBO
Kernel: fr
Advantage: globalrankweighted
M: 3
lambda: 11
epsilon_svgd: 0.01
gamma: 0.005
decay_start_ratio: 0.01
decay_min_factor: 0.01
bandwith_kernel: None
no_interact: False
avg_score: -427.17999267578125
median_score: -427.5
std_score: 26.459169387817383
percentiles: 2%=-475.0, 5%=-471.0, 10%=-465.0, 25%=-447.0, 50%=-427.5, 75%=-411.25, 90%=-390.70001220703125, 95%=-384.9000244140625, 98%=-381.6399230957031
ranking_best_algo: CMAL3
ranking_best_score: 435.36
ranking_my_rank: 19/504 (96.4%)
ranking_my_percent: 96.42857142857143
