ConfigName: krbf__advnormalizedfitness__M3__L10__eps0p015__g0p015__ds0p01__dm0p01
Problem: QUBO
Kernel: rbf
Advantage: normalizedfitness
M: 3
lambda: 10
epsilon_svgd: 0.015
gamma: 0.015
decay_start_ratio: 0.01
decay_min_factor: 0.01
bandwith_kernel: None
no_interact: False
avg_score: -2184.06005859375
median_score: -2177.5
std_score: 169.70091247558594
percentiles: 2%=-2505.919921875, 5%=-2451.25, 10%=-2405.60009765625, 25%=-2306.5, 50%=-2177.5, 75%=-2055.75, 90%=-1962.9000244140625, 95%=-1927.9000244140625, 98%=-1917.5399169921875
ranking_best_algo: SVM1MetaModelLogNormal
ranking_best_score: 2605.14
ranking_my_rank: 191/504 (62.3%)
ranking_my_percent: 62.301587301587304
