ConfigName: kfr__advglobalrankweighted__M5__L10__eps0p015__g0p005__ds0p01__dm0p01
Problem: QUBO
Kernel: fr
Advantage: globalrankweighted
M: 5
lambda: 10
epsilon_svgd: 0.015
gamma: 0.005
decay_start_ratio: 0.01
decay_min_factor: 0.01
bandwith_kernel: None
no_interact: False
avg_score: -415.6600036621094
median_score: -415.5
std_score: 26.338647842407227
percentiles: 2%=-467.1199951171875, 5%=-459.0, 10%=-452.0, 25%=-431.0, 50%=-415.5, 75%=-398.0, 90%=-379.79998779296875, 95%=-374.0, 98%=-369.9599914550781
ranking_best_algo: Tabu
ranking_best_score: 438.12
ranking_my_rank: 49/504 (90.5%)
ranking_my_percent: 90.47619047619048
