ConfigName: krbf__advnormalizedfitness__M4__L15__eps0p025__g0p015__ds0p15__dm0p01
Problem: NK
Kernel: rbf
Advantage: normalizedfitness
M: 4
lambda: 15
epsilon_svgd: 0.025
gamma: 0.015
decay_start_ratio: 0.15
decay_min_factor: 0.01
bandwith_kernel: None
no_interact: False
avg_score: 0.7064064741134644
median_score: 0.7075744867324829
std_score: 0.015557953156530857
percentiles: 2%=0.6661758422851562, 5%=0.6684656143188477, 10%=0.6918360590934753, 25%=0.7021582126617432, 50%=0.7075744867324829, 75%=0.7178336381912231, 90%=0.7227984070777893, 95%=0.727076530456543, 98%=0.7281055450439453
ranking_best_algo: CMApara
ranking_best_score: 0.707475975
ranking_my_rank: 2/504 (99.8%)
ranking_my_percent: 99.8015873015873
