ConfigName: kfr__advglobalrankweighted__M4__L24__eps0p01__g0p007__ds0p01__dm0p01
Problem: QUBO
Kernel: fr
Advantage: globalrankweighted
M: 4
lambda: 24
epsilon_svgd: 0.01
gamma: 0.007
decay_start_ratio: 0.01
decay_min_factor: 0.01
bandwith_kernel: None
no_interact: False
avg_score: -191.67999267578125
median_score: -191.0
std_score: 15.25442886352539
percentiles: 2%=-224.0, 5%=-216.0, 10%=-208.10000610351562, 25%=-205.0, 50%=-191.0, 75%=-182.0, 90%=-174.89999389648438, 95%=-161.90000915527344, 98%=-159.0
ranking_best_algo: Tabu
ranking_best_score: 208.36000000000004
ranking_my_rank: 232/504 (54.2%)
ranking_my_percent: 54.166666666666664
