ConfigName: kfr__advglobalrankweighted__M2__L11__eps0p01__g0p003__ds0p01__dm0p01
Problem: QUBO
Kernel: fr
Advantage: globalrankweighted
M: 2
lambda: 11
epsilon_svgd: 0.01
gamma: 0.003
decay_start_ratio: 0.01
decay_min_factor: 0.01
bandwith_kernel: None
no_interact: False
avg_score: -304.5799865722656
median_score: -304.0
std_score: 39.51586151123047
percentiles: 2%=-386.1600036621094, 5%=-384.0, 10%=-357.5999755859375, 25%=-328.0, 50%=-304.0, 75%=-271.5, 90%=-260.0, 95%=-243.90000915527344, 98%=-242.0
ranking_best_algo: CMApara
ranking_best_score: 319.29999999999995
ranking_my_rank: 137/504 (73.0%)
ranking_my_percent: 73.01587301587301
