ConfigName: kjsd__advperagentrankweighted__M4__L30__eps0p01__g0p0007__ds0p2__dm0p05
Problem: NK
Kernel: jsd
Advantage: peragentrankweighted
M: 4
lambda: 30
epsilon_svgd: 0.01
gamma: 0.0007
decay_start_ratio: 0.2
decay_min_factor: 0.05
bandwith_kernel: None
no_interact: False
avg_score: 0.7042528986930847
median_score: 0.7023233771324158
std_score: 0.011349750682711601
percentiles: 2%=0.6890265941619873, 5%=0.6904493570327759, 10%=0.690996527671814, 25%=0.695972204208374, 50%=0.7023233771324158, 75%=0.7121011018753052, 90%=0.7194055914878845, 95%=0.7251034379005432, 98%=0.7300503849983215
ranking_best_algo: PBIL
ranking_best_score: 0.7170882103515624
ranking_my_rank: 62/504 (87.9%)
ranking_my_percent: 87.89682539682539
