ConfigName: kjsd__advperagentrankweighted__M5__L8__eps0p02__g0p0003__ds0p2__dm0p05
Problem: QUBO
Kernel: jsd
Advantage: peragentrankweighted
M: 5
lambda: 8
epsilon_svgd: 0.02
gamma: 0.0003
decay_start_ratio: 0.2
decay_min_factor: 0.05
bandwith_kernel: None
no_interact: False
avg_score: -3154.639892578125
median_score: -3148.0
std_score: 115.13154602050781
percentiles: 2%=-3419.3798828125, 5%=-3326.800048828125, 10%=-3302.10009765625, 25%=-3232.5, 50%=-3148.0, 75%=-3073.5, 90%=-3024.39990234375, 95%=-2956.949951171875, 98%=-2921.89990234375
ranking_best_algo: RLSOnePlusOne
ranking_best_score: 3316.5199999999995
ranking_my_rank: 63/504 (87.7%)
ranking_my_percent: 87.6984126984127
