ConfigName: kjsd__advperagentrankweighted__M4__L12__eps0p02__g0p0007__ds0p2__dm0p05
Problem: NK
Kernel: jsd
Advantage: peragentrankweighted
M: 4
lambda: 12
epsilon_svgd: 0.02
gamma: 0.0007
decay_start_ratio: 0.2
decay_min_factor: 0.05
bandwith_kernel: None
no_interact: False
avg_score: 0.7354381680488586
median_score: 0.7345746755599976
std_score: 0.013453217223286629
percentiles: 2%=0.7071016430854797, 5%=0.7128640413284302, 10%=0.7182089686393738, 25%=0.7269508838653564, 50%=0.7345746755599976, 75%=0.7451764345169067, 90%=0.7528616189956665, 95%=0.7583550214767456, 98%=0.760967493057251
ranking_best_algo: Tabu
ranking_best_score: 0.7601875690625
ranking_my_rank: 28/504 (94.6%)
ranking_my_percent: 94.64285714285714
