ConfigName: kjsd__advperagentrankweighted__M3__L30__eps0p007__g0p0005__ds0p1__dm0p2
Problem: QUBO
Kernel: jsd
Advantage: peragentrankweighted
M: 3
lambda: 30
epsilon_svgd: 0.007
gamma: 0.0005
decay_start_ratio: 0.1
decay_min_factor: 0.2
bandwith_kernel: None
no_interact: False
avg_score: -198.0800018310547
median_score: -199.0
std_score: 12.678864479064941
percentiles: 2%=-224.0, 5%=-221.0500030517578, 10%=-215.0, 25%=-207.0, 50%=-199.0, 75%=-187.75, 90%=-181.89999389648438, 95%=-178.0, 98%=-174.0
ranking_best_algo: Tabu
ranking_best_score: 208.36000000000004
ranking_my_rank: 103/504 (79.8%)
ranking_my_percent: 79.76190476190476
