ConfigName: kjsd__advperagentrankweighted__M5__L8__eps0p005__g0p0007__ds0p2__dm0p2
Problem: NK
Kernel: jsd
Advantage: peragentrankweighted
M: 5
lambda: 8
epsilon_svgd: 0.005
gamma: 0.0007
decay_start_ratio: 0.2
decay_min_factor: 0.2
bandwith_kernel: None
no_interact: False
avg_score: 0.7107273936271667
median_score: 0.7113574743270874
std_score: 0.015210323967039585
percentiles: 2%=0.671369194984436, 5%=0.6737521290779114, 10%=0.6954573392868042, 25%=0.7076038718223572, 50%=0.7113574743270874, 75%=0.7200911045074463, 90%=0.7255309820175171, 95%=0.7320330142974854, 98%=0.7333236336708069
ranking_best_algo: CMApara
ranking_best_score: 0.707475975
ranking_my_rank: 1/504 (100.0%)
ranking_my_percent: 100.0
