ConfigName: krbf__advnormalizedfitness__M2__L9__eps0p02__g0p005__ds0p01__dm0p01
Problem: QUBO
Kernel: rbf
Advantage: normalizedfitness
M: 2
lambda: 9
epsilon_svgd: 0.02
gamma: 0.005
decay_start_ratio: 0.01
decay_min_factor: 0.01
bandwith_kernel: None
no_interact: False
avg_score: -899.02001953125
median_score: -897.5
std_score: 61.70558547973633
percentiles: 2%=-1013.0999755859375, 5%=-1004.2000122070312, 10%=-989.2000122070312, 25%=-937.25, 50%=-897.5, 75%=-854.0, 90%=-820.0, 95%=-809.9500122070312, 98%=-774.4400024414062
ranking_best_algo: CMAL3
ranking_best_score: 928.5800000000002
ranking_my_rank: 70/504 (86.3%)
ranking_my_percent: 86.30952380952381
