ConfigName: kjsd__advperagentrankweighted__M3__L16__eps0p005__g0p001__ds0p2__dm0p05
Problem: QUBO
Kernel: jsd
Advantage: peragentrankweighted
M: 3
lambda: 16
epsilon_svgd: 0.005
gamma: 0.001
decay_start_ratio: 0.2
decay_min_factor: 0.05
bandwith_kernel: None
no_interact: False
avg_score: -583.8800048828125
median_score: -584.5
std_score: 26.760150909423828
percentiles: 2%=-635.0599975585938, 5%=-627.0999755859375, 10%=-621.0, 25%=-601.0, 50%=-584.5, 75%=-565.0, 90%=-550.7999877929688, 95%=-543.5999755859375, 98%=-529.8800048828125
ranking_best_algo: Tabu
ranking_best_score: 588.7199999999999
ranking_my_rank: 5/503 (99.2%)
ranking_my_percent: 99.20477137176938
