ConfigName: krbf__advnormalizedfitness__M3__L12__eps0p025__g0p01__ds0p01__dm0p3
Problem: QUBO
Kernel: rbf
Advantage: normalizedfitness
M: 3
lambda: 12
epsilon_svgd: 0.025
gamma: 0.01
decay_start_ratio: 0.01
decay_min_factor: 0.3
bandwith_kernel: None
no_interact: False
avg_score: -1387.5400390625
median_score: -1387.5
std_score: 108.92642974853516
percentiles: 2%=-1621.0999755859375, 5%=-1590.0999755859375, 10%=-1517.4000244140625, 25%=-1457.0, 50%=-1387.5, 75%=-1301.75, 90%=-1244.800048828125, 95%=-1220.550048828125, 98%=-1192.639892578125
ranking_best_algo: NLOPT_LN_PRAXIS
ranking_best_score: 1607.12
ranking_my_rank: 158/504 (68.8%)
ranking_my_percent: 68.84920634920636
