ConfigName: kfr__advglobalrankweighted__M1__L10__eps0p02__g0p005__ds0p01__dm0p01
Problem: QUBO
Kernel: fr
Advantage: globalrankweighted
M: 1
lambda: 10
epsilon_svgd: 0.02
gamma: 0.005
decay_start_ratio: 0.01
decay_min_factor: 0.01
bandwith_kernel: None
no_interact: False
avg_score: -1255.219970703125
median_score: -1252.5
std_score: 65.3569564819336
percentiles: 2%=-1381.0999755859375, 5%=-1358.3499755859375, 10%=-1336.0999755859375, 25%=-1297.0, 50%=-1252.5, 75%=-1209.5, 90%=-1180.4000244140625, 95%=-1156.9000244140625, 98%=-1125.1397705078125
ranking_best_algo: BigLognormalDiscreteOnePlusOne
ranking_best_score: 1301.3600000000004
ranking_my_rank: 54/504 (89.5%)
ranking_my_percent: 89.48412698412699
