ConfigName: kjsd__advperagentrankweighted__M4__L28__eps0p005__g0p0005__ds0p05__dm0p05
Problem: QUBO
Kernel: jsd
Advantage: peragentrankweighted
M: 4
lambda: 28
epsilon_svgd: 0.005
gamma: 0.0005
decay_start_ratio: 0.05
decay_min_factor: 0.05
bandwith_kernel: None
no_interact: False
avg_score: -2642.52001953125
median_score: -2649.5
std_score: 126.63384246826172
percentiles: 2%=-2915.10009765625, 5%=-2840.199951171875, 10%=-2783.800048828125, 25%=-2722.0, 50%=-2649.5, 75%=-2556.5, 90%=-2481.39990234375, 95%=-2454.0, 98%=-2355.639892578125
ranking_best_algo: DiscreteLengler2OnePlusOne
ranking_best_score: 2617.04
ranking_my_rank: 1/504 (100.0%)
ranking_my_percent: 100.0
