ConfigName: kjsd__advperagentrankweighted__M5__L8__eps0p005__g0p0005__ds0p4__dm0p2
Problem: QUBO
Kernel: jsd
Advantage: peragentrankweighted
M: 5
lambda: 8
epsilon_svgd: 0.005
gamma: 0.0005
decay_start_ratio: 0.4
decay_min_factor: 0.2
bandwith_kernel: None
no_interact: False
avg_score: -430.8399963378906
median_score: -430.0
std_score: 26.369953155517578
percentiles: 2%=-481.0400085449219, 5%=-477.0, 10%=-466.1000061035156, 25%=-449.5, 50%=-430.0, 75%=-410.75, 90%=-400.70001220703125, 95%=-395.79998779296875, 98%=-389.94000244140625
ranking_best_algo: CMAL3
ranking_best_score: 435.36
ranking_my_rank: 8/504 (98.6%)
ranking_my_percent: 98.61111111111111
