ConfigName: kjsd__advperagentrankweighted__M4__L20__eps0p005__g0p0005__ds0p2__dm0p1
Problem: QUBO
Kernel: jsd
Advantage: peragentrankweighted
M: 4
lambda: 20
epsilon_svgd: 0.005
gamma: 0.0005
decay_start_ratio: 0.2
decay_min_factor: 0.1
bandwith_kernel: None
no_interact: False
avg_score: -328.82000732421875
median_score: -327.0
std_score: 20.26345443725586
percentiles: 2%=-372.0, 5%=-361.54998779296875, 10%=-350.3999938964844, 25%=-342.0, 50%=-327.0, 75%=-316.0, 90%=-300.8999938964844, 95%=-293.95001220703125, 98%=-292.0
ranking_best_algo: CMApara
ranking_best_score: 344.22
ranking_my_rank: 83/504 (83.7%)
ranking_my_percent: 83.73015873015873
