ConfigName: kjsd__advperagentrankweighted__M3__L20__eps0p007__g0p003__ds0p05__dm0p05
Problem: QUBO
Kernel: jsd
Advantage: peragentrankweighted
M: 3
lambda: 20
epsilon_svgd: 0.007
gamma: 0.003
decay_start_ratio: 0.05
decay_min_factor: 0.05
bandwith_kernel: None
no_interact: False
avg_score: -3110.89990234375
median_score: -3102.5
std_score: 189.11654663085938
percentiles: 2%=-3544.679931640625, 5%=-3403.85009765625, 10%=-3338.60009765625, 25%=-3240.25, 50%=-3102.5, 75%=-2988.75, 90%=-2874.39990234375, 95%=-2806.0, 98%=-2780.93994140625
ranking_best_algo: RLSOnePlusOne
ranking_best_score: 3316.5199999999995
ranking_my_rank: 80/504 (84.3%)
ranking_my_percent: 84.32539682539682
