ConfigName: krbf__advnormalizedfitness__M3__L12__eps0p025__g0p007__ds0p01__dm0p01
Problem: NK
Kernel: rbf
Advantage: normalizedfitness
M: 3
lambda: 12
epsilon_svgd: 0.025
gamma: 0.007
decay_start_ratio: 0.01
decay_min_factor: 0.01
bandwith_kernel: None
no_interact: False
avg_score: 0.7583693861961365
median_score: 0.7568036317825317
std_score: 0.012023478746414185
percentiles: 2%=0.738734781742096, 5%=0.7397710084915161, 10%=0.741695761680603, 25%=0.7495005130767822, 50%=0.7568036317825317, 75%=0.7673242092132568, 90%=0.7756311893463135, 95%=0.7786955237388611, 98%=0.7826588749885559
ranking_best_algo: Tabu
ranking_best_score: 0.7470791764843752
ranking_my_rank: 1/504 (100.0%)
ranking_my_percent: 100.0
