ConfigName: kjsd__advperagentrankweighted__M5__L12__eps0p02__g0p0003__ds0p05__dm0p05
Problem: NK
Kernel: jsd
Advantage: peragentrankweighted
M: 5
lambda: 12
epsilon_svgd: 0.02
gamma: 0.0003
decay_start_ratio: 0.05
decay_min_factor: 0.05
bandwith_kernel: None
no_interact: False
avg_score: 0.7073824405670166
median_score: 0.7093845009803772
std_score: 0.015479877591133118
percentiles: 2%=0.6680760383605957, 5%=0.6702942848205566, 10%=0.692817747592926, 25%=0.701870322227478, 50%=0.7093845009803772, 75%=0.7158718109130859, 90%=0.7232877016067505, 95%=0.731120765209198, 98%=0.7317908406257629
ranking_best_algo: CMApara
ranking_best_score: 0.707475975
ranking_my_rank: 2/504 (99.8%)
ranking_my_percent: 99.8015873015873
