ConfigName: kjsd__advperagentrankweighted__M3__L16__eps0p007__g0p0007__ds0p1__dm0p2
Problem: QUBO
Kernel: jsd
Advantage: peragentrankweighted
M: 3
lambda: 16
epsilon_svgd: 0.007
gamma: 0.0007
decay_start_ratio: 0.1
decay_min_factor: 0.2
bandwith_kernel: None
no_interact: False
avg_score: -198.82000732421875
median_score: -200.0
std_score: 12.005314826965332
percentiles: 2%=-224.0, 5%=-222.10000610351562, 10%=-213.1999969482422, 25%=-205.0, 50%=-200.0, 75%=-190.0, 90%=-183.89999389648438, 95%=-178.85000610351562, 98%=-174.9600067138672
ranking_best_algo: Tabu
ranking_best_score: 208.36000000000004
ranking_my_rank: 89/504 (82.5%)
ranking_my_percent: 82.53968253968254
