ConfigName: kfr__advglobalrankweighted__M4__L11__eps0p015__g0p007__ds0p01__dm0p01
Problem: QUBO
Kernel: fr
Advantage: globalrankweighted
M: 4
lambda: 11
epsilon_svgd: 0.015
gamma: 0.007
decay_start_ratio: 0.01
decay_min_factor: 0.01
bandwith_kernel: None
no_interact: False
avg_score: -440.5400085449219
median_score: -446.0
std_score: 28.118114471435547
percentiles: 2%=-492.0, 5%=-479.20001220703125, 10%=-472.0, 25%=-462.0, 50%=-446.0, 75%=-420.75, 90%=-397.8999938964844, 95%=-391.95001220703125, 98%=-381.9599914550781
ranking_best_algo: CMApara
ranking_best_score: 453.82
ranking_my_rank: 14/504 (97.4%)
ranking_my_percent: 97.42063492063492
