ConfigName: krbf__advnormalizedfitness__M2__L10__eps0p025__g0p01__ds0p01__dm0p01
Problem: QUBO
Kernel: rbf
Advantage: normalizedfitness
M: 2
lambda: 10
epsilon_svgd: 0.025
gamma: 0.01
decay_start_ratio: 0.01
decay_min_factor: 0.01
bandwith_kernel: None
no_interact: False
avg_score: -926.3400268554688
median_score: -923.0
std_score: 68.53862762451172
percentiles: 2%=-1072.0799560546875, 5%=-1037.550048828125, 10%=-1011.2000122070312, 25%=-968.25, 50%=-923.0, 75%=-878.25, 90%=-850.7999877929688, 95%=-797.9500122070312, 98%=-796.8400268554688
ranking_best_algo: CMApara
ranking_best_score: 964.9
ranking_my_rank: 21/504 (96.0%)
ranking_my_percent: 96.03174603174604
