ConfigName: kjsd__advperagentrankweighted__M6__L12__eps0p008__g0p0005__ds0p3__dm0p05
Problem: QUBO
Kernel: jsd
Advantage: peragentrankweighted
M: 6
lambda: 12
epsilon_svgd: 0.008
gamma: 0.0005
decay_start_ratio: 0.3
decay_min_factor: 0.05
bandwith_kernel: None
no_interact: False
avg_score: -428.8399963378906
median_score: -426.0
std_score: 26.24070167541504
percentiles: 2%=-481.0799865722656, 5%=-473.1000061035156, 10%=-467.0, 25%=-449.0, 50%=-426.0, 75%=-413.0, 90%=-394.0, 95%=-388.8500061035156, 98%=-379.760009765625
ranking_best_algo: CMAL3
ranking_best_score: 435.36
ranking_my_rank: 14/504 (97.4%)
ranking_my_percent: 97.42063492063492
