ConfigName: kjsd__advperagentrankweighted__M3__L24__eps0p007__g0p0005__ds0p05__dm0p1
Problem: QUBO
Kernel: jsd
Advantage: peragentrankweighted
M: 3
lambda: 24
epsilon_svgd: 0.007
gamma: 0.0005
decay_start_ratio: 0.05
decay_min_factor: 0.1
bandwith_kernel: None
no_interact: False
avg_score: -930.3800048828125
median_score: -931.5
std_score: 65.6203842163086
percentiles: 2%=-1044.43994140625, 5%=-1035.3499755859375, 10%=-1018.0999755859375, 25%=-975.25, 50%=-931.5, 75%=-881.0, 90%=-845.9000244140625, 95%=-826.7999877929688, 98%=-795.0
ranking_best_algo: CMApara
ranking_best_score: 964.9
ranking_my_rank: 19/504 (96.4%)
ranking_my_percent: 96.42857142857143
