ConfigName: kjsd__advperagentrankweighted__M3__L18__eps0p005__g0p003__ds0p2__dm0p1
Problem: NK
Kernel: jsd
Advantage: peragentrankweighted
M: 3
lambda: 18
epsilon_svgd: 0.005
gamma: 0.003
decay_start_ratio: 0.2
decay_min_factor: 0.1
bandwith_kernel: None
no_interact: False
avg_score: 0.7325196862220764
median_score: 0.732131838798523
std_score: 0.009228968061506748
percentiles: 2%=0.7139450311660767, 5%=0.7185680866241455, 10%=0.7205843329429626, 25%=0.7263180017471313, 50%=0.732131838798523, 75%=0.7404537200927734, 90%=0.7446981072425842, 95%=0.7457010746002197, 98%=0.7475897669792175
ranking_best_algo: PBIL
ranking_best_score: 0.730509098125
ranking_my_rank: 1/504 (100.0%)
ranking_my_percent: 100.0
