ConfigName: kjsd__advperagentrankweighted__M3__L18__eps0p005__g0p003__ds0p2__dm0p1
Problem: NK
Kernel: jsd
Advantage: peragentrankweighted
M: 3
lambda: 18
epsilon_svgd: 0.005
gamma: 0.003
decay_start_ratio: 0.2
decay_min_factor: 0.1
bandwith_kernel: None
no_interact: False
avg_score: 0.7161679267883301
median_score: 0.7171711921691895
std_score: 0.011193265207111835
percentiles: 2%=0.6905467510223389, 5%=0.6994233727455139, 10%=0.7025639414787292, 25%=0.7085956931114197, 50%=0.7171711921691895, 75%=0.7247182130813599, 90%=0.7289255261421204, 95%=0.732422411441803, 98%=0.7358000874519348
ranking_best_algo: PBIL
ranking_best_score: 0.7248786399609374
ranking_my_rank: 47/504 (90.9%)
ranking_my_percent: 90.87301587301587
