ConfigName: kjsd__advperagentrankweighted__M3__L16__eps0p005__g0p0005__ds0p05__dm0p1
Problem: QUBO
Kernel: jsd
Advantage: peragentrankweighted
M: 3
lambda: 16
epsilon_svgd: 0.005
gamma: 0.0005
decay_start_ratio: 0.05
decay_min_factor: 0.1
bandwith_kernel: None
no_interact: False
avg_score: -3319.260009765625
median_score: -3312.0
std_score: 115.50415802001953
percentiles: 2%=-3539.56005859375, 5%=-3506.60009765625, 10%=-3462.199951171875, 25%=-3390.5, 50%=-3312.0, 75%=-3246.5, 90%=-3171.800048828125, 95%=-3142.64990234375, 98%=-3130.739990234375
ranking_best_algo: RLSOnePlusOne
ranking_best_score: 3316.5199999999995
ranking_my_rank: 1/504 (100.0%)
ranking_my_percent: 100.0
