ConfigName: kjsd__advperagentrankweighted__M3__L18__eps0p007__g0p0007__ds0p2__dm0p1
Problem: NK
Kernel: jsd
Advantage: peragentrankweighted
M: 3
lambda: 18
epsilon_svgd: 0.007
gamma: 0.0007
decay_start_ratio: 0.2
decay_min_factor: 0.1
bandwith_kernel: None
no_interact: False
avg_score: 0.7331204414367676
median_score: 0.7326236963272095
std_score: 0.009339005686342716
percentiles: 2%=0.7150347828865051, 5%=0.7190209627151489, 10%=0.7217779755592346, 25%=0.727147102355957, 50%=0.7326236963272095, 75%=0.7384417057037354, 90%=0.7447811961174011, 95%=0.7496405243873596, 98%=0.7528142333030701
ranking_best_algo: Tabu
ranking_best_score: 0.7429702712499999
ranking_my_rank: 2/504 (99.8%)
ranking_my_percent: 99.8015873015873
