ConfigName: krbf__advnormalizedfitness__M4__L10__eps0p015__g0p005__ds0p15__dm0p01
Problem: QUBO
Kernel: rbf
Advantage: normalizedfitness
M: 4
lambda: 10
epsilon_svgd: 0.015
gamma: 0.005
decay_start_ratio: 0.15
decay_min_factor: 0.01
bandwith_kernel: None
no_interact: False
avg_score: -2436.340087890625
median_score: -2437.5
std_score: 156.57997131347656
percentiles: 2%=-2731.0400390625, 5%=-2714.699951171875, 10%=-2643.39990234375, 25%=-2526.25, 50%=-2437.5, 75%=-2335.0, 90%=-2240.10009765625, 95%=-2195.050048828125, 98%=-2157.5
ranking_best_algo: DiscreteLengler2OnePlusOne
ranking_best_score: 2617.04
ranking_my_rank: 126/504 (75.2%)
ranking_my_percent: 75.1984126984127
