ConfigName: kjsd__advperagentrankweighted__M5__L10__eps0p02__g0p0005__ds0p2__dm0p05
Problem: NK
Kernel: jsd
Advantage: peragentrankweighted
M: 5
lambda: 10
epsilon_svgd: 0.02
gamma: 0.0005
decay_start_ratio: 0.2
decay_min_factor: 0.05
bandwith_kernel: None
no_interact: False
avg_score: 0.7507093548774719
median_score: 0.7506159543991089
std_score: 0.013643168844282627
percentiles: 2%=0.7262149453163147, 5%=0.728634774684906, 10%=0.733635425567627, 25%=0.7410008907318115, 50%=0.7506159543991089, 75%=0.7602156400680542, 90%=0.7679710984230042, 95%=0.771781861782074, 98%=0.7789339423179626
ranking_best_algo: Tabu
ranking_best_score: 0.7657846284375001
ranking_my_rank: 21/504 (96.0%)
ranking_my_percent: 96.03174603174604
