ConfigName: krbf__advnormalizedfitness__M3__L12__eps0p025__g0p005__ds0p3__dm0p01
Problem: NK
Kernel: rbf
Advantage: normalizedfitness
M: 3
lambda: 12
epsilon_svgd: 0.025
gamma: 0.005
decay_start_ratio: 0.3
decay_min_factor: 0.01
bandwith_kernel: None
no_interact: False
avg_score: 0.7430392503738403
median_score: 0.7439972758293152
std_score: 0.013770482502877712
percentiles: 2%=0.7121915221214294, 5%=0.7192505598068237, 10%=0.725459098815918, 25%=0.735171377658844, 50%=0.7439972758293152, 75%=0.7510083317756653, 90%=0.759558916091919, 95%=0.7670814990997314, 98%=0.7689945101737976
ranking_best_algo: Tabu
ranking_best_score: 0.7601875690625
ranking_my_rank: 8/504 (98.6%)
ranking_my_percent: 98.61111111111111
