ConfigName: krbf__advnormalizedfitness__M1__L8__eps0p015__g0p01__ds0p01__dm0p3
Problem: QUBO
Kernel: rbf
Advantage: normalizedfitness
M: 1
lambda: 8
epsilon_svgd: 0.015
gamma: 0.01
decay_start_ratio: 0.01
decay_min_factor: 0.3
bandwith_kernel: None
no_interact: False
avg_score: -397.05999755859375
median_score: -397.5
std_score: 31.053443908691406
percentiles: 2%=-454.1000061035156, 5%=-449.1499938964844, 10%=-434.29998779296875, 25%=-420.5, 50%=-397.5, 75%=-374.0, 90%=-357.79998779296875, 95%=-348.0, 98%=-343.9599914550781
ranking_best_algo: Tabu
ranking_best_score: 438.12
ranking_my_rank: 231/504 (54.4%)
ranking_my_percent: 54.36507936507937
