ConfigName: krbf__advnormalizedfitness__M4__L24__eps0p025__g0p01__ds0p05__dm0p05
Problem: NK
Kernel: rbf
Advantage: normalizedfitness
M: 4
lambda: 24
epsilon_svgd: 0.025
gamma: 0.01
decay_start_ratio: 0.05
decay_min_factor: 0.05
bandwith_kernel: None
no_interact: False
avg_score: 0.7114391326904297
median_score: 0.7008610367774963
std_score: 0.03171674162149429
percentiles: 2%=0.6734684705734253, 5%=0.6740481853485107, 10%=0.67891526222229, 25%=0.6824176907539368, 50%=0.7008610367774963, 75%=0.7467960119247437, 90%=0.753008246421814, 95%=0.7613165378570557, 98%=0.7613165378570557
ranking_best_algo: CMApara
ranking_best_score: 0.7118996098437498
ranking_my_rank: 2/504 (99.8%)
ranking_my_percent: 99.8015873015873
