ConfigName: kfr__advglobalrankweighted__M3__L11__eps0p02__g0p003__ds0p01__dm0p01
Problem: QUBO
Kernel: fr
Advantage: globalrankweighted
M: 3
lambda: 11
epsilon_svgd: 0.02
gamma: 0.003
decay_start_ratio: 0.01
decay_min_factor: 0.01
bandwith_kernel: None
no_interact: False
avg_score: -1176.5400390625
median_score: -1179.5
std_score: 64.57498168945312
percentiles: 2%=-1317.5999755859375, 5%=-1277.0999755859375, 10%=-1261.199951171875, 25%=-1216.5, 50%=-1179.5, 75%=-1131.75, 90%=-1089.699951171875, 95%=-1075.550048828125, 98%=-1054.719970703125
ranking_best_algo: Tabu
ranking_best_score: 1216.16
ranking_my_rank: 82/504 (83.9%)
ranking_my_percent: 83.92857142857143
