ConfigName: kjsd__advperagentrankweighted__M6__L28__eps0p008__g0p0005__ds0p05__dm0p05
Problem: QUBO
Kernel: jsd
Advantage: peragentrankweighted
M: 6
lambda: 28
epsilon_svgd: 0.008
gamma: 0.0005
decay_start_ratio: 0.05
decay_min_factor: 0.05
bandwith_kernel: None
no_interact: False
avg_score: -908.5
median_score: -902.5
std_score: 64.63040924072266
percentiles: 2%=-1042.02001953125, 5%=-1026.0999755859375, 10%=-999.2000122070312, 25%=-949.5, 50%=-902.5, 75%=-859.5, 90%=-821.0, 95%=-815.0, 98%=-795.9400024414062
ranking_best_algo: CMAL3
ranking_best_score: 928.5800000000002
ranking_my_rank: 29/504 (94.4%)
ranking_my_percent: 94.44444444444444
