ConfigName: kjsd__advperagentrankweighted__M3__L18__eps0p007__g0p003__ds0p1__dm0p2
Problem: QUBO
Kernel: jsd
Advantage: peragentrankweighted
M: 3
lambda: 18
epsilon_svgd: 0.007
gamma: 0.003
decay_start_ratio: 0.1
decay_min_factor: 0.2
bandwith_kernel: None
no_interact: False
avg_score: -561.0800170898438
median_score: -562.5
std_score: 31.110023498535156
percentiles: 2%=-629.0800170898438, 5%=-611.2999877929688, 10%=-595.7000122070312, 25%=-579.0, 50%=-562.5, 75%=-539.75, 90%=-522.9000244140625, 95%=-504.95001220703125, 98%=-494.94000244140625
ranking_best_algo: Tabu
ranking_best_score: 588.7199999999999
ranking_my_rank: 97/503 (80.9%)
ranking_my_percent: 80.9145129224652
