ConfigName: kjsd__advperagentrankweighted__M4__L20__eps0p005__g0p001__ds0p1__dm0p05
Problem: NK
Kernel: jsd
Advantage: peragentrankweighted
M: 4
lambda: 20
epsilon_svgd: 0.005
gamma: 0.001
decay_start_ratio: 0.1
decay_min_factor: 0.05
bandwith_kernel: None
no_interact: False
avg_score: 0.7183747291564941
median_score: 0.7161962985992432
std_score: 0.01415637880563736
percentiles: 2%=0.6942267417907715, 5%=0.6950693130493164, 10%=0.7021722793579102, 25%=0.7082169651985168, 50%=0.7161962985992432, 75%=0.7298401594161987, 90%=0.7384087443351746, 95%=0.743672788143158, 98%=0.7467601895332336
ranking_best_algo: Tabu
ranking_best_score: 0.7429702712499999
ranking_my_rank: 54/504 (89.5%)
ranking_my_percent: 89.48412698412699
