ConfigName: kjsd__advperagentrankweighted__M3__L16__eps0p01__g0p0005__ds0p2__dm0p05
Problem: QUBO
Kernel: jsd
Advantage: peragentrankweighted
M: 3
lambda: 16
epsilon_svgd: 0.01
gamma: 0.0005
decay_start_ratio: 0.2
decay_min_factor: 0.05
bandwith_kernel: None
no_interact: False
avg_score: -1183.02001953125
median_score: -1173.0
std_score: 57.988441467285156
percentiles: 2%=-1287.280029296875, 5%=-1281.0999755859375, 10%=-1267.199951171875, 25%=-1222.25, 50%=-1173.0, 75%=-1141.75, 90%=-1116.0, 95%=-1095.9000244140625, 98%=-1091.300048828125
ranking_best_algo: Tabu
ranking_best_score: 1216.16
ranking_my_rank: 65/504 (87.3%)
ranking_my_percent: 87.3015873015873
