ConfigName: krbf__advnormalizedfitness__M2__L8__eps0p015__g0p005__ds0p01__dm0p01
Problem: QUBO
Kernel: rbf
Advantage: normalizedfitness
M: 2
lambda: 8
epsilon_svgd: 0.015
gamma: 0.005
decay_start_ratio: 0.01
decay_min_factor: 0.01
bandwith_kernel: None
no_interact: False
avg_score: -306.79998779296875
median_score: -303.0
std_score: 40.491973876953125
percentiles: 2%=-392.0799865722656, 5%=-388.1000061035156, 10%=-359.20001220703125, 25%=-332.0, 50%=-303.0, 75%=-273.0, 90%=-260.0, 95%=-253.85000610351562, 98%=-242.97999572753906
ranking_best_algo: CMApara
ranking_best_score: 319.29999999999995
ranking_my_rank: 112/504 (78.0%)
ranking_my_percent: 77.97619047619048
