ConfigName: krbf__advnormalizedfitness__M3__L8__eps0p033__g0p015__ds0p01__dm0p01
Problem: QUBO
Kernel: rbf
Advantage: normalizedfitness
M: 3
lambda: 8
epsilon_svgd: 0.033
gamma: 0.015
decay_start_ratio: 0.01
decay_min_factor: 0.01
bandwith_kernel: None
no_interact: False
avg_score: -2577.800048828125
median_score: -2587.5
std_score: 159.90821838378906
percentiles: 2%=-2877.0400390625, 5%=-2805.14990234375, 10%=-2800.0, 25%=-2671.25, 50%=-2587.5, 75%=-2476.0, 90%=-2383.699951171875, 95%=-2325.300048828125, 98%=-2224.919677734375
ranking_best_algo: DiscreteLengler2OnePlusOne
ranking_best_score: 2617.04
ranking_my_rank: 47/504 (90.9%)
ranking_my_percent: 90.87301587301587
