ConfigName: krbf__advnormalizedfitness__M3__L8__eps0p025__g0p007__ds0p3__dm0p01
Problem: QUBO
Kernel: rbf
Advantage: normalizedfitness
M: 3
lambda: 8
epsilon_svgd: 0.025
gamma: 0.007
decay_start_ratio: 0.3
decay_min_factor: 0.01
bandwith_kernel: None
no_interact: False
avg_score: -139.27999877929688
median_score: -140.0
std_score: 11.567264556884766
percentiles: 2%=-158.02000427246094, 5%=-157.0, 10%=-155.10000610351562, 25%=-150.0, 50%=-140.0, 75%=-129.0, 90%=-125.0, 95%=-120.95000457763672, 98%=-116.91998291015625
ranking_best_algo: DiscreteDE
ranking_best_score: 143.4
ranking_my_rank: 86/504 (83.1%)
ranking_my_percent: 83.13492063492063
