ConfigName: kjsd__advperagentrankweighted__M3__L16__eps0p01__g0p0005__ds0p1__dm0p2
Problem: NK
Kernel: jsd
Advantage: peragentrankweighted
M: 3
lambda: 16
epsilon_svgd: 0.01
gamma: 0.0005
decay_start_ratio: 0.1
decay_min_factor: 0.2
bandwith_kernel: None
no_interact: False
avg_score: 0.732502818107605
median_score: 0.733652651309967
std_score: 0.008650770410895348
percentiles: 2%=0.7139002680778503, 5%=0.7171148061752319, 10%=0.7193369269371033, 25%=0.7273886203765869, 50%=0.733652651309967, 75%=0.7394126057624817, 90%=0.7426016926765442, 95%=0.7447487115859985, 98%=0.7477933764457703
ranking_best_algo: PBIL
ranking_best_score: 0.7248786399609374
ranking_my_rank: 1/504 (100.0%)
ranking_my_percent: 100.0
