ConfigName: kfr__advglobalrankweighted__M4__L5__eps0p05__g0p003__ds0p01__dm0p01
Problem: NK
Kernel: fr
Advantage: globalrankweighted
M: 4
lambda: 5
epsilon_svgd: 0.05
gamma: 0.003
decay_start_ratio: 0.01
decay_min_factor: 0.01
bandwith_kernel: None
no_interact: False
avg_score: 0.7426326870918274
median_score: 0.7407999038696289
std_score: 0.011995742097496986
percentiles: 2%=0.7230984568595886, 5%=0.7258143424987793, 10%=0.7284162640571594, 25%=0.7342532277107239, 50%=0.7407999038696289, 75%=0.7511506080627441, 90%=0.7597017288208008, 95%=0.7658122777938843, 98%=0.7671489119529724
ranking_best_algo: Tabu
ranking_best_score: 0.7470791764843752
ranking_my_rank: 4/504 (99.4%)
ranking_my_percent: 99.4047619047619
