ConfigName: krbf__advnormalizedfitness__M4__L8__eps0p025__g0p005__ds0p01__dm0p01
Problem: QUBO
Kernel: rbf
Advantage: normalizedfitness
M: 4
lambda: 8
epsilon_svgd: 0.025
gamma: 0.005
decay_start_ratio: 0.01
decay_min_factor: 0.01
bandwith_kernel: None
no_interact: False
avg_score: -1562.1800537109375
median_score: -1563.0
std_score: 75.41105651855469
percentiles: 2%=-1728.0799560546875, 5%=-1680.4000244140625, 10%=-1659.800048828125, 25%=-1608.75, 50%=-1563.0, 75%=-1511.75, 90%=-1456.800048828125, 95%=-1448.9000244140625, 98%=-1433.0
ranking_best_algo: NLOPT_LN_PRAXIS
ranking_best_score: 1607.12
ranking_my_rank: 49/504 (90.5%)
ranking_my_percent: 90.47619047619048
