ConfigName: krbf__advnormalizedfitness__M3__L8__eps0p025__g0p01__ds0p01__dm0p3
Problem: QUBO
Kernel: rbf
Advantage: normalizedfitness
M: 3
lambda: 8
epsilon_svgd: 0.025
gamma: 0.01
decay_start_ratio: 0.01
decay_min_factor: 0.3
bandwith_kernel: None
no_interact: False
avg_score: -1183.780029296875
median_score: -1181.0
std_score: 74.10271453857422
percentiles: 2%=-1338.0999755859375, 5%=-1315.050048828125, 10%=-1279.300048828125, 25%=-1237.5, 50%=-1181.0, 75%=-1132.0, 90%=-1088.9000244140625, 95%=-1076.800048828125, 98%=-1040.4798583984375
ranking_best_algo: SVMMetaModelLogNormal
ranking_best_score: 1233.7999999999997
ranking_my_rank: 62/504 (87.9%)
ranking_my_percent: 87.89682539682539
