ConfigName: kjsd__advperagentrankweighted__M5__L12__eps0p008__g0p0005__ds0p3__dm0p05
Problem: NK
Kernel: jsd
Advantage: peragentrankweighted
M: 5
lambda: 12
epsilon_svgd: 0.008
gamma: 0.0005
decay_start_ratio: 0.3
decay_min_factor: 0.05
bandwith_kernel: None
no_interact: False
avg_score: 0.7450462579727173
median_score: 0.7417961359024048
std_score: 0.027425173670053482
percentiles: 2%=0.7067694067955017, 5%=0.7097707390785217, 10%=0.7134937644004822, 25%=0.724064826965332, 50%=0.7417961359024048, 75%=0.7607155442237854, 90%=0.7783373594284058, 95%=0.8044298887252808, 98%=0.8067094087600708
ranking_best_algo: CMApara
ranking_best_score: 0.7459277895312499
ranking_my_rank: 2/504 (99.8%)
ranking_my_percent: 99.8015873015873
