ConfigName: kjsd__advperagentrankweighted__M3__L16__eps0p007__g0p0007__ds0p2__dm0p05
Problem: NK
Kernel: jsd
Advantage: peragentrankweighted
M: 3
lambda: 16
epsilon_svgd: 0.007
gamma: 0.0007
decay_start_ratio: 0.2
decay_min_factor: 0.05
bandwith_kernel: None
no_interact: False
avg_score: 0.7530907392501831
median_score: 0.7530562877655029
std_score: 0.012236546725034714
percentiles: 2%=0.7220439910888672, 5%=0.734475314617157, 10%=0.7376476526260376, 25%=0.7456777095794678, 50%=0.7530562877655029, 75%=0.7614704370498657, 90%=0.7686924338340759, 95%=0.7706331014633179, 98%=0.7750370502471924
ranking_best_algo: Tabu
ranking_best_score: 0.7470791764843752
ranking_my_rank: 1/504 (100.0%)
ranking_my_percent: 100.0
