ConfigName: kjsd__advperagentrankweighted__M6__L12__eps0p008__g0p0005__ds0p05__dm0p05
Problem: NK
Kernel: jsd
Advantage: peragentrankweighted
M: 6
lambda: 12
epsilon_svgd: 0.008
gamma: 0.0005
decay_start_ratio: 0.05
decay_min_factor: 0.05
bandwith_kernel: None
no_interact: False
avg_score: 0.7299625277519226
median_score: 0.7280826568603516
std_score: 0.010169394314289093
percentiles: 2%=0.7141417860984802, 5%=0.716349720954895, 10%=0.7180072069168091, 25%=0.7222738265991211, 50%=0.7280826568603516, 75%=0.7358348965644836, 90%=0.7423535585403442, 95%=0.7497233152389526, 98%=0.7536143660545349
ranking_best_algo: Tabu
ranking_best_score: 0.7429702712499999
ranking_my_rank: 2/504 (99.8%)
ranking_my_percent: 99.8015873015873
