ConfigName: kjsd__advperagentrankweighted__M5__L10__eps0p02__g0p0005__ds0p2__dm0p05
Problem: NK
Kernel: jsd
Advantage: peragentrankweighted
M: 5
lambda: 10
epsilon_svgd: 0.02
gamma: 0.0005
decay_start_ratio: 0.2
decay_min_factor: 0.05
bandwith_kernel: None
no_interact: False
avg_score: 0.7470636963844299
median_score: 0.7460496425628662
std_score: 0.011920597404241562
percentiles: 2%=0.7236570715904236, 5%=0.7307253479957581, 10%=0.7321968078613281, 25%=0.7389011979103088, 50%=0.7460496425628662, 75%=0.7553685903549194, 90%=0.7651737928390503, 95%=0.7665769457817078, 98%=0.7692626118659973
ranking_best_algo: Tabu
ranking_best_score: 0.7470791764843752
ranking_my_rank: 2/504 (99.8%)
ranking_my_percent: 99.8015873015873
