ConfigName: kjsd__advperagentrankweighted__M6__L12__eps0p005__g0p0005__ds0p05__dm0p05
Problem: QUBO
Kernel: jsd
Advantage: peragentrankweighted
M: 6
lambda: 12
epsilon_svgd: 0.005
gamma: 0.0005
decay_start_ratio: 0.05
decay_min_factor: 0.05
bandwith_kernel: None
no_interact: False
avg_score: -3225.699951171875
median_score: -3233.5
std_score: 148.70652770996094
percentiles: 2%=-3484.739990234375, 5%=-3463.050048828125, 10%=-3416.0, 25%=-3341.5, 50%=-3233.5, 75%=-3124.5, 90%=-3021.60009765625, 95%=-2972.550048828125, 98%=-2922.260009765625
ranking_best_algo: RLSOnePlusOne
ranking_best_score: 3316.5199999999995
ranking_my_rank: 43/504 (91.7%)
ranking_my_percent: 91.66666666666667
