ConfigName: kfr__advglobalrankweighted__M1__L8__eps0p01__g0p007__ds0p01__dm0p01
Problem: QUBO
Kernel: fr
Advantage: globalrankweighted
M: 1
lambda: 8
epsilon_svgd: 0.01
gamma: 0.007
decay_start_ratio: 0.01
decay_min_factor: 0.01
bandwith_kernel: None
no_interact: False
avg_score: -298.44000244140625
median_score: -292.0
std_score: 41.06636428833008
percentiles: 2%=-392.0, 5%=-382.1000061035156, 10%=-353.5999755859375, 25%=-323.0, 50%=-292.0, 75%=-266.75, 90%=-246.0, 95%=-242.0, 98%=-237.95999145507812
ranking_best_algo: CMApara
ranking_best_score: 319.29999999999995
ranking_my_rank: 240/504 (52.6%)
ranking_my_percent: 52.57936507936508
