ConfigName: krbf__advnormalizedfitness__M3__L12__eps0p015__g0p007__ds0p15__dm0p3
Problem: QUBO
Kernel: rbf
Advantage: normalizedfitness
M: 3
lambda: 12
epsilon_svgd: 0.015
gamma: 0.007
decay_start_ratio: 0.15
decay_min_factor: 0.3
bandwith_kernel: None
no_interact: False
avg_score: -846.9000244140625
median_score: -844.5
std_score: 76.21292114257812
percentiles: 2%=-991.0399780273438, 5%=-972.0499877929688, 10%=-954.0999755859375, 25%=-896.0, 50%=-844.5, 75%=-786.75, 90%=-756.5999755859375, 95%=-739.8500366210938, 98%=-691.7399291992188
ranking_best_algo: CMAL3
ranking_best_score: 928.5800000000002
ranking_my_rank: 220/504 (56.5%)
ranking_my_percent: 56.54761904761905
