ConfigName: kjsd__advperagentrankweighted__M5__L12__eps0p02__g0p0007__ds0p2__dm0p05
Problem: NK
Kernel: jsd
Advantage: peragentrankweighted
M: 5
lambda: 12
epsilon_svgd: 0.02
gamma: 0.0007
decay_start_ratio: 0.2
decay_min_factor: 0.05
bandwith_kernel: None
no_interact: False
avg_score: 0.7284181714057922
median_score: 0.7281798124313354
std_score: 0.00825429242104292
percentiles: 2%=0.7098248600959778, 5%=0.7167586088180542, 10%=0.7182165384292603, 25%=0.7222976088523865, 50%=0.7281798124313354, 75%=0.733731746673584, 90%=0.7397948503494263, 95%=0.742479681968689, 98%=0.7449695467948914
ranking_best_algo: Tabu
ranking_best_score: 0.7429702712499999
ranking_my_rank: 2/504 (99.8%)
ranking_my_percent: 99.8015873015873
