ConfigName: krbf__advnormalizedfitness__M2__L8__eps0p015__g0p015__ds0p15__dm0p01
Problem: QUBO
Kernel: rbf
Advantage: normalizedfitness
M: 2
lambda: 8
epsilon_svgd: 0.015
gamma: 0.015
decay_start_ratio: 0.15
decay_min_factor: 0.01
bandwith_kernel: None
no_interact: False
avg_score: -2597.280029296875
median_score: -2589.0
std_score: 139.89825439453125
percentiles: 2%=-2842.06005859375, 5%=-2826.050048828125, 10%=-2793.300048828125, 25%=-2698.0, 50%=-2589.0, 75%=-2496.5, 90%=-2405.699951171875, 95%=-2362.60009765625, 98%=-2347.919921875
ranking_best_algo: DiscreteLengler2OnePlusOne
ranking_best_score: 2617.04
ranking_my_rank: 35/504 (93.3%)
ranking_my_percent: 93.25396825396825
