ConfigName: kfr__advglobalrankweighted__M4__L13__eps0p03__g0p007__ds0p01__dm0p01
Problem: QUBO
Kernel: fr
Advantage: globalrankweighted
M: 4
lambda: 13
epsilon_svgd: 0.03
gamma: 0.007
decay_start_ratio: 0.01
decay_min_factor: 0.01
bandwith_kernel: None
no_interact: False
avg_score: -424.4200134277344
median_score: -423.0
std_score: 27.234237670898438
percentiles: 2%=-475.0, 5%=-471.0, 10%=-462.0, 25%=-441.0, 50%=-423.0, 75%=-408.75, 90%=-389.0, 95%=-378.6000061035156, 98%=-367.9200134277344
ranking_best_algo: CMAL3
ranking_best_score: 435.36
ranking_my_rank: 30/504 (94.2%)
ranking_my_percent: 94.24603174603175
