ConfigName: krbf__advnormalizedfitness__M3__L12__eps0p033__g0p005__ds0p01__dm0p3
Problem: NK
Kernel: rbf
Advantage: normalizedfitness
M: 3
lambda: 12
epsilon_svgd: 0.033
gamma: 0.005
decay_start_ratio: 0.01
decay_min_factor: 0.3
bandwith_kernel: None
no_interact: False
avg_score: 0.7073851227760315
median_score: 0.7101144790649414
std_score: 0.011758757755160332
percentiles: 2%=0.6893142461776733, 5%=0.6906850934028625, 10%=0.6913186311721802, 25%=0.6956138014793396, 50%=0.7101144790649414, 75%=0.7174478769302368, 90%=0.7217960953712463, 95%=0.7234167456626892, 98%=0.7250224947929382
ranking_best_algo: PBIL
ranking_best_score: 0.7013553837109374
ranking_my_rank: 1/504 (100.0%)
ranking_my_percent: 100.0
