ConfigName: krbf__advnormalizedfitness__M1__L10__eps0p015__g0p01__ds0p15__dm0p3
Problem: NK
Kernel: rbf
Advantage: normalizedfitness
M: 1
lambda: 10
epsilon_svgd: 0.015
gamma: 0.01
decay_start_ratio: 0.15
decay_min_factor: 0.3
bandwith_kernel: None
no_interact: False
avg_score: 0.7277478575706482
median_score: 0.7273982763290405
std_score: 0.0069868192076683044
percentiles: 2%=0.7143790125846863, 5%=0.7165704369544983, 10%=0.7187848091125488, 25%=0.7230111360549927, 50%=0.7273982763290405, 75%=0.731775164604187, 90%=0.7364434003829956, 95%=0.7396484017372131, 98%=0.7427695989608765
ranking_best_algo: PBIL
ranking_best_score: 0.7170882103515624
ranking_my_rank: 1/504 (100.0%)
ranking_my_percent: 100.0
