ConfigName: kjsd__advperagentrankweighted__M3__L16__eps0p01__g0p0005__ds0p2__dm0p2
Problem: NK
Kernel: jsd
Advantage: peragentrankweighted
M: 3
lambda: 16
epsilon_svgd: 0.01
gamma: 0.0005
decay_start_ratio: 0.2
decay_min_factor: 0.2
bandwith_kernel: None
no_interact: False
avg_score: 0.7413990497589111
median_score: 0.7407538890838623
std_score: 0.009127696976065636
percentiles: 2%=0.7228282690048218, 5%=0.7278352379798889, 10%=0.7305123805999756, 25%=0.7351031303405762, 50%=0.7407538890838623, 75%=0.7473025321960449, 90%=0.7534801363945007, 95%=0.7564894556999207, 98%=0.7584521770477295
ranking_best_algo: PBIL
ranking_best_score: 0.733570253046875
ranking_my_rank: 1/504 (100.0%)
ranking_my_percent: 100.0
