ConfigName: krbf__advnormalizedfitness__M3__L8__eps0p025__g0p005__ds0p05__dm0p05
Problem: QUBO
Kernel: rbf
Advantage: normalizedfitness
M: 3
lambda: 8
epsilon_svgd: 0.025
gamma: 0.005
decay_start_ratio: 0.05
decay_min_factor: 0.05
bandwith_kernel: None
no_interact: False
avg_score: -1276.300048828125
median_score: -1264.5
std_score: 58.50615310668945
percentiles: 2%=-1409.3199462890625, 5%=-1400.050048828125, 10%=-1366.5999755859375, 25%=-1309.25, 50%=-1264.5, 75%=-1233.0, 90%=-1210.5999755859375, 95%=-1199.75, 98%=-1193.9000244140625
ranking_best_algo: BigLognormalDiscreteOnePlusOne
ranking_best_score: 1301.3600000000004
ranking_my_rank: 33/504 (93.7%)
ranking_my_percent: 93.65079365079364
