ConfigName: kjsd__advperagentrankweighted__M3__L20__eps0p007__g0p0007__ds0p1__dm0p1
Problem: NK
Kernel: jsd
Advantage: peragentrankweighted
M: 3
lambda: 20
epsilon_svgd: 0.007
gamma: 0.0007
decay_start_ratio: 0.1
decay_min_factor: 0.1
bandwith_kernel: None
no_interact: False
avg_score: 0.7075284719467163
median_score: 0.7100910544395447
std_score: 0.011785169132053852
percentiles: 2%=0.6879693865776062, 5%=0.689085841178894, 10%=0.692523181438446, 25%=0.6965345144271851, 50%=0.7100910544395447, 75%=0.7178043723106384, 90%=0.7207493782043457, 95%=0.7231395840644836, 98%=0.7246992588043213
ranking_best_algo: PBIL
ranking_best_score: 0.7013553837109374
ranking_my_rank: 1/504 (100.0%)
ranking_my_percent: 100.0
