ConfigName: kfr__advglobalrankweighted__M5__L8__eps0p02__g0p007__ds0p01__dm0p01
Problem: QUBO
Kernel: fr
Advantage: globalrankweighted
M: 5
lambda: 8
epsilon_svgd: 0.02
gamma: 0.007
decay_start_ratio: 0.01
decay_min_factor: 0.01
bandwith_kernel: None
no_interact: False
avg_score: -1181.260009765625
median_score: -1171.0
std_score: 63.968994140625
percentiles: 2%=-1355.1600341796875, 5%=-1326.550048828125, 10%=-1251.5, 25%=-1220.25, 50%=-1171.0, 75%=-1138.25, 90%=-1110.0, 95%=-1099.75, 98%=-1086.739990234375
ranking_best_algo: Tabu
ranking_best_score: 1216.16
ranking_my_rank: 66/504 (87.1%)
ranking_my_percent: 87.10317460317461
