ConfigName: krbf__advnormalizedfitness__M4__L15__eps0p015__g0p015__ds0p15__dm0p01
Problem: QUBO
Kernel: rbf
Advantage: normalizedfitness
M: 4
lambda: 15
epsilon_svgd: 0.015
gamma: 0.015
decay_start_ratio: 0.15
decay_min_factor: 0.01
bandwith_kernel: None
no_interact: False
avg_score: -512.0999755859375
median_score: -497.0
std_score: 55.66300582885742
percentiles: 2%=-663.239990234375, 5%=-621.0, 10%=-587.7000122070312, 25%=-540.0, 50%=-497.0, 75%=-474.0, 90%=-454.79998779296875, 95%=-447.3500671386719, 98%=-428.94000244140625
ranking_best_algo: NLOPT_LN_PRAXIS
ranking_best_score: 1607.12
ranking_my_rank: 393/504 (22.2%)
ranking_my_percent: 22.22222222222222
