ConfigName: kjsd__advperagentrankweighted__M6__L12__eps0p005__g0p0005__ds0p3__dm0p05
Problem: QUBO
Kernel: jsd
Advantage: peragentrankweighted
M: 6
lambda: 12
epsilon_svgd: 0.005
gamma: 0.0005
decay_start_ratio: 0.3
decay_min_factor: 0.05
bandwith_kernel: None
no_interact: False
avg_score: -1572.260009765625
median_score: -1575.0
std_score: 71.5661392211914
percentiles: 2%=-1697.1400146484375, 5%=-1689.050048828125, 10%=-1668.5, 25%=-1627.75, 50%=-1575.0, 75%=-1523.25, 90%=-1477.0, 95%=-1460.6500244140625, 98%=-1434.6400146484375
ranking_best_algo: NLOPT_LN_PRAXIS
ranking_best_score: 1607.12
ranking_my_rank: 45/504 (91.3%)
ranking_my_percent: 91.26984126984127
