ConfigName: kfr__advglobalrankweighted__M1__L11__eps0p015__g0p007__ds0p01__dm0p01
Problem: QUBO
Kernel: fr
Advantage: globalrankweighted
M: 1
lambda: 11
epsilon_svgd: 0.015
gamma: 0.007
decay_start_ratio: 0.01
decay_min_factor: 0.01
bandwith_kernel: None
no_interact: False
avg_score: -1593.0999755859375
median_score: -1592.0
std_score: 63.61202621459961
percentiles: 2%=-1720.06005859375, 5%=-1700.6500244140625, 10%=-1664.199951171875, 25%=-1636.0, 50%=-1592.0, 75%=-1549.75, 90%=-1516.4000244140625, 95%=-1496.4000244140625, 98%=-1476.97998046875
ranking_best_algo: NLOPT_LN_PRAXIS
ranking_best_score: 1607.12
ranking_my_rank: 38/504 (92.7%)
ranking_my_percent: 92.65873015873017
