ConfigName: kjsd__advperagentrankweighted__M3__L20__eps0p007__g0p0005__ds0p1__dm0p1
Problem: NK
Kernel: jsd
Advantage: peragentrankweighted
M: 3
lambda: 20
epsilon_svgd: 0.007
gamma: 0.0005
decay_start_ratio: 0.1
decay_min_factor: 0.1
bandwith_kernel: None
no_interact: False
avg_score: 0.7464922070503235
median_score: 0.7448353171348572
std_score: 0.010063190013170242
percentiles: 2%=0.7291034460067749, 5%=0.7316440343856812, 10%=0.7351329922676086, 25%=0.7399723529815674, 50%=0.7448353171348572, 75%=0.7521398067474365, 90%=0.7612704634666443, 95%=0.7640200257301331, 98%=0.7678102850914001
ranking_best_algo: PBIL
ranking_best_score: 0.733570253046875
ranking_my_rank: 1/504 (100.0%)
ranking_my_percent: 100.0
