ConfigName: krbf__advnormalizedfitness__M3__L8__eps0p033__g0p01__ds0p01__dm0p3
Problem: QUBO
Kernel: rbf
Advantage: normalizedfitness
M: 3
lambda: 8
epsilon_svgd: 0.033
gamma: 0.01
decay_start_ratio: 0.01
decay_min_factor: 0.3
bandwith_kernel: None
no_interact: False
avg_score: -441.29998779296875
median_score: -442.0
std_score: 27.554855346679688
percentiles: 2%=-489.05999755859375, 5%=-481.1499938964844, 10%=-475.20001220703125, 25%=-462.25, 50%=-442.0, 75%=-423.0, 90%=-406.0, 95%=-399.95001220703125, 98%=-379.7199401855469
ranking_best_algo: CMApara
ranking_best_score: 453.82
ranking_my_rank: 11/504 (98.0%)
ranking_my_percent: 98.01587301587301
