ConfigName: krbf__advnormalizedfitness__M3__L24__eps0p025__g0p005__ds0p05__dm0p05
Problem: QUBO
Kernel: rbf
Advantage: normalizedfitness
M: 3
lambda: 24
epsilon_svgd: 0.025
gamma: 0.005
decay_start_ratio: 0.05
decay_min_factor: 0.05
bandwith_kernel: None
no_interact: False
avg_score: -426.1600036621094
median_score: -425.0
std_score: 28.428407669067383
percentiles: 2%=-477.0799865722656, 5%=-475.0, 10%=-468.5, 25%=-441.25, 50%=-425.0, 75%=-410.0, 90%=-389.8999938964844, 95%=-382.0, 98%=-363.8399963378906
ranking_best_algo: CMAL3
ranking_best_score: 435.36
ranking_my_rank: 23/504 (95.6%)
ranking_my_percent: 95.63492063492063
