ConfigName: kjsd__advperagentrankweighted__M5__L8__eps0p02__g0p0005__ds0p05__dm0p05
Problem: QUBO
Kernel: jsd
Advantage: peragentrankweighted
M: 5
lambda: 8
epsilon_svgd: 0.02
gamma: 0.0005
decay_start_ratio: 0.05
decay_min_factor: 0.05
bandwith_kernel: None
no_interact: False
avg_score: -309.17999267578125
median_score: -310.0
std_score: 37.161373138427734
percentiles: 2%=-388.0, 5%=-384.0, 10%=-348.6000061035156, 25%=-336.0, 50%=-310.0, 75%=-274.75, 90%=-266.0, 95%=-259.79998779296875, 98%=-253.97999572753906
ranking_best_algo: CMApara
ranking_best_score: 319.29999999999995
ranking_my_rank: 81/504 (84.1%)
ranking_my_percent: 84.12698412698413
