ConfigName: krbf__advnormalizedfitness__M2__L6__eps0p01__g0p006__ds0p01__dm0p01
Problem: QUBO
Kernel: rbf
Advantage: normalizedfitness
M: 2
lambda: 6
epsilon_svgd: 0.01
gamma: 0.006
decay_start_ratio: 0.01
decay_min_factor: 0.01
bandwith_kernel: None
no_interact: False
avg_score: -328.5
median_score: -331.5
std_score: 22.55548667907715
percentiles: 2%=-372.0, 5%=-354.3500061035156, 10%=-350.3999938964844, 25%=-343.0, 50%=-331.5, 75%=-317.75, 90%=-295.8999938964844, 95%=-285.7500305175781, 98%=-280.0
ranking_best_algo: CMApara
ranking_best_score: 344.22
ranking_my_rank: 83/504 (83.7%)
ranking_my_percent: 83.73015873015873
