ConfigName: krbf__advnormalizedfitness__M3__L8__eps0p03__g0p001__ds0p05__dm0p05
Problem: QUBO
Kernel: rbf
Advantage: normalizedfitness
M: 3
lambda: 8
epsilon_svgd: 0.03
gamma: 0.001
decay_start_ratio: 0.05
decay_min_factor: 0.05
bandwith_kernel: None
no_interact: False
avg_score: -415.3800048828125
median_score: -413.0
std_score: 26.393474578857422
percentiles: 2%=-467.0799865722656, 5%=-461.1000061035156, 10%=-450.0, 25%=-435.25, 50%=-413.0, 75%=-395.0, 90%=-381.70001220703125, 95%=-375.0, 98%=-372.9800109863281
ranking_best_algo: CMApara
ranking_best_score: 453.82
ranking_my_rank: 190/504 (62.5%)
ranking_my_percent: 62.5
