ConfigName: kfr__advglobalrankweighted__M3__L8__eps0p02__g0p005__ds0p01__dm0p01
Problem: QUBO
Kernel: fr
Advantage: globalrankweighted
M: 3
lambda: 8
epsilon_svgd: 0.02
gamma: 0.005
decay_start_ratio: 0.01
decay_min_factor: 0.01
bandwith_kernel: None
no_interact: False
avg_score: -1176.800048828125
median_score: -1180.0
std_score: 63.85060501098633
percentiles: 2%=-1301.8399658203125, 5%=-1285.300048828125, 10%=-1257.0, 25%=-1212.25, 50%=-1180.0, 75%=-1130.75, 90%=-1094.9000244140625, 95%=-1069.800048828125, 98%=-1060.0
ranking_best_algo: Tabu
ranking_best_score: 1216.16
ranking_my_rank: 82/504 (83.9%)
ranking_my_percent: 83.92857142857143
