ConfigName: krbf__advnormalizedfitness__M4__L10__eps0p025__g0p007__ds0p15__dm0p01
Problem: NK
Kernel: rbf
Advantage: normalizedfitness
M: 4
lambda: 10
epsilon_svgd: 0.025
gamma: 0.007
decay_start_ratio: 0.15
decay_min_factor: 0.01
bandwith_kernel: None
no_interact: False
avg_score: 0.7378526926040649
median_score: 0.738856315612793
std_score: 0.008585606701672077
percentiles: 2%=0.7203905582427979, 5%=0.7227265238761902, 10%=0.7245903015136719, 25%=0.7334874868392944, 50%=0.738856315612793, 75%=0.7432892918586731, 90%=0.7483158111572266, 95%=0.7501863241195679, 98%=0.7520837187767029
ranking_best_algo: PBIL
ranking_best_score: 0.730509098125
ranking_my_rank: 1/504 (100.0%)
ranking_my_percent: 100.0
