ConfigName: kjsd__advperagentrankweighted__M3__L16__eps0p005__g0p001__ds0p2__dm0p2
Problem: QUBO
Kernel: jsd
Advantage: peragentrankweighted
M: 3
lambda: 16
epsilon_svgd: 0.005
gamma: 0.001
decay_start_ratio: 0.2
decay_min_factor: 0.2
bandwith_kernel: None
no_interact: False
avg_score: -1604.760009765625
median_score: -1602.5
std_score: 69.45734405517578
percentiles: 2%=-1752.719970703125, 5%=-1723.199951171875, 10%=-1691.5999755859375, 25%=-1652.5, 50%=-1602.5, 75%=-1558.25, 90%=-1512.5999755859375, 95%=-1498.5999755859375, 98%=-1484.6800537109375
ranking_best_algo: NLOPT_LN_PRAXIS
ranking_best_score: 1607.12
ranking_my_rank: 11/504 (98.0%)
ranking_my_percent: 98.01587301587301
