ConfigName: krbf__advnormalizedfitness__M4__L12__eps0p033__g0p005__ds0p3__dm0p01
Problem: NK
Kernel: rbf
Advantage: normalizedfitness
M: 4
lambda: 12
epsilon_svgd: 0.033
gamma: 0.005
decay_start_ratio: 0.3
decay_min_factor: 0.01
bandwith_kernel: None
no_interact: False
avg_score: 0.7069165706634521
median_score: 0.7085909843444824
std_score: 0.011588550172746181
percentiles: 2%=0.6886056065559387, 5%=0.6902509927749634, 10%=0.6912585496902466, 25%=0.6958212852478027, 50%=0.7085909843444824, 75%=0.7170230150222778, 90%=0.7213590741157532, 95%=0.7227203845977783, 98%=0.7232964634895325
ranking_best_algo: PBIL
ranking_best_score: 0.7013553837109374
ranking_my_rank: 1/504 (100.0%)
ranking_my_percent: 100.0
