ConfigName: krbf__advnormalizedfitness__M2__L8__eps0p015__g0p005__ds0p3__dm0p01
Problem: NK
Kernel: rbf
Advantage: normalizedfitness
M: 2
lambda: 8
epsilon_svgd: 0.015
gamma: 0.005
decay_start_ratio: 0.3
decay_min_factor: 0.01
bandwith_kernel: None
no_interact: False
avg_score: 0.7384848594665527
median_score: 0.740331768989563
std_score: 0.015559856779873371
percentiles: 2%=0.7091249227523804, 5%=0.7126952409744263, 10%=0.7148812413215637, 25%=0.7295374274253845, 50%=0.740331768989563, 75%=0.7477894425392151, 90%=0.7590011954307556, 95%=0.7637308835983276, 98%=0.7671970725059509
ranking_best_algo: Tabu
ranking_best_score: 0.7601875690625
ranking_my_rank: 19/504 (96.4%)
ranking_my_percent: 96.42857142857143
