ConfigName: krbf__advnormalizedfitness__M3__L12__eps0p033__g0p01__ds0p01__dm0p01
Problem: QUBO
Kernel: rbf
Advantage: normalizedfitness
M: 3
lambda: 12
epsilon_svgd: 0.033
gamma: 0.01
decay_start_ratio: 0.01
decay_min_factor: 0.01
bandwith_kernel: None
no_interact: False
avg_score: -2492.56005859375
median_score: -2482.0
std_score: 136.8152313232422
percentiles: 2%=-2794.239990234375, 5%=-2723.800048828125, 10%=-2663.0, 25%=-2593.0, 50%=-2482.0, 75%=-2390.5, 90%=-2325.800048828125, 95%=-2304.449951171875, 98%=-2243.47998046875
ranking_best_algo: SVM1MetaModelLogNormal
ranking_best_score: 2605.14
ranking_my_rank: 66/504 (87.1%)
ranking_my_percent: 87.10317460317461
