ConfigName: kjsd__advperagentrankweighted__M3__L20__eps0p007__g0p0005__ds0p2__dm0p05
Problem: QUBO
Kernel: jsd
Advantage: peragentrankweighted
M: 3
lambda: 20
epsilon_svgd: 0.007
gamma: 0.0005
decay_start_ratio: 0.2
decay_min_factor: 0.05
bandwith_kernel: None
no_interact: False
avg_score: -1627.8800048828125
median_score: -1625.5
std_score: 58.24264144897461
percentiles: 2%=-1752.9599609375, 5%=-1716.800048828125, 10%=-1700.0999755859375, 25%=-1663.0, 50%=-1625.5, 75%=-1586.5, 90%=-1566.9000244140625, 95%=-1542.949951171875, 98%=-1512.52001953125
ranking_best_algo: NLOPT_LN_PRAXIS
ranking_best_score: 1607.12
ranking_my_rank: 1/504 (100.0%)
ranking_my_percent: 100.0
