ConfigName: kjsd__advperagentrankweighted__M5__L10__eps0p005__g0p0007__ds0p4__dm0p05
Problem: QUBO
Kernel: jsd
Advantage: peragentrankweighted
M: 5
lambda: 10
epsilon_svgd: 0.005
gamma: 0.0007
decay_start_ratio: 0.4
decay_min_factor: 0.05
bandwith_kernel: None
no_interact: False
avg_score: -200.47999572753906
median_score: -201.0
std_score: 11.975375175476074
percentiles: 2%=-224.0, 5%=-222.0, 10%=-219.0, 25%=-207.0, 50%=-201.0, 75%=-192.75, 90%=-185.0, 95%=-178.9499969482422, 98%=-177.97999572753906
ranking_best_algo: Tabu
ranking_best_score: 208.36000000000004
ranking_my_rank: 46/504 (91.1%)
ranking_my_percent: 91.07142857142857
