ConfigName: kfr__advglobalrankweighted__M5__L8__eps0p02__g0p003__ds0p01__dm0p01
Problem: QUBO
Kernel: fr
Advantage: globalrankweighted
M: 5
lambda: 8
epsilon_svgd: 0.02
gamma: 0.003
decay_start_ratio: 0.01
decay_min_factor: 0.01
bandwith_kernel: None
no_interact: False
avg_score: -905.760009765625
median_score: -895.0
std_score: 66.97314453125
percentiles: 2%=-1062.1600341796875, 5%=-1019.8499755859375, 10%=-996.4000244140625, 25%=-949.75, 50%=-895.0, 75%=-862.0, 90%=-825.9000244140625, 95%=-803.0, 98%=-782.8399658203125
ranking_best_algo: CMAL3
ranking_best_score: 928.5800000000002
ranking_my_rank: 62/504 (87.9%)
ranking_my_percent: 87.89682539682539
