ConfigName: kjsd__advperagentrankweighted__M5__L10__eps0p005__g0p0005__ds0p4__dm0p2
Problem: QUBO
Kernel: jsd
Advantage: peragentrankweighted
M: 5
lambda: 10
epsilon_svgd: 0.005
gamma: 0.0005
decay_start_ratio: 0.4
decay_min_factor: 0.2
bandwith_kernel: None
no_interact: False
avg_score: -1188.719970703125
median_score: -1189.5
std_score: 62.26829528808594
percentiles: 2%=-1339.0, 5%=-1317.0, 10%=-1258.300048828125, 25%=-1222.0, 50%=-1189.5, 75%=-1149.75, 90%=-1108.9000244140625, 95%=-1091.5999755859375, 98%=-1066.8599853515625
ranking_best_algo: Tabu
ranking_best_score: 1216.16
ranking_my_rank: 61/504 (88.1%)
ranking_my_percent: 88.0952380952381
