ConfigName: kjsd__advperagentrankweighted__M3__L16__eps0p007__g0p0007__ds0p05__dm0p05
Problem: QUBO
Kernel: jsd
Advantage: peragentrankweighted
M: 3
lambda: 16
epsilon_svgd: 0.007
gamma: 0.0007
decay_start_ratio: 0.05
decay_min_factor: 0.05
bandwith_kernel: None
no_interact: False
avg_score: -927.5800170898438
median_score: -921.0
std_score: 66.32317352294922
percentiles: 2%=-1060.280029296875, 5%=-1050.0, 10%=-1020.4000244140625, 25%=-967.75, 50%=-921.0, 75%=-872.75, 90%=-856.5999755859375, 95%=-832.2000122070312, 98%=-814.4400024414062
ranking_best_algo: CMApara
ranking_best_score: 964.9
ranking_my_rank: 21/504 (96.0%)
ranking_my_percent: 96.03174603174604
