ConfigName: krbf__advglobalrankweighted__M4__L10__eps0p015__g0p003__ds0p01__dm0p01
Problem: QUBO
Kernel: rbf
Advantage: globalrankweighted
M: 4
lambda: 10
epsilon_svgd: 0.015
gamma: 0.003
decay_start_ratio: 0.01
decay_min_factor: 0.01
bandwith_kernel: None
no_interact: False
avg_score: -1285.0799560546875
median_score: -1283.0
std_score: 64.77108764648438
percentiles: 2%=-1413.52001953125, 5%=-1393.199951171875, 10%=-1373.5, 25%=-1321.0, 50%=-1283.0, 75%=-1242.5, 90%=-1197.800048828125, 95%=-1170.9000244140625, 98%=-1164.9599609375
ranking_best_algo: BigLognormalDiscreteOnePlusOne
ranking_best_score: 1301.3600000000004
ranking_my_rank: 4/504 (99.4%)
ranking_my_percent: 99.4047619047619
