ConfigName: krbf__advnormalizedfitness__M1__L10__eps0p015__g0p005__ds0p15__dm0p01
Problem: QUBO
Kernel: rbf
Advantage: normalizedfitness
M: 1
lambda: 10
epsilon_svgd: 0.015
gamma: 0.005
decay_start_ratio: 0.15
decay_min_factor: 0.01
bandwith_kernel: None
no_interact: False
avg_score: -316.7200012207031
median_score: -320.0
std_score: 27.029644012451172
percentiles: 2%=-361.2200012207031, 5%=-351.04998779296875, 10%=-346.29998779296875, 25%=-340.0, 50%=-320.0, 75%=-293.5, 90%=-280.8999938964844, 95%=-273.8000183105469, 98%=-267.75994873046875
ranking_best_algo: CMApara
ranking_best_score: 344.22
ranking_my_rank: 194/504 (61.7%)
ranking_my_percent: 61.70634920634921
