ConfigName: krbf__advnormalizedfitness__M3__L8__eps0p025__g0p015__ds0p3__dm0p01
Problem: QUBO
Kernel: rbf
Advantage: normalizedfitness
M: 3
lambda: 8
epsilon_svgd: 0.025
gamma: 0.015
decay_start_ratio: 0.3
decay_min_factor: 0.01
bandwith_kernel: None
no_interact: False
avg_score: -924.5599975585938
median_score: -914.0
std_score: 61.32068634033203
percentiles: 2%=-1076.0400390625, 5%=-1053.0, 10%=-1023.2000122070312, 25%=-953.0, 50%=-914.0, 75%=-879.0, 90%=-862.0, 95%=-842.9000244140625, 98%=-834.4798583984375
ranking_best_algo: CMApara
ranking_best_score: 964.9
ranking_my_rank: 21/504 (96.0%)
ranking_my_percent: 96.03174603174604
