ConfigName: krbf__advnormalizedfitness__M1__L8__eps0p025__g0p015__ds0p15__dm0p01
Problem: NK
Kernel: rbf
Advantage: normalizedfitness
M: 1
lambda: 8
epsilon_svgd: 0.025
gamma: 0.015
decay_start_ratio: 0.15
decay_min_factor: 0.01
bandwith_kernel: None
no_interact: False
avg_score: 0.728161633014679
median_score: 0.7270541191101074
std_score: 0.016178376972675323
percentiles: 2%=0.6991268992424011, 5%=0.7030818462371826, 10%=0.7088398337364197, 25%=0.7169591784477234, 50%=0.7270541191101074, 75%=0.7383610010147095, 90%=0.7504838705062866, 95%=0.7554855942726135, 98%=0.7620076537132263
ranking_best_algo: Tabu
ranking_best_score: 0.7601875690625
ranking_my_rank: 56/504 (89.1%)
ranking_my_percent: 89.08730158730158
