ConfigName: krbf__advnormalizedfitness__M4__L15__eps0p025__g0p015__ds0p01__dm0p01
Problem: NK
Kernel: rbf
Advantage: normalizedfitness
M: 4
lambda: 15
epsilon_svgd: 0.025
gamma: 0.015
decay_start_ratio: 0.01
decay_min_factor: 0.01
bandwith_kernel: None
no_interact: False
avg_score: 0.7081939578056335
median_score: 0.7097408175468445
std_score: 0.015357641503214836
percentiles: 2%=0.669180154800415, 5%=0.6715076565742493, 10%=0.6933587193489075, 25%=0.7035161256790161, 50%=0.7097408175468445, 75%=0.7175466418266296, 90%=0.7245067358016968, 95%=0.728710412979126, 98%=0.7307522296905518
ranking_best_algo: CMApara
ranking_best_score: 0.707475975
ranking_my_rank: 1/504 (100.0%)
ranking_my_percent: 100.0
