ConfigName: kjsd__advperagentrankweighted__M3__L20__eps0p005__g0p0007__ds0p2__dm0p2
Problem: NK
Kernel: jsd
Advantage: peragentrankweighted
M: 3
lambda: 20
epsilon_svgd: 0.005
gamma: 0.0007
decay_start_ratio: 0.2
decay_min_factor: 0.2
bandwith_kernel: None
no_interact: False
avg_score: 0.7074824571609497
median_score: 0.7091201543807983
std_score: 0.011475210078060627
percentiles: 2%=0.6892419457435608, 5%=0.6897150278091431, 10%=0.6927128434181213, 25%=0.6967834830284119, 50%=0.7091201543807983, 75%=0.7162415981292725, 90%=0.7222211956977844, 95%=0.722841739654541, 98%=0.7243797779083252
ranking_best_algo: PBIL
ranking_best_score: 0.7013553837109374
ranking_my_rank: 1/504 (100.0%)
ranking_my_percent: 100.0
