ConfigName: krbf__advnormalizedfitness__M4__L8__eps0p015__g0p015__ds0p01__dm0p3
Problem: NK
Kernel: rbf
Advantage: normalizedfitness
M: 4
lambda: 8
epsilon_svgd: 0.015
gamma: 0.015
decay_start_ratio: 0.01
decay_min_factor: 0.3
bandwith_kernel: None
no_interact: False
avg_score: 0.6057618260383606
median_score: 0.6052298545837402
std_score: 0.0077901906333863735
percentiles: 2%=0.589590847492218, 5%=0.5928047895431519, 10%=0.595288097858429, 25%=0.6000291109085083, 50%=0.6052298545837402, 75%=0.6117873191833496, 90%=0.6163315773010254, 95%=0.6187161803245544, 98%=0.6198958158493042
ranking_best_algo: PBIL
ranking_best_score: 0.733570253046875
ranking_my_rank: 366/504 (27.6%)
ranking_my_percent: 27.57936507936508
