ConfigName: krbf__advnormalizedfitness__M3__L8__eps0p02__g0p005__ds0p15__dm0p05
Problem: QUBO
Kernel: rbf
Advantage: normalizedfitness
M: 3
lambda: 8
epsilon_svgd: 0.02
gamma: 0.005
decay_start_ratio: 0.15
decay_min_factor: 0.05
bandwith_kernel: None
no_interact: False
avg_score: -199.67999267578125
median_score: -201.0
std_score: 12.730184555053711
percentiles: 2%=-222.0399932861328, 5%=-220.0500030517578, 10%=-217.1999969482422, 25%=-208.25, 50%=-201.0, 75%=-191.75, 90%=-181.89999389648438, 95%=-177.0, 98%=-174.8800048828125
ranking_best_algo: Tabu
ranking_best_score: 208.36000000000004
ranking_my_rank: 65/504 (87.3%)
ranking_my_percent: 87.3015873015873
