ConfigName: kjsd__advperagentrankweighted__M6__L12__eps0p008__g0p0005__ds0p3__dm0p05
Problem: QUBO
Kernel: jsd
Advantage: peragentrankweighted
M: 6
lambda: 12
epsilon_svgd: 0.008
gamma: 0.0005
decay_start_ratio: 0.3
decay_min_factor: 0.05
bandwith_kernel: None
no_interact: False
avg_score: -140.6999969482422
median_score: -143.0
std_score: 11.021343231201172
percentiles: 2%=-158.02000427246094, 5%=-158.0, 10%=-156.10000610351562, 25%=-147.25, 50%=-143.0, 75%=-131.0, 90%=-127.0, 95%=-124.9000015258789, 98%=-118.95999908447266
ranking_best_algo: DiscreteDE
ranking_best_score: 143.4
ranking_my_rank: 77/504 (84.9%)
ranking_my_percent: 84.92063492063492
