ConfigName: krbf__advnormalizedfitness__M1__L8__eps0p033__g0p01__ds0p3__dm0p01
Problem: NK
Kernel: rbf
Advantage: normalizedfitness
M: 1
lambda: 8
epsilon_svgd: 0.033
gamma: 0.01
decay_start_ratio: 0.3
decay_min_factor: 0.01
bandwith_kernel: None
no_interact: False
avg_score: 0.7059241533279419
median_score: 0.6953628063201904
std_score: 0.03181559219956398
percentiles: 2%=0.6665056943893433, 5%=0.6693178415298462, 10%=0.671755850315094, 25%=0.6775274872779846, 50%=0.6953628063201904, 75%=0.7415087819099426, 90%=0.7508344054222107, 95%=0.7539588809013367, 98%=0.7585151791572571
ranking_best_algo: CMApara
ranking_best_score: 0.7118996098437498
ranking_my_rank: 109/504 (78.6%)
ranking_my_percent: 78.57142857142857
