ConfigName: kjsd__advperagentrankweighted__M5__L24__eps0p03__g0p0005__ds0p2__dm0p05
Problem: NK
Kernel: jsd
Advantage: peragentrankweighted
M: 5
lambda: 24
epsilon_svgd: 0.03
gamma: 0.0005
decay_start_ratio: 0.2
decay_min_factor: 0.05
bandwith_kernel: None
no_interact: False
avg_score: 0.7096584439277649
median_score: 0.7108899354934692
std_score: 0.015614952892065048
percentiles: 2%=0.6703088283538818, 5%=0.6715437173843384, 10%=0.6939831972122192, 25%=0.7065384387969971, 50%=0.7108899354934692, 75%=0.7184407711029053, 90%=0.7254101634025574, 95%=0.7322746515274048, 98%=0.7328200936317444
ranking_best_algo: CMApara
ranking_best_score: 0.707475975
ranking_my_rank: 1/504 (100.0%)
ranking_my_percent: 100.0
