ConfigName: krbf__advnormalizedfitness__M4__L15__eps0p033__g0p005__ds0p01__dm0p01
Problem: QUBO
Kernel: rbf
Advantage: normalizedfitness
M: 4
lambda: 15
epsilon_svgd: 0.033
gamma: 0.005
decay_start_ratio: 0.01
decay_min_factor: 0.01
bandwith_kernel: None
no_interact: False
avg_score: -1192.300048828125
median_score: -1187.5
std_score: 58.83749008178711
percentiles: 2%=-1321.3599853515625, 5%=-1287.050048828125, 10%=-1268.199951171875, 25%=-1232.5, 50%=-1187.5, 75%=-1155.5, 90%=-1120.9000244140625, 95%=-1105.4000244140625, 98%=-1089.9000244140625
ranking_best_algo: Tabu
ranking_best_score: 1216.16
ranking_my_rank: 49/504 (90.5%)
ranking_my_percent: 90.47619047619048
