ConfigName: krbf__advnormalizedfitness__M4__L10__eps0p015__g0p005__ds0p15__dm0p01
Problem: QUBO
Kernel: rbf
Advantage: normalizedfitness
M: 4
lambda: 10
epsilon_svgd: 0.015
gamma: 0.005
decay_start_ratio: 0.15
decay_min_factor: 0.01
bandwith_kernel: None
no_interact: False
avg_score: -1129.93994140625
median_score: -1115.5
std_score: 90.99503326416016
percentiles: 2%=-1305.3199462890625, 5%=-1282.75, 10%=-1263.0, 25%=-1199.25, 50%=-1115.5, 75%=-1064.5, 90%=-1019.7000122070312, 95%=-1001.9500122070312, 98%=-976.5198974609375
ranking_best_algo: SVMMetaModelLogNormal
ranking_best_score: 1233.7999999999997
ranking_my_rank: 100/504 (80.4%)
ranking_my_percent: 80.35714285714286
