ConfigName: krbf__advnormalizedfitness__M3__L12__eps0p025__g0p01__ds0p15__dm0p3
Problem: QUBO
Kernel: rbf
Advantage: normalizedfitness
M: 3
lambda: 12
epsilon_svgd: 0.025
gamma: 0.01
decay_start_ratio: 0.15
decay_min_factor: 0.3
bandwith_kernel: None
no_interact: False
avg_score: -1140.6600341796875
median_score: -1136.5
std_score: 73.07464599609375
percentiles: 2%=-1286.239990234375, 5%=-1258.300048828125, 10%=-1229.0999755859375, 25%=-1183.5, 50%=-1136.5, 75%=-1091.0, 90%=-1053.199951171875, 95%=-1029.6500244140625, 98%=-1001.8999633789062
ranking_best_algo: Tabu
ranking_best_score: 1216.16
ranking_my_rank: 152/504 (70.0%)
ranking_my_percent: 70.03968253968254
