ConfigName: kjsd__advperagentrankweighted__M3__L16__eps0p01__g0p003__ds0p05__dm0p05
Problem: QUBO
Kernel: jsd
Advantage: peragentrankweighted
M: 3
lambda: 16
epsilon_svgd: 0.01
gamma: 0.003
decay_start_ratio: 0.05
decay_min_factor: 0.05
bandwith_kernel: None
no_interact: False
avg_score: -1229.6400146484375
median_score: -1225.0
std_score: 60.990577697753906
percentiles: 2%=-1355.3199462890625, 5%=-1339.5, 10%=-1311.0999755859375, 25%=-1265.0, 50%=-1225.0, 75%=-1189.75, 90%=-1154.800048828125, 95%=-1148.0, 98%=-1122.9599609375
ranking_best_algo: SVMMetaModelLogNormal
ranking_best_score: 1233.7999999999997
ranking_my_rank: 12/504 (97.8%)
ranking_my_percent: 97.81746031746032
