ConfigName: kjsd__advperagentrankweighted__M4__L20__eps0p007__g0p0005__ds0p05__dm0p05
Problem: NK
Kernel: jsd
Advantage: peragentrankweighted
M: 4
lambda: 20
epsilon_svgd: 0.007
gamma: 0.0005
decay_start_ratio: 0.05
decay_min_factor: 0.05
bandwith_kernel: None
no_interact: False
avg_score: 0.7569805383682251
median_score: 0.7560731172561646
std_score: 0.012575951404869556
percentiles: 2%=0.7340956330299377, 5%=0.7361030578613281, 10%=0.7405014038085938, 25%=0.7500377893447876, 50%=0.7560731172561646, 75%=0.7655332684516907, 90%=0.7760418057441711, 95%=0.7790646553039551, 98%=0.782311201095581
ranking_best_algo: Tabu
ranking_best_score: 0.7470791764843752
ranking_my_rank: 1/504 (100.0%)
ranking_my_percent: 100.0
