ConfigName: krbf__advnormalizedfitness__M3__L8__eps0p033__g0p005__ds0p3__dm0p3
Problem: QUBO
Kernel: rbf
Advantage: normalizedfitness
M: 3
lambda: 8
epsilon_svgd: 0.033
gamma: 0.005
decay_start_ratio: 0.3
decay_min_factor: 0.3
bandwith_kernel: None
no_interact: False
avg_score: -1592.1400146484375
median_score: -1591.0
std_score: 66.79192352294922
percentiles: 2%=-1719.0799560546875, 5%=-1704.0999755859375, 10%=-1680.300048828125, 25%=-1641.0, 50%=-1591.0, 75%=-1541.75, 90%=-1513.5999755859375, 95%=-1477.0, 98%=-1470.8800048828125
ranking_best_algo: NLOPT_LN_PRAXIS
ranking_best_score: 1607.12
ranking_my_rank: 38/504 (92.7%)
ranking_my_percent: 92.65873015873017
