ConfigName: kjsd__advperagentrankweighted__M4__L24__eps0p008__g0p0005__ds0p05__dm0p05
Problem: QUBO
Kernel: jsd
Advantage: peragentrankweighted
M: 4
lambda: 24
epsilon_svgd: 0.008
gamma: 0.0005
decay_start_ratio: 0.05
decay_min_factor: 0.05
bandwith_kernel: None
no_interact: False
avg_score: -584.47998046875
median_score: -583.5
std_score: 24.775989532470703
percentiles: 2%=-631.0599975585938, 5%=-625.2000122070312, 10%=-621.0999755859375, 25%=-601.0, 50%=-583.5, 75%=-568.0, 90%=-552.9000244140625, 95%=-547.9500122070312, 98%=-542.739990234375
ranking_best_algo: Tabu
ranking_best_score: 588.7199999999999
ranking_my_rank: 5/503 (99.2%)
ranking_my_percent: 99.20477137176938
