ConfigName: kjsd__advperagentrankweighted__M5__L10__eps0p02__g0p0005__ds0p2__dm0p05
Problem: QUBO
Kernel: jsd
Advantage: peragentrankweighted
M: 5
lambda: 10
epsilon_svgd: 0.02
gamma: 0.0005
decay_start_ratio: 0.2
decay_min_factor: 0.05
bandwith_kernel: None
no_interact: False
avg_score: -1187.800048828125
median_score: -1187.0
std_score: 55.59226608276367
percentiles: 2%=-1313.1600341796875, 5%=-1289.0, 10%=-1255.5999755859375, 25%=-1214.75, 50%=-1187.0, 75%=-1154.25, 90%=-1116.699951171875, 95%=-1097.8499755859375, 98%=-1093.719970703125
ranking_best_algo: Tabu
ranking_best_score: 1216.16
ranking_my_rank: 63/504 (87.7%)
ranking_my_percent: 87.6984126984127
