ConfigName: kjsd__advperagentrankweighted__M3__L24__eps0p005__g0p001__ds0p05__dm0p1
Problem: QUBO
Kernel: jsd
Advantage: peragentrankweighted
M: 3
lambda: 24
epsilon_svgd: 0.005
gamma: 0.001
decay_start_ratio: 0.05
decay_min_factor: 0.1
bandwith_kernel: None
no_interact: False
avg_score: -1218.239990234375
median_score: -1219.0
std_score: 62.39937973022461
percentiles: 2%=-1335.3800048828125, 5%=-1317.0999755859375, 10%=-1305.0999755859375, 25%=-1263.0, 50%=-1219.0, 75%=-1175.0, 90%=-1136.800048828125, 95%=-1112.800048828125, 98%=-1092.8800048828125
ranking_best_algo: SVMMetaModelLogNormal
ranking_best_score: 1233.7999999999997
ranking_my_rank: 40/504 (92.3%)
ranking_my_percent: 92.26190476190476
