ConfigName: krbf__advnormalizedfitness__M3__L10__eps0p03__g0p01__ds0p05__dm0p05
Problem: QUBO
Kernel: rbf
Advantage: normalizedfitness
M: 3
lambda: 10
epsilon_svgd: 0.03
gamma: 0.01
decay_start_ratio: 0.05
decay_min_factor: 0.05
bandwith_kernel: None
no_interact: False
avg_score: -1286.9200439453125
median_score: -1287.5
std_score: 70.9146957397461
percentiles: 2%=-1423.0, 5%=-1405.0999755859375, 10%=-1381.0999755859375, 25%=-1338.0, 50%=-1287.5, 75%=-1236.5, 90%=-1191.9000244140625, 95%=-1174.5999755859375, 98%=-1160.8399658203125
ranking_best_algo: BigLognormalDiscreteOnePlusOne
ranking_best_score: 1301.3600000000004
ranking_my_rank: 4/504 (99.4%)
ranking_my_percent: 99.4047619047619
