ConfigName: kfr__advglobalrankweighted__M2__L11__eps0p01__g0p003__ds0p01__dm0p01
Problem: QUBO
Kernel: fr
Advantage: globalrankweighted
M: 2
lambda: 11
epsilon_svgd: 0.01
gamma: 0.003
decay_start_ratio: 0.01
decay_min_factor: 0.01
bandwith_kernel: None
no_interact: False
avg_score: -898.5399780273438
median_score: -892.5
std_score: 66.23268127441406
percentiles: 2%=-1030.1199951171875, 5%=-1009.4500122070312, 10%=-978.0999755859375, 25%=-945.25, 50%=-892.5, 75%=-851.75, 90%=-817.5, 95%=-798.550048828125, 98%=-771.4398803710938
ranking_best_algo: CMAL3
ranking_best_score: 928.5800000000002
ranking_my_rank: 74/504 (85.5%)
ranking_my_percent: 85.51587301587301
