ConfigName: kjsd__advperagentrankweighted__M5__L12__eps0p03__g0p0003__ds0p2__dm0p05
Problem: QUBO
Kernel: jsd
Advantage: peragentrankweighted
M: 5
lambda: 12
epsilon_svgd: 0.03
gamma: 0.0003
decay_start_ratio: 0.2
decay_min_factor: 0.05
bandwith_kernel: None
no_interact: False
avg_score: -327.0799865722656
median_score: -328.0
std_score: 20.50057601928711
percentiles: 2%=-372.0, 5%=-361.45001220703125, 10%=-349.1000061035156, 25%=-340.25, 50%=-328.0, 75%=-316.0, 90%=-298.0, 95%=-287.8999938964844, 98%=-281.9200134277344
ranking_best_algo: CMApara
ranking_best_score: 344.22
ranking_my_rank: 111/504 (78.2%)
ranking_my_percent: 78.17460317460318
