ConfigName: kjsd__advperagentrankweighted__M4__L8__eps0p03__g0p0003__ds0p2__dm0p05
Problem: NK
Kernel: jsd
Advantage: peragentrankweighted
M: 4
lambda: 8
epsilon_svgd: 0.03
gamma: 0.0003
decay_start_ratio: 0.2
decay_min_factor: 0.05
bandwith_kernel: None
no_interact: False
avg_score: 0.7248966097831726
median_score: 0.7244483232498169
std_score: 0.01818728633224964
percentiles: 2%=0.6922882199287415, 5%=0.6992506980895996, 10%=0.7036491632461548, 25%=0.7114161849021912, 50%=0.7244483232498169, 75%=0.7353430390357971, 90%=0.7462079524993896, 95%=0.7588077783584595, 98%=0.7646170854568481
ranking_best_algo: Tabu
ranking_best_score: 0.7657846284375001
ranking_my_rank: 244/504 (51.8%)
ranking_my_percent: 51.785714285714285
