ConfigName: krbf__advnormalizedfitness__M2__L8__eps0p015__g0p007__ds0p3__dm0p01
Problem: NK
Kernel: rbf
Advantage: normalizedfitness
M: 2
lambda: 8
epsilon_svgd: 0.015
gamma: 0.007
decay_start_ratio: 0.3
decay_min_factor: 0.01
bandwith_kernel: None
no_interact: False
avg_score: 0.7514408230781555
median_score: 0.75226891040802
std_score: 0.012762349098920822
percentiles: 2%=0.7261373996734619, 5%=0.7288341522216797, 10%=0.7353959083557129, 25%=0.7423534393310547, 50%=0.75226891040802, 75%=0.7602196335792542, 90%=0.7658094763755798, 95%=0.7707107663154602, 98%=0.7791789770126343
ranking_best_algo: Tabu
ranking_best_score: 0.7657846284375001
ranking_my_rank: 16/504 (97.0%)
ranking_my_percent: 97.02380952380952
