ConfigName: kjsd__advperagentrankweighted__M5__L8__eps0p02__g0p0007__ds0p05__dm0p05
Problem: QUBO
Kernel: jsd
Advantage: peragentrankweighted
M: 5
lambda: 8
epsilon_svgd: 0.02
gamma: 0.0007
decay_start_ratio: 0.05
decay_min_factor: 0.05
bandwith_kernel: None
no_interact: False
avg_score: -910.219970703125
median_score: -902.5
std_score: 57.700706481933594
percentiles: 2%=-1042.0799560546875, 5%=-1007.25, 10%=-985.0, 25%=-946.0, 50%=-902.5, 75%=-864.75, 90%=-848.5999755859375, 95%=-823.0, 98%=-796.9199829101562
ranking_best_algo: CMAL3
ranking_best_score: 928.5800000000002
ranking_my_rank: 27/504 (94.8%)
ranking_my_percent: 94.84126984126983
