ConfigName: krbf__advnormalizedfitness__M5__L24__eps0p025__g0p005__ds0p05__dm0p05
Problem: NK
Kernel: rbf
Advantage: normalizedfitness
M: 5
lambda: 24
epsilon_svgd: 0.025
gamma: 0.005
decay_start_ratio: 0.05
decay_min_factor: 0.05
bandwith_kernel: None
no_interact: False
avg_score: 0.7435518503189087
median_score: 0.7408133745193481
std_score: 0.02919798530638218
percentiles: 2%=0.7013987898826599, 5%=0.7028435468673706, 10%=0.7054293155670166, 25%=0.7204978466033936, 50%=0.7408133745193481, 75%=0.7580187320709229, 90%=0.7782467603683472, 95%=0.8044298887252808, 98%=0.8069292902946472
ranking_best_algo: CMApara
ranking_best_score: 0.7459277895312499
ranking_my_rank: 8/504 (98.6%)
ranking_my_percent: 98.61111111111111
