ConfigName: kjsd__advperagentrankweighted__M4__L10__eps0p005__g0p0005__ds0p2__dm0p05
Problem: NK
Kernel: jsd
Advantage: peragentrankweighted
M: 4
lambda: 10
epsilon_svgd: 0.005
gamma: 0.0005
decay_start_ratio: 0.2
decay_min_factor: 0.05
bandwith_kernel: None
no_interact: False
avg_score: 0.7174391150474548
median_score: 0.7173048257827759
std_score: 0.006522096693515778
percentiles: 2%=0.7036092281341553, 5%=0.7087458372116089, 10%=0.7099147439002991, 25%=0.7124873399734497, 50%=0.7173048257827759, 75%=0.7211999893188477, 90%=0.7261985540390015, 95%=0.7282718420028687, 98%=0.7316797375679016
ranking_best_algo: PBIL
ranking_best_score: 0.7170882103515624
ranking_my_rank: 1/504 (100.0%)
ranking_my_percent: 100.0
