ConfigName: krbf__advnormalizedfitness__M4__L10__eps0p033__g0p01__ds0p01__dm0p01
Problem: NK
Kernel: rbf
Advantage: normalizedfitness
M: 4
lambda: 10
epsilon_svgd: 0.033
gamma: 0.01
decay_start_ratio: 0.01
decay_min_factor: 0.01
bandwith_kernel: None
no_interact: False
avg_score: 0.7316429018974304
median_score: 0.7340967059135437
std_score: 0.009660924784839153
percentiles: 2%=0.7105452418327332, 5%=0.7122913599014282, 10%=0.7178637981414795, 25%=0.7254924774169922, 50%=0.7340967059135437, 75%=0.7392498254776001, 90%=0.7426173090934753, 95%=0.7444582581520081, 98%=0.7460551261901855
ranking_best_algo: PBIL
ranking_best_score: 0.7248786399609374
ranking_my_rank: 1/504 (100.0%)
ranking_my_percent: 100.0
