ConfigName: kjsd__advperagentrankweighted__M3__L18__eps0p005__g0p003__ds0p1__dm0p1
Problem: NK
Kernel: jsd
Advantage: peragentrankweighted
M: 3
lambda: 18
epsilon_svgd: 0.005
gamma: 0.003
decay_start_ratio: 0.1
decay_min_factor: 0.1
bandwith_kernel: None
no_interact: False
avg_score: 0.5930485725402832
median_score: 0.5925222039222717
std_score: 0.01034589298069477
percentiles: 2%=0.5750497579574585, 5%=0.577359676361084, 10%=0.5815904140472412, 25%=0.5856940746307373, 50%=0.5925222039222717, 75%=0.5994107723236084, 90%=0.6053284406661987, 95%=0.6104676723480225, 98%=0.6149970889091492
ranking_best_algo: PBIL
ranking_best_score: 0.7170882103515624
ranking_my_rank: 364/504 (28.0%)
ranking_my_percent: 27.976190476190474
