ConfigName: kjsd__advperagentrankweighted__M3__L16__eps0p01__g0p003__ds0p2__dm0p2
Problem: QUBO
Kernel: jsd
Advantage: peragentrankweighted
M: 3
lambda: 16
epsilon_svgd: 0.01
gamma: 0.003
decay_start_ratio: 0.2
decay_min_factor: 0.2
bandwith_kernel: None
no_interact: False
avg_score: -426.2799987792969
median_score: -425.0
std_score: 26.406089782714844
percentiles: 2%=-477.0400085449219, 5%=-473.1000061035156, 10%=-465.20001220703125, 25%=-442.0, 50%=-425.0, 75%=-407.75, 90%=-395.0, 95%=-384.8999938964844, 98%=-377.9599914550781
ranking_best_algo: CMAL3
ranking_best_score: 435.36
ranking_my_rank: 23/504 (95.6%)
ranking_my_percent: 95.63492063492063
