ConfigName: kjsd__advperagentrankweighted__M3__L16__eps0p007__g0p0005__ds0p2__dm0p05
Problem: QUBO
Kernel: jsd
Advantage: peragentrankweighted
M: 3
lambda: 16
epsilon_svgd: 0.007
gamma: 0.0005
decay_start_ratio: 0.2
decay_min_factor: 0.05
bandwith_kernel: None
no_interact: False
avg_score: -585.8400268554688
median_score: -587.0
std_score: 28.61073875427246
percentiles: 2%=-634.0999755859375, 5%=-631.0499877929688, 10%=-621.5999755859375, 25%=-605.25, 50%=-587.0, 75%=-567.0, 90%=-548.7000122070312, 95%=-539.8499755859375, 98%=-524.780029296875
ranking_best_algo: Tabu
ranking_best_score: 588.7199999999999
ranking_my_rank: 5/503 (99.2%)
ranking_my_percent: 99.20477137176938
