ConfigName: krbf__advnormalizedfitness__M2__L8__eps0p033__g0p005__ds0p01__dm0p3
Problem: QUBO
Kernel: rbf
Advantage: normalizedfitness
M: 2
lambda: 8
epsilon_svgd: 0.033
gamma: 0.005
decay_start_ratio: 0.01
decay_min_factor: 0.3
bandwith_kernel: None
no_interact: False
avg_score: -2530.780029296875
median_score: -2519.0
std_score: 137.99691772460938
percentiles: 2%=-2797.0, 5%=-2757.949951171875, 10%=-2726.0, 25%=-2622.25, 50%=-2519.0, 75%=-2432.75, 90%=-2353.800048828125, 95%=-2332.0, 98%=-2287.919921875
ranking_best_algo: SVM1MetaModelLogNormal
ranking_best_score: 2605.14
ranking_my_rank: 52/504 (89.9%)
ranking_my_percent: 89.88095238095238
