ConfigName: kjsd__advperagentrankweighted__M10__L10__eps0p008__g0p0005__ds0p3__dm0p05
Problem: QUBO
Kernel: jsd
Advantage: peragentrankweighted
M: 10
lambda: 10
epsilon_svgd: 0.008
gamma: 0.0005
decay_start_ratio: 0.3
decay_min_factor: 0.05
bandwith_kernel: None
no_interact: False
avg_score: -1226.280029296875
median_score: -1218.0
std_score: 82.38968658447266
percentiles: 2%=-1409.1400146484375, 5%=-1364.1500244140625, 10%=-1353.199951171875, 25%=-1276.25, 50%=-1218.0, 75%=-1167.75, 90%=-1127.5, 95%=-1097.949951171875, 98%=-1084.8800048828125
ranking_best_algo: BigLognormalDiscreteOnePlusOne
ranking_best_score: 1301.3600000000004
ranking_my_rank: 71/504 (86.1%)
ranking_my_percent: 86.11111111111111
