ConfigName: krbf__advnormalizedfitness__M3__L12__eps0p025__g0p015__ds0p3__dm0p01
Problem: QUBO
Kernel: rbf
Advantage: normalizedfitness
M: 3
lambda: 12
epsilon_svgd: 0.025
gamma: 0.015
decay_start_ratio: 0.3
decay_min_factor: 0.01
bandwith_kernel: None
no_interact: False
avg_score: -1365.239990234375
median_score: -1374.0
std_score: 120.09430694580078
percentiles: 2%=-1605.260009765625, 5%=-1564.5999755859375, 10%=-1511.300048828125, 25%=-1454.25, 50%=-1374.0, 75%=-1269.25, 90%=-1215.0, 95%=-1164.8499755859375, 98%=-1154.7999267578125
ranking_best_algo: NLOPT_LN_PRAXIS
ranking_best_score: 1607.12
ranking_my_rank: 173/504 (65.9%)
ranking_my_percent: 65.87301587301587
