ConfigName: krbf__advnormalizedfitness__M3__L15__eps0p015__g0p007__ds0p3__dm0p3
Problem: NK
Kernel: rbf
Advantage: normalizedfitness
M: 3
lambda: 15
epsilon_svgd: 0.015
gamma: 0.007
decay_start_ratio: 0.3
decay_min_factor: 0.3
bandwith_kernel: None
no_interact: False
avg_score: 0.6936503648757935
median_score: 0.6917998790740967
std_score: 0.011484304443001747
percentiles: 2%=0.6722033619880676, 5%=0.6777055859565735, 10%=0.6805729866027832, 25%=0.685806155204773, 50%=0.6917998790740967, 75%=0.7015066146850586, 90%=0.710260272026062, 95%=0.7148311734199524, 98%=0.7162718176841736
ranking_best_algo: PBIL
ranking_best_score: 0.7248786399609374
ranking_my_rank: 135/504 (73.4%)
ranking_my_percent: 73.41269841269842
