ConfigName: kjsd__advperagentrankweighted__M3__L16__eps0p01__g0p0005__ds0p2__dm0p1
Problem: QUBO
Kernel: jsd
Advantage: peragentrankweighted
M: 3
lambda: 16
epsilon_svgd: 0.01
gamma: 0.0005
decay_start_ratio: 0.2
decay_min_factor: 0.1
bandwith_kernel: None
no_interact: False
avg_score: -138.22000122070312
median_score: -139.5
std_score: 12.183250427246094
percentiles: 2%=-157.02000427246094, 5%=-156.0500030517578, 10%=-155.10000610351562, 25%=-146.25, 50%=-139.5, 75%=-129.75, 90%=-121.0, 95%=-118.75, 98%=-112.95999908447266
ranking_best_algo: DiscreteDE
ranking_best_score: 143.4
ranking_my_rank: 110/504 (78.4%)
ranking_my_percent: 78.37301587301587
