ConfigName: kjsd__advperagentrankweighted__M2__L20__eps0p005__g0p0005__ds0p1__dm0p1
Problem: QUBO
Kernel: jsd
Advantage: peragentrankweighted
M: 2
lambda: 20
epsilon_svgd: 0.005
gamma: 0.0005
decay_start_ratio: 0.1
decay_min_factor: 0.1
bandwith_kernel: None
no_interact: False
avg_score: -2580.97998046875
median_score: -2595.0
std_score: 122.68366241455078
percentiles: 2%=-2820.0400390625, 5%=-2784.14990234375, 10%=-2734.89990234375, 25%=-2666.25, 50%=-2595.0, 75%=-2489.5, 90%=-2419.39990234375, 95%=-2397.5, 98%=-2340.60009765625
ranking_best_algo: SVM1MetaModelLogNormal
ranking_best_score: 2605.14
ranking_my_rank: 13/504 (97.6%)
ranking_my_percent: 97.61904761904762
