ConfigName: krbf__advnormalizedfitness__M4__L12__eps0p015__g0p015__ds0p3__dm0p3
Problem: NK
Kernel: rbf
Advantage: normalizedfitness
M: 4
lambda: 12
epsilon_svgd: 0.015
gamma: 0.015
decay_start_ratio: 0.3
decay_min_factor: 0.3
bandwith_kernel: None
no_interact: False
avg_score: 0.5994937419891357
median_score: 0.5980938673019409
std_score: 0.008961159735918045
percentiles: 2%=0.5860050916671753, 5%=0.5873208045959473, 10%=0.5903533101081848, 25%=0.5939812064170837, 50%=0.5980938673019409, 75%=0.604036808013916, 90%=0.6081939339637756, 95%=0.6217638254165649, 98%=0.623910665512085
ranking_best_algo: Tabu
ranking_best_score: 0.7429702712499999
ranking_my_rank: 394/504 (22.0%)
ranking_my_percent: 22.023809523809526
