ConfigName: kjsd__advperagentrankweighted__M4__L12__eps0p03__g0p0007__ds0p05__dm0p05
Problem: QUBO
Kernel: jsd
Advantage: peragentrankweighted
M: 4
lambda: 12
epsilon_svgd: 0.03
gamma: 0.0007
decay_start_ratio: 0.05
decay_min_factor: 0.05
bandwith_kernel: None
no_interact: False
avg_score: -905.4600219726562
median_score: -897.5
std_score: 58.43670654296875
percentiles: 2%=-1018.1199951171875, 5%=-1004.25, 10%=-988.0999755859375, 25%=-945.25, 50%=-897.5, 75%=-859.0, 90%=-842.7999877929688, 95%=-822.7999877929688, 98%=-808.2000122070312
ranking_best_algo: CMAL3
ranking_best_score: 928.5800000000002
ranking_my_rank: 63/504 (87.7%)
ranking_my_percent: 87.6984126984127
