ConfigName: kjsd__advperagentrankweighted__M8__L24__eps0p005__g0p0005__ds0p3__dm0p05
Problem: NK
Kernel: jsd
Advantage: peragentrankweighted
M: 8
lambda: 24
epsilon_svgd: 0.005
gamma: 0.0005
decay_start_ratio: 0.3
decay_min_factor: 0.05
bandwith_kernel: None
no_interact: False
avg_score: 0.6609316468238831
median_score: 0.6602610349655151
std_score: 0.012590414844453335
percentiles: 2%=0.6390435695648193, 5%=0.6416015028953552, 10%=0.6453123688697815, 25%=0.6520151495933533, 50%=0.6602610349655151, 75%=0.6706082820892334, 90%=0.6770200729370117, 95%=0.6837512254714966, 98%=0.6868039965629578
ranking_best_algo: PBIL
ranking_best_score: 0.733570253046875
ranking_my_rank: 273/504 (46.0%)
ranking_my_percent: 46.03174603174603
