ConfigName: kjsd__advperagentrankweighted__M8__L10__eps0p008__g0p0005__ds0p3__dm0p05
Problem: NK
Kernel: jsd
Advantage: peragentrankweighted
M: 8
lambda: 10
epsilon_svgd: 0.008
gamma: 0.0005
decay_start_ratio: 0.3
decay_min_factor: 0.05
bandwith_kernel: None
no_interact: False
avg_score: 0.7587474584579468
median_score: 0.7585506439208984
std_score: 0.012522868812084198
percentiles: 2%=0.7375240325927734, 5%=0.740844190120697, 10%=0.743040919303894, 25%=0.7483034729957581, 50%=0.7585506439208984, 75%=0.7676135301589966, 90%=0.7762070298194885, 95%=0.7793688774108887, 98%=0.7822977304458618
ranking_best_algo: Tabu
ranking_best_score: 0.7470791764843752
ranking_my_rank: 1/504 (100.0%)
ranking_my_percent: 100.0
