ConfigName: kjsd__advperagentrankweighted__M5__L10__eps0p03__g0p0005__ds0p05__dm0p05
Problem: QUBO
Kernel: jsd
Advantage: peragentrankweighted
M: 5
lambda: 10
epsilon_svgd: 0.03
gamma: 0.0005
decay_start_ratio: 0.05
decay_min_factor: 0.05
bandwith_kernel: None
no_interact: False
avg_score: -436.7799987792969
median_score: -434.5
std_score: 26.56071662902832
percentiles: 2%=-485.05999755859375, 5%=-479.20001220703125, 10%=-471.1000061035156, 25%=-458.0, 50%=-434.5, 75%=-416.75, 90%=-405.8999938964844, 95%=-398.75, 98%=-385.9200134277344
ranking_best_algo: CMApara
ranking_best_score: 453.82
ranking_my_rank: 30/504 (94.2%)
ranking_my_percent: 94.24603174603175
