ConfigName: kjsd__advperagentrankweighted__M3__L20__eps0p007__g0p001__ds0p2__dm0p2
Problem: QUBO
Kernel: jsd
Advantage: peragentrankweighted
M: 3
lambda: 20
epsilon_svgd: 0.007
gamma: 0.001
decay_start_ratio: 0.2
decay_min_factor: 0.2
bandwith_kernel: None
no_interact: False
avg_score: -139.0
median_score: -141.0
std_score: 10.798148155212402
percentiles: 2%=-158.02000427246094, 5%=-156.0500030517578, 10%=-152.10000610351562, 25%=-147.0, 50%=-141.0, 75%=-129.75, 90%=-125.0, 95%=-121.9000015258789, 98%=-118.95999908447266
ranking_best_algo: DiscreteDE
ranking_best_score: 143.4
ranking_my_rank: 93/504 (81.7%)
ranking_my_percent: 81.74603174603175
