ConfigName: krbf__advnormalizedfitness__M3__L10__eps0p025__g0p007__ds0p3__dm0p01
Problem: NK
Kernel: rbf
Advantage: normalizedfitness
M: 3
lambda: 10
epsilon_svgd: 0.025
gamma: 0.007
decay_start_ratio: 0.3
decay_min_factor: 0.01
bandwith_kernel: None
no_interact: False
avg_score: 0.7436408996582031
median_score: 0.7441493272781372
std_score: 0.009744061157107353
percentiles: 2%=0.727138102054596, 5%=0.7276566624641418, 10%=0.7314110398292542, 25%=0.7369784116744995, 50%=0.7441493272781372, 75%=0.7502278089523315, 90%=0.7563644051551819, 95%=0.7605739235877991, 98%=0.7631412744522095
ranking_best_algo: PBIL
ranking_best_score: 0.733570253046875
ranking_my_rank: 1/504 (100.0%)
ranking_my_percent: 100.0
