ConfigName: krbf__advnormalizedfitness__M3__L8__eps0p015__g0p015__ds0p3__dm0p3
Problem: QUBO
Kernel: rbf
Advantage: normalizedfitness
M: 3
lambda: 8
epsilon_svgd: 0.015
gamma: 0.015
decay_start_ratio: 0.3
decay_min_factor: 0.3
bandwith_kernel: None
no_interact: False
avg_score: -1661.5999755859375
median_score: -1647.0
std_score: 152.9548797607422
percentiles: 2%=-1993.0400390625, 5%=-1933.550048828125, 10%=-1849.4000244140625, 25%=-1761.25, 50%=-1647.0, 75%=-1551.0, 90%=-1481.60009765625, 95%=-1441.75, 98%=-1375.2198486328125
ranking_best_algo: SVM1MetaModelLogNormal
ranking_best_score: 2605.14
ranking_my_rank: 324/504 (35.9%)
ranking_my_percent: 35.91269841269841
