ConfigName: kjsd__advperagentrankweighted__M3__L16__eps0p01__g0p003__ds0p05__dm0p2
Problem: QUBO
Kernel: jsd
Advantage: peragentrankweighted
M: 3
lambda: 16
epsilon_svgd: 0.01
gamma: 0.003
decay_start_ratio: 0.05
decay_min_factor: 0.2
bandwith_kernel: None
no_interact: False
avg_score: -576.1400146484375
median_score: -577.5
std_score: 23.78361701965332
percentiles: 2%=-617.4000244140625, 5%=-615.0499877929688, 10%=-605.2000122070312, 25%=-589.0, 50%=-577.5, 75%=-560.75, 90%=-541.9000244140625, 95%=-532.9000244140625, 98%=-527.9000244140625
ranking_best_algo: Tabu
ranking_best_score: 588.7199999999999
ranking_my_rank: 56/503 (89.1%)
ranking_my_percent: 89.06560636182903
