ConfigName: kjsd__advperagentrankweighted__M3__L18__eps0p007__g0p003__ds0p1__dm0p1
Problem: QUBO
Kernel: jsd
Advantage: peragentrankweighted
M: 3
lambda: 18
epsilon_svgd: 0.007
gamma: 0.003
decay_start_ratio: 0.1
decay_min_factor: 0.1
bandwith_kernel: None
no_interact: False
avg_score: -419.9800109863281
median_score: -423.0
std_score: 31.262113571166992
percentiles: 2%=-481.0, 5%=-473.1000061035156, 10%=-469.0, 25%=-440.25, 50%=-423.0, 75%=-396.5, 90%=-381.8999938964844, 95%=-370.8500061035156, 98%=-359.9599914550781
ranking_best_algo: CMAL3
ranking_best_score: 435.36
ranking_my_rank: 88/504 (82.7%)
ranking_my_percent: 82.73809523809524
