ConfigName: kjsd__advperagentrankweighted__M5__L10__eps0p005__g0p0007__ds0p4__dm0p2
Problem: QUBO
Kernel: jsd
Advantage: peragentrankweighted
M: 5
lambda: 10
epsilon_svgd: 0.005
gamma: 0.0007
decay_start_ratio: 0.4
decay_min_factor: 0.2
bandwith_kernel: None
no_interact: False
avg_score: -139.63999938964844
median_score: -141.0
std_score: 11.716245651245117
percentiles: 2%=-159.0, 5%=-158.0500030517578, 10%=-158.0, 25%=-146.0, 50%=-141.0, 75%=-130.0, 90%=-126.9000015258789, 95%=-120.0, 98%=-115.0
ranking_best_algo: DiscreteDE
ranking_best_score: 143.4
ranking_my_rank: 83/504 (83.7%)
ranking_my_percent: 83.73015873015873
