ConfigName: kjsd__advperagentrankweighted__M4__L30__eps0p01__g0p0005__ds0p05__dm0p05
Problem: QUBO
Kernel: jsd
Advantage: peragentrankweighted
M: 4
lambda: 30
epsilon_svgd: 0.01
gamma: 0.0005
decay_start_ratio: 0.05
decay_min_factor: 0.05
bandwith_kernel: None
no_interact: False
avg_score: -442.1400146484375
median_score: -443.0
std_score: 25.866975784301758
percentiles: 2%=-492.0, 5%=-481.20001220703125, 10%=-472.29998779296875, 25%=-462.25, 50%=-443.0, 75%=-422.5, 90%=-412.8999938964844, 95%=-403.8500061035156, 98%=-383.8399963378906
ranking_best_algo: CMApara
ranking_best_score: 453.82
ranking_my_rank: 9/504 (98.4%)
ranking_my_percent: 98.41269841269842
