ConfigName: kjsd__advperagentrankweighted__M4__L30__eps0p01__g0p0007__ds0p05__dm0p05
Problem: NK
Kernel: jsd
Advantage: peragentrankweighted
M: 4
lambda: 30
epsilon_svgd: 0.01
gamma: 0.0007
decay_start_ratio: 0.05
decay_min_factor: 0.05
bandwith_kernel: None
no_interact: False
avg_score: 0.7443943619728088
median_score: 0.7411027550697327
std_score: 0.028868280351161957
percentiles: 2%=0.6995564103126526, 5%=0.7078906297683716, 10%=0.7122253775596619, 25%=0.722607433795929, 50%=0.7411027550697327, 75%=0.7585474252700806, 90%=0.7783373594284058, 95%=0.8047558665275574, 98%=0.8118547797203064
ranking_best_algo: CMApara
ranking_best_score: 0.7459277895312499
ranking_my_rank: 4/504 (99.4%)
ranking_my_percent: 99.4047619047619
