ConfigName: krbf__advnormalizedfitness__M2__L10__eps0p015__g0p007__ds0p01__dm0p01
Problem: QUBO
Kernel: rbf
Advantage: normalizedfitness
M: 2
lambda: 10
epsilon_svgd: 0.015
gamma: 0.007
decay_start_ratio: 0.01
decay_min_factor: 0.01
bandwith_kernel: None
no_interact: False
avg_score: -1200.780029296875
median_score: -1196.5
std_score: 55.21894073486328
percentiles: 2%=-1353.0400390625, 5%=-1305.199951171875, 10%=-1267.0999755859375, 25%=-1233.25, 50%=-1196.5, 75%=-1163.75, 90%=-1139.9000244140625, 95%=-1122.5, 98%=-1098.8800048828125
ranking_best_algo: Tabu
ranking_best_score: 1216.16
ranking_my_rank: 42/504 (91.9%)
ranking_my_percent: 91.86507936507937
