ConfigName: kjsd__advperagentrankweighted__M3__L20__eps0p005__g0p0007__ds0p05__dm0p2
Problem: NK
Kernel: jsd
Advantage: peragentrankweighted
M: 3
lambda: 20
epsilon_svgd: 0.005
gamma: 0.0007
decay_start_ratio: 0.05
decay_min_factor: 0.2
bandwith_kernel: None
no_interact: False
avg_score: 0.7438062429428101
median_score: 0.7439609169960022
std_score: 0.01335893664509058
percentiles: 2%=0.7163395285606384, 5%=0.7184698581695557, 10%=0.7265748977661133, 25%=0.7363069653511047, 50%=0.7439609169960022, 75%=0.7515343427658081, 90%=0.7614696025848389, 95%=0.764938473701477, 98%=0.7726731896400452
ranking_best_algo: Tabu
ranking_best_score: 0.7601875690625
ranking_my_rank: 7/504 (98.8%)
ranking_my_percent: 98.80952380952381
