ConfigName: kjsd__advperagentrankweighted__M3__L18__eps0p005__g0p0005__ds0p2__dm0p05
Problem: QUBO
Kernel: jsd
Advantage: peragentrankweighted
M: 3
lambda: 18
epsilon_svgd: 0.005
gamma: 0.0005
decay_start_ratio: 0.2
decay_min_factor: 0.05
bandwith_kernel: None
no_interact: False
avg_score: -941.5
median_score: -939.0
std_score: 69.5911636352539
percentiles: 2%=-1074.0, 5%=-1058.25, 10%=-1034.800048828125, 25%=-996.75, 50%=-939.0, 75%=-896.5, 90%=-864.5999755859375, 95%=-824.0999755859375, 98%=-788.9600219726562
ranking_best_algo: CMApara
ranking_best_score: 964.9
ranking_my_rank: 5/504 (99.2%)
ranking_my_percent: 99.2063492063492
