ConfigName: krbf__advnormalizedfitness__M3__L15__eps0p025__g0p005__ds0p01__dm0p01
Problem: QUBO
Kernel: rbf
Advantage: normalizedfitness
M: 3
lambda: 15
epsilon_svgd: 0.025
gamma: 0.005
decay_start_ratio: 0.01
decay_min_factor: 0.01
bandwith_kernel: None
no_interact: False
avg_score: -310.8399963378906
median_score: -314.0
std_score: 37.94013977050781
percentiles: 2%=-394.0400085449219, 5%=-386.1000061035156, 10%=-354.79998779296875, 25%=-334.5, 50%=-314.0, 75%=-274.75, 90%=-265.0, 95%=-261.0, 98%=-257.8399658203125
ranking_best_algo: CMApara
ranking_best_score: 319.29999999999995
ranking_my_rank: 40/504 (92.3%)
ranking_my_percent: 92.26190476190476
