ConfigName: kjsd__advperagentrankweighted__M3__L20__eps0p007__g0p0007__ds0p05__dm0p05
Problem: NK
Kernel: jsd
Advantage: peragentrankweighted
M: 3
lambda: 20
epsilon_svgd: 0.007
gamma: 0.0007
decay_start_ratio: 0.05
decay_min_factor: 0.05
bandwith_kernel: None
no_interact: False
avg_score: 0.7356824278831482
median_score: 0.7367001175880432
std_score: 0.00843995064496994
percentiles: 2%=0.7156895399093628, 5%=0.7187252044677734, 10%=0.7239210605621338, 25%=0.7311064004898071, 50%=0.7367001175880432, 75%=0.7423838376998901, 90%=0.7459343075752258, 95%=0.746992826461792, 98%=0.7496206760406494
ranking_best_algo: PBIL
ranking_best_score: 0.7248786399609374
ranking_my_rank: 1/504 (100.0%)
ranking_my_percent: 100.0
