ConfigName: kjsd__advperagentrankweighted__M4__L20__eps0p005__g0p0005__ds0p2__dm0p2
Problem: QUBO
Kernel: jsd
Advantage: peragentrankweighted
M: 4
lambda: 20
epsilon_svgd: 0.005
gamma: 0.0005
decay_start_ratio: 0.2
decay_min_factor: 0.2
bandwith_kernel: None
no_interact: False
avg_score: -3237.8798828125
median_score: -3230.0
std_score: 141.01329040527344
percentiles: 2%=-3513.0, 5%=-3505.14990234375, 10%=-3432.10009765625, 25%=-3341.0, 50%=-3230.0, 75%=-3137.0, 90%=-3059.60009765625, 95%=-3033.60009765625, 98%=-2998.47998046875
ranking_best_algo: RLSOnePlusOne
ranking_best_score: 3316.5199999999995
ranking_my_rank: 42/504 (91.9%)
ranking_my_percent: 91.86507936507937
