ConfigName: kjsd__advperagentrankweighted__M4__L24__eps0p03__g0p0005__ds0p05__dm0p05
Problem: QUBO
Kernel: jsd
Advantage: peragentrankweighted
M: 4
lambda: 24
epsilon_svgd: 0.03
gamma: 0.0005
decay_start_ratio: 0.05
decay_min_factor: 0.05
bandwith_kernel: None
no_interact: False
avg_score: -3269.159912109375
median_score: -3258.0
std_score: 103.69712829589844
percentiles: 2%=-3488.260009765625, 5%=-3449.300048828125, 10%=-3400.60009765625, 25%=-3343.0, 50%=-3258.0, 75%=-3205.5, 90%=-3129.699951171875, 95%=-3091.64990234375, 98%=-3067.919921875
ranking_best_algo: RLSOnePlusOne
ranking_best_score: 3316.5199999999995
ranking_my_rank: 12/504 (97.8%)
ranking_my_percent: 97.81746031746032
