ConfigName: krbf__advnormalizedfitness__M4__L8__eps0p025__g0p007__ds0p15__dm0p3
Problem: QUBO
Kernel: rbf
Advantage: normalizedfitness
M: 4
lambda: 8
epsilon_svgd: 0.025
gamma: 0.007
decay_start_ratio: 0.15
decay_min_factor: 0.3
bandwith_kernel: None
no_interact: False
avg_score: -1473.4200439453125
median_score: -1474.5
std_score: 107.05682373046875
percentiles: 2%=-1661.6199951171875, 5%=-1628.75, 10%=-1609.0999755859375, 25%=-1547.25, 50%=-1474.5, 75%=-1388.75, 90%=-1340.199951171875, 95%=-1296.9000244140625, 98%=-1265.0
ranking_best_algo: NLOPT_LN_PRAXIS
ranking_best_score: 1607.12
ranking_my_rank: 84/504 (83.5%)
ranking_my_percent: 83.53174603174604
