ConfigName: kjsd__advperagentrankweighted__M5__L10__eps0p005__g0p003__ds0p2__dm0p2
Problem: QUBO
Kernel: jsd
Advantage: peragentrankweighted
M: 5
lambda: 10
epsilon_svgd: 0.005
gamma: 0.003
decay_start_ratio: 0.2
decay_min_factor: 0.2
bandwith_kernel: None
no_interact: False
avg_score: -398.55999755859375
median_score: -396.5
std_score: 28.777185440063477
percentiles: 2%=-457.0, 5%=-448.04998779296875, 10%=-438.0, 25%=-419.25, 50%=-396.5, 75%=-378.0, 90%=-362.0, 95%=-353.8999938964844, 98%=-345.8800048828125
ranking_best_algo: Tabu
ranking_best_score: 438.12
ranking_my_rank: 228/504 (55.0%)
ranking_my_percent: 54.96031746031746
