ConfigName: krbf__advnormalizedfitness__M4__L10__eps0p01__g0p002__ds0p05__dm0p05
Problem: QUBO
Kernel: rbf
Advantage: normalizedfitness
M: 4
lambda: 10
epsilon_svgd: 0.01
gamma: 0.002
decay_start_ratio: 0.05
decay_min_factor: 0.05
bandwith_kernel: None
no_interact: False
avg_score: -1188.219970703125
median_score: -1184.0
std_score: 55.18125915527344
percentiles: 2%=-1319.3199462890625, 5%=-1297.800048828125, 10%=-1263.199951171875, 25%=-1218.25, 50%=-1184.0, 75%=-1151.0, 90%=-1115.800048828125, 95%=-1109.0, 98%=-1104.9599609375
ranking_best_algo: Tabu
ranking_best_score: 1216.16
ranking_my_rank: 61/504 (88.1%)
ranking_my_percent: 88.0952380952381
