ConfigName: kjsd__advperagentrankweighted__M4__L24__eps0p005__g0p0007__ds0p05__dm0p05
Problem: NK
Kernel: jsd
Advantage: peragentrankweighted
M: 4
lambda: 24
epsilon_svgd: 0.005
gamma: 0.0007
decay_start_ratio: 0.05
decay_min_factor: 0.05
bandwith_kernel: None
no_interact: False
avg_score: 0.7454081177711487
median_score: 0.7423176169395447
std_score: 0.028407864272594452
percentiles: 2%=0.6980054378509521, 5%=0.7081101536750793, 10%=0.7105557918548584, 25%=0.7232238054275513, 50%=0.7423176169395447, 75%=0.7580187320709229, 90%=0.7783373594284058, 95%=0.8118547797203064, 98%=0.8118547797203064
ranking_best_algo: CMApara
ranking_best_score: 0.7459277895312499
ranking_my_rank: 2/504 (99.8%)
ranking_my_percent: 99.8015873015873
