ConfigName: kjsd__advperagentrankweighted__M3__L16__eps0p007__g0p003__ds0p2__dm0p1
Problem: QUBO
Kernel: jsd
Advantage: peragentrankweighted
M: 3
lambda: 16
epsilon_svgd: 0.007
gamma: 0.003
decay_start_ratio: 0.2
decay_min_factor: 0.1
bandwith_kernel: None
no_interact: False
avg_score: -139.72000122070312
median_score: -141.0
std_score: 11.142782211303711
percentiles: 2%=-158.0399932861328, 5%=-158.0, 10%=-156.0, 25%=-146.0, 50%=-141.0, 75%=-132.0, 90%=-125.0, 95%=-120.94999694824219, 98%=-118.95999908447266
ranking_best_algo: DiscreteDE
ranking_best_score: 143.4
ranking_my_rank: 83/504 (83.7%)
ranking_my_percent: 83.73015873015873
