ConfigName: krbf__advnormalizedfitness__M2__L6__eps0p02__g0p006__ds0p3__dm0p01
Problem: QUBO
Kernel: rbf
Advantage: normalizedfitness
M: 2
lambda: 6
epsilon_svgd: 0.02
gamma: 0.006
decay_start_ratio: 0.3
decay_min_factor: 0.01
bandwith_kernel: None
no_interact: False
avg_score: -1170.219970703125
median_score: -1164.0
std_score: 62.8701171875
percentiles: 2%=-1317.0400390625, 5%=-1299.300048828125, 10%=-1240.5999755859375, 25%=-1210.5, 50%=-1164.0, 75%=-1125.0, 90%=-1099.0, 95%=-1085.9000244140625, 98%=-1052.919921875
ranking_best_algo: Tabu
ranking_best_score: 1216.16
ranking_my_rank: 91/504 (82.1%)
ranking_my_percent: 82.14285714285714
