ConfigName: krbf__advnormalizedfitness__M3__L10__eps0p033__g0p01__ds0p01__dm0p3
Problem: NK
Kernel: rbf
Advantage: normalizedfitness
M: 3
lambda: 10
epsilon_svgd: 0.033
gamma: 0.01
decay_start_ratio: 0.01
decay_min_factor: 0.3
bandwith_kernel: None
no_interact: False
avg_score: 0.7107727527618408
median_score: 0.7122747302055359
std_score: 0.015362449921667576
percentiles: 2%=0.6719335317611694, 5%=0.6726441383361816, 10%=0.6964311003684998, 25%=0.707658052444458, 50%=0.7122747302055359, 75%=0.7195812463760376, 90%=0.7254834175109863, 95%=0.7326986193656921, 98%=0.7335658073425293
ranking_best_algo: CMApara
ranking_best_score: 0.707475975
ranking_my_rank: 1/504 (100.0%)
ranking_my_percent: 100.0
