ConfigName: kjsd__advperagentrankweighted__M5__L10__eps0p005__g0p003__ds0p2__dm0p2
Problem: QUBO
Kernel: jsd
Advantage: peragentrankweighted
M: 5
lambda: 10
epsilon_svgd: 0.005
gamma: 0.003
decay_start_ratio: 0.2
decay_min_factor: 0.2
bandwith_kernel: None
no_interact: False
avg_score: -1851.699951171875
median_score: -1837.5
std_score: 234.67271423339844
percentiles: 2%=-2368.260009765625, 5%=-2255.39990234375, 10%=-2183.60009765625, 25%=-2010.75, 50%=-1837.5, 75%=-1663.5, 90%=-1566.5, 95%=-1506.550048828125, 98%=-1452.56005859375
ranking_best_algo: RLSOnePlusOne
ranking_best_score: 3316.5199999999995
ranking_my_rank: 324/504 (35.9%)
ranking_my_percent: 35.91269841269841
