ConfigName: kjsd__advperagentrankweighted__M4__L10__eps0p01__g0p0003__ds0p4__dm0p05
Problem: NK
Kernel: jsd
Advantage: peragentrankweighted
M: 4
lambda: 10
epsilon_svgd: 0.01
gamma: 0.0003
decay_start_ratio: 0.4
decay_min_factor: 0.05
bandwith_kernel: None
no_interact: False
avg_score: 0.7309325337409973
median_score: 0.7329954504966736
std_score: 0.009661125019192696
percentiles: 2%=0.7116056680679321, 5%=0.7146235704421997, 10%=0.7175747752189636, 25%=0.7240877151489258, 50%=0.7329954504966736, 75%=0.7373121976852417, 90%=0.74273282289505, 95%=0.7451222538948059, 98%=0.7494460344314575
ranking_best_algo: PBIL
ranking_best_score: 0.730509098125
ranking_my_rank: 1/504 (100.0%)
ranking_my_percent: 100.0
