ConfigName: kjsd__advperagentrankweighted__M3__L24__eps0p005__g0p001__ds0p1__dm0p05
Problem: NK
Kernel: jsd
Advantage: peragentrankweighted
M: 3
lambda: 24
epsilon_svgd: 0.005
gamma: 0.001
decay_start_ratio: 0.1
decay_min_factor: 0.05
bandwith_kernel: None
no_interact: False
avg_score: 0.7303237915039062
median_score: 0.7311301231384277
std_score: 0.01071900874376297
percentiles: 2%=0.7086132764816284, 5%=0.7141634225845337, 10%=0.7155332565307617, 25%=0.723056972026825, 50%=0.7311301231384277, 75%=0.7386924624443054, 90%=0.74505215883255, 95%=0.7463787198066711, 98%=0.7492390275001526
ranking_best_algo: Tabu
ranking_best_score: 0.7429702712499999
ranking_my_rank: 2/504 (99.8%)
ranking_my_percent: 99.8015873015873
