ConfigName: krbf__advnormalizedfitness__M3__L12__eps0p015__g0p007__ds0p01__dm0p01
Problem: QUBO
Kernel: rbf
Advantage: normalizedfitness
M: 3
lambda: 12
epsilon_svgd: 0.015
gamma: 0.007
decay_start_ratio: 0.01
decay_min_factor: 0.01
bandwith_kernel: None
no_interact: False
avg_score: -426.5199890136719
median_score: -427.5
std_score: 24.855775833129883
percentiles: 2%=-471.0, 5%=-466.1499938964844, 10%=-458.20001220703125, 25%=-445.0, 50%=-427.5, 75%=-409.75, 90%=-395.0, 95%=-386.95001220703125, 98%=-378.8399658203125
ranking_best_algo: CMAL3
ranking_best_score: 435.36
ranking_my_rank: 23/504 (95.6%)
ranking_my_percent: 95.63492063492063
