ConfigName: kjsd__advperagentrankweighted__M3__L16__eps0p007__g0p001__ds0p05__dm0p1
Problem: NK
Kernel: jsd
Advantage: peragentrankweighted
M: 3
lambda: 16
epsilon_svgd: 0.007
gamma: 0.001
decay_start_ratio: 0.05
decay_min_factor: 0.1
bandwith_kernel: None
no_interact: False
avg_score: 0.735493540763855
median_score: 0.7354024648666382
std_score: 0.010332584381103516
percentiles: 2%=0.7168741822242737, 5%=0.718049168586731, 10%=0.7229747176170349, 25%=0.7271833419799805, 50%=0.7354024648666382, 75%=0.7423142194747925, 90%=0.7494434714317322, 95%=0.752108097076416, 98%=0.7543773651123047
ranking_best_algo: Tabu
ranking_best_score: 0.7429702712499999
ranking_my_rank: 2/504 (99.8%)
ranking_my_percent: 99.8015873015873
