ConfigName: kjsd__advperagentrankweighted__M3__L24__eps0p007__g0p0005__ds0p2__dm0p05
Problem: QUBO
Kernel: jsd
Advantage: peragentrankweighted
M: 3
lambda: 24
epsilon_svgd: 0.007
gamma: 0.0005
decay_start_ratio: 0.2
decay_min_factor: 0.05
bandwith_kernel: None
no_interact: False
avg_score: -1183.5
median_score: -1182.5
std_score: 58.46443557739258
percentiles: 2%=-1303.3199462890625, 5%=-1272.550048828125, 10%=-1259.699951171875, 25%=-1221.0, 50%=-1182.5, 75%=-1144.0, 90%=-1109.699951171875, 95%=-1091.800048828125, 98%=-1069.52001953125
ranking_best_algo: Tabu
ranking_best_score: 1216.16
ranking_my_rank: 65/504 (87.3%)
ranking_my_percent: 87.3015873015873
