ConfigName: krbf__advnormalizedfitness__M3__L15__eps0p033__g0p015__ds0p01__dm0p3
Problem: QUBO
Kernel: rbf
Advantage: normalizedfitness
M: 3
lambda: 15
epsilon_svgd: 0.033
gamma: 0.015
decay_start_ratio: 0.01
decay_min_factor: 0.3
bandwith_kernel: None
no_interact: False
avg_score: -150.55999755859375
median_score: -151.0
std_score: 12.495055198669434
percentiles: 2%=-179.0, 5%=-179.0, 10%=-165.09999084472656, 25%=-155.75, 50%=-151.0, 75%=-140.75, 90%=-136.0, 95%=-133.85000610351562, 98%=-130.97999572753906
ranking_best_algo: CMApara
ranking_best_score: 154.28
ranking_my_rank: 76/504 (85.1%)
ranking_my_percent: 85.11904761904762
