ConfigName: krbf__advnormalizedfitness__M4__L8__eps0p03__g0p005__ds0p15__dm0p05
Problem: NK
Kernel: rbf
Advantage: normalizedfitness
M: 4
lambda: 8
epsilon_svgd: 0.03
gamma: 0.005
decay_start_ratio: 0.15
decay_min_factor: 0.05
bandwith_kernel: None
no_interact: False
avg_score: 0.7446221113204956
median_score: 0.7408133745193481
std_score: 0.028356220573186874
percentiles: 2%=0.7013377547264099, 5%=0.7053586840629578, 10%=0.710635781288147, 25%=0.7265199422836304, 50%=0.7408133745193481, 75%=0.7601335048675537, 90%=0.7780020236968994, 95%=0.8061750531196594, 98%=0.8118547797203064
ranking_best_algo: CMApara
ranking_best_score: 0.7459277895312499
ranking_my_rank: 3/504 (99.6%)
ranking_my_percent: 99.60317460317461
