ConfigName: krbf__advnormalizedfitness__M4__L8__eps0p025__g0p005__ds0p05__dm0p05
Problem: NK
Kernel: rbf
Advantage: normalizedfitness
M: 4
lambda: 8
epsilon_svgd: 0.025
gamma: 0.005
decay_start_ratio: 0.05
decay_min_factor: 0.05
bandwith_kernel: None
no_interact: False
avg_score: 0.7439975738525391
median_score: 0.7423104643821716
std_score: 0.02877957746386528
percentiles: 2%=0.7046889066696167, 5%=0.7077354788780212, 10%=0.7103946208953857, 25%=0.7215771675109863, 50%=0.7423104643821716, 75%=0.7580187320709229, 90%=0.7782467603683472, 95%=0.8047558665275574, 98%=0.8118547797203064
ranking_best_algo: CMApara
ranking_best_score: 0.7459277895312499
ranking_my_rank: 6/504 (99.0%)
ranking_my_percent: 99.0079365079365
