ConfigName: kjsd__advperagentrankweighted__M3__L24__eps0p005__g0p0005__ds0p05__dm0p1
Problem: NK
Kernel: jsd
Advantage: peragentrankweighted
M: 3
lambda: 24
epsilon_svgd: 0.005
gamma: 0.0005
decay_start_ratio: 0.05
decay_min_factor: 0.1
bandwith_kernel: None
no_interact: False
avg_score: 0.7493612766265869
median_score: 0.74919193983078
std_score: 0.010041369125247002
percentiles: 2%=0.7299670577049255, 5%=0.7328742742538452, 10%=0.7366526126861572, 25%=0.7440812587738037, 50%=0.74919193983078, 75%=0.7568961977958679, 90%=0.7637247443199158, 95%=0.7671241760253906, 98%=0.7676358222961426
ranking_best_algo: PBIL
ranking_best_score: 0.733570253046875
ranking_my_rank: 1/504 (100.0%)
ranking_my_percent: 100.0
