ConfigName: krbf__advnormalizedfitness__M4__L10__eps0p025__g0p005__ds0p3__dm0p3
Problem: QUBO
Kernel: rbf
Advantage: normalizedfitness
M: 4
lambda: 10
epsilon_svgd: 0.025
gamma: 0.005
decay_start_ratio: 0.3
decay_min_factor: 0.3
bandwith_kernel: None
no_interact: False
avg_score: -1168.8199462890625
median_score: -1164.5
std_score: 63.85630798339844
percentiles: 2%=-1291.06005859375, 5%=-1281.300048828125, 10%=-1258.0999755859375, 25%=-1217.25, 50%=-1164.5, 75%=-1128.5, 90%=-1084.9000244140625, 95%=-1067.9000244140625, 98%=-1048.679931640625
ranking_best_algo: Tabu
ranking_best_score: 1216.16
ranking_my_rank: 92/504 (81.9%)
ranking_my_percent: 81.94444444444444
