ConfigName: kjsd__advperagentrankweighted__M3__L16__eps0p005__g0p001__ds0p1__dm0p2
Problem: QUBO
Kernel: jsd
Advantage: peragentrankweighted
M: 3
lambda: 16
epsilon_svgd: 0.005
gamma: 0.001
decay_start_ratio: 0.1
decay_min_factor: 0.2
bandwith_kernel: None
no_interact: False
avg_score: -3265.639892578125
median_score: -3273.0
std_score: 122.61529541015625
percentiles: 2%=-3515.260009765625, 5%=-3467.949951171875, 10%=-3408.300048828125, 25%=-3351.0, 50%=-3273.0, 75%=-3175.5, 90%=-3111.300048828125, 95%=-3077.64990234375, 98%=-3033.47998046875
ranking_best_algo: RLSOnePlusOne
ranking_best_score: 3316.5199999999995
ranking_my_rank: 13/504 (97.6%)
ranking_my_percent: 97.61904761904762
