ConfigName: krbf__advnormalizedfitness__M2__L10__eps0p015__g0p01__ds0p01__dm0p3
Problem: QUBO
Kernel: rbf
Advantage: normalizedfitness
M: 2
lambda: 10
epsilon_svgd: 0.015
gamma: 0.01
decay_start_ratio: 0.01
decay_min_factor: 0.3
bandwith_kernel: None
no_interact: False
avg_score: -574.8200073242188
median_score: -578.0
std_score: 26.248191833496094
percentiles: 2%=-623.0800170898438, 5%=-617.0999755859375, 10%=-611.0, 25%=-593.25, 50%=-578.0, 75%=-555.0, 90%=-541.9000244140625, 95%=-531.8499755859375, 98%=-522.9199829101562
ranking_best_algo: Tabu
ranking_best_score: 588.7199999999999
ranking_my_rank: 57/503 (88.9%)
ranking_my_percent: 88.86679920477137
