ConfigName: kjsd__advperagentrankweighted__M3__L20__eps0p007__g0p0007__ds0p1__dm0p2
Problem: QUBO
Kernel: jsd
Advantage: peragentrankweighted
M: 3
lambda: 20
epsilon_svgd: 0.007
gamma: 0.0007
decay_start_ratio: 0.1
decay_min_factor: 0.2
bandwith_kernel: None
no_interact: False
avg_score: -145.97999572753906
median_score: -145.0
std_score: 13.736068725585938
percentiles: 2%=-179.0, 5%=-164.75, 10%=-160.0, 25%=-154.25, 50%=-145.0, 75%=-139.0, 90%=-129.0, 95%=-123.0, 98%=-117.0
ranking_best_algo: CMApara
ranking_best_score: 154.28
ranking_my_rank: 134/504 (73.6%)
ranking_my_percent: 73.61111111111111
