ConfigName: kjsd__advperagentrankweighted__M4__L30__eps0p01__g0p0003__ds0p2__dm0p05
Problem: NK
Kernel: jsd
Advantage: peragentrankweighted
M: 4
lambda: 30
epsilon_svgd: 0.01
gamma: 0.0003
decay_start_ratio: 0.2
decay_min_factor: 0.05
bandwith_kernel: None
no_interact: False
avg_score: 0.7206358313560486
median_score: 0.7191856503486633
std_score: 0.007485693320631981
percentiles: 2%=0.7071305513381958, 5%=0.7074531316757202, 10%=0.7123075723648071, 25%=0.7156730890274048, 50%=0.7191856503486633, 75%=0.7256928086280823, 90%=0.7298207879066467, 95%=0.7328349947929382, 98%=0.7341343760490417
ranking_best_algo: PBIL
ranking_best_score: 0.7170882103515624
ranking_my_rank: 1/504 (100.0%)
ranking_my_percent: 100.0
