ConfigName: krbf__advnormalizedfitness__M1__L8__eps0p025__g0p015__ds0p3__dm0p01
Problem: QUBO
Kernel: rbf
Advantage: normalizedfitness
M: 1
lambda: 8
epsilon_svgd: 0.025
gamma: 0.015
decay_start_ratio: 0.3
decay_min_factor: 0.01
bandwith_kernel: None
no_interact: False
avg_score: -887.02001953125
median_score: -891.0
std_score: 71.62080383300781
percentiles: 2%=-1018.3599853515625, 5%=-1010.2000122070312, 10%=-975.4000244140625, 25%=-938.0, 50%=-891.0, 75%=-831.5, 90%=-799.7000122070312, 95%=-786.9500122070312, 98%=-730.7599487304688
ranking_best_algo: CMAL3
ranking_best_score: 928.5800000000002
ranking_my_rank: 102/504 (80.0%)
ranking_my_percent: 79.96031746031746
