ConfigName: kjsd__advperagentrankweighted__M5__L24__eps0p005__g0p0005__ds0p05__dm0p05
Problem: QUBO
Kernel: jsd
Advantage: peragentrankweighted
M: 5
lambda: 24
epsilon_svgd: 0.005
gamma: 0.0005
decay_start_ratio: 0.05
decay_min_factor: 0.05
bandwith_kernel: None
no_interact: False
avg_score: -2488.219970703125
median_score: -2482.5
std_score: 134.43553161621094
percentiles: 2%=-2762.159912109375, 5%=-2727.5, 10%=-2644.199951171875, 25%=-2571.25, 50%=-2482.5, 75%=-2399.75, 90%=-2313.89990234375, 95%=-2286.39990234375, 98%=-2269.60009765625
ranking_best_algo: SVM1MetaModelLogNormal
ranking_best_score: 2605.14
ranking_my_rank: 69/504 (86.5%)
ranking_my_percent: 86.5079365079365
