ConfigName: kfr__advglobalrankweighted__M4__L13__eps0p03__g0p005__ds0p01__dm0p01
Problem: QUBO
Kernel: fr
Advantage: globalrankweighted
M: 4
lambda: 13
epsilon_svgd: 0.03
gamma: 0.005
decay_start_ratio: 0.01
decay_min_factor: 0.01
bandwith_kernel: None
no_interact: False
avg_score: -3231.699951171875
median_score: -3221.0
std_score: 122.05503845214844
percentiles: 2%=-3522.43994140625, 5%=-3442.60009765625, 10%=-3388.699951171875, 25%=-3304.0, 50%=-3221.0, 75%=-3155.5, 90%=-3092.5, 95%=-3027.64990234375, 98%=-3011.6201171875
ranking_best_algo: RLSOnePlusOne
ranking_best_score: 3316.5199999999995
ranking_my_rank: 42/504 (91.9%)
ranking_my_percent: 91.86507936507937
