ConfigName: kfr__advglobalrankweighted__M2__L11__eps0p02__g0p005__ds0p01__dm0p01
Problem: QUBO
Kernel: fr
Advantage: globalrankweighted
M: 2
lambda: 11
epsilon_svgd: 0.02
gamma: 0.005
decay_start_ratio: 0.01
decay_min_factor: 0.01
bandwith_kernel: None
no_interact: False
avg_score: -1169.3800048828125
median_score: -1166.5
std_score: 66.59095764160156
percentiles: 2%=-1296.1199951171875, 5%=-1274.550048828125, 10%=-1247.800048828125, 25%=-1216.25, 50%=-1166.5, 75%=-1128.25, 90%=-1089.699951171875, 95%=-1069.60009765625, 98%=-1043.919921875
ranking_best_algo: Tabu
ranking_best_score: 1216.16
ranking_my_rank: 92/504 (81.9%)
ranking_my_percent: 81.94444444444444
