ConfigName: kjsd__advperagentrankweighted__M3__L18__eps0p007__g0p0007__ds0p05__dm0p1
Problem: QUBO
Kernel: jsd
Advantage: peragentrankweighted
M: 3
lambda: 18
epsilon_svgd: 0.007
gamma: 0.0007
decay_start_ratio: 0.05
decay_min_factor: 0.1
bandwith_kernel: None
no_interact: False
avg_score: -935.1799926757812
median_score: -932.5
std_score: 61.621646881103516
percentiles: 2%=-1046.3800048828125, 5%=-1037.0, 10%=-1019.0999755859375, 25%=-977.5, 50%=-932.5, 75%=-895.0, 90%=-848.7999877929688, 95%=-838.7999877929688, 98%=-816.6799926757812
ranking_best_algo: CMApara
ranking_best_score: 964.9
ranking_my_rank: 16/504 (97.0%)
ranking_my_percent: 97.02380952380952
