ConfigName: kjsd__advperagentrankweighted__M5__L24__eps0p03__g0p0003__ds0p2__dm0p05
Problem: QUBO
Kernel: jsd
Advantage: peragentrankweighted
M: 5
lambda: 24
epsilon_svgd: 0.03
gamma: 0.0003
decay_start_ratio: 0.2
decay_min_factor: 0.05
bandwith_kernel: None
no_interact: False
avg_score: -572.1400146484375
median_score: -570.5
std_score: 26.83245086669922
percentiles: 2%=-625.0800170898438, 5%=-615.0999755859375, 10%=-609.4000244140625, 25%=-589.25, 50%=-570.5, 75%=-550.5, 90%=-540.0, 95%=-533.0, 98%=-528.7999877929688
ranking_best_algo: Tabu
ranking_best_score: 588.7199999999999
ranking_my_rank: 62/503 (87.9%)
ranking_my_percent: 87.8727634194831
