ConfigName: kjsd__advperagentrankweighted__M3__L16__eps0p005__g0p003__ds0p2__dm0p1
Problem: NK
Kernel: jsd
Advantage: peragentrankweighted
M: 3
lambda: 16
epsilon_svgd: 0.005
gamma: 0.003
decay_start_ratio: 0.2
decay_min_factor: 0.1
bandwith_kernel: None
no_interact: False
avg_score: 0.5941289663314819
median_score: 0.594237744808197
std_score: 0.009980947710573673
percentiles: 2%=0.5797157883644104, 5%=0.5801355838775635, 10%=0.5816117525100708, 25%=0.5862095355987549, 50%=0.594237744808197, 75%=0.5995630025863647, 90%=0.6047481894493103, 95%=0.6136593818664551, 98%=0.6185210943222046
ranking_best_algo: PBIL
ranking_best_score: 0.7170882103515624
ranking_my_rank: 364/504 (28.0%)
ranking_my_percent: 27.976190476190474
