ConfigName: kjsd__advperagentrankweighted__M5__L8__eps0p03__g0p0003__ds0p05__dm0p05
Problem: QUBO
Kernel: jsd
Advantage: peragentrankweighted
M: 5
lambda: 8
epsilon_svgd: 0.03
gamma: 0.0003
decay_start_ratio: 0.05
decay_min_factor: 0.05
bandwith_kernel: None
no_interact: False
avg_score: -546.5399780273438
median_score: -545.5
std_score: 26.90926170349121
percentiles: 2%=-596.2000122070312, 5%=-591.2000122070312, 10%=-580.2000122070312, 25%=-566.25, 50%=-545.5, 75%=-528.0, 90%=-510.70001220703125, 95%=-503.95001220703125, 98%=-499.9800109863281
ranking_best_algo: Tabu
ranking_best_score: 588.7199999999999
ranking_my_rank: 156/503 (69.2%)
ranking_my_percent: 69.18489065606362
