ConfigName: krbf__advnormalizedfitness__M3__L12__eps0p025__g0p007__ds0p15__dm0p01
Problem: QUBO
Kernel: rbf
Advantage: normalizedfitness
M: 3
lambda: 12
epsilon_svgd: 0.025
gamma: 0.007
decay_start_ratio: 0.15
decay_min_factor: 0.01
bandwith_kernel: None
no_interact: False
avg_score: -423.9200134277344
median_score: -424.5
std_score: 28.15445899963379
percentiles: 2%=-477.0, 5%=-473.1000061035156, 10%=-459.1000061035156, 25%=-442.0, 50%=-424.5, 75%=-410.0, 90%=-386.0, 95%=-378.95001220703125, 98%=-355.91998291015625
ranking_best_algo: CMAL3
ranking_best_score: 435.36
ranking_my_rank: 31/504 (94.0%)
ranking_my_percent: 94.04761904761905
