ConfigName: kjsd__advperagentrankweighted__M3__L18__eps0p01__g0p0005__ds0p2__dm0p1
Problem: QUBO
Kernel: jsd
Advantage: peragentrankweighted
M: 3
lambda: 18
epsilon_svgd: 0.01
gamma: 0.0005
decay_start_ratio: 0.2
decay_min_factor: 0.1
bandwith_kernel: None
no_interact: False
avg_score: -411.1000061035156
median_score: -412.5
std_score: 26.251665115356445
percentiles: 2%=-467.1199951171875, 5%=-453.0, 10%=-444.29998779296875, 25%=-428.5, 50%=-412.5, 75%=-391.5, 90%=-378.70001220703125, 95%=-365.70001220703125, 98%=-357.9200134277344
ranking_best_algo: Tabu
ranking_best_score: 438.12
ranking_my_rank: 80/504 (84.3%)
ranking_my_percent: 84.32539682539682
