ConfigName: kjsd__advperagentrankweighted__M3__L20__eps0p005__g0p0007__ds0p1__dm0p2
Problem: NK
Kernel: jsd
Advantage: peragentrankweighted
M: 3
lambda: 20
epsilon_svgd: 0.005
gamma: 0.0007
decay_start_ratio: 0.1
decay_min_factor: 0.2
bandwith_kernel: None
no_interact: False
avg_score: 0.7125875949859619
median_score: 0.7126269340515137
std_score: 0.00923493504524231
percentiles: 2%=0.6954212784767151, 5%=0.6988980770111084, 10%=0.7011620998382568, 25%=0.7051180601119995, 50%=0.7126269340515137, 75%=0.7175713181495667, 90%=0.7255844473838806, 95%=0.7279471158981323, 98%=0.7325393557548523
ranking_best_algo: PBIL
ranking_best_score: 0.7170882103515624
ranking_my_rank: 42/504 (91.9%)
ranking_my_percent: 91.86507936507937
