ConfigName: kjsd__advperagentrankweighted__M4__L10__eps0p02__g0p0005__ds0p2__dm0p05
Problem: NK
Kernel: jsd
Advantage: peragentrankweighted
M: 4
lambda: 10
epsilon_svgd: 0.02
gamma: 0.0005
decay_start_ratio: 0.2
decay_min_factor: 0.05
bandwith_kernel: None
no_interact: False
avg_score: 0.72102952003479
median_score: 0.7201210260391235
std_score: 0.009600408375263214
percentiles: 2%=0.7013314366340637, 5%=0.7062961459159851, 10%=0.7105441093444824, 25%=0.7148951292037964, 50%=0.7201210260391235, 75%=0.7259639501571655, 90%=0.7339861392974854, 95%=0.7382190227508545, 98%=0.7421732544898987
ranking_best_algo: Tabu
ranking_best_score: 0.7429702712499999
ranking_my_rank: 10/504 (98.2%)
ranking_my_percent: 98.21428571428571
