ConfigName: kjsd__advperagentrankweighted__M4__L8__eps0p005__g0p0003__ds0p4__dm0p05
Problem: QUBO
Kernel: jsd
Advantage: peragentrankweighted
M: 4
lambda: 8
epsilon_svgd: 0.005
gamma: 0.0003
decay_start_ratio: 0.4
decay_min_factor: 0.05
bandwith_kernel: None
no_interact: False
avg_score: -930.4000244140625
median_score: -924.0
std_score: 65.68972778320312
percentiles: 2%=-1076.0, 5%=-1064.0, 10%=-1025.5, 25%=-966.25, 50%=-924.0, 75%=-888.0, 90%=-850.5999755859375, 95%=-836.5999755859375, 98%=-820.5599975585938
ranking_best_algo: CMApara
ranking_best_score: 964.9
ranking_my_rank: 19/504 (96.4%)
ranking_my_percent: 96.42857142857143
