ConfigName: krbf__advnormalizedfitness__M4__L8__eps0p025__g0p01__ds0p05__dm0p05
Problem: QUBO
Kernel: rbf
Advantage: normalizedfitness
M: 4
lambda: 8
epsilon_svgd: 0.025
gamma: 0.01
decay_start_ratio: 0.05
decay_min_factor: 0.05
bandwith_kernel: None
no_interact: False
avg_score: -2353.89990234375
median_score: -2338.5
std_score: 173.2721405029297
percentiles: 2%=-2737.679931640625, 5%=-2631.85009765625, 10%=-2549.300048828125, 25%=-2481.0, 50%=-2338.5, 75%=-2238.0, 90%=-2130.60009765625, 95%=-2061.699951171875, 98%=-2047.3599853515625
ranking_best_algo: SVM1MetaModelLogNormal
ranking_best_score: 2605.14
ranking_my_rank: 136/504 (73.2%)
ranking_my_percent: 73.21428571428571
