ConfigName: krbf__advnormalizedfitness__M4__L10__eps0p033__g0p015__ds0p3__dm0p3
Problem: QUBO
Kernel: rbf
Advantage: normalizedfitness
M: 4
lambda: 10
epsilon_svgd: 0.033
gamma: 0.015
decay_start_ratio: 0.3
decay_min_factor: 0.3
bandwith_kernel: None
no_interact: False
avg_score: -847.6400146484375
median_score: -836.5
std_score: 75.2123031616211
percentiles: 2%=-1008.02001953125, 5%=-969.1500244140625, 10%=-947.2999877929688, 25%=-896.75, 50%=-836.5, 75%=-798.5, 90%=-748.5999755859375, 95%=-738.0001220703125, 98%=-687.97998046875
ranking_best_algo: SVMMetaModelLogNormal
ranking_best_score: 1233.7999999999997
ranking_my_rank: 322/504 (36.3%)
ranking_my_percent: 36.30952380952381
