ConfigName: kfr__advglobalrankweighted__M2__L7__eps0p01__g0p007__ds0p01__dm0p01
Problem: NK
Kernel: fr
Advantage: globalrankweighted
M: 2
lambda: 7
epsilon_svgd: 0.01
gamma: 0.007
decay_start_ratio: 0.01
decay_min_factor: 0.01
bandwith_kernel: None
no_interact: False
avg_score: 0.755180299282074
median_score: 0.7537409067153931
std_score: 0.012332836166024208
percentiles: 2%=0.730661153793335, 5%=0.7357544302940369, 10%=0.7413322329521179, 25%=0.7459902167320251, 50%=0.7537409067153931, 75%=0.7643386125564575, 90%=0.7707718014717102, 95%=0.7750824689865112, 98%=0.7790901064872742
ranking_best_algo: Tabu
ranking_best_score: 0.7470791764843752
ranking_my_rank: 1/504 (100.0%)
ranking_my_percent: 100.0
