ConfigName: krbf__advnormalizedfitness__M4__L24__eps0p02__g0p01__ds0p15__dm0p05
Problem: NK
Kernel: rbf
Advantage: normalizedfitness
M: 4
lambda: 24
epsilon_svgd: 0.02
gamma: 0.01
decay_start_ratio: 0.15
decay_min_factor: 0.05
bandwith_kernel: None
no_interact: False
avg_score: 0.7017443180084229
median_score: 0.6998578906059265
std_score: 0.019678741693496704
percentiles: 2%=0.6639665365219116, 5%=0.6681739687919617, 10%=0.6763883233070374, 25%=0.6877704858779907, 50%=0.6998578906059265, 75%=0.7158448696136475, 90%=0.7273817658424377, 95%=0.732139527797699, 98%=0.7386471629142761
ranking_best_algo: Tabu
ranking_best_score: 0.7657846284375001
ranking_my_rank: 315/504 (37.7%)
ranking_my_percent: 37.698412698412696
