ConfigName: kjsd__advperagentrankweighted__M4__L30__eps0p01__g0p0003__ds0p2__dm0p05
Problem: NK
Kernel: jsd
Advantage: peragentrankweighted
M: 4
lambda: 30
epsilon_svgd: 0.01
gamma: 0.0003
decay_start_ratio: 0.2
decay_min_factor: 0.05
bandwith_kernel: None
no_interact: False
avg_score: 0.736644446849823
median_score: 0.7379909753799438
std_score: 0.008406095206737518
percentiles: 2%=0.7202789783477783, 5%=0.7211299538612366, 10%=0.7243095636367798, 25%=0.7313904166221619, 50%=0.7379909753799438, 75%=0.7428873181343079, 90%=0.746368944644928, 95%=0.7499039769172668, 98%=0.7509487867355347
ranking_best_algo: PBIL
ranking_best_score: 0.730509098125
ranking_my_rank: 1/504 (100.0%)
ranking_my_percent: 100.0
