ConfigName: krbf__advnormalizedfitness__M1__L8__eps0p033__g0p01__ds0p01__dm0p3
Problem: NK
Kernel: rbf
Advantage: normalizedfitness
M: 1
lambda: 8
epsilon_svgd: 0.033
gamma: 0.01
decay_start_ratio: 0.01
decay_min_factor: 0.3
bandwith_kernel: None
no_interact: False
avg_score: 0.7383049726486206
median_score: 0.7395331859588623
std_score: 0.014832845889031887
percentiles: 2%=0.7073348760604858, 5%=0.71368408203125, 10%=0.7183288335800171, 25%=0.727636456489563, 50%=0.7395331859588623, 75%=0.747504472732544, 90%=0.7567071914672852, 95%=0.7646089196205139, 98%=0.7661994099617004
ranking_best_algo: Tabu
ranking_best_score: 0.7470791764843752
ranking_my_rank: 10/504 (98.2%)
ranking_my_percent: 98.21428571428571
