ConfigName: kjsd__advperagentrankweighted__M3__L16__eps0p005__g0p0005__ds0p05__dm0p2
Problem: QUBO
Kernel: jsd
Advantage: peragentrankweighted
M: 3
lambda: 16
epsilon_svgd: 0.005
gamma: 0.0005
decay_start_ratio: 0.05
decay_min_factor: 0.2
bandwith_kernel: None
no_interact: False
avg_score: -148.0800018310547
median_score: -146.0
std_score: 12.354496955871582
percentiles: 2%=-179.0, 5%=-179.0, 10%=-160.0, 25%=-154.0, 50%=-146.0, 75%=-141.0, 90%=-135.0, 95%=-127.0, 98%=-125.0
ranking_best_algo: CMApara
ranking_best_score: 154.28
ranking_my_rank: 86/504 (83.1%)
ranking_my_percent: 83.13492063492063
