ConfigName: kjsd__advperagentrankweighted__M4__L30__eps0p01__g0p0003__ds0p2__dm0p05
Problem: NK
Kernel: jsd
Advantage: peragentrankweighted
M: 4
lambda: 30
epsilon_svgd: 0.01
gamma: 0.0003
decay_start_ratio: 0.2
decay_min_factor: 0.05
bandwith_kernel: None
no_interact: False
avg_score: 0.7116104364395142
median_score: 0.6987258791923523
std_score: 0.031212039291858673
percentiles: 2%=0.6748269200325012, 5%=0.6751645803451538, 10%=0.6791365742683411, 25%=0.6825418472290039, 50%=0.6987258791923523, 75%=0.7465697526931763, 90%=0.7535372376441956, 95%=0.7613165378570557, 98%=0.7613165378570557
ranking_best_algo: CMApara
ranking_best_score: 0.7118996098437498
ranking_my_rank: 2/504 (99.8%)
ranking_my_percent: 99.8015873015873
