ConfigName: krbf__advnormalizedfitness__M4__L15__eps0p033__g0p015__ds0p15__dm0p3
Problem: QUBO
Kernel: rbf
Advantage: normalizedfitness
M: 4
lambda: 15
epsilon_svgd: 0.033
gamma: 0.015
decay_start_ratio: 0.15
decay_min_factor: 0.3
bandwith_kernel: None
no_interact: False
avg_score: -135.72000122070312
median_score: -134.5
std_score: 10.972766876220703
percentiles: 2%=-156.0, 5%=-154.0500030517578, 10%=-151.10000610351562, 25%=-144.0, 50%=-134.5, 75%=-127.0, 90%=-122.80000305175781, 95%=-116.95000457763672, 98%=-115.0
ranking_best_algo: DiscreteDE
ranking_best_score: 143.4
ranking_my_rank: 238/504 (53.0%)
ranking_my_percent: 52.976190476190474
