ConfigName: krbf__advnormalizedfitness__M3__L12__eps0p015__g0p015__ds0p3__dm0p3
Problem: QUBO
Kernel: rbf
Advantage: normalizedfitness
M: 3
lambda: 12
epsilon_svgd: 0.015
gamma: 0.015
decay_start_ratio: 0.3
decay_min_factor: 0.3
bandwith_kernel: None
no_interact: False
avg_score: -1044.800048828125
median_score: -1023.0
std_score: 91.20745849609375
percentiles: 2%=-1264.3599853515625, 5%=-1229.300048828125, 10%=-1168.300048828125, 25%=-1086.0, 50%=-1023.0, 75%=-989.25, 90%=-945.0, 95%=-917.4500732421875, 98%=-897.97998046875
ranking_best_algo: RLSOnePlusOne
ranking_best_score: 3316.5199999999995
ranking_my_rank: 393/504 (22.2%)
ranking_my_percent: 22.22222222222222
