ConfigName: kjsd__advperagentrankweighted__M5__L8__eps0p005__g0p0005__ds0p4__dm0p05
Problem: QUBO
Kernel: jsd
Advantage: peragentrankweighted
M: 5
lambda: 8
epsilon_svgd: 0.005
gamma: 0.0005
decay_start_ratio: 0.4
decay_min_factor: 0.05
bandwith_kernel: None
no_interact: False
avg_score: -140.63999938964844
median_score: -143.0
std_score: 11.37498950958252
percentiles: 2%=-160.0, 5%=-159.0, 10%=-157.10000610351562, 25%=-146.75, 50%=-143.0, 75%=-132.0, 90%=-127.0, 95%=-123.0, 98%=-118.95999908447266
ranking_best_algo: DiscreteDE
ranking_best_score: 143.4
ranking_my_rank: 78/504 (84.7%)
ranking_my_percent: 84.72222222222223
