ConfigName: kjsd__advperagentrankweighted__M5__L10__eps0p01__g0p0007__ds0p4__dm0p2
Problem: NK
Kernel: jsd
Advantage: peragentrankweighted
M: 5
lambda: 10
epsilon_svgd: 0.01
gamma: 0.0007
decay_start_ratio: 0.4
decay_min_factor: 0.2
bandwith_kernel: None
no_interact: False
avg_score: 0.7116904258728027
median_score: 0.6994725465774536
std_score: 0.031214937567710876
percentiles: 2%=0.674249529838562, 5%=0.6751645803451538, 10%=0.6772688627243042, 25%=0.6836056113243103, 50%=0.6994725465774536, 75%=0.7467960119247437, 90%=0.7533498406410217, 95%=0.7613165378570557, 98%=0.7613165378570557
ranking_best_algo: CMApara
ranking_best_score: 0.7118996098437498
ranking_my_rank: 2/504 (99.8%)
ranking_my_percent: 99.8015873015873
