ConfigName: krbf__advnormalizedfitness__M4__L8__eps0p03__g0p005__ds0p15__dm0p05
Problem: NK
Kernel: rbf
Advantage: normalizedfitness
M: 4
lambda: 8
epsilon_svgd: 0.03
gamma: 0.005
decay_start_ratio: 0.15
decay_min_factor: 0.05
bandwith_kernel: None
no_interact: False
avg_score: 0.7069542407989502
median_score: 0.706917405128479
std_score: 0.01146409660577774
percentiles: 2%=0.6874158978462219, 5%=0.6882350444793701, 10%=0.6922560930252075, 25%=0.6963353753089905, 50%=0.706917405128479, 75%=0.7165247201919556, 90%=0.7202468514442444, 95%=0.7222002148628235, 98%=0.7237362265586853
ranking_best_algo: PBIL
ranking_best_score: 0.7013553837109374
ranking_my_rank: 1/504 (100.0%)
ranking_my_percent: 100.0
