ConfigName: krbf__advnormalizedfitness__M4__L15__eps0p033__g0p015__ds0p15__dm0p3
Problem: QUBO
Kernel: rbf
Advantage: normalizedfitness
M: 4
lambda: 15
epsilon_svgd: 0.033
gamma: 0.015
decay_start_ratio: 0.15
decay_min_factor: 0.3
bandwith_kernel: None
no_interact: False
avg_score: -1409.780029296875
median_score: -1400.0
std_score: 156.57086181640625
percentiles: 2%=-1770.47998046875, 5%=-1647.3499755859375, 10%=-1611.0, 25%=-1507.75, 50%=-1400.0, 75%=-1320.75, 90%=-1195.4000244140625, 95%=-1171.2001953125, 98%=-1095.8800048828125
ranking_best_algo: DiscreteLengler2OnePlusOne
ranking_best_score: 2617.04
ranking_my_rank: 341/504 (32.5%)
ranking_my_percent: 32.53968253968254
