ConfigName: krbf__advnormalizedfitness__M2__L8__eps0p025__g0p007__ds0p15__dm0p01
Problem: NK
Kernel: rbf
Advantage: normalizedfitness
M: 2
lambda: 8
epsilon_svgd: 0.025
gamma: 0.007
decay_start_ratio: 0.15
decay_min_factor: 0.01
bandwith_kernel: None
no_interact: False
avg_score: 0.7359177470207214
median_score: 0.7343477606773376
std_score: 0.015403516590595245
percentiles: 2%=0.7051280736923218, 5%=0.7085122466087341, 10%=0.7170312404632568, 25%=0.7266534566879272, 50%=0.7343477606773376, 75%=0.7463443279266357, 90%=0.7546292543411255, 95%=0.7613664865493774, 98%=0.7680309414863586
ranking_best_algo: Tabu
ranking_best_score: 0.7601875690625
ranking_my_rank: 24/504 (95.4%)
ranking_my_percent: 95.43650793650794
