ConfigName: kjsd__advperagentrankweighted__M5__L30__eps0p007__g0p0005__ds0p05__dm0p05
Problem: NK
Kernel: jsd
Advantage: peragentrankweighted
M: 5
lambda: 30
epsilon_svgd: 0.007
gamma: 0.0005
decay_start_ratio: 0.05
decay_min_factor: 0.05
bandwith_kernel: None
no_interact: False
avg_score: 0.7248032093048096
median_score: 0.7248296737670898
std_score: 0.011320427060127258
percentiles: 2%=0.7037543058395386, 5%=0.7068066596984863, 10%=0.7118619680404663, 25%=0.7172646522521973, 50%=0.7248296737670898, 75%=0.7302932143211365, 90%=0.7405858635902405, 95%=0.7466737627983093, 98%=0.7493157982826233
ranking_best_algo: Tabu
ranking_best_score: 0.7429702712499999
ranking_my_rank: 4/504 (99.4%)
ranking_my_percent: 99.4047619047619
