ConfigName: krbf__advnormalizedfitness__M3__L10__eps0p015__g0p01__ds0p15__dm0p01
Problem: QUBO
Kernel: rbf
Advantage: normalizedfitness
M: 3
lambda: 10
epsilon_svgd: 0.015
gamma: 0.01
decay_start_ratio: 0.15
decay_min_factor: 0.01
bandwith_kernel: None
no_interact: False
avg_score: -308.9800109863281
median_score: -312.0
std_score: 39.55400848388672
percentiles: 2%=-394.0400085449219, 5%=-388.1000061035156, 10%=-358.1999816894531, 25%=-336.0, 50%=-312.0, 75%=-272.75, 90%=-263.79998779296875, 95%=-255.80001831054688, 98%=-248.8999786376953
ranking_best_algo: CMApara
ranking_best_score: 319.29999999999995
ranking_my_rank: 82/504 (83.9%)
ranking_my_percent: 83.92857142857143
