ConfigName: krbf__advnormalizedfitness__M3__L8__eps0p033__g0p01__ds0p01__dm0p3
Problem: QUBO
Kernel: rbf
Advantage: normalizedfitness
M: 3
lambda: 8
epsilon_svgd: 0.033
gamma: 0.01
decay_start_ratio: 0.01
decay_min_factor: 0.3
bandwith_kernel: None
no_interact: False
avg_score: -2568.739990234375
median_score: -2562.0
std_score: 126.44861602783203
percentiles: 2%=-2830.8798828125, 5%=-2799.14990234375, 10%=-2743.10009765625, 25%=-2636.25, 50%=-2562.0, 75%=-2489.5, 90%=-2427.300048828125, 95%=-2373.5, 98%=-2307.079833984375
ranking_best_algo: DiscreteLengler2OnePlusOne
ranking_best_score: 2617.04
ranking_my_rank: 51/504 (90.1%)
ranking_my_percent: 90.07936507936508
