ConfigName: kjsd__advperagentrankweighted__M3__L16__eps0p007__g0p0007__ds0p05__dm0p1
Problem: NK
Kernel: jsd
Advantage: peragentrankweighted
M: 3
lambda: 16
epsilon_svgd: 0.007
gamma: 0.0007
decay_start_ratio: 0.05
decay_min_factor: 0.1
bandwith_kernel: None
no_interact: False
avg_score: 0.7347254157066345
median_score: 0.7361143827438354
std_score: 0.008961991406977177
percentiles: 2%=0.7165790796279907, 5%=0.7179983258247375, 10%=0.7208772301673889, 25%=0.7281786203384399, 50%=0.7361143827438354, 75%=0.7421107888221741, 90%=0.7451165914535522, 95%=0.746415913105011, 98%=0.7467132210731506
ranking_best_algo: PBIL
ranking_best_score: 0.7248786399609374
ranking_my_rank: 1/504 (100.0%)
ranking_my_percent: 100.0
