ConfigName: krbf__advnormalizedfitness__M2__L8__eps0p015__g0p005__ds0p15__dm0p3
Problem: QUBO
Kernel: rbf
Advantage: normalizedfitness
M: 2
lambda: 8
epsilon_svgd: 0.015
gamma: 0.005
decay_start_ratio: 0.15
decay_min_factor: 0.3
bandwith_kernel: None
no_interact: False
avg_score: -1230.6600341796875
median_score: -1229.0
std_score: 68.89865112304688
percentiles: 2%=-1383.0799560546875, 5%=-1351.4000244140625, 10%=-1318.5999755859375, 25%=-1271.0, 50%=-1229.0, 75%=-1192.75, 90%=-1134.9000244140625, 95%=-1108.699951171875, 98%=-1092.800048828125
ranking_best_algo: SVMMetaModelLogNormal
ranking_best_score: 1233.7999999999997
ranking_my_rank: 12/504 (97.8%)
ranking_my_percent: 97.81746031746032
