ConfigName: krbf__advnormalizedfitness__M4__L24__eps0p01__g0p001__ds0p05__dm0p05
Problem: QUBO
Kernel: rbf
Advantage: normalizedfitness
M: 4
lambda: 24
epsilon_svgd: 0.01
gamma: 0.001
decay_start_ratio: 0.05
decay_min_factor: 0.05
bandwith_kernel: None
no_interact: False
avg_score: -3085.320068359375
median_score: -3083.0
std_score: 166.63233947753906
percentiles: 2%=-3380.219970703125, 5%=-3338.050048828125, 10%=-3311.39990234375, 25%=-3224.75, 50%=-3083.0, 75%=-2960.5, 90%=-2864.60009765625, 95%=-2818.0, 98%=-2805.360107421875
ranking_best_algo: RLSOnePlusOne
ranking_best_score: 3316.5199999999995
ranking_my_rank: 86/504 (83.1%)
ranking_my_percent: 83.13492063492063
