ConfigName: kjsd__advperagentrankweighted__M4__L20__eps0p007__g0p001__ds0p05__dm0p05
Problem: QUBO
Kernel: jsd
Advantage: peragentrankweighted
M: 4
lambda: 20
epsilon_svgd: 0.007
gamma: 0.001
decay_start_ratio: 0.05
decay_min_factor: 0.05
bandwith_kernel: None
no_interact: False
avg_score: -1288.4599609375
median_score: -1286.0
std_score: 61.83662796020508
percentiles: 2%=-1419.06005859375, 5%=-1399.4000244140625, 10%=-1369.0999755859375, 25%=-1333.0, 50%=-1286.0, 75%=-1251.25, 90%=-1212.9000244140625, 95%=-1189.5, 98%=-1170.8399658203125
ranking_best_algo: BigLognormalDiscreteOnePlusOne
ranking_best_score: 1301.3600000000004
ranking_my_rank: 4/504 (99.4%)
ranking_my_percent: 99.4047619047619
