ConfigName: krbf__advnormalizedfitness__M1__L8__eps0p033__g0p007__ds0p15__dm0p3
Problem: NK
Kernel: rbf
Advantage: normalizedfitness
M: 1
lambda: 8
epsilon_svgd: 0.033
gamma: 0.007
decay_start_ratio: 0.15
decay_min_factor: 0.3
bandwith_kernel: None
no_interact: False
avg_score: 0.7194905877113342
median_score: 0.7184935808181763
std_score: 0.017847465351223946
percentiles: 2%=0.6849337816238403, 5%=0.6925225257873535, 10%=0.6978644728660583, 25%=0.7082133293151855, 50%=0.7184935808181763, 75%=0.7312963008880615, 90%=0.7444766759872437, 95%=0.7524943351745605, 98%=0.7590410709381104
ranking_best_algo: Tabu
ranking_best_score: 0.7601875690625
ranking_my_rank: 158/504 (68.8%)
ranking_my_percent: 68.84920634920636
