ConfigName: kjsd__advperagentrankweighted__M3__L16__eps0p01__g0p0005__ds0p2__dm0p1
Problem: QUBO
Kernel: jsd
Advantage: peragentrankweighted
M: 3
lambda: 16
epsilon_svgd: 0.01
gamma: 0.0005
decay_start_ratio: 0.2
decay_min_factor: 0.1
bandwith_kernel: None
no_interact: False
avg_score: -909.0399780273438
median_score: -906.5
std_score: 61.05094528198242
percentiles: 2%=-1048.0, 5%=-1012.1500244140625, 10%=-989.0, 25%=-955.0, 50%=-906.5, 75%=-869.0, 90%=-836.2000122070312, 95%=-802.9000244140625, 98%=-796.7999877929688
ranking_best_algo: CMAL3
ranking_best_score: 928.5800000000002
ranking_my_rank: 29/504 (94.4%)
ranking_my_percent: 94.44444444444444
