ConfigName: kjsd__advperagentrankweighted__M4__L8__eps0p02__g0p0003__ds0p2__dm0p05
Problem: NK
Kernel: jsd
Advantage: peragentrankweighted
M: 4
lambda: 8
epsilon_svgd: 0.02
gamma: 0.0003
decay_start_ratio: 0.2
decay_min_factor: 0.05
bandwith_kernel: None
no_interact: False
avg_score: 0.7357555627822876
median_score: 0.7368931770324707
std_score: 0.016224754974246025
percentiles: 2%=0.7029310464859009, 5%=0.7065774202346802, 10%=0.7166559100151062, 25%=0.7245272994041443, 50%=0.7368931770324707, 75%=0.7456414699554443, 90%=0.7578541040420532, 95%=0.7618608474731445, 98%=0.7631380558013916
ranking_best_algo: Tabu
ranking_best_score: 0.7657846284375001
ranking_my_rank: 134/504 (73.6%)
ranking_my_percent: 73.61111111111111
