ConfigName: kjsd__advperagentrankweighted__M3__L20__eps0p007__g0p0005__ds0p05__dm0p05
Problem: QUBO
Kernel: jsd
Advantage: peragentrankweighted
M: 3
lambda: 20
epsilon_svgd: 0.007
gamma: 0.0005
decay_start_ratio: 0.05
decay_min_factor: 0.05
bandwith_kernel: None
no_interact: False
avg_score: -438.55999755859375
median_score: -439.0
std_score: 28.298524856567383
percentiles: 2%=-492.0799865722656, 5%=-483.04998779296875, 10%=-476.20001220703125, 25%=-461.0, 50%=-439.0, 75%=-417.0, 90%=-402.6000061035156, 95%=-395.79998779296875, 98%=-384.70001220703125
ranking_best_algo: CMApara
ranking_best_score: 453.82
ranking_my_rank: 19/504 (96.4%)
ranking_my_percent: 96.42857142857143
