ConfigName: kjsd__advperagentrankweighted__M3__L24__eps0p007__g0p0005__ds0p1__dm0p1
Problem: NK
Kernel: jsd
Advantage: peragentrankweighted
M: 3
lambda: 24
epsilon_svgd: 0.007
gamma: 0.0005
decay_start_ratio: 0.1
decay_min_factor: 0.1
bandwith_kernel: None
no_interact: False
avg_score: 0.7075334787368774
median_score: 0.7106771469116211
std_score: 0.011736744083464146
percentiles: 2%=0.6874619722366333, 5%=0.6899546980857849, 10%=0.6922992467880249, 25%=0.6960998177528381, 50%=0.7106771469116211, 75%=0.717828094959259, 90%=0.7214872241020203, 95%=0.7230166792869568, 98%=0.7243968844413757
ranking_best_algo: PBIL
ranking_best_score: 0.7013553837109374
ranking_my_rank: 1/504 (100.0%)
ranking_my_percent: 100.0
