ConfigName: kjsd__advperagentrankweighted__M6__L10__eps0p02__g0p0003__ds0p05__dm0p05
Problem: QUBO
Kernel: jsd
Advantage: peragentrankweighted
M: 6
lambda: 10
epsilon_svgd: 0.02
gamma: 0.0003
decay_start_ratio: 0.05
decay_min_factor: 0.05
bandwith_kernel: None
no_interact: False
avg_score: -1176.699951171875
median_score: -1174.0
std_score: 53.47083282470703
percentiles: 2%=-1305.02001953125, 5%=-1280.3499755859375, 10%=-1239.4000244140625, 25%=-1209.25, 50%=-1174.0, 75%=-1140.75, 90%=-1114.5, 95%=-1099.699951171875, 98%=-1079.6800537109375
ranking_best_algo: Tabu
ranking_best_score: 1216.16
ranking_my_rank: 82/504 (83.9%)
ranking_my_percent: 83.92857142857143
