ConfigName: krbf__advnormalizedfitness__M3__L12__eps0p015__g0p015__ds0p3__dm0p01
Problem: QUBO
Kernel: rbf
Advantage: normalizedfitness
M: 3
lambda: 12
epsilon_svgd: 0.015
gamma: 0.015
decay_start_ratio: 0.3
decay_min_factor: 0.01
bandwith_kernel: None
no_interact: False
avg_score: -324.29998779296875
median_score: -324.5
std_score: 22.662525177001953
percentiles: 2%=-368.0799865722656, 5%=-355.0, 10%=-350.0, 25%=-341.25, 50%=-324.5, 75%=-308.0, 90%=-293.8999938964844, 95%=-286.0, 98%=-279.75994873046875
ranking_best_algo: CMApara
ranking_best_score: 344.22
ranking_my_rank: 126/504 (75.2%)
ranking_my_percent: 75.1984126984127
