ConfigName: kjsd__advperagentrankweighted__M4__L12__eps0p03__g0p0003__ds0p05__dm0p05
Problem: QUBO
Kernel: jsd
Advantage: peragentrankweighted
M: 4
lambda: 12
epsilon_svgd: 0.03
gamma: 0.0003
decay_start_ratio: 0.05
decay_min_factor: 0.05
bandwith_kernel: None
no_interact: False
avg_score: -1530.9599609375
median_score: -1529.0
std_score: 61.809207916259766
percentiles: 2%=-1663.199951171875, 5%=-1625.1500244140625, 10%=-1608.300048828125, 25%=-1566.25, 50%=-1529.0, 75%=-1490.75, 90%=-1458.5999755859375, 95%=-1431.0, 98%=-1418.9599609375
ranking_best_algo: NLOPT_LN_PRAXIS
ranking_best_score: 1607.12
ranking_my_rank: 57/504 (88.9%)
ranking_my_percent: 88.88888888888889
