ConfigName: kjsd__advperagentrankweighted__M4__L24__eps0p01__g0p0005__ds0p05__dm0p05
Problem: QUBO
Kernel: jsd
Advantage: peragentrankweighted
M: 4
lambda: 24
epsilon_svgd: 0.01
gamma: 0.0005
decay_start_ratio: 0.05
decay_min_factor: 0.05
bandwith_kernel: None
no_interact: False
avg_score: -1243.02001953125
median_score: -1239.0
std_score: 61.95724105834961
percentiles: 2%=-1372.02001953125, 5%=-1350.0, 10%=-1322.5, 25%=-1289.5, 50%=-1239.0, 75%=-1198.25, 90%=-1160.800048828125, 95%=-1137.949951171875, 98%=-1126.8399658203125
ranking_best_algo: SVMMetaModelLogNormal
ranking_best_score: 1233.7999999999997
ranking_my_rank: 1/504 (100.0%)
ranking_my_percent: 100.0
no_repulsion: True
