ConfigName: kjsd__advperagentrankweighted__M5__L10__eps0p005__g0p003__ds0p4__dm0p2
Problem: QUBO
Kernel: jsd
Advantage: peragentrankweighted
M: 5
lambda: 10
epsilon_svgd: 0.005
gamma: 0.003
decay_start_ratio: 0.4
decay_min_factor: 0.2
bandwith_kernel: None
no_interact: False
avg_score: -780.47998046875
median_score: -777.0
std_score: 82.20455932617188
percentiles: 2%=-947.0, 5%=-923.0, 10%=-885.0999755859375, 25%=-834.0, 50%=-777.0, 75%=-709.0, 90%=-687.0, 95%=-667.8499755859375, 98%=-630.8400268554688
ranking_best_algo: CMApara
ranking_best_score: 964.9
ranking_my_rank: 326/504 (35.5%)
ranking_my_percent: 35.51587301587302
