ConfigName: krbf__advnormalizedfitness__M3__L8__eps0p015__g0p007__ds0p3__dm0p01
Problem: NK
Kernel: rbf
Advantage: normalizedfitness
M: 3
lambda: 8
epsilon_svgd: 0.015
gamma: 0.007
decay_start_ratio: 0.3
decay_min_factor: 0.01
bandwith_kernel: None
no_interact: False
avg_score: 0.7116950750350952
median_score: 0.6985580325126648
std_score: 0.031527020037174225
percentiles: 2%=0.6734524965286255, 5%=0.6735892295837402, 10%=0.6798434257507324, 25%=0.6826237440109253, 50%=0.6985580325126648, 75%=0.746539831161499, 90%=0.7530527710914612, 95%=0.7613165378570557, 98%=0.7613165378570557
ranking_best_algo: CMApara
ranking_best_score: 0.7118996098437498
ranking_my_rank: 2/504 (99.8%)
ranking_my_percent: 99.8015873015873
