ConfigName: kjsd__advperagentrankweighted__M5__L10__eps0p005__g0p0005__ds0p2__dm0p05
Problem: QUBO
Kernel: jsd
Advantage: peragentrankweighted
M: 5
lambda: 10
epsilon_svgd: 0.005
gamma: 0.0005
decay_start_ratio: 0.2
decay_min_factor: 0.05
bandwith_kernel: None
no_interact: False
avg_score: -1310.1600341796875
median_score: -1303.0
std_score: 59.11610412597656
percentiles: 2%=-1437.0, 5%=-1413.0, 10%=-1387.4000244140625, 25%=-1351.25, 50%=-1303.0, 75%=-1262.25, 90%=-1234.800048828125, 95%=-1226.75, 98%=-1216.9000244140625
ranking_best_algo: BigLognormalDiscreteOnePlusOne
ranking_best_score: 1301.3600000000004
ranking_my_rank: 1/504 (100.0%)
ranking_my_percent: 100.0
