ConfigName: kjsd__advperagentrankweighted__M5__L10__eps0p005__g0p0007__ds0p2__dm0p2
Problem: QUBO
Kernel: jsd
Advantage: peragentrankweighted
M: 5
lambda: 10
epsilon_svgd: 0.005
gamma: 0.0007
decay_start_ratio: 0.2
decay_min_factor: 0.2
bandwith_kernel: None
no_interact: False
avg_score: -309.8399963378906
median_score: -303.0
std_score: 38.65299606323242
percentiles: 2%=-390.0400085449219, 5%=-382.20001220703125, 10%=-357.3999938964844, 25%=-338.0, 50%=-303.0, 75%=-275.75, 90%=-265.8999938964844, 95%=-258.0, 98%=-254.9199981689453
ranking_best_algo: CMApara
ranking_best_score: 319.29999999999995
ranking_my_rank: 68/504 (86.7%)
ranking_my_percent: 86.7063492063492
