ConfigName: kjsd__advperagentrankweighted__M5__L8__eps0p01__g0p0005__ds0p4__dm0p05
Problem: NK
Kernel: jsd
Advantage: peragentrankweighted
M: 5
lambda: 8
epsilon_svgd: 0.01
gamma: 0.0005
decay_start_ratio: 0.4
decay_min_factor: 0.05
bandwith_kernel: None
no_interact: False
avg_score: 0.7347060441970825
median_score: 0.7360225915908813
std_score: 0.008766631595790386
percentiles: 2%=0.7167670726776123, 5%=0.7191933989524841, 10%=0.7211393117904663, 25%=0.73054039478302, 50%=0.7360225915908813, 75%=0.7398961186408997, 90%=0.7447656393051147, 95%=0.7477517127990723, 98%=0.7492210865020752
ranking_best_algo: PBIL
ranking_best_score: 0.730509098125
ranking_my_rank: 1/504 (100.0%)
ranking_my_percent: 100.0
