ConfigName: krbf__advglobalrankweighted__M4__L9__eps0p015__g0p003__ds0p01__dm0p01
Problem: QUBO
Kernel: rbf
Advantage: globalrankweighted
M: 4
lambda: 9
epsilon_svgd: 0.015
gamma: 0.003
decay_start_ratio: 0.01
decay_min_factor: 0.01
bandwith_kernel: None
no_interact: False
avg_score: -309.20001220703125
median_score: -313.0
std_score: 40.02299118041992
percentiles: 2%=-396.0, 5%=-394.1000061035156, 10%=-354.9999694824219, 25%=-328.5, 50%=-313.0, 75%=-271.75, 90%=-266.0, 95%=-260.6500244140625, 98%=-245.95999145507812
ranking_best_algo: CMApara
ranking_best_score: 319.29999999999995
ranking_my_rank: 81/504 (84.1%)
ranking_my_percent: 84.12698412698413
