ConfigName: krbf__advnormalizedfitness__M4__L15__eps0p015__g0p007__ds0p15__dm0p3
Problem: NK
Kernel: rbf
Advantage: normalizedfitness
M: 4
lambda: 15
epsilon_svgd: 0.015
gamma: 0.007
decay_start_ratio: 0.15
decay_min_factor: 0.3
bandwith_kernel: None
no_interact: False
avg_score: 0.698591411113739
median_score: 0.6994460225105286
std_score: 0.011577247641980648
percentiles: 2%=0.6756091713905334, 5%=0.6815890073776245, 10%=0.6833457946777344, 25%=0.6897826790809631, 50%=0.6994460225105286, 75%=0.7074010372161865, 90%=0.713117778301239, 95%=0.7155230045318604, 98%=0.7170188426971436
ranking_best_algo: PBIL
ranking_best_score: 0.730509098125
ranking_my_rank: 271/504 (46.4%)
ranking_my_percent: 46.42857142857143
