ConfigName: kjsd__advperagentrankweighted__M5__L8__eps0p01__g0p003__ds0p2__dm0p2
Problem: QUBO
Kernel: jsd
Advantage: peragentrankweighted
M: 5
lambda: 8
epsilon_svgd: 0.01
gamma: 0.003
decay_start_ratio: 0.2
decay_min_factor: 0.2
bandwith_kernel: None
no_interact: False
avg_score: -312.94000244140625
median_score: -319.0
std_score: 39.15247344970703
percentiles: 2%=-400.0, 5%=-392.1000061035156, 10%=-359.3999938964844, 25%=-337.0, 50%=-319.0, 75%=-277.0, 90%=-269.8999938964844, 95%=-266.0, 98%=-257.9200134277344
ranking_best_algo: CMApara
ranking_best_score: 319.29999999999995
ranking_my_rank: 31/504 (94.0%)
ranking_my_percent: 94.04761904761905
