ConfigName: kfr__advglobalrankweighted__M1__L8__eps0p01__g0p005__ds0p01__dm0p01
Problem: QUBO
Kernel: fr
Advantage: globalrankweighted
M: 1
lambda: 8
epsilon_svgd: 0.01
gamma: 0.005
decay_start_ratio: 0.01
decay_min_factor: 0.01
bandwith_kernel: None
no_interact: False
avg_score: -555.5999755859375
median_score: -559.5
std_score: 31.231395721435547
percentiles: 2%=-607.239990234375, 5%=-599.0999755859375, 10%=-590.2000122070312, 25%=-575.0, 50%=-559.5, 75%=-537.75, 90%=-509.6000061035156, 95%=-500.8000183105469, 98%=-488.5198974609375
ranking_best_algo: Tabu
ranking_best_score: 588.7199999999999
ranking_my_rank: 144/503 (71.6%)
ranking_my_percent: 71.57057654075547
