ConfigName: kjsd__advperagentrankweighted__M3__L18__eps0p005__g0p0005__ds0p1__dm0p05
Problem: QUBO
Kernel: jsd
Advantage: peragentrankweighted
M: 3
lambda: 18
epsilon_svgd: 0.005
gamma: 0.0005
decay_start_ratio: 0.1
decay_min_factor: 0.05
bandwith_kernel: None
no_interact: False
avg_score: -147.0
median_score: -149.5
std_score: 13.280059814453125
percentiles: 2%=-179.0, 5%=-164.75, 10%=-158.1999969482422, 25%=-155.0, 50%=-149.5, 75%=-139.0, 90%=-131.0, 95%=-125.0, 98%=-116.94000244140625
ranking_best_algo: CMApara
ranking_best_score: 154.28
ranking_my_rank: 101/504 (80.2%)
ranking_my_percent: 80.15873015873017
