ConfigName: kjsd__advperagentrankweighted__M3__L20__eps0p005__g0p0005__ds0p2__dm0p1
Problem: NK
Kernel: jsd
Advantage: peragentrankweighted
M: 3
lambda: 20
epsilon_svgd: 0.005
gamma: 0.0005
decay_start_ratio: 0.2
decay_min_factor: 0.1
bandwith_kernel: None
no_interact: False
avg_score: 0.7483671307563782
median_score: 0.7485148310661316
std_score: 0.009108459576964378
percentiles: 2%=0.7330486178398132, 5%=0.7341828346252441, 10%=0.7370718121528625, 25%=0.7413153648376465, 50%=0.7485148310661316, 75%=0.7530825138092041, 90%=0.7606557607650757, 95%=0.763515055179596, 98%=0.7683343887329102
ranking_best_algo: PBIL
ranking_best_score: 0.733570253046875
ranking_my_rank: 1/504 (100.0%)
ranking_my_percent: 100.0
