ConfigName: krbf__advnormalizedfitness__M4__L10__eps0p015__g0p007__ds0p01__dm0p01
Problem: QUBO
Kernel: rbf
Advantage: normalizedfitness
M: 4
lambda: 10
epsilon_svgd: 0.015
gamma: 0.007
decay_start_ratio: 0.01
decay_min_factor: 0.01
bandwith_kernel: None
no_interact: False
avg_score: -309.6000061035156
median_score: -318.0
std_score: 37.36736297607422
percentiles: 2%=-394.0799865722656, 5%=-384.1000061035156, 10%=-355.5999755859375, 25%=-332.0, 50%=-318.0, 75%=-274.75, 90%=-268.0, 95%=-259.95001220703125, 98%=-253.9399871826172
ranking_best_algo: CMApara
ranking_best_score: 319.29999999999995
ranking_my_rank: 73/504 (85.7%)
ranking_my_percent: 85.71428571428571
