ConfigName: krbf__advnormalizedfitness__M4__L12__eps0p015__g0p005__ds0p15__dm0p01
Problem: QUBO
Kernel: rbf
Advantage: normalizedfitness
M: 4
lambda: 12
epsilon_svgd: 0.015
gamma: 0.005
decay_start_ratio: 0.15
decay_min_factor: 0.01
bandwith_kernel: None
no_interact: False
avg_score: -1421.719970703125
median_score: -1408.5
std_score: 125.18379211425781
percentiles: 2%=-1671.02001953125, 5%=-1649.8499755859375, 10%=-1608.300048828125, 25%=-1503.0, 50%=-1408.5, 75%=-1320.75, 90%=-1269.0, 95%=-1253.800048828125, 98%=-1220.8399658203125
ranking_best_algo: NLOPT_LN_PRAXIS
ranking_best_score: 1607.12
ranking_my_rank: 99/504 (80.6%)
ranking_my_percent: 80.55555555555556
