ConfigName: kjsd__advperagentrankweighted__M3__L18__eps0p007__g0p001__ds0p05__dm0p2
Problem: QUBO
Kernel: jsd
Advantage: peragentrankweighted
M: 3
lambda: 18
epsilon_svgd: 0.007
gamma: 0.001
decay_start_ratio: 0.05
decay_min_factor: 0.2
bandwith_kernel: None
no_interact: False
avg_score: -327.5
median_score: -333.0
std_score: 22.892576217651367
percentiles: 2%=-372.0, 5%=-354.1499938964844, 10%=-354.0, 25%=-342.25, 50%=-333.0, 75%=-315.0, 90%=-296.5, 95%=-283.8999938964844, 98%=-273.9599914550781
ranking_best_algo: CMApara
ranking_best_score: 344.22
ranking_my_rank: 86/504 (83.1%)
ranking_my_percent: 83.13492063492063
