ConfigName: krbf__advnormalizedfitness__M4__L15__eps0p025__g0p015__ds0p15__dm0p01
Problem: QUBO
Kernel: rbf
Advantage: normalizedfitness
M: 4
lambda: 15
epsilon_svgd: 0.025
gamma: 0.015
decay_start_ratio: 0.15
decay_min_factor: 0.01
bandwith_kernel: None
no_interact: False
avg_score: -926.0599975585938
median_score: -912.0
std_score: 94.35240173339844
percentiles: 2%=-1107.199951171875, 5%=-1093.25, 10%=-1079.0999755859375, 25%=-985.5, 50%=-912.0, 75%=-859.25, 90%=-816.7999877929688, 95%=-795.0, 98%=-766.4398803710938
ranking_best_algo: BigLognormalDiscreteOnePlusOne
ranking_best_score: 1301.3600000000004
ranking_my_rank: 313/504 (38.1%)
ranking_my_percent: 38.095238095238095
