ConfigName: kjsd__advperagentrankweighted__M4__L24__eps0p005__g0p0003__ds0p2__dm0p05
Problem: NK
Kernel: jsd
Advantage: peragentrankweighted
M: 4
lambda: 24
epsilon_svgd: 0.005
gamma: 0.0003
decay_start_ratio: 0.2
decay_min_factor: 0.05
bandwith_kernel: None
no_interact: False
avg_score: 0.7079095244407654
median_score: 0.7107148766517639
std_score: 0.012030198238790035
percentiles: 2%=0.6891171932220459, 5%=0.6897578239440918, 10%=0.6928103566169739, 25%=0.6960176825523376, 50%=0.7107148766517639, 75%=0.7180997133255005, 90%=0.7228819727897644, 95%=0.7238912582397461, 98%=0.7245104312896729
ranking_best_algo: PBIL
ranking_best_score: 0.7013553837109374
ranking_my_rank: 1/504 (100.0%)
ranking_my_percent: 100.0
