ConfigName: kfr__advglobalrankweighted__M5__L9__eps0p01__g0p005__ds0p01__dm0p01
Problem: QUBO
Kernel: fr
Advantage: globalrankweighted
M: 5
lambda: 9
epsilon_svgd: 0.01
gamma: 0.005
decay_start_ratio: 0.01
decay_min_factor: 0.01
bandwith_kernel: None
no_interact: False
avg_score: -565.5399780273438
median_score: -563.0
std_score: 33.09242248535156
percentiles: 2%=-629.0800170898438, 5%=-621.2000122070312, 10%=-609.5999755859375, 25%=-589.25, 50%=-563.0, 75%=-541.5, 90%=-522.9000244140625, 95%=-510.0, 98%=-504.8799743652344
ranking_best_algo: Tabu
ranking_best_score: 588.7199999999999
ranking_my_rank: 94/503 (81.5%)
ranking_my_percent: 81.51093439363817
