ConfigName: kjsd__advperagentrankweighted__M6__L10__eps0p005__g0p0005__ds0p3__dm0p05
Problem: QUBO
Kernel: jsd
Advantage: peragentrankweighted
M: 6
lambda: 10
epsilon_svgd: 0.005
gamma: 0.0005
decay_start_ratio: 0.3
decay_min_factor: 0.05
bandwith_kernel: None
no_interact: False
avg_score: -3227.300048828125
median_score: -3226.5
std_score: 141.07752990722656
percentiles: 2%=-3546.239990234375, 5%=-3474.550048828125, 10%=-3395.699951171875, 25%=-3328.0, 50%=-3226.5, 75%=-3127.75, 90%=-3066.89990234375, 95%=-3040.60009765625, 98%=-2946.739990234375
ranking_best_algo: RLSOnePlusOne
ranking_best_score: 3316.5199999999995
ranking_my_rank: 42/504 (91.9%)
ranking_my_percent: 91.86507936507937
