ConfigName: kjsd__advperagentrankweighted__M3__L24__eps0p007__g0p0005__ds0p05__dm0p2
Problem: QUBO
Kernel: jsd
Advantage: peragentrankweighted
M: 3
lambda: 24
epsilon_svgd: 0.007
gamma: 0.0005
decay_start_ratio: 0.05
decay_min_factor: 0.2
bandwith_kernel: None
no_interact: False
avg_score: -327.4599914550781
median_score: -332.0
std_score: 19.431631088256836
percentiles: 2%=-361.0, 5%=-354.0, 10%=-350.0, 25%=-341.25, 50%=-332.0, 75%=-315.5, 90%=-295.8999938964844, 95%=-291.95001220703125, 98%=-290.0
ranking_best_algo: CMApara
ranking_best_score: 344.22
ranking_my_rank: 86/504 (83.1%)
ranking_my_percent: 83.13492063492063
