ConfigName: krbf__advnormalizedfitness__M3__L24__eps0p02__g0p01__ds0p15__dm0p05
Problem: NK
Kernel: rbf
Advantage: normalizedfitness
M: 3
lambda: 24
epsilon_svgd: 0.02
gamma: 0.01
decay_start_ratio: 0.15
decay_min_factor: 0.05
bandwith_kernel: None
no_interact: False
avg_score: 0.686863124370575
median_score: 0.6893118619918823
std_score: 0.01291691605001688
percentiles: 2%=0.6658391952514648, 5%=0.667219340801239, 10%=0.6693469882011414, 25%=0.6739488840103149, 50%=0.6893118619918823, 75%=0.6982468366622925, 90%=0.7024509310722351, 95%=0.7037535905838013, 98%=0.7054386138916016
ranking_best_algo: PBIL
ranking_best_score: 0.7013553837109374
ranking_my_rank: 86/504 (83.1%)
ranking_my_percent: 83.13492063492063
