ConfigName: krbf__advnormalizedfitness__M3__L12__eps0p025__g0p015__ds0p01__dm0p3
Problem: QUBO
Kernel: rbf
Advantage: normalizedfitness
M: 3
lambda: 12
epsilon_svgd: 0.025
gamma: 0.015
decay_start_ratio: 0.01
decay_min_factor: 0.3
bandwith_kernel: None
no_interact: False
avg_score: -926.780029296875
median_score: -923.0
std_score: 76.41787719726562
percentiles: 2%=-1077.5999755859375, 5%=-1047.5, 10%=-1017.5999755859375, 25%=-976.25, 50%=-923.0, 75%=-867.0, 90%=-821.0, 95%=-809.0, 98%=-796.7799682617188
ranking_best_algo: SVMMetaModelLogNormal
ranking_best_score: 1233.7999999999997
ranking_my_rank: 311/504 (38.5%)
ranking_my_percent: 38.492063492063494
