ConfigName: krbf__advnormalizedfitness__M4__L8__eps0p033__g0p005__ds0p01__dm0p3
Problem: QUBO
Kernel: rbf
Advantage: normalizedfitness
M: 4
lambda: 8
epsilon_svgd: 0.033
gamma: 0.005
decay_start_ratio: 0.01
decay_min_factor: 0.3
bandwith_kernel: None
no_interact: False
avg_score: -426.6199951171875
median_score: -425.0
std_score: 26.958032608032227
percentiles: 2%=-475.0, 5%=-471.0, 10%=-463.0, 25%=-445.25, 50%=-425.0, 75%=-409.75, 90%=-391.8999938964844, 95%=-386.70001220703125, 98%=-373.8399658203125
ranking_best_algo: CMAL3
ranking_best_score: 435.36
ranking_my_rank: 23/504 (95.6%)
ranking_my_percent: 95.63492063492063
