ConfigName: kjsd__advperagentrankweighted__M2__L20__eps0p005__g0p0005__ds0p1__dm0p2
Problem: NK
Kernel: jsd
Advantage: peragentrankweighted
M: 2
lambda: 20
epsilon_svgd: 0.005
gamma: 0.0005
decay_start_ratio: 0.1
decay_min_factor: 0.2
bandwith_kernel: None
no_interact: False
avg_score: 0.7103196978569031
median_score: 0.6978194117546082
std_score: 0.031676411628723145
percentiles: 2%=0.6737386584281921, 5%=0.674994170665741, 10%=0.6752951145172119, 25%=0.6815919876098633, 50%=0.6978194117546082, 75%=0.746583104133606, 90%=0.7535533308982849, 95%=0.7613165378570557, 98%=0.7613165378570557
ranking_best_algo: CMApara
ranking_best_score: 0.7118996098437498
ranking_my_rank: 28/504 (94.6%)
ranking_my_percent: 94.64285714285714
