ConfigName: kjsd__advperagentrankweighted__M4__L24__eps0p005__g0p0005__ds0p4__dm0p05
Problem: QUBO
Kernel: jsd
Advantage: peragentrankweighted
M: 4
lambda: 24
epsilon_svgd: 0.005
gamma: 0.0005
decay_start_ratio: 0.4
decay_min_factor: 0.05
bandwith_kernel: None
no_interact: False
avg_score: -930.9000244140625
median_score: -928.5
std_score: 75.0352554321289
percentiles: 2%=-1076.0, 5%=-1064.0999755859375, 10%=-1029.5, 25%=-984.0, 50%=-928.5, 75%=-871.0, 90%=-832.7999877929688, 95%=-814.9500122070312, 98%=-788.9400024414062
ranking_best_algo: CMApara
ranking_best_score: 964.9
ranking_my_rank: 19/504 (96.4%)
ranking_my_percent: 96.42857142857143
