ConfigName: krbf__advnormalizedfitness__M3__L8__eps0p02__g0p01__ds0p15__dm0p05
Problem: QUBO
Kernel: rbf
Advantage: normalizedfitness
M: 3
lambda: 8
epsilon_svgd: 0.02
gamma: 0.01
decay_start_ratio: 0.15
decay_min_factor: 0.05
bandwith_kernel: None
no_interact: False
avg_score: -2546.320068359375
median_score: -2536.5
std_score: 138.29063415527344
percentiles: 2%=-2837.1201171875, 5%=-2789.050048828125, 10%=-2743.199951171875, 25%=-2605.25, 50%=-2536.5, 75%=-2460.0, 90%=-2397.60009765625, 95%=-2333.10009765625, 98%=-2267.080078125
ranking_best_algo: DiscreteLengler2OnePlusOne
ranking_best_score: 2617.04
ranking_my_rank: 56/504 (89.1%)
ranking_my_percent: 89.08730158730158
