ConfigName: krbf__advnormalizedfitness__M1__L8__eps0p015__g0p015__ds0p3__dm0p01
Problem: QUBO
Kernel: rbf
Advantage: normalizedfitness
M: 1
lambda: 8
epsilon_svgd: 0.015
gamma: 0.015
decay_start_ratio: 0.3
decay_min_factor: 0.01
bandwith_kernel: None
no_interact: False
avg_score: -137.74000549316406
median_score: -141.0
std_score: 13.41836166381836
percentiles: 2%=-159.0, 5%=-157.0, 10%=-156.0, 25%=-147.0, 50%=-141.0, 75%=-128.0, 90%=-119.0, 95%=-112.90000915527344, 98%=-109.0
ranking_best_algo: DiscreteDE
ranking_best_score: 143.4
ranking_my_rank: 117/504 (77.0%)
ranking_my_percent: 76.98412698412699
