ConfigName: krbf__advnormalizedfitness__M3__L12__eps0p025__g0p005__ds0p15__dm0p3
Problem: QUBO
Kernel: rbf
Advantage: normalizedfitness
M: 3
lambda: 12
epsilon_svgd: 0.025
gamma: 0.005
decay_start_ratio: 0.15
decay_min_factor: 0.3
bandwith_kernel: None
no_interact: False
avg_score: -2503.9599609375
median_score: -2497.0
std_score: 132.71803283691406
percentiles: 2%=-2793.840087890625, 5%=-2707.550048828125, 10%=-2668.89990234375, 25%=-2600.75, 50%=-2497.0, 75%=-2403.75, 90%=-2332.5, 95%=-2314.0, 98%=-2290.8798828125
ranking_best_algo: SVM1MetaModelLogNormal
ranking_best_score: 2605.14
ranking_my_rank: 63/504 (87.7%)
ranking_my_percent: 87.6984126984127
