ConfigName: krbf__advnormalizedfitness__M4__L12__eps0p025__g0p007__ds0p01__dm0p3
Problem: QUBO
Kernel: rbf
Advantage: normalizedfitness
M: 4
lambda: 12
epsilon_svgd: 0.025
gamma: 0.007
decay_start_ratio: 0.01
decay_min_factor: 0.3
bandwith_kernel: None
no_interact: False
avg_score: -310.32000732421875
median_score: -309.0
std_score: 39.28075408935547
percentiles: 2%=-394.0799865722656, 5%=-388.1000061035156, 10%=-360.3999938964844, 25%=-332.5, 50%=-309.0, 75%=-274.75, 90%=-264.8999938964844, 95%=-260.8500061035156, 98%=-253.91998291015625
ranking_best_algo: CMApara
ranking_best_score: 319.29999999999995
ranking_my_rank: 62/504 (87.9%)
ranking_my_percent: 87.89682539682539
