ConfigName: krbf__advnormalizedfitness__M4__L8__eps0p025__g0p007__ds0p3__dm0p01
Problem: NK
Kernel: rbf
Advantage: normalizedfitness
M: 4
lambda: 8
epsilon_svgd: 0.025
gamma: 0.007
decay_start_ratio: 0.3
decay_min_factor: 0.01
bandwith_kernel: None
no_interact: False
avg_score: 0.7065075635910034
median_score: 0.7090173363685608
std_score: 0.012062780559062958
percentiles: 2%=0.6865955591201782, 5%=0.6878950595855713, 10%=0.6902839541435242, 25%=0.6956106424331665, 50%=0.7090173363685608, 75%=0.7166591286659241, 90%=0.721878707408905, 95%=0.723680317401886, 98%=0.7244274616241455
ranking_best_algo: PBIL
ranking_best_score: 0.7013553837109374
ranking_my_rank: 1/504 (100.0%)
ranking_my_percent: 100.0
