ConfigName: kjsd__advperagentrankweighted__M3__L16__eps0p005__g0p0007__ds0p2__dm0p05
Problem: QUBO
Kernel: jsd
Advantage: peragentrankweighted
M: 3
lambda: 16
epsilon_svgd: 0.005
gamma: 0.0007
decay_start_ratio: 0.2
decay_min_factor: 0.05
bandwith_kernel: None
no_interact: False
avg_score: -1618.1400146484375
median_score: -1619.0
std_score: 62.692588806152344
percentiles: 2%=-1745.02001953125, 5%=-1716.300048828125, 10%=-1695.5999755859375, 25%=-1661.5, 50%=-1619.0, 75%=-1571.0, 90%=-1538.800048828125, 95%=-1503.0, 98%=-1477.8199462890625
ranking_best_algo: NLOPT_LN_PRAXIS
ranking_best_score: 1607.12
ranking_my_rank: 1/504 (100.0%)
ranking_my_percent: 100.0
