ConfigName: krbf__advnormalizedfitness__M4__L10__eps0p033__g0p015__ds0p3__dm0p01
Problem: QUBO
Kernel: rbf
Advantage: normalizedfitness
M: 4
lambda: 10
epsilon_svgd: 0.033
gamma: 0.015
decay_start_ratio: 0.3
decay_min_factor: 0.01
bandwith_kernel: None
no_interact: False
avg_score: -432.5400085449219
median_score: -432.0
std_score: 27.491607666015625
percentiles: 2%=-481.0199890136719, 5%=-476.1000061035156, 10%=-470.0, 25%=-453.0, 50%=-432.0, 75%=-412.75, 90%=-392.8999938964844, 95%=-389.0, 98%=-384.73992919921875
ranking_best_algo: CMApara
ranking_best_score: 453.82
ranking_my_rank: 72/504 (85.9%)
ranking_my_percent: 85.91269841269842
