ConfigName: kjsd__advperagentrankweighted__M3__L24__eps0p007__g0p0005__ds0p2__dm0p1
Problem: QUBO
Kernel: jsd
Advantage: peragentrankweighted
M: 3
lambda: 24
epsilon_svgd: 0.007
gamma: 0.0005
decay_start_ratio: 0.2
decay_min_factor: 0.1
bandwith_kernel: None
no_interact: False
avg_score: -200.77999877929688
median_score: -203.0
std_score: 13.835880279541016
percentiles: 2%=-224.0, 5%=-224.0, 10%=-219.10000610351562, 25%=-209.0, 50%=-203.0, 75%=-192.75, 90%=-182.89999389648438, 95%=-175.85000610351562, 98%=-168.94000244140625
ranking_best_algo: Tabu
ranking_best_score: 208.36000000000004
ranking_my_rank: 45/504 (91.3%)
ranking_my_percent: 91.26984126984127
