ConfigName: kjsd__advperagentrankweighted__M4__L10__eps0p03__g0p0003__ds0p05__dm0p05
Problem: QUBO
Kernel: jsd
Advantage: peragentrankweighted
M: 4
lambda: 10
epsilon_svgd: 0.03
gamma: 0.0003
decay_start_ratio: 0.05
decay_min_factor: 0.05
bandwith_kernel: None
no_interact: False
avg_score: -3044.52001953125
median_score: -3036.0
std_score: 116.37632751464844
percentiles: 2%=-3294.800048828125, 5%=-3255.25, 10%=-3190.300048828125, 25%=-3126.25, 50%=-3036.0, 75%=-2948.0, 90%=-2910.699951171875, 95%=-2880.0, 98%=-2858.52001953125
ranking_best_algo: RLSOnePlusOne
ranking_best_score: 3316.5199999999995
ranking_my_rank: 93/504 (81.7%)
ranking_my_percent: 81.74603174603175
