ConfigName: kjsd__advperagentrankweighted__M3__L18__eps0p005__g0p003__ds0p2__dm0p05
Problem: QUBO
Kernel: jsd
Advantage: peragentrankweighted
M: 3
lambda: 18
epsilon_svgd: 0.005
gamma: 0.003
decay_start_ratio: 0.2
decay_min_factor: 0.05
bandwith_kernel: None
no_interact: False
avg_score: -2358.780029296875
median_score: -2380.5
std_score: 158.0681915283203
percentiles: 2%=-2664.919921875, 5%=-2614.050048828125, 10%=-2578.39990234375, 25%=-2456.0, 50%=-2380.5, 75%=-2239.25, 90%=-2166.199951171875, 95%=-2106.60009765625, 98%=-2047.800048828125
ranking_best_algo: DiscreteLengler2OnePlusOne
ranking_best_score: 2617.04
ranking_my_rank: 148/504 (70.8%)
ranking_my_percent: 70.83333333333333
