ConfigName: kjsd__advperagentrankweighted__M3__L18__eps0p005__g0p003__ds0p1__dm0p2
Problem: NK
Kernel: jsd
Advantage: peragentrankweighted
M: 3
lambda: 18
epsilon_svgd: 0.005
gamma: 0.003
decay_start_ratio: 0.1
decay_min_factor: 0.2
bandwith_kernel: None
no_interact: False
avg_score: 0.7027080059051514
median_score: 0.7018215656280518
std_score: 0.0243734959512949
percentiles: 2%=0.6611696481704712, 5%=0.6667124629020691, 10%=0.6740372180938721, 25%=0.6872732639312744, 50%=0.7018215656280518, 75%=0.717897355556488, 90%=0.7350993752479553, 95%=0.743593692779541, 98%=0.7493250966072083
ranking_best_algo: Tabu
ranking_best_score: 0.7601875690625
ranking_my_rank: 302/504 (40.3%)
ranking_my_percent: 40.27777777777778
