ConfigName: kjsd__advperagentrankweighted__M3__L18__eps0p007__g0p001__ds0p1__dm0p1
Problem: QUBO
Kernel: jsd
Advantage: peragentrankweighted
M: 3
lambda: 18
epsilon_svgd: 0.007
gamma: 0.001
decay_start_ratio: 0.1
decay_min_factor: 0.1
bandwith_kernel: None
no_interact: False
avg_score: -2624.89990234375
median_score: -2644.5
std_score: 113.89727020263672
percentiles: 2%=-2830.260009765625, 5%=-2802.199951171875, 10%=-2769.39990234375, 25%=-2707.25, 50%=-2644.5, 75%=-2553.75, 90%=-2478.39990234375, 95%=-2435.25, 98%=-2410.47998046875
ranking_best_algo: DiscreteLengler2OnePlusOne
ranking_best_score: 2617.04
ranking_my_rank: 1/504 (100.0%)
ranking_my_percent: 100.0
