ConfigName: krbf__advnormalizedfitness__M1__L8__eps0p025__g0p005__ds0p3__dm0p3
Problem: QUBO
Kernel: rbf
Advantage: normalizedfitness
M: 1
lambda: 8
epsilon_svgd: 0.025
gamma: 0.005
decay_start_ratio: 0.3
decay_min_factor: 0.3
bandwith_kernel: None
no_interact: False
avg_score: -403.6600036621094
median_score: -399.0
std_score: 30.885019302368164
percentiles: 2%=-469.0799865722656, 5%=-461.20001220703125, 10%=-446.1000061035156, 25%=-424.5, 50%=-399.0, 75%=-382.75, 90%=-366.79998779296875, 95%=-358.95001220703125, 98%=-347.8399658203125
ranking_best_algo: CMAL3
ranking_best_score: 435.36
ranking_my_rank: 223/504 (56.0%)
ranking_my_percent: 55.95238095238095
