ConfigName: krbf__advnormalizedfitness__M3__L10__eps0p033__g0p015__ds0p15__dm0p3
Problem: NK
Kernel: rbf
Advantage: normalizedfitness
M: 3
lambda: 10
epsilon_svgd: 0.033
gamma: 0.015
decay_start_ratio: 0.15
decay_min_factor: 0.3
bandwith_kernel: None
no_interact: False
avg_score: 0.7225040197372437
median_score: 0.7243794798851013
std_score: 0.011139965616166592
percentiles: 2%=0.6974657773971558, 5%=0.70041823387146, 10%=0.7058353424072266, 25%=0.7158560752868652, 50%=0.7243794798851013, 75%=0.7306585311889648, 90%=0.736017107963562, 95%=0.7368183732032776, 98%=0.7378829121589661
ranking_best_algo: PBIL
ranking_best_score: 0.7248786399609374
ranking_my_rank: 2/504 (99.8%)
ranking_my_percent: 99.8015873015873
