ConfigName: kfr__advglobalrankweighted__M6__L9__eps0p01__g0p007__ds0p01__dm0p01
Problem: QUBO
Kernel: fr
Advantage: globalrankweighted
M: 6
lambda: 9
epsilon_svgd: 0.01
gamma: 0.007
decay_start_ratio: 0.01
decay_min_factor: 0.01
bandwith_kernel: None
no_interact: False
avg_score: -761.7000122070312
median_score: -756.0
std_score: 74.78562927246094
percentiles: 2%=-906.2000122070312, 5%=-876.1500244140625, 10%=-867.0, 25%=-815.25, 50%=-756.0, 75%=-712.25, 90%=-663.1000366210938, 95%=-643.6000366210938, 98%=-618.719970703125
ranking_best_algo: CMAL3
ranking_best_score: 928.5800000000002
ranking_my_rank: 321/504 (36.5%)
ranking_my_percent: 36.507936507936506
