ConfigName: krbf__advnormalizedfitness__M3__L15__eps0p033__g0p005__ds0p3__dm0p01
Problem: QUBO
Kernel: rbf
Advantage: normalizedfitness
M: 3
lambda: 15
epsilon_svgd: 0.033
gamma: 0.005
decay_start_ratio: 0.3
decay_min_factor: 0.01
bandwith_kernel: None
no_interact: False
avg_score: -137.4199981689453
median_score: -139.0
std_score: 12.341135025024414
percentiles: 2%=-158.02000427246094, 5%=-156.0, 10%=-155.0, 25%=-146.0, 50%=-139.0, 75%=-128.75, 90%=-119.9000015258789, 95%=-115.0, 98%=-112.91998291015625
ranking_best_algo: DiscreteDE
ranking_best_score: 143.4
ranking_my_rank: 128/504 (74.8%)
ranking_my_percent: 74.8015873015873
