ConfigName: kjsd__advperagentrankweighted__M3__L18__eps0p005__g0p0007__ds0p05__dm0p1
Problem: QUBO
Kernel: jsd
Advantage: peragentrankweighted
M: 3
lambda: 18
epsilon_svgd: 0.005
gamma: 0.0007
decay_start_ratio: 0.05
decay_min_factor: 0.1
bandwith_kernel: None
no_interact: False
avg_score: -199.9600067138672
median_score: -198.0
std_score: 12.94906997680664
percentiles: 2%=-224.0, 5%=-224.0, 10%=-219.1999969482422, 25%=-209.0, 50%=-198.0, 75%=-191.0, 90%=-183.89999389648438, 95%=-177.9499969482422, 98%=-175.97999572753906
ranking_best_algo: Tabu
ranking_best_score: 208.36000000000004
ranking_my_rank: 55/504 (89.3%)
ranking_my_percent: 89.28571428571429
