ConfigName: kjsd__advperagentrankweighted__M4__L10__eps0p01__g0p0005__ds0p4__dm0p05
Problem: NK
Kernel: jsd
Advantage: peragentrankweighted
M: 4
lambda: 10
epsilon_svgd: 0.01
gamma: 0.0005
decay_start_ratio: 0.4
decay_min_factor: 0.05
bandwith_kernel: None
no_interact: False
avg_score: 0.7057626247406006
median_score: 0.7087780833244324
std_score: 0.011459331959486008
percentiles: 2%=0.6862685680389404, 5%=0.6894646286964417, 10%=0.6905533075332642, 25%=0.6940877437591553, 50%=0.7087780833244324, 75%=0.7156293392181396, 90%=0.7197314500808716, 95%=0.7210438847541809, 98%=0.7227607369422913
ranking_best_algo: PBIL
ranking_best_score: 0.7013553837109374
ranking_my_rank: 1/504 (100.0%)
ranking_my_percent: 100.0
