ConfigName: kjsd__advperagentrankweighted__M3__L20__eps0p007__g0p0005__ds0p05__dm0p05
Problem: NK
Kernel: jsd
Advantage: peragentrankweighted
M: 3
lambda: 20
epsilon_svgd: 0.007
gamma: 0.0005
decay_start_ratio: 0.05
decay_min_factor: 0.05
bandwith_kernel: None
no_interact: False
avg_score: 0.7335558533668518
median_score: 0.7336046099662781
std_score: 0.009683107025921345
percentiles: 2%=0.715061366558075, 5%=0.7192556262016296, 10%=0.7209171652793884, 25%=0.7267912030220032, 50%=0.7336046099662781, 75%=0.7406220436096191, 90%=0.7465451955795288, 95%=0.7476003766059875, 98%=0.7481741905212402
ranking_best_algo: Tabu
ranking_best_score: 0.7429702712499999
ranking_my_rank: 2/504 (99.8%)
ranking_my_percent: 99.8015873015873
