ConfigName: krbf__advnormalizedfitness__M4__L10__eps0p025__g0p005__ds0p01__dm0p01
Problem: NK
Kernel: rbf
Advantage: normalizedfitness
M: 4
lambda: 10
epsilon_svgd: 0.025
gamma: 0.005
decay_start_ratio: 0.01
decay_min_factor: 0.01
bandwith_kernel: None
no_interact: False
avg_score: 0.7107688188552856
median_score: 0.711450457572937
std_score: 0.015295125544071198
percentiles: 2%=0.6734743714332581, 5%=0.674085795879364, 10%=0.6958798766136169, 25%=0.7075932025909424, 50%=0.711450457572937, 75%=0.7194352149963379, 90%=0.7255688905715942, 95%=0.7331865429878235, 98%=0.7334915995597839
ranking_best_algo: CMApara
ranking_best_score: 0.707475975
ranking_my_rank: 1/504 (100.0%)
ranking_my_percent: 100.0
