ConfigName: kjsd__advperagentrankweighted__M10__L10__eps0p008__g0p0005__ds0p3__dm0p05
Problem: QUBO
Kernel: jsd
Advantage: peragentrankweighted
M: 10
lambda: 10
epsilon_svgd: 0.008
gamma: 0.0005
decay_start_ratio: 0.3
decay_min_factor: 0.05
bandwith_kernel: None
no_interact: False
avg_score: -419.7799987792969
median_score: -420.0
std_score: 23.26438331604004
percentiles: 2%=-471.1600036621094, 5%=-455.20001220703125, 10%=-449.1000061035156, 25%=-434.0, 50%=-420.0, 75%=-404.0, 90%=-388.0, 95%=-384.0, 98%=-377.9599914550781
ranking_best_algo: Tabu
ranking_best_score: 438.12
ranking_my_rank: 29/504 (94.4%)
ranking_my_percent: 94.44444444444444
