ConfigName: kjsd__advperagentrankweighted__M3__L30__eps0p005__g0p0005__ds0p05__dm0p05
Problem: QUBO
Kernel: jsd
Advantage: peragentrankweighted
M: 3
lambda: 30
epsilon_svgd: 0.005
gamma: 0.0005
decay_start_ratio: 0.05
decay_min_factor: 0.05
bandwith_kernel: None
no_interact: False
avg_score: -200.0800018310547
median_score: -200.5
std_score: 11.591100692749023
percentiles: 2%=-224.0, 5%=-218.1999969482422, 10%=-215.10000610351562, 25%=-208.0, 50%=-200.5, 75%=-191.0, 90%=-185.6999969482422, 95%=-180.0, 98%=-178.9600067138672
ranking_best_algo: Tabu
ranking_best_score: 208.36000000000004
ranking_my_rank: 54/504 (89.5%)
ranking_my_percent: 89.48412698412699
