ConfigName: kjsd__advperagentrankweighted__M4__L30__eps0p01__g0p0007__ds0p2__dm0p05
Problem: QUBO
Kernel: jsd
Advantage: peragentrankweighted
M: 4
lambda: 30
epsilon_svgd: 0.01
gamma: 0.0007
decay_start_ratio: 0.2
decay_min_factor: 0.05
bandwith_kernel: None
no_interact: False
avg_score: -331.3599853515625
median_score: -337.5
std_score: 22.844484329223633
percentiles: 2%=-372.0, 5%=-372.0, 10%=-354.0, 25%=-343.75, 50%=-337.5, 75%=-316.0, 90%=-303.6000061035156, 95%=-292.8500061035156, 98%=-286.0
ranking_best_algo: CMApara
ranking_best_score: 344.22
ranking_my_rank: 76/504 (85.1%)
ranking_my_percent: 85.11904761904762
