ConfigName: krbf__advnormalizedfitness__M4__L15__eps0p033__g0p01__ds0p01__dm0p01
Problem: QUBO
Kernel: rbf
Advantage: normalizedfitness
M: 4
lambda: 15
epsilon_svgd: 0.033
gamma: 0.01
decay_start_ratio: 0.01
decay_min_factor: 0.01
bandwith_kernel: None
no_interact: False
avg_score: -334.8800048828125
median_score: -335.0
std_score: 19.533193588256836
percentiles: 2%=-372.0, 5%=-366.20001220703125, 10%=-357.3999938964844, 25%=-350.0, 50%=-335.0, 75%=-323.5, 90%=-308.0, 95%=-302.8000183105469, 98%=-292.8599853515625
ranking_best_algo: CMApara
ranking_best_score: 344.22
ranking_my_rank: 59/504 (88.5%)
ranking_my_percent: 88.4920634920635
