ConfigName: kjsd__advperagentrankweighted__M3__L20__eps0p005__g0p003__ds0p1__dm0p2
Problem: QUBO
Kernel: jsd
Advantage: peragentrankweighted
M: 3
lambda: 20
epsilon_svgd: 0.005
gamma: 0.003
decay_start_ratio: 0.1
decay_min_factor: 0.2
bandwith_kernel: None
no_interact: False
avg_score: -301.5199890136719
median_score: -300.0
std_score: 39.84431838989258
percentiles: 2%=-394.0400085449219, 5%=-376.29998779296875, 10%=-350.6000061035156, 25%=-330.0, 50%=-300.0, 75%=-268.75, 90%=-257.70001220703125, 95%=-248.9499969482422, 98%=-237.9199981689453
ranking_best_algo: CMApara
ranking_best_score: 319.29999999999995
ranking_my_rank: 222/504 (56.2%)
ranking_my_percent: 56.15079365079365
