ConfigName: kjsd__advperagentrankweighted__M6__L10__eps0p005__g0p0005__ds0p3__dm0p05
Problem: NK
Kernel: jsd
Advantage: peragentrankweighted
M: 6
lambda: 10
epsilon_svgd: 0.005
gamma: 0.0005
decay_start_ratio: 0.3
decay_min_factor: 0.05
bandwith_kernel: None
no_interact: False
avg_score: 0.743836522102356
median_score: 0.7436516284942627
std_score: 0.00981797743588686
percentiles: 2%=0.7268735766410828, 5%=0.7274801731109619, 10%=0.7303481698036194, 25%=0.737226665019989, 50%=0.7436516284942627, 75%=0.7505262494087219, 90%=0.7548038959503174, 95%=0.7591739892959595, 98%=0.7654957175254822
ranking_best_algo: PBIL
ranking_best_score: 0.733570253046875
ranking_my_rank: 1/504 (100.0%)
ranking_my_percent: 100.0
