ConfigName: kjsd__advperagentrankweighted__M3__L30__eps0p005__g0p0005__ds0p05__dm0p2
Problem: QUBO
Kernel: jsd
Advantage: peragentrankweighted
M: 3
lambda: 30
epsilon_svgd: 0.005
gamma: 0.0005
decay_start_ratio: 0.05
decay_min_factor: 0.2
bandwith_kernel: None
no_interact: False
avg_score: -936.260009765625
median_score: -932.0
std_score: 66.51280212402344
percentiles: 2%=-1076.0400390625, 5%=-1063.0, 10%=-1030.0, 25%=-982.5, 50%=-932.0, 75%=-884.75, 90%=-851.7000122070312, 95%=-836.9000244140625, 98%=-822.8800048828125
ranking_best_algo: CMApara
ranking_best_score: 964.9
ranking_my_rank: 13/504 (97.6%)
ranking_my_percent: 97.61904761904762
