ConfigName: krbf__advnormalizedfitness__M3__L12__eps0p015__g0p01__ds0p15__dm0p01
Problem: NK
Kernel: rbf
Advantage: normalizedfitness
M: 3
lambda: 12
epsilon_svgd: 0.015
gamma: 0.01
decay_start_ratio: 0.15
decay_min_factor: 0.01
bandwith_kernel: None
no_interact: False
avg_score: 0.7113656401634216
median_score: 0.7109459638595581
std_score: 0.014121812768280506
percentiles: 2%=0.6808353662490845, 5%=0.688727855682373, 10%=0.6952123045921326, 25%=0.7009187340736389, 50%=0.7109459638595581, 75%=0.7229421138763428, 90%=0.7304894924163818, 95%=0.7320268750190735, 98%=0.736208438873291
ranking_best_algo: PBIL
ranking_best_score: 0.733570253046875
ranking_my_rank: 66/504 (87.1%)
ranking_my_percent: 87.10317460317461
