ConfigName: kjsd__advperagentrankweighted__M4__L10__eps0p03__g0p0003__ds0p2__dm0p05
Problem: QUBO
Kernel: jsd
Advantage: peragentrankweighted
M: 4
lambda: 10
epsilon_svgd: 0.03
gamma: 0.0003
decay_start_ratio: 0.2
decay_min_factor: 0.05
bandwith_kernel: None
no_interact: False
avg_score: -189.83999633789062
median_score: -189.0
std_score: 13.273070335388184
percentiles: 2%=-217.02000427246094, 5%=-213.0500030517578, 10%=-207.10000610351562, 25%=-201.0, 50%=-189.0, 75%=-179.75, 90%=-173.0, 95%=-170.9499969482422, 98%=-168.89999389648438
ranking_best_algo: Tabu
ranking_best_score: 208.36000000000004
ranking_my_rank: 242/504 (52.2%)
ranking_my_percent: 52.182539682539684
