ConfigName: kjsd__advperagentrankweighted__M3__L18__eps0p007__g0p0005__ds0p2__dm0p2
Problem: NK
Kernel: jsd
Advantage: peragentrankweighted
M: 3
lambda: 18
epsilon_svgd: 0.007
gamma: 0.0005
decay_start_ratio: 0.2
decay_min_factor: 0.2
bandwith_kernel: None
no_interact: False
avg_score: 0.7111039161682129
median_score: 0.6985580325126648
std_score: 0.03176617622375488
percentiles: 2%=0.6733772158622742, 5%=0.6735832691192627, 10%=0.6787315011024475, 25%=0.6824374794960022, 50%=0.6985580325126648, 75%=0.7474179267883301, 90%=0.7540167570114136, 95%=0.7613165378570557, 98%=0.7613165378570557
ranking_best_algo: CMApara
ranking_best_score: 0.7118996098437498
ranking_my_rank: 6/504 (99.0%)
ranking_my_percent: 99.0079365079365
