ConfigName: kjsd__advperagentrankweighted__M5__L8__eps0p01__g0p003__ds0p2__dm0p05
Problem: NK
Kernel: jsd
Advantage: peragentrankweighted
M: 5
lambda: 8
epsilon_svgd: 0.01
gamma: 0.003
decay_start_ratio: 0.2
decay_min_factor: 0.05
bandwith_kernel: None
no_interact: False
avg_score: 0.6581695675849915
median_score: 0.656938910484314
std_score: 0.015781767666339874
percentiles: 2%=0.6316925287246704, 5%=0.6364820003509521, 10%=0.6395928859710693, 25%=0.6484968662261963, 50%=0.656938910484314, 75%=0.6674001216888428, 90%=0.6774711608886719, 95%=0.6848699450492859, 98%=0.6971840858459473
ranking_best_algo: PBIL
ranking_best_score: 0.7170882103515624
ranking_my_rank: 223/504 (56.0%)
ranking_my_percent: 55.95238095238095
