ConfigName: kjsd__advperagentrankweighted__M3__L20__eps0p007__g0p0005__ds0p1__dm0p1
Problem: QUBO
Kernel: jsd
Advantage: peragentrankweighted
M: 3
lambda: 20
epsilon_svgd: 0.007
gamma: 0.0005
decay_start_ratio: 0.1
decay_min_factor: 0.1
bandwith_kernel: None
no_interact: False
avg_score: -307.9800109863281
median_score: -299.5
std_score: 38.8499641418457
percentiles: 2%=-388.1199951171875, 5%=-384.1000061035156, 10%=-354.20001220703125, 25%=-336.0, 50%=-299.5, 75%=-275.5, 90%=-264.8999938964844, 95%=-258.95001220703125, 98%=-250.0
ranking_best_algo: CMApara
ranking_best_score: 319.29999999999995
ranking_my_rank: 91/504 (82.1%)
ranking_my_percent: 82.14285714285714
