ConfigName: kjsd__advperagentrankweighted__M3__L16__eps0p005__g0p001__ds0p05__dm0p05
Problem: QUBO
Kernel: jsd
Advantage: peragentrankweighted
M: 3
lambda: 16
epsilon_svgd: 0.005
gamma: 0.001
decay_start_ratio: 0.05
decay_min_factor: 0.05
bandwith_kernel: None
no_interact: False
avg_score: -430.6600036621094
median_score: -428.0
std_score: 27.669557571411133
percentiles: 2%=-485.0, 5%=-479.0, 10%=-473.0, 25%=-448.25, 50%=-428.0, 75%=-414.0, 90%=-400.79998779296875, 95%=-392.95001220703125, 98%=-379.44000244140625
ranking_best_algo: CMAL3
ranking_best_score: 435.36
ranking_my_rank: 8/504 (98.6%)
ranking_my_percent: 98.61111111111111
