ConfigName: kjsd__advperagentrankweighted__M3__L20__eps0p005__g0p001__ds0p05__dm0p2
Problem: NK
Kernel: jsd
Advantage: peragentrankweighted
M: 3
lambda: 20
epsilon_svgd: 0.005
gamma: 0.001
decay_start_ratio: 0.05
decay_min_factor: 0.2
bandwith_kernel: None
no_interact: False
avg_score: 0.7372061014175415
median_score: 0.7374333739280701
std_score: 0.008193453773856163
percentiles: 2%=0.7200717926025391, 5%=0.7220430970191956, 10%=0.7264735102653503, 25%=0.7321610450744629, 50%=0.7374333739280701, 75%=0.7434262633323669, 90%=0.7467251420021057, 95%=0.7501705288887024, 98%=0.7508716583251953
ranking_best_algo: PBIL
ranking_best_score: 0.730509098125
ranking_my_rank: 1/504 (100.0%)
ranking_my_percent: 100.0
