ConfigName: kjsd__advperagentrankweighted__M4__L12__eps0p03__g0p0005__ds0p2__dm0p05
Problem: QUBO
Kernel: jsd
Advantage: peragentrankweighted
M: 4
lambda: 12
epsilon_svgd: 0.03
gamma: 0.0005
decay_start_ratio: 0.2
decay_min_factor: 0.05
bandwith_kernel: None
no_interact: False
avg_score: -2504.9599609375
median_score: -2492.0
std_score: 107.83393096923828
percentiles: 2%=-2727.659912109375, 5%=-2697.0, 10%=-2642.800048828125, 25%=-2573.25, 50%=-2492.0, 75%=-2447.75, 90%=-2370.199951171875, 95%=-2315.699951171875, 98%=-2299.97998046875
ranking_best_algo: SVM1MetaModelLogNormal
ranking_best_score: 2605.14
ranking_my_rank: 63/504 (87.7%)
ranking_my_percent: 87.6984126984127
