ConfigName: kfr__advglobalrankweighted__M5__L11__eps0p015__g0p007__ds0p01__dm0p01
Problem: QUBO
Kernel: fr
Advantage: globalrankweighted
M: 5
lambda: 11
epsilon_svgd: 0.015
gamma: 0.007
decay_start_ratio: 0.01
decay_min_factor: 0.01
bandwith_kernel: None
no_interact: False
avg_score: -414.8999938964844
median_score: -415.0
std_score: 29.140178680419922
percentiles: 2%=-471.0799865722656, 5%=-471.0, 10%=-453.3999938964844, 25%=-431.25, 50%=-415.0, 75%=-397.5, 90%=-375.0, 95%=-367.95001220703125, 98%=-356.0
ranking_best_algo: CMAL3
ranking_best_score: 435.36
ranking_my_rank: 109/504 (78.6%)
ranking_my_percent: 78.57142857142857
