ConfigName: krbf__advnormalizedfitness__M3__L15__eps0p025__g0p005__ds0p01__dm0p3
Problem: QUBO
Kernel: rbf
Advantage: normalizedfitness
M: 3
lambda: 15
epsilon_svgd: 0.025
gamma: 0.005
decay_start_ratio: 0.01
decay_min_factor: 0.3
bandwith_kernel: None
no_interact: False
avg_score: -2474.5400390625
median_score: -2487.5
std_score: 158.49185180664062
percentiles: 2%=-2780.340087890625, 5%=-2712.800048828125, 10%=-2678.10009765625, 25%=-2603.5, 50%=-2487.5, 75%=-2355.5, 90%=-2266.699951171875, 95%=-2208.550048828125, 98%=-2152.85986328125
ranking_best_algo: SVM1MetaModelLogNormal
ranking_best_score: 2605.14
ranking_my_rank: 79/504 (84.5%)
ranking_my_percent: 84.52380952380952
