ConfigName: kjsd__advperagentrankweighted__M5__L8__eps0p01__g0p0005__ds0p05__dm0p05
Problem: QUBO
Kernel: jsd
Advantage: peragentrankweighted
M: 5
lambda: 8
epsilon_svgd: 0.01
gamma: 0.0005
decay_start_ratio: 0.05
decay_min_factor: 0.05
bandwith_kernel: None
no_interact: False
avg_score: -432.3999938964844
median_score: -429.5
std_score: 22.394641876220703
percentiles: 2%=-477.0, 5%=-469.29998779296875, 10%=-467.0, 25%=-448.25, 50%=-429.5, 75%=-415.0, 90%=-405.8999938964844, 95%=-396.79998779296875, 98%=-390.8399963378906
ranking_best_algo: CMAL3
ranking_best_score: 435.36
ranking_my_rank: 5/504 (99.2%)
ranking_my_percent: 99.2063492063492
