ConfigName: kjsd__advperagentrankweighted__M4__L10__eps0p005__g0p0003__ds0p05__dm0p05
Problem: NK
Kernel: jsd
Advantage: peragentrankweighted
M: 4
lambda: 10
epsilon_svgd: 0.005
gamma: 0.0003
decay_start_ratio: 0.05
decay_min_factor: 0.05
bandwith_kernel: None
no_interact: False
avg_score: 0.7280672192573547
median_score: 0.7270507216453552
std_score: 0.008654864504933357
percentiles: 2%=0.7135722041130066, 5%=0.71629798412323, 10%=0.7186259627342224, 25%=0.7219240665435791, 50%=0.7270507216453552, 75%=0.7342785596847534, 90%=0.7385640740394592, 95%=0.7428514361381531, 98%=0.746694803237915
ranking_best_algo: Tabu
ranking_best_score: 0.7429702712499999
ranking_my_rank: 2/504 (99.8%)
ranking_my_percent: 99.8015873015873
