ConfigName: kfr__advglobalrankweighted__M4__L15__eps0p02__g0p005__ds0p01__dm0p01
Problem: QUBO
Kernel: fr
Advantage: globalrankweighted
M: 4
lambda: 15
epsilon_svgd: 0.02
gamma: 0.005
decay_start_ratio: 0.01
decay_min_factor: 0.01
bandwith_kernel: None
no_interact: False
avg_score: -139.13999938964844
median_score: -139.0
std_score: 11.554237365722656
percentiles: 2%=-161.0, 5%=-158.10000610351562, 10%=-152.10000610351562, 25%=-148.0, 50%=-139.0, 75%=-130.0, 90%=-125.0, 95%=-119.0, 98%=-114.97999572753906
ranking_best_algo: DiscreteDE
ranking_best_score: 143.4
ranking_my_rank: 86/504 (83.1%)
ranking_my_percent: 83.13492063492063
