ConfigName: kjsd__advperagentrankweighted__M3__L16__eps0p01__g0p001__ds0p05__dm0p05
Problem: NK
Kernel: jsd
Advantage: peragentrankweighted
M: 3
lambda: 16
epsilon_svgd: 0.01
gamma: 0.001
decay_start_ratio: 0.05
decay_min_factor: 0.05
bandwith_kernel: None
no_interact: False
avg_score: 0.7435030937194824
median_score: 0.7408133745193481
std_score: 0.028362130746245384
percentiles: 2%=0.7027196288108826, 5%=0.7083438038825989, 10%=0.7113600373268127, 25%=0.7227315306663513, 50%=0.7408133745193481, 75%=0.7580187320709229, 90%=0.7778564095497131, 95%=0.8044298887252808, 98%=0.8118547797203064
ranking_best_algo: CMApara
ranking_best_score: 0.7459277895312499
ranking_my_rank: 8/504 (98.6%)
ranking_my_percent: 98.61111111111111
