ConfigName: krbf__advnormalizedfitness__M1__L8__eps0p025__g0p01__ds0p15__dm0p3
Problem: QUBO
Kernel: rbf
Advantage: normalizedfitness
M: 1
lambda: 8
epsilon_svgd: 0.025
gamma: 0.01
decay_start_ratio: 0.15
decay_min_factor: 0.3
bandwith_kernel: None
no_interact: False
avg_score: -1218.3599853515625
median_score: -1217.0
std_score: 64.18356323242188
percentiles: 2%=-1364.1600341796875, 5%=-1328.550048828125, 10%=-1297.0999755859375, 25%=-1257.5, 50%=-1217.0, 75%=-1174.5, 90%=-1146.800048828125, 95%=-1109.75, 98%=-1084.9000244140625
ranking_best_algo: SVMMetaModelLogNormal
ranking_best_score: 1233.7999999999997
ranking_my_rank: 40/504 (92.3%)
ranking_my_percent: 92.26190476190476
