ConfigName: kjsd__advperagentrankweighted__M3__L18__eps0p005__g0p0005__ds0p2__dm0p1
Problem: NK
Kernel: jsd
Advantage: peragentrankweighted
M: 3
lambda: 18
epsilon_svgd: 0.005
gamma: 0.0005
decay_start_ratio: 0.2
decay_min_factor: 0.1
bandwith_kernel: None
no_interact: False
avg_score: 0.7333341836929321
median_score: 0.7320082187652588
std_score: 0.009282588958740234
percentiles: 2%=0.7169909477233887, 5%=0.7193898558616638, 10%=0.7216259241104126, 25%=0.7272765040397644, 50%=0.7320082187652588, 75%=0.7393038272857666, 90%=0.7468566298484802, 95%=0.7506115436553955, 98%=0.7516692280769348
ranking_best_algo: Tabu
ranking_best_score: 0.7429702712499999
ranking_my_rank: 2/504 (99.8%)
ranking_my_percent: 99.8015873015873
