ConfigName: kjsd__advperagentrankweighted__M6__L8__eps0p02__g0p0007__ds0p05__dm0p05
Problem: NK
Kernel: jsd
Advantage: peragentrankweighted
M: 6
lambda: 8
epsilon_svgd: 0.02
gamma: 0.0007
decay_start_ratio: 0.05
decay_min_factor: 0.05
bandwith_kernel: None
no_interact: False
avg_score: 0.7443473935127258
median_score: 0.7414522767066956
std_score: 0.02731476165354252
percentiles: 2%=0.7060282230377197, 5%=0.7102030515670776, 10%=0.7127578258514404, 25%=0.725521981716156, 50%=0.7414522767066956, 75%=0.7589904069900513, 90%=0.7767668962478638, 95%=0.8044298887252808, 98%=0.8118547797203064
ranking_best_algo: CMApara
ranking_best_score: 0.7459277895312499
ranking_my_rank: 5/504 (99.2%)
ranking_my_percent: 99.2063492063492
