ConfigName: kjsd__advperagentrankweighted__M3__L18__eps0p007__g0p001__ds0p05__dm0p05
Problem: QUBO
Kernel: jsd
Advantage: peragentrankweighted
M: 3
lambda: 18
epsilon_svgd: 0.007
gamma: 0.001
decay_start_ratio: 0.05
decay_min_factor: 0.05
bandwith_kernel: None
no_interact: False
avg_score: -148.3000030517578
median_score: -146.0
std_score: 13.488885879516602
percentiles: 2%=-179.0, 5%=-179.0, 10%=-164.0, 25%=-155.0, 50%=-146.0, 75%=-139.0, 90%=-134.89999389648438, 95%=-126.8499984741211, 98%=-122.9800033569336
ranking_best_algo: CMApara
ranking_best_score: 154.28
ranking_my_rank: 84/504 (83.5%)
ranking_my_percent: 83.53174603174604
