ConfigName: krbf__advnormalizedfitness__M1__L8__eps0p033__g0p005__ds0p3__dm0p01
Problem: NK
Kernel: rbf
Advantage: normalizedfitness
M: 1
lambda: 8
epsilon_svgd: 0.033
gamma: 0.005
decay_start_ratio: 0.3
decay_min_factor: 0.01
bandwith_kernel: None
no_interact: False
avg_score: 0.7252158522605896
median_score: 0.724422037601471
std_score: 0.03126538544893265
percentiles: 2%=0.6775220632553101, 5%=0.6828437447547913, 10%=0.6882320642471313, 25%=0.7019388675689697, 50%=0.724422037601471, 75%=0.7398707270622253, 90%=0.766732931137085, 95%=0.7892168760299683, 98%=0.8044895529747009
ranking_best_algo: CMApara
ranking_best_score: 0.7459277895312499
ranking_my_rank: 252/504 (50.2%)
ranking_my_percent: 50.198412698412696
