ConfigName: krbf__advnormalizedfitness__M4__L8__eps0p025__g0p005__ds0p01__dm0p3
Problem: NK
Kernel: rbf
Advantage: normalizedfitness
M: 4
lambda: 8
epsilon_svgd: 0.025
gamma: 0.005
decay_start_ratio: 0.01
decay_min_factor: 0.3
bandwith_kernel: None
no_interact: False
avg_score: 0.7073288559913635
median_score: 0.7079318761825562
std_score: 0.011606225743889809
percentiles: 2%=0.6884177327156067, 5%=0.6896383762359619, 10%=0.6939653158187866, 25%=0.6962764859199524, 50%=0.7079318761825562, 75%=0.7172595858573914, 90%=0.7216085195541382, 95%=0.7234076261520386, 98%=0.7248086333274841
ranking_best_algo: PBIL
ranking_best_score: 0.7013553837109374
ranking_my_rank: 1/504 (100.0%)
ranking_my_percent: 100.0
