ConfigName: kjsd__advperagentrankweighted__M5__L10__eps0p005__g0p003__ds0p4__dm0p05
Problem: NK
Kernel: jsd
Advantage: peragentrankweighted
M: 5
lambda: 10
epsilon_svgd: 0.005
gamma: 0.003
decay_start_ratio: 0.4
decay_min_factor: 0.05
bandwith_kernel: None
no_interact: False
avg_score: 0.6094080209732056
median_score: 0.6082902550697327
std_score: 0.008848491124808788
percentiles: 2%=0.5959280729293823, 5%=0.5970244407653809, 10%=0.5979315638542175, 25%=0.6024934649467468, 50%=0.6082902550697327, 75%=0.6158239245414734, 90%=0.6212958097457886, 95%=0.625266969203949, 98%=0.6268019676208496
ranking_best_algo: Tabu
ranking_best_score: 0.7429702712499999
ranking_my_rank: 387/504 (23.4%)
ranking_my_percent: 23.41269841269841
