ConfigName: kjsd__advperagentrankweighted__M3__L24__eps0p005__g0p001__ds0p05__dm0p05
Problem: NK
Kernel: jsd
Advantage: peragentrankweighted
M: 3
lambda: 24
epsilon_svgd: 0.005
gamma: 0.001
decay_start_ratio: 0.05
decay_min_factor: 0.05
bandwith_kernel: None
no_interact: False
avg_score: 0.7358489036560059
median_score: 0.7377375960350037
std_score: 0.008727061562240124
percentiles: 2%=0.71695476770401, 5%=0.7189866900444031, 10%=0.7240785360336304, 25%=0.7297646403312683, 50%=0.7377375960350037, 75%=0.7424628734588623, 90%=0.7452139258384705, 95%=0.7480748891830444, 98%=0.7484756708145142
ranking_best_algo: PBIL
ranking_best_score: 0.7248786399609374
ranking_my_rank: 1/504 (100.0%)
ranking_my_percent: 100.0
