ConfigName: kjsd__advperagentrankweighted__M4__L12__eps0p005__g0p0007__ds0p1__dm0p2
Problem: QUBO
Kernel: jsd
Advantage: peragentrankweighted
M: 4
lambda: 12
epsilon_svgd: 0.005
gamma: 0.0007
decay_start_ratio: 0.1
decay_min_factor: 0.2
bandwith_kernel: None
no_interact: False
avg_score: -578.0
median_score: -576.0
std_score: 28.259511947631836
percentiles: 2%=-631.1599731445312, 5%=-627.0999755859375, 10%=-615.4000244140625, 25%=-597.0, 50%=-576.0, 75%=-563.5, 90%=-540.5999755859375, 95%=-530.0, 98%=-515.8599853515625
ranking_best_algo: Tabu
ranking_best_score: 588.7199999999999
ranking_my_rank: 42/503 (91.8%)
ranking_my_percent: 91.84890656063618
