ConfigName: krbf__advnormalizedfitness__M4__L24__eps0p03__g0p005__ds0p15__dm0p05
Problem: QUBO
Kernel: rbf
Advantage: normalizedfitness
M: 4
lambda: 24
epsilon_svgd: 0.03
gamma: 0.005
decay_start_ratio: 0.15
decay_min_factor: 0.05
bandwith_kernel: None
no_interact: False
avg_score: -2139.39990234375
median_score: -2128.5
std_score: 178.3818359375
percentiles: 2%=-2498.280029296875, 5%=-2446.10009765625, 10%=-2385.89990234375, 25%=-2243.5, 50%=-2128.5, 75%=-2015.5, 90%=-1892.699951171875, 95%=-1864.75, 98%=-1819.760009765625
ranking_best_algo: SVM1MetaModelLogNormal
ranking_best_score: 2605.14
ranking_my_rank: 202/504 (60.1%)
ranking_my_percent: 60.11904761904762
