ConfigName: krbf__advnormalizedfitness__M3__L15__eps0p025__g0p005__ds0p15__dm0p01
Problem: NK
Kernel: rbf
Advantage: normalizedfitness
M: 3
lambda: 15
epsilon_svgd: 0.025
gamma: 0.005
decay_start_ratio: 0.15
decay_min_factor: 0.01
bandwith_kernel: None
no_interact: False
avg_score: 0.7575386166572571
median_score: 0.757266640663147
std_score: 0.012715552002191544
percentiles: 2%=0.7297717928886414, 5%=0.733462929725647, 10%=0.7432018518447876, 25%=0.749812126159668, 50%=0.757266640663147, 75%=0.7668639421463013, 90%=0.7751563787460327, 95%=0.7778071761131287, 98%=0.7809552550315857
ranking_best_algo: Tabu
ranking_best_score: 0.7470791764843752
ranking_my_rank: 1/504 (100.0%)
ranking_my_percent: 100.0
