ConfigName: kjsd__advperagentrankweighted__M3__L24__eps0p005__g0p0005__ds0p2__dm0p05
Problem: NK
Kernel: jsd
Advantage: peragentrankweighted
M: 3
lambda: 24
epsilon_svgd: 0.005
gamma: 0.0005
decay_start_ratio: 0.2
decay_min_factor: 0.05
bandwith_kernel: None
no_interact: False
avg_score: 0.7099529504776001
median_score: 0.7108152508735657
std_score: 0.015576361678540707
percentiles: 2%=0.6705431938171387, 5%=0.6717193722724915, 10%=0.6958662271499634, 25%=0.7071990966796875, 50%=0.7108152508735657, 75%=0.7193145155906677, 90%=0.7255116701126099, 95%=0.7327823042869568, 98%=0.7333112359046936
ranking_best_algo: CMApara
ranking_best_score: 0.707475975
ranking_my_rank: 1/504 (100.0%)
ranking_my_percent: 100.0
