ConfigName: kjsd__advperagentrankweighted__M3__L18__eps0p01__g0p003__ds0p1__dm0p2
Problem: QUBO
Kernel: jsd
Advantage: peragentrankweighted
M: 3
lambda: 18
epsilon_svgd: 0.01
gamma: 0.003
decay_start_ratio: 0.1
decay_min_factor: 0.2
bandwith_kernel: None
no_interact: False
avg_score: -3121.89990234375
median_score: -3150.0
std_score: 153.40023803710938
percentiles: 2%=-3392.360107421875, 5%=-3362.10009765625, 10%=-3305.10009765625, 25%=-3221.75, 50%=-3150.0, 75%=-3020.5, 90%=-2917.300048828125, 95%=-2833.699951171875, 98%=-2768.56005859375
ranking_best_algo: RLSOnePlusOne
ranking_best_score: 3316.5199999999995
ranking_my_rank: 78/504 (84.7%)
ranking_my_percent: 84.72222222222223
