ConfigName: krbf__advnormalizedfitness__M4__L12__eps0p015__g0p01__ds0p15__dm0p01
Problem: NK
Kernel: rbf
Advantage: normalizedfitness
M: 4
lambda: 12
epsilon_svgd: 0.015
gamma: 0.01
decay_start_ratio: 0.15
decay_min_factor: 0.01
bandwith_kernel: None
no_interact: False
avg_score: 0.6604483723640442
median_score: 0.6596308350563049
std_score: 0.012601825408637524
percentiles: 2%=0.6376538872718811, 5%=0.6429864168167114, 10%=0.6455463767051697, 25%=0.650302529335022, 50%=0.6596308350563049, 75%=0.6674105525016785, 90%=0.6770229935646057, 95%=0.6818874478340149, 98%=0.6871804594993591
ranking_best_algo: PBIL
ranking_best_score: 0.733570253046875
ranking_my_rank: 273/504 (46.0%)
ranking_my_percent: 46.03174603174603
