ConfigName: kfr__advglobalrankweighted__M4__L15__eps0p01__g0p005__ds0p01__dm0p01
Problem: QUBO
Kernel: fr
Advantage: globalrankweighted
M: 4
lambda: 15
epsilon_svgd: 0.01
gamma: 0.005
decay_start_ratio: 0.01
decay_min_factor: 0.01
bandwith_kernel: None
no_interact: False
avg_score: -415.739990234375
median_score: -416.0
std_score: 25.75446319580078
percentiles: 2%=-469.0799865722656, 5%=-457.20001220703125, 10%=-449.0, 25%=-430.25, 50%=-416.0, 75%=-397.5, 90%=-380.0, 95%=-372.0, 98%=-365.9599914550781
ranking_best_algo: Tabu
ranking_best_score: 438.12
ranking_my_rank: 48/504 (90.7%)
ranking_my_percent: 90.67460317460318
