ConfigName: krbf__advnormalizedfitness__M4__L10__eps0p015__g0p005__ds0p15__dm0p3
Problem: QUBO
Kernel: rbf
Advantage: normalizedfitness
M: 4
lambda: 10
epsilon_svgd: 0.015
gamma: 0.005
decay_start_ratio: 0.15
decay_min_factor: 0.3
bandwith_kernel: None
no_interact: False
avg_score: -200.86000061035156
median_score: -202.0
std_score: 11.378067016601562
percentiles: 2%=-224.0, 5%=-220.10000610351562, 10%=-215.0, 25%=-207.5, 50%=-202.0, 75%=-193.0, 90%=-186.89999389648438, 95%=-183.85000610351562, 98%=-175.97999572753906
ranking_best_algo: Tabu
ranking_best_score: 208.36000000000004
ranking_my_rank: 44/504 (91.5%)
ranking_my_percent: 91.46825396825396
