ConfigName: krbf__advnormalizedfitness__M4__L8__eps0p025__g0p015__ds0p01__dm0p01
Problem: QUBO
Kernel: rbf
Advantage: normalizedfitness
M: 4
lambda: 8
epsilon_svgd: 0.025
gamma: 0.015
decay_start_ratio: 0.01
decay_min_factor: 0.01
bandwith_kernel: None
no_interact: False
avg_score: -1182.239990234375
median_score: -1182.0
std_score: 81.47713470458984
percentiles: 2%=-1349.800048828125, 5%=-1322.949951171875, 10%=-1291.0999755859375, 25%=-1231.25, 50%=-1182.0, 75%=-1119.0, 90%=-1081.0, 95%=-1070.300048828125, 98%=-1038.8599853515625
ranking_best_algo: BigLognormalDiscreteOnePlusOne
ranking_best_score: 1301.3600000000004
ranking_my_rank: 93/504 (81.7%)
ranking_my_percent: 81.74603174603175
