ConfigName: kjsd__advperagentrankweighted__M3__L24__eps0p005__g0p001__ds0p05__dm0p1
Problem: QUBO
Kernel: jsd
Advantage: peragentrankweighted
M: 3
lambda: 24
epsilon_svgd: 0.005
gamma: 0.001
decay_start_ratio: 0.05
decay_min_factor: 0.1
bandwith_kernel: None
no_interact: False
avg_score: -1603.699951171875
median_score: -1605.5
std_score: 63.389984130859375
percentiles: 2%=-1724.1400146484375, 5%=-1706.050048828125, 10%=-1679.0999755859375, 25%=-1647.5, 50%=-1605.5, 75%=-1566.75, 90%=-1518.0, 95%=-1508.199951171875, 98%=-1488.0799560546875
ranking_best_algo: NLOPT_LN_PRAXIS
ranking_best_score: 1607.12
ranking_my_rank: 11/504 (98.0%)
ranking_my_percent: 98.01587301587301
