ConfigName: kjsd__advperagentrankweighted__M4__L12__eps0p02__g0p0007__ds0p2__dm0p05
Problem: NK
Kernel: jsd
Advantage: peragentrankweighted
M: 4
lambda: 12
epsilon_svgd: 0.02
gamma: 0.0007
decay_start_ratio: 0.2
decay_min_factor: 0.05
bandwith_kernel: None
no_interact: False
avg_score: 0.7083709239959717
median_score: 0.710110068321228
std_score: 0.015364782884716988
percentiles: 2%=0.6694775819778442, 5%=0.670868992805481, 10%=0.6953273415565491, 25%=0.7049973011016846, 50%=0.710110068321228, 75%=0.7167808413505554, 90%=0.725018322467804, 95%=0.7315532565116882, 98%=0.7328595519065857
ranking_best_algo: CMApara
ranking_best_score: 0.707475975
ranking_my_rank: 1/504 (100.0%)
ranking_my_percent: 100.0
