ConfigName: kjsd__advperagentrankweighted__M4__L24__eps0p01__g0p0003__ds0p4__dm0p05
Problem: QUBO
Kernel: jsd
Advantage: peragentrankweighted
M: 4
lambda: 24
epsilon_svgd: 0.01
gamma: 0.0003
decay_start_ratio: 0.4
decay_min_factor: 0.05
bandwith_kernel: None
no_interact: False
avg_score: -580.260009765625
median_score: -577.5
std_score: 27.249446868896484
percentiles: 2%=-639.0399780273438, 5%=-627.0999755859375, 10%=-611.0, 25%=-603.0, 50%=-577.5, 75%=-560.5, 90%=-549.0, 95%=-540.9500122070312, 98%=-525.7999877929688
ranking_best_algo: Tabu
ranking_best_score: 588.7199999999999
ranking_my_rank: 38/503 (92.6%)
ranking_my_percent: 92.6441351888668
