ConfigName: kjsd__advperagentrankweighted__M4__L12__eps0p005__g0p0005__ds0p05__dm0p2
Problem: QUBO
Kernel: jsd
Advantage: peragentrankweighted
M: 4
lambda: 12
epsilon_svgd: 0.005
gamma: 0.0005
decay_start_ratio: 0.05
decay_min_factor: 0.2
bandwith_kernel: None
no_interact: False
avg_score: -1626.06005859375
median_score: -1622.5
std_score: 66.78575134277344
percentiles: 2%=-1746.8199462890625, 5%=-1733.0999755859375, 10%=-1714.4000244140625, 25%=-1675.75, 50%=-1622.5, 75%=-1580.5, 90%=-1544.300048828125, 95%=-1518.699951171875, 98%=-1508.6800537109375
ranking_best_algo: NLOPT_LN_PRAXIS
ranking_best_score: 1607.12
ranking_my_rank: 1/504 (100.0%)
ranking_my_percent: 100.0
