ConfigName: kjsd__advperagentrankweighted__M3__L16__eps0p005__g0p0005__ds0p05__dm0p05
Problem: QUBO
Kernel: jsd
Advantage: peragentrankweighted
M: 3
lambda: 16
epsilon_svgd: 0.005
gamma: 0.0005
decay_start_ratio: 0.05
decay_min_factor: 0.05
bandwith_kernel: None
no_interact: False
avg_score: -580.2999877929688
median_score: -581.5
std_score: 27.198345184326172
percentiles: 2%=-627.1199951171875, 5%=-622.0499877929688, 10%=-617.0, 25%=-600.0, 50%=-581.5, 75%=-560.0, 90%=-546.0, 95%=-536.9500122070312, 98%=-526.9600219726562
ranking_best_algo: Tabu
ranking_best_score: 588.7199999999999
ranking_my_rank: 38/503 (92.6%)
ranking_my_percent: 92.6441351888668
