ConfigName: kjsd__advperagentrankweighted__M4__L8__eps0p005__g0p0005__ds0p2__dm0p05
Problem: NK
Kernel: jsd
Advantage: peragentrankweighted
M: 4
lambda: 8
epsilon_svgd: 0.005
gamma: 0.0005
decay_start_ratio: 0.2
decay_min_factor: 0.05
bandwith_kernel: None
no_interact: False
avg_score: 0.7364734411239624
median_score: 0.7377920746803284
std_score: 0.008954995311796665
percentiles: 2%=0.7192271947860718, 5%=0.7211783528327942, 10%=0.7237570285797119, 25%=0.7310530543327332, 50%=0.7377920746803284, 75%=0.7428392171859741, 90%=0.7464555501937866, 95%=0.749962329864502, 98%=0.7515714168548584
ranking_best_algo: PBIL
ranking_best_score: 0.730509098125
ranking_my_rank: 1/504 (100.0%)
ranking_my_percent: 100.0
