ConfigName: kjsd__advperagentrankweighted__M4__L8__eps0p005__g0p0003__ds0p4__dm0p05
Problem: QUBO
Kernel: jsd
Advantage: peragentrankweighted
M: 4
lambda: 8
epsilon_svgd: 0.005
gamma: 0.0003
decay_start_ratio: 0.4
decay_min_factor: 0.05
bandwith_kernel: None
no_interact: False
avg_score: -429.7799987792969
median_score: -428.5
std_score: 25.523157119750977
percentiles: 2%=-479.0, 5%=-473.0, 10%=-469.0, 25%=-447.25, 50%=-428.5, 75%=-412.0, 90%=-399.0, 95%=-385.95001220703125, 98%=-383.9800109863281
ranking_best_algo: CMAL3
ranking_best_score: 435.36
ranking_my_rank: 9/504 (98.4%)
ranking_my_percent: 98.41269841269842
