ConfigName: krbf__advnormalizedfitness__M3__L10__eps0p025__g0p005__ds0p15__dm0p3
Problem: QUBO
Kernel: rbf
Advantage: normalizedfitness
M: 3
lambda: 10
epsilon_svgd: 0.025
gamma: 0.005
decay_start_ratio: 0.15
decay_min_factor: 0.3
bandwith_kernel: None
no_interact: False
avg_score: -428.0400085449219
median_score: -427.5
std_score: 27.558635711669922
percentiles: 2%=-475.1199951171875, 5%=-469.20001220703125, 10%=-463.20001220703125, 25%=-447.25, 50%=-427.5, 75%=-414.0, 90%=-394.8999938964844, 95%=-383.0, 98%=-358.0
ranking_best_algo: CMAL3
ranking_best_score: 435.36
ranking_my_rank: 15/504 (97.2%)
ranking_my_percent: 97.22222222222223
