ConfigName: kfr__advglobalrankweighted__M1__L9__eps0p01__g0p005__ds0p01__dm0p01
Problem: QUBO
Kernel: fr
Advantage: globalrankweighted
M: 1
lambda: 9
epsilon_svgd: 0.01
gamma: 0.005
decay_start_ratio: 0.01
decay_min_factor: 0.01
bandwith_kernel: None
no_interact: False
avg_score: -3216.39990234375
median_score: -3212.0
std_score: 122.98796081542969
percentiles: 2%=-3463.0400390625, 5%=-3380.14990234375, 10%=-3366.300048828125, 25%=-3302.0, 50%=-3212.0, 75%=-3145.0, 90%=-3074.800048828125, 95%=-2996.5, 98%=-2978.1396484375
ranking_best_algo: RLSOnePlusOne
ranking_best_score: 3316.5199999999995
ranking_my_rank: 48/504 (90.7%)
ranking_my_percent: 90.67460317460318
