ConfigName: kfr__advglobalrankweighted__M6__L10__eps0p01__g0p003__ds0p01__dm0p01
Problem: QUBO
Kernel: fr
Advantage: globalrankweighted
M: 6
lambda: 10
epsilon_svgd: 0.01
gamma: 0.003
decay_start_ratio: 0.01
decay_min_factor: 0.01
bandwith_kernel: None
no_interact: False
avg_score: -866.0599975585938
median_score: -856.0
std_score: 75.36774444580078
percentiles: 2%=-1018.52001953125, 5%=-1001.5999755859375, 10%=-959.2999877929688, 25%=-924.25, 50%=-856.0, 75%=-813.25, 90%=-771.7000122070312, 95%=-755.0, 98%=-751.7999267578125
ranking_best_algo: CMAL3
ranking_best_score: 928.5800000000002
ranking_my_rank: 174/504 (65.7%)
ranking_my_percent: 65.67460317460318
