ConfigName: kjsd__advperagentrankweighted__M4__L12__eps0p005__g0p0007__ds0p2__dm0p2
Problem: QUBO
Kernel: jsd
Advantage: peragentrankweighted
M: 4
lambda: 12
epsilon_svgd: 0.005
gamma: 0.0007
decay_start_ratio: 0.2
decay_min_factor: 0.2
bandwith_kernel: None
no_interact: False
avg_score: -309.44000244140625
median_score: -314.0
std_score: 39.65156173706055
percentiles: 2%=-394.0799865722656, 5%=-390.1000061035156, 10%=-357.79998779296875, 25%=-334.0, 50%=-314.0, 75%=-273.0, 90%=-265.79998779296875, 95%=-256.95001220703125, 98%=-254.94000244140625
ranking_best_algo: CMApara
ranking_best_score: 319.29999999999995
ranking_my_rank: 76/504 (85.1%)
ranking_my_percent: 85.11904761904762
