ConfigName: kjsd__advperagentrankweighted__M4__L24__eps0p01__g0p0003__ds0p2__dm0p05
Problem: QUBO
Kernel: jsd
Advantage: peragentrankweighted
M: 4
lambda: 24
epsilon_svgd: 0.01
gamma: 0.0003
decay_start_ratio: 0.2
decay_min_factor: 0.05
bandwith_kernel: None
no_interact: False
avg_score: -1627.43994140625
median_score: -1625.5
std_score: 59.91716384887695
percentiles: 2%=-1743.5400390625, 5%=-1723.1500244140625, 10%=-1698.0, 25%=-1673.0, 50%=-1625.5, 75%=-1585.0, 90%=-1544.5999755859375, 95%=-1530.9000244140625, 98%=-1526.9200439453125
ranking_best_algo: NLOPT_LN_PRAXIS
ranking_best_score: 1607.12
ranking_my_rank: 1/504 (100.0%)
ranking_my_percent: 100.0
