ConfigName: kjsd__advperagentrankweighted__M3__L30__eps0p007__g0p0005__ds0p2__dm0p1
Problem: QUBO
Kernel: jsd
Advantage: peragentrankweighted
M: 3
lambda: 30
epsilon_svgd: 0.007
gamma: 0.0005
decay_start_ratio: 0.2
decay_min_factor: 0.1
bandwith_kernel: None
no_interact: False
avg_score: -435.4200134277344
median_score: -433.5
std_score: 28.656301498413086
percentiles: 2%=-490.0400085449219, 5%=-479.29998779296875, 10%=-469.20001220703125, 25%=-459.0, 50%=-433.5, 75%=-415.0, 90%=-397.0, 95%=-390.70001220703125, 98%=-375.9599914550781
ranking_best_algo: CMApara
ranking_best_score: 453.82
ranking_my_rank: 32/504 (93.8%)
ranking_my_percent: 93.84920634920636
