ConfigName: kjsd__advperagentrankweighted__M3__L20__eps0p005__g0p003__ds0p1__dm0p1
Problem: QUBO
Kernel: jsd
Advantage: peragentrankweighted
M: 3
lambda: 20
epsilon_svgd: 0.005
gamma: 0.003
decay_start_ratio: 0.1
decay_min_factor: 0.1
bandwith_kernel: None
no_interact: False
avg_score: -1001.02001953125
median_score: -996.5
std_score: 69.0108642578125
percentiles: 2%=-1143.0799560546875, 5%=-1130.3499755859375, 10%=-1091.5999755859375, 25%=-1047.75, 50%=-996.5, 75%=-954.5, 90%=-923.7999877929688, 95%=-896.5, 98%=-881.9400024414062
ranking_best_algo: SVMMetaModelLogNormal
ranking_best_score: 1233.7999999999997
ranking_my_rank: 237/504 (53.2%)
ranking_my_percent: 53.17460317460318
