ConfigName: kfr__advglobalrankweighted__M1__L8__eps0p02__g0p005__ds0p01__dm0p01
Problem: QUBO
Kernel: fr
Advantage: globalrankweighted
M: 1
lambda: 8
epsilon_svgd: 0.02
gamma: 0.005
decay_start_ratio: 0.01
decay_min_factor: 0.01
bandwith_kernel: None
no_interact: False
avg_score: -1123.9599609375
median_score: -1115.0
std_score: 72.27764892578125
percentiles: 2%=-1306.1800537109375, 5%=-1281.1500244140625, 10%=-1211.199951171875, 25%=-1148.5, 50%=-1115.0, 75%=-1084.75, 90%=-1044.699951171875, 95%=-1019.9500122070312, 98%=-985.7599487304688
ranking_best_algo: Tabu
ranking_best_score: 1216.16
ranking_my_rank: 163/504 (67.9%)
ranking_my_percent: 67.85714285714286
