ConfigName: kjsd__advperagentrankweighted__M4__L20__eps0p005__g0p001__ds0p2__dm0p2
Problem: QUBO
Kernel: jsd
Advantage: peragentrankweighted
M: 4
lambda: 20
epsilon_svgd: 0.005
gamma: 0.001
decay_start_ratio: 0.2
decay_min_factor: 0.2
bandwith_kernel: None
no_interact: False
avg_score: -439.29998779296875
median_score: -439.0
std_score: 27.95478630065918
percentiles: 2%=-492.1199951171875, 5%=-485.1499938964844, 10%=-475.1000061035156, 25%=-457.25, 50%=-439.0, 75%=-419.0, 90%=-403.6000061035156, 95%=-393.95001220703125, 98%=-383.70001220703125
ranking_best_algo: CMApara
ranking_best_score: 453.82
ranking_my_rank: 19/504 (96.4%)
ranking_my_percent: 96.42857142857143
