ConfigName: krbf__advnormalizedfitness__M1__L10__eps0p015__g0p007__ds0p3__dm0p01
Problem: NK
Kernel: rbf
Advantage: normalizedfitness
M: 1
lambda: 10
epsilon_svgd: 0.015
gamma: 0.007
decay_start_ratio: 0.3
decay_min_factor: 0.01
bandwith_kernel: None
no_interact: False
avg_score: 0.7064118981361389
median_score: 0.7080039978027344
std_score: 0.015287631191313267
percentiles: 2%=0.667624831199646, 5%=0.6685450673103333, 10%=0.689342737197876, 25%=0.7029277682304382, 50%=0.7080039978027344, 75%=0.7138991951942444, 90%=0.724256157875061, 95%=0.7296231389045715, 98%=0.7316298484802246
ranking_best_algo: CMApara
ranking_best_score: 0.707475975
ranking_my_rank: 2/504 (99.8%)
ranking_my_percent: 99.8015873015873
