ConfigName: kjsd__advperagentrankweighted__M4__L12__eps0p02__g0p0007__ds0p05__dm0p05
Problem: QUBO
Kernel: jsd
Advantage: peragentrankweighted
M: 4
lambda: 12
epsilon_svgd: 0.02
gamma: 0.0007
decay_start_ratio: 0.05
decay_min_factor: 0.05
bandwith_kernel: None
no_interact: False
avg_score: -1182.219970703125
median_score: -1179.0
std_score: 64.08753204345703
percentiles: 2%=-1337.1600341796875, 5%=-1289.4000244140625, 10%=-1263.9000244140625, 25%=-1218.0, 50%=-1179.0, 75%=-1132.5, 90%=-1100.9000244140625, 95%=-1087.75, 98%=-1079.6400146484375
ranking_best_algo: Tabu
ranking_best_score: 1216.16
ranking_my_rank: 65/504 (87.3%)
ranking_my_percent: 87.3015873015873
