ConfigName: kjsd__advperagentrankweighted__M5__L8__eps0p005__g0p0003__ds0p2__dm0p05
Problem: QUBO
Kernel: jsd
Advantage: peragentrankweighted
M: 5
lambda: 8
epsilon_svgd: 0.005
gamma: 0.0003
decay_start_ratio: 0.2
decay_min_factor: 0.05
bandwith_kernel: None
no_interact: False
avg_score: -138.89999389648438
median_score: -141.0
std_score: 11.608187675476074
percentiles: 2%=-158.02000427246094, 5%=-157.0500030517578, 10%=-154.10000610351562, 25%=-146.0, 50%=-141.0, 75%=-130.75, 90%=-123.0, 95%=-118.94999694824219, 98%=-110.95999908447266
ranking_best_algo: DiscreteDE
ranking_best_score: 143.4
ranking_my_rank: 94/504 (81.5%)
ranking_my_percent: 81.54761904761905
