ConfigName: krbf__advnormalizedfitness__M1__L8__eps0p033__g0p015__ds0p15__dm0p3
Problem: QUBO
Kernel: rbf
Advantage: normalizedfitness
M: 1
lambda: 8
epsilon_svgd: 0.033
gamma: 0.015
decay_start_ratio: 0.15
decay_min_factor: 0.3
bandwith_kernel: None
no_interact: False
avg_score: -403.1600036621094
median_score: -404.0
std_score: 25.977190017700195
percentiles: 2%=-459.239990234375, 5%=-444.04998779296875, 10%=-434.0, 25%=-420.0, 50%=-404.0, 75%=-385.75, 90%=-369.6000061035156, 95%=-361.95001220703125, 98%=-357.7999572753906
ranking_best_algo: Tabu
ranking_best_score: 438.12
ranking_my_rank: 215/504 (57.5%)
ranking_my_percent: 57.53968253968254
