ConfigName: kjsd__advperagentrankweighted__M3__L30__eps0p005__g0p001__ds0p2__dm0p2
Problem: QUBO
Kernel: jsd
Advantage: peragentrankweighted
M: 3
lambda: 30
epsilon_svgd: 0.005
gamma: 0.001
decay_start_ratio: 0.2
decay_min_factor: 0.2
bandwith_kernel: None
no_interact: False
avg_score: -2498.179931640625
median_score: -2490.0
std_score: 152.81768798828125
percentiles: 2%=-2809.419921875, 5%=-2739.35009765625, 10%=-2693.10009765625, 25%=-2613.25, 50%=-2490.0, 75%=-2387.0, 90%=-2293.39990234375, 95%=-2266.39990234375, 98%=-2226.5
ranking_best_algo: DiscreteLengler2OnePlusOne
ranking_best_score: 2617.04
ranking_my_rank: 72/504 (85.9%)
ranking_my_percent: 85.91269841269842
