ConfigName: kjsd__advperagentrankweighted__M3__L30__eps0p005__g0p001__ds0p05__dm0p05
Problem: QUBO
Kernel: jsd
Advantage: peragentrankweighted
M: 3
lambda: 30
epsilon_svgd: 0.005
gamma: 0.001
decay_start_ratio: 0.05
decay_min_factor: 0.05
bandwith_kernel: None
no_interact: False
avg_score: -433.9800109863281
median_score: -435.0
std_score: 24.345012664794922
percentiles: 2%=-479.0, 5%=-475.1000061035156, 10%=-462.20001220703125, 25%=-453.25, 50%=-435.0, 75%=-413.75, 90%=-401.8999938964844, 95%=-396.8500061035156, 98%=-389.9599914550781
ranking_best_algo: CMApara
ranking_best_score: 453.82
ranking_my_rank: 40/504 (92.3%)
ranking_my_percent: 92.26190476190476
