ConfigName: krbf__advnormalizedfitness__M1__L8__eps0p033__g0p007__ds0p01__dm0p3
Problem: NK
Kernel: rbf
Advantage: normalizedfitness
M: 1
lambda: 8
epsilon_svgd: 0.033
gamma: 0.007
decay_start_ratio: 0.01
decay_min_factor: 0.3
bandwith_kernel: None
no_interact: False
avg_score: 0.6983955502510071
median_score: 0.7012384533882141
std_score: 0.011775829829275608
percentiles: 2%=0.6772992610931396, 5%=0.6789708733558655, 10%=0.6812369227409363, 25%=0.6889405250549316, 50%=0.7012384533882141, 75%=0.708769679069519, 90%=0.7129846811294556, 95%=0.7143142223358154, 98%=0.7159068584442139
ranking_best_algo: PBIL
ranking_best_score: 0.7013553837109374
ranking_my_rank: 4/504 (99.4%)
ranking_my_percent: 99.4047619047619
