ConfigName: kjsd__advperagentrankweighted__M4__L24__eps0p02__g0p0005__ds0p2__dm0p05
Problem: QUBO
Kernel: jsd
Advantage: peragentrankweighted
M: 4
lambda: 24
epsilon_svgd: 0.02
gamma: 0.0005
decay_start_ratio: 0.2
decay_min_factor: 0.05
bandwith_kernel: None
no_interact: False
avg_score: -1190.8199462890625
median_score: -1182.0
std_score: 60.09981155395508
percentiles: 2%=-1333.4000244140625, 5%=-1315.0999755859375, 10%=-1269.300048828125, 25%=-1223.5, 50%=-1182.0, 75%=-1147.75, 90%=-1122.0, 95%=-1111.949951171875, 98%=-1101.8399658203125
ranking_best_algo: Tabu
ranking_best_score: 1216.16
ranking_my_rank: 54/504 (89.5%)
ranking_my_percent: 89.48412698412699
