ConfigName: kjsd__advperagentrankweighted__M3__L18__eps0p005__g0p0007__ds0p1__dm0p05
Problem: QUBO
Kernel: jsd
Advantage: peragentrankweighted
M: 3
lambda: 18
epsilon_svgd: 0.005
gamma: 0.0007
decay_start_ratio: 0.1
decay_min_factor: 0.05
bandwith_kernel: None
no_interact: False
avg_score: -926.3800048828125
median_score: -925.0
std_score: 69.15515899658203
percentiles: 2%=-1076.0, 5%=-1045.1500244140625, 10%=-1024.0, 25%=-974.25, 50%=-925.0, 75%=-876.25, 90%=-844.7999877929688, 95%=-822.9000244140625, 98%=-794.8400268554688
ranking_best_algo: CMApara
ranking_best_score: 964.9
ranking_my_rank: 21/504 (96.0%)
ranking_my_percent: 96.03174603174604
