ConfigName: kjsd__advperagentrankweighted__M4__L8__eps0p005__g0p0007__ds0p05__dm0p05
Problem: QUBO
Kernel: jsd
Advantage: peragentrankweighted
M: 4
lambda: 8
epsilon_svgd: 0.005
gamma: 0.0007
decay_start_ratio: 0.05
decay_min_factor: 0.05
bandwith_kernel: None
no_interact: False
avg_score: -138.47999572753906
median_score: -139.5
std_score: 12.073508262634277
percentiles: 2%=-159.02000427246094, 5%=-158.0, 10%=-156.0, 25%=-146.0, 50%=-139.5, 75%=-130.0, 90%=-123.0, 95%=-118.80000305175781, 98%=-108.0
ranking_best_algo: DiscreteDE
ranking_best_score: 143.4
ranking_my_rank: 104/504 (79.6%)
ranking_my_percent: 79.56349206349206
