ConfigName: krbf__advnormalizedfitness__M4__L8__eps0p015__g0p005__ds0p01__dm0p01
Problem: QUBO
Kernel: rbf
Advantage: normalizedfitness
M: 4
lambda: 8
epsilon_svgd: 0.015
gamma: 0.005
decay_start_ratio: 0.01
decay_min_factor: 0.01
bandwith_kernel: None
no_interact: False
avg_score: -333.8399963378906
median_score: -337.0
std_score: 18.706533432006836
percentiles: 2%=-372.0, 5%=-357.45001220703125, 10%=-350.3999938964844, 25%=-343.0, 50%=-337.0, 75%=-324.0, 90%=-308.0, 95%=-304.550048828125, 98%=-289.75994873046875
ranking_best_algo: CMApara
ranking_best_score: 344.22
ranking_my_rank: 64/504 (87.5%)
ranking_my_percent: 87.5
