ConfigName: kjsd__advperagentrankweighted__M4__L12__eps0p01__g0p0007__ds0p05__dm0p05
Problem: QUBO
Kernel: jsd
Advantage: peragentrankweighted
M: 4
lambda: 12
epsilon_svgd: 0.01
gamma: 0.0007
decay_start_ratio: 0.05
decay_min_factor: 0.05
bandwith_kernel: None
no_interact: False
avg_score: -578.1199951171875
median_score: -579.5
std_score: 27.56058120727539
percentiles: 2%=-634.0599975585938, 5%=-621.2000122070312, 10%=-610.0999755859375, 25%=-597.5, 50%=-579.5, 75%=-556.75, 90%=-543.7999877929688, 95%=-531.7000122070312, 98%=-519.9600219726562
ranking_best_algo: Tabu
ranking_best_score: 588.7199999999999
ranking_my_rank: 42/503 (91.8%)
ranking_my_percent: 91.84890656063618
