ConfigName: krbf__advnormalizedfitness__M2__L6__eps0p01__g0p006__ds0p3__dm0p01
Problem: NK
Kernel: rbf
Advantage: normalizedfitness
M: 2
lambda: 6
epsilon_svgd: 0.01
gamma: 0.006
decay_start_ratio: 0.3
decay_min_factor: 0.01
bandwith_kernel: None
no_interact: False
avg_score: 0.7347049713134766
median_score: 0.7353906035423279
std_score: 0.011304398998618126
percentiles: 2%=0.7140308022499084, 5%=0.7160353064537048, 10%=0.7201627492904663, 25%=0.7263165712356567, 50%=0.7353906035423279, 75%=0.7414329648017883, 90%=0.7485647201538086, 95%=0.7525527477264404, 98%=0.7621570825576782
ranking_best_algo: Tabu
ranking_best_score: 0.7429702712499999
ranking_my_rank: 2/504 (99.8%)
ranking_my_percent: 99.8015873015873
