ConfigName: kjsd__advperagentrankweighted__M3__L16__eps0p01__g0p0007__ds0p05__dm0p1
Problem: NK
Kernel: jsd
Advantage: peragentrankweighted
M: 3
lambda: 16
epsilon_svgd: 0.01
gamma: 0.0007
decay_start_ratio: 0.05
decay_min_factor: 0.1
bandwith_kernel: None
no_interact: False
avg_score: 0.7301316857337952
median_score: 0.7295623421669006
std_score: 0.011367060244083405
percentiles: 2%=0.7088505625724792, 5%=0.7130082845687866, 10%=0.7155354619026184, 25%=0.7218095064163208, 50%=0.7295623421669006, 75%=0.7375851273536682, 90%=0.7441374063491821, 95%=0.747078537940979, 98%=0.7524079084396362
ranking_best_algo: Tabu
ranking_best_score: 0.7429702712499999
ranking_my_rank: 2/504 (99.8%)
ranking_my_percent: 99.8015873015873
