ConfigName: kjsd__advperagentrankweighted__M6__L8__eps0p02__g0p0007__ds0p2__dm0p05
Problem: QUBO
Kernel: jsd
Advantage: peragentrankweighted
M: 6
lambda: 8
epsilon_svgd: 0.02
gamma: 0.0007
decay_start_ratio: 0.2
decay_min_factor: 0.05
bandwith_kernel: None
no_interact: False
avg_score: -2637.60009765625
median_score: -2627.0
std_score: 132.48321533203125
percentiles: 2%=-2911.219970703125, 5%=-2875.60009765625, 10%=-2805.0, 25%=-2732.0, 50%=-2627.0, 75%=-2555.75, 90%=-2484.0, 95%=-2426.800048828125, 98%=-2391.760009765625
ranking_best_algo: DiscreteLengler2OnePlusOne
ranking_best_score: 2617.04
ranking_my_rank: 1/504 (100.0%)
ranking_my_percent: 100.0
