ConfigName: kjsd__advperagentrankweighted__M5__L10__eps0p005__g0p0007__ds0p05__dm0p2
Problem: QUBO
Kernel: jsd
Advantage: peragentrankweighted
M: 5
lambda: 10
epsilon_svgd: 0.005
gamma: 0.0007
decay_start_ratio: 0.05
decay_min_factor: 0.2
bandwith_kernel: None
no_interact: False
avg_score: -331.3599853515625
median_score: -334.0
std_score: 20.28276252746582
percentiles: 2%=-372.0, 5%=-358.1499938964844, 10%=-354.0, 25%=-343.75, 50%=-334.0, 75%=-318.0, 90%=-304.0, 95%=-298.0, 98%=-285.9599914550781
ranking_best_algo: CMApara
ranking_best_score: 344.22
ranking_my_rank: 76/504 (85.1%)
ranking_my_percent: 85.11904761904762
