ConfigName: krbf__advnormalizedfitness__M4__L10__eps0p033__g0p005__ds0p01__dm0p3
Problem: QUBO
Kernel: rbf
Advantage: normalizedfitness
M: 4
lambda: 10
epsilon_svgd: 0.033
gamma: 0.005
decay_start_ratio: 0.01
decay_min_factor: 0.3
bandwith_kernel: None
no_interact: False
avg_score: -2532.280029296875
median_score: -2534.5
std_score: 124.36076354980469
percentiles: 2%=-2767.080078125, 5%=-2742.85009765625, 10%=-2689.199951171875, 25%=-2626.0, 50%=-2534.5, 75%=-2428.0, 90%=-2357.60009765625, 95%=-2342.35009765625, 98%=-2324.760009765625
ranking_best_algo: DiscreteLengler2OnePlusOne
ranking_best_score: 2617.04
ranking_my_rank: 59/504 (88.5%)
ranking_my_percent: 88.4920634920635
