ConfigName: kjsd__advperagentrankweighted__M3__L20__eps0p007__g0p001__ds0p2__dm0p05
Problem: QUBO
Kernel: jsd
Advantage: peragentrankweighted
M: 3
lambda: 20
epsilon_svgd: 0.007
gamma: 0.001
decay_start_ratio: 0.2
decay_min_factor: 0.05
bandwith_kernel: None
no_interact: False
avg_score: -1298.8599853515625
median_score: -1303.0
std_score: 54.36248779296875
percentiles: 2%=-1397.52001953125, 5%=-1387.300048828125, 10%=-1367.0, 25%=-1336.25, 50%=-1303.0, 75%=-1258.5, 90%=-1230.9000244140625, 95%=-1203.0, 98%=-1180.8399658203125
ranking_best_algo: BigLognormalDiscreteOnePlusOne
ranking_best_score: 1301.3600000000004
ranking_my_rank: 2/504 (99.8%)
ranking_my_percent: 99.8015873015873
