step,best_fitness,avg_hamming,avg_l1,avg_entropy,mean,median,std,2%,5%,10%,25%,50%,75%,90%,95%,98%
40,-0.5521675944328308,63.91129684448242,4.738685131072998,88.3577938079834,0.552167534828186,0.552331805229187,0.013061536476016045,0.5264546871185303,0.53058260679245,0.5353558659553528,0.545296847820282,0.552331805229187,0.559030294418335,0.5652170181274414,0.5750637054443359,0.5834482312202454
80,-0.5578384399414062,63.885589599609375,4.946331977844238,88.30604362487793,0.557838499546051,0.5565794706344604,0.012311582453548908,0.5316154360771179,0.5431846380233765,0.5452978610992432,0.5507656335830688,0.5565794706344604,0.5628684759140015,0.5749189853668213,0.581066906452179,0.5842854380607605
120,-0.5615673065185547,63.855712890625,5.124621391296387,88.25356864929199,0.5615673065185547,0.5596164464950562,0.011773956939578056,0.5443414449691772,0.5456876158714294,0.5489332675933838,0.5527399182319641,0.5596164464950562,0.5682539939880371,0.5781078338623047,0.5830486416816711,0.5861437320709229
160,-0.565742552280426,63.82373046875,5.284249305725098,88.20112991333008,0.565742552280426,0.5635842084884644,0.01168649923056364,0.5462870597839355,0.5505160093307495,0.552290141582489,0.5566943883895874,0.5635842084884644,0.5749425888061523,0.5821273326873779,0.5861305594444275,0.5875539183616638
200,-0.5673896670341492,63.789512634277344,5.449643611907959,88.14473724365234,0.5673896670341492,0.5647541284561157,0.011254968121647835,0.5496603846549988,0.5511079430580139,0.554344892501831,0.5581148862838745,0.5647541284561157,0.5753998160362244,0.5830687880516052,0.5861508846282959,0.5875539183616638
240,-0.5687825083732605,63.748252868652344,5.608699321746826,88.08102989196777,0.5687825083732605,0.5684847831726074,0.011171286925673485,0.5496603846549988,0.5511079430580139,0.5550622940063477,0.5596036314964294,0.5684847831726074,0.5772478580474854,0.5830687880516052,0.5861508846282959,0.5875539183616638
280,-0.5701941847801208,63.703277587890625,5.759488582611084,88.01444625854492,0.5701941847801208,0.5694855451583862,0.011118143796920776,0.5523130297660828,0.5542437434196472,0.5565145611763,0.5604345798492432,0.5694855451583862,0.5781671404838562,0.5859931111335754,0.5869168043136597,0.5899555087089539
320,-0.5719262361526489,63.65415954589844,5.886683464050293,87.9462718963623,0.5719262361526489,0.571901798248291,0.010565152391791344,0.5523130297660828,0.5551137924194336,0.5572934150695801,0.5645527839660645,0.571901798248291,0.5799593329429626,0.5859931111335754,0.5869168043136597,0.5899555087089539
360,-0.5726652145385742,63.602996826171875,6.015963554382324,87.87562942504883,0.572665274143219,0.5727769136428833,0.010675095021724701,0.5543156862258911,0.5564780235290527,0.5573902130126953,0.5645743608474731,0.5727769136428833,0.5801512002944946,0.5861517786979675,0.5875815153121948,0.5963048338890076
400,-0.5742138028144836,63.54679870605469,6.143074035644531,87.79943466186523,0.5742137432098389,0.5748227834701538,0.010257786139845848,0.5560628175735474,0.5573208928108215,0.5606189370155334,0.566612720489502,0.5748227834701538,0.5812301635742188,0.5868026614189148,0.5885231494903564,0.5963048338890076
440,-0.5753880739212036,63.48065185546875,6.2691874504089355,87.71189880371094,0.5753881335258484,0.5759719610214233,0.010439831763505936,0.5560628175735474,0.5573925375938416,0.5618977546691895,0.5683302879333496,0.5759719610214233,0.5820525288581848,0.586894690990448,0.5901567339897156,0.5971877574920654
480,-0.5776863098144531,63.41351318359375,6.38007116317749,87.62620544433594,0.5776863098144531,0.5780639052391052,0.011169906705617905,0.556710958480835,0.5595138072967529,0.5634719133377075,0.5704870223999023,0.5780639052391052,0.5855413675308228,0.5894331336021423,0.5963281989097595,0.603050947189331
520,-0.5792020559310913,63.34345626831055,6.482956886291504,87.53781700134277,0.5792020559310913,0.5784162282943726,0.010699254460632801,0.5595042705535889,0.5632420778274536,0.5674314498901367,0.5725818872451782,0.5784162282943726,0.5858578681945801,0.5920807123184204,0.5976229906082153,0.603050947189331
560,-0.5801798701286316,63.2699089050293,6.6008620262146,87.44422340393066,0.5801798701286316,0.5801575779914856,0.010622484609484673,0.5595042705535889,0.5632420778274536,0.5679958462715149,0.5737679600715637,0.5801575779914856,0.586154580116272,0.5941765308380127,0.5976229906082153,0.603050947189331
600,-0.5814418196678162,63.189239501953125,6.710208892822266,87.34268760681152,0.5814417600631714,0.5816327333450317,0.01069027278572321,0.5595178604125977,0.5632420778274536,0.5692530274391174,0.5748925805091858,0.5816327333450317,0.5869935750961304,0.5957866311073303,0.5980420112609863,0.603050947189331
640,-0.5824739933013916,63.10553741455078,6.82025146484375,87.23789024353027,0.5824739336967468,0.5827588438987732,0.010612569749355316,0.5597587823867798,0.5666267275810242,0.5695075988769531,0.5758905410766602,0.5827588438987732,0.5876681804656982,0.5963671207427979,0.5991945862770081,0.603050947189331
680,-0.5838568210601807,63.01338195800781,6.917140960693359,87.12565994262695,0.5838567614555359,0.583633542060852,0.01002965122461319,0.5645941495895386,0.5694313049316406,0.5729999542236328,0.5768929719924927,0.583633542060852,0.5893845558166504,0.5974238514900208,0.6010637879371643,0.6040570139884949
720,-0.5850522518157959,62.924251556396484,7.013291835784912,87.01764297485352,0.5850522518157959,0.5852289199829102,0.009832079522311687,0.5668105483055115,0.570977509021759,0.5733822584152222,0.57820063829422,0.5852289199829102,0.5896357893943787,0.5977025032043457,0.6022888422012329,0.6040570139884949
760,-0.5863958597183228,62.83482360839844,7.109155178070068,86.90849494934082,0.5863958597183228,0.5860432386398315,0.010351156815886497,0.5684980750083923,0.5725812315940857,0.5746766924858093,0.5791158676147461,0.5860432386398315,0.5920012593269348,0.5992645025253296,0.6030903458595276,0.6103945970535278
800,-0.5869486331939697,62.733428955078125,7.190316677093506,86.7889289855957,0.586948573589325,0.5861392617225647,0.009989588521420956,0.5695461630821228,0.57264643907547,0.5754031538963318,0.5798075795173645,0.5861392617225647,0.5925790071487427,0.5992645025253296,0.6030903458595276,0.6103945970535278
840,-0.5878565311431885,62.63056182861328,7.285399436950684,86.66613960266113,0.5878564715385437,0.5868921279907227,0.009898385964334011,0.5710029602050781,0.5737826824188232,0.5757919549942017,0.5813688039779663,0.5868921279907227,0.5938683152198792,0.6007602214813232,0.6035658717155457,0.6103945970535278
880,-0.5886190533638,62.52370834350586,7.3749237060546875,86.53849411010742,0.5886189937591553,0.5874065160751343,0.010353482328355312,0.57121342420578,0.5737826824188232,0.5757919549942017,0.5815145373344421,0.5874065160751343,0.5950686931610107,0.6022598743438721,0.6039937734603882,0.6104148030281067
920,-0.5904372334480286,62.42079162597656,7.464292526245117,86.4149055480957,0.5904371738433838,0.5900329351425171,0.010051070712506771,0.5726556181907654,0.5757029056549072,0.5781058669090271,0.5836620926856995,0.5900329351425171,0.5963115692138672,0.6024190187454224,0.604620099067688,0.6168510913848877
960,-0.5911679863929749,62.31016540527344,7.55378532409668,86.28233337402344,0.5911679267883301,0.5906352996826172,0.01000039279460907,0.5738180875778198,0.5769240856170654,0.5789191722869873,0.5842180252075195,0.5906352996826172,0.5974112153053284,0.6030356884002686,0.6062290072441101,0.6168510913848877
1000,-0.5930478572845459,62.192405700683594,7.634944915771484,86.14433479309082,0.5930479168891907,0.592851996421814,0.011042400263249874,0.5738180875778198,0.5769240856170654,0.5792540311813354,0.5852412581443787,0.592851996421814,0.5994763374328613,0.6048789024353027,0.6104385852813721,0.6179773807525635
1040,-0.593852162361145,62.07113265991211,7.703509330749512,86.0040168762207,0.5938521027565002,0.59377121925354,0.010604456067085266,0.5770760178565979,0.5783678889274597,0.5810491442680359,0.5855897068977356,0.59377121925354,0.6006345152854919,0.606242835521698,0.6104385852813721,0.6179773807525635
1080,-0.5950900316238403,61.95232391357422,7.772899627685547,85.86562538146973,0.5950900912284851,0.5941326022148132,0.011289943009614944,0.5779976844787598,0.5789492130279541,0.58153235912323,0.5866356492042542,0.5941326022148132,0.6022149324417114,0.6074135303497314,0.6178762316703796,0.625630795955658
1120,-0.5958739519119263,61.82550811767578,7.85479736328125,85.71767234802246,0.595874011516571,0.5946342945098877,0.01119083259254694,0.5779976844787598,0.580597460269928,0.583026647567749,0.5882604718208313,0.5946342945098877,0.6022793650627136,0.6102768182754517,0.6178762316703796,0.625630795955658
1160,-0.5967994332313538,61.69585418701172,7.935690879821777,85.56368064880371,0.5967994332313538,0.5957996845245361,0.010829661972820759,0.5781540274620056,0.5810694694519043,0.5838033556938171,0.5894336700439453,0.5957996845245361,0.6026249527931213,0.6102768182754517,0.6178762316703796,0.625630795955658
1200,-0.5975849628448486,61.562103271484375,8.008899688720703,85.40866470336914,0.5975849628448486,0.5965204834938049,0.010629239492118359,0.5787565112113953,0.5822614431381226,0.5852695107460022,0.5898094177246094,0.5965204834938049,0.6031860113143921,0.6114007830619812,0.6178762316703796,0.625630795955658
1240,-0.598459780216217,61.42924118041992,8.076217651367188,85.25475311279297,0.5984597206115723,0.597152054309845,0.010366768576204777,0.5806814432144165,0.5831694006919861,0.5856430530548096,0.5918256044387817,0.597152054309845,0.6037534475326538,0.6118896007537842,0.6178762316703796,0.625630795955658
1280,-0.5993934869766235,61.29998016357422,8.137567520141602,85.10489845275879,0.5993934869766235,0.5975412130355835,0.009874699637293816,0.5837415456771851,0.5852755308151245,0.5868929028511047,0.5929030179977417,0.5975412130355835,0.6052507758140564,0.6118896007537842,0.6178762316703796,0.625630795955658
1320,-0.6009380221366882,61.16363525390625,8.210074424743652,84.94467353820801,0.6009380221366882,0.5989618897438049,0.010358682833611965,0.5841410756111145,0.5861066579818726,0.5882034301757812,0.5940835475921631,0.5989618897438049,0.6072096824645996,0.6138170957565308,0.6189616322517395,0.6261734366416931
1360,-0.6020061373710632,61.023155212402344,8.27663803100586,84.7824649810791,0.6020061373710632,0.6008895635604858,0.010493270121514797,0.5841410756111145,0.5868426561355591,0.5891684889793396,0.5948580503463745,0.6008895635604858,0.6088479161262512,0.6162978410720825,0.6195603013038635,0.6261734366416931
1400,-0.602927565574646,60.88024139404297,8.335624694824219,84.61872100830078,0.602927565574646,0.6027553081512451,0.010559619404375553,0.5841410756111145,0.5868426561355591,0.5900176763534546,0.5955702066421509,0.6027553081512451,0.6094061136245728,0.6167151927947998,0.6200483441352844,0.6264007091522217
1440,-0.6039325594902039,60.73638916015625,8.391088485717773,84.45417404174805,0.6039325594902039,0.6034915447235107,0.010485928505659103,0.5851409435272217,0.5881587266921997,0.5902718305587769,0.5960972905158997,0.6034915447235107,0.6102967262268066,0.6179049015045166,0.623672366142273,0.6264007091522217
1480,-0.6047929525375366,60.58819580078125,8.454595565795898,84.28310585021973,0.6047929525375366,0.6041591167449951,0.010589929297566414,0.586848795413971,0.588860273361206,0.5908839106559753,0.5977075099945068,0.6041591167449951,0.6106225252151489,0.618683397769928,0.6256456971168518,0.6290410161018372
1520,-0.6057306528091431,60.437461853027344,8.525398254394531,84.10696411132812,0.6057307124137878,0.6044354438781738,0.010691653937101364,0.588124692440033,0.5891875624656677,0.5940061807632446,0.5989564061164856,0.6044354438781738,0.6121431589126587,0.6189828515052795,0.6261281967163086,0.6331592798233032
1560,-0.6066418886184692,60.2928466796875,8.573793411254883,83.9409408569336,0.6066418886184692,0.6047683954238892,0.011211718432605267,0.5888110995292664,0.5902514457702637,0.5940061807632446,0.5989564061164856,0.6047683954238892,0.6128792762756348,0.620136559009552,0.6290217041969299,0.6331592798233032
1600,-0.6077393293380737,60.1416130065918,8.639421463012695,83.7640209197998,0.6077393293380737,0.6063131093978882,0.010929025709629059,0.5888376235961914,0.5909229516983032,0.5950391888618469,0.600572943687439,0.6063131093978882,0.6143959760665894,0.6229814291000366,0.6290217041969299,0.6331592798233032
1640,-0.609161913394928,59.981651306152344,8.687463760375977,83.58038139343262,0.6091619729995728,0.6085026264190674,0.010924303904175758,0.5900272727012634,0.5940370559692383,0.5958904027938843,0.6013767719268799,0.6085026264190674,0.6167151927947998,0.6237749457359314,0.6303020715713501,0.6336669325828552
1680,-0.6100955605506897,59.82384490966797,8.731748580932617,83.40049743652344,0.6100955605506897,0.6093431115150452,0.010877799242734909,0.5900272727012634,0.5944638848304749,0.5961532592773438,0.6026095151901245,0.6093431115150452,0.6174569129943848,0.6237749457359314,0.6303020715713501,0.6336669325828552
1720,-0.6108906269073486,59.6676025390625,8.785409927368164,83.21975135803223,0.6108906865119934,0.6094991564750671,0.010393051430583,0.5900702476501465,0.5944638848304749,0.5990287661552429,0.604397177696228,0.6094991564750671,0.6179123520851135,0.6237749457359314,0.6303020715713501,0.6336669325828552
1760,-0.6122976541519165,59.51116180419922,8.82703971862793,83.04016304016113,0.6122977137565613,0.6118515729904175,0.010143163613975048,0.5903406739234924,0.5969767570495605,0.5992307066917419,0.6058553457260132,0.6118515729904175,0.6184157133102417,0.6256704926490784,0.6314243674278259,0.6339614391326904
1800,-0.6133099794387817,59.347808837890625,8.879600524902344,82.85139846801758,0.6133100390434265,0.6122611165046692,0.010396516881883144,0.5960155725479126,0.5975728631019592,0.6000640988349915,0.6067015528678894,0.6122611165046692,0.618905246257782,0.6266093850135803,0.6336745023727417,0.6373384594917297
1840,-0.614433228969574,59.18064498901367,8.924331665039062,82.65893363952637,0.6144333481788635,0.6126260161399841,0.010496499016880989,0.5969663262367249,0.5986677408218384,0.6018794775009155,0.6081835627555847,0.6126260161399841,0.6198512315750122,0.6290861964225769,0.6340317726135254,0.6373984217643738
1880,-0.615152895450592,59.02318572998047,8.965519905090332,82.47715759277344,0.6151529550552368,0.6148285865783691,0.010630868375301361,0.5975744128227234,0.5986677408218384,0.6018794775009155,0.6083160638809204,0.6148285865783691,0.6224062442779541,0.6290861964225769,0.6340317726135254,0.6373984217643738
1920,-0.6160662174224854,58.858123779296875,9.01081657409668,82.28673934936523,0.6160662174224854,0.6157650947570801,0.010811246000230312,0.5979556441307068,0.5990748405456543,0.6018794775009155,0.6085093021392822,0.6157650947570801,0.6228134632110596,0.6315151453018188,0.636314868927002,0.6401329040527344
1960,-0.6167652010917664,58.67741394042969,9.048492431640625,82.07999420166016,0.6167652606964111,0.6167925596237183,0.010705436579883099,0.5979556441307068,0.5992174744606018,0.6030603051185608,0.6090205907821655,0.6167925596237183,0.6236048936843872,0.6315151453018188,0.636314868927002,0.6401329040527344
2000,-0.6172281503677368,58.51256561279297,9.084494590759277,81.89047431945801,0.6172282099723816,0.6170010566711426,0.010557696223258972,0.5979556441307068,0.5992174744606018,0.603987991809845,0.6095365285873413,0.6170010566711426,0.6236338019371033,0.6315151453018188,0.636314868927002,0.6401329040527344
2040,-0.6182484030723572,58.33449935913086,9.12502670288086,81.68460273742676,0.6182485222816467,0.6178881525993347,0.010153898037970066,0.5984098315238953,0.6005896329879761,0.6045370101928711,0.6115872859954834,0.6178881525993347,0.6243811845779419,0.6315151453018188,0.636314868927002,0.6401329040527344
2080,-0.6194942593574524,58.1634521484375,9.156100273132324,81.48869132995605,0.6194942593574524,0.6199935674667358,0.010408036410808563,0.5986664891242981,0.6031366586685181,0.6048074960708618,0.6131260991096497,0.6199935674667358,0.6256842613220215,0.6332002878189087,0.6373385787010193,0.6414971947669983
2120,-0.6204131841659546,57.992549896240234,9.199036598205566,81.29129219055176,0.6204131245613098,0.6207717657089233,0.01075134240090847,0.5986664891242981,0.6031366586685181,0.6053066849708557,0.6132433414459229,0.6207717657089233,0.6269823312759399,0.6338873505592346,0.63787841796875,0.6414971947669983
2160,-0.6215308308601379,57.81771469116211,9.230642318725586,81.09126663208008,0.6215308308601379,0.621551513671875,0.010564608499407768,0.6001255512237549,0.6040686368942261,0.608337938785553,0.6149524450302124,0.621551513671875,0.6295676827430725,0.6341491341590881,0.6401256322860718,0.6419233083724976
2200,-0.6221439838409424,57.63798141479492,9.272035598754883,80.88217353820801,0.6221439838409424,0.6223021745681763,0.010943547822535038,0.6010163426399231,0.6040686368942261,0.608337938785553,0.6149524450302124,0.6223021745681763,0.6304698586463928,0.6373849511146545,0.6405612826347351,0.642327070236206
2240,-0.6233217716217041,57.4600830078125,9.300195693969727,80.67819595336914,0.6233217120170593,0.6226141452789307,0.010884582065045834,0.6010163426399231,0.6053154468536377,0.6095696091651917,0.6154693365097046,0.6226141452789307,0.6310456991195679,0.6396690011024475,0.6411798596382141,0.642327070236206
2280,-0.6242946982383728,57.27918243408203,9.32399845123291,80.47146415710449,0.6242946982383728,0.6243088841438293,0.010926425457000732,0.6010163426399231,0.605842649936676,0.6103041172027588,0.6157543063163757,0.6243088841438293,0.631851315498352,0.6401090025901794,0.6415096521377563,0.6428732872009277
2320,-0.6247669458389282,57.109825134277344,9.365866661071777,80.2726001739502,0.6247669458389282,0.6248471140861511,0.010763933882117271,0.6040947437286377,0.6066954135894775,0.6113347411155701,0.6166988611221313,0.6248471140861511,0.6322247982025146,0.640170156955719,0.6419248580932617,0.6436325907707214
2360,-0.6255336999893188,56.93299102783203,9.394164085388184,80.06921577453613,0.6255336999893188,0.6251988410949707,0.010588796809315681,0.6053507328033447,0.6091849207878113,0.6118499040603638,0.6179215908050537,0.6251988410949707,0.6336098909378052,0.640170156955719,0.6419248580932617,0.6436325907707214
2400,-0.6261618137359619,56.75849914550781,9.413591384887695,79.86819267272949,0.6261618137359619,0.6260414123535156,0.01082818116992712,0.6053507328033447,0.6091849207878113,0.6118499040603638,0.6184382438659668,0.6260414123535156,0.6338918805122375,0.6404263377189636,0.6423433423042297,0.6451190114021301
2440,-0.6267216205596924,56.582054138183594,9.441656112670898,79.66370582580566,0.6267216801643372,0.6269295811653137,0.010856159962713718,0.6053507328033447,0.6091849207878113,0.6126396656036377,0.6188366413116455,0.6269295811653137,0.6338918805122375,0.6405775547027588,0.6428955793380737,0.6457083225250244
2480,-0.6274871826171875,56.4077262878418,9.476903915405273,79.46047401428223,0.6274872422218323,0.6288703680038452,0.010446782223880291,0.6067105531692505,0.6097552180290222,0.6150287389755249,0.6197402477264404,0.6288703680038452,0.6349451541900635,0.6405775547027588,0.6428955793380737,0.6457083225250244
2520,-0.6281910538673401,56.23065948486328,9.503439903259277,79.2537670135498,0.6281910538673401,0.6293096542358398,0.010205283761024475,0.6092670559883118,0.61272132396698,0.6153472661972046,0.6203838586807251,0.6293096542358398,0.6349451541900635,0.6411961317062378,0.6436777710914612,0.6483721137046814
2560,-0.6287983655929565,56.0553092956543,9.527124404907227,79.04902267456055,0.6287984251976013,0.629338800907135,0.009984930977225304,0.6097686886787415,0.6137739419937134,0.6162252426147461,0.6211920380592346,0.629338800907135,0.6362819075584412,0.641530454158783,0.6436777710914612,0.6483721137046814
2600,-0.6296040415763855,55.874229431152344,9.5457181930542,78.84010124206543,0.6296039819717407,0.6294577717781067,0.010110731236636639,0.6099309325218201,0.6137739419937134,0.616806149482727,0.6218805313110352,0.6294577717781067,0.6373831033706665,0.6423482298851013,0.6457896828651428,0.6493321657180786
2640,-0.6307754516601562,55.6862907409668,9.567859649658203,78.62118721008301,0.6307753920555115,0.6303487420082092,0.010907146148383617,0.6114133596420288,0.6137739419937134,0.6175434589385986,0.622478723526001,0.6303487420082092,0.6389437913894653,0.6447537541389465,0.6489935517311096,0.6521121859550476
2680,-0.631422758102417,55.49369430541992,9.592215538024902,78.3955020904541,0.631422758102417,0.6310917139053345,0.010623551905155182,0.6126283407211304,0.6141541600227356,0.6177356839179993,0.6234961748123169,0.6310917139053345,0.639069676399231,0.6447537541389465,0.6489935517311096,0.6521121859550476
2720,-0.6319746971130371,55.301422119140625,9.620009422302246,78.17077445983887,0.6319746971130371,0.631979763507843,0.010549711063504219,0.6126584410667419,0.6152836084365845,0.6185215711593628,0.6236115097999573,0.631979763507843,0.6401351094245911,0.6454043984413147,0.6493343710899353,0.6521121859550476
2760,-0.6329553723335266,55.114742279052734,9.63534927368164,77.95523071289062,0.6329553127288818,0.6326387524604797,0.010485734790563583,0.6127221584320068,0.6166933178901672,0.6188618540763855,0.6256678700447083,0.6326387524604797,0.6406372785568237,0.6476694345474243,0.6495190858840942,0.6523392200469971
2800,-0.6337265372276306,54.927581787109375,9.647793769836426,77.73903465270996,0.6337265372276306,0.6337881684303284,0.01049313135445118,0.6127221584320068,0.6166933178901672,0.6203572154045105,0.626258909702301,0.6337881684303284,0.6415927410125732,0.6485934257507324,0.6495458483695984,0.6523392200469971
2840,-0.6345691680908203,54.738853454589844,9.66786003112793,77.51852416992188,0.6345691084861755,0.6341922283172607,0.010607276111841202,0.6127221584320068,0.6172118782997131,0.6203572154045105,0.6269183158874512,0.6341922283172607,0.641960620880127,0.6493380069732666,0.6517351865768433,0.652379035949707
2880,-0.6347765326499939,54.54296112060547,9.682574272155762,77.29109573364258,0.6347764730453491,0.6341922283172607,0.0103659862652421,0.6141594052314758,0.617721676826477,0.6214678287506104,0.6272239685058594,0.6341922283172607,0.641960620880127,0.6493380069732666,0.6517351865768433,0.652379035949707
2920,-0.6352956891059875,54.359249114990234,9.71049690246582,77.07431411743164,0.6352956891059875,0.6344001293182373,0.01040994469076395,0.6148209571838379,0.617721676826477,0.6214678287506104,0.6282545328140259,0.6344001293182373,0.6421763896942139,0.6494030952453613,0.6520954370498657,0.6536077260971069
2960,-0.6359918117523193,54.16649627685547,9.741531372070312,76.8450756072998,0.6359918117523193,0.6353834271430969,0.01016206294298172,0.6171883344650269,0.6193453669548035,0.6219750642776489,0.6287914514541626,0.6353834271430969,0.6427361965179443,0.6494030952453613,0.6520954370498657,0.6536077260971069
3000,-0.6367580890655518,53.962921142578125,9.764394760131836,76.60661697387695,0.6367580890655518,0.6370738744735718,0.010414697229862213,0.6171883344650269,0.6193453669548035,0.6219750642776489,0.6294688582420349,0.6370738744735718,0.6436637043952942,0.6494696736335754,0.6523640751838684,0.6536077260971069
3040,-0.6375609636306763,53.776031494140625,9.78558349609375,76.3860855102539,0.6375609636306763,0.6374291777610779,0.010288731195032597,0.6178419589996338,0.6211791038513184,0.6234074234962463,0.6315063238143921,0.6374291777610779,0.6442989706993103,0.6499080061912537,0.6523640751838684,0.6589768528938293
3080,-0.6384351849555969,53.574337005615234,9.796187400817871,76.15254020690918,0.6384351253509521,0.638123631477356,0.010735849849879742,0.6185297966003418,0.6214817762374878,0.6236090064048767,0.6319854259490967,0.638123631477356,0.6474303603172302,0.6520994901657104,0.6534909605979919,0.6621897220611572
3120,-0.6389024257659912,53.37285614013672,9.81357192993164,75.91510009765625,0.6389024257659912,0.6388988494873047,0.010590095072984695,0.6185297966003418,0.6214817762374878,0.6236090064048767,0.632575511932373,0.6388988494873047,0.6474303603172302,0.6520994901657104,0.6534909605979919,0.6621897220611572
3160,-0.6394925117492676,53.174888610839844,9.836169242858887,75.67844581604004,0.6394924521446228,0.6394283175468445,0.010495876893401146,0.6204279661178589,0.6217176914215088,0.6261197328567505,0.632575511932373,0.6394283175468445,0.6475985050201416,0.6522474884986877,0.6534909605979919,0.6621897220611572
3200,-0.6399253606796265,52.965843200683594,9.85093879699707,75.4302978515625,0.6399253010749817,0.6399986147880554,0.010599027387797832,0.6211643218994141,0.622629702091217,0.6270050406455994,0.6327925324440002,0.6399986147880554,0.6475985050201416,0.6523720622062683,0.6585196256637573,0.6621897220611572
3240,-0.6407566666603088,52.76415252685547,9.863445281982422,75.19285583496094,0.6407566666603088,0.6410999894142151,0.010602394118905067,0.6212117671966553,0.622629702091217,0.6270982623100281,0.633091390132904,0.6410999894142151,0.6484208106994629,0.6525633335113525,0.6586789488792419,0.66233229637146
3280,-0.6420977711677551,52.56914520263672,9.880382537841797,74.95997619628906,0.6420977711677551,0.642342209815979,0.011323099955916405,0.6212117671966553,0.622629702091217,0.6270982623100281,0.634745717048645,0.642342209815979,0.6490897536277771,0.6568015217781067,0.662115752696991,0.6658166646957397
3320,-0.6432104110717773,52.36669158935547,9.895766258239746,74.71963119506836,0.6432104706764221,0.6430554389953613,0.011201326735317707,0.6212117671966553,0.622629702091217,0.6274794340133667,0.6362300515174866,0.6430554389953613,0.6507900953292847,0.6579903364181519,0.662115752696991,0.6658166646957397
3360,-0.644238293170929,52.153839111328125,9.916252136230469,74.4663028717041,0.6442382335662842,0.6440374851226807,0.011299856938421726,0.6212117671966553,0.622629702091217,0.6274794340133667,0.6376955509185791,0.6440374851226807,0.6508621573448181,0.6585491299629211,0.6621927618980408,0.6658166646957397
3400,-0.645030677318573,51.958465576171875,9.92572021484375,74.23329734802246,0.6450306177139282,0.64555823802948,0.0109335295855999,0.6214852333068848,0.6235751509666443,0.6308130025863647,0.6386823654174805,0.64555823802948,0.6510885953903198,0.6585491299629211,0.6621927618980408,0.6677057147026062
3440,-0.6465591788291931,51.757476806640625,9.933089256286621,73.99435234069824,0.6465591192245483,0.646747350692749,0.011406042613089085,0.6217247247695923,0.6271162629127502,0.633859395980835,0.6398466229438782,0.646747350692749,0.653048574924469,0.6603859066963196,0.6677260398864746,0.6714721322059631
3480,-0.6475539803504944,51.549415588378906,9.934185028076172,73.7502555847168,0.6475540399551392,0.6479049324989319,0.011772076599299908,0.6217247247695923,0.6291030645370483,0.6339758634567261,0.6400519609451294,0.6479049324989319,0.6540236473083496,0.6621004343032837,0.6677662134170532,0.6755730509757996
3520,-0.6485193371772766,51.347869873046875,9.933206558227539,73.51289558410645,0.6485192775726318,0.649320125579834,0.011926975101232529,0.6226581335067749,0.6291030645370483,0.6344857215881348,0.6404836773872375,0.649320125579834,0.6564153432846069,0.6624214053153992,0.6677662134170532,0.6755730509757996
3560,-0.6492361426353455,51.144447326660156,9.950138092041016,73.2680435180664,0.6492360830307007,0.649320125579834,0.01183568686246872,0.6226581335067749,0.6304260492324829,0.6350457668304443,0.6410827040672302,0.649320125579834,0.6564153432846069,0.6648303866386414,0.6692836880683899,0.6755730509757996
3600,-0.6498316526412964,50.92438888549805,9.953530311584473,73.00652122497559,0.6498317122459412,0.6502863168716431,0.012017902918159962,0.6226718425750732,0.6304260492324829,0.6350457668304443,0.6412640810012817,0.6502863168716431,0.6565304398536682,0.6648303866386414,0.6694481372833252,0.6769732236862183
3640,-0.6505451202392578,50.715187072753906,9.9581298828125,72.75467491149902,0.650545060634613,0.65076744556427,0.01181196141988039,0.6226718425750732,0.6327100396156311,0.6369273066520691,0.6424305438995361,0.65076744556427,0.6576597094535828,0.6648303866386414,0.6694481372833252,0.6769732236862183
3680,-0.6511067152023315,50.506431579589844,9.968856811523438,72.5035343170166,0.6511066555976868,0.6512103080749512,0.01158707495778799,0.6290909051895142,0.6346511244773865,0.6383302211761475,0.6429647207260132,0.6512103080749512,0.6587618589401245,0.6648303866386414,0.6694481372833252,0.6769732236862183
3720,-0.6521087288856506,50.29467010498047,9.983039855957031,72.24675559997559,0.6521087884902954,0.6525086760520935,0.011584535241127014,0.6304653882980347,0.6350582838058472,0.6388912796974182,0.643592357635498,0.6525086760520935,0.6597119569778442,0.6653733849525452,0.674721360206604,0.6772624254226685
3760,-0.652630627155304,50.073486328125,9.997078895568848,71.97974586486816,0.652630627155304,0.6533647775650024,0.011634907685220242,0.6304653882980347,0.6350582838058472,0.6389862298965454,0.6447600722312927,0.6533647775650024,0.6607848405838013,0.6654555201530457,0.674721360206604,0.6772624254226685
3800,-0.6532571315765381,49.86942672729492,10.008376121520996,71.7303638458252,0.6532571315765381,0.6533647775650024,0.011329972185194492,0.6304653882980347,0.6383219957351685,0.6396368145942688,0.6452934741973877,0.6533647775650024,0.6610283851623535,0.6673657894134521,0.674721360206604,0.6772624254226685
3840,-0.6536118388175964,49.655059814453125,10.023821830749512,71.46949005126953,0.6536118388175964,0.6535688638687134,0.011367284692823887,0.6304653882980347,0.6383219957351685,0.6396368145942688,0.6465486884117126,0.6535688638687134,0.6610838174819946,0.6683626174926758,0.674721360206604,0.6772624254226685
3880,-0.6540185213088989,49.444854736328125,10.034069061279297,71.21413612365723,0.6540185809135437,0.6536048650741577,0.011275703087449074,0.6312033534049988,0.6383219957351685,0.6396368145942688,0.6465486884117126,0.6536048650741577,0.6614124774932861,0.669072687625885,0.674721360206604,0.6772624254226685
3920,-0.6547554135322571,49.23773193359375,10.047804832458496,70.95985221862793,0.6547554135322571,0.6542407870292664,0.011402635835111141,0.6312033534049988,0.6383483409881592,0.6396368145942688,0.6468127965927124,0.6542407870292664,0.6621026396751404,0.669072687625885,0.674721360206604,0.6772624254226685
3960,-0.6555380821228027,49.022972106933594,10.056912422180176,70.69794464111328,0.6555380821228027,0.6551716327667236,0.011672606691718102,0.6312033534049988,0.6389188766479492,0.6400657892227173,0.6468127965927124,0.6551716327667236,0.6621246337890625,0.6714469790458679,0.6763336658477783,0.6785171627998352
4000,-0.6565907001495361,48.793052673339844,10.065467834472656,70.41978454589844,0.6565908193588257,0.6567105054855347,0.011723680421710014,0.634748101234436,0.6394966840744019,0.6409445405006409,0.6476712226867676,0.6567105054855347,0.6648223400115967,0.671769380569458,0.6763336658477783,0.6805130839347839
4040,-0.6570506691932678,48.5880126953125,10.076156616210938,70.16796493530273,0.6570507287979126,0.657543420791626,0.011716692708432674,0.634748101234436,0.6395136713981628,0.6409445405006409,0.6479591727256775,0.657543420791626,0.6649891138076782,0.671769380569458,0.6763336658477783,0.6805130839347839
4080,-0.6576171517372131,48.37507247924805,10.087214469909668,69.90589141845703,0.6576172113418579,0.6584151387214661,0.011756460182368755,0.634748101234436,0.6397008895874023,0.6414985656738281,0.648409903049469,0.6584151387214661,0.6675158143043518,0.6718137860298157,0.6763336658477783,0.6805130839347839
4120,-0.6585655212402344,48.16004943847656,10.097808837890625,69.64239501953125,0.6585654616355896,0.6595362424850464,0.012156668119132519,0.634748101234436,0.6397008895874023,0.6414985656738281,0.6492940187454224,0.6595362424850464,0.667816162109375,0.6735327839851379,0.6769573092460632,0.6820881962776184
4160,-0.6594612002372742,47.939170837402344,10.096433639526367,69.37464332580566,0.6594612002372742,0.6612740755081177,0.012191897258162498,0.634748101234436,0.6397008895874023,0.6414985656738281,0.6508874893188477,0.6612740755081177,0.6680871248245239,0.6735327839851379,0.6769573092460632,0.6820881962776184
4200,-0.6598486304283142,47.713287353515625,10.10306167602539,69.09825897216797,0.6598486304283142,0.661707878112793,0.012274404987692833,0.634748101234436,0.6397008895874023,0.6414985656738281,0.651594877243042,0.661707878112793,0.6680871248245239,0.6747647523880005,0.6769573092460632,0.6820881962776184
4240,-0.6607545614242554,47.48847198486328,10.093768119812012,68.8266429901123,0.6607544422149658,0.6628108024597168,0.012058075517416,0.6379879117012024,0.6400855183601379,0.6430132389068604,0.6528019905090332,0.6628108024597168,0.6684468984603882,0.6747647523880005,0.6773998141288757,0.684023916721344
4280,-0.661343514919281,47.251304626464844,10.095442771911621,68.53489685058594,0.661343514919281,0.663217306137085,0.012235837057232857,0.6394225358963013,0.6402891874313354,0.643550455570221,0.6528019905090332,0.663217306137085,0.6691448092460632,0.6755494475364685,0.6798206567764282,0.6863235831260681
4320,-0.6621548533439636,47.028499603271484,10.104122161865234,68.26007080078125,0.6621547937393188,0.6635237336158752,0.01217240933328867,0.6394225358963013,0.6408959627151489,0.6455589532852173,0.6530443429946899,0.6635237336158752,0.6705873012542725,0.675709068775177,0.6798206567764282,0.6863235831260681
4360,-0.6638167500495911,46.8092041015625,10.110137939453125,67.9902572631836,0.6638167500495911,0.6656049489974976,0.011675974354147911,0.6419777274131775,0.643778920173645,0.6477659344673157,0.6558949947357178,0.6656049489974976,0.6713852882385254,0.6769720315933228,0.68260258436203,0.6872242093086243
4400,-0.6644487380981445,46.57415008544922,10.125045776367188,67.69705963134766,0.6644486784934998,0.666046679019928,0.011724883690476418,0.6420117616653442,0.643778920173645,0.6477659344673157,0.6567845940589905,0.666046679019928,0.6717559099197388,0.678619384765625,0.68260258436203,0.6872242093086243
4440,-0.6650077700614929,46.34484100341797,10.121406555175781,67.41476249694824,0.6650077104568481,0.6661333441734314,0.011611441150307655,0.6431492567062378,0.6449666619300842,0.6497577428817749,0.6570641994476318,0.6661333441734314,0.671833336353302,0.679852306842804,0.6859351992607117,0.6872242093086243
4480,-0.6656337380409241,46.131446838378906,10.133200645446777,67.14599609375,0.6656338572502136,0.6665273904800415,0.011717359535396099,0.6431492567062378,0.6449666619300842,0.6497577428817749,0.6573588848114014,0.6665273904800415,0.6732274293899536,0.6804531216621399,0.6859351992607117,0.6872242093086243
4520,-0.6662856936454773,45.90745162963867,10.125334739685059,66.87190818786621,0.6662858724594116,0.667221188545227,0.011225412599742413,0.6431492567062378,0.6456243991851807,0.6519186496734619,0.6576967835426331,0.667221188545227,0.6732274293899536,0.6804531216621399,0.6859351992607117,0.6872242093086243
4560,-0.6669105887413025,45.67442321777344,10.126142501831055,66.58415603637695,0.666910707950592,0.667911946773529,0.01107484009116888,0.6437532901763916,0.6472047567367554,0.6519186496734619,0.6589359045028687,0.667911946773529,0.6736013293266296,0.6804531216621399,0.6859351992607117,0.6872242093086243
4600,-0.6676965355873108,45.454345703125,10.130353927612305,66.30750274658203,0.6676965355873108,0.6684513688087463,0.011265969835221767,0.6437532901763916,0.6472047567367554,0.652113676071167,0.6590868234634399,0.6684513688087463,0.6748340725898743,0.6813362240791321,0.6859351992607117,0.6872242093086243
4640,-0.6678755283355713,45.242584228515625,10.132081985473633,66.04141426086426,0.6678755283355713,0.6689141392707825,0.011336907744407654,0.6437532901763916,0.6472047567367554,0.652113676071167,0.6590868234634399,0.6689141392707825,0.6752399206161499,0.6813362240791321,0.6859351992607117,0.6872242093086243
4680,-0.6690940856933594,45.009918212890625,10.13107967376709,65.75118255615234,0.6690941452980042,0.6691995859146118,0.011842078529298306,0.6437532901763916,0.6472047567367554,0.6532934904098511,0.6628759503364563,0.6691995859146118,0.6769793033599854,0.684151828289032,0.687099814414978,0.6923373937606812
4720,-0.6696820855140686,44.78263473510742,10.120439529418945,65.46890830993652,0.6696820855140686,0.6707069873809814,0.01200768444687128,0.6437532901763916,0.6472047567367554,0.6532934904098511,0.6632421016693115,0.6707069873809814,0.6776959896087646,0.6848261952400208,0.687099814414978,0.6923373937606812
4760,-0.6701647043228149,44.548561096191406,10.12411117553711,65.17562103271484,0.6701648235321045,0.6710315942764282,0.012335271574556828,0.643770158290863,0.6472047567367554,0.6532934904098511,0.6632421016693115,0.6710315942764282,0.6782639622688293,0.6863096356391907,0.6877357959747314,0.6923373937606812
4800,-0.6713677644729614,44.32090759277344,10.11929988861084,64.88994598388672,0.671367883682251,0.6717507839202881,0.012199455872178078,0.643770158290863,0.649797797203064,0.6565842628479004,0.6633996963500977,0.6717507839202881,0.680286169052124,0.6863742470741272,0.6897655129432678,0.6938942670822144
4840,-0.6723979711532593,44.08303451538086,10.107352256774902,64.59500694274902,0.6723981499671936,0.6730104684829712,0.012563847005367279,0.643770158290863,0.649797797203064,0.6570873260498047,0.6649124026298523,0.6730104684829712,0.6805806159973145,0.686414897441864,0.6922659873962402,0.6941794753074646
4880,-0.6726115942001343,43.844112396240234,10.104036331176758,64.29440689086914,0.6726117730140686,0.6730620861053467,0.012588932178914547,0.6452541351318359,0.649797797203064,0.6570873260498047,0.6649124026298523,0.6730620861053467,0.6805806159973145,0.6872578263282776,0.6923274993896484,0.6941794753074646
4920,-0.6732246279716492,43.61933517456055,10.10429859161377,64.00775909423828,0.673224687576294,0.6739859580993652,0.01266973651945591,0.6452541351318359,0.649797797203064,0.6570873260498047,0.6656273603439331,0.6739859580993652,0.6812127828598022,0.68773353099823,0.6923274993896484,0.6941794753074646
4960,-0.674127995967865,43.38048553466797,10.104141235351562,63.70804023742676,0.6741281151771545,0.6759005784988403,0.012776055373251438,0.6460060477256775,0.6518784165382385,0.6570873260498047,0.6659107804298401,0.6759005784988403,0.6838586330413818,0.6887630224227905,0.6923274993896484,0.6941794753074646
5000,-0.6745434999465942,43.1536979675293,10.104576110839844,63.41843223571777,0.674543559551239,0.6759005784988403,0.012658149935305119,0.6460060477256775,0.6518784165382385,0.6570873260498047,0.6670384407043457,0.6759005784988403,0.6840833425521851,0.6887630224227905,0.6923274993896484,0.6941794753074646
5040,-0.6752815246582031,42.912841796875,10.110244750976562,63.11081886291504,0.6752815246582031,0.6759005784988403,0.012345013208687305,0.6498523950576782,0.6522594690322876,0.6601131558418274,0.6678722500801086,0.6759005784988403,0.6842195987701416,0.6897990107536316,0.6928666830062866,0.6978568434715271
5080,-0.6757631301879883,42.671791076660156,10.108966827392578,62.801910400390625,0.6757631897926331,0.676864504814148,0.01236738171428442,0.6515547633171082,0.6547952890396118,0.6601131558418274,0.6678722500801086,0.676864504814148,0.6847652196884155,0.6912936568260193,0.6938997507095337,0.6978568434715271
5120,-0.6765249371528625,42.46028137207031,10.108197212219238,62.528751373291016,0.6765249371528625,0.6773593425750732,0.011882913298904896,0.651641309261322,0.6565325260162354,0.6609541177749634,0.6689277291297913,0.6773593425750732,0.6847652196884155,0.691383957862854,0.6938997507095337,0.6978568434715271
5160,-0.6773175597190857,42.22001266479492,10.093664169311523,62.22335147857666,0.6773176789283752,0.6781049370765686,0.012101633474230766,0.651641309261322,0.6565325260162354,0.6609541177749634,0.6689938306808472,0.6781049370765686,0.6852004528045654,0.6923530101776123,0.6969669461250305,0.6984190940856934
5200,-0.6784578561782837,41.989280700683594,10.081278800964355,61.931833267211914,0.6784578561782837,0.6789098978042603,0.01282541174441576,0.651641309261322,0.6565325260162354,0.6609541177749634,0.6691867113113403,0.6789098978042603,0.6864734292030334,0.6939089298248291,0.6975628733634949,0.7030552625656128
5240,-0.6790065765380859,41.73686218261719,10.08267879486084,61.61125183105469,0.6790065169334412,0.6791321039199829,0.013151552528142929,0.6516605019569397,0.6567391753196716,0.6609541177749634,0.6707894802093506,0.6791321039199829,0.6864734292030334,0.6975245475769043,0.7000381946563721,0.7035104632377625
5280,-0.679787814617157,41.49333190917969,10.076735496520996,61.298874855041504,0.6797876954078674,0.6802776455879211,0.012757427990436554,0.6548627614974976,0.6592766046524048,0.6628350615501404,0.67115318775177,0.6802776455879211,0.6870343685150146,0.6975245475769043,0.7000381946563721,0.7035104632377625
5320,-0.6804017424583435,41.272525787353516,10.072203636169434,61.01106071472168,0.680401623249054,0.6808330416679382,0.012622056528925896,0.6548627614974976,0.6603952050209045,0.6633560061454773,0.6715431213378906,0.6808330416679382,0.68752521276474,0.6975767612457275,0.7000449895858765,0.7035104632377625
5360,-0.6808657050132751,41.038818359375,10.067773818969727,60.71061420440674,0.6808655261993408,0.6810557246208191,0.01255369745194912,0.6567963361740112,0.6606429815292358,0.6633561253547668,0.6723713874816895,0.6810557246208191,0.6878209114074707,0.6975767612457275,0.7000449895858765,0.7035104632377625
5400,-0.6817860007286072,40.81022644042969,10.061857223510742,60.416913986206055,0.6817859411239624,0.6815733909606934,0.012609867379069328,0.6567963361740112,0.6606429815292358,0.6640651226043701,0.6736930012702942,0.6815733909606934,0.6889123916625977,0.6995506286621094,0.7021633982658386,0.7035104632377625
5440,-0.682445764541626,40.57887268066406,10.054805755615234,60.11870861053467,0.6824457049369812,0.6818166375160217,0.012993265874683857,0.6567963361740112,0.6608934998512268,0.66517174243927,0.6746751666069031,0.6818166375160217,0.6915361881256104,0.6995506286621094,0.7021633982658386,0.7035104632377625
5480,-0.6829859614372253,40.35063552856445,10.045709609985352,59.823885917663574,0.6829858422279358,0.6824377179145813,0.013075883500277996,0.6603372693061829,0.6612434387207031,0.6671183705329895,0.6746751666069031,0.6824377179145813,0.6915361881256104,0.6995506286621094,0.7029962539672852,0.7097220420837402
5520,-0.6837581396102905,40.12124252319336,10.041224479675293,59.52482509613037,0.6837581396102905,0.6830202341079712,0.013200818561017513,0.6603372693061829,0.6612434387207031,0.6671183705329895,0.6758968234062195,0.6830202341079712,0.6920560002326965,0.6999770998954773,0.7029962539672852,0.7097220420837402
5560,-0.6845013499259949,39.87582015991211,10.0286226272583,59.20962047576904,0.6845012903213501,0.6836739182472229,0.012988217175006866,0.6606491208076477,0.6616491675376892,0.6672905683517456,0.6763178110122681,0.6836739182472229,0.6921253204345703,0.7009866833686829,0.7035380005836487,0.7097220420837402
5600,-0.6851228475570679,39.64663314819336,10.031783103942871,58.90863513946533,0.6851227283477783,0.6858214139938354,0.012963810004293919,0.6606491208076477,0.6616491675376892,0.6672905683517456,0.6769447326660156,0.6858214139938354,0.6922900676727295,0.7009866833686829,0.7035380005836487,0.7097220420837402
5640,-0.6857600212097168,39.43571090698242,10.011214256286621,58.63907527923584,0.6857599020004272,0.6858214139938354,0.012610100209712982,0.6606491208076477,0.6616570353507996,0.6689261198043823,0.6789095401763916,0.6858214139938354,0.6933616995811462,0.7015267014503479,0.7035380005836487,0.7097220420837402
5680,-0.6863610744476318,39.192718505859375,10.006033897399902,58.32462501525879,0.6863610148429871,0.6863195896148682,0.01271916925907135,0.6606511473655701,0.6616570353507996,0.6689261198043823,0.6799473166465759,0.6863195896148682,0.6948825120925903,0.7018795609474182,0.7049132585525513,0.7097220420837402
5720,-0.6867895126342773,38.964996337890625,9.999691009521484,58.024136543273926,0.6867894530296326,0.6866557598114014,0.012877143919467926,0.6606511473655701,0.6616570353507996,0.6708140969276428,0.6799473166465759,0.6866557598114014,0.6956213116645813,0.7019085884094238,0.7067275047302246,0.7097220420837402
5760,-0.6879973411560059,38.72569274902344,9.985774993896484,57.71292209625244,0.6879973411560059,0.6874197721481323,0.01340437214821577,0.6606511473655701,0.6616570353507996,0.6708140969276428,0.6807972192764282,0.6874197721481323,0.6976199746131897,0.7045868635177612,0.7077732086181641,0.7098587155342102
5800,-0.6885821223258972,38.51128387451172,9.978830337524414,57.43065071105957,0.6885820627212524,0.6887294054031372,0.013397715985774994,0.6606511473655701,0.6651062965393066,0.6709204912185669,0.6810973882675171,0.6887294054031372,0.6989361047744751,0.7047106027603149,0.7077732086181641,0.7098587155342102
5840,-0.6892280578613281,38.287208557128906,9.969077110290527,57.135743141174316,0.6892279982566833,0.6903194785118103,0.013360986486077309,0.6606511473655701,0.6651062965393066,0.6718171834945679,0.681654155254364,0.6903194785118103,0.6989361047744751,0.7062653303146362,0.7095075249671936,0.710171639919281
5880,-0.6894070506095886,38.066162109375,9.963102340698242,56.84304714202881,0.6894070506095886,0.6903194785118103,0.013176685199141502,0.661664605140686,0.665777862071991,0.6718171834945679,0.681654155254364,0.6903194785118103,0.6989361047744751,0.7062653303146362,0.7095075249671936,0.710171639919281
5920,-0.6898908615112305,37.83332443237305,9.9596586227417,56.529778480529785,0.6898908019065857,0.6915903091430664,0.013154108077287674,0.661664605140686,0.6672459244728088,0.6720013618469238,0.681654155254364,0.6915903091430664,0.699211597442627,0.7062653303146362,0.7095075249671936,0.710171639919281
5960,-0.6903803944587708,37.59931945800781,9.944930076599121,56.22653675079346,0.6903803944587708,0.6920742392539978,0.013317717239260674,0.661664605140686,0.6672459244728088,0.6720013618469238,0.6821772456169128,0.6920742392539978,0.6994231939315796,0.7067244052886963,0.7098677158355713,0.7137159705162048
6000,-0.6908079981803894,37.35560607910156,9.933966636657715,55.90566349029541,0.6908080577850342,0.6923686265945435,0.013256263919174671,0.661664605140686,0.6700825691223145,0.6728957891464233,0.6823397874832153,0.6923686265945435,0.7001150846481323,0.7067244052886963,0.7098677158355713,0.7137159705162048
6040,-0.6911027431488037,37.11542892456055,9.923454284667969,55.583967208862305,0.6911028027534485,0.6933549046516418,0.013147534802556038,0.6644583344459534,0.6700825691223145,0.6728957891464233,0.6824679374694824,0.6933549046516418,0.7001150846481323,0.7067244052886963,0.7098677158355713,0.7137159705162048
6080,-0.691749095916748,36.87934112548828,9.908401489257812,55.27257061004639,0.691749095916748,0.6937940120697021,0.013128411024808884,0.6645026803016663,0.6700825691223145,0.6733881235122681,0.6833928227424622,0.6937940120697021,0.7006397247314453,0.7070415019989014,0.7098677158355713,0.7145116925239563
6120,-0.6921553015708923,36.642677307128906,9.896976470947266,54.95808124542236,0.6921552419662476,0.6944621205329895,0.013107935898005962,0.6645026803016663,0.6702041029930115,0.6733881235122681,0.6840592622756958,0.6944621205329895,0.7011070251464844,0.7074351906776428,0.7101626396179199,0.7145116925239563
6160,-0.6927599906921387,36.41127395629883,9.893729209899902,54.644009590148926,0.6927598714828491,0.6949552297592163,0.013121921569108963,0.6664947867393494,0.6710691452026367,0.6733881235122681,0.6840592622756958,0.6949552297592163,0.7017723917961121,0.7089628577232361,0.7118543982505798,0.7145116925239563
6200,-0.6930363178253174,36.17822265625,9.8842134475708,54.33049488067627,0.6930363178253174,0.6950277090072632,0.013158760033547878,0.6672810912132263,0.6717145442962646,0.6733881235122681,0.6840592622756958,0.6950277090072632,0.7017723917961121,0.7095320224761963,0.7137250304222107,0.7170156240463257
6240,-0.6933491230010986,35.937965393066406,9.883783340454102,54.005306243896484,0.6933491230010986,0.6951097846031189,0.01318969763815403,0.6672810912132263,0.6717145442962646,0.6733881235122681,0.6850503087043762,0.6951097846031189,0.7017723917961121,0.7098962664604187,0.714118242263794,0.7170156240463257
6280,-0.6938441395759583,35.716285705566406,9.874164581298828,53.70585632324219,0.6938440203666687,0.6957714557647705,0.013028943911194801,0.669227123260498,0.6717339754104614,0.6742728352546692,0.6852409839630127,0.6957714557647705,0.7027390003204346,0.7098962664604187,0.714118242263794,0.7170156240463257
6320,-0.6944740414619446,35.467437744140625,9.849964141845703,53.37798023223877,0.6944740414619446,0.6963179111480713,0.012810018844902515,0.6703470945358276,0.6718786954879761,0.6747398376464844,0.685288667678833,0.6963179111480713,0.7027390003204346,0.7098962664604187,0.714118242263794,0.7170156240463257
6360,-0.6952461004257202,35.226524353027344,9.840396881103516,53.05250263214111,0.6952462196350098,0.6966400146484375,0.012661267071962357,0.6703470945358276,0.67270427942276,0.6765887141227722,0.6855496764183044,0.6966400146484375,0.7028106451034546,0.7118054032325745,0.715203583240509,0.7180067896842957
6400,-0.6955661773681641,34.97611618041992,9.821441650390625,52.71643257141113,0.6955661773681641,0.6974031925201416,0.012714089825749397,0.6703470945358276,0.67270427942276,0.6765887141227722,0.6872195601463318,0.6974031925201416,0.702951192855835,0.7123635411262512,0.715203583240509,0.7180067896842957
6440,-0.6960809826850891,34.739540100097656,9.817882537841797,52.390235900878906,0.6960809826850891,0.697750985622406,0.012602577917277813,0.6715249419212341,0.6735180616378784,0.6780522465705872,0.6874188184738159,0.697750985622406,0.7034891247749329,0.7123635411262512,0.715203583240509,0.7180067896842957
6480,-0.6963840126991272,34.50294494628906,9.801042556762695,52.07070446014404,0.6963841319084167,0.6978622674942017,0.01266986969858408,0.6715249419212341,0.6735432744026184,0.6780522465705872,0.6879502534866333,0.6978622674942017,0.7041253447532654,0.713222324848175,0.7163114547729492,0.7180067896842957
6520,-0.697165310382843,34.259647369384766,9.782526016235352,51.7434720993042,0.6971653699874878,0.6978635191917419,0.012648009695112705,0.6715249419212341,0.6742407083511353,0.678440272808075,0.6894655823707581,0.6978635191917419,0.7043234705924988,0.7139356136322021,0.7163114547729492,0.7180067896842957
6560,-0.6982386708259583,34.02238845825195,9.775127410888672,51.41719150543213,0.698238730430603,0.6984108686447144,0.012918772175908089,0.6724684834480286,0.6770806312561035,0.678440272808075,0.6905542016029358,0.6984108686447144,0.7048858404159546,0.7140890955924988,0.717911422252655,0.7234542369842529
6600,-0.699074387550354,33.77973937988281,9.77220630645752,51.07955265045166,0.699074387550354,0.6996743679046631,0.012873001396656036,0.6724684834480286,0.6770806312561035,0.678440272808075,0.6924587488174438,0.6996743679046631,0.7077590227127075,0.7144795060157776,0.7180987596511841,0.7234542369842529
6640,-0.699548602104187,33.53181457519531,9.754977226257324,50.74246406555176,0.6995485424995422,0.6999218463897705,0.012890166603028774,0.6724684834480286,0.6770806312561035,0.6789911985397339,0.6939531564712524,0.6999218463897705,0.7083522081375122,0.7144795060157776,0.7184455990791321,0.7234542369842529
6680,-0.6998939514160156,33.287208557128906,9.73922348022461,50.40497970581055,0.6998938918113708,0.7000618577003479,0.01295966561883688,0.6724771857261658,0.6770806312561035,0.6789911985397339,0.6946232318878174,0.7000618577003479,0.708997368812561,0.7160029411315918,0.7190467119216919,0.7234542369842529
6720,-0.7005090117454529,33.06847381591797,9.724740982055664,50.10193157196045,0.7005090117454529,0.7007448673248291,0.01262219250202179,0.6748737096786499,0.6774131655693054,0.6812193393707275,0.6946232318878174,0.7007448673248291,0.708997368812561,0.7163568139076233,0.7210691571235657,0.7235807180404663
6760,-0.7012953758239746,32.83827590942383,9.706012725830078,49.787299156188965,0.7012953758239746,0.701628565788269,0.012549103237688541,0.6748737096786499,0.6789681315422058,0.6844410300254822,0.6951860189437866,0.701628565788269,0.7090692520141602,0.7163568139076233,0.723298192024231,0.7278702855110168
6800,-0.7019500732421875,32.60771179199219,9.697677612304688,49.46270751953125,0.7019501328468323,0.7026195526123047,0.012446265667676926,0.6770479083061218,0.6789709329605103,0.6844410300254822,0.6955974102020264,0.7026195526123047,0.7090692520141602,0.7190554141998291,0.723298192024231,0.7278702855110168
6840,-0.7024676203727722,32.39232635498047,9.685835838317871,49.16290283203125,0.7024677395820618,0.7028423547744751,0.012245137244462967,0.677470326423645,0.6803067922592163,0.687071681022644,0.6955974102020264,0.7028423547744751,0.7090692520141602,0.7190554141998291,0.7237483859062195,0.7278702855110168
6880,-0.7028763890266418,32.14066696166992,9.657241821289062,48.82047367095947,0.7028764486312866,0.7028423547744751,0.012400620616972446,0.6780731678009033,0.6803067922592163,0.6871786713600159,0.6955974102020264,0.7028423547744751,0.7095543742179871,0.7198891043663025,0.7246215343475342,0.7278702855110168
6920,-0.7034547328948975,31.911102294921875,9.654754638671875,48.49477672576904,0.7034546732902527,0.7030457258224487,0.012189052067697048,0.6803390979766846,0.6842120289802551,0.6877386569976807,0.6959269046783447,0.7030457258224487,0.7097527384757996,0.7210386395454407,0.7246215343475342,0.7278702855110168
6960,-0.7040424346923828,31.682668685913086,9.636380195617676,48.178489685058594,0.7040424346923828,0.7034162282943726,0.012014439329504967,0.6808370351791382,0.6843765377998352,0.6877386569976807,0.6974133849143982,0.7034162282943726,0.7099143266677856,0.723314642906189,0.7254953384399414,0.731109082698822
7000,-0.7045596241950989,31.448850631713867,9.60984992980957,47.85425090789795,0.7045595645904541,0.7040639519691467,0.012151057831943035,0.6808850169181824,0.6849066615104675,0.6877386569976807,0.6974133849143982,0.7040639519691467,0.7110276818275452,0.723314642906189,0.7258871793746948,0.731109082698822
7040,-0.7051711678504944,31.225873947143555,9.604978561401367,47.53755474090576,0.7051713466644287,0.7042757272720337,0.012155624106526375,0.6808850169181824,0.6849825978279114,0.6881369948387146,0.6976224780082703,0.7042757272720337,0.7119957208633423,0.723314642906189,0.7258871793746948,0.731109082698822
7080,-0.7056626677513123,30.998998641967773,9.589706420898438,47.221405029296875,0.7056626677513123,0.7045565843582153,0.012241984717547894,0.6808850169181824,0.6849825978279114,0.6881369948387146,0.6979472041130066,0.7045565843582153,0.7127818465232849,0.723314642906189,0.7258871793746948,0.731109082698822
7120,-0.7062968015670776,30.75642967224121,9.576116561889648,46.87792110443115,0.7062968611717224,0.7054212093353271,0.012322455644607544,0.6808850169181824,0.6850706338882446,0.6914838552474976,0.6982017159461975,0.7054212093353271,0.7136738300323486,0.7235159277915955,0.7271742820739746,0.731109082698822
7160,-0.7066624164581299,30.516942977905273,9.542427062988281,46.549567222595215,0.7066623568534851,0.7066679000854492,0.012250205501914024,0.6808850169181824,0.685390055179596,0.6914838552474976,0.6989719271659851,0.7066679000854492,0.7136738300323486,0.7235159277915955,0.7271742820739746,0.731109082698822
7200,-0.7070139646530151,30.295364379882812,9.526773452758789,46.23585796356201,0.7070140838623047,0.7069827914237976,0.012195978313684464,0.6819620132446289,0.6869471073150635,0.6922721266746521,0.6990830898284912,0.7069827914237976,0.7138299942016602,0.7235761284828186,0.7276732325553894,0.731109082698822
7240,-0.707383394241333,30.054462432861328,9.50434684753418,45.89846611022949,0.7073835134506226,0.7069827914237976,0.01230748649686575,0.6819620132446289,0.687000036239624,0.6923322677612305,0.6993934512138367,0.7069827914237976,0.7154409289360046,0.7235761284828186,0.7277544736862183,0.7314772009849548
7280,-0.7078725099563599,29.815290451049805,9.479721069335938,45.56198024749756,0.7078726291656494,0.7079974412918091,0.012331387028098106,0.6841323375701904,0.687000036239624,0.6923322677612305,0.6995424628257751,0.7079974412918091,0.7162642478942871,0.7235761284828186,0.7277544736862183,0.7314772009849548
7320,-0.708313524723053,29.59414291381836,9.45974349975586,45.24546146392822,0.7083135843276978,0.7083052396774292,0.012352525256574154,0.6841687560081482,0.687000036239624,0.6923322677612305,0.7002041339874268,0.7083052396774292,0.7172023057937622,0.7235761284828186,0.7294909954071045,0.7321781516075134
7360,-0.7093923687934875,29.348480224609375,9.446401596069336,44.89513397216797,0.7093924880027771,0.7093456983566284,0.012443854473531246,0.6841687560081482,0.6904616951942444,0.6934581398963928,0.701458215713501,0.7093456983566284,0.718058705329895,0.7265815138816833,0.7311062216758728,0.7326077222824097
7400,-0.7099578976631165,29.118324279785156,9.426997184753418,44.570515632629395,0.7099578976631165,0.7108742594718933,0.012389876879751682,0.6847991347312927,0.6906744837760925,0.6934581398963928,0.7020489573478699,0.7108742594718933,0.718058705329895,0.7265815138816833,0.7321898341178894,0.7348827719688416
7440,-0.7103070616722107,28.915874481201172,9.412150382995605,44.277265548706055,0.7103070616722107,0.7108742594718933,0.012249702587723732,0.6847991347312927,0.691315770149231,0.6935639381408691,0.7022416591644287,0.7108742594718933,0.7183441519737244,0.7265815138816833,0.7326355576515198,0.7349585294723511
7480,-0.710769772529602,28.681598663330078,9.385828018188477,43.94364070892334,0.7107698321342468,0.7109488844871521,0.012063898146152496,0.6880972981452942,0.6918264031410217,0.6938088536262512,0.7028641700744629,0.7109488844871521,0.7187377214431763,0.7265815138816833,0.7326355576515198,0.7349585294723511
7520,-0.7113087177276611,28.45400619506836,9.363951683044434,43.615867614746094,0.7113086581230164,0.7110627889633179,0.012077569030225277,0.6880972981452942,0.6922955513000488,0.6958268284797668,0.7028641700744629,0.7110627889633179,0.7193982005119324,0.7265815138816833,0.7326355576515198,0.7349585294723511
7560,-0.7118050456047058,28.231338500976562,9.351884841918945,43.29180431365967,0.711804986000061,0.7120345830917358,0.011838658712804317,0.6916977763175964,0.6926853060722351,0.6969640851020813,0.7040274739265442,0.7120345830917358,0.7193982005119324,0.7270433306694031,0.7326355576515198,0.7349585294723511
7600,-0.7123394012451172,28.00237274169922,9.31732177734375,42.96391296386719,0.7123394012451172,0.7127071619033813,0.011745751835405827,0.6917197108268738,0.6926853060722351,0.6969640851020813,0.704517126083374,0.7127071619033813,0.7197599411010742,0.7270433306694031,0.7326355576515198,0.7349585294723511
7640,-0.7128090262413025,27.782089233398438,9.299510955810547,42.638848304748535,0.7128090858459473,0.7136940956115723,0.011834039352834225,0.6917197108268738,0.6926853060722351,0.6969640851020813,0.7051509618759155,0.7136940956115723,0.7205291986465454,0.7278110980987549,0.7326355576515198,0.7349585294723511
7680,-0.7130759954452515,27.5557918548584,9.2931547164917,42.30029582977295,0.713076114654541,0.7137364149093628,0.011750644072890282,0.6917197108268738,0.6926853060722351,0.6973338723182678,0.7055677175521851,0.7137364149093628,0.7205291986465454,0.7278110980987549,0.7326355576515198,0.7349585294723511
7720,-0.7134808301925659,27.336387634277344,9.256721496582031,41.98577690124512,0.7134808897972107,0.7140777111053467,0.011730790138244629,0.6917197108268738,0.693214476108551,0.6973338723182678,0.705950915813446,0.7140777111053467,0.7213158011436462,0.728336751461029,0.7326355576515198,0.7349585294723511
7760,-0.714177668094635,27.108816146850586,9.236017227172852,41.65317440032959,0.7141777873039246,0.7159476280212402,0.011934146285057068,0.6917197108268738,0.693214476108551,0.6979435682296753,0.7061833143234253,0.7159476280212402,0.7223365902900696,0.7294746041297913,0.7331902384757996,0.7356544733047485
7800,-0.7147655487060547,26.88055419921875,9.216204643249512,41.320425033569336,0.7147655487060547,0.7164701223373413,0.011766699142754078,0.6917197108268738,0.6933570504188538,0.6983146071434021,0.7081360220909119,0.7164701223373413,0.7227522134780884,0.7294746041297913,0.7331902384757996,0.7356544733047485
7840,-0.7152433395385742,26.642303466796875,9.186495780944824,40.97641658782959,0.7152432799339294,0.7164701223373413,0.011370519176125526,0.6926960945129395,0.6948980093002319,0.6994218230247498,0.708696722984314,0.7164701223373413,0.7228699922561646,0.7294746041297913,0.7341142892837524,0.7366791367530823
7880,-0.7154685854911804,26.425487518310547,9.173239707946777,40.6532621383667,0.7154685258865356,0.716734766960144,0.011401447467505932,0.6926960945129395,0.6948980093002319,0.6994218230247498,0.708696722984314,0.716734766960144,0.7228968143463135,0.7302579879760742,0.7341142892837524,0.7366791367530823
7920,-0.7158272862434387,26.209325790405273,9.154306411743164,40.334439277648926,0.7158274054527283,0.7168565988540649,0.01141855027526617,0.6928683519363403,0.6951149106025696,0.6994218230247498,0.708696722984314,0.7168565988540649,0.7234333157539368,0.7302579879760742,0.7349490523338318,0.7366791367530823
7960,-0.7160986661911011,25.986167907714844,9.132881164550781,40.00186824798584,0.7160987257957458,0.7168565988540649,0.011322859674692154,0.6949123740196228,0.6963993906974792,0.6994218230247498,0.7090514302253723,0.7168565988540649,0.7234333157539368,0.7302579879760742,0.7350751161575317,0.7367761135101318
8000,-0.7165579199790955,25.760358810424805,9.109231948852539,39.67033863067627,0.7165578603744507,0.7168565988540649,0.011092295870184898,0.6951199769973755,0.6980331540107727,0.7000311017036438,0.7099020481109619,0.7168565988540649,0.7237346172332764,0.7318384647369385,0.7350751161575317,0.7367761135101318
8040,-0.7169079184532166,25.53938865661621,9.09041690826416,39.33318614959717,0.7169080376625061,0.7175591588020325,0.011053281836211681,0.6963397264480591,0.6980820894241333,0.7000311017036438,0.7099716067314148,0.7175591588020325,0.7238426804542542,0.7318384647369385,0.7359104156494141,0.7375762462615967
8080,-0.7175759077072144,25.31845474243164,9.062627792358398,39.003079414367676,0.7175759077072144,0.7187834978103638,0.011133738793432713,0.6963397264480591,0.6980820894241333,0.7009286880493164,0.7104828953742981,0.7187834978103638,0.724187970161438,0.7322119474411011,0.7363640069961548,0.7375762462615967
8120,-0.7180686593055725,25.098613739013672,9.03443717956543,38.67854881286621,0.7180687189102173,0.7197068929672241,0.01135046873241663,0.6963756680488586,0.698876142501831,0.7009787559509277,0.7104828953742981,0.7197068929672241,0.7243127226829529,0.7322119474411011,0.7375231385231018,0.7402324676513672
8160,-0.7186895608901978,24.858007431030273,9.005411148071289,38.32085704803467,0.7186894416809082,0.7208104133605957,0.011428038589656353,0.6969953775405884,0.698876142501831,0.702083170413971,0.7106893062591553,0.7208104133605957,0.7250613570213318,0.7325238585472107,0.7375231385231018,0.7402403354644775
8200,-0.7190029621124268,24.643699645996094,8.981867790222168,38.000619888305664,0.7190030813217163,0.7209566831588745,0.011423125863075256,0.6969953775405884,0.698876142501831,0.702083170413971,0.7111890316009521,0.7209566831588745,0.7252423167228699,0.7325238585472107,0.7375231385231018,0.7402403354644775
8240,-0.7192654013633728,24.4229736328125,8.951915740966797,37.675893783569336,0.719265341758728,0.7209566831588745,0.011501696892082691,0.6970230340957642,0.698876142501831,0.702083170413971,0.712450385093689,0.7209566831588745,0.7255613207817078,0.7349534034729004,0.7378968596458435,0.7409915924072266
8280,-0.7195247411727905,24.19952964782715,8.925392150878906,37.338518142700195,0.7195246815681458,0.7209566831588745,0.011522906832396984,0.6970230340957642,0.698876142501831,0.702083170413971,0.7130951881408691,0.7209566831588745,0.7260103225708008,0.7351101636886597,0.7378968596458435,0.7409915924072266
8320,-0.7198441624641418,23.98410415649414,8.90688419342041,37.00292778015137,0.7198441028594971,0.7212170362472534,0.011608547531068325,0.6978866457939148,0.698876142501831,0.7025351524353027,0.7136378288269043,0.7212170362472534,0.7269059419631958,0.7351101636886597,0.7378968596458435,0.7409915924072266
8360,-0.7202717661857605,23.767959594726562,8.883560180664062,36.6724157333374,0.7202717661857605,0.7217403650283813,0.01169242151081562,0.6980113983154297,0.6989107728004456,0.7025351524353027,0.7137628793716431,0.7217403650283813,0.7276068925857544,0.7351101636886597,0.7378968596458435,0.7419837713241577
8400,-0.7207822203636169,23.560012817382812,8.863700866699219,36.35156059265137,0.7207822203636169,0.7219148874282837,0.011384471319615841,0.6980867981910706,0.7003124356269836,0.7047474384307861,0.7138704061508179,0.7219148874282837,0.7281903624534607,0.7351101636886597,0.7378968596458435,0.7419909834861755
8440,-0.7211678624153137,23.324115753173828,8.82607650756836,35.999794006347656,0.7211679220199585,0.7223228216171265,0.01124876830726862,0.6980867981910706,0.701749861240387,0.7052472829818726,0.713919460773468,0.7223228216171265,0.7284338474273682,0.7351101636886597,0.7379662990570068,0.7419909834861755
8480,-0.7213987708091736,23.119735717773438,8.810080528259277,35.675819396972656,0.7213987112045288,0.7228546142578125,0.011320103891193867,0.6980867981910706,0.701749861240387,0.7052472829818726,0.713919460773468,0.7228546142578125,0.7290080785751343,0.7355162501335144,0.7379662990570068,0.7419909834861755
8520,-0.7215209603309631,22.89827537536621,8.784323692321777,35.33682727813721,0.7215210199356079,0.7228546142578125,0.011353307403624058,0.6980867981910706,0.701749861240387,0.7054479718208313,0.713919460773468,0.7228546142578125,0.7290080785751343,0.7357137203216553,0.7379662990570068,0.74286288022995
8560,-0.7218309640884399,22.682666778564453,8.770705223083496,34.9861946105957,0.7218309640884399,0.7231650352478027,0.01134780514985323,0.6980867981910706,0.7024301886558533,0.7065818905830383,0.7145272493362427,0.7231650352478027,0.7295598983764648,0.7357137203216553,0.738655149936676,0.7430659532546997
8600,-0.7223266363143921,22.4694881439209,8.764330863952637,34.64449882507324,0.7223266363143921,0.7231650352478027,0.011090106330811977,0.6993968486785889,0.7028077244758606,0.7094530463218689,0.7150211930274963,0.7231650352478027,0.7295598983764648,0.7368776798248291,0.7402780055999756,0.7430659532546997
8640,-0.7227913737297058,22.254072189331055,8.728750228881836,34.31065273284912,0.7227913737297058,0.7232382297515869,0.011012084782123566,0.6993968486785889,0.7028077244758606,0.7096608877182007,0.7164747714996338,0.7232382297515869,0.7297240495681763,0.7368776798248291,0.7402780055999756,0.7430659532546997
8680,-0.7231295704841614,22.053924560546875,8.717325210571289,33.98288154602051,0.7231295704841614,0.7236848473548889,0.011193000711500645,0.6993968486785889,0.7028077244758606,0.7096608877182007,0.7164747714996338,0.7236848473548889,0.7298672199249268,0.7378969192504883,0.7402780055999756,0.7430659532546997
8720,-0.7234143018722534,21.845083236694336,8.688310623168945,33.65384006500244,0.7234143018722534,0.7247735857963562,0.011250085197389126,0.699398398399353,0.7035599946975708,0.7096608877182007,0.7164747714996338,0.7247735857963562,0.7301016449928284,0.7378969192504883,0.7402780055999756,0.7434170246124268
8760,-0.7239306569099426,21.636259078979492,8.673656463623047,33.31265449523926,0.7239306569099426,0.7251931428909302,0.011244545690715313,0.699398398399353,0.7035599946975708,0.7105302214622498,0.7168353199958801,0.7251931428909302,0.731316864490509,0.7378969192504883,0.7402780055999756,0.7434390783309937
8800,-0.7243552803993225,21.427627563476562,8.668163299560547,32.96202850341797,0.7243553996086121,0.7256373167037964,0.011374996975064278,0.699398398399353,0.7035599946975708,0.7105302214622498,0.7168353199958801,0.7256373167037964,0.7321440577507019,0.7384805083274841,0.7402780055999756,0.7434390783309937
8840,-0.7246670126914978,21.206451416015625,8.62861156463623,32.62455368041992,0.7246671319007874,0.7264121174812317,0.011393357068300247,0.699398398399353,0.704404890537262,0.7105302214622498,0.7168353199958801,0.7264121174812317,0.7327905297279358,0.7386462688446045,0.7418718338012695,0.7435867190361023
8880,-0.7249714732170105,21.008346557617188,8.616645812988281,32.29778003692627,0.7249714732170105,0.7264121174812317,0.011373131535947323,0.699398398399353,0.704404890537262,0.7105302214622498,0.7176446914672852,0.7264121174812317,0.7329769730567932,0.7386462688446045,0.7418718338012695,0.7456671595573425
8920,-0.7252339124679565,20.80797004699707,8.601129531860352,31.969627857208252,0.7252339720726013,0.7267055511474609,0.011273564770817757,0.7010948061943054,0.7061834335327148,0.7106170654296875,0.7176972031593323,0.7267055511474609,0.7329769730567932,0.7386550307273865,0.7418718338012695,0.7456671595573425
8960,-0.7256768345832825,20.60991668701172,8.576506614685059,31.65078830718994,0.7256767749786377,0.7271515130996704,0.011244609951972961,0.7010948061943054,0.7061834335327148,0.7106253504753113,0.7182273864746094,0.7271515130996704,0.7335238456726074,0.7393887639045715,0.7418718338012695,0.7456671595573425
9000,-0.7263005375862122,20.392715454101562,8.54294490814209,31.310473918914795,0.7263004779815674,0.7272806167602539,0.010415593162178993,0.7030982375144958,0.7097102403640747,0.7130281329154968,0.7201728224754333,0.7272806167602539,0.7335238456726074,0.739483654499054,0.7418718338012695,0.7456671595573425
9040,-0.7267486453056335,20.186275482177734,8.519651412963867,30.978132247924805,0.7267486453056335,0.7275049090385437,0.010226585902273655,0.704515814781189,0.7097102403640747,0.7130281329154968,0.7208651900291443,0.7275049090385437,0.7338835597038269,0.739483654499054,0.7418718338012695,0.7456671595573425
9080,-0.7270263433456421,19.966123580932617,8.487502098083496,30.630370140075684,0.7270263433456421,0.72818922996521,0.010227005928754807,0.7045315504074097,0.7105729579925537,0.7130281329154968,0.7209229469299316,0.72818922996521,0.7338835597038269,0.73987877368927,0.7418718338012695,0.7456671595573425
9120,-0.7273167371749878,19.766250610351562,8.453618049621582,30.306800842285156,0.7273169159889221,0.7284855246543884,0.01011496689170599,0.7045315504074097,0.7119388580322266,0.7143575549125671,0.7209229469299316,0.7284855246543884,0.7339677214622498,0.7399367094039917,0.7418718338012695,0.7456671595573425
9160,-0.7274676561355591,19.576560974121094,8.434988021850586,29.975614547729492,0.7274676561355591,0.7286928296089172,0.010076203383505344,0.7045901417732239,0.7119388580322266,0.7143575549125671,0.7209229469299316,0.7286928296089172,0.7339677214622498,0.7407153844833374,0.7419900894165039,0.7457017302513123
9200,-0.7277600169181824,19.399208068847656,8.42774772644043,29.660802364349365,0.7277600765228271,0.7286928296089172,0.01021000649780035,0.7045987248420715,0.7119388580322266,0.7143575549125671,0.7215509414672852,0.7286928296089172,0.7346326112747192,0.7409934997558594,0.7423077821731567,0.7457159161567688
9240,-0.7279968857765198,19.179840087890625,8.381593704223633,29.315275192260742,0.7279968857765198,0.7290356755256653,0.01016962993890047,0.7045987248420715,0.7119388580322266,0.7143575549125671,0.7215509414672852,0.7290356755256653,0.7347898483276367,0.7409934997558594,0.7423256635665894,0.7460052967071533
9280,-0.7281731963157654,18.983020782470703,8.336588859558105,29.000648498535156,0.7281731963157654,0.729642927646637,0.010186823084950447,0.7045987248420715,0.7119813561439514,0.7143575549125671,0.7215509414672852,0.729642927646637,0.7348961234092712,0.7409934997558594,0.7423256635665894,0.7460052967071533
9320,-0.7283923029899597,18.78365135192871,8.310693740844727,28.674147129058838,0.7283923625946045,0.7300205826759338,0.010325736366212368,0.7045987248420715,0.7119813561439514,0.7143575549125671,0.7216129899024963,0.7300205826759338,0.7348961234092712,0.7418416738510132,0.7427797913551331,0.7460052967071533
9360,-0.7285493016242981,18.566116333007812,8.269289016723633,28.335391521453857,0.7285493612289429,0.7300205826759338,0.010349738411605358,0.7045987248420715,0.712894856929779,0.7143575549125671,0.7216129899024963,0.7300205826759338,0.7353001832962036,0.7418416738510132,0.7427847385406494,0.7460052967071533
9400,-0.7286331057548523,18.362796783447266,8.235936164855957,27.99655818939209,0.7286331057548523,0.730167031288147,0.010365229099988937,0.7045987248420715,0.712894856929779,0.7143575549125671,0.7216129899024963,0.730167031288147,0.7353001832962036,0.7418416738510132,0.7427847385406494,0.7460052967071533
9440,-0.7288870215415955,18.170764923095703,8.213098526000977,27.65908908843994,0.7288870215415955,0.730167031288147,0.01032871101051569,0.7045987248420715,0.7133879661560059,0.7147933840751648,0.7219600677490234,0.730167031288147,0.735421359539032,0.7418742179870605,0.7427847385406494,0.748163104057312
9480,-0.7291744351387024,17.951732635498047,8.193726539611816,27.285335540771484,0.7291744947433472,0.7302551865577698,0.010171863250434399,0.7053119540214539,0.7133879661560059,0.7147933840751648,0.7220827341079712,0.7302551865577698,0.7356773018836975,0.7418742179870605,0.7427847385406494,0.7481862902641296
9520,-0.7293805480003357,17.74884796142578,8.167531967163086,26.95216464996338,0.7293805480003357,0.73038649559021,0.010130854323506355,0.7053119540214539,0.7133879661560059,0.7147933840751648,0.7223494052886963,0.73038649559021,0.7361873388290405,0.7418956756591797,0.7437906861305237,0.7481862902641296
9560,-0.7296197414398193,17.579730987548828,8.16830062866211,26.626336097717285,0.7296196222305298,0.73038649559021,0.009983553551137447,0.7093780636787415,0.7133879661560059,0.7156345844268799,0.7226667404174805,0.73038649559021,0.7361873388290405,0.7421653866767883,0.7437906861305237,0.7482097744941711
9600,-0.7298903465270996,17.39558982849121,8.15158462524414,26.29992961883545,0.7298902869224548,0.7305620908737183,0.009752921760082245,0.7096746563911438,0.7134777903556824,0.7156345844268799,0.7234385013580322,0.7305620908737183,0.7361873388290405,0.7421653866767883,0.7437906861305237,0.7482097744941711
9640,-0.7300024032592773,17.213905334472656,8.125426292419434,25.985801696777344,0.7300023436546326,0.7306044101715088,0.00971208419650793,0.7096746563911438,0.7134777903556824,0.7156345844268799,0.7237550616264343,0.7306044101715088,0.7361873388290405,0.7421653866767883,0.7437906861305237,0.7482097744941711
9680,-0.7302169799804688,17.01922607421875,8.090434074401855,25.65443515777588,0.730216920375824,0.7306044101715088,0.009673093445599079,0.7096746563911438,0.7134777903556824,0.7175112962722778,0.7243802547454834,0.7306044101715088,0.7361873388290405,0.7421653866767883,0.7440875768661499,0.7482097744941711
9720,-0.7305062413215637,16.83087730407715,8.074520111083984,25.313247203826904,0.730506181716919,0.730742335319519,0.009529097005724907,0.7096746563911438,0.7143756151199341,0.7188243865966797,0.7243802547454834,0.730742335319519,0.7361873388290405,0.7421653866767883,0.7440875768661499,0.7482097744941711
9760,-0.7306082844734192,16.634471893310547,8.051941871643066,24.962611198425293,0.7306082844734192,0.7310543060302734,0.009570126421749592,0.7096746563911438,0.7143756151199341,0.7188243865966797,0.7243802547454834,0.7310543060302734,0.7362099289894104,0.7421653866767883,0.7440875768661499,0.7482097744941711
9800,-0.7308201193809509,16.438875198364258,8.032962799072266,24.62236499786377,0.7308200597763062,0.7313520908355713,0.009525034576654434,0.7096746563911438,0.7143756151199341,0.7188243865966797,0.7248395085334778,0.7313520908355713,0.7362099289894104,0.7421653866767883,0.7441386580467224,0.7482097744941711
9840,-0.7311909198760986,16.26804542541504,8.032028198242188,24.287303924560547,0.7311908602714539,0.7318711876869202,0.009362248703837395,0.7122305631637573,0.7143756151199341,0.7188243865966797,0.7253727316856384,0.7318711876869202,0.7363260984420776,0.7425910234451294,0.7441386580467224,0.7482251524925232
9880,-0.7313952445983887,16.060928344726562,7.989964962005615,23.936524391174316,0.7313952445983887,0.7319096922874451,0.009342360310256481,0.7122305631637573,0.7143756151199341,0.7197201251983643,0.7255679368972778,0.7319096922874451,0.7370728254318237,0.7425910234451294,0.7447323203086853,0.7482251524925232
9920,-0.7314867973327637,15.8847074508667,7.981983184814453,23.60919189453125,0.7314867377281189,0.7319096922874451,0.009351417422294617,0.7122305631637573,0.7143756151199341,0.7197201251983643,0.7255679368972778,0.7319096922874451,0.737191379070282,0.7425910234451294,0.7447323203086853,0.748239278793335
9960,-0.7316439747810364,15.708890914916992,7.951100826263428,23.289859771728516,0.7316439747810364,0.7320684194564819,0.009245317429304123,0.7122305631637573,0.716031014919281,0.7200889587402344,0.7255679368972778,0.7320684194564819,0.7373417615890503,0.7428330183029175,0.7447323203086853,0.748239278793335
10000,-0.7318199276924133,15.50749397277832,7.906561851501465,22.945607662200928,0.7318199276924133,0.7322933673858643,0.009241952560842037,0.7122305631637573,0.7161380052566528,0.7203397154808044,0.7255679368972778,0.7322933673858643,0.7383702993392944,0.7428330183029175,0.7447323203086853,0.748239278793335
