ConfigName: kjsd__advperagentrankweighted__M3__L20__eps0p007__g0p0005__ds0p2__dm0p2
Problem: NK
Kernel: jsd
Advantage: peragentrankweighted
M: 3
lambda: 20
epsilon_svgd: 0.007
gamma: 0.0005
decay_start_ratio: 0.2
decay_min_factor: 0.2
bandwith_kernel: None
no_interact: False
avg_score: 0.7109265327453613
median_score: 0.6979935765266418
std_score: 0.03115236572921276
percentiles: 2%=0.6743908524513245, 5%=0.6751645803451538, 10%=0.6763948202133179, 25%=0.6824374794960022, 50%=0.6979935765266418, 75%=0.746583104133606, 90%=0.7535533308982849, 95%=0.7613165378570557, 98%=0.7613165378570557
ranking_best_algo: CMApara
ranking_best_score: 0.7118996098437498
ranking_my_rank: 8/504 (98.6%)
ranking_my_percent: 98.61111111111111
