ConfigName: kjsd__advperagentrankweighted__M4__L12__eps0p005__g0p0003__ds0p2__dm0p05
Problem: QUBO
Kernel: jsd
Advantage: peragentrankweighted
M: 4
lambda: 12
epsilon_svgd: 0.005
gamma: 0.0003
decay_start_ratio: 0.2
decay_min_factor: 0.05
bandwith_kernel: None
no_interact: False
avg_score: -1200.3399658203125
median_score: -1192.5
std_score: 63.64325714111328
percentiles: 2%=-1351.1199951171875, 5%=-1335.4000244140625, 10%=-1279.5999755859375, 25%=-1238.25, 50%=-1192.5, 75%=-1150.0, 90%=-1125.0, 95%=-1113.800048828125, 98%=-1102.9000244140625
ranking_best_algo: Tabu
ranking_best_score: 1216.16
ranking_my_rank: 42/504 (91.9%)
ranking_my_percent: 91.86507936507937
