ConfigName: kjsd__advperagentrankweighted__M3__L16__eps0p007__g0p001__ds0p1__dm0p1
Problem: QUBO
Kernel: jsd
Advantage: peragentrankweighted
M: 3
lambda: 16
epsilon_svgd: 0.007
gamma: 0.001
decay_start_ratio: 0.1
decay_min_factor: 0.1
bandwith_kernel: None
no_interact: False
avg_score: -146.4199981689453
median_score: -145.0
std_score: 13.789257049560547
percentiles: 2%=-179.0, 5%=-179.0, 10%=-158.1999969482422, 25%=-154.0, 50%=-145.0, 75%=-139.0, 90%=-130.8000030517578, 95%=-124.94999694824219, 98%=-116.94000244140625
ranking_best_algo: CMApara
ranking_best_score: 154.28
ranking_my_rank: 124/504 (75.6%)
ranking_my_percent: 75.5952380952381
