ConfigName: kjsd__advperagentrankweighted__M5__L8__eps0p02__g0p0005__ds0p05__dm0p05
Problem: QUBO
Kernel: jsd
Advantage: peragentrankweighted
M: 5
lambda: 8
epsilon_svgd: 0.02
gamma: 0.0005
decay_start_ratio: 0.05
decay_min_factor: 0.05
bandwith_kernel: None
no_interact: False
avg_score: -1234.9000244140625
median_score: -1232.5
std_score: 55.319889068603516
percentiles: 2%=-1338.260009765625, 5%=-1327.0999755859375, 10%=-1312.300048828125, 25%=-1280.0, 50%=-1232.5, 75%=-1190.5, 90%=-1166.699951171875, 95%=-1154.5, 98%=-1143.93994140625
ranking_best_algo: SVMMetaModelLogNormal
ranking_best_score: 1233.7999999999997
ranking_my_rank: 1/504 (100.0%)
ranking_my_percent: 100.0
