ConfigName: kjsd__advperagentrankweighted__M3__L24__eps0p005__g0p0005__ds0p1__dm0p05
Problem: QUBO
Kernel: jsd
Advantage: peragentrankweighted
M: 3
lambda: 24
epsilon_svgd: 0.005
gamma: 0.0005
decay_start_ratio: 0.1
decay_min_factor: 0.05
bandwith_kernel: None
no_interact: False
avg_score: -1635.219970703125
median_score: -1633.5
std_score: 64.84390258789062
percentiles: 2%=-1745.1199951171875, 5%=-1737.0999755859375, 10%=-1719.0999755859375, 25%=-1686.25, 50%=-1633.5, 75%=-1590.5, 90%=-1562.199951171875, 95%=-1518.9000244140625, 98%=-1488.8399658203125
ranking_best_algo: NLOPT_LN_PRAXIS
ranking_best_score: 1607.12
ranking_my_rank: 1/504 (100.0%)
ranking_my_percent: 100.0
