ConfigName: kjsd__advperagentrankweighted__M3__L16__eps0p007__g0p001__ds0p1__dm0p1
Problem: NK
Kernel: jsd
Advantage: peragentrankweighted
M: 3
lambda: 16
epsilon_svgd: 0.007
gamma: 0.001
decay_start_ratio: 0.1
decay_min_factor: 0.1
bandwith_kernel: None
no_interact: False
avg_score: 0.735565185546875
median_score: 0.7361907958984375
std_score: 0.008894729427993298
percentiles: 2%=0.717140257358551, 5%=0.7195755839347839, 10%=0.7219784259796143, 25%=0.729826033115387, 50%=0.7361907958984375, 75%=0.7424192428588867, 90%=0.7457684874534607, 95%=0.7471985816955566, 98%=0.7494739890098572
ranking_best_algo: PBIL
ranking_best_score: 0.7248786399609374
ranking_my_rank: 1/504 (100.0%)
ranking_my_percent: 100.0
