ConfigName: krbf__advnormalizedfitness__M3__L8__eps0p03__g0p01__ds0p15__dm0p05
Problem: NK
Kernel: rbf
Advantage: normalizedfitness
M: 3
lambda: 8
epsilon_svgd: 0.03
gamma: 0.01
decay_start_ratio: 0.15
decay_min_factor: 0.05
bandwith_kernel: None
no_interact: False
avg_score: 0.7448468208312988
median_score: 0.7423104643821716
std_score: 0.027581442147493362
percentiles: 2%=0.7023497819900513, 5%=0.7083612680435181, 10%=0.7113783359527588, 25%=0.7256202697753906, 50%=0.7423104643821716, 75%=0.7580187320709229, 90%=0.7780020236968994, 95%=0.8044298887252808, 98%=0.8045783638954163
ranking_best_algo: CMApara
ranking_best_score: 0.7459277895312499
ranking_my_rank: 2/504 (99.8%)
ranking_my_percent: 99.8015873015873
