ConfigName: krbf__advnormalizedfitness__M3__L15__eps0p025__g0p01__ds0p01__dm0p3
Problem: QUBO
Kernel: rbf
Advantage: normalizedfitness
M: 3
lambda: 15
epsilon_svgd: 0.025
gamma: 0.01
decay_start_ratio: 0.01
decay_min_factor: 0.3
bandwith_kernel: None
no_interact: False
avg_score: -1238.9200439453125
median_score: -1232.0
std_score: 123.52980041503906
percentiles: 2%=-1515.43994140625, 5%=-1439.0, 10%=-1393.699951171875, 25%=-1305.75, 50%=-1232.0, 75%=-1168.5, 90%=-1095.2000732421875, 95%=-1040.9000244140625, 98%=-994.5599365234375
ranking_best_algo: NLOPT_LN_PRAXIS
ranking_best_score: 1607.12
ranking_my_rank: 217/504 (57.1%)
ranking_my_percent: 57.142857142857146
