ConfigName: kjsd__advperagentrankweighted__M4__L10__eps0p03__g0p0003__ds0p05__dm0p05
Problem: NK
Kernel: jsd
Advantage: peragentrankweighted
M: 4
lambda: 10
epsilon_svgd: 0.03
gamma: 0.0003
decay_start_ratio: 0.05
decay_min_factor: 0.05
bandwith_kernel: None
no_interact: False
avg_score: 0.7181342840194702
median_score: 0.7183108925819397
std_score: 0.00813064444810152
percentiles: 2%=0.7025924921035767, 5%=0.7058362364768982, 10%=0.707668125629425, 25%=0.7124912142753601, 50%=0.7183108925819397, 75%=0.7235998511314392, 90%=0.7271633148193359, 95%=0.732099175453186, 98%=0.7340745329856873
ranking_best_algo: PBIL
ranking_best_score: 0.7248786399609374
ranking_my_rank: 12/504 (97.8%)
ranking_my_percent: 97.81746031746032
