ConfigName: kjsd__advperagentrankweighted__M4__L8__eps0p005__g0p0007__ds0p05__dm0p2
Problem: QUBO
Kernel: jsd
Advantage: peragentrankweighted
M: 4
lambda: 8
epsilon_svgd: 0.005
gamma: 0.0007
decay_start_ratio: 0.05
decay_min_factor: 0.2
bandwith_kernel: None
no_interact: False
avg_score: -149.67999267578125
median_score: -150.0
std_score: 13.1885404586792
percentiles: 2%=-179.0, 5%=-179.0, 10%=-164.0, 25%=-156.25, 50%=-150.0, 75%=-141.0, 90%=-135.89999389648438, 95%=-130.89999389648438, 98%=-124.80000305175781
ranking_best_algo: CMApara
ranking_best_score: 154.28
ranking_my_rank: 76/504 (85.1%)
ranking_my_percent: 85.11904761904762
