ConfigName: kjsd__advperagentrankweighted__M5__L10__eps0p01__g0p003__ds0p2__dm0p05
Problem: QUBO
Kernel: jsd
Advantage: peragentrankweighted
M: 5
lambda: 10
epsilon_svgd: 0.01
gamma: 0.003
decay_start_ratio: 0.2
decay_min_factor: 0.05
bandwith_kernel: None
no_interact: False
avg_score: -203.25999450683594
median_score: -205.0
std_score: 11.906821250915527
percentiles: 2%=-224.0, 5%=-222.10000610351562, 10%=-219.10000610351562, 25%=-211.0, 50%=-205.0, 75%=-195.0, 90%=-186.89999389648438, 95%=-182.9499969482422, 98%=-179.0
ranking_best_algo: Tabu
ranking_best_score: 208.36000000000004
ranking_my_rank: 24/504 (95.4%)
ranking_my_percent: 95.43650793650794
