ConfigName: krbf__advnormalizedfitness__M4__L10__eps0p03__g0p01__ds0p15__dm0p05
Problem: NK
Kernel: rbf
Advantage: normalizedfitness
M: 4
lambda: 10
epsilon_svgd: 0.03
gamma: 0.01
decay_start_ratio: 0.15
decay_min_factor: 0.05
bandwith_kernel: None
no_interact: False
avg_score: 0.7449708580970764
median_score: 0.7423140406608582
std_score: 0.027687497437000275
percentiles: 2%=0.7057777047157288, 5%=0.7081754803657532, 10%=0.7102711200714111, 25%=0.71974116563797, 50%=0.7423140406608582, 75%=0.7580187320709229, 90%=0.778092622756958, 95%=0.8044298887252808, 98%=0.8045783638954163
ranking_best_algo: CMApara
ranking_best_score: 0.7459277895312499
ranking_my_rank: 2/504 (99.8%)
ranking_my_percent: 99.8015873015873
