ConfigName: krbf__advnormalizedfitness__M4__L12__eps0p033__g0p01__ds0p01__dm0p01
Problem: QUBO
Kernel: rbf
Advantage: normalizedfitness
M: 4
lambda: 12
epsilon_svgd: 0.033
gamma: 0.01
decay_start_ratio: 0.01
decay_min_factor: 0.01
bandwith_kernel: None
no_interact: False
avg_score: -926.2000122070312
median_score: -925.5
std_score: 63.30797576904297
percentiles: 2%=-1064.239990234375, 5%=-1028.699951171875, 10%=-1005.5999755859375, 25%=-971.0, 50%=-925.5, 75%=-880.75, 90%=-857.800048828125, 95%=-819.9500122070312, 98%=-806.39990234375
ranking_best_algo: CMApara
ranking_best_score: 964.9
ranking_my_rank: 21/504 (96.0%)
ranking_my_percent: 96.03174603174604
