ConfigName: kjsd__advperagentrankweighted__M4__L24__eps0p01__g0p0003__ds0p4__dm0p05
Problem: NK
Kernel: jsd
Advantage: peragentrankweighted
M: 4
lambda: 24
epsilon_svgd: 0.01
gamma: 0.0003
decay_start_ratio: 0.4
decay_min_factor: 0.05
bandwith_kernel: None
no_interact: False
avg_score: 0.7553102970123291
median_score: 0.7545658349990845
std_score: 0.011686860583722591
percentiles: 2%=0.7314430475234985, 5%=0.7355806231498718, 10%=0.7431297898292542, 25%=0.7473167181015015, 50%=0.7545658349990845, 75%=0.7634164094924927, 90%=0.7706920504570007, 95%=0.7745113968849182, 98%=0.7782061100006104
ranking_best_algo: Tabu
ranking_best_score: 0.7470791764843752
ranking_my_rank: 1/504 (100.0%)
ranking_my_percent: 100.0
