ConfigName: krbf__advnormalizedfitness__M3__L10__eps0p025__g0p015__ds0p3__dm0p01
Problem: QUBO
Kernel: rbf
Advantage: normalizedfitness
M: 3
lambda: 10
epsilon_svgd: 0.025
gamma: 0.015
decay_start_ratio: 0.3
decay_min_factor: 0.01
bandwith_kernel: None
no_interact: False
avg_score: -2907.780029296875
median_score: -2883.0
std_score: 227.72218322753906
percentiles: 2%=-3347.580078125, 5%=-3298.60009765625, 10%=-3233.0, 25%=-3073.0, 50%=-2883.0, 75%=-2740.0, 90%=-2627.199951171875, 95%=-2592.300048828125, 98%=-2539.139892578125
ranking_best_algo: RLSOnePlusOne
ranking_best_score: 3316.5199999999995
ranking_my_rank: 141/504 (72.2%)
ranking_my_percent: 72.22222222222223
