ConfigName: kjsd__advperagentrankweighted__M6__L28__eps0p005__g0p0005__ds0p05__dm0p05
Problem: NK
Kernel: jsd
Advantage: peragentrankweighted
M: 6
lambda: 28
epsilon_svgd: 0.005
gamma: 0.0005
decay_start_ratio: 0.05
decay_min_factor: 0.05
bandwith_kernel: None
no_interact: False
avg_score: 0.6748445630073547
median_score: 0.6725852489471436
std_score: 0.020483849570155144
percentiles: 2%=0.6425927877426147, 5%=0.6477892398834229, 10%=0.6517955660820007, 25%=0.6579346656799316, 50%=0.6725852489471436, 75%=0.6885242462158203, 90%=0.7023554444313049, 95%=0.7112043499946594, 98%=0.7202938795089722
ranking_best_algo: Tabu
ranking_best_score: 0.7429702712499999
ranking_my_rank: 307/504 (39.3%)
ranking_my_percent: 39.285714285714285
