ConfigName: krbf__advnormalizedfitness__M4__L12__eps0p025__g0p01__ds0p15__dm0p3
Problem: QUBO
Kernel: rbf
Advantage: normalizedfitness
M: 4
lambda: 12
epsilon_svgd: 0.025
gamma: 0.01
decay_start_ratio: 0.15
decay_min_factor: 0.3
bandwith_kernel: None
no_interact: False
avg_score: -326.260009765625
median_score: -327.0
std_score: 19.358007431030273
percentiles: 2%=-361.2200012207031, 5%=-354.0, 10%=-350.0, 25%=-340.25, 50%=-327.0, 75%=-313.5, 90%=-298.0, 95%=-290.0, 98%=-285.9599914550781
ranking_best_algo: CMApara
ranking_best_score: 344.22
ranking_my_rank: 113/504 (77.8%)
ranking_my_percent: 77.77777777777777
