ConfigName: kjsd__advperagentrankweighted__M3__L18__eps0p005__g0p003__ds0p2__dm0p2
Problem: QUBO
Kernel: jsd
Advantage: peragentrankweighted
M: 3
lambda: 18
epsilon_svgd: 0.005
gamma: 0.003
decay_start_ratio: 0.2
decay_min_factor: 0.2
bandwith_kernel: None
no_interact: False
avg_score: -400.1000061035156
median_score: -397.5
std_score: 32.29349899291992
percentiles: 2%=-461.0400085449219, 5%=-449.20001220703125, 10%=-447.0, 25%=-425.25, 50%=-397.5, 75%=-373.75, 90%=-359.0, 95%=-351.95001220703125, 98%=-340.9800109863281
ranking_best_algo: CMAL3
ranking_best_score: 435.36
ranking_my_rank: 235/504 (53.6%)
ranking_my_percent: 53.57142857142857
