ConfigName: kjsd__advperagentrankweighted__M3__L20__eps0p007__g0p001__ds0p05__dm0p05
Problem: NK
Kernel: jsd
Advantage: peragentrankweighted
M: 3
lambda: 20
epsilon_svgd: 0.007
gamma: 0.001
decay_start_ratio: 0.05
decay_min_factor: 0.05
bandwith_kernel: None
no_interact: False
avg_score: 0.7104570269584656
median_score: 0.7117385268211365
std_score: 0.015243656933307648
percentiles: 2%=0.6719853281974792, 5%=0.6736621856689453, 10%=0.6949335336685181, 25%=0.7076306343078613, 50%=0.7117385268211365, 75%=0.7184160947799683, 90%=0.7253768444061279, 95%=0.7325270175933838, 98%=0.7336934804916382
ranking_best_algo: CMApara
ranking_best_score: 0.707475975
ranking_my_rank: 1/504 (100.0%)
ranking_my_percent: 100.0
