ConfigName: kjsd__advperagentrankweighted__M10__L10__eps0p008__g0p0005__ds0p05__dm0p05
Problem: NK
Kernel: jsd
Advantage: peragentrankweighted
M: 10
lambda: 10
epsilon_svgd: 0.008
gamma: 0.0005
decay_start_ratio: 0.05
decay_min_factor: 0.05
bandwith_kernel: None
no_interact: False
avg_score: 0.7579612135887146
median_score: 0.758712649345398
std_score: 0.011809309013187885
percentiles: 2%=0.734432578086853, 5%=0.7359312772750854, 10%=0.7415425777435303, 25%=0.7496522068977356, 50%=0.758712649345398, 75%=0.7667058110237122, 90%=0.7722797989845276, 95%=0.7752331495285034, 98%=0.778647243976593
ranking_best_algo: Tabu
ranking_best_score: 0.7657846284375001
ranking_my_rank: 2/504 (99.8%)
ranking_my_percent: 99.8015873015873
