ConfigName: kfr__advglobalrankweighted__M1__L11__eps0p01__g0p007__ds0p01__dm0p01
Problem: QUBO
Kernel: fr
Advantage: globalrankweighted
M: 1
lambda: 11
epsilon_svgd: 0.01
gamma: 0.007
decay_start_ratio: 0.01
decay_min_factor: 0.01
bandwith_kernel: None
no_interact: False
avg_score: -3257.52001953125
median_score: -3247.5
std_score: 137.9817657470703
percentiles: 2%=-3560.320068359375, 5%=-3496.199951171875, 10%=-3427.0, 25%=-3357.75, 50%=-3247.5, 75%=-3168.75, 90%=-3077.5, 95%=-3032.75, 98%=-3014.93994140625
ranking_best_algo: RLSOnePlusOne
ranking_best_score: 3316.5199999999995
ranking_my_rank: 40/504 (92.3%)
ranking_my_percent: 92.26190476190476
