ConfigName: krbf__advnormalizedfitness__M2__L8__eps0p015__g0p01__ds0p15__dm0p01
Problem: QUBO
Kernel: rbf
Advantage: normalizedfitness
M: 2
lambda: 8
epsilon_svgd: 0.015
gamma: 0.01
decay_start_ratio: 0.15
decay_min_factor: 0.01
bandwith_kernel: None
no_interact: False
avg_score: -412.05999755859375
median_score: -412.0
std_score: 26.268543243408203
percentiles: 2%=-465.0799865722656, 5%=-454.1499938964844, 10%=-444.0, 25%=-428.25, 50%=-412.0, 75%=-394.0, 90%=-374.0, 95%=-367.8999938964844, 98%=-363.8800048828125
ranking_best_algo: Tabu
ranking_best_score: 438.12
ranking_my_rank: 72/504 (85.9%)
ranking_my_percent: 85.91269841269842
