ConfigName: krbf__advnormalizedfitness__M4__L15__eps0p015__g0p015__ds0p01__dm0p3
Problem: QUBO
Kernel: rbf
Advantage: normalizedfitness
M: 4
lambda: 15
epsilon_svgd: 0.015
gamma: 0.015
decay_start_ratio: 0.01
decay_min_factor: 0.3
bandwith_kernel: None
no_interact: False
avg_score: -482.7799987792969
median_score: -480.0
std_score: 49.49920654296875
percentiles: 2%=-608.0599975585938, 5%=-575.0999755859375, 10%=-553.5, 25%=-509.0, 50%=-480.0, 75%=-445.75, 90%=-422.8999938964844, 95%=-413.95001220703125, 98%=-409.659912109375
ranking_best_algo: CMAL3
ranking_best_score: 928.5800000000002
ranking_my_rank: 392/504 (22.4%)
ranking_my_percent: 22.42063492063492
