ConfigName: kjsd__advperagentrankweighted__M3__L24__eps0p007__g0p0005__ds0p2__dm0p2
Problem: QUBO
Kernel: jsd
Advantage: peragentrankweighted
M: 3
lambda: 24
epsilon_svgd: 0.007
gamma: 0.0005
decay_start_ratio: 0.2
decay_min_factor: 0.2
bandwith_kernel: None
no_interact: False
avg_score: -327.0
median_score: -330.0
std_score: 21.846738815307617
percentiles: 2%=-372.0, 5%=-361.54998779296875, 10%=-350.0, 25%=-341.0, 50%=-330.0, 75%=-312.0, 90%=-297.79998779296875, 95%=-285.79998779296875, 98%=-280.0
ranking_best_algo: CMApara
ranking_best_score: 344.22
ranking_my_rank: 111/504 (78.2%)
ranking_my_percent: 78.17460317460318
