ConfigName: krbf__advnormalizedfitness__M4__L12__eps0p033__g0p005__ds0p15__dm0p3
Problem: NK
Kernel: rbf
Advantage: normalizedfitness
M: 4
lambda: 12
epsilon_svgd: 0.033
gamma: 0.005
decay_start_ratio: 0.15
decay_min_factor: 0.3
bandwith_kernel: None
no_interact: False
avg_score: 0.6335307359695435
median_score: 0.6307957172393799
std_score: 0.0183380339294672
percentiles: 2%=0.6074265241622925, 5%=0.6101992130279541, 10%=0.6145036220550537, 25%=0.6203436851501465, 50%=0.6307957172393799, 75%=0.6410995721817017, 90%=0.6613563299179077, 95%=0.6720196604728699, 98%=0.676191508769989
ranking_best_algo: PBIL
ranking_best_score: 0.7170882103515624
ranking_my_rank: 305/504 (39.7%)
ranking_my_percent: 39.682539682539684
