ConfigName: kjsd__advperagentrankweighted__M5__L8__eps0p005__g0p0003__ds0p05__dm0p05
Problem: QUBO
Kernel: jsd
Advantage: peragentrankweighted
M: 5
lambda: 8
epsilon_svgd: 0.005
gamma: 0.0003
decay_start_ratio: 0.05
decay_min_factor: 0.05
bandwith_kernel: None
no_interact: False
avg_score: -918.719970703125
median_score: -921.0
std_score: 63.461971282958984
percentiles: 2%=-1040.1199951171875, 5%=-1022.1500244140625, 10%=-995.2000122070312, 25%=-967.0, 50%=-921.0, 75%=-870.0, 90%=-840.4000244140625, 95%=-824.9500122070312, 98%=-792.719970703125
ranking_best_algo: CMAL3
ranking_best_score: 928.5800000000002
ranking_my_rank: 10/504 (98.2%)
ranking_my_percent: 98.21428571428571
