ConfigName: kjsd__advperagentrankweighted__M4__L10__eps0p005__g0p0007__ds0p05__dm0p05
Problem: NK
Kernel: jsd
Advantage: peragentrankweighted
M: 4
lambda: 10
epsilon_svgd: 0.005
gamma: 0.0007
decay_start_ratio: 0.05
decay_min_factor: 0.05
bandwith_kernel: None
no_interact: False
avg_score: 0.7351896166801453
median_score: 0.737154483795166
std_score: 0.008814068511128426
percentiles: 2%=0.7164035439491272, 5%=0.718833863735199, 10%=0.7221471071243286, 25%=0.7297238111495972, 50%=0.737154483795166, 75%=0.742042064666748, 90%=0.7456904649734497, 95%=0.7469100952148438, 98%=0.7498005032539368
ranking_best_algo: PBIL
ranking_best_score: 0.7248786399609374
ranking_my_rank: 1/504 (100.0%)
ranking_my_percent: 100.0
