ConfigName: kjsd__advperagentrankweighted__M3__L18__eps0p01__g0p001__ds0p05__dm0p2
Problem: QUBO
Kernel: jsd
Advantage: peragentrankweighted
M: 3
lambda: 18
epsilon_svgd: 0.01
gamma: 0.001
decay_start_ratio: 0.05
decay_min_factor: 0.2
bandwith_kernel: None
no_interact: False
avg_score: -1186.739990234375
median_score: -1186.5
std_score: 56.24724197387695
percentiles: 2%=-1307.199951171875, 5%=-1264.8499755859375, 10%=-1255.5999755859375, 25%=-1219.75, 50%=-1186.5, 75%=-1149.25, 90%=-1110.9000244140625, 95%=-1102.949951171875, 98%=-1098.56005859375
ranking_best_algo: Tabu
ranking_best_score: 1216.16
ranking_my_rank: 64/504 (87.5%)
ranking_my_percent: 87.5
