ConfigName: kjsd__advperagentrankweighted__M5__L8__eps0p01__g0p003__ds0p4__dm0p05
Problem: QUBO
Kernel: jsd
Advantage: peragentrankweighted
M: 5
lambda: 8
epsilon_svgd: 0.01
gamma: 0.003
decay_start_ratio: 0.4
decay_min_factor: 0.05
bandwith_kernel: None
no_interact: False
avg_score: -2494.39990234375
median_score: -2513.5
std_score: 150.5313262939453
percentiles: 2%=-2744.699951171875, 5%=-2720.60009765625, 10%=-2668.800048828125, 25%=-2592.0, 50%=-2513.5, 75%=-2413.5, 90%=-2265.0, 95%=-2218.75, 98%=-2167.919921875
ranking_best_algo: DiscreteLengler2OnePlusOne
ranking_best_score: 2617.04
ranking_my_rank: 76/504 (85.1%)
ranking_my_percent: 85.11904761904762
