ConfigName: kfr__advglobalrankweighted__M4__L5__eps0p01__g0p005__ds0p01__dm0p01
Problem: QUBO
Kernel: fr
Advantage: globalrankweighted
M: 4
lambda: 5
epsilon_svgd: 0.01
gamma: 0.005
decay_start_ratio: 0.01
decay_min_factor: 0.01
bandwith_kernel: None
no_interact: False
avg_score: -416.6000061035156
median_score: -418.0
std_score: 25.511566162109375
percentiles: 2%=-465.0799865722656, 5%=-452.1000061035156, 10%=-451.1000061035156, 25%=-433.75, 50%=-418.0, 75%=-400.0, 90%=-383.79998779296875, 95%=-373.4000549316406, 98%=-356.0
ranking_best_algo: Tabu
ranking_best_score: 438.12
ranking_my_rank: 43/504 (91.7%)
ranking_my_percent: 91.66666666666667
