ConfigName: kjsd__advperagentrankweighted__M3__L30__eps0p005__g0p0005__ds0p1__dm0p1
Problem: NK
Kernel: jsd
Advantage: peragentrankweighted
M: 3
lambda: 30
epsilon_svgd: 0.005
gamma: 0.0005
decay_start_ratio: 0.1
decay_min_factor: 0.1
bandwith_kernel: None
no_interact: False
avg_score: 0.7328498959541321
median_score: 0.7323070168495178
std_score: 0.010017954744398594
percentiles: 2%=0.7151010632514954, 5%=0.718161940574646, 10%=0.7197346687316895, 25%=0.7255803346633911, 50%=0.7323070168495178, 75%=0.7383200526237488, 90%=0.7457802295684814, 95%=0.7503314018249512, 98%=0.7536033987998962
ranking_best_algo: Tabu
ranking_best_score: 0.7429702712499999
ranking_my_rank: 2/504 (99.8%)
ranking_my_percent: 99.8015873015873
