ConfigName: krbf__advnormalizedfitness__M3__L15__eps0p025__g0p007__ds0p3__dm0p01
Problem: QUBO
Kernel: rbf
Advantage: normalizedfitness
M: 3
lambda: 15
epsilon_svgd: 0.025
gamma: 0.007
decay_start_ratio: 0.3
decay_min_factor: 0.01
bandwith_kernel: None
no_interact: False
avg_score: -443.94000244140625
median_score: -450.0
std_score: 24.612119674682617
percentiles: 2%=-494.0400085449219, 5%=-475.6999816894531, 10%=-472.0, 25%=-461.0, 50%=-450.0, 75%=-425.75, 90%=-410.0, 95%=-404.0, 98%=-398.7999572753906
ranking_best_algo: CMApara
ranking_best_score: 453.82
ranking_my_rank: 6/504 (99.0%)
ranking_my_percent: 99.0079365079365
