ConfigName: kjsd__advperagentrankweighted__M5__L8__eps0p01__g0p0003__ds0p05__dm0p05
Problem: QUBO
Kernel: jsd
Advantage: peragentrankweighted
M: 5
lambda: 8
epsilon_svgd: 0.01
gamma: 0.0003
decay_start_ratio: 0.05
decay_min_factor: 0.05
bandwith_kernel: None
no_interact: False
avg_score: -578.0599975585938
median_score: -577.0
std_score: 25.870376586914062
percentiles: 2%=-629.0399780273438, 5%=-621.0, 10%=-615.0, 25%=-599.5, 50%=-577.0, 75%=-562.5, 90%=-544.9000244140625, 95%=-540.0, 98%=-537.5800170898438
ranking_best_algo: Tabu
ranking_best_score: 588.7199999999999
ranking_my_rank: 42/503 (91.8%)
ranking_my_percent: 91.84890656063618
