ConfigName: kjsd__advperagentrankweighted__M3__L16__eps0p007__g0p001__ds0p1__dm0p2
Problem: QUBO
Kernel: jsd
Advantage: peragentrankweighted
M: 3
lambda: 16
epsilon_svgd: 0.007
gamma: 0.001
decay_start_ratio: 0.1
decay_min_factor: 0.2
bandwith_kernel: None
no_interact: False
avg_score: -439.8800048828125
median_score: -439.0
std_score: 27.59539031982422
percentiles: 2%=-489.05999755859375, 5%=-485.0, 10%=-472.29998779296875, 25%=-457.0, 50%=-439.0, 75%=-422.0, 90%=-399.79998779296875, 95%=-392.95001220703125, 98%=-382.9800109863281
ranking_best_algo: CMApara
ranking_best_score: 453.82
ranking_my_rank: 16/504 (97.0%)
ranking_my_percent: 97.02380952380952
