ConfigName: krbf__advnormalizedfitness__M3__L12__eps0p025__g0p01__ds0p3__dm0p01
Problem: QUBO
Kernel: rbf
Advantage: normalizedfitness
M: 3
lambda: 12
epsilon_svgd: 0.025
gamma: 0.01
decay_start_ratio: 0.3
decay_min_factor: 0.01
bandwith_kernel: None
no_interact: False
avg_score: -3057.860107421875
median_score: -3055.0
std_score: 211.94448852539062
percentiles: 2%=-3492.360107421875, 5%=-3389.60009765625, 10%=-3342.89990234375, 25%=-3221.75, 50%=-3055.0, 75%=-2911.25, 90%=-2788.800048828125, 95%=-2702.449951171875, 98%=-2619.23974609375
ranking_best_algo: RLSOnePlusOne
ranking_best_score: 3316.5199999999995
ranking_my_rank: 92/504 (81.9%)
ranking_my_percent: 81.94444444444444
