ConfigName: krbf__advnormalizedfitness__M3__L15__eps0p015__g0p01__ds0p01__dm0p01
Problem: NK
Kernel: rbf
Advantage: normalizedfitness
M: 3
lambda: 15
epsilon_svgd: 0.015
gamma: 0.01
decay_start_ratio: 0.01
decay_min_factor: 0.01
bandwith_kernel: None
no_interact: False
avg_score: 0.751503586769104
median_score: 0.7557930946350098
std_score: 0.014344240538775921
percentiles: 2%=0.7219291925430298, 5%=0.7266614437103271, 10%=0.730762779712677, 25%=0.7398197054862976, 50%=0.7557930946350098, 75%=0.7618309259414673, 90%=0.76734858751297, 95%=0.7704606652259827, 98%=0.7721287608146667
ranking_best_algo: Tabu
ranking_best_score: 0.7657846284375001
ranking_my_rank: 15/504 (97.2%)
ranking_my_percent: 97.22222222222223
