ConfigName: kfr__advglobalrankweighted__M6__L7__eps0p02__g0p003__ds0p01__dm0p01
Problem: QUBO
Kernel: fr
Advantage: globalrankweighted
M: 6
lambda: 7
epsilon_svgd: 0.02
gamma: 0.003
decay_start_ratio: 0.01
decay_min_factor: 0.01
bandwith_kernel: None
no_interact: False
avg_score: -3130.43994140625
median_score: -3115.5
std_score: 133.2241973876953
percentiles: 2%=-3448.320068359375, 5%=-3366.39990234375, 10%=-3298.199951171875, 25%=-3214.0, 50%=-3115.5, 75%=-3037.0, 90%=-2983.89990234375, 95%=-2943.400146484375, 98%=-2877.27978515625
ranking_best_algo: RLSOnePlusOne
ranking_best_score: 3316.5199999999995
ranking_my_rank: 77/504 (84.9%)
ranking_my_percent: 84.92063492063492
