ConfigName: kjsd__advperagentrankweighted__M5__L10__eps0p005__g0p003__ds0p05__dm0p2
Problem: QUBO
Kernel: jsd
Advantage: peragentrankweighted
M: 5
lambda: 10
epsilon_svgd: 0.005
gamma: 0.003
decay_start_ratio: 0.05
decay_min_factor: 0.2
bandwith_kernel: None
no_interact: False
avg_score: -147.63999938964844
median_score: -145.0
std_score: 12.762068748474121
percentiles: 2%=-179.0, 5%=-177.10000610351562, 10%=-164.0, 25%=-154.25, 50%=-145.0, 75%=-139.0, 90%=-133.89999389648438, 95%=-130.89999389648438, 98%=-126.9800033569336
ranking_best_algo: CMApara
ranking_best_score: 154.28
ranking_my_rank: 94/504 (81.5%)
ranking_my_percent: 81.54761904761905
