ConfigName: krbf__advnormalizedfitness__M3__L12__eps0p033__g0p005__ds0p01__dm0p3
Problem: QUBO
Kernel: rbf
Advantage: normalizedfitness
M: 3
lambda: 12
epsilon_svgd: 0.033
gamma: 0.005
decay_start_ratio: 0.01
decay_min_factor: 0.3
bandwith_kernel: None
no_interact: False
avg_score: -1223.760009765625
median_score: -1220.0
std_score: 68.46460723876953
percentiles: 2%=-1390.02001953125, 5%=-1360.050048828125, 10%=-1311.5, 25%=-1261.5, 50%=-1220.0, 75%=-1177.25, 90%=-1140.699951171875, 95%=-1132.550048828125, 98%=-1113.93994140625
ranking_best_algo: SVMMetaModelLogNormal
ranking_best_score: 1233.7999999999997
ranking_my_rank: 14/504 (97.4%)
ranking_my_percent: 97.42063492063492
