ConfigName: kjsd__advperagentrankweighted__M5__L10__eps0p01__g0p0005__ds0p05__dm0p05
Problem: NK
Kernel: jsd
Advantage: peragentrankweighted
M: 5
lambda: 10
epsilon_svgd: 0.01
gamma: 0.0005
decay_start_ratio: 0.05
decay_min_factor: 0.05
bandwith_kernel: None
no_interact: False
avg_score: 0.7069224715232849
median_score: 0.7096582651138306
std_score: 0.01210840418934822
percentiles: 2%=0.687104344367981, 5%=0.6888116598129272, 10%=0.6923149228096008, 25%=0.6957586407661438, 50%=0.7096582651138306, 75%=0.7169370055198669, 90%=0.7213361859321594, 95%=0.7236443758010864, 98%=0.724806547164917
ranking_best_algo: PBIL
ranking_best_score: 0.7013553837109374
ranking_my_rank: 1/504 (100.0%)
ranking_my_percent: 100.0
