ConfigName: kjsd__advperagentrankweighted__M8__L12__eps0p008__g0p0005__ds0p3__dm0p05
Problem: QUBO
Kernel: jsd
Advantage: peragentrankweighted
M: 8
lambda: 12
epsilon_svgd: 0.008
gamma: 0.0005
decay_start_ratio: 0.3
decay_min_factor: 0.05
bandwith_kernel: None
no_interact: False
avg_score: -2439.4599609375
median_score: -2416.5
std_score: 140.51272583007812
percentiles: 2%=-2657.340087890625, 5%=-2653.050048828125, 10%=-2628.300048828125, 25%=-2557.75, 50%=-2416.5, 75%=-2343.25, 90%=-2267.60009765625, 95%=-2224.64990234375, 98%=-2194.760009765625
ranking_best_algo: SVM1MetaModelLogNormal
ranking_best_score: 2605.14
ranking_my_rank: 89/504 (82.5%)
ranking_my_percent: 82.53968253968254
