ConfigName: krbf__advnormalizedfitness__M4__L24__eps0p03__g0p01__ds0p05__dm0p05
Problem: QUBO
Kernel: rbf
Advantage: normalizedfitness
M: 4
lambda: 24
epsilon_svgd: 0.03
gamma: 0.01
decay_start_ratio: 0.05
decay_min_factor: 0.05
bandwith_kernel: None
no_interact: False
avg_score: -1770.0999755859375
median_score: -1767.5
std_score: 241.0560760498047
percentiles: 2%=-2258.06005859375, 5%=-2187.35009765625, 10%=-2137.10009765625, 25%=-1898.0, 50%=-1767.5, 75%=-1594.25, 90%=-1482.300048828125, 95%=-1401.75, 98%=-1333.280029296875
ranking_best_algo: RLSOnePlusOne
ranking_best_score: 3316.5199999999995
ranking_my_rank: 326/504 (35.5%)
ranking_my_percent: 35.51587301587302
