ConfigName: krbf__advnormalizedfitness__M3__L12__eps0p025__g0p005__ds0p15__dm0p01
Problem: NK
Kernel: rbf
Advantage: normalizedfitness
M: 3
lambda: 12
epsilon_svgd: 0.025
gamma: 0.005
decay_start_ratio: 0.15
decay_min_factor: 0.01
bandwith_kernel: None
no_interact: False
avg_score: 0.7074181437492371
median_score: 0.7098566889762878
std_score: 0.012090127915143967
percentiles: 2%=0.6879959106445312, 5%=0.6885921955108643, 10%=0.691314160823822, 25%=0.6958407163619995, 50%=0.7098566889762878, 75%=0.7182958126068115, 90%=0.7216768264770508, 95%=0.7229169011116028, 98%=0.7242054343223572
ranking_best_algo: PBIL
ranking_best_score: 0.7013553837109374
ranking_my_rank: 1/504 (100.0%)
ranking_my_percent: 100.0
