ConfigName: kjsd__advperagentrankweighted__M3__L16__eps0p005__g0p0007__ds0p2__dm0p2
Problem: QUBO
Kernel: jsd
Advantage: peragentrankweighted
M: 3
lambda: 16
epsilon_svgd: 0.005
gamma: 0.0007
decay_start_ratio: 0.2
decay_min_factor: 0.2
bandwith_kernel: None
no_interact: False
avg_score: -1304.719970703125
median_score: -1297.0
std_score: 59.038814544677734
percentiles: 2%=-1446.02001953125, 5%=-1417.1500244140625, 10%=-1390.199951171875, 25%=-1339.5, 50%=-1297.0, 75%=-1269.0, 90%=-1237.800048828125, 95%=-1213.0, 98%=-1198.719970703125
ranking_best_algo: BigLognormalDiscreteOnePlusOne
ranking_best_score: 1301.3600000000004
ranking_my_rank: 1/504 (100.0%)
ranking_my_percent: 100.0
