ConfigName: krbf__advnormalizedfitness__M4__L8__eps0p033__g0p015__ds0p15__dm0p3
Problem: QUBO
Kernel: rbf
Advantage: normalizedfitness
M: 4
lambda: 8
epsilon_svgd: 0.033
gamma: 0.015
decay_start_ratio: 0.15
decay_min_factor: 0.3
bandwith_kernel: None
no_interact: False
avg_score: -331.6400146484375
median_score: -334.0
std_score: 18.53727149963379
percentiles: 2%=-372.0, 5%=-361.25, 10%=-352.1000061035156, 25%=-343.0, 50%=-334.0, 75%=-319.5, 90%=-306.0, 95%=-300.0, 98%=-293.7999572753906
ranking_best_algo: CMApara
ranking_best_score: 344.22
ranking_my_rank: 76/504 (85.1%)
ranking_my_percent: 85.11904761904762
