ConfigName: krbf__advnormalizedfitness__M4__L8__eps0p033__g0p005__ds0p01__dm0p3
Problem: QUBO
Kernel: rbf
Advantage: normalizedfitness
M: 4
lambda: 8
epsilon_svgd: 0.033
gamma: 0.005
decay_start_ratio: 0.01
decay_min_factor: 0.3
bandwith_kernel: None
no_interact: False
avg_score: -138.47999572753906
median_score: -139.5
std_score: 11.444194793701172
percentiles: 2%=-159.02000427246094, 5%=-158.0, 10%=-155.10000610351562, 25%=-146.0, 50%=-139.5, 75%=-131.0, 90%=-123.9000015258789, 95%=-120.95000457763672, 98%=-118.87997436523438
ranking_best_algo: DiscreteDE
ranking_best_score: 143.4
ranking_my_rank: 104/504 (79.6%)
ranking_my_percent: 79.56349206349206
