ConfigName: krbf__advnormalizedfitness__M1__L10__eps0p015__g0p007__ds0p01__dm0p01
Problem: NK
Kernel: rbf
Advantage: normalizedfitness
M: 1
lambda: 10
epsilon_svgd: 0.015
gamma: 0.007
decay_start_ratio: 0.01
decay_min_factor: 0.01
bandwith_kernel: None
no_interact: False
avg_score: 0.7093684673309326
median_score: 0.6985265016555786
std_score: 0.03198166936635971
percentiles: 2%=0.6688002347946167, 5%=0.6708652973175049, 10%=0.6753018498420715, 25%=0.6806445121765137, 50%=0.6985265016555786, 75%=0.745019793510437, 90%=0.7526456713676453, 95%=0.7613165378570557, 98%=0.7613165378570557
ranking_best_algo: CMApara
ranking_best_score: 0.7118996098437498
ranking_my_rank: 54/504 (89.5%)
ranking_my_percent: 89.48412698412699
