ConfigName: kjsd__advperagentrankweighted__M5__L12__eps0p02__g0p0005__ds0p2__dm0p05
Problem: QUBO
Kernel: jsd
Advantage: peragentrankweighted
M: 5
lambda: 12
epsilon_svgd: 0.02
gamma: 0.0005
decay_start_ratio: 0.2
decay_min_factor: 0.05
bandwith_kernel: None
no_interact: False
avg_score: -2576.06005859375
median_score: -2570.0
std_score: 117.95268249511719
percentiles: 2%=-2814.02001953125, 5%=-2756.60009765625, 10%=-2736.199951171875, 25%=-2657.25, 50%=-2570.0, 75%=-2494.5, 90%=-2447.800048828125, 95%=-2391.949951171875, 98%=-2342.89990234375
ranking_best_algo: SVM1MetaModelLogNormal
ranking_best_score: 2605.14
ranking_my_rank: 14/504 (97.4%)
ranking_my_percent: 97.42063492063492
