ConfigName: kjsd__advperagentrankweighted__M6__L8__eps0p03__g0p0007__ds0p05__dm0p05
Problem: QUBO
Kernel: jsd
Advantage: peragentrankweighted
M: 6
lambda: 8
epsilon_svgd: 0.03
gamma: 0.0007
decay_start_ratio: 0.05
decay_min_factor: 0.05
bandwith_kernel: None
no_interact: False
avg_score: -2613.60009765625
median_score: -2613.5
std_score: 114.55670166015625
percentiles: 2%=-2843.340087890625, 5%=-2786.10009765625, 10%=-2760.5, 25%=-2698.25, 50%=-2613.5, 75%=-2532.5, 90%=-2463.199951171875, 95%=-2407.89990234375, 98%=-2387.679931640625
ranking_best_algo: DiscreteLengler2OnePlusOne
ranking_best_score: 2617.04
ranking_my_rank: 2/504 (99.8%)
ranking_my_percent: 99.8015873015873
