ConfigName: kfr__advglobalrankweighted__M3__L11__eps0p01__g0p007__ds0p01__dm0p01
Problem: QUBO
Kernel: fr
Advantage: globalrankweighted
M: 3
lambda: 11
epsilon_svgd: 0.01
gamma: 0.007
decay_start_ratio: 0.01
decay_min_factor: 0.01
bandwith_kernel: None
no_interact: False
avg_score: -3144.719970703125
median_score: -3138.0
std_score: 148.7010498046875
percentiles: 2%=-3433.52001953125, 5%=-3407.5, 10%=-3353.89990234375, 25%=-3225.5, 50%=-3138.0, 75%=-3054.25, 90%=-2978.199951171875, 95%=-2925.050048828125, 98%=-2777.2998046875
ranking_best_algo: RLSOnePlusOne
ranking_best_score: 3316.5199999999995
ranking_my_rank: 66/504 (87.1%)
ranking_my_percent: 87.10317460317461
