ConfigName: kjsd__advperagentrankweighted__M4__L24__eps0p03__g0p0007__ds0p05__dm0p05
Problem: QUBO
Kernel: jsd
Advantage: peragentrankweighted
M: 4
lambda: 24
epsilon_svgd: 0.03
gamma: 0.0007
decay_start_ratio: 0.05
decay_min_factor: 0.05
bandwith_kernel: None
no_interact: False
avg_score: -436.1600036621094
median_score: -436.5
std_score: 27.029136657714844
percentiles: 2%=-489.0, 5%=-481.0, 10%=-469.1000061035156, 25%=-455.0, 50%=-436.5, 75%=-414.5, 90%=-398.8999938964844, 95%=-392.95001220703125, 98%=-383.7799987792969
ranking_best_algo: CMApara
ranking_best_score: 453.82
ranking_my_rank: 30/504 (94.2%)
ranking_my_percent: 94.24603174603175
