ConfigName: krbf__advnormalizedfitness__M1__L8__eps0p015__g0p015__ds0p3__dm0p3
Problem: QUBO
Kernel: rbf
Advantage: normalizedfitness
M: 1
lambda: 8
epsilon_svgd: 0.015
gamma: 0.015
decay_start_ratio: 0.3
decay_min_factor: 0.3
bandwith_kernel: None
no_interact: False
avg_score: -401.5400085449219
median_score: -398.5
std_score: 31.96229362487793
percentiles: 2%=-455.239990234375, 5%=-454.0, 10%=-443.1000061035156, 25%=-425.25, 50%=-398.5, 75%=-379.5, 90%=-362.0, 95%=-358.0, 98%=-344.0
ranking_best_algo: Tabu
ranking_best_score: 438.12
ranking_my_rank: 224/504 (55.8%)
ranking_my_percent: 55.75396825396825
