ConfigName: kjsd__advperagentrankweighted__M3__L24__eps0p007__g0p0005__ds0p05__dm0p2
Problem: QUBO
Kernel: jsd
Advantage: peragentrankweighted
M: 3
lambda: 24
epsilon_svgd: 0.007
gamma: 0.0005
decay_start_ratio: 0.05
decay_min_factor: 0.2
bandwith_kernel: None
no_interact: False
avg_score: -573.9199829101562
median_score: -577.0
std_score: 26.680959701538086
percentiles: 2%=-625.2000122070312, 5%=-616.0, 10%=-605.0, 25%=-591.0, 50%=-577.0, 75%=-555.75, 90%=-537.0, 95%=-529.8499755859375, 98%=-525.9199829101562
ranking_best_algo: Tabu
ranking_best_score: 588.7199999999999
ranking_my_rank: 61/503 (88.1%)
ranking_my_percent: 88.07157057654075
