ConfigName: krbf__advnormalizedfitness__M1__L10__eps0p015__g0p015__ds0p01__dm0p3
Problem: QUBO
Kernel: rbf
Advantage: normalizedfitness
M: 1
lambda: 10
epsilon_svgd: 0.015
gamma: 0.015
decay_start_ratio: 0.01
decay_min_factor: 0.3
bandwith_kernel: None
no_interact: False
avg_score: -2606.52001953125
median_score: -2603.0
std_score: 128.6056365966797
percentiles: 2%=-2830.199951171875, 5%=-2809.35009765625, 10%=-2787.5, 25%=-2689.0, 50%=-2603.0, 75%=-2530.75, 90%=-2455.89990234375, 95%=-2424.7001953125, 98%=-2328.599609375
ranking_best_algo: DiscreteLengler2OnePlusOne
ranking_best_score: 2617.04
ranking_my_rank: 2/504 (99.8%)
ranking_my_percent: 99.8015873015873
