ConfigName: kfr__advglobalrankweighted__M5__L8__eps0p02__g0p003__ds0p01__dm0p01
Problem: QUBO
Kernel: fr
Advantage: globalrankweighted
M: 5
lambda: 8
epsilon_svgd: 0.02
gamma: 0.003
decay_start_ratio: 0.01
decay_min_factor: 0.01
bandwith_kernel: None
no_interact: False
avg_score: -935.6799926757812
median_score: -935.0
std_score: 66.58165740966797
percentiles: 2%=-1074.0, 5%=-1048.8499755859375, 10%=-1025.0, 25%=-975.0, 50%=-935.0, 75%=-888.5, 90%=-853.5999755859375, 95%=-836.7000122070312, 98%=-822.639892578125
ranking_best_algo: CMApara
ranking_best_score: 964.9
ranking_my_rank: 15/504 (97.2%)
ranking_my_percent: 97.22222222222223
