ConfigName: kjsd__advperagentrankweighted__M3__L18__eps0p005__g0p0005__ds0p1__dm0p1
Problem: NK
Kernel: jsd
Advantage: peragentrankweighted
M: 3
lambda: 18
epsilon_svgd: 0.005
gamma: 0.0005
decay_start_ratio: 0.1
decay_min_factor: 0.1
bandwith_kernel: None
no_interact: False
avg_score: 0.7429847121238708
median_score: 0.7408971786499023
std_score: 0.028968192636966705
percentiles: 2%=0.697283923625946, 5%=0.706815779209137, 10%=0.709905743598938, 25%=0.7200228571891785, 50%=0.7408971786499023, 75%=0.7583327293395996, 90%=0.7766762971878052, 95%=0.8044298887252808, 98%=0.8118547797203064
ranking_best_algo: CMApara
ranking_best_score: 0.7459277895312499
ranking_my_rank: 13/504 (97.6%)
ranking_my_percent: 97.61904761904762
