ConfigName: kjsd__advperagentrankweighted__M3__L18__eps0p007__g0p003__ds0p1__dm0p05
Problem: NK
Kernel: jsd
Advantage: peragentrankweighted
M: 3
lambda: 18
epsilon_svgd: 0.007
gamma: 0.003
decay_start_ratio: 0.1
decay_min_factor: 0.05
bandwith_kernel: None
no_interact: False
avg_score: 0.7108358144760132
median_score: 0.7113377451896667
std_score: 0.015261492691934109
percentiles: 2%=0.6720545887947083, 5%=0.6735758781433105, 10%=0.6973229050636292, 25%=0.7081234455108643, 50%=0.7113377451896667, 75%=0.7204381823539734, 90%=0.7255152463912964, 95%=0.732811689376831, 98%=0.7332667112350464
ranking_best_algo: CMApara
ranking_best_score: 0.707475975
ranking_my_rank: 1/504 (100.0%)
ranking_my_percent: 100.0
