ConfigName: kjsd__advperagentrankweighted__M5__L10__eps0p01__g0p0005__ds0p4__dm0p2
Problem: NK
Kernel: jsd
Advantage: peragentrankweighted
M: 5
lambda: 10
epsilon_svgd: 0.01
gamma: 0.0005
decay_start_ratio: 0.4
decay_min_factor: 0.2
bandwith_kernel: None
no_interact: False
avg_score: 0.7096109986305237
median_score: 0.7109482288360596
std_score: 0.015143593773245811
percentiles: 2%=0.671090304851532, 5%=0.6726368069648743, 10%=0.6942242980003357, 25%=0.7067444324493408, 50%=0.7109482288360596, 75%=0.7190147638320923, 90%=0.7252732515335083, 95%=0.7316304445266724, 98%=0.7324527502059937
ranking_best_algo: CMApara
ranking_best_score: 0.707475975
ranking_my_rank: 1/504 (100.0%)
ranking_my_percent: 100.0
