ConfigName: krbf__advnormalizedfitness__M3__L8__eps0p015__g0p005__ds0p01__dm0p01
Problem: NK
Kernel: rbf
Advantage: normalizedfitness
M: 3
lambda: 8
epsilon_svgd: 0.015
gamma: 0.005
decay_start_ratio: 0.01
decay_min_factor: 0.01
bandwith_kernel: None
no_interact: False
avg_score: 0.7084996104240417
median_score: 0.7074711918830872
std_score: 0.014997050166130066
percentiles: 2%=0.6788443922996521, 5%=0.6848785877227783, 10%=0.691498339176178, 25%=0.6987239122390747, 50%=0.7074711918830872, 75%=0.7193965911865234, 90%=0.7290039658546448, 95%=0.7327538132667542, 98%=0.7335613965988159
ranking_best_algo: PBIL
ranking_best_score: 0.7170882103515624
ranking_my_rank: 54/504 (89.5%)
ranking_my_percent: 89.48412698412699
