ConfigName: kjsd__advperagentrankweighted__M3__L18__eps0p007__g0p0007__ds0p2__dm0p05
Problem: QUBO
Kernel: jsd
Advantage: peragentrankweighted
M: 3
lambda: 18
epsilon_svgd: 0.007
gamma: 0.0007
decay_start_ratio: 0.2
decay_min_factor: 0.05
bandwith_kernel: None
no_interact: False
avg_score: -1627.9000244140625
median_score: -1627.0
std_score: 57.95730972290039
percentiles: 2%=-1738.06005859375, 5%=-1721.5, 10%=-1696.4000244140625, 25%=-1673.0, 50%=-1627.0, 75%=-1583.0, 90%=-1559.5, 95%=-1537.8499755859375, 98%=-1502.8800048828125
ranking_best_algo: NLOPT_LN_PRAXIS
ranking_best_score: 1607.12
ranking_my_rank: 1/504 (100.0%)
ranking_my_percent: 100.0
