ConfigName: krbf__advnormalizedfitness__M3__L8__eps0p033__g0p007__ds0p01__dm0p01
Problem: QUBO
Kernel: rbf
Advantage: normalizedfitness
M: 3
lambda: 8
epsilon_svgd: 0.033
gamma: 0.007
decay_start_ratio: 0.01
decay_min_factor: 0.01
bandwith_kernel: None
no_interact: False
avg_score: -138.44000244140625
median_score: -139.0
std_score: 11.437063217163086
percentiles: 2%=-159.02000427246094, 5%=-157.0, 10%=-152.0, 25%=-146.0, 50%=-139.0, 75%=-129.75, 90%=-124.9000015258789, 95%=-118.90000915527344, 98%=-112.95999145507812
ranking_best_algo: DiscreteDE
ranking_best_score: 143.4
ranking_my_rank: 104/504 (79.6%)
ranking_my_percent: 79.56349206349206
