ConfigName: kjsd__advperagentrankweighted__M8__L10__eps0p008__g0p0005__ds0p3__dm0p05
Problem: NK
Kernel: jsd
Advantage: peragentrankweighted
M: 8
lambda: 10
epsilon_svgd: 0.008
gamma: 0.0005
decay_start_ratio: 0.3
decay_min_factor: 0.05
bandwith_kernel: None
no_interact: False
avg_score: 0.7436657547950745
median_score: 0.7425166368484497
std_score: 0.012019520625472069
percentiles: 2%=0.7224525809288025, 5%=0.7255763411521912, 10%=0.728933572769165, 25%=0.7351213097572327, 50%=0.7425166368484497, 75%=0.752945065498352, 90%=0.7604305744171143, 95%=0.7634522914886475, 98%=0.7714219093322754
ranking_best_algo: Tabu
ranking_best_score: 0.7601875690625
ranking_my_rank: 7/504 (98.8%)
ranking_my_percent: 98.80952380952381
