ConfigName: kfr__advglobalrankweighted__M2__L9__eps0p015__g0p005__ds0p01__dm0p01
Problem: NK
Kernel: fr
Advantage: globalrankweighted
M: 2
lambda: 9
epsilon_svgd: 0.015
gamma: 0.005
decay_start_ratio: 0.01
decay_min_factor: 0.01
bandwith_kernel: None
no_interact: False
avg_score: 0.7093191742897034
median_score: 0.7109487056732178
std_score: 0.015435364097356796
percentiles: 2%=0.6696334481239319, 5%=0.6711277365684509, 10%=0.6932856440544128, 25%=0.706103503704071, 50%=0.7109487056732178, 75%=0.7184562087059021, 90%=0.7249350547790527, 95%=0.7310737371444702, 98%=0.7332572937011719
ranking_best_algo: CMApara
ranking_best_score: 0.707475975
ranking_my_rank: 1/504 (100.0%)
ranking_my_percent: 100.0
