ConfigName: kjsd__advperagentrankweighted__M5__L24__eps0p03__g0p0007__ds0p05__dm0p05
Problem: QUBO
Kernel: jsd
Advantage: peragentrankweighted
M: 5
lambda: 24
epsilon_svgd: 0.03
gamma: 0.0007
decay_start_ratio: 0.05
decay_min_factor: 0.05
bandwith_kernel: None
no_interact: False
avg_score: -2656.840087890625
median_score: -2654.0
std_score: 130.066650390625
percentiles: 2%=-2892.43994140625, 5%=-2885.10009765625, 10%=-2835.800048828125, 25%=-2745.0, 50%=-2654.0, 75%=-2562.25, 90%=-2487.300048828125, 95%=-2423.89990234375, 98%=-2398.9599609375
ranking_best_algo: DiscreteLengler2OnePlusOne
ranking_best_score: 2617.04
ranking_my_rank: 1/504 (100.0%)
ranking_my_percent: 100.0
