ConfigName: kjsd__advperagentrankweighted__M3__L18__eps0p007__g0p0007__ds0p05__dm0p1
Problem: NK
Kernel: jsd
Advantage: peragentrankweighted
M: 3
lambda: 18
epsilon_svgd: 0.007
gamma: 0.0007
decay_start_ratio: 0.05
decay_min_factor: 0.1
bandwith_kernel: None
no_interact: False
avg_score: 0.7487636804580688
median_score: 0.7484567761421204
std_score: 0.009751851670444012
percentiles: 2%=0.7262769937515259, 5%=0.7333022356033325, 10%=0.7357087135314941, 25%=0.742194414138794, 50%=0.7484567761421204, 75%=0.7564130425453186, 90%=0.7606818675994873, 95%=0.7640653252601624, 98%=0.7663387656211853
ranking_best_algo: PBIL
ranking_best_score: 0.733570253046875
ranking_my_rank: 1/504 (100.0%)
ranking_my_percent: 100.0
