ConfigName: kjsd__advperagentrankweighted__M3__L18__eps0p007__g0p003__ds0p2__dm0p2
Problem: NK
Kernel: jsd
Advantage: peragentrankweighted
M: 3
lambda: 18
epsilon_svgd: 0.007
gamma: 0.003
decay_start_ratio: 0.2
decay_min_factor: 0.2
bandwith_kernel: None
no_interact: False
avg_score: 0.7103009819984436
median_score: 0.7110524773597717
std_score: 0.015190760605037212
percentiles: 2%=0.6703323721885681, 5%=0.6736329793930054, 10%=0.6960102915763855, 25%=0.7084416747093201, 50%=0.7110524773597717, 75%=0.7180971503257751, 90%=0.7253502011299133, 95%=0.73194819688797, 98%=0.7326777577400208
ranking_best_algo: CMApara
ranking_best_score: 0.707475975
ranking_my_rank: 1/504 (100.0%)
ranking_my_percent: 100.0
