ConfigName: kjsd__advperagentrankweighted__M4__L8__eps0p005__g0p0007__ds0p4__dm0p05
Problem: QUBO
Kernel: jsd
Advantage: peragentrankweighted
M: 4
lambda: 8
epsilon_svgd: 0.005
gamma: 0.0007
decay_start_ratio: 0.4
decay_min_factor: 0.05
bandwith_kernel: None
no_interact: False
avg_score: -914.760009765625
median_score: -911.5
std_score: 59.85150146484375
percentiles: 2%=-1022.02001953125, 5%=-1010.2000122070312, 10%=-995.5, 25%=-957.25, 50%=-911.5, 75%=-863.75, 90%=-837.5, 95%=-819.9500122070312, 98%=-804.760009765625
ranking_best_algo: CMAL3
ranking_best_score: 928.5800000000002
ranking_my_rank: 17/504 (96.8%)
ranking_my_percent: 96.82539682539682
