ConfigName: kjsd__advperagentrankweighted__M3__L16__eps0p005__g0p0007__ds0p2__dm0p1
Problem: QUBO
Kernel: jsd
Advantage: peragentrankweighted
M: 3
lambda: 16
epsilon_svgd: 0.005
gamma: 0.0007
decay_start_ratio: 0.2
decay_min_factor: 0.1
bandwith_kernel: None
no_interact: False
avg_score: -198.82000732421875
median_score: -198.5
std_score: 12.800296783447266
percentiles: 2%=-224.0, 5%=-220.1999969482422, 10%=-215.0, 25%=-207.25, 50%=-198.5, 75%=-189.0, 90%=-183.0, 95%=-179.9499969482422, 98%=-177.8800048828125
ranking_best_algo: Tabu
ranking_best_score: 208.36000000000004
ranking_my_rank: 89/504 (82.5%)
ranking_my_percent: 82.53968253968254
