ConfigName: kjsd__advperagentrankweighted__M3__L18__eps0p007__g0p001__ds0p05__dm0p1
Problem: NK
Kernel: jsd
Advantage: peragentrankweighted
M: 3
lambda: 18
epsilon_svgd: 0.007
gamma: 0.001
decay_start_ratio: 0.05
decay_min_factor: 0.1
bandwith_kernel: None
no_interact: False
avg_score: 0.7536893486976624
median_score: 0.7539483308792114
std_score: 0.013074887916445732
percentiles: 2%=0.7290332317352295, 5%=0.7334639430046082, 10%=0.7369369268417358, 25%=0.7449970245361328, 50%=0.7539483308792114, 75%=0.7608346343040466, 90%=0.7717843055725098, 95%=0.7779871821403503, 98%=0.7816417217254639
ranking_best_algo: Tabu
ranking_best_score: 0.7657846284375001
ranking_my_rank: 9/504 (98.4%)
ranking_my_percent: 98.41269841269842
