ConfigName: krbf__advnormalizedfitness__M4__L10__eps0p025__g0p005__ds0p01__dm0p3
Problem: NK
Kernel: rbf
Advantage: normalizedfitness
M: 4
lambda: 10
epsilon_svgd: 0.025
gamma: 0.005
decay_start_ratio: 0.01
decay_min_factor: 0.3
bandwith_kernel: None
no_interact: False
avg_score: 0.7372153401374817
median_score: 0.7391033172607422
std_score: 0.008796502836048603
percentiles: 2%=0.7218440175056458, 5%=0.7223918437957764, 10%=0.7237728834152222, 25%=0.7315178513526917, 50%=0.7391033172607422, 75%=0.743696391582489, 90%=0.7466306686401367, 95%=0.7487753629684448, 98%=0.7508613467216492
ranking_best_algo: PBIL
ranking_best_score: 0.730509098125
ranking_my_rank: 1/504 (100.0%)
ranking_my_percent: 100.0
