ConfigName: kjsd__advperagentrankweighted__M3__L16__eps0p005__g0p003__ds0p1__dm0p1
Problem: QUBO
Kernel: jsd
Advantage: peragentrankweighted
M: 3
lambda: 16
epsilon_svgd: 0.005
gamma: 0.003
decay_start_ratio: 0.1
decay_min_factor: 0.1
bandwith_kernel: None
no_interact: False
avg_score: -2383.43994140625
median_score: -2396.0
std_score: 145.04898071289062
percentiles: 2%=-2704.280029296875, 5%=-2579.25, 10%=-2548.0, 25%=-2472.75, 50%=-2396.0, 75%=-2273.0, 90%=-2187.0, 95%=-2156.25, 98%=-2101.47998046875
ranking_best_algo: DiscreteLengler2OnePlusOne
ranking_best_score: 2617.04
ranking_my_rank: 135/504 (73.4%)
ranking_my_percent: 73.41269841269842
