ConfigName: kjsd__advperagentrankweighted__M5__L10__eps0p03__g0p0003__ds0p2__dm0p05
Problem: QUBO
Kernel: jsd
Advantage: peragentrankweighted
M: 5
lambda: 10
epsilon_svgd: 0.03
gamma: 0.0003
decay_start_ratio: 0.2
decay_min_factor: 0.05
bandwith_kernel: None
no_interact: False
avg_score: -1250.699951171875
median_score: -1240.0
std_score: 58.407962799072266
percentiles: 2%=-1364.0400390625, 5%=-1351.050048828125, 10%=-1332.0999755859375, 25%=-1298.0, 50%=-1240.0, 75%=-1212.75, 90%=-1180.199951171875, 95%=-1156.9000244140625, 98%=-1138.8800048828125
ranking_best_algo: BigLognormalDiscreteOnePlusOne
ranking_best_score: 1301.3600000000004
ranking_my_rank: 56/504 (89.1%)
ranking_my_percent: 89.08730158730158
