ConfigName: kjsd__advperagentrankweighted__M4__L20__eps0p005__g0p001__ds0p1__dm0p1
Problem: QUBO
Kernel: jsd
Advantage: peragentrankweighted
M: 4
lambda: 20
epsilon_svgd: 0.005
gamma: 0.001
decay_start_ratio: 0.1
decay_min_factor: 0.1
bandwith_kernel: None
no_interact: False
avg_score: -1183.1800537109375
median_score: -1174.0
std_score: 61.9692497253418
percentiles: 2%=-1343.43994140625, 5%=-1266.4000244140625, 10%=-1259.0999755859375, 25%=-1226.75, 50%=-1174.0, 75%=-1145.75, 90%=-1113.5999755859375, 95%=-1100.800048828125, 98%=-1081.280029296875
ranking_best_algo: Tabu
ranking_best_score: 1216.16
ranking_my_rank: 65/504 (87.3%)
ranking_my_percent: 87.3015873015873
