ConfigName: kjsd__advperagentrankweighted__M3__L18__eps0p01__g0p0005__ds0p1__dm0p2
Problem: NK
Kernel: jsd
Advantage: peragentrankweighted
M: 3
lambda: 18
epsilon_svgd: 0.01
gamma: 0.0005
decay_start_ratio: 0.1
decay_min_factor: 0.2
bandwith_kernel: None
no_interact: False
avg_score: 0.7515098452568054
median_score: 0.7509115934371948
std_score: 0.01191931962966919
percentiles: 2%=0.7307162880897522, 5%=0.7328364849090576, 10%=0.7366545796394348, 25%=0.7430738210678101, 50%=0.7509115934371948, 75%=0.7590294480323792, 90%=0.7660579681396484, 95%=0.7708311080932617, 98%=0.7761670351028442
ranking_best_algo: Tabu
ranking_best_score: 0.7470791764843752
ranking_my_rank: 1/504 (100.0%)
ranking_my_percent: 100.0
