ConfigName: krbf__advnormalizedfitness__M4__L10__eps0p015__g0p01__ds0p3__dm0p3
Problem: NK
Kernel: rbf
Advantage: normalizedfitness
M: 4
lambda: 10
epsilon_svgd: 0.015
gamma: 0.01
decay_start_ratio: 0.3
decay_min_factor: 0.3
bandwith_kernel: None
no_interact: False
avg_score: 0.6624646782875061
median_score: 0.6644808053970337
std_score: 0.012447254732251167
percentiles: 2%=0.6387805938720703, 5%=0.6443288922309875, 10%=0.6467987895011902, 25%=0.650995135307312, 50%=0.6644808053970337, 75%=0.6736782789230347, 90%=0.6767255663871765, 95%=0.67906254529953, 98%=0.6821947693824768
ranking_best_algo: PBIL
ranking_best_score: 0.7013553837109374
ranking_my_rank: 207/504 (59.1%)
ranking_my_percent: 59.12698412698413
