ConfigName: krbf__advnormalizedfitness__M4__L15__eps0p033__g0p007__ds0p3__dm0p3
Problem: QUBO
Kernel: rbf
Advantage: normalizedfitness
M: 4
lambda: 15
epsilon_svgd: 0.033
gamma: 0.007
decay_start_ratio: 0.3
decay_min_factor: 0.3
bandwith_kernel: None
no_interact: False
avg_score: -987.9000244140625
median_score: -988.0
std_score: 91.4750747680664
percentiles: 2%=-1177.1600341796875, 5%=-1139.449951171875, 10%=-1095.699951171875, 25%=-1047.5, 50%=-988.0, 75%=-924.75, 90%=-881.5, 95%=-846.9000244140625, 98%=-828.8800048828125
ranking_best_algo: SVMMetaModelLogNormal
ranking_best_score: 1233.7999999999997
ranking_my_rank: 265/504 (47.6%)
ranking_my_percent: 47.61904761904762
