ConfigName: kjsd__advperagentrankweighted__M4__L24__eps0p005__g0p0007__ds0p05__dm0p05
Problem: NK
Kernel: jsd
Advantage: peragentrankweighted
M: 4
lambda: 24
epsilon_svgd: 0.005
gamma: 0.0007
decay_start_ratio: 0.05
decay_min_factor: 0.05
bandwith_kernel: None
no_interact: False
avg_score: 0.7571401000022888
median_score: 0.7583689093589783
std_score: 0.013119424693286419
percentiles: 2%=0.7298136353492737, 5%=0.7354726791381836, 10%=0.7381767630577087, 25%=0.7488508224487305, 50%=0.7583689093589783, 75%=0.7676451206207275, 90%=0.7733774781227112, 95%=0.777340829372406, 98%=0.7822063565254211
ranking_best_algo: Tabu
ranking_best_score: 0.7470791764843752
ranking_my_rank: 1/504 (100.0%)
ranking_my_percent: 100.0
