ConfigName: kjsd__advperagentrankweighted__M4__L10__eps0p01__g0p0005__ds0p05__dm0p05
Problem: NK
Kernel: jsd
Advantage: peragentrankweighted
M: 4
lambda: 10
epsilon_svgd: 0.01
gamma: 0.0005
decay_start_ratio: 0.05
decay_min_factor: 0.05
bandwith_kernel: None
no_interact: False
avg_score: 0.7493125200271606
median_score: 0.7513830065727234
std_score: 0.01595429889857769
percentiles: 2%=0.7186066508293152, 5%=0.7222745418548584, 10%=0.7268612384796143, 25%=0.7397128343582153, 50%=0.7513830065727234, 75%=0.7602276802062988, 90%=0.7687798738479614, 95%=0.7745273113250732, 98%=0.7792372107505798
ranking_best_algo: Tabu
ranking_best_score: 0.7657846284375001
ranking_my_rank: 29/504 (94.4%)
ranking_my_percent: 94.44444444444444
