ConfigName: kjsd__advperagentrankweighted__M3__L20__eps0p005__g0p0007__ds0p2__dm0p2
Problem: QUBO
Kernel: jsd
Advantage: peragentrankweighted
M: 3
lambda: 20
epsilon_svgd: 0.005
gamma: 0.0007
decay_start_ratio: 0.2
decay_min_factor: 0.2
bandwith_kernel: None
no_interact: False
avg_score: -938.5999755859375
median_score: -939.0
std_score: 67.65279388427734
percentiles: 2%=-1076.0400390625, 5%=-1044.0, 10%=-1030.199951171875, 25%=-987.0, 50%=-939.0, 75%=-889.75, 90%=-859.0, 95%=-839.7999877929688, 98%=-802.5999755859375
ranking_best_algo: CMApara
ranking_best_score: 964.9
ranking_my_rank: 7/504 (98.8%)
ranking_my_percent: 98.80952380952381
