ConfigName: kjsd__advperagentrankweighted__M3__L20__eps0p005__g0p0005__ds0p05__dm0p2
Problem: NK
Kernel: jsd
Advantage: peragentrankweighted
M: 3
lambda: 20
epsilon_svgd: 0.005
gamma: 0.0005
decay_start_ratio: 0.05
decay_min_factor: 0.2
bandwith_kernel: None
no_interact: False
avg_score: 0.7348349690437317
median_score: 0.7364848256111145
std_score: 0.009385057725012302
percentiles: 2%=0.7156749963760376, 5%=0.7171483635902405, 10%=0.7201564311981201, 25%=0.7289600372314453, 50%=0.7364848256111145, 75%=0.7425029277801514, 90%=0.7458310723304749, 95%=0.746733546257019, 98%=0.7476621866226196
ranking_best_algo: PBIL
ranking_best_score: 0.7248786399609374
ranking_my_rank: 1/504 (100.0%)
ranking_my_percent: 100.0
