ConfigName: kjsd__advperagentrankweighted__M3__L24__eps0p007__g0p001__ds0p1__dm0p2
Problem: QUBO
Kernel: jsd
Advantage: peragentrankweighted
M: 3
lambda: 24
epsilon_svgd: 0.007
gamma: 0.001
decay_start_ratio: 0.1
decay_min_factor: 0.2
bandwith_kernel: None
no_interact: False
avg_score: -909.4199829101562
median_score: -905.5
std_score: 59.16792678833008
percentiles: 2%=-1026.239990234375, 5%=-1008.2000122070312, 10%=-987.0, 25%=-958.75, 50%=-905.5, 75%=-868.75, 90%=-836.0, 95%=-812.9000244140625, 98%=-807.3599853515625
ranking_best_algo: CMAL3
ranking_best_score: 928.5800000000002
ranking_my_rank: 29/504 (94.4%)
ranking_my_percent: 94.44444444444444
