ConfigName: kjsd__advperagentrankweighted__M4__L24__eps0p03__g0p0007__ds0p05__dm0p05
Problem: NK
Kernel: jsd
Advantage: peragentrankweighted
M: 4
lambda: 24
epsilon_svgd: 0.03
gamma: 0.0007
decay_start_ratio: 0.05
decay_min_factor: 0.05
bandwith_kernel: None
no_interact: False
avg_score: 0.7547446489334106
median_score: 0.7527289986610413
std_score: 0.012160605750977993
percentiles: 2%=0.732208788394928, 5%=0.7366586327552795, 10%=0.7409360408782959, 25%=0.7479550242424011, 50%=0.7527289986610413, 75%=0.7623826265335083, 90%=0.7724534869194031, 95%=0.7749118804931641, 98%=0.7818248271942139
ranking_best_algo: Tabu
ranking_best_score: 0.7470791764843752
ranking_my_rank: 1/504 (100.0%)
ranking_my_percent: 100.0
