ConfigName: krbf__advnormalizedfitness__M4__L12__eps0p033__g0p015__ds0p15__dm0p3
Problem: NK
Kernel: rbf
Advantage: normalizedfitness
M: 4
lambda: 12
epsilon_svgd: 0.033
gamma: 0.015
decay_start_ratio: 0.15
decay_min_factor: 0.3
bandwith_kernel: None
no_interact: False
avg_score: 0.6767802238464355
median_score: 0.6766615509986877
std_score: 0.009857089258730412
percentiles: 2%=0.6530105471611023, 5%=0.6577345728874207, 10%=0.6651347279548645, 25%=0.6712614893913269, 50%=0.6766615509986877, 75%=0.6839193105697632, 90%=0.6888774633407593, 95%=0.6910322308540344, 98%=0.6950433850288391
ranking_best_algo: PBIL
ranking_best_score: 0.7248786399609374
ranking_my_rank: 203/504 (59.9%)
ranking_my_percent: 59.92063492063492
