ConfigName: kjsd__advperagentrankweighted__M4__L12__eps0p005__g0p001__ds0p2__dm0p05
Problem: QUBO
Kernel: jsd
Advantage: peragentrankweighted
M: 4
lambda: 12
epsilon_svgd: 0.005
gamma: 0.001
decay_start_ratio: 0.2
decay_min_factor: 0.05
bandwith_kernel: None
no_interact: False
avg_score: -428.44000244140625
median_score: -426.0
std_score: 26.25502586364746
percentiles: 2%=-475.0400085449219, 5%=-473.1000061035156, 10%=-467.3999938964844, 25%=-448.25, 50%=-426.0, 75%=-410.5, 90%=-396.8999938964844, 95%=-390.95001220703125, 98%=-385.70001220703125
ranking_best_algo: CMAL3
ranking_best_score: 435.36
ranking_my_rank: 15/504 (97.2%)
ranking_my_percent: 97.22222222222223
