ConfigName: kjsd__advperagentrankweighted__M3__L16__eps0p007__g0p001__ds0p05__dm0p2
Problem: QUBO
Kernel: jsd
Advantage: peragentrankweighted
M: 3
lambda: 16
epsilon_svgd: 0.007
gamma: 0.001
decay_start_ratio: 0.05
decay_min_factor: 0.2
bandwith_kernel: None
no_interact: False
avg_score: -1241.1400146484375
median_score: -1237.5
std_score: 65.05997467041016
percentiles: 2%=-1367.0400390625, 5%=-1361.1500244140625, 10%=-1324.0999755859375, 25%=-1289.25, 50%=-1237.5, 75%=-1191.0, 90%=-1157.0, 95%=-1144.9000244140625, 98%=-1139.9599609375
ranking_best_algo: SVMMetaModelLogNormal
ranking_best_score: 1233.7999999999997
ranking_my_rank: 1/504 (100.0%)
ranking_my_percent: 100.0
