ConfigName: kjsd__advperagentrankweighted__M3__L18__eps0p005__g0p003__ds0p05__dm0p05
Problem: NK
Kernel: jsd
Advantage: peragentrankweighted
M: 3
lambda: 18
epsilon_svgd: 0.005
gamma: 0.003
decay_start_ratio: 0.05
decay_min_factor: 0.05
bandwith_kernel: None
no_interact: False
avg_score: 0.7102985978126526
median_score: 0.7108960151672363
std_score: 0.015281779691576958
percentiles: 2%=0.6716328263282776, 5%=0.6736145615577698, 10%=0.6942811012268066, 25%=0.7076570987701416, 50%=0.7108960151672363, 75%=0.7185212969779968, 90%=0.7254695296287537, 95%=0.7323936223983765, 98%=0.7331099510192871
ranking_best_algo: CMApara
ranking_best_score: 0.707475975
ranking_my_rank: 1/504 (100.0%)
ranking_my_percent: 100.0
