ConfigName: kjsd__advperagentrankweighted__M3__L30__eps0p005__g0p0005__ds0p1__dm0p05
Problem: NK
Kernel: jsd
Advantage: peragentrankweighted
M: 3
lambda: 30
epsilon_svgd: 0.005
gamma: 0.0005
decay_start_ratio: 0.1
decay_min_factor: 0.05
bandwith_kernel: None
no_interact: False
avg_score: 0.7537057995796204
median_score: 0.7546776533126831
std_score: 0.014612452127039433
percentiles: 2%=0.724981427192688, 5%=0.72808837890625, 10%=0.7328611612319946, 25%=0.7440219521522522, 50%=0.7546776533126831, 75%=0.7641992568969727, 90%=0.7706213593482971, 95%=0.7789313793182373, 98%=0.780083417892456
ranking_best_algo: Tabu
ranking_best_score: 0.7657846284375001
ranking_my_rank: 9/504 (98.4%)
ranking_my_percent: 98.41269841269842
