ConfigName: kjsd__advperagentrankweighted__M3__L18__eps0p01__g0p0005__ds0p2__dm0p2
Problem: QUBO
Kernel: jsd
Advantage: peragentrankweighted
M: 3
lambda: 18
epsilon_svgd: 0.01
gamma: 0.0005
decay_start_ratio: 0.2
decay_min_factor: 0.2
bandwith_kernel: None
no_interact: False
avg_score: -323.5400085449219
median_score: -326.0
std_score: 23.98308753967285
percentiles: 2%=-372.0, 5%=-354.0, 10%=-354.0, 25%=-342.0, 50%=-326.0, 75%=-305.75, 90%=-290.0, 95%=-281.79998779296875, 98%=-273.8800048828125
ranking_best_algo: CMApara
ranking_best_score: 344.22
ranking_my_rank: 130/504 (74.4%)
ranking_my_percent: 74.4047619047619
