ConfigName: kjsd__advperagentrankweighted__M4__L30__eps0p005__g0p0007__ds0p4__dm0p05
Problem: NK
Kernel: jsd
Advantage: peragentrankweighted
M: 4
lambda: 30
epsilon_svgd: 0.005
gamma: 0.0007
decay_start_ratio: 0.4
decay_min_factor: 0.05
bandwith_kernel: None
no_interact: False
avg_score: 0.6165374517440796
median_score: 0.6125431060791016
std_score: 0.01365351490676403
percentiles: 2%=0.5941972732543945, 5%=0.5973923206329346, 10%=0.6030528545379639, 25%=0.6067081689834595, 50%=0.6125431060791016, 75%=0.6262325644493103, 90%=0.6359822750091553, 95%=0.6418562531471252, 98%=0.6487885117530823
ranking_best_algo: PBIL
ranking_best_score: 0.7170882103515624
ranking_my_rank: 314/504 (37.9%)
ranking_my_percent: 37.8968253968254
