ConfigName: krbf__advnormalizedfitness__M4__L24__eps0p02__g0p01__ds0p15__dm0p05
Problem: NK
Kernel: rbf
Advantage: normalizedfitness
M: 4
lambda: 24
epsilon_svgd: 0.02
gamma: 0.01
decay_start_ratio: 0.15
decay_min_factor: 0.05
bandwith_kernel: None
no_interact: False
avg_score: 0.6426936984062195
median_score: 0.6409937143325806
std_score: 0.010548464022576809
percentiles: 2%=0.6268048286437988, 5%=0.6278214454650879, 10%=0.6308250427246094, 25%=0.6353884935379028, 50%=0.6409937143325806, 75%=0.6485006809234619, 90%=0.6580230593681335, 95%=0.6637885570526123, 98%=0.6657535433769226
ranking_best_algo: Tabu
ranking_best_score: 0.7601875690625
ranking_my_rank: 391/504 (22.6%)
ranking_my_percent: 22.61904761904762
