ConfigName: krbf__advnormalizedfitness__M4__L10__eps0p025__g0p015__ds0p01__dm0p3
Problem: QUBO
Kernel: rbf
Advantage: normalizedfitness
M: 4
lambda: 10
epsilon_svgd: 0.025
gamma: 0.015
decay_start_ratio: 0.01
decay_min_factor: 0.3
bandwith_kernel: None
no_interact: False
avg_score: -841.9000244140625
median_score: -843.5
std_score: 112.06948852539062
percentiles: 2%=-1073.4000244140625, 5%=-999.2000122070312, 10%=-972.5999755859375, 25%=-924.25, 50%=-843.5, 75%=-761.5, 90%=-690.0, 95%=-656.6500244140625, 98%=-616.679931640625
ranking_best_algo: Tabu
ranking_best_score: 1216.16
ranking_my_rank: 330/504 (34.7%)
ranking_my_percent: 34.72222222222222
