ConfigName: kjsd__advperagentrankweighted__M4__L8__eps0p02__g0p0003__ds0p05__dm0p05
Problem: QUBO
Kernel: jsd
Advantage: peragentrankweighted
M: 4
lambda: 8
epsilon_svgd: 0.02
gamma: 0.0003
decay_start_ratio: 0.05
decay_min_factor: 0.05
bandwith_kernel: None
no_interact: False
avg_score: -1534.5400390625
median_score: -1536.5
std_score: 65.7231216430664
percentiles: 2%=-1677.0, 5%=-1658.050048828125, 10%=-1625.0999755859375, 25%=-1571.5, 50%=-1536.5, 75%=-1481.0, 90%=-1454.800048828125, 95%=-1440.5999755859375, 98%=-1412.97998046875
ranking_best_algo: NLOPT_LN_PRAXIS
ranking_best_score: 1607.12
ranking_my_rank: 57/504 (88.9%)
ranking_my_percent: 88.88888888888889
