ConfigName: kjsd__advperagentrankweighted__M4__L20__eps0p005__g0p0005__ds0p05__dm0p05
Problem: QUBO
Kernel: jsd
Advantage: peragentrankweighted
M: 4
lambda: 20
epsilon_svgd: 0.005
gamma: 0.0005
decay_start_ratio: 0.05
decay_min_factor: 0.05
bandwith_kernel: None
no_interact: False
avg_score: -1243.4000244140625
median_score: -1236.0
std_score: 67.65486145019531
percentiles: 2%=-1372.0400390625, 5%=-1347.5999755859375, 10%=-1330.199951171875, 25%=-1301.0, 50%=-1236.0, 75%=-1190.0, 90%=-1159.0, 95%=-1145.449951171875, 98%=-1106.800048828125
ranking_best_algo: SVMMetaModelLogNormal
ranking_best_score: 1233.7999999999997
ranking_my_rank: 1/504 (100.0%)
ranking_my_percent: 100.0
