ConfigName: krbf__advnormalizedfitness__M4__L15__eps0p015__g0p007__ds0p01__dm0p01
Problem: NK
Kernel: rbf
Advantage: normalizedfitness
M: 4
lambda: 15
epsilon_svgd: 0.015
gamma: 0.007
decay_start_ratio: 0.01
decay_min_factor: 0.01
bandwith_kernel: None
no_interact: False
avg_score: 0.6183123588562012
median_score: 0.6164712905883789
std_score: 0.013720678165555
percentiles: 2%=0.5973672866821289, 5%=0.6007238626480103, 10%=0.6018173098564148, 25%=0.6077665090560913, 50%=0.6164712905883789, 75%=0.6266517043113708, 90%=0.6365708112716675, 95%=0.6385148763656616, 98%=0.6467993855476379
ranking_best_algo: Tabu
ranking_best_score: 0.7429702712499999
ranking_my_rank: 377/504 (25.4%)
ranking_my_percent: 25.396825396825395
