ConfigName: krbf__advnormalizedfitness__M4__L8__eps0p025__g0p007__ds0p3__dm0p01
Problem: NK
Kernel: rbf
Advantage: normalizedfitness
M: 4
lambda: 8
epsilon_svgd: 0.025
gamma: 0.007
decay_start_ratio: 0.3
decay_min_factor: 0.01
bandwith_kernel: None
no_interact: False
avg_score: 0.7545478940010071
median_score: 0.7567926049232483
std_score: 0.014522288925945759
percentiles: 2%=0.7258448004722595, 5%=0.7299404740333557, 10%=0.7330741882324219, 25%=0.7437052726745605, 50%=0.7567926049232483, 75%=0.766196608543396, 90%=0.7714921832084656, 95%=0.7722845077514648, 98%=0.7796770930290222
ranking_best_algo: Tabu
ranking_best_score: 0.7657846284375001
ranking_my_rank: 7/504 (98.8%)
ranking_my_percent: 98.80952380952381
