ConfigName: krbf__advnormalizedfitness__M3__L8__eps0p033__g0p005__ds0p01__dm0p3
Problem: QUBO
Kernel: rbf
Advantage: normalizedfitness
M: 3
lambda: 8
epsilon_svgd: 0.033
gamma: 0.005
decay_start_ratio: 0.01
decay_min_factor: 0.3
bandwith_kernel: None
no_interact: False
avg_score: -904.719970703125
median_score: -906.0
std_score: 63.014774322509766
percentiles: 2%=-1037.3399658203125, 5%=-1005.7000122070312, 10%=-986.0999755859375, 25%=-941.25, 50%=-906.0, 75%=-862.75, 90%=-816.5, 95%=-805.0, 98%=-791.97998046875
ranking_best_algo: CMAL3
ranking_best_score: 928.5800000000002
ranking_my_rank: 64/504 (87.5%)
ranking_my_percent: 87.5
