ConfigName: krbf__advnormalizedfitness__M3__L10__eps0p025__g0p01__ds0p01__dm0p01
Problem: NK
Kernel: rbf
Advantage: normalizedfitness
M: 3
lambda: 10
epsilon_svgd: 0.025
gamma: 0.01
decay_start_ratio: 0.01
decay_min_factor: 0.01
bandwith_kernel: None
no_interact: False
avg_score: 0.7569268941879272
median_score: 0.757949948310852
std_score: 0.013806939125061035
percentiles: 2%=0.728568434715271, 5%=0.7341011166572571, 10%=0.7403188943862915, 25%=0.7463794946670532, 50%=0.757949948310852, 75%=0.7664387226104736, 90%=0.776630699634552, 95%=0.7789199352264404, 98%=0.7798407077789307
ranking_best_algo: Tabu
ranking_best_score: 0.7470791764843752
ranking_my_rank: 1/504 (100.0%)
ranking_my_percent: 100.0
