ConfigName: kjsd__advperagentrankweighted__M6__L12__eps0p008__g0p0005__ds0p05__dm0p05
Problem: NK
Kernel: jsd
Advantage: peragentrankweighted
M: 6
lambda: 12
epsilon_svgd: 0.008
gamma: 0.0005
decay_start_ratio: 0.05
decay_min_factor: 0.05
bandwith_kernel: None
no_interact: False
avg_score: 0.7424845099449158
median_score: 0.7418280839920044
std_score: 0.01360870897769928
percentiles: 2%=0.7140448689460754, 5%=0.7232627272605896, 10%=0.7285730838775635, 25%=0.732738733291626, 50%=0.7418280839920044, 75%=0.7507442235946655, 90%=0.760191798210144, 95%=0.7647932767868042, 98%=0.7729558348655701
ranking_best_algo: Tabu
ranking_best_score: 0.7601875690625
ranking_my_rank: 11/504 (98.0%)
ranking_my_percent: 98.01587301587301
