ConfigName: kjsd__advperagentrankweighted__M4__L24__eps0p005__g0p0005__ds0p2__dm0p05
Problem: NK
Kernel: jsd
Advantage: peragentrankweighted
M: 4
lambda: 24
epsilon_svgd: 0.005
gamma: 0.0005
decay_start_ratio: 0.2
decay_min_factor: 0.05
bandwith_kernel: None
no_interact: False
avg_score: 0.7445231676101685
median_score: 0.7433562278747559
std_score: 0.014764966443181038
percentiles: 2%=0.7211438417434692, 5%=0.7221180200576782, 10%=0.7250334620475769, 25%=0.7337335348129272, 50%=0.7433562278747559, 75%=0.7527791261672974, 90%=0.7642621397972107, 95%=0.7737594842910767, 98%=0.7774755358695984
ranking_best_algo: Tabu
ranking_best_score: 0.7601875690625
ranking_my_rank: 5/504 (99.2%)
ranking_my_percent: 99.2063492063492
