ConfigName: kjsd__advperagentrankweighted__M4__L12__eps0p005__g0p0005__ds0p2__dm0p05
Problem: NK
Kernel: jsd
Advantage: peragentrankweighted
M: 4
lambda: 12
epsilon_svgd: 0.005
gamma: 0.0005
decay_start_ratio: 0.2
decay_min_factor: 0.05
bandwith_kernel: None
no_interact: False
avg_score: 0.7478506565093994
median_score: 0.7471467852592468
std_score: 0.008980277925729752
percentiles: 2%=0.7299653887748718, 5%=0.7315798401832581, 10%=0.7380254864692688, 25%=0.7417869567871094, 50%=0.7471467852592468, 75%=0.752665638923645, 90%=0.7602189183235168, 95%=0.7644230723381042, 98%=0.7671720385551453
ranking_best_algo: PBIL
ranking_best_score: 0.733570253046875
ranking_my_rank: 1/504 (100.0%)
ranking_my_percent: 100.0
