ConfigName: kjsd__advperagentrankweighted__M3__L16__eps0p01__g0p0007__ds0p1__dm0p1
Problem: QUBO
Kernel: jsd
Advantage: peragentrankweighted
M: 3
lambda: 16
epsilon_svgd: 0.01
gamma: 0.0007
decay_start_ratio: 0.1
decay_min_factor: 0.1
bandwith_kernel: None
no_interact: False
avg_score: -438.94000244140625
median_score: -437.0
std_score: 26.352161407470703
percentiles: 2%=-485.0799865722656, 5%=-479.1000061035156, 10%=-472.0, 25%=-462.0, 50%=-437.0, 75%=-420.5, 90%=-403.8999938964844, 95%=-399.95001220703125, 98%=-389.8999938964844
ranking_best_algo: CMApara
ranking_best_score: 453.82
ranking_my_rank: 19/504 (96.4%)
ranking_my_percent: 96.42857142857143
