ConfigName: kjsd__advperagentrankweighted__M5__L8__eps0p01__g0p0003__ds0p2__dm0p05
Problem: QUBO
Kernel: jsd
Advantage: peragentrankweighted
M: 5
lambda: 8
epsilon_svgd: 0.01
gamma: 0.0003
decay_start_ratio: 0.2
decay_min_factor: 0.05
bandwith_kernel: None
no_interact: False
avg_score: -1603.9200439453125
median_score: -1608.0
std_score: 61.70423889160156
percentiles: 2%=-1717.5400390625, 5%=-1692.0, 10%=-1678.0999755859375, 25%=-1649.25, 50%=-1608.0, 75%=-1551.0, 90%=-1522.5999755859375, 95%=-1510.800048828125, 98%=-1488.9200439453125
ranking_best_algo: NLOPT_LN_PRAXIS
ranking_best_score: 1607.12
ranking_my_rank: 11/504 (98.0%)
ranking_my_percent: 98.01587301587301
