ConfigName: kjsd__advperagentrankweighted__M4__L10__eps0p005__g0p0007__ds0p4__dm0p05
Problem: NK
Kernel: jsd
Advantage: peragentrankweighted
M: 4
lambda: 10
epsilon_svgd: 0.005
gamma: 0.0007
decay_start_ratio: 0.4
decay_min_factor: 0.05
bandwith_kernel: None
no_interact: False
avg_score: 0.7074429392814636
median_score: 0.7099481821060181
std_score: 0.011828163638710976
percentiles: 2%=0.6875997185707092, 5%=0.689208447933197, 10%=0.6918073296546936, 25%=0.6957338452339172, 50%=0.7099481821060181, 75%=0.7173751592636108, 90%=0.7216370701789856, 95%=0.7235397100448608, 98%=0.7243854999542236
ranking_best_algo: PBIL
ranking_best_score: 0.7013553837109374
ranking_my_rank: 1/504 (100.0%)
ranking_my_percent: 100.0
