ConfigName: kjsd__advperagentrankweighted__M3__L30__eps0p007__g0p001__ds0p05__dm0p2
Problem: NK
Kernel: jsd
Advantage: peragentrankweighted
M: 3
lambda: 30
epsilon_svgd: 0.007
gamma: 0.001
decay_start_ratio: 0.05
decay_min_factor: 0.2
bandwith_kernel: None
no_interact: False
avg_score: 0.7548879384994507
median_score: 0.754988968372345
std_score: 0.012443347834050655
percentiles: 2%=0.7315940856933594, 5%=0.733910858631134, 10%=0.7382918000221252, 25%=0.7465023994445801, 50%=0.754988968372345, 75%=0.7655254602432251, 90%=0.7709736824035645, 95%=0.7729686498641968, 98%=0.7749238014221191
ranking_best_algo: Tabu
ranking_best_score: 0.7470791764843752
ranking_my_rank: 1/504 (100.0%)
ranking_my_percent: 100.0
