ConfigName: krbf__advnormalizedfitness__M2__L8__eps0p025__g0p01__ds0p3__dm0p3
Problem: QUBO
Kernel: rbf
Advantage: normalizedfitness
M: 2
lambda: 8
epsilon_svgd: 0.025
gamma: 0.01
decay_start_ratio: 0.3
decay_min_factor: 0.3
bandwith_kernel: None
no_interact: False
avg_score: -902.3400268554688
median_score: -906.5
std_score: 65.98381805419922
percentiles: 2%=-1032.1199951171875, 5%=-1015.25, 10%=-985.2000122070312, 25%=-941.5, 50%=-906.5, 75%=-868.75, 90%=-824.2999877929688, 95%=-776.5499877929688, 98%=-753.8599853515625
ranking_best_algo: CMAL3
ranking_best_score: 928.5800000000002
ranking_my_rank: 67/504 (86.9%)
ranking_my_percent: 86.9047619047619
