ConfigName: kfr__advglobalrankweighted__M1__L11__eps0p015__g0p007__ds0p01__dm0p01
Problem: QUBO
Kernel: fr
Advantage: globalrankweighted
M: 1
lambda: 11
epsilon_svgd: 0.015
gamma: 0.007
decay_start_ratio: 0.01
decay_min_factor: 0.01
bandwith_kernel: None
no_interact: False
avg_score: -192.39999389648438
median_score: -194.5
std_score: 15.001333236694336
percentiles: 2%=-218.1199951171875, 5%=-218.0, 10%=-210.0, 25%=-203.0, 50%=-194.5, 75%=-183.0, 90%=-172.0, 95%=-168.0, 98%=-158.95999145507812
ranking_best_algo: Tabu
ranking_best_score: 208.36000000000004
ranking_my_rank: 228/504 (55.0%)
ranking_my_percent: 54.96031746031746
