ConfigName: krbf__advnormalizedfitness__M2__L8__eps0p025__g0p005__ds0p3__dm0p01
Problem: NK
Kernel: rbf
Advantage: normalizedfitness
M: 2
lambda: 8
epsilon_svgd: 0.025
gamma: 0.005
decay_start_ratio: 0.3
decay_min_factor: 0.01
bandwith_kernel: None
no_interact: False
avg_score: 0.7078377604484558
median_score: 0.7097902297973633
std_score: 0.015304561704397202
percentiles: 2%=0.6682018637657166, 5%=0.6723036766052246, 10%=0.6896939277648926, 25%=0.7031170725822449, 50%=0.7097902297973633, 75%=0.7168282866477966, 90%=0.7249304056167603, 95%=0.7299856543540955, 98%=0.7318792343139648
ranking_best_algo: CMApara
ranking_best_score: 0.707475975
ranking_my_rank: 1/504 (100.0%)
ranking_my_percent: 100.0
