ConfigName: kjsd__advperagentrankweighted__M6__L8__eps0p03__g0p0007__ds0p2__dm0p05
Problem: QUBO
Kernel: jsd
Advantage: peragentrankweighted
M: 6
lambda: 8
epsilon_svgd: 0.03
gamma: 0.0007
decay_start_ratio: 0.2
decay_min_factor: 0.05
bandwith_kernel: None
no_interact: False
avg_score: -1184.3599853515625
median_score: -1175.0
std_score: 56.02401351928711
percentiles: 2%=-1309.1600341796875, 5%=-1300.3499755859375, 10%=-1254.199951171875, 25%=-1217.75, 50%=-1175.0, 75%=-1144.5, 90%=-1113.5999755859375, 95%=-1101.949951171875, 98%=-1098.719970703125
ranking_best_algo: Tabu
ranking_best_score: 1216.16
ranking_my_rank: 64/504 (87.5%)
ranking_my_percent: 87.5
