ConfigName: krbf__advnormalizedfitness__M3__L10__eps0p025__g0p005__ds0p15__dm0p3
Problem: QUBO
Kernel: rbf
Advantage: normalizedfitness
M: 3
lambda: 10
epsilon_svgd: 0.025
gamma: 0.005
decay_start_ratio: 0.15
decay_min_factor: 0.3
bandwith_kernel: None
no_interact: False
avg_score: -148.02000427246094
median_score: -146.0
std_score: 13.511463165283203
percentiles: 2%=-179.0, 5%=-179.0, 10%=-162.1999969482422, 25%=-155.0, 50%=-146.0, 75%=-139.0, 90%=-133.89999389648438, 95%=-130.90000915527344, 98%=-124.91998291015625
ranking_best_algo: CMApara
ranking_best_score: 154.28
ranking_my_rank: 86/504 (83.1%)
ranking_my_percent: 83.13492063492063
