ConfigName: kjsd__advperagentrankweighted__M3__L18__eps0p01__g0p001__ds0p1__dm0p05
Problem: QUBO
Kernel: jsd
Advantage: peragentrankweighted
M: 3
lambda: 18
epsilon_svgd: 0.01
gamma: 0.001
decay_start_ratio: 0.1
decay_min_factor: 0.05
bandwith_kernel: None
no_interact: False
avg_score: -423.7799987792969
median_score: -423.5
std_score: 26.872880935668945
percentiles: 2%=-475.20001220703125, 5%=-467.20001220703125, 10%=-457.0, 25%=-441.25, 50%=-423.5, 75%=-407.75, 90%=-392.70001220703125, 95%=-378.8999938964844, 98%=-365.9599914550781
ranking_best_algo: CMAL3
ranking_best_score: 435.36
ranking_my_rank: 31/504 (94.0%)
ranking_my_percent: 94.04761904761905
