ConfigName: krbf__advnormalizedfitness__M4__L8__eps0p025__g0p005__ds0p15__dm0p3
Problem: QUBO
Kernel: rbf
Advantage: normalizedfitness
M: 4
lambda: 8
epsilon_svgd: 0.025
gamma: 0.005
decay_start_ratio: 0.15
decay_min_factor: 0.3
bandwith_kernel: None
no_interact: False
avg_score: -937.02001953125
median_score: -939.5
std_score: 70.20384979248047
percentiles: 2%=-1074.0, 5%=-1056.0, 10%=-1036.0, 25%=-978.5, 50%=-939.5, 75%=-884.5, 90%=-853.9000244140625, 95%=-824.550048828125, 98%=-794.4798583984375
ranking_best_algo: CMApara
ranking_best_score: 964.9
ranking_my_rank: 9/504 (98.4%)
ranking_my_percent: 98.41269841269842
