ConfigName: krbf__advnormalizedfitness__M2__L8__eps0p015__g0p005__ds0p15__dm0p01
Problem: NK
Kernel: rbf
Advantage: normalizedfitness
M: 2
lambda: 8
epsilon_svgd: 0.015
gamma: 0.005
decay_start_ratio: 0.15
decay_min_factor: 0.01
bandwith_kernel: None
no_interact: False
avg_score: 0.7258445620536804
median_score: 0.7261650562286377
std_score: 0.007233172655105591
percentiles: 2%=0.7115921378135681, 5%=0.7135481834411621, 10%=0.7164937853813171, 25%=0.7208237051963806, 50%=0.7261650562286377, 75%=0.731237530708313, 90%=0.7353999614715576, 95%=0.7373204827308655, 98%=0.738441526889801
ranking_best_algo: PBIL
ranking_best_score: 0.7170882103515624
ranking_my_rank: 1/504 (100.0%)
ranking_my_percent: 100.0
