ConfigName: krbf__advnormalizedfitness__M4__L10__eps0p033__g0p007__ds0p3__dm0p3
Problem: QUBO
Kernel: rbf
Advantage: normalizedfitness
M: 4
lambda: 10
epsilon_svgd: 0.033
gamma: 0.007
decay_start_ratio: 0.3
decay_min_factor: 0.3
bandwith_kernel: None
no_interact: False
avg_score: -2955.0
median_score: -2986.5
std_score: 234.16796875
percentiles: 2%=-3372.10009765625, 5%=-3333.89990234375, 10%=-3248.699951171875, 25%=-3122.5, 50%=-2986.5, 75%=-2763.25, 90%=-2610.800048828125, 95%=-2588.550048828125, 98%=-2502.780029296875
ranking_best_algo: RLSOnePlusOne
ranking_best_score: 3316.5199999999995
ranking_my_rank: 136/504 (73.2%)
ranking_my_percent: 73.21428571428571
