ConfigName: kjsd__advperagentrankweighted__M4__L24__eps0p02__g0p0005__ds0p2__dm0p05
Problem: NK
Kernel: jsd
Advantage: peragentrankweighted
M: 4
lambda: 24
epsilon_svgd: 0.02
gamma: 0.0005
decay_start_ratio: 0.2
decay_min_factor: 0.05
bandwith_kernel: None
no_interact: False
avg_score: 0.7517372369766235
median_score: 0.7512595057487488
std_score: 0.015111747197806835
percentiles: 2%=0.7201534509658813, 5%=0.7254821062088013, 10%=0.7311086654663086, 25%=0.7437388896942139, 50%=0.7512595057487488, 75%=0.7625505924224854, 90%=0.7700615525245667, 95%=0.7733868360519409, 98%=0.7830576300621033
ranking_best_algo: Tabu
ranking_best_score: 0.7657846284375001
ranking_my_rank: 14/504 (97.4%)
ranking_my_percent: 97.42063492063492
