ConfigName: kjsd__advperagentrankweighted__M3__L16__eps0p007__g0p0007__ds0p05__dm0p05
Problem: NK
Kernel: jsd
Advantage: peragentrankweighted
M: 3
lambda: 16
epsilon_svgd: 0.007
gamma: 0.0007
decay_start_ratio: 0.05
decay_min_factor: 0.05
bandwith_kernel: None
no_interact: False
avg_score: 0.7502556443214417
median_score: 0.7490290403366089
std_score: 0.013332336209714413
percentiles: 2%=0.725186824798584, 5%=0.7285686135292053, 10%=0.7311564087867737, 25%=0.7415347695350647, 50%=0.7490290403366089, 75%=0.7583327293395996, 90%=0.7676752209663391, 95%=0.7752766609191895, 98%=0.7789111137390137
ranking_best_algo: Tabu
ranking_best_score: 0.7657846284375001
ranking_my_rank: 22/504 (95.8%)
ranking_my_percent: 95.83333333333333
