ConfigName: kjsd__advperagentrankweighted__M3__L20__eps0p005__g0p003__ds0p1__dm0p1
Problem: QUBO
Kernel: jsd
Advantage: peragentrankweighted
M: 3
lambda: 20
epsilon_svgd: 0.005
gamma: 0.003
decay_start_ratio: 0.1
decay_min_factor: 0.1
bandwith_kernel: None
no_interact: False
avg_score: -1300.9200439453125
median_score: -1310.0
std_score: 100.21063995361328
percentiles: 2%=-1501.0799560546875, 5%=-1452.3499755859375, 10%=-1419.5999755859375, 25%=-1367.5, 50%=-1310.0, 75%=-1231.75, 90%=-1152.9000244140625, 95%=-1134.199951171875, 98%=-1093.0
ranking_best_algo: NLOPT_LN_PRAXIS
ranking_best_score: 1607.12
ranking_my_rank: 200/504 (60.5%)
ranking_my_percent: 60.51587301587302
