ConfigName: krbf__advnormalizedfitness__M3__L10__eps0p033__g0p01__ds0p3__dm0p01
Problem: NK
Kernel: rbf
Advantage: normalizedfitness
M: 3
lambda: 10
epsilon_svgd: 0.033
gamma: 0.01
decay_start_ratio: 0.3
decay_min_factor: 0.01
bandwith_kernel: None
no_interact: False
avg_score: 0.744943380355835
median_score: 0.7422553300857544
std_score: 0.027942724525928497
percentiles: 2%=0.6998709440231323, 5%=0.7054420113563538, 10%=0.7110785245895386, 25%=0.7261490821838379, 50%=0.7422553300857544, 75%=0.7601335048675537, 90%=0.7781477570533752, 95%=0.8044298887252808, 98%=0.8044298887252808
ranking_best_algo: CMApara
ranking_best_score: 0.7459277895312499
ranking_my_rank: 2/504 (99.8%)
ranking_my_percent: 99.8015873015873
