ConfigName: krbf__advnormalizedfitness__M1__L8__eps0p025__g0p01__ds0p01__dm0p3
Problem: QUBO
Kernel: rbf
Advantage: normalizedfitness
M: 1
lambda: 8
epsilon_svgd: 0.025
gamma: 0.01
decay_start_ratio: 0.01
decay_min_factor: 0.3
bandwith_kernel: None
no_interact: False
avg_score: -409.32000732421875
median_score: -409.5
std_score: 34.34614181518555
percentiles: 2%=-473.1199951171875, 5%=-469.0, 10%=-455.3999938964844, 25%=-433.0, 50%=-409.5, 75%=-385.0, 90%=-364.20001220703125, 95%=-350.0, 98%=-348.8599853515625
ranking_best_algo: CMAL3
ranking_best_score: 435.36
ranking_my_rank: 175/504 (65.5%)
ranking_my_percent: 65.47619047619048
