ConfigName: krbf__advnormalizedfitness__M4__L10__eps0p015__g0p007__ds0p3__dm0p3
Problem: QUBO
Kernel: rbf
Advantage: normalizedfitness
M: 4
lambda: 10
epsilon_svgd: 0.015
gamma: 0.007
decay_start_ratio: 0.3
decay_min_factor: 0.3
bandwith_kernel: None
no_interact: False
avg_score: -299.8599853515625
median_score: -290.0
std_score: 40.7094612121582
percentiles: 2%=-390.0400085449219, 5%=-388.0, 10%=-355.0, 25%=-323.0, 50%=-290.0, 75%=-270.0, 90%=-251.8000030517578, 95%=-246.95001220703125, 98%=-243.91998291015625
ranking_best_algo: CMApara
ranking_best_score: 319.29999999999995
ranking_my_rank: 231/504 (54.4%)
ranking_my_percent: 54.36507936507937
