ConfigName: krbf__advnormalizedfitness__M3__L15__eps0p025__g0p01__ds0p3__dm0p3
Problem: QUBO
Kernel: rbf
Advantage: normalizedfitness
M: 3
lambda: 15
epsilon_svgd: 0.025
gamma: 0.01
decay_start_ratio: 0.3
decay_min_factor: 0.3
bandwith_kernel: None
no_interact: False
avg_score: -201.1199951171875
median_score: -201.5
std_score: 12.646961212158203
percentiles: 2%=-224.0, 5%=-224.0, 10%=-221.10000610351562, 25%=-208.0, 50%=-201.5, 75%=-194.0, 90%=-181.0, 95%=-178.95001220703125, 98%=-175.97999572753906
ranking_best_algo: Tabu
ranking_best_score: 208.36000000000004
ranking_my_rank: 42/504 (91.9%)
ranking_my_percent: 91.86507936507937
