ConfigName: krbf__advnormalizedfitness__M4__L12__eps0p033__g0p01__ds0p01__dm0p3
Problem: NK
Kernel: rbf
Advantage: normalizedfitness
M: 4
lambda: 12
epsilon_svgd: 0.033
gamma: 0.01
decay_start_ratio: 0.01
decay_min_factor: 0.3
bandwith_kernel: None
no_interact: False
avg_score: 0.7340783476829529
median_score: 0.7349270582199097
std_score: 0.018929658457636833
percentiles: 2%=0.7019953727722168, 5%=0.7055252194404602, 10%=0.7096823453903198, 25%=0.7203428745269775, 50%=0.7349270582199097, 75%=0.7481120824813843, 90%=0.759552001953125, 95%=0.766552209854126, 98%=0.771639883518219
ranking_best_algo: Tabu
ranking_best_score: 0.7470791764843752
ranking_my_rank: 22/504 (95.8%)
ranking_my_percent: 95.83333333333333
