ConfigName: kjsd__advperagentrankweighted__M4__L12__eps0p005__g0p001__ds0p1__dm0p2
Problem: QUBO
Kernel: jsd
Advantage: peragentrankweighted
M: 4
lambda: 12
epsilon_svgd: 0.005
gamma: 0.001
decay_start_ratio: 0.1
decay_min_factor: 0.2
bandwith_kernel: None
no_interact: False
avg_score: -334.55999755859375
median_score: -337.5
std_score: 21.098018646240234
percentiles: 2%=-372.0, 5%=-372.0, 10%=-357.0, 25%=-350.0, 50%=-337.5, 75%=-323.75, 90%=-303.79998779296875, 95%=-297.70001220703125, 98%=-289.8800048828125
ranking_best_algo: CMApara
ranking_best_score: 344.22
ranking_my_rank: 62/504 (87.9%)
ranking_my_percent: 87.89682539682539
