ConfigName: krbf__advnormalizedfitness__M4__L12__eps0p033__g0p015__ds0p3__dm0p01
Problem: QUBO
Kernel: rbf
Advantage: normalizedfitness
M: 4
lambda: 12
epsilon_svgd: 0.033
gamma: 0.015
decay_start_ratio: 0.3
decay_min_factor: 0.01
bandwith_kernel: None
no_interact: False
avg_score: -1078.5400390625
median_score: -1074.0
std_score: 83.8148422241211
percentiles: 2%=-1272.5799560546875, 5%=-1209.0999755859375, 10%=-1169.9000244140625, 25%=-1133.5, 50%=-1074.0, 75%=-1027.0, 90%=-972.2999877929688, 95%=-940.550048828125, 98%=-929.5599365234375
ranking_best_algo: Tabu
ranking_best_score: 1216.16
ranking_my_rank: 224/504 (55.8%)
ranking_my_percent: 55.75396825396825
