ConfigName: krbf__advnormalizedfitness__M3__L8__eps0p015__g0p015__ds0p15__dm0p3
Problem: QUBO
Kernel: rbf
Advantage: normalizedfitness
M: 3
lambda: 8
epsilon_svgd: 0.015
gamma: 0.015
decay_start_ratio: 0.15
decay_min_factor: 0.3
bandwith_kernel: None
no_interact: False
avg_score: -829.219970703125
median_score: -833.0
std_score: 79.98656463623047
percentiles: 2%=-973.1400146484375, 5%=-955.1500244140625, 10%=-932.2999877929688, 25%=-893.25, 50%=-833.0, 75%=-771.0, 90%=-727.9000244140625, 95%=-713.3001708984375, 98%=-638.97998046875
ranking_best_algo: CMApara
ranking_best_score: 964.9
ranking_my_rank: 272/504 (46.2%)
ranking_my_percent: 46.23015873015873
