ConfigName: kjsd__advperagentrankweighted__M4__L28__eps0p005__g0p0005__ds0p05__dm0p05
Problem: NK
Kernel: jsd
Advantage: peragentrankweighted
M: 4
lambda: 28
epsilon_svgd: 0.005
gamma: 0.0005
decay_start_ratio: 0.05
decay_min_factor: 0.05
bandwith_kernel: None
no_interact: False
avg_score: 0.7464147806167603
median_score: 0.7461158037185669
std_score: 0.009038170799612999
percentiles: 2%=0.728203535079956, 5%=0.7298133373260498, 10%=0.7358232140541077, 25%=0.7404363751411438, 50%=0.7461158037185669, 75%=0.7533169388771057, 90%=0.7583436369895935, 95%=0.7603621482849121, 98%=0.7645254135131836
ranking_best_algo: PBIL
ranking_best_score: 0.733570253046875
ranking_my_rank: 1/504 (100.0%)
ranking_my_percent: 100.0
