ConfigName: kjsd__advperagentrankweighted__M3__L18__eps0p007__g0p001__ds0p1__dm0p1
Problem: QUBO
Kernel: jsd
Advantage: peragentrankweighted
M: 3
lambda: 18
epsilon_svgd: 0.007
gamma: 0.001
decay_start_ratio: 0.1
decay_min_factor: 0.1
bandwith_kernel: None
no_interact: False
avg_score: -146.63999938964844
median_score: -146.0
std_score: 12.299202919006348
percentiles: 2%=-179.0, 5%=-164.0, 10%=-160.0, 25%=-155.0, 50%=-146.0, 75%=-139.0, 90%=-131.0, 95%=-127.0, 98%=-124.77999877929688
ranking_best_algo: CMApara
ranking_best_score: 154.28
ranking_my_rank: 110/504 (78.4%)
ranking_my_percent: 78.37301587301587
