ConfigName: kfr__advglobalrankweighted__M4__L5__eps0p06__g0p001__ds0p01__dm0p01
Problem: QUBO
Kernel: fr
Advantage: globalrankweighted
M: 4
lambda: 5
epsilon_svgd: 0.06
gamma: 0.001
decay_start_ratio: 0.01
decay_min_factor: 0.01
bandwith_kernel: None
no_interact: False
avg_score: -360.760009765625
median_score: -357.5
std_score: 30.607553482055664
percentiles: 2%=-424.1000061035156, 5%=-402.5, 10%=-396.20001220703125, 25%=-388.5, 50%=-357.5, 75%=-338.0, 90%=-324.0, 95%=-313.8999938964844, 98%=-309.79998779296875
ranking_best_algo: Tabu
ranking_best_score: 438.12
ranking_my_rank: 315/504 (37.7%)
ranking_my_percent: 37.698412698412696
