ConfigName: krbf__advnormalizedfitness__M2__L8__eps0p015__g0p007__ds0p01__dm0p01
Problem: QUBO
Kernel: rbf
Advantage: normalizedfitness
M: 2
lambda: 8
epsilon_svgd: 0.015
gamma: 0.007
decay_start_ratio: 0.01
decay_min_factor: 0.01
bandwith_kernel: None
no_interact: False
avg_score: -137.13999938964844
median_score: -138.0
std_score: 12.341004371643066
percentiles: 2%=-159.02000427246094, 5%=-156.0500030517578, 10%=-152.1999969482422, 25%=-146.0, 50%=-138.0, 75%=-128.0, 90%=-120.9000015258789, 95%=-117.94999694824219, 98%=-112.87999725341797
ranking_best_algo: DiscreteDE
ranking_best_score: 143.4
ranking_my_rank: 164/504 (67.7%)
ranking_my_percent: 67.65873015873017
