ConfigName: krbf__advnormalizedfitness__M4__L12__eps0p033__g0p015__ds0p15__dm0p3
Problem: QUBO
Kernel: rbf
Advantage: normalizedfitness
M: 4
lambda: 12
epsilon_svgd: 0.033
gamma: 0.015
decay_start_ratio: 0.15
decay_min_factor: 0.3
bandwith_kernel: None
no_interact: False
avg_score: -192.66000366210938
median_score: -193.0
std_score: 14.63982105255127
percentiles: 2%=-224.0, 5%=-218.10000610351562, 10%=-211.0, 25%=-203.0, 50%=-193.0, 75%=-182.0, 90%=-173.89999389648438, 95%=-168.0, 98%=-164.0
ranking_best_algo: Tabu
ranking_best_score: 208.36000000000004
ranking_my_rank: 227/504 (55.2%)
ranking_my_percent: 55.15873015873016
