ConfigName: kjsd__advperagentrankweighted__M4__L8__eps0p03__g0p0007__ds0p2__dm0p05
Problem: QUBO
Kernel: jsd
Advantage: peragentrankweighted
M: 4
lambda: 8
epsilon_svgd: 0.03
gamma: 0.0007
decay_start_ratio: 0.2
decay_min_factor: 0.05
bandwith_kernel: None
no_interact: False
avg_score: -1577.6199951171875
median_score: -1579.0
std_score: 59.30426025390625
percentiles: 2%=-1694.06005859375, 5%=-1682.5, 10%=-1652.5, 25%=-1610.25, 50%=-1579.0, 75%=-1536.75, 90%=-1506.4000244140625, 95%=-1486.4000244140625, 98%=-1466.9200439453125
ranking_best_algo: NLOPT_LN_PRAXIS
ranking_best_score: 1607.12
ranking_my_rank: 44/504 (91.5%)
ranking_my_percent: 91.46825396825396
