ConfigName: kjsd__advperagentrankweighted__M5__L8__eps0p02__g0p0007__ds0p2__dm0p05
Problem: QUBO
Kernel: jsd
Advantage: peragentrankweighted
M: 5
lambda: 8
epsilon_svgd: 0.02
gamma: 0.0007
decay_start_ratio: 0.2
decay_min_factor: 0.05
bandwith_kernel: None
no_interact: False
avg_score: -424.6400146484375
median_score: -422.0
std_score: 27.493824005126953
percentiles: 2%=-477.1600036621094, 5%=-467.20001220703125, 10%=-462.0, 25%=-447.0, 50%=-422.0, 75%=-404.0, 90%=-388.79998779296875, 95%=-380.95001220703125, 98%=-375.8399963378906
ranking_best_algo: CMAL3
ranking_best_score: 435.36
ranking_my_rank: 30/504 (94.2%)
ranking_my_percent: 94.24603174603175
