ConfigName: kfr__advglobalrankweighted__M4__L11__eps0p015__g0p005__ds0p01__dm0p01
Problem: QUBO
Kernel: fr
Advantage: globalrankweighted
M: 4
lambda: 11
epsilon_svgd: 0.015
gamma: 0.005
decay_start_ratio: 0.01
decay_min_factor: 0.01
bandwith_kernel: None
no_interact: False
avg_score: -582.7000122070312
median_score: -585.5
std_score: 27.434104919433594
percentiles: 2%=-627.1199951171875, 5%=-625.0, 10%=-617.0999755859375, 25%=-602.0, 50%=-585.5, 75%=-562.75, 90%=-542.7000122070312, 95%=-532.9000244140625, 98%=-526.719970703125
ranking_best_algo: Tabu
ranking_best_score: 588.7199999999999
ranking_my_rank: 6/503 (99.0%)
ranking_my_percent: 99.00596421471172
