ConfigName: krbf__advnormalizedfitness__M3__L15__eps0p033__g0p01__ds0p15__dm0p01
Problem: NK
Kernel: rbf
Advantage: normalizedfitness
M: 3
lambda: 15
epsilon_svgd: 0.033
gamma: 0.01
decay_start_ratio: 0.15
decay_min_factor: 0.01
bandwith_kernel: None
no_interact: False
avg_score: 0.6558167338371277
median_score: 0.6494642496109009
std_score: 0.02283996157348156
percentiles: 2%=0.6240725517272949, 5%=0.6261777877807617, 10%=0.6318161487579346, 25%=0.6392824649810791, 50%=0.6494642496109009, 75%=0.6688474416732788, 90%=0.6903097033500671, 95%=0.7001075148582458, 98%=0.7086309790611267
ranking_best_algo: PBIL
ranking_best_score: 0.7170882103515624
ranking_my_rank: 247/504 (51.2%)
ranking_my_percent: 51.19047619047619
