ConfigName: krbf__advnormalizedfitness__M1__L8__eps0p015__g0p005__ds0p15__dm0p3
Problem: QUBO
Kernel: rbf
Advantage: normalizedfitness
M: 1
lambda: 8
epsilon_svgd: 0.015
gamma: 0.005
decay_start_ratio: 0.15
decay_min_factor: 0.3
bandwith_kernel: None
no_interact: False
avg_score: -2582.1201171875
median_score: -2586.5
std_score: 133.67298889160156
percentiles: 2%=-2854.360107421875, 5%=-2799.35009765625, 10%=-2752.199951171875, 25%=-2669.75, 50%=-2586.5, 75%=-2497.25, 90%=-2418.39990234375, 95%=-2341.0, 98%=-2328.760009765625
ranking_best_algo: DiscreteLengler2OnePlusOne
ranking_best_score: 2617.04
ranking_my_rank: 47/504 (90.9%)
ranking_my_percent: 90.87301587301587
