ConfigName: krbf__advnormalizedfitness__M2__L8__eps0p015__g0p007__ds0p3__dm0p01
Problem: QUBO
Kernel: rbf
Advantage: normalizedfitness
M: 2
lambda: 8
epsilon_svgd: 0.015
gamma: 0.007
decay_start_ratio: 0.3
decay_min_factor: 0.01
bandwith_kernel: None
no_interact: False
avg_score: -200.39999389648438
median_score: -201.0
std_score: 13.33416748046875
percentiles: 2%=-224.0, 5%=-222.10000610351562, 10%=-220.0, 25%=-207.0, 50%=-201.0, 75%=-193.0, 90%=-180.89999389648438, 95%=-176.0, 98%=-175.9600067138672
ranking_best_algo: Tabu
ranking_best_score: 208.36000000000004
ranking_my_rank: 47/504 (90.9%)
ranking_my_percent: 90.87301587301587
