ConfigName: krbf__advnormalizedfitness__M4__L15__eps0p015__g0p01__ds0p15__dm0p3
Problem: QUBO
Kernel: rbf
Advantage: normalizedfitness
M: 4
lambda: 15
epsilon_svgd: 0.015
gamma: 0.01
decay_start_ratio: 0.15
decay_min_factor: 0.3
bandwith_kernel: None
no_interact: False
avg_score: -247.6199951171875
median_score: -241.5
std_score: 28.222251892089844
percentiles: 2%=-335.0799865722656, 5%=-306.79998779296875, 10%=-280.8999938964844, 25%=-257.25, 50%=-241.5, 75%=-227.75, 90%=-221.89999389648438, 95%=-215.95001220703125, 98%=-214.91998291015625
ranking_best_algo: Tabu
ranking_best_score: 588.7199999999999
ranking_my_rank: 393/503 (22.1%)
ranking_my_percent: 22.067594433399602
