ConfigName: kfr__advglobalrankweighted__M6__L9__eps0p02__g0p003__ds0p01__dm0p01
Problem: QUBO
Kernel: fr
Advantage: globalrankweighted
M: 6
lambda: 9
epsilon_svgd: 0.02
gamma: 0.003
decay_start_ratio: 0.01
decay_min_factor: 0.01
bandwith_kernel: None
no_interact: False
avg_score: -1257.56005859375
median_score: -1261.0
std_score: 63.82026672363281
percentiles: 2%=-1383.239990234375, 5%=-1364.25, 10%=-1342.199951171875, 25%=-1305.0, 50%=-1261.0, 75%=-1220.5, 90%=-1186.4000244140625, 95%=-1160.6500244140625, 98%=-1112.97998046875
ranking_best_algo: BigLognormalDiscreteOnePlusOne
ranking_best_score: 1301.3600000000004
ranking_my_rank: 53/504 (89.7%)
ranking_my_percent: 89.68253968253968
