ConfigName: krbf__advnormalizedfitness__M3__L10__eps0p015__g0p005__ds0p01__dm0p01
Problem: QUBO
Kernel: rbf
Advantage: normalizedfitness
M: 3
lambda: 10
epsilon_svgd: 0.015
gamma: 0.005
decay_start_ratio: 0.01
decay_min_factor: 0.01
bandwith_kernel: None
no_interact: False
avg_score: -1578.9200439453125
median_score: -1585.5
std_score: 70.50172424316406
percentiles: 2%=-1712.06005859375, 5%=-1692.050048828125, 10%=-1662.5999755859375, 25%=-1629.0, 50%=-1585.5, 75%=-1536.75, 90%=-1488.699951171875, 95%=-1469.900146484375, 98%=-1428.4798583984375
ranking_best_algo: NLOPT_LN_PRAXIS
ranking_best_score: 1607.12
ranking_my_rank: 43/504 (91.7%)
ranking_my_percent: 91.66666666666667
