ConfigName: kjsd__advperagentrankweighted__M3__L16__eps0p01__g0p0005__ds0p2__dm0p05
Problem: NK
Kernel: jsd
Advantage: peragentrankweighted
M: 3
lambda: 16
epsilon_svgd: 0.01
gamma: 0.0005
decay_start_ratio: 0.2
decay_min_factor: 0.05
bandwith_kernel: None
no_interact: False
avg_score: 0.7100176811218262
median_score: 0.6987258791923523
std_score: 0.031335748732089996
percentiles: 2%=0.6718205809593201, 5%=0.6742256879806519, 10%=0.6751067638397217, 25%=0.6814378499984741, 50%=0.6987258791923523, 75%=0.7450265288352966, 90%=0.7524471879005432, 95%=0.7584580183029175, 98%=0.7613165378570557
ranking_best_algo: CMApara
ranking_best_score: 0.7118996098437498
ranking_my_rank: 34/504 (93.5%)
ranking_my_percent: 93.45238095238095
