ConfigName: kjsd__advperagentrankweighted__M3__L20__eps0p007__g0p001__ds0p2__dm0p2
Problem: QUBO
Kernel: jsd
Advantage: peragentrankweighted
M: 3
lambda: 20
epsilon_svgd: 0.007
gamma: 0.001
decay_start_ratio: 0.2
decay_min_factor: 0.2
bandwith_kernel: None
no_interact: False
avg_score: -3278.6201171875
median_score: -3281.5
std_score: 134.7727508544922
percentiles: 2%=-3533.360107421875, 5%=-3498.050048828125, 10%=-3440.39990234375, 25%=-3368.25, 50%=-3281.5, 75%=-3180.5, 90%=-3104.300048828125, 95%=-3077.39990234375, 98%=-3028.659912109375
ranking_best_algo: RLSOnePlusOne
ranking_best_score: 3316.5199999999995
ranking_my_rank: 11/504 (98.0%)
ranking_my_percent: 98.01587301587301
