ConfigName: kfr__advglobalrankweighted__M2__L11__eps0p02__g0p005__ds0p01__dm0p01
Problem: QUBO
Kernel: fr
Advantage: globalrankweighted
M: 2
lambda: 11
epsilon_svgd: 0.02
gamma: 0.005
decay_start_ratio: 0.01
decay_min_factor: 0.01
bandwith_kernel: None
no_interact: False
avg_score: -2566.280029296875
median_score: -2575.0
std_score: 118.85100555419922
percentiles: 2%=-2807.1201171875, 5%=-2754.64990234375, 10%=-2729.10009765625, 25%=-2638.75, 50%=-2575.0, 75%=-2478.75, 90%=-2409.800048828125, 95%=-2384.050048828125, 98%=-2347.47998046875
ranking_best_algo: SVM1MetaModelLogNormal
ranking_best_score: 2605.14
ranking_my_rank: 15/504 (97.2%)
ranking_my_percent: 97.22222222222223
