ConfigName: kjsd__advperagentrankweighted__M3__L20__eps0p01__g0p0005__ds0p05__dm0p2
Problem: QUBO
Kernel: jsd
Advantage: peragentrankweighted
M: 3
lambda: 20
epsilon_svgd: 0.01
gamma: 0.0005
decay_start_ratio: 0.05
decay_min_factor: 0.2
bandwith_kernel: None
no_interact: False
avg_score: -411.3800048828125
median_score: -414.0
std_score: 28.56038475036621
percentiles: 2%=-461.239990234375, 5%=-457.0, 10%=-446.20001220703125, 25%=-430.25, 50%=-414.0, 75%=-390.75, 90%=-371.79998779296875, 95%=-361.8999938964844, 98%=-353.9599914550781
ranking_best_algo: Tabu
ranking_best_score: 438.12
ranking_my_rank: 79/504 (84.5%)
ranking_my_percent: 84.52380952380952
