ConfigName: kjsd__advperagentrankweighted__M4__L12__eps0p03__g0p0005__ds0p05__dm0p05
Problem: QUBO
Kernel: jsd
Advantage: peragentrankweighted
M: 4
lambda: 12
epsilon_svgd: 0.03
gamma: 0.0005
decay_start_ratio: 0.05
decay_min_factor: 0.05
bandwith_kernel: None
no_interact: False
avg_score: -2541.159912109375
median_score: -2540.5
std_score: 118.7783432006836
percentiles: 2%=-2785.0, 5%=-2732.14990234375, 10%=-2698.699951171875, 25%=-2605.25, 50%=-2540.5, 75%=-2460.0, 90%=-2387.199951171875, 95%=-2358.550048828125, 98%=-2306.43994140625
ranking_best_algo: SVM1MetaModelLogNormal
ranking_best_score: 2605.14
ranking_my_rank: 44/504 (91.5%)
ranking_my_percent: 91.46825396825396
