ConfigName: kjsd__advperagentrankweighted__M6__L10__eps0p005__g0p0005__ds0p3__dm0p05
Problem: NK
Kernel: jsd
Advantage: peragentrankweighted
M: 6
lambda: 10
epsilon_svgd: 0.005
gamma: 0.0005
decay_start_ratio: 0.3
decay_min_factor: 0.05
bandwith_kernel: None
no_interact: False
avg_score: 0.7458440661430359
median_score: 0.7418513298034668
std_score: 0.028359118849039078
percentiles: 2%=0.7014034986495972, 5%=0.7113924622535706, 10%=0.7144117951393127, 25%=0.7261307239532471, 50%=0.7418513298034668, 75%=0.7585474252700806, 90%=0.7783373594284058, 95%=0.8109943270683289, 98%=0.8118547797203064
ranking_best_algo: CMApara
ranking_best_score: 0.7459277895312499
ranking_my_rank: 2/504 (99.8%)
ranking_my_percent: 99.8015873015873
