ConfigName: kfr__advglobalrankweighted__M5__L8__eps0p01__g0p003__ds0p01__dm0p01
Problem: QUBO
Kernel: fr
Advantage: globalrankweighted
M: 5
lambda: 8
epsilon_svgd: 0.01
gamma: 0.003
decay_start_ratio: 0.01
decay_min_factor: 0.01
bandwith_kernel: None
no_interact: False
avg_score: -414.4800109863281
median_score: -414.0
std_score: 28.11564826965332
percentiles: 2%=-471.0400085449219, 5%=-454.1499938964844, 10%=-452.0, 25%=-431.75, 50%=-414.0, 75%=-396.0, 90%=-381.6000061035156, 95%=-367.8000183105469, 98%=-347.9599914550781
ranking_best_algo: Tabu
ranking_best_score: 438.12
ranking_my_rank: 53/504 (89.7%)
ranking_my_percent: 89.68253968253968
