ConfigName: kfr__advglobalrankweighted__M6__L7__eps0p01__g0p007__ds0p01__dm0p01
Problem: QUBO
Kernel: fr
Advantage: globalrankweighted
M: 6
lambda: 7
epsilon_svgd: 0.01
gamma: 0.007
decay_start_ratio: 0.01
decay_min_factor: 0.01
bandwith_kernel: None
no_interact: False
avg_score: -410.5
median_score: -412.0
std_score: 27.628787994384766
percentiles: 2%=-463.0400085449219, 5%=-455.1000061035156, 10%=-447.1000061035156, 25%=-428.25, 50%=-412.0, 75%=-387.5, 90%=-375.79998779296875, 95%=-369.70001220703125, 98%=-362.0
ranking_best_algo: Tabu
ranking_best_score: 438.12
ranking_my_rank: 89/504 (82.5%)
ranking_my_percent: 82.53968253968254
