ConfigName: kjsd__advperagentrankweighted__M5__L24__eps0p03__g0p0005__ds0p05__dm0p05
Problem: NK
Kernel: jsd
Advantage: peragentrankweighted
M: 5
lambda: 24
epsilon_svgd: 0.03
gamma: 0.0005
decay_start_ratio: 0.05
decay_min_factor: 0.05
bandwith_kernel: None
no_interact: False
avg_score: 0.7280978560447693
median_score: 0.7277973890304565
std_score: 0.008154885843396187
percentiles: 2%=0.7132211327552795, 5%=0.7151266932487488, 10%=0.7176300287246704, 25%=0.7223899960517883, 50%=0.7277973890304565, 75%=0.7335429191589355, 90%=0.7387306690216064, 95%=0.7425886392593384, 98%=0.7449524998664856
ranking_best_algo: Tabu
ranking_best_score: 0.7429702712499999
ranking_my_rank: 2/504 (99.8%)
ranking_my_percent: 99.8015873015873
