ConfigName: kjsd__advperagentrankweighted__M6__L24__eps0p005__g0p0005__ds0p3__dm0p05
Problem: NK
Kernel: jsd
Advantage: peragentrankweighted
M: 6
lambda: 24
epsilon_svgd: 0.005
gamma: 0.0005
decay_start_ratio: 0.3
decay_min_factor: 0.05
bandwith_kernel: None
no_interact: False
avg_score: 0.7519329190254211
median_score: 0.7526284456253052
std_score: 0.01345011219382286
percentiles: 2%=0.7252951860427856, 5%=0.7306326031684875, 10%=0.7345618009567261, 25%=0.7404911518096924, 50%=0.7526284456253052, 75%=0.76290363073349, 90%=0.7691199779510498, 95%=0.7712211608886719, 98%=0.7736700773239136
ranking_best_algo: Tabu
ranking_best_score: 0.7657846284375001
ranking_my_rank: 14/504 (97.4%)
ranking_my_percent: 97.42063492063492
