ConfigName: krbf__advnormalizedfitness__M3__L15__eps0p03__g0p01__ds0p05__dm0p05
Problem: NK
Kernel: rbf
Advantage: normalizedfitness
M: 3
lambda: 15
epsilon_svgd: 0.03
gamma: 0.01
decay_start_ratio: 0.05
decay_min_factor: 0.05
bandwith_kernel: None
no_interact: False
avg_score: 0.7533999085426331
median_score: 0.7555373907089233
std_score: 0.013123197481036186
percentiles: 2%=0.7283576726913452, 5%=0.7299470901489258, 10%=0.7345054745674133, 25%=0.7445201277732849, 50%=0.7555373907089233, 75%=0.7629125118255615, 90%=0.7699019908905029, 95%=0.7717245221138, 98%=0.7720642685890198
ranking_best_algo: Tabu
ranking_best_score: 0.7657846284375001
ranking_my_rank: 9/504 (98.4%)
ranking_my_percent: 98.41269841269842
