ConfigName: krbf__advnormalizedfitness__M4__L10__eps0p033__g0p01__ds0p01__dm0p01
Problem: NK
Kernel: rbf
Advantage: normalizedfitness
M: 4
lambda: 10
epsilon_svgd: 0.033
gamma: 0.01
decay_start_ratio: 0.01
decay_min_factor: 0.01
bandwith_kernel: None
no_interact: False
avg_score: 0.7415422201156616
median_score: 0.7395918965339661
std_score: 0.016540901735424995
percentiles: 2%=0.7144760489463806, 5%=0.7184165716171265, 10%=0.7230450510978699, 25%=0.7300198674201965, 50%=0.7395918965339661, 75%=0.7527080774307251, 90%=0.7663555145263672, 95%=0.7705433368682861, 98%=0.7791199088096619
ranking_best_algo: Tabu
ranking_best_score: 0.7601875690625
ranking_my_rank: 12/504 (97.8%)
ranking_my_percent: 97.81746031746032
