ConfigName: kjsd__advperagentrankweighted__M3__L16__eps0p005__g0p003__ds0p1__dm0p2
Problem: QUBO
Kernel: jsd
Advantage: peragentrankweighted
M: 3
lambda: 16
epsilon_svgd: 0.005
gamma: 0.003
decay_start_ratio: 0.1
decay_min_factor: 0.2
bandwith_kernel: None
no_interact: False
avg_score: -846.6799926757812
median_score: -845.5
std_score: 74.33570861816406
percentiles: 2%=-990.4000244140625, 5%=-969.7000122070312, 10%=-940.7999877929688, 25%=-895.5, 50%=-845.5, 75%=-795.0, 90%=-751.2000122070312, 95%=-726.7999877929688, 98%=-719.5399780273438
ranking_best_algo: CMAL3
ranking_best_score: 928.5800000000002
ranking_my_rank: 221/504 (56.3%)
ranking_my_percent: 56.34920634920635
