ConfigName: krbf__advnormalizedfitness__M3__L10__eps0p015__g0p015__ds0p01__dm0p3
Problem: NK
Kernel: rbf
Advantage: normalizedfitness
M: 3
lambda: 10
epsilon_svgd: 0.015
gamma: 0.015
decay_start_ratio: 0.01
decay_min_factor: 0.3
bandwith_kernel: None
no_interact: False
avg_score: 0.6469258666038513
median_score: 0.6458390355110168
std_score: 0.011418472044169903
percentiles: 2%=0.6286769509315491, 5%=0.6304166913032532, 10%=0.634725034236908, 25%=0.6391388177871704, 50%=0.6458390355110168, 75%=0.6526415944099426, 90%=0.6628378629684448, 95%=0.6700184941291809, 98%=0.6729608178138733
ranking_best_algo: Tabu
ranking_best_score: 0.7601875690625
ranking_my_rank: 385/504 (23.8%)
ranking_my_percent: 23.80952380952381
