ConfigName: kfr__advglobalrankweighted__M1__L8__eps0p02__g0p003__ds0p01__dm0p01
Problem: QUBO
Kernel: fr
Advantage: globalrankweighted
M: 1
lambda: 8
epsilon_svgd: 0.02
gamma: 0.003
decay_start_ratio: 0.01
decay_min_factor: 0.01
bandwith_kernel: None
no_interact: False
avg_score: -839.4000244140625
median_score: -834.0
std_score: 73.20806121826172
percentiles: 2%=-982.5800170898438, 5%=-975.2000122070312, 10%=-949.2999877929688, 25%=-883.25, 50%=-834.0, 75%=-790.75, 90%=-749.0, 95%=-736.6500244140625, 98%=-713.8800048828125
ranking_best_algo: CMAL3
ranking_best_score: 928.5800000000002
ranking_my_rank: 243/504 (52.0%)
ranking_my_percent: 51.98412698412698
