ConfigName: kjsd__advperagentrankweighted__M3__L18__eps0p007__g0p001__ds0p1__dm0p1
Problem: NK
Kernel: jsd
Advantage: peragentrankweighted
M: 3
lambda: 18
epsilon_svgd: 0.007
gamma: 0.001
decay_start_ratio: 0.1
decay_min_factor: 0.1
bandwith_kernel: None
no_interact: False
avg_score: 0.7203282713890076
median_score: 0.7202298641204834
std_score: 0.008882498368620872
percentiles: 2%=0.7060697078704834, 5%=0.7066414952278137, 10%=0.7086919546127319, 25%=0.7130975723266602, 50%=0.7202298641204834, 75%=0.7269188165664673, 90%=0.7312647104263306, 95%=0.735910177230835, 98%=0.7396566271781921
ranking_best_algo: PBIL
ranking_best_score: 0.7170882103515624
ranking_my_rank: 1/504 (100.0%)
ranking_my_percent: 100.0
