ConfigName: kjsd__advperagentrankweighted__M5__L24__eps0p008__g0p0005__ds0p3__dm0p05
Problem: QUBO
Kernel: jsd
Advantage: peragentrankweighted
M: 5
lambda: 24
epsilon_svgd: 0.008
gamma: 0.0005
decay_start_ratio: 0.3
decay_min_factor: 0.05
bandwith_kernel: None
no_interact: False
avg_score: -442.6199951171875
median_score: -449.0
std_score: 26.64836883544922
percentiles: 2%=-487.1000061035156, 5%=-481.0, 10%=-473.1000061035156, 25%=-464.0, 50%=-449.0, 75%=-419.75, 90%=-405.8999938964844, 95%=-402.95001220703125, 98%=-392.82000732421875
ranking_best_algo: CMApara
ranking_best_score: 453.82
ranking_my_rank: 9/504 (98.4%)
ranking_my_percent: 98.41269841269842
