ConfigName: krbf__advnormalizedfitness__M3__L15__eps0p033__g0p007__ds0p3__dm0p3
Problem: QUBO
Kernel: rbf
Advantage: normalizedfitness
M: 3
lambda: 15
epsilon_svgd: 0.033
gamma: 0.007
decay_start_ratio: 0.3
decay_min_factor: 0.3
bandwith_kernel: None
no_interact: False
avg_score: -311.3399963378906
median_score: -311.0
std_score: 38.11252212524414
percentiles: 2%=-394.0400085449219, 5%=-388.1000061035156, 10%=-356.5999755859375, 25%=-336.5, 50%=-311.0, 75%=-275.0, 90%=-268.0, 95%=-264.0, 98%=-262.0
ranking_best_algo: CMApara
ranking_best_score: 319.29999999999995
ranking_my_rank: 39/504 (92.5%)
ranking_my_percent: 92.46031746031746
