ConfigName: kjsd__advperagentrankweighted__M3__L20__eps0p007__g0p001__ds0p1__dm0p1
Problem: QUBO
Kernel: jsd
Advantage: peragentrankweighted
M: 3
lambda: 20
epsilon_svgd: 0.007
gamma: 0.001
decay_start_ratio: 0.1
decay_min_factor: 0.1
bandwith_kernel: None
no_interact: False
avg_score: -199.63999938964844
median_score: -201.0
std_score: 12.064427375793457
percentiles: 2%=-224.0, 5%=-222.10000610351562, 10%=-215.0, 25%=-209.0, 50%=-201.0, 75%=-191.0, 90%=-185.0, 95%=-178.9499969482422, 98%=-176.0
ranking_best_algo: Tabu
ranking_best_score: 208.36000000000004
ranking_my_rank: 67/504 (86.9%)
ranking_my_percent: 86.9047619047619
