ConfigName: kjsd__advperagentrankweighted__M4__L12__eps0p02__g0p0007__ds0p05__dm0p05
Problem: NK
Kernel: jsd
Advantage: peragentrankweighted
M: 4
lambda: 12
epsilon_svgd: 0.02
gamma: 0.0007
decay_start_ratio: 0.05
decay_min_factor: 0.05
bandwith_kernel: None
no_interact: False
avg_score: 0.7080880999565125
median_score: 0.7100661396980286
std_score: 0.015519360080361366
percentiles: 2%=0.6659339666366577, 5%=0.6716852188110352, 10%=0.6937726736068726, 25%=0.7054517269134521, 50%=0.7100661396980286, 75%=0.7157632112503052, 90%=0.725241482257843, 95%=0.7306167483329773, 98%=0.7325934767723083
ranking_best_algo: CMApara
ranking_best_score: 0.707475975
ranking_my_rank: 1/504 (100.0%)
ranking_my_percent: 100.0
