ConfigName: kjsd__advperagentrankweighted__M2__L20__eps0p005__g0p0005__ds0p2__dm0p05
Problem: QUBO
Kernel: jsd
Advantage: peragentrankweighted
M: 2
lambda: 20
epsilon_svgd: 0.005
gamma: 0.0005
decay_start_ratio: 0.2
decay_min_factor: 0.05
bandwith_kernel: None
no_interact: False
avg_score: -144.3800048828125
median_score: -145.0
std_score: 15.652973175048828
percentiles: 2%=-179.0, 5%=-179.0, 10%=-158.1999969482422, 25%=-154.0, 50%=-145.0, 75%=-135.0, 90%=-125.9000015258789, 95%=-116.94999694824219, 98%=-109.9800033569336
ranking_best_algo: CMApara
ranking_best_score: 154.28
ranking_my_rank: 182/504 (64.1%)
ranking_my_percent: 64.08730158730158
