ConfigName: kjsd__advperagentrankweighted__M3__L18__eps0p01__g0p0007__ds0p05__dm0p05
Problem: QUBO
Kernel: jsd
Advantage: peragentrankweighted
M: 3
lambda: 18
epsilon_svgd: 0.01
gamma: 0.0007
decay_start_ratio: 0.05
decay_min_factor: 0.05
bandwith_kernel: None
no_interact: False
avg_score: -2655.06005859375
median_score: -2658.0
std_score: 112.54420471191406
percentiles: 2%=-2883.47998046875, 5%=-2855.25, 10%=-2801.0, 25%=-2716.25, 50%=-2658.0, 75%=-2601.5, 90%=-2496.89990234375, 95%=-2443.89990234375, 98%=-2435.760009765625
ranking_best_algo: DiscreteLengler2OnePlusOne
ranking_best_score: 2617.04
ranking_my_rank: 1/504 (100.0%)
ranking_my_percent: 100.0
