ConfigName: kjsd__advperagentrankweighted__M4__L8__eps0p03__g0p0005__ds0p05__dm0p05
Problem: QUBO
Kernel: jsd
Advantage: peragentrankweighted
M: 4
lambda: 8
epsilon_svgd: 0.03
gamma: 0.0005
decay_start_ratio: 0.05
decay_min_factor: 0.05
bandwith_kernel: None
no_interact: False
avg_score: -2549.580078125
median_score: -2543.5
std_score: 121.68756866455078
percentiles: 2%=-2797.56005859375, 5%=-2761.0, 10%=-2720.10009765625, 25%=-2617.25, 50%=-2543.5, 75%=-2470.25, 90%=-2418.5, 95%=-2337.85009765625, 98%=-2283.780029296875
ranking_best_algo: DiscreteLengler2OnePlusOne
ranking_best_score: 2617.04
ranking_my_rank: 55/504 (89.3%)
ranking_my_percent: 89.28571428571429
