ConfigName: krbf__advnormalizedfitness__M3__L24__eps0p03__g0p005__ds0p15__dm0p05
Problem: QUBO
Kernel: rbf
Advantage: normalizedfitness
M: 3
lambda: 24
epsilon_svgd: 0.03
gamma: 0.005
decay_start_ratio: 0.15
decay_min_factor: 0.05
bandwith_kernel: None
no_interact: False
avg_score: -428.6199951171875
median_score: -427.0
std_score: 27.608251571655273
percentiles: 2%=-479.0, 5%=-473.0, 10%=-467.0, 25%=-447.5, 50%=-427.0, 75%=-414.0, 90%=-392.8999938964844, 95%=-384.95001220703125, 98%=-370.94000244140625
ranking_best_algo: CMAL3
ranking_best_score: 435.36
ranking_my_rank: 15/504 (97.2%)
ranking_my_percent: 97.22222222222223
