ConfigName: krbf__advnormalizedfitness__M3__L10__eps0p025__g0p007__ds0p3__dm0p01
Problem: NK
Kernel: rbf
Advantage: normalizedfitness
M: 3
lambda: 10
epsilon_svgd: 0.025
gamma: 0.007
decay_start_ratio: 0.3
decay_min_factor: 0.01
bandwith_kernel: None
no_interact: False
avg_score: 0.7561776638031006
median_score: 0.7569209933280945
std_score: 0.013450711965560913
percentiles: 2%=0.7267523407936096, 5%=0.7333211898803711, 10%=0.739290177822113, 25%=0.7470477819442749, 50%=0.7569209933280945, 75%=0.7647520303726196, 90%=0.7739886045455933, 95%=0.7780782580375671, 98%=0.7806947231292725
ranking_best_algo: Tabu
ranking_best_score: 0.7657846284375001
ranking_my_rank: 3/504 (99.6%)
ranking_my_percent: 99.60317460317461
