ConfigName: krbf__advnormalizedfitness__M3__L8__eps0p025__g0p005__ds0p15__dm0p01
Problem: QUBO
Kernel: rbf
Advantage: normalizedfitness
M: 3
lambda: 8
epsilon_svgd: 0.025
gamma: 0.005
decay_start_ratio: 0.15
decay_min_factor: 0.01
bandwith_kernel: None
no_interact: False
avg_score: -578.2999877929688
median_score: -575.0
std_score: 28.48631477355957
percentiles: 2%=-635.0, 5%=-629.0, 10%=-617.5999755859375, 25%=-596.5, 50%=-575.0, 75%=-558.75, 90%=-542.7999877929688, 95%=-536.9500122070312, 98%=-534.9400024414062
ranking_best_algo: Tabu
ranking_best_score: 588.7199999999999
ranking_my_rank: 42/503 (91.8%)
ranking_my_percent: 91.84890656063618
