ConfigName: kjsd__advperagentrankweighted__M5__L8__eps0p005__g0p003__ds0p4__dm0p2
Problem: NK
Kernel: jsd
Advantage: peragentrankweighted
M: 5
lambda: 8
epsilon_svgd: 0.005
gamma: 0.003
decay_start_ratio: 0.4
decay_min_factor: 0.2
bandwith_kernel: None
no_interact: False
avg_score: 0.5750476717948914
median_score: 0.5740655660629272
std_score: 0.0063314358703792095
percentiles: 2%=0.566460371017456, 5%=0.5669572353363037, 10%=0.5685160756111145, 25%=0.5712875127792358, 50%=0.5740655660629272, 75%=0.5772428512573242, 90%=0.5831936597824097, 95%=0.5868653059005737, 98%=0.590569794178009
ranking_best_algo: PBIL
ranking_best_score: 0.7170882103515624
ranking_my_rank: 387/504 (23.4%)
ranking_my_percent: 23.41269841269841
