ConfigName: krbf__advnormalizedfitness__M3__L12__eps0p025__g0p007__ds0p15__dm0p01
Problem: NK
Kernel: rbf
Advantage: normalizedfitness
M: 3
lambda: 12
epsilon_svgd: 0.025
gamma: 0.007
decay_start_ratio: 0.15
decay_min_factor: 0.01
bandwith_kernel: None
no_interact: False
avg_score: 0.7249042391777039
median_score: 0.725034236907959
std_score: 0.012509080581367016
percentiles: 2%=0.7016153335571289, 5%=0.7029932737350464, 10%=0.7076283097267151, 25%=0.7168837785720825, 50%=0.725034236907959, 75%=0.7327315807342529, 90%=0.739754855632782, 95%=0.7448215484619141, 98%=0.7507492303848267
ranking_best_algo: Tabu
ranking_best_score: 0.7429702712499999
ranking_my_rank: 4/504 (99.4%)
ranking_my_percent: 99.4047619047619
