ConfigName: krbf__advnormalizedfitness__M3__L15__eps0p025__g0p015__ds0p15__dm0p01
Problem: QUBO
Kernel: rbf
Advantage: normalizedfitness
M: 3
lambda: 15
epsilon_svgd: 0.025
gamma: 0.015
decay_start_ratio: 0.15
decay_min_factor: 0.01
bandwith_kernel: None
no_interact: False
avg_score: -2304.43994140625
median_score: -2294.0
std_score: 183.25567626953125
percentiles: 2%=-2671.06005859375, 5%=-2621.35009765625, 10%=-2569.0, 25%=-2442.25, 50%=-2294.0, 75%=-2183.5, 90%=-2053.199951171875, 95%=-2027.2501220703125, 98%=-1971.8197021484375
ranking_best_algo: DiscreteLengler2OnePlusOne
ranking_best_score: 2617.04
ranking_my_rank: 162/504 (68.1%)
ranking_my_percent: 68.05555555555556
