ConfigName: krbf__advnormalizedfitness__M4__L12__eps0p033__g0p015__ds0p15__dm0p01
Problem: NK
Kernel: rbf
Advantage: normalizedfitness
M: 4
lambda: 12
epsilon_svgd: 0.033
gamma: 0.015
decay_start_ratio: 0.15
decay_min_factor: 0.01
bandwith_kernel: None
no_interact: False
avg_score: 0.7453601956367493
median_score: 0.7423104643821716
std_score: 0.028288355097174644
percentiles: 2%=0.7053036689758301, 5%=0.7073311805725098, 10%=0.7107304334640503, 25%=0.7227599024772644, 50%=0.7423104643821716, 75%=0.7585474252700806, 90%=0.777946949005127, 95%=0.8053173422813416, 98%=0.8118547797203064
ranking_best_algo: CMApara
ranking_best_score: 0.7459277895312499
ranking_my_rank: 2/504 (99.8%)
ranking_my_percent: 99.8015873015873
