ConfigName: kjsd__advperagentrankweighted__M4__L30__eps0p005__g0p0005__ds0p2__dm0p05
Problem: QUBO
Kernel: jsd
Advantage: peragentrankweighted
M: 4
lambda: 30
epsilon_svgd: 0.005
gamma: 0.0005
decay_start_ratio: 0.2
decay_min_factor: 0.05
bandwith_kernel: None
no_interact: False
avg_score: -311.5799865722656
median_score: -306.0
std_score: 39.0192756652832
percentiles: 2%=-398.0400085449219, 5%=-390.20001220703125, 10%=-359.79998779296875, 25%=-342.0, 50%=-306.0, 75%=-274.75, 90%=-269.79998779296875, 95%=-265.8999938964844, 98%=-258.94000244140625
ranking_best_algo: CMApara
ranking_best_score: 319.29999999999995
ranking_my_rank: 38/504 (92.7%)
ranking_my_percent: 92.65873015873017
