ConfigName: kfr__advglobalrankweighted__M4__L10__eps0p015__g0p005__ds0p01__dm0p01
Problem: QUBO
Kernel: fr
Advantage: globalrankweighted
M: 4
lambda: 10
epsilon_svgd: 0.015
gamma: 0.005
decay_start_ratio: 0.01
decay_min_factor: 0.01
bandwith_kernel: None
no_interact: False
avg_score: -139.22000122070312
median_score: -139.0
std_score: 11.16385269165039
percentiles: 2%=-158.02000427246094, 5%=-158.0, 10%=-155.0, 25%=-146.0, 50%=-139.0, 75%=-131.0, 90%=-126.80000305175781, 95%=-121.0, 98%=-118.83999633789062
ranking_best_algo: DiscreteDE
ranking_best_score: 143.4
ranking_my_rank: 86/504 (83.1%)
ranking_my_percent: 83.13492063492063
