ConfigName: kjsd__advperagentrankweighted__M4__L8__eps0p005__g0p0005__ds0p4__dm0p2
Problem: NK
Kernel: jsd
Advantage: peragentrankweighted
M: 4
lambda: 8
epsilon_svgd: 0.005
gamma: 0.0005
decay_start_ratio: 0.4
decay_min_factor: 0.2
bandwith_kernel: None
no_interact: False
avg_score: 0.7095189690589905
median_score: 0.7108550071716309
std_score: 0.015672974288463593
percentiles: 2%=0.6701892018318176, 5%=0.6716659665107727, 10%=0.6923639178276062, 25%=0.7062816619873047, 50%=0.7108550071716309, 75%=0.718339204788208, 90%=0.7254753112792969, 95%=0.7323442697525024, 98%=0.7328524589538574
ranking_best_algo: CMApara
ranking_best_score: 0.707475975
ranking_my_rank: 1/504 (100.0%)
ranking_my_percent: 100.0
