ConfigName: krbf__advnormalizedfitness__M4__L10__eps0p02__g0p001__ds0p05__dm0p05
Problem: QUBO
Kernel: rbf
Advantage: normalizedfitness
M: 4
lambda: 10
epsilon_svgd: 0.02
gamma: 0.001
decay_start_ratio: 0.05
decay_min_factor: 0.05
bandwith_kernel: None
no_interact: False
avg_score: -412.3599853515625
median_score: -415.0
std_score: 24.887554168701172
percentiles: 2%=-471.1199951171875, 5%=-451.3999938964844, 10%=-439.29998779296875, 25%=-426.0, 50%=-415.0, 75%=-398.0, 90%=-376.0, 95%=-368.0, 98%=-363.9599914550781
ranking_best_algo: Tabu
ranking_best_score: 438.12
ranking_my_rank: 67/504 (86.9%)
ranking_my_percent: 86.9047619047619
