ConfigName: kjsd__advperagentrankweighted__M3__L16__eps0p005__g0p003__ds0p1__dm0p05
Problem: QUBO
Kernel: jsd
Advantage: peragentrankweighted
M: 3
lambda: 16
epsilon_svgd: 0.005
gamma: 0.003
decay_start_ratio: 0.1
decay_min_factor: 0.05
bandwith_kernel: None
no_interact: False
avg_score: -570.719970703125
median_score: -571.5
std_score: 27.625381469726562
percentiles: 2%=-629.0800170898438, 5%=-621.0999755859375, 10%=-609.2000122070312, 25%=-588.0, 50%=-571.5, 75%=-551.5, 90%=-531.0, 95%=-527.9500122070312, 98%=-522.8599853515625
ranking_best_algo: Tabu
ranking_best_score: 588.7199999999999
ranking_my_rank: 65/503 (87.3%)
ranking_my_percent: 87.27634194831013
