ConfigName: krbf__advnormalizedfitness__M4__L12__eps0p025__g0p007__ds0p01__dm0p01
Problem: QUBO
Kernel: rbf
Advantage: normalizedfitness
M: 4
lambda: 12
epsilon_svgd: 0.025
gamma: 0.007
decay_start_ratio: 0.01
decay_min_factor: 0.01
bandwith_kernel: None
no_interact: False
avg_score: -139.89999389648438
median_score: -143.0
std_score: 11.474754333496094
percentiles: 2%=-160.0, 5%=-156.10000610351562, 10%=-155.0, 25%=-148.25, 50%=-143.0, 75%=-130.75, 90%=-127.0, 95%=-120.90000915527344, 98%=-116.93998718261719
ranking_best_algo: DiscreteDE
ranking_best_score: 143.4
ranking_my_rank: 80/504 (84.3%)
ranking_my_percent: 84.32539682539682
