ConfigName: kjsd__advperagentrankweighted__M6__L28__eps0p005__g0p0005__ds0p3__dm0p05
Problem: QUBO
Kernel: jsd
Advantage: peragentrankweighted
M: 6
lambda: 28
epsilon_svgd: 0.005
gamma: 0.0005
decay_start_ratio: 0.3
decay_min_factor: 0.05
bandwith_kernel: None
no_interact: False
avg_score: -412.17999267578125
median_score: -414.0
std_score: 25.253267288208008
percentiles: 2%=-463.20001220703125, 5%=-453.04998779296875, 10%=-444.29998779296875, 25%=-429.25, 50%=-414.0, 75%=-392.0, 90%=-379.79998779296875, 95%=-373.8999938964844, 98%=-365.9200134277344
ranking_best_algo: Tabu
ranking_best_score: 438.12
ranking_my_rank: 72/504 (85.9%)
ranking_my_percent: 85.91269841269842
