ConfigName: kjsd__advperagentrankweighted__M3__L24__eps0p007__g0p0005__ds0p2__dm0p05
Problem: QUBO
Kernel: jsd
Advantage: peragentrankweighted
M: 3
lambda: 24
epsilon_svgd: 0.007
gamma: 0.0005
decay_start_ratio: 0.2
decay_min_factor: 0.05
bandwith_kernel: None
no_interact: False
avg_score: -146.39999389648438
median_score: -146.0
std_score: 13.785499572753906
percentiles: 2%=-179.0, 5%=-179.0, 10%=-158.1999969482422, 25%=-155.0, 50%=-146.0, 75%=-139.0, 90%=-130.8000030517578, 95%=-119.0, 98%=-116.95999908447266
ranking_best_algo: CMApara
ranking_best_score: 154.28
ranking_my_rank: 124/504 (75.6%)
ranking_my_percent: 75.5952380952381
