ConfigName: kfr__advglobalrankweighted__M1__L8__eps0p02__g0p003__ds0p01__dm0p01
Problem: QUBO
Kernel: fr
Advantage: globalrankweighted
M: 1
lambda: 8
epsilon_svgd: 0.02
gamma: 0.003
decay_start_ratio: 0.01
decay_min_factor: 0.01
bandwith_kernel: None
no_interact: False
avg_score: -375.8800048828125
median_score: -370.0
std_score: 31.497709274291992
percentiles: 2%=-447.0400085449219, 5%=-437.1499938964844, 10%=-420.6000061035156, 25%=-394.0, 50%=-370.0, 75%=-355.75, 90%=-338.0, 95%=-324.0, 98%=-317.91998291015625
ranking_best_algo: Tabu
ranking_best_score: 438.12
ranking_my_rank: 269/504 (46.8%)
ranking_my_percent: 46.82539682539682
