ConfigName: kjsd__advperagentrankweighted__M3__L30__eps0p007__g0p001__ds0p05__dm0p05
Problem: QUBO
Kernel: jsd
Advantage: peragentrankweighted
M: 3
lambda: 30
epsilon_svgd: 0.007
gamma: 0.001
decay_start_ratio: 0.05
decay_min_factor: 0.05
bandwith_kernel: None
no_interact: False
avg_score: -1238.199951171875
median_score: -1230.5
std_score: 65.86547088623047
percentiles: 2%=-1360.0799560546875, 5%=-1354.050048828125, 10%=-1332.0999755859375, 25%=-1294.75, 50%=-1230.5, 75%=-1193.0, 90%=-1164.300048828125, 95%=-1129.949951171875, 98%=-1104.8199462890625
ranking_best_algo: SVMMetaModelLogNormal
ranking_best_score: 1233.7999999999997
ranking_my_rank: 1/504 (100.0%)
ranking_my_percent: 100.0
