ConfigName: kjsd__advperagentrankweighted__M5__L10__eps0p02__g0p0007__ds0p05__dm0p05
Problem: NK
Kernel: jsd
Advantage: peragentrankweighted
M: 5
lambda: 10
epsilon_svgd: 0.02
gamma: 0.0007
decay_start_ratio: 0.05
decay_min_factor: 0.05
bandwith_kernel: None
no_interact: False
avg_score: 0.7383542656898499
median_score: 0.7395639419555664
std_score: 0.01326755527406931
percentiles: 2%=0.715543270111084, 5%=0.7184590697288513, 10%=0.7229644656181335, 25%=0.7287710309028625, 50%=0.7395639419555664, 75%=0.7472657561302185, 90%=0.7529031038284302, 95%=0.7590860724449158, 98%=0.7678046226501465
ranking_best_algo: Tabu
ranking_best_score: 0.7601875690625
ranking_my_rank: 19/504 (96.4%)
ranking_my_percent: 96.42857142857143
