ConfigName: kjsd__advperagentrankweighted__M4__L20__eps0p005__g0p0005__ds0p05__dm0p2
Problem: QUBO
Kernel: jsd
Advantage: peragentrankweighted
M: 4
lambda: 20
epsilon_svgd: 0.005
gamma: 0.0005
decay_start_ratio: 0.05
decay_min_factor: 0.2
bandwith_kernel: None
no_interact: False
avg_score: -2546.56005859375
median_score: -2538.0
std_score: 134.95779418945312
percentiles: 2%=-2802.0400390625, 5%=-2765.0, 10%=-2712.300048828125, 25%=-2658.5, 50%=-2538.0, 75%=-2450.75, 90%=-2378.5, 95%=-2339.300048828125, 98%=-2293.320068359375
ranking_best_algo: SVM1MetaModelLogNormal
ranking_best_score: 2605.14
ranking_my_rank: 42/504 (91.9%)
ranking_my_percent: 91.86507936507937
