ConfigName: kjsd__advperagentrankweighted__M3__L20__eps0p007__g0p0007__ds0p1__dm0p1
Problem: QUBO
Kernel: jsd
Advantage: peragentrankweighted
M: 3
lambda: 20
epsilon_svgd: 0.007
gamma: 0.0007
decay_start_ratio: 0.1
decay_min_factor: 0.1
bandwith_kernel: None
no_interact: False
avg_score: -440.55999755859375
median_score: -443.0
std_score: 25.760560989379883
percentiles: 2%=-489.05999755859375, 5%=-485.1000061035156, 10%=-472.0, 25%=-460.0, 50%=-443.0, 75%=-417.75, 90%=-406.0, 95%=-401.0, 98%=-388.9800109863281
ranking_best_algo: CMApara
ranking_best_score: 453.82
ranking_my_rank: 14/504 (97.4%)
ranking_my_percent: 97.42063492063492
