ConfigName: kjsd__advperagentrankweighted__M3__L20__eps0p007__g0p0005__ds0p2__dm0p1
Problem: QUBO
Kernel: jsd
Advantage: peragentrankweighted
M: 3
lambda: 20
epsilon_svgd: 0.007
gamma: 0.0005
decay_start_ratio: 0.2
decay_min_factor: 0.1
bandwith_kernel: None
no_interact: False
avg_score: -2609.340087890625
median_score: -2606.0
std_score: 111.19048309326172
percentiles: 2%=-2812.139892578125, 5%=-2794.300048828125, 10%=-2768.199951171875, 25%=-2689.0, 50%=-2606.0, 75%=-2535.0, 90%=-2460.300048828125, 95%=-2413.699951171875, 98%=-2398.93994140625
ranking_best_algo: SVM1MetaModelLogNormal
ranking_best_score: 2605.14
ranking_my_rank: 1/504 (100.0%)
ranking_my_percent: 100.0
