ConfigName: krbf__advnormalizedfitness__M3__L12__eps0p025__g0p007__ds0p3__dm0p01
Problem: QUBO
Kernel: rbf
Advantage: normalizedfitness
M: 3
lambda: 12
epsilon_svgd: 0.025
gamma: 0.007
decay_start_ratio: 0.3
decay_min_factor: 0.01
bandwith_kernel: None
no_interact: False
avg_score: -1273.300048828125
median_score: -1269.5
std_score: 66.60548400878906
percentiles: 2%=-1394.239990234375, 5%=-1387.1500244140625, 10%=-1366.300048828125, 25%=-1323.0, 50%=-1269.5, 75%=-1225.0, 90%=-1184.5999755859375, 95%=-1176.4500732421875, 98%=-1150.9599609375
ranking_best_algo: BigLognormalDiscreteOnePlusOne
ranking_best_score: 1301.3600000000004
ranking_my_rank: 45/504 (91.3%)
ranking_my_percent: 91.26984126984127
