ConfigName: kjsd__advperagentrankweighted__M3__L18__eps0p007__g0p0007__ds0p2__dm0p2
Problem: QUBO
Kernel: jsd
Advantage: peragentrankweighted
M: 3
lambda: 18
epsilon_svgd: 0.007
gamma: 0.0007
decay_start_ratio: 0.2
decay_min_factor: 0.2
bandwith_kernel: None
no_interact: False
avg_score: -306.5400085449219
median_score: -302.0
std_score: 39.00446319580078
percentiles: 2%=-392.0, 5%=-384.29998779296875, 10%=-351.6000061035156, 25%=-332.5, 50%=-302.0, 75%=-272.0, 90%=-262.8999938964844, 95%=-255.89999389648438, 98%=-251.9199981689453
ranking_best_algo: CMApara
ranking_best_score: 319.29999999999995
ranking_my_rank: 113/504 (77.8%)
ranking_my_percent: 77.77777777777777
