ConfigName: kjsd__advperagentrankweighted__M3__L16__eps0p007__g0p0007__ds0p1__dm0p05
Problem: QUBO
Kernel: jsd
Advantage: peragentrankweighted
M: 3
lambda: 16
epsilon_svgd: 0.007
gamma: 0.0007
decay_start_ratio: 0.1
decay_min_factor: 0.05
bandwith_kernel: None
no_interact: False
avg_score: -2641.919921875
median_score: -2634.0
std_score: 113.10240173339844
percentiles: 2%=-2873.47998046875, 5%=-2824.25, 10%=-2780.800048828125, 25%=-2728.25, 50%=-2634.0, 75%=-2573.5, 90%=-2486.89990234375, 95%=-2475.699951171875, 98%=-2418.659912109375
ranking_best_algo: DiscreteLengler2OnePlusOne
ranking_best_score: 2617.04
ranking_my_rank: 1/504 (100.0%)
ranking_my_percent: 100.0
