ConfigName: kfr__advglobalrankweighted__M4__L5__eps0p01__g0p007__ds0p01__dm0p01
Problem: NK
Kernel: fr
Advantage: globalrankweighted
M: 4
lambda: 5
epsilon_svgd: 0.01
gamma: 0.007
decay_start_ratio: 0.01
decay_min_factor: 0.01
bandwith_kernel: None
no_interact: False
avg_score: 0.7411095499992371
median_score: 0.7406983375549316
std_score: 0.010708402842283249
percentiles: 2%=0.7236801385879517, 5%=0.7253848314285278, 10%=0.7278763651847839, 25%=0.7335765957832336, 50%=0.7406983375549316, 75%=0.7494678497314453, 90%=0.7548619508743286, 95%=0.7590175271034241, 98%=0.7621811032295227
ranking_best_algo: PBIL
ranking_best_score: 0.733570253046875
ranking_my_rank: 1/504 (100.0%)
ranking_my_percent: 100.0
