ConfigName: kfr__advglobalrankweighted__M4__L12__eps0p02__g0p005__ds0p01__dm0p01
Problem: QUBO
Kernel: fr
Advantage: globalrankweighted
M: 4
lambda: 12
epsilon_svgd: 0.02
gamma: 0.005
decay_start_ratio: 0.01
decay_min_factor: 0.01
bandwith_kernel: None
no_interact: False
avg_score: -923.280029296875
median_score: -919.0
std_score: 62.553192138671875
percentiles: 2%=-1048.02001953125, 5%=-1032.0, 10%=-1008.2000122070312, 25%=-962.75, 50%=-919.0, 75%=-876.75, 90%=-836.7999877929688, 95%=-827.0, 98%=-814.7599487304688
ranking_best_algo: CMApara
ranking_best_score: 964.9
ranking_my_rank: 24/504 (95.4%)
ranking_my_percent: 95.43650793650794
