ConfigName: krbf__advnormalizedfitness__M3__L12__eps0p025__g0p005__ds0p01__dm0p01
Problem: QUBO
Kernel: rbf
Advantage: normalizedfitness
M: 3
lambda: 12
epsilon_svgd: 0.025
gamma: 0.005
decay_start_ratio: 0.01
decay_min_factor: 0.01
bandwith_kernel: None
no_interact: False
avg_score: -201.27999877929688
median_score: -201.0
std_score: 11.665401458740234
percentiles: 2%=-222.0, 5%=-220.10000610351562, 10%=-219.0, 25%=-210.25, 50%=-201.0, 75%=-192.0, 90%=-185.89999389648438, 95%=-181.90000915527344, 98%=-178.97999572753906
ranking_best_algo: Tabu
ranking_best_score: 208.36000000000004
ranking_my_rank: 41/504 (92.1%)
ranking_my_percent: 92.06349206349206
