ConfigName: krbf__advnormalizedfitness__M1__L8__eps0p015__g0p005__ds0p15__dm0p01
Problem: NK
Kernel: rbf
Advantage: normalizedfitness
M: 1
lambda: 8
epsilon_svgd: 0.015
gamma: 0.005
decay_start_ratio: 0.15
decay_min_factor: 0.01
bandwith_kernel: None
no_interact: False
avg_score: 0.7330238223075867
median_score: 0.7305734157562256
std_score: 0.030170466750860214
percentiles: 2%=0.6847227811813354, 5%=0.6885091066360474, 10%=0.6991021633148193, 25%=0.7121096849441528, 50%=0.7305734157562256, 75%=0.7457700967788696, 90%=0.7656498551368713, 95%=0.8030531406402588, 98%=0.8118547797203064
ranking_best_algo: CMApara
ranking_best_score: 0.7459277895312499
ranking_my_rank: 134/504 (73.6%)
ranking_my_percent: 73.61111111111111
