ConfigName: krbf__advnormalizedfitness__M4__L10__eps0p015__g0p015__ds0p3__dm0p3
Problem: NK
Kernel: rbf
Advantage: normalizedfitness
M: 4
lambda: 10
epsilon_svgd: 0.015
gamma: 0.015
decay_start_ratio: 0.3
decay_min_factor: 0.3
bandwith_kernel: None
no_interact: False
avg_score: 0.6309249401092529
median_score: 0.6282777786254883
std_score: 0.012935269623994827
percentiles: 2%=0.6092455387115479, 5%=0.6133511066436768, 10%=0.6152352094650269, 25%=0.6215074062347412, 50%=0.6282777786254883, 75%=0.6403632760047913, 90%=0.6508938074111938, 95%=0.6522347331047058, 98%=0.6549274921417236
ranking_best_algo: Tabu
ranking_best_score: 0.7470791764843752
ranking_my_rank: 375/504 (25.8%)
ranking_my_percent: 25.793650793650794
