ConfigName: kjsd__advperagentrankweighted__M6__L28__eps0p005__g0p0005__ds0p05__dm0p05
Problem: QUBO
Kernel: jsd
Advantage: peragentrankweighted
M: 6
lambda: 28
epsilon_svgd: 0.005
gamma: 0.0005
decay_start_ratio: 0.05
decay_min_factor: 0.05
bandwith_kernel: None
no_interact: False
avg_score: -2244.159912109375
median_score: -2237.5
std_score: 155.26292419433594
percentiles: 2%=-2540.139892578125, 5%=-2504.39990234375, 10%=-2462.5, 25%=-2354.5, 50%=-2237.5, 75%=-2135.0, 90%=-2049.39990234375, 95%=-2003.5999755859375, 98%=-1960.6199951171875
ranking_best_algo: SVM1MetaModelLogNormal
ranking_best_score: 2605.14
ranking_my_rank: 173/504 (65.9%)
ranking_my_percent: 65.87301587301587
