ConfigName: krbf__advnormalizedfitness__M2__L8__eps0p033__g0p01__ds0p01__dm0p01
Problem: QUBO
Kernel: rbf
Advantage: normalizedfitness
M: 2
lambda: 8
epsilon_svgd: 0.033
gamma: 0.01
decay_start_ratio: 0.01
decay_min_factor: 0.01
bandwith_kernel: None
no_interact: False
avg_score: -1172.6400146484375
median_score: -1171.0
std_score: 47.25516128540039
percentiles: 2%=-1277.1600341796875, 5%=-1252.300048828125, 10%=-1232.5999755859375, 25%=-1205.25, 50%=-1171.0, 75%=-1138.0, 90%=-1117.5999755859375, 95%=-1096.6500244140625, 98%=-1075.800048828125
ranking_best_algo: Tabu
ranking_best_score: 1216.16
ranking_my_rank: 85/504 (83.3%)
ranking_my_percent: 83.33333333333333
