ConfigName: krbf__advnormalizedfitness__M4__L24__eps0p03__g0p005__ds0p15__dm0p05
Problem: NK
Kernel: rbf
Advantage: normalizedfitness
M: 4
lambda: 24
epsilon_svgd: 0.03
gamma: 0.005
decay_start_ratio: 0.15
decay_min_factor: 0.05
bandwith_kernel: None
no_interact: False
avg_score: 0.7534064650535583
median_score: 0.7532449960708618
std_score: 0.012960001826286316
percentiles: 2%=0.7288762927055359, 5%=0.7325658798217773, 10%=0.7371224761009216, 25%=0.7452572584152222, 50%=0.7532449960708618, 75%=0.7636586427688599, 90%=0.7706454992294312, 95%=0.7737667560577393, 98%=0.777250349521637
ranking_best_algo: Tabu
ranking_best_score: 0.7657846284375001
ranking_my_rank: 9/504 (98.4%)
ranking_my_percent: 98.41269841269842
