ConfigName: krbf__advnormalizedfitness__M3__L12__eps0p033__g0p005__ds0p15__dm0p3
Problem: QUBO
Kernel: rbf
Advantage: normalizedfitness
M: 3
lambda: 12
epsilon_svgd: 0.033
gamma: 0.005
decay_start_ratio: 0.15
decay_min_factor: 0.3
bandwith_kernel: None
no_interact: False
avg_score: -579.3400268554688
median_score: -578.0
std_score: 24.872562408447266
percentiles: 2%=-622.260009765625, 5%=-617.2000122070312, 10%=-610.0, 25%=-599.0, 50%=-578.0, 75%=-562.25, 90%=-548.9000244140625, 95%=-538.9500122070312, 98%=-536.8399658203125
ranking_best_algo: Tabu
ranking_best_score: 588.7199999999999
ranking_my_rank: 41/503 (92.0%)
ranking_my_percent: 92.04771371769384
