ConfigName: kjsd__advperagentrankweighted__M4__L8__eps0p01__g0p0007__ds0p05__dm0p05
Problem: QUBO
Kernel: jsd
Advantage: peragentrankweighted
M: 4
lambda: 8
epsilon_svgd: 0.01
gamma: 0.0007
decay_start_ratio: 0.05
decay_min_factor: 0.05
bandwith_kernel: None
no_interact: False
avg_score: -1246.8599853515625
median_score: -1234.0
std_score: 58.98237228393555
percentiles: 2%=-1365.47998046875, 5%=-1342.199951171875, 10%=-1325.0999755859375, 25%=-1289.25, 50%=-1234.0, 75%=-1204.5, 90%=-1182.800048828125, 95%=-1170.5, 98%=-1144.719970703125
ranking_best_algo: SVMMetaModelLogNormal
ranking_best_score: 1233.7999999999997
ranking_my_rank: 1/504 (100.0%)
ranking_my_percent: 100.0
