ConfigName: kjsd__advperagentrankweighted__M5__L10__eps0p005__g0p0005__ds0p05__dm0p05
Problem: NK
Kernel: jsd
Advantage: peragentrankweighted
M: 5
lambda: 10
epsilon_svgd: 0.005
gamma: 0.0005
decay_start_ratio: 0.05
decay_min_factor: 0.05
bandwith_kernel: None
no_interact: False
avg_score: 0.7339842319488525
median_score: 0.7339391708374023
std_score: 0.009209754876792431
percentiles: 2%=0.7192239165306091, 5%=0.7204388380050659, 10%=0.7231497764587402, 25%=0.7269836664199829, 50%=0.7339391708374023, 75%=0.7400235533714294, 90%=0.7452017664909363, 95%=0.7499022483825684, 98%=0.7525300979614258
ranking_best_algo: Tabu
ranking_best_score: 0.7429702712499999
ranking_my_rank: 2/504 (99.8%)
ranking_my_percent: 99.8015873015873
