ConfigName: kjsd__advperagentrankweighted__M4__L10__eps0p02__g0p0003__ds0p2__dm0p05
Problem: NK
Kernel: jsd
Advantage: peragentrankweighted
M: 4
lambda: 10
epsilon_svgd: 0.02
gamma: 0.0003
decay_start_ratio: 0.2
decay_min_factor: 0.05
bandwith_kernel: None
no_interact: False
avg_score: 0.7077860236167908
median_score: 0.6945608854293823
std_score: 0.03197278082370758
percentiles: 2%=0.6677076816558838, 5%=0.67188960313797, 10%=0.6738848686218262, 25%=0.6791727542877197, 50%=0.6945608854293823, 75%=0.7419734001159668, 90%=0.7534111738204956, 95%=0.7567710876464844, 98%=0.7613165378570557
ranking_best_algo: CMApara
ranking_best_score: 0.7118996098437498
ranking_my_rank: 83/504 (83.7%)
ranking_my_percent: 83.73015873015873
