ConfigName: kjsd__advperagentrankweighted__M3__L18__eps0p007__g0p001__ds0p2__dm0p05
Problem: QUBO
Kernel: jsd
Advantage: peragentrankweighted
M: 3
lambda: 18
epsilon_svgd: 0.007
gamma: 0.001
decay_start_ratio: 0.2
decay_min_factor: 0.05
bandwith_kernel: None
no_interact: False
avg_score: -310.4599914550781
median_score: -307.0
std_score: 39.18556213378906
percentiles: 2%=-396.0, 5%=-392.0, 10%=-359.79998779296875, 25%=-335.5, 50%=-307.0, 75%=-279.0, 90%=-266.0, 95%=-263.6000061035156, 98%=-246.0
ranking_best_algo: CMApara
ranking_best_score: 319.29999999999995
ranking_my_rank: 59/504 (88.5%)
ranking_my_percent: 88.4920634920635
