ConfigName: kjsd__advperagentrankweighted__M3__L30__eps0p005__g0p0005__ds0p2__dm0p2
Problem: NK
Kernel: jsd
Advantage: peragentrankweighted
M: 3
lambda: 30
epsilon_svgd: 0.005
gamma: 0.0005
decay_start_ratio: 0.2
decay_min_factor: 0.2
bandwith_kernel: None
no_interact: False
avg_score: 0.7547425031661987
median_score: 0.7575679421424866
std_score: 0.014264358207583427
percentiles: 2%=0.7258313894271851, 5%=0.7286032438278198, 10%=0.7340306043624878, 25%=0.745060920715332, 50%=0.7575679421424866, 75%=0.7651541233062744, 90%=0.7707726359367371, 95%=0.7746443152427673, 98%=0.7795937061309814
ranking_best_algo: Tabu
ranking_best_score: 0.7657846284375001
ranking_my_rank: 7/504 (98.8%)
ranking_my_percent: 98.80952380952381
