ConfigName: kfr__advglobalrankweighted__M6__L9__eps0p01__g0p005__ds0p01__dm0p01
Problem: QUBO
Kernel: fr
Advantage: globalrankweighted
M: 6
lambda: 9
epsilon_svgd: 0.01
gamma: 0.005
decay_start_ratio: 0.01
decay_min_factor: 0.01
bandwith_kernel: None
no_interact: False
avg_score: -1089.0799560546875
median_score: -1094.5
std_score: 71.11043548583984
percentiles: 2%=-1230.06005859375, 5%=-1205.699951171875, 10%=-1174.300048828125, 25%=-1139.0, 50%=-1094.5, 75%=-1043.25, 90%=-992.7000122070312, 95%=-982.0001220703125, 98%=-949.5399169921875
ranking_best_algo: BigLognormalDiscreteOnePlusOne
ranking_best_score: 1301.3600000000004
ranking_my_rank: 208/504 (58.9%)
ranking_my_percent: 58.92857142857143
