ConfigName: kjsd__advperagentrankweighted__M6__L8__eps0p02__g0p0007__ds0p2__dm0p05
Problem: QUBO
Kernel: jsd
Advantage: peragentrankweighted
M: 6
lambda: 8
epsilon_svgd: 0.02
gamma: 0.0007
decay_start_ratio: 0.2
decay_min_factor: 0.05
bandwith_kernel: None
no_interact: False
avg_score: -332.4200134277344
median_score: -336.5
std_score: 18.37344741821289
percentiles: 2%=-361.2200012207031, 5%=-355.0, 10%=-350.29998779296875, 25%=-343.0, 50%=-336.5, 75%=-323.0, 90%=-307.79998779296875, 95%=-298.0, 98%=-291.8999938964844
ranking_best_algo: CMApara
ranking_best_score: 344.22
ranking_my_rank: 72/504 (85.9%)
ranking_my_percent: 85.91269841269842
