ConfigName: kjsd__advperagentrankweighted__M3__L20__eps0p005__g0p003__ds0p1__dm0p2
Problem: QUBO
Kernel: jsd
Advantage: peragentrankweighted
M: 3
lambda: 20
epsilon_svgd: 0.005
gamma: 0.003
decay_start_ratio: 0.1
decay_min_factor: 0.2
bandwith_kernel: None
no_interact: False
avg_score: -795.1199951171875
median_score: -792.5
std_score: 74.97442626953125
percentiles: 2%=-955.02001953125, 5%=-932.0499877929688, 10%=-894.4000244140625, 25%=-841.25, 50%=-792.5, 75%=-741.0, 90%=-713.0, 95%=-675.75, 98%=-648.8200073242188
ranking_best_algo: CMAL3
ranking_best_score: 928.5800000000002
ranking_my_rank: 276/504 (45.4%)
ranking_my_percent: 45.43650793650794
