ConfigName: krbf__advnormalizedfitness__M3__L10__eps0p03__g0p01__ds0p05__dm0p05
Problem: QUBO
Kernel: rbf
Advantage: normalizedfitness
M: 3
lambda: 10
epsilon_svgd: 0.03
gamma: 0.01
decay_start_ratio: 0.05
decay_min_factor: 0.05
bandwith_kernel: None
no_interact: False
avg_score: -1215.47998046875
median_score: -1219.5
std_score: 68.24125671386719
percentiles: 2%=-1339.199951171875, 5%=-1327.050048828125, 10%=-1302.300048828125, 25%=-1266.25, 50%=-1219.5, 75%=-1160.75, 90%=-1132.5999755859375, 95%=-1111.0, 98%=-1067.8599853515625
ranking_best_algo: SVMMetaModelLogNormal
ranking_best_score: 1233.7999999999997
ranking_my_rank: 41/504 (92.1%)
ranking_my_percent: 92.06349206349206
