ConfigName: kjsd__advperagentrankweighted__M3__L30__eps0p007__g0p0005__ds0p05__dm0p2
Problem: QUBO
Kernel: jsd
Advantage: peragentrankweighted
M: 3
lambda: 30
epsilon_svgd: 0.007
gamma: 0.0005
decay_start_ratio: 0.05
decay_min_factor: 0.2
bandwith_kernel: None
no_interact: False
avg_score: -408.6600036621094
median_score: -414.0
std_score: 26.514230728149414
percentiles: 2%=-454.05999755859375, 5%=-447.25, 10%=-437.6000061035156, 25%=-424.5, 50%=-414.0, 75%=-394.0, 90%=-371.8999938964844, 95%=-363.6000061035156, 98%=-355.6400146484375
ranking_best_algo: Tabu
ranking_best_score: 438.12
ranking_my_rank: 139/504 (72.6%)
ranking_my_percent: 72.61904761904762
