ConfigName: krbf__advnormalizedfitness__M1__L10__eps0p015__g0p007__ds0p3__dm0p3
Problem: NK
Kernel: rbf
Advantage: normalizedfitness
M: 1
lambda: 10
epsilon_svgd: 0.015
gamma: 0.007
decay_start_ratio: 0.3
decay_min_factor: 0.3
bandwith_kernel: None
no_interact: False
avg_score: 0.7295420169830322
median_score: 0.7286679744720459
std_score: 0.014366201125085354
percentiles: 2%=0.7004753947257996, 5%=0.7086844444274902, 10%=0.7122105360031128, 25%=0.7212314009666443, 50%=0.7286679744720459, 75%=0.7369267344474792, 90%=0.7478929758071899, 95%=0.7591969966888428, 98%=0.7641525864601135
ranking_best_algo: Tabu
ranking_best_score: 0.7601875690625
ranking_my_rank: 52/504 (89.9%)
ranking_my_percent: 89.88095238095238
