ConfigName: krbf__advnormalizedfitness__M4__L15__eps0p03__g0p005__ds0p05__dm0p05
Problem: NK
Kernel: rbf
Advantage: normalizedfitness
M: 4
lambda: 15
epsilon_svgd: 0.03
gamma: 0.005
decay_start_ratio: 0.05
decay_min_factor: 0.05
bandwith_kernel: None
no_interact: False
avg_score: 0.7118051052093506
median_score: 0.7114186882972717
std_score: 0.014923316426575184
percentiles: 2%=0.6818256378173828, 5%=0.6883620619773865, 10%=0.6943789720535278, 25%=0.7027509808540344, 50%=0.7114186882972717, 75%=0.7185960412025452, 90%=0.7291210293769836, 95%=0.7354476451873779, 98%=0.7483758330345154
ranking_best_algo: Tabu
ranking_best_score: 0.7429702712499999
ranking_my_rank: 143/504 (71.8%)
ranking_my_percent: 71.82539682539682
