ConfigName: kjsd__advperagentrankweighted__M4__L8__eps0p006__g0p0005__ds0p05__dm0p05
Problem: QUBO
Kernel: jsd
Advantage: peragentrankweighted
M: 4
lambda: 8
epsilon_svgd: 0.006
gamma: 0.0005
decay_start_ratio: 0.05
decay_min_factor: 0.05
bandwith_kernel: None
no_interact: False
avg_score: -944.239990234375
median_score: -938.5
std_score: 65.09778594970703
percentiles: 2%=-1074.0, 5%=-1061.199951171875, 10%=-1036.699951171875, 25%=-987.0, 50%=-938.5, 75%=-900.0, 90%=-868.7999877929688, 95%=-842.5999755859375, 98%=-813.0
ranking_best_algo: CMApara
ranking_best_score: 964.9
ranking_my_rank: 3/504 (99.6%)
ranking_my_percent: 99.60317460317461
