ConfigName: kjsd__advperagentrankweighted__M5__L10__eps0p005__g0p003__ds0p05__dm0p2
Problem: QUBO
Kernel: jsd
Advantage: peragentrankweighted
M: 5
lambda: 10
epsilon_svgd: 0.005
gamma: 0.003
decay_start_ratio: 0.05
decay_min_factor: 0.2
bandwith_kernel: None
no_interact: False
avg_score: -1750.719970703125
median_score: -1734.5
std_score: 150.79310607910156
percentiles: 2%=-2036.43994140625, 5%=-1983.199951171875, 10%=-1944.0, 25%=-1878.25, 50%=-1734.5, 75%=-1650.5, 90%=-1571.9000244140625, 95%=-1520.75, 98%=-1441.93994140625
ranking_best_algo: SVM1MetaModelLogNormal
ranking_best_score: 2605.14
ranking_my_rank: 322/504 (36.3%)
ranking_my_percent: 36.30952380952381
