ConfigName: kjsd__advperagentrankweighted__M3__L24__eps0p007__g0p0005__ds0p1__dm0p05
Problem: QUBO
Kernel: jsd
Advantage: peragentrankweighted
M: 3
lambda: 24
epsilon_svgd: 0.007
gamma: 0.0005
decay_start_ratio: 0.1
decay_min_factor: 0.05
bandwith_kernel: None
no_interact: False
avg_score: -306.760009765625
median_score: -307.0
std_score: 38.901187896728516
percentiles: 2%=-394.0799865722656, 5%=-380.1000061035156, 10%=-359.0, 25%=-332.0, 50%=-307.0, 75%=-270.0, 90%=-260.0, 95%=-255.9499969482422, 98%=-252.89999389648438
ranking_best_algo: CMApara
ranking_best_score: 319.29999999999995
ranking_my_rank: 112/504 (78.0%)
ranking_my_percent: 77.97619047619048
