ConfigName: kjsd__advperagentrankweighted__M5__L10__eps0p005__g0p0005__ds0p4__dm0p05
Problem: QUBO
Kernel: jsd
Advantage: peragentrankweighted
M: 5
lambda: 10
epsilon_svgd: 0.005
gamma: 0.0005
decay_start_ratio: 0.4
decay_min_factor: 0.05
bandwith_kernel: None
no_interact: False
avg_score: -139.3800048828125
median_score: -141.0
std_score: 11.874999046325684
percentiles: 2%=-159.0, 5%=-157.0500030517578, 10%=-155.10000610351562, 25%=-146.25, 50%=-141.0, 75%=-131.0, 90%=-123.0, 95%=-116.94999694824219, 98%=-113.94000244140625
ranking_best_algo: DiscreteDE
ranking_best_score: 143.4
ranking_my_rank: 85/504 (83.3%)
ranking_my_percent: 83.33333333333333
