ConfigName: kfr__advglobalrankweighted__M2__L7__eps0p02__g0p007__ds0p01__dm0p01
Problem: QUBO
Kernel: fr
Advantage: globalrankweighted
M: 2
lambda: 7
epsilon_svgd: 0.02
gamma: 0.007
decay_start_ratio: 0.01
decay_min_factor: 0.01
bandwith_kernel: None
no_interact: False
avg_score: -889.4600219726562
median_score: -883.5
std_score: 59.92869567871094
percentiles: 2%=-1006.2999877929688, 5%=-989.5, 10%=-967.4000244140625, 25%=-933.0, 50%=-883.5, 75%=-857.75, 90%=-807.9000244140625, 95%=-794.800048828125, 98%=-784.659912109375
ranking_best_algo: CMAL3
ranking_best_score: 928.5800000000002
ranking_my_rank: 100/504 (80.4%)
ranking_my_percent: 80.35714285714286
