ConfigName: kfr__advglobalrankweighted__M4__L24__eps0p01__g0p007__ds0p01__dm0p01
Problem: QUBO
Kernel: fr
Advantage: globalrankweighted
M: 4
lambda: 24
epsilon_svgd: 0.01
gamma: 0.007
decay_start_ratio: 0.01
decay_min_factor: 0.01
bandwith_kernel: None
no_interact: False
avg_score: -136.5800018310547
median_score: -137.0
std_score: 11.484930038452148
percentiles: 2%=-157.02000427246094, 5%=-155.0500030517578, 10%=-152.0, 25%=-145.25, 50%=-137.0, 75%=-129.0, 90%=-121.9000015258789, 95%=-118.9000015258789, 98%=-113.0
ranking_best_algo: DiscreteDE
ranking_best_score: 143.4
ranking_my_rank: 206/504 (59.3%)
ranking_my_percent: 59.32539682539682
