ConfigName: kjsd__advperagentrankweighted__M5__L8__eps0p005__g0p003__ds0p4__dm0p05
Problem: QUBO
Kernel: jsd
Advantage: peragentrankweighted
M: 5
lambda: 8
epsilon_svgd: 0.005
gamma: 0.003
decay_start_ratio: 0.4
decay_min_factor: 0.05
bandwith_kernel: None
no_interact: False
avg_score: -1059.6400146484375
median_score: -1059.5
std_score: 80.93411254882812
percentiles: 2%=-1224.9599609375, 5%=-1194.300048828125, 10%=-1162.0999755859375, 25%=-1108.75, 50%=-1059.5, 75%=-1015.75, 90%=-959.7999877929688, 95%=-920.5999755859375, 98%=-909.8800048828125
ranking_best_algo: BigLognormalDiscreteOnePlusOne
ranking_best_score: 1301.3600000000004
ranking_my_rank: 217/504 (57.1%)
ranking_my_percent: 57.142857142857146
