ConfigName: kjsd__advperagentrankweighted__M3__L20__eps0p007__g0p0007__ds0p1__dm0p05
Problem: NK
Kernel: jsd
Advantage: peragentrankweighted
M: 3
lambda: 20
epsilon_svgd: 0.007
gamma: 0.0007
decay_start_ratio: 0.1
decay_min_factor: 0.05
bandwith_kernel: None
no_interact: False
avg_score: 0.7353057265281677
median_score: 0.7353168725967407
std_score: 0.008976815268397331
percentiles: 2%=0.7153835892677307, 5%=0.7182484269142151, 10%=0.7222055196762085, 25%=0.7310892939567566, 50%=0.7353168725967407, 75%=0.7429503798484802, 90%=0.7459757924079895, 95%=0.7467911839485168, 98%=0.7476571798324585
ranking_best_algo: PBIL
ranking_best_score: 0.7248786399609374
ranking_my_rank: 1/504 (100.0%)
ranking_my_percent: 100.0
