ConfigName: krbf__advnormalizedfitness__M3__L15__eps0p025__g0p005__ds0p3__dm0p3
Problem: QUBO
Kernel: rbf
Advantage: normalizedfitness
M: 3
lambda: 15
epsilon_svgd: 0.025
gamma: 0.005
decay_start_ratio: 0.3
decay_min_factor: 0.3
bandwith_kernel: None
no_interact: False
avg_score: -1252.52001953125
median_score: -1259.0
std_score: 67.89189910888672
percentiles: 2%=-1389.06005859375, 5%=-1353.1500244140625, 10%=-1337.0, 25%=-1293.0, 50%=-1259.0, 75%=-1201.75, 90%=-1167.9000244140625, 95%=-1144.300048828125, 98%=-1124.679931640625
ranking_best_algo: BigLognormalDiscreteOnePlusOne
ranking_best_score: 1301.3600000000004
ranking_my_rank: 55/504 (89.3%)
ranking_my_percent: 89.28571428571429
