ConfigName: krbf__advnormalizedfitness__M2__L10__eps0p033__g0p01__ds0p01__dm0p3
Problem: QUBO
Kernel: rbf
Advantage: normalizedfitness
M: 2
lambda: 10
epsilon_svgd: 0.033
gamma: 0.01
decay_start_ratio: 0.01
decay_min_factor: 0.3
bandwith_kernel: None
no_interact: False
avg_score: -1239.300048828125
median_score: -1234.5
std_score: 61.33522415161133
percentiles: 2%=-1388.0, 5%=-1332.0, 10%=-1309.4000244140625, 25%=-1277.0, 50%=-1234.5, 75%=-1200.5, 90%=-1172.5, 95%=-1136.8499755859375, 98%=-1124.8399658203125
ranking_best_algo: SVMMetaModelLogNormal
ranking_best_score: 1233.7999999999997
ranking_my_rank: 1/504 (100.0%)
ranking_my_percent: 100.0
