ConfigName: krbf__advnormalizedfitness__M3__L8__eps0p033__g0p005__ds0p15__dm0p01
Problem: QUBO
Kernel: rbf
Advantage: normalizedfitness
M: 3
lambda: 8
epsilon_svgd: 0.033
gamma: 0.005
decay_start_ratio: 0.15
decay_min_factor: 0.01
bandwith_kernel: None
no_interact: False
avg_score: -897.1400146484375
median_score: -896.0
std_score: 60.12221145629883
percentiles: 2%=-1018.219970703125, 5%=-994.0999755859375, 10%=-974.0999755859375, 25%=-942.25, 50%=-896.0, 75%=-854.0, 90%=-821.9000244140625, 95%=-802.6500244140625, 98%=-782.7799682617188
ranking_best_algo: CMAL3
ranking_best_score: 928.5800000000002
ranking_my_rank: 81/504 (84.1%)
ranking_my_percent: 84.12698412698413
