ConfigName: krbf__advnormalizedfitness__M1__L8__eps0p025__g0p015__ds0p15__dm0p3
Problem: NK
Kernel: rbf
Advantage: normalizedfitness
M: 1
lambda: 8
epsilon_svgd: 0.025
gamma: 0.015
decay_start_ratio: 0.15
decay_min_factor: 0.3
bandwith_kernel: None
no_interact: False
avg_score: 0.727240800857544
median_score: 0.7260289192199707
std_score: 0.012274088338017464
percentiles: 2%=0.7060779333114624, 5%=0.7093939781188965, 10%=0.7148587107658386, 25%=0.7176863551139832, 50%=0.7260289192199707, 75%=0.7331360578536987, 90%=0.7447603940963745, 95%=0.7492415308952332, 98%=0.7529863715171814
ranking_best_algo: Tabu
ranking_best_score: 0.7429702712499999
ranking_my_rank: 2/504 (99.8%)
ranking_my_percent: 99.8015873015873
