ConfigName: kjsd__advperagentrankweighted__M5__L24__eps0p02__g0p0007__ds0p2__dm0p05
Problem: QUBO
Kernel: jsd
Advantage: peragentrankweighted
M: 5
lambda: 24
epsilon_svgd: 0.02
gamma: 0.0007
decay_start_ratio: 0.2
decay_min_factor: 0.05
bandwith_kernel: None
no_interact: False
avg_score: -924.0999755859375
median_score: -922.0
std_score: 65.52075958251953
percentiles: 2%=-1039.5, 5%=-1035.050048828125, 10%=-1027.300048828125, 25%=-967.0, 50%=-922.0, 75%=-880.0, 90%=-841.9000244140625, 95%=-823.8499755859375, 98%=-802.8800048828125
ranking_best_algo: CMAL3
ranking_best_score: 928.5800000000002
ranking_my_rank: 3/504 (99.6%)
ranking_my_percent: 99.60317460317461
