ConfigName: krbf__advnormalizedfitness__M3__L12__eps0p015__g0p005__ds0p15__dm0p01
Problem: NK
Kernel: rbf
Advantage: normalizedfitness
M: 3
lambda: 12
epsilon_svgd: 0.015
gamma: 0.005
decay_start_ratio: 0.15
decay_min_factor: 0.01
bandwith_kernel: None
no_interact: False
avg_score: 0.7523427605628967
median_score: 0.7527753114700317
std_score: 0.01426096260547638
percentiles: 2%=0.7249126434326172, 5%=0.7307624816894531, 10%=0.7331427931785583, 25%=0.7403581142425537, 50%=0.7527753114700317, 75%=0.7630715370178223, 90%=0.7699905633926392, 95%=0.772849440574646, 98%=0.7795642018318176
ranking_best_algo: Tabu
ranking_best_score: 0.7657846284375001
ranking_my_rank: 13/504 (97.6%)
ranking_my_percent: 97.61904761904762
