ConfigName: kjsd__advperagentrankweighted__M3__L18__eps0p007__g0p0005__ds0p2__dm0p1
Problem: QUBO
Kernel: jsd
Advantage: peragentrankweighted
M: 3
lambda: 18
epsilon_svgd: 0.007
gamma: 0.0005
decay_start_ratio: 0.2
decay_min_factor: 0.1
bandwith_kernel: None
no_interact: False
avg_score: -1251.5400390625
median_score: -1248.0
std_score: 54.59604263305664
percentiles: 2%=-1347.3800048828125, 5%=-1335.0999755859375, 10%=-1319.199951171875, 25%=-1294.25, 50%=-1248.0, 75%=-1211.75, 90%=-1186.800048828125, 95%=-1162.9000244140625, 98%=-1152.47998046875
ranking_best_algo: SVMMetaModelLogNormal
ranking_best_score: 1233.7999999999997
ranking_my_rank: 1/504 (100.0%)
ranking_my_percent: 100.0
