ConfigName: kjsd__advperagentrankweighted__M4__L8__eps0p03__g0p0007__ds0p05__dm0p05
Problem: QUBO
Kernel: jsd
Advantage: peragentrankweighted
M: 4
lambda: 8
epsilon_svgd: 0.03
gamma: 0.0007
decay_start_ratio: 0.05
decay_min_factor: 0.05
bandwith_kernel: None
no_interact: False
avg_score: -1169.739990234375
median_score: -1161.0
std_score: 60.30549240112305
percentiles: 2%=-1315.0799560546875, 5%=-1292.050048828125, 10%=-1255.199951171875, 25%=-1202.25, 50%=-1161.0, 75%=-1126.75, 90%=-1104.300048828125, 95%=-1090.5999755859375, 98%=-1066.699951171875
ranking_best_algo: Tabu
ranking_best_score: 1216.16
ranking_my_rank: 91/504 (82.1%)
ranking_my_percent: 82.14285714285714
