ConfigName: kjsd__advperagentrankweighted__M6__L10__eps0p02__g0p0005__ds0p2__dm0p05
Problem: QUBO
Kernel: jsd
Advantage: peragentrankweighted
M: 6
lambda: 10
epsilon_svgd: 0.02
gamma: 0.0005
decay_start_ratio: 0.2
decay_min_factor: 0.05
bandwith_kernel: None
no_interact: False
avg_score: -445.0799865722656
median_score: -445.5
std_score: 23.737598419189453
percentiles: 2%=-487.2200012207031, 5%=-476.3500061035156, 10%=-472.1000061035156, 25%=-462.25, 50%=-445.5, 75%=-431.0, 90%=-409.8999938964844, 95%=-399.79998779296875, 98%=-394.94000244140625
ranking_best_algo: CMApara
ranking_best_score: 453.82
ranking_my_rank: 6/504 (99.0%)
ranking_my_percent: 99.0079365079365
