ConfigName: kjsd__advperagentrankweighted__M3__L24__eps0p007__g0p0005__ds0p1__dm0p1
Problem: QUBO
Kernel: jsd
Advantage: peragentrankweighted
M: 3
lambda: 24
epsilon_svgd: 0.007
gamma: 0.0005
decay_start_ratio: 0.1
decay_min_factor: 0.1
bandwith_kernel: None
no_interact: False
avg_score: -576.4400024414062
median_score: -575.0
std_score: 27.798677444458008
percentiles: 2%=-634.02001953125, 5%=-623.3499755859375, 10%=-615.0, 25%=-595.0, 50%=-575.0, 75%=-558.75, 90%=-543.0, 95%=-537.5, 98%=-521.8200073242188
ranking_best_algo: Tabu
ranking_best_score: 588.7199999999999
ranking_my_rank: 55/503 (89.3%)
ranking_my_percent: 89.26441351888668
