ConfigName: kjsd__advperagentrankweighted__M5__L12__eps0p008__g0p0005__ds0p3__dm0p05
Problem: QUBO
Kernel: jsd
Advantage: peragentrankweighted
M: 5
lambda: 12
epsilon_svgd: 0.008
gamma: 0.0005
decay_start_ratio: 0.3
decay_min_factor: 0.05
bandwith_kernel: None
no_interact: False
avg_score: -309.6000061035156
median_score: -308.0
std_score: 37.95682144165039
percentiles: 2%=-396.0400085449219, 5%=-386.1000061035156, 10%=-354.0, 25%=-334.0, 50%=-308.0, 75%=-274.75, 90%=-264.0, 95%=-260.70001220703125, 98%=-253.9199981689453
ranking_best_algo: CMApara
ranking_best_score: 319.29999999999995
ranking_my_rank: 73/504 (85.7%)
ranking_my_percent: 85.71428571428571
