ConfigName: kjsd__advperagentrankweighted__M5__L10__eps0p005__g0p0005__ds0p4__dm0p2
Problem: QUBO
Kernel: jsd
Advantage: peragentrankweighted
M: 5
lambda: 10
epsilon_svgd: 0.005
gamma: 0.0005
decay_start_ratio: 0.4
decay_min_factor: 0.2
bandwith_kernel: None
no_interact: False
avg_score: -1297.3199462890625
median_score: -1303.5
std_score: 54.3050422668457
percentiles: 2%=-1409.199951171875, 5%=-1391.25, 10%=-1361.0, 25%=-1331.0, 50%=-1303.5, 75%=-1259.0, 90%=-1229.9000244140625, 95%=-1205.800048828125, 98%=-1174.760009765625
ranking_best_algo: BigLognormalDiscreteOnePlusOne
ranking_best_score: 1301.3600000000004
ranking_my_rank: 2/504 (99.8%)
ranking_my_percent: 99.8015873015873
