ConfigName: krbf__advnormalizedfitness__M2__L10__eps0p015__g0p007__ds0p01__dm0p3
Problem: QUBO
Kernel: rbf
Advantage: normalizedfitness
M: 2
lambda: 10
epsilon_svgd: 0.015
gamma: 0.007
decay_start_ratio: 0.01
decay_min_factor: 0.3
bandwith_kernel: None
no_interact: False
avg_score: -425.5
median_score: -423.0
std_score: 26.353557586669922
percentiles: 2%=-477.0400085449219, 5%=-471.20001220703125, 10%=-467.20001220703125, 25%=-440.75, 50%=-423.0, 75%=-407.0, 90%=-391.8999938964844, 95%=-388.95001220703125, 98%=-386.9800109863281
ranking_best_algo: CMAL3
ranking_best_score: 435.36
ranking_my_rank: 27/504 (94.8%)
ranking_my_percent: 94.84126984126983
