ConfigName: krbf__advnormalizedfitness__M5__L24__eps0p03__g0p005__ds0p05__dm0p05
Problem: NK
Kernel: rbf
Advantage: normalizedfitness
M: 5
lambda: 24
epsilon_svgd: 0.03
gamma: 0.005
decay_start_ratio: 0.05
decay_min_factor: 0.05
bandwith_kernel: None
no_interact: False
avg_score: 0.7466520071029663
median_score: 0.7477415800094604
std_score: 0.014225976541638374
percentiles: 2%=0.7165150046348572, 5%=0.7243744730949402, 10%=0.7265716791152954, 25%=0.7357652187347412, 50%=0.7477415800094604, 75%=0.7580865025520325, 90%=0.7632994055747986, 95%=0.770139217376709, 98%=0.7718271017074585
ranking_best_algo: Tabu
ranking_best_score: 0.7657846284375001
ranking_my_rank: 38/504 (92.7%)
ranking_my_percent: 92.65873015873017
