ConfigName: krbf__advnormalizedfitness__M2__L8__eps0p025__g0p007__ds0p01__dm0p3
Problem: QUBO
Kernel: rbf
Advantage: normalizedfitness
M: 2
lambda: 8
epsilon_svgd: 0.025
gamma: 0.007
decay_start_ratio: 0.01
decay_min_factor: 0.3
bandwith_kernel: None
no_interact: False
avg_score: -436.17999267578125
median_score: -438.0
std_score: 29.381072998046875
percentiles: 2%=-487.0400085449219, 5%=-481.0, 10%=-469.29998779296875, 25%=-461.0, 50%=-438.0, 75%=-412.25, 90%=-397.79998779296875, 95%=-392.95001220703125, 98%=-369.9800109863281
ranking_best_algo: CMApara
ranking_best_score: 453.82
ranking_my_rank: 30/504 (94.2%)
ranking_my_percent: 94.24603174603175
