ConfigName: kjsd__advperagentrankweighted__M3__L18__eps0p007__g0p001__ds0p05__dm0p2
Problem: NK
Kernel: jsd
Advantage: peragentrankweighted
M: 3
lambda: 18
epsilon_svgd: 0.007
gamma: 0.001
decay_start_ratio: 0.05
decay_min_factor: 0.2
bandwith_kernel: None
no_interact: False
avg_score: 0.7149558067321777
median_score: 0.7136591672897339
std_score: 0.008826367557048798
percentiles: 2%=0.6995108127593994, 5%=0.7031890153884888, 10%=0.7043911218643188, 25%=0.7087457180023193, 50%=0.7136591672897339, 75%=0.7207381725311279, 90%=0.7251287698745728, 95%=0.7322208881378174, 98%=0.7357926368713379
ranking_best_algo: PBIL
ranking_best_score: 0.7170882103515624
ranking_my_rank: 40/504 (92.3%)
ranking_my_percent: 92.26190476190476
