ConfigName: kjsd__advperagentrankweighted__M6__L8__eps0p02__g0p0007__ds0p2__dm0p05
Problem: QUBO
Kernel: jsd
Advantage: peragentrankweighted
M: 6
lambda: 8
epsilon_svgd: 0.02
gamma: 0.0007
decay_start_ratio: 0.2
decay_min_factor: 0.05
bandwith_kernel: None
no_interact: False
avg_score: -579.9400024414062
median_score: -581.5
std_score: 25.84175682067871
percentiles: 2%=-633.0, 5%=-619.0999755859375, 10%=-610.7000122070312, 25%=-596.25, 50%=-581.5, 75%=-564.75, 90%=-545.9000244140625, 95%=-540.7999877929688, 98%=-527.9199829101562
ranking_best_algo: Tabu
ranking_best_score: 588.7199999999999
ranking_my_rank: 40/503 (92.2%)
ranking_my_percent: 92.2465208747515
