ConfigName: krbf__advnormalizedfitness__M4__L10__eps0p025__g0p015__ds0p3__dm0p3
Problem: QUBO
Kernel: rbf
Advantage: normalizedfitness
M: 4
lambda: 10
epsilon_svgd: 0.025
gamma: 0.015
decay_start_ratio: 0.3
decay_min_factor: 0.3
bandwith_kernel: None
no_interact: False
avg_score: -282.3800048828125
median_score: -277.0
std_score: 37.94753646850586
percentiles: 2%=-376.1600036621094, 5%=-360.5, 10%=-327.5999755859375, 25%=-304.5, 50%=-277.0, 75%=-253.75, 90%=-236.89999389648438, 95%=-233.95001220703125, 98%=-227.0
ranking_best_algo: CMApara
ranking_best_score: 319.29999999999995
ranking_my_rank: 317/504 (37.3%)
ranking_my_percent: 37.301587301587304
