ConfigName: kfr__advglobalrankweighted__M3__L10__eps0p015__g0p005__ds0p01__dm0p01
Problem: QUBO
Kernel: fr
Advantage: globalrankweighted
M: 3
lambda: 10
epsilon_svgd: 0.015
gamma: 0.005
decay_start_ratio: 0.01
decay_min_factor: 0.01
bandwith_kernel: None
no_interact: False
avg_score: -412.6400146484375
median_score: -412.5
std_score: 28.66061019897461
percentiles: 2%=-477.0, 5%=-469.0, 10%=-452.0, 25%=-429.25, 50%=-412.5, 75%=-393.75, 90%=-375.79998779296875, 95%=-369.9000244140625, 98%=-361.9599914550781
ranking_best_algo: Tabu
ranking_best_score: 438.12
ranking_my_rank: 66/504 (87.1%)
ranking_my_percent: 87.10317460317461
