ConfigName: kjsd__advperagentrankweighted__M4__L24__eps0p02__g0p0007__ds0p2__dm0p05
Problem: QUBO
Kernel: jsd
Advantage: peragentrankweighted
M: 4
lambda: 24
epsilon_svgd: 0.02
gamma: 0.0007
decay_start_ratio: 0.2
decay_min_factor: 0.05
bandwith_kernel: None
no_interact: False
avg_score: -1194.4200439453125
median_score: -1189.5
std_score: 54.66884994506836
percentiles: 2%=-1301.52001953125, 5%=-1293.0999755859375, 10%=-1282.300048828125, 25%=-1226.0, 50%=-1189.5, 75%=-1155.0, 90%=-1132.0, 95%=-1123.800048828125, 98%=-1104.8399658203125
ranking_best_algo: Tabu
ranking_best_score: 1216.16
ranking_my_rank: 48/504 (90.7%)
ranking_my_percent: 90.67460317460318
