ConfigName: krbf__advnormalizedfitness__M3__L8__eps0p015__g0p01__ds0p15__dm0p3
Problem: QUBO
Kernel: rbf
Advantage: normalizedfitness
M: 3
lambda: 8
epsilon_svgd: 0.015
gamma: 0.01
decay_start_ratio: 0.15
decay_min_factor: 0.3
bandwith_kernel: None
no_interact: False
avg_score: -330.5199890136719
median_score: -336.5
std_score: 21.294357299804688
percentiles: 2%=-366.1199951171875, 5%=-361.0, 10%=-354.0, 25%=-346.0, 50%=-336.5, 75%=-314.0, 90%=-303.6000061035156, 95%=-292.8500061035156, 98%=-285.8599853515625
ranking_best_algo: CMApara
ranking_best_score: 344.22
ranking_my_rank: 78/504 (84.7%)
ranking_my_percent: 84.72222222222223
