ConfigName: krbf__advnormalizedfitness__M1__L8__eps0p025__g0p015__ds0p3__dm0p3
Problem: QUBO
Kernel: rbf
Advantage: normalizedfitness
M: 1
lambda: 8
epsilon_svgd: 0.025
gamma: 0.015
decay_start_ratio: 0.3
decay_min_factor: 0.3
bandwith_kernel: None
no_interact: False
avg_score: -3234.89990234375
median_score: -3270.5
std_score: 309.96392822265625
percentiles: 2%=-3499.3798828125, 5%=-3473.10009765625, 10%=-3429.199951171875, 25%=-3349.5, 50%=-3270.5, 75%=-3147.75, 90%=-3101.199951171875, 95%=-3075.949951171875, 98%=-2994.759521484375
ranking_best_algo: RLSOnePlusOne
ranking_best_score: 3316.5199999999995
ranking_my_rank: 42/504 (91.9%)
ranking_my_percent: 91.86507936507937
