ConfigName: kjsd__advperagentrankweighted__M3__L30__eps0p005__g0p001__ds0p05__dm0p1
Problem: QUBO
Kernel: jsd
Advantage: peragentrankweighted
M: 3
lambda: 30
epsilon_svgd: 0.005
gamma: 0.001
decay_start_ratio: 0.05
decay_min_factor: 0.1
bandwith_kernel: None
no_interact: False
avg_score: -310.8800048828125
median_score: -316.0
std_score: 38.25945281982422
percentiles: 2%=-392.0400085449219, 5%=-388.0, 10%=-357.0, 25%=-332.5, 50%=-316.0, 75%=-277.0, 90%=-268.8999938964844, 95%=-256.0, 98%=-249.8000030517578
ranking_best_algo: CMApara
ranking_best_score: 319.29999999999995
ranking_my_rank: 40/504 (92.3%)
ranking_my_percent: 92.26190476190476
