ConfigName: kjsd__advperagentrankweighted__M4__L20__eps0p005__g0p0005__ds0p2__dm0p1
Problem: QUBO
Kernel: jsd
Advantage: peragentrankweighted
M: 4
lambda: 20
epsilon_svgd: 0.005
gamma: 0.0005
decay_start_ratio: 0.2
decay_min_factor: 0.1
bandwith_kernel: None
no_interact: False
avg_score: -200.67999267578125
median_score: -200.5
std_score: 11.139910697937012
percentiles: 2%=-224.0, 5%=-224.0, 10%=-216.3000030517578, 25%=-207.0, 50%=-200.5, 75%=-194.75, 90%=-186.0, 95%=-182.9499969482422, 98%=-177.97999572753906
ranking_best_algo: Tabu
ranking_best_score: 208.36000000000004
ranking_my_rank: 45/504 (91.3%)
ranking_my_percent: 91.26984126984127
