ConfigName: krbf__advnormalizedfitness__M3__L10__eps0p025__g0p005__ds0p15__dm0p01
Problem: QUBO
Kernel: rbf
Advantage: normalizedfitness
M: 3
lambda: 10
epsilon_svgd: 0.025
gamma: 0.005
decay_start_ratio: 0.15
decay_min_factor: 0.01
bandwith_kernel: None
no_interact: False
avg_score: -1590.5
median_score: -1591.5
std_score: 67.26403045654297
percentiles: 2%=-1730.1400146484375, 5%=-1700.199951171875, 10%=-1674.0, 25%=-1632.25, 50%=-1591.5, 75%=-1548.5, 90%=-1518.800048828125, 95%=-1480.9000244140625, 98%=-1450.9599609375
ranking_best_algo: NLOPT_LN_PRAXIS
ranking_best_score: 1607.12
ranking_my_rank: 39/504 (92.5%)
ranking_my_percent: 92.46031746031746
