ConfigName: kfr__advglobalrankweighted__M4__L10__eps0p015__g0p007__ds0p01__dm0p01
Problem: QUBO
Kernel: fr
Advantage: globalrankweighted
M: 4
lambda: 10
epsilon_svgd: 0.015
gamma: 0.007
decay_start_ratio: 0.01
decay_min_factor: 0.01
bandwith_kernel: None
no_interact: False
avg_score: -200.24000549316406
median_score: -201.0
std_score: 12.154932975769043
percentiles: 2%=-224.0, 5%=-219.10000610351562, 10%=-215.3000030517578, 25%=-207.25, 50%=-201.0, 75%=-193.0, 90%=-183.0, 95%=-179.89999389648438, 98%=-172.94000244140625
ranking_best_algo: Tabu
ranking_best_score: 208.36000000000004
ranking_my_rank: 49/504 (90.5%)
ranking_my_percent: 90.47619047619048
