ConfigName: krbf__advnormalizedfitness__M3__L15__eps0p03__g0p005__ds0p15__dm0p05
Problem: QUBO
Kernel: rbf
Advantage: normalizedfitness
M: 3
lambda: 15
epsilon_svgd: 0.03
gamma: 0.005
decay_start_ratio: 0.15
decay_min_factor: 0.05
bandwith_kernel: None
no_interact: False
avg_score: -1282.4599609375
median_score: -1274.0
std_score: 56.276180267333984
percentiles: 2%=-1401.199951171875, 5%=-1373.1500244140625, 10%=-1356.4000244140625, 25%=-1317.5, 50%=-1274.0, 75%=-1237.0, 90%=-1220.5999755859375, 95%=-1202.449951171875, 98%=-1175.0
ranking_best_algo: BigLognormalDiscreteOnePlusOne
ranking_best_score: 1301.3600000000004
ranking_my_rank: 5/504 (99.2%)
ranking_my_percent: 99.2063492063492
