ConfigName: krbf__advnormalizedfitness__M3__L24__eps0p03__g0p005__ds0p15__dm0p05
Problem: NK
Kernel: rbf
Advantage: normalizedfitness
M: 3
lambda: 24
epsilon_svgd: 0.03
gamma: 0.005
decay_start_ratio: 0.15
decay_min_factor: 0.05
bandwith_kernel: None
no_interact: False
avg_score: 0.7445594072341919
median_score: 0.7423104643821716
std_score: 0.02782176248729229
percentiles: 2%=0.7055659294128418, 5%=0.7057815790176392, 10%=0.7081841230392456, 25%=0.724240779876709, 50%=0.7423104643821716, 75%=0.7585474252700806, 90%=0.778092622756958, 95%=0.8044298887252808, 98%=0.8048872351646423
ranking_best_algo: CMApara
ranking_best_score: 0.7459277895312499
ranking_my_rank: 3/504 (99.6%)
ranking_my_percent: 99.60317460317461
