ConfigName: kjsd__advperagentrankweighted__M3__L18__eps0p007__g0p0005__ds0p05__dm0p05
Problem: QUBO
Kernel: jsd
Advantage: peragentrankweighted
M: 3
lambda: 18
epsilon_svgd: 0.007
gamma: 0.0005
decay_start_ratio: 0.05
decay_min_factor: 0.05
bandwith_kernel: None
no_interact: False
avg_score: -429.05999755859375
median_score: -427.5
std_score: 28.79090690612793
percentiles: 2%=-481.0799865722656, 5%=-479.0, 10%=-471.20001220703125, 25%=-447.75, 50%=-427.5, 75%=-412.75, 90%=-392.8999938964844, 95%=-385.70001220703125, 98%=-377.8800048828125
ranking_best_algo: CMAL3
ranking_best_score: 435.36
ranking_my_rank: 13/504 (97.6%)
ranking_my_percent: 97.61904761904762
