ConfigName: krbf__advnormalizedfitness__M2__L10__eps0p02__g0p003__ds0p01__dm0p01
Problem: QUBO
Kernel: rbf
Advantage: normalizedfitness
M: 2
lambda: 10
epsilon_svgd: 0.02
gamma: 0.003
decay_start_ratio: 0.01
decay_min_factor: 0.01
bandwith_kernel: None
no_interact: False
avg_score: -421.8800048828125
median_score: -419.5
std_score: 28.806692123413086
percentiles: 2%=-481.0400085449219, 5%=-479.0, 10%=-463.6000061035156, 25%=-439.25, 50%=-419.5, 75%=-398.5, 90%=-387.0, 95%=-381.0, 98%=-375.8999938964844
ranking_best_algo: CMAL3
ranking_best_score: 435.36
ranking_my_rank: 46/504 (91.1%)
ranking_my_percent: 91.07142857142857
