ConfigName: kjsd__advperagentrankweighted__M3__L30__eps0p005__g0p001__ds0p2__dm0p05
Problem: QUBO
Kernel: jsd
Advantage: peragentrankweighted
M: 3
lambda: 30
epsilon_svgd: 0.005
gamma: 0.001
decay_start_ratio: 0.2
decay_min_factor: 0.05
bandwith_kernel: None
no_interact: False
avg_score: -330.05999755859375
median_score: -334.0
std_score: 21.247032165527344
percentiles: 2%=-361.2200012207031, 5%=-357.0, 10%=-354.0, 25%=-346.0, 50%=-334.0, 75%=-318.0, 90%=-295.8999938964844, 95%=-292.0, 98%=-283.9599914550781
ranking_best_algo: CMApara
ranking_best_score: 344.22
ranking_my_rank: 79/504 (84.5%)
ranking_my_percent: 84.52380952380952
