ConfigName: kjsd__advperagentrankweighted__M3__L24__eps0p005__g0p0005__ds0p2__dm0p05
Problem: QUBO
Kernel: jsd
Advantage: peragentrankweighted
M: 3
lambda: 24
epsilon_svgd: 0.005
gamma: 0.0005
decay_start_ratio: 0.2
decay_min_factor: 0.05
bandwith_kernel: None
no_interact: False
avg_score: -2631.219970703125
median_score: -2630.5
std_score: 122.81690216064453
percentiles: 2%=-2885.840087890625, 5%=-2827.449951171875, 10%=-2780.5, 25%=-2714.0, 50%=-2630.5, 75%=-2546.75, 90%=-2476.89990234375, 95%=-2442.5, 98%=-2406.93994140625
ranking_best_algo: DiscreteLengler2OnePlusOne
ranking_best_score: 2617.04
ranking_my_rank: 1/504 (100.0%)
ranking_my_percent: 100.0
