ConfigName: kjsd__advperagentrankweighted__M5__L24__eps0p008__g0p0005__ds0p3__dm0p05
Problem: QUBO
Kernel: jsd
Advantage: peragentrankweighted
M: 5
lambda: 24
epsilon_svgd: 0.008
gamma: 0.0005
decay_start_ratio: 0.3
decay_min_factor: 0.05
bandwith_kernel: None
no_interact: False
avg_score: -941.1799926757812
median_score: -935.0
std_score: 68.31710815429688
percentiles: 2%=-1072.1199951171875, 5%=-1065.050048828125, 10%=-1041.4000244140625, 25%=-990.0, 50%=-935.0, 75%=-883.25, 90%=-863.5, 95%=-846.7000122070312, 98%=-832.7999877929688
ranking_best_algo: CMApara
ranking_best_score: 964.9
ranking_my_rank: 5/504 (99.2%)
ranking_my_percent: 99.2063492063492
