ConfigName: krbf__advnormalizedfitness__M3__L8__eps0p025__g0p007__ds0p01__dm0p01
Problem: NK
Kernel: rbf
Advantage: normalizedfitness
M: 3
lambda: 8
epsilon_svgd: 0.025
gamma: 0.007
decay_start_ratio: 0.01
decay_min_factor: 0.01
bandwith_kernel: None
no_interact: False
avg_score: 0.7411003708839417
median_score: 0.7420244216918945
std_score: 0.014398163184523582
percentiles: 2%=0.7140499353408813, 5%=0.7196869850158691, 10%=0.7249919772148132, 25%=0.7315559387207031, 50%=0.7420244216918945, 75%=0.7491359114646912, 90%=0.7577754259109497, 95%=0.7673369646072388, 98%=0.7694471478462219
ranking_best_algo: Tabu
ranking_best_score: 0.7601875690625
ranking_my_rank: 12/504 (97.8%)
ranking_my_percent: 97.81746031746032
