ConfigName: kjsd__advperagentrankweighted__M3__L20__eps0p005__g0p0005__ds0p2__dm0p2
Problem: QUBO
Kernel: jsd
Advantage: peragentrankweighted
M: 3
lambda: 20
epsilon_svgd: 0.005
gamma: 0.0005
decay_start_ratio: 0.2
decay_min_factor: 0.2
bandwith_kernel: None
no_interact: False
avg_score: -912.760009765625
median_score: -911.5
std_score: 62.21705627441406
percentiles: 2%=-1042.6800537109375, 5%=-1024.1500244140625, 10%=-989.0, 25%=-954.75, 50%=-911.5, 75%=-873.5, 90%=-831.0, 95%=-803.8499755859375, 98%=-795.9400024414062
ranking_best_algo: CMAL3
ranking_best_score: 928.5800000000002
ranking_my_rank: 19/504 (96.4%)
ranking_my_percent: 96.42857142857143
