ConfigName: krbf__advnormalizedfitness__M3__L8__eps0p015__g0p015__ds0p15__dm0p3
Problem: QUBO
Kernel: rbf
Advantage: normalizedfitness
M: 3
lambda: 8
epsilon_svgd: 0.015
gamma: 0.015
decay_start_ratio: 0.15
decay_min_factor: 0.3
bandwith_kernel: None
no_interact: False
avg_score: -855.7000122070312
median_score: -859.5
std_score: 69.8908462524414
percentiles: 2%=-993.239990234375, 5%=-955.4000244140625, 10%=-937.4000244140625, 25%=-906.25, 50%=-859.5, 75%=-815.75, 90%=-756.7000122070312, 95%=-734.550048828125, 98%=-700.679931640625
ranking_best_algo: SVMMetaModelLogNormal
ranking_best_score: 1233.7999999999997
ranking_my_rank: 322/504 (36.3%)
ranking_my_percent: 36.30952380952381
