ConfigName: kjsd__advperagentrankweighted__M4__L24__eps0p03__g0p0007__ds0p05__dm0p05
Problem: NK
Kernel: jsd
Advantage: peragentrankweighted
M: 4
lambda: 24
epsilon_svgd: 0.03
gamma: 0.0007
decay_start_ratio: 0.05
decay_min_factor: 0.05
bandwith_kernel: None
no_interact: False
avg_score: 0.7272312045097351
median_score: 0.7265411615371704
std_score: 0.009370256215333939
percentiles: 2%=0.7112895250320435, 5%=0.713125467300415, 10%=0.715607762336731, 25%=0.721545934677124, 50%=0.7265411615371704, 75%=0.732780396938324, 90%=0.737701416015625, 95%=0.7426209449768066, 98%=0.7467901706695557
ranking_best_algo: Tabu
ranking_best_score: 0.7429702712499999
ranking_my_rank: 2/504 (99.8%)
ranking_my_percent: 99.8015873015873
