ConfigName: kjsd__advperagentrankweighted__M5__L10__eps0p005__g0p003__ds0p05__dm0p05
Problem: QUBO
Kernel: jsd
Advantage: peragentrankweighted
M: 5
lambda: 10
epsilon_svgd: 0.005
gamma: 0.003
decay_start_ratio: 0.05
decay_min_factor: 0.05
bandwith_kernel: None
no_interact: False
avg_score: -408.6199951171875
median_score: -406.5
std_score: 26.079408645629883
percentiles: 2%=-454.260009765625, 5%=-451.04998779296875, 10%=-446.1000061035156, 25%=-426.0, 50%=-406.5, 75%=-392.0, 90%=-372.0, 95%=-369.8999938964844, 98%=-363.9599914550781
ranking_best_algo: Tabu
ranking_best_score: 438.12
ranking_my_rank: 139/504 (72.6%)
ranking_my_percent: 72.61904761904762
