ConfigName: kjsd__advperagentrankweighted__M5__L10__eps0p005__g0p003__ds0p4__dm0p05
Problem: NK
Kernel: jsd
Advantage: peragentrankweighted
M: 5
lambda: 10
epsilon_svgd: 0.005
gamma: 0.003
decay_start_ratio: 0.4
decay_min_factor: 0.05
bandwith_kernel: None
no_interact: False
avg_score: 0.7240747213363647
median_score: 0.7244238257408142
std_score: 0.011997713707387447
percentiles: 2%=0.6923423409461975, 5%=0.7039598226547241, 10%=0.709441065788269, 25%=0.716122031211853, 50%=0.7244238257408142, 75%=0.7331148982048035, 90%=0.7394172549247742, 95%=0.7436773777008057, 98%=0.7446320652961731
ranking_best_algo: PBIL
ranking_best_score: 0.730509098125
ranking_my_rank: 19/504 (96.4%)
ranking_my_percent: 96.42857142857143
