ConfigName: kjsd__advperagentrankweighted__M3__L18__eps0p01__g0p0005__ds0p1__dm0p05
Problem: QUBO
Kernel: jsd
Advantage: peragentrankweighted
M: 3
lambda: 18
epsilon_svgd: 0.01
gamma: 0.0005
decay_start_ratio: 0.1
decay_min_factor: 0.05
bandwith_kernel: None
no_interact: False
avg_score: -1303.3599853515625
median_score: -1308.0
std_score: 53.77592849731445
percentiles: 2%=-1378.5, 5%=-1372.0, 10%=-1369.0, 25%=-1345.5, 50%=-1308.0, 75%=-1264.5, 90%=-1226.5999755859375, 95%=-1215.6500244140625, 98%=-1188.5999755859375
ranking_best_algo: BigLognormalDiscreteOnePlusOne
ranking_best_score: 1301.3600000000004
ranking_my_rank: 1/504 (100.0%)
ranking_my_percent: 100.0
