ConfigName: kjsd__advperagentrankweighted__M5__L12__eps0p005__g0p0005__ds0p05__dm0p05
Problem: NK
Kernel: jsd
Advantage: peragentrankweighted
M: 5
lambda: 12
epsilon_svgd: 0.005
gamma: 0.0005
decay_start_ratio: 0.05
decay_min_factor: 0.05
bandwith_kernel: None
no_interact: False
avg_score: 0.7305460572242737
median_score: 0.7299782037734985
std_score: 0.008894671685993671
percentiles: 2%=0.7129040956497192, 5%=0.7169498801231384, 10%=0.719842791557312, 25%=0.7257528901100159, 50%=0.7299782037734985, 75%=0.7358110547065735, 90%=0.7450448870658875, 95%=0.7471165657043457, 98%=0.7475720643997192
ranking_best_algo: Tabu
ranking_best_score: 0.7429702712499999
ranking_my_rank: 2/504 (99.8%)
ranking_my_percent: 99.8015873015873
