ConfigName: krbf__advnormalizedfitness__M4__L10__eps0p015__g0p015__ds0p3__dm0p3
Problem: NK
Kernel: rbf
Advantage: normalizedfitness
M: 4
lambda: 10
epsilon_svgd: 0.015
gamma: 0.015
decay_start_ratio: 0.3
decay_min_factor: 0.3
bandwith_kernel: None
no_interact: False
avg_score: 0.7039428949356079
median_score: 0.6932927370071411
std_score: 0.03273764252662659
percentiles: 2%=0.6637141108512878, 5%=0.6663805246353149, 10%=0.6679400205612183, 25%=0.6734523773193359, 50%=0.6932927370071411, 75%=0.7392158508300781, 90%=0.7480611801147461, 95%=0.7531997561454773, 98%=0.7570251822471619
ranking_best_algo: CMApara
ranking_best_score: 0.7118996098437498
ranking_my_rank: 161/504 (68.3%)
ranking_my_percent: 68.25396825396825
