ConfigName: kjsd__advperagentrankweighted__M5__L8__eps0p005__g0p0005__ds0p4__dm0p2
Problem: QUBO
Kernel: jsd
Advantage: peragentrankweighted
M: 5
lambda: 8
epsilon_svgd: 0.005
gamma: 0.0005
decay_start_ratio: 0.4
decay_min_factor: 0.2
bandwith_kernel: None
no_interact: False
avg_score: -443.3800048828125
median_score: -443.0
std_score: 26.607057571411133
percentiles: 2%=-489.1000061035156, 5%=-483.0, 10%=-479.20001220703125, 25%=-466.0, 50%=-443.0, 75%=-421.0, 90%=-408.8999938964844, 95%=-403.8500061035156, 98%=-393.9599914550781
ranking_best_algo: CMApara
ranking_best_score: 453.82
ranking_my_rank: 7/504 (98.8%)
ranking_my_percent: 98.80952380952381
