ConfigName: kjsd__advperagentrankweighted__M3__L20__eps0p007__g0p003__ds0p2__dm0p2
Problem: QUBO
Kernel: jsd
Advantage: peragentrankweighted
M: 3
lambda: 20
epsilon_svgd: 0.007
gamma: 0.003
decay_start_ratio: 0.2
decay_min_factor: 0.2
bandwith_kernel: None
no_interact: False
avg_score: -414.6199951171875
median_score: -415.0
std_score: 27.78660774230957
percentiles: 2%=-467.1600036621094, 5%=-461.0, 10%=-454.29998779296875, 25%=-432.0, 50%=-415.0, 75%=-393.75, 90%=-383.70001220703125, 95%=-371.95001220703125, 98%=-367.8999938964844
ranking_best_algo: CMAL3
ranking_best_score: 435.36
ranking_my_rank: 114/504 (77.6%)
ranking_my_percent: 77.57936507936508
