ConfigName: krbf__advglobalrankweighted__M4__L11__eps0p02__g0p007__ds0p01__dm0p01
Problem: QUBO
Kernel: rbf
Advantage: globalrankweighted
M: 4
lambda: 11
epsilon_svgd: 0.02
gamma: 0.007
decay_start_ratio: 0.01
decay_min_factor: 0.01
bandwith_kernel: None
no_interact: False
avg_score: -326.9800109863281
median_score: -329.0
std_score: 23.207748413085938
percentiles: 2%=-372.0, 5%=-359.1000061035156, 10%=-352.0, 25%=-343.0, 50%=-329.0, 75%=-311.0, 90%=-291.79998779296875, 95%=-286.7500305175781, 98%=-280.0
ranking_best_algo: CMApara
ranking_best_score: 344.22
ranking_my_rank: 111/504 (78.2%)
ranking_my_percent: 78.17460317460318
