ConfigName: krbf__advnormalizedfitness__M4__L10__eps0p025__g0p015__ds0p15__dm0p3
Problem: NK
Kernel: rbf
Advantage: normalizedfitness
M: 4
lambda: 10
epsilon_svgd: 0.025
gamma: 0.015
decay_start_ratio: 0.15
decay_min_factor: 0.3
bandwith_kernel: None
no_interact: False
avg_score: 0.5723980665206909
median_score: 0.5718430280685425
std_score: 0.005610678344964981
percentiles: 2%=0.5618321895599365, 5%=0.5640773177146912, 10%=0.5657290816307068, 25%=0.5688450336456299, 50%=0.5718430280685425, 75%=0.5754950046539307, 90%=0.5807923674583435, 95%=0.5827705264091492, 98%=0.5837456583976746
ranking_best_algo: PBIL
ranking_best_score: 0.7170882103515624
ranking_my_rank: 391/504 (22.6%)
ranking_my_percent: 22.61904761904762
