ConfigName: kjsd__advperagentrankweighted__M3__L20__eps0p005__g0p003__ds0p1__dm0p2
Problem: QUBO
Kernel: jsd
Advantage: peragentrankweighted
M: 3
lambda: 20
epsilon_svgd: 0.005
gamma: 0.003
decay_start_ratio: 0.1
decay_min_factor: 0.2
bandwith_kernel: None
no_interact: False
avg_score: -138.16000366210938
median_score: -137.5
std_score: 11.119999885559082
percentiles: 2%=-157.02000427246094, 5%=-156.0, 10%=-155.0, 25%=-146.0, 50%=-137.5, 75%=-129.0, 90%=-125.0, 95%=-120.94999694824219, 98%=-117.9800033569336
ranking_best_algo: DiscreteDE
ranking_best_score: 143.4
ranking_my_rank: 113/504 (77.8%)
ranking_my_percent: 77.77777777777777
