ConfigName: kjsd__advperagentrankweighted__M3__L20__eps0p01__g0p0005__ds0p05__dm0p05
Problem: QUBO
Kernel: jsd
Advantage: peragentrankweighted
M: 3
lambda: 20
epsilon_svgd: 0.01
gamma: 0.0005
decay_start_ratio: 0.05
decay_min_factor: 0.05
bandwith_kernel: None
no_interact: False
avg_score: -1240.4599609375
median_score: -1233.0
std_score: 51.941585540771484
percentiles: 2%=-1337.6600341796875, 5%=-1325.1500244140625, 10%=-1309.300048828125, 25%=-1274.75, 50%=-1233.0, 75%=-1205.0, 90%=-1175.9000244140625, 95%=-1167.75, 98%=-1144.719970703125
ranking_best_algo: SVMMetaModelLogNormal
ranking_best_score: 1233.7999999999997
ranking_my_rank: 1/504 (100.0%)
ranking_my_percent: 100.0
