ConfigName: kjsd__advperagentrankweighted__M3__L18__eps0p005__g0p0005__ds0p1__dm0p05
Problem: NK
Kernel: jsd
Advantage: peragentrankweighted
M: 3
lambda: 18
epsilon_svgd: 0.005
gamma: 0.0005
decay_start_ratio: 0.1
decay_min_factor: 0.05
bandwith_kernel: None
no_interact: False
avg_score: 0.7097313404083252
median_score: 0.7109328508377075
std_score: 0.015398920513689518
percentiles: 2%=0.6713659763336182, 5%=0.6717684864997864, 10%=0.6958918571472168, 25%=0.7056728601455688, 50%=0.7109328508377075, 75%=0.7191277742385864, 90%=0.7254681587219238, 95%=0.7319627404212952, 98%=0.732159435749054
ranking_best_algo: CMApara
ranking_best_score: 0.707475975
ranking_my_rank: 1/504 (100.0%)
ranking_my_percent: 100.0
