ConfigName: kjsd__advperagentrankweighted__M4__L24__eps0p02__g0p0005__ds0p05__dm0p05
Problem: QUBO
Kernel: jsd
Advantage: peragentrankweighted
M: 4
lambda: 24
epsilon_svgd: 0.02
gamma: 0.0005
decay_start_ratio: 0.05
decay_min_factor: 0.05
bandwith_kernel: None
no_interact: False
avg_score: -437.4800109863281
median_score: -439.0
std_score: 27.876327514648438
percentiles: 2%=-485.0400085449219, 5%=-481.1000061035156, 10%=-472.0, 25%=-461.0, 50%=-439.0, 75%=-416.0, 90%=-401.0, 95%=-396.0, 98%=-385.8399963378906
ranking_best_algo: CMApara
ranking_best_score: 453.82
ranking_my_rank: 28/504 (94.6%)
ranking_my_percent: 94.64285714285714
