ConfigName: kjsd__advperagentrankweighted__M4__L24__eps0p02__g0p0007__ds0p2__dm0p05
Problem: QUBO
Kernel: jsd
Advantage: peragentrankweighted
M: 4
lambda: 24
epsilon_svgd: 0.02
gamma: 0.0007
decay_start_ratio: 0.2
decay_min_factor: 0.05
bandwith_kernel: None
no_interact: False
avg_score: -309.7799987792969
median_score: -307.0
std_score: 37.31422805786133
percentiles: 2%=-388.0799865722656, 5%=-384.20001220703125, 10%=-354.0, 25%=-332.0, 50%=-307.0, 75%=-276.0, 90%=-268.0, 95%=-261.0, 98%=-256.8599853515625
ranking_best_algo: CMApara
ranking_best_score: 319.29999999999995
ranking_my_rank: 69/504 (86.5%)
ranking_my_percent: 86.5079365079365
