ConfigName: kfr__advglobalrankweighted__M1__L10__eps0p02__g0p007__ds0p01__dm0p01
Problem: QUBO
Kernel: fr
Advantage: globalrankweighted
M: 1
lambda: 10
epsilon_svgd: 0.02
gamma: 0.007
decay_start_ratio: 0.01
decay_min_factor: 0.01
bandwith_kernel: None
no_interact: False
avg_score: -132.6999969482422
median_score: -133.0
std_score: 13.217791557312012
percentiles: 2%=-155.0, 5%=-150.0500030517578, 10%=-147.10000610351562, 25%=-144.0, 50%=-133.0, 75%=-123.0, 90%=-112.9000015258789, 95%=-109.0, 98%=-106.95999145507812
ranking_best_algo: DiscreteDE
ranking_best_score: 143.4
ranking_my_rank: 314/504 (37.9%)
ranking_my_percent: 37.8968253968254
