ConfigName: kfr__advglobalrankweighted__M4__L10__eps0p02__g0p003__ds0p01__dm0p01
Problem: QUBO
Kernel: fr
Advantage: globalrankweighted
M: 4
lambda: 10
epsilon_svgd: 0.02
gamma: 0.003
decay_start_ratio: 0.01
decay_min_factor: 0.01
bandwith_kernel: None
no_interact: False
avg_score: -937.5999755859375
median_score: -930.5
std_score: 72.45509338378906
percentiles: 2%=-1068.1199951171875, 5%=-1061.3499755859375, 10%=-1038.5, 25%=-994.75, 50%=-930.5, 75%=-892.0, 90%=-831.0, 95%=-812.7999877929688, 98%=-800.97998046875
ranking_best_algo: CMApara
ranking_best_score: 964.9
ranking_my_rank: 9/504 (98.4%)
ranking_my_percent: 98.41269841269842
