ConfigName: krbf__advnormalizedfitness__M3__L8__eps0p015__g0p005__ds0p01__dm0p01
Problem: QUBO
Kernel: rbf
Advantage: normalizedfitness
M: 3
lambda: 8
epsilon_svgd: 0.015
gamma: 0.005
decay_start_ratio: 0.01
decay_min_factor: 0.01
bandwith_kernel: None
no_interact: False
avg_score: -331.79998779296875
median_score: -334.0
std_score: 21.5192928314209
percentiles: 2%=-372.0, 5%=-372.0, 10%=-357.0, 25%=-343.0, 50%=-334.0, 75%=-319.5, 90%=-303.4000244140625, 95%=-291.95001220703125, 98%=-289.8799743652344
ranking_best_algo: CMApara
ranking_best_score: 344.22
ranking_my_rank: 76/504 (85.1%)
ranking_my_percent: 85.11904761904762
