ConfigName: kjsd__advperagentrankweighted__M3__L18__eps0p005__g0p003__ds0p05__dm0p05
Problem: QUBO
Kernel: jsd
Advantage: peragentrankweighted
M: 3
lambda: 18
epsilon_svgd: 0.005
gamma: 0.003
decay_start_ratio: 0.05
decay_min_factor: 0.05
bandwith_kernel: None
no_interact: False
avg_score: -148.33999633789062
median_score: -146.0
std_score: 12.011844635009766
percentiles: 2%=-179.0, 5%=-179.0, 10%=-160.0, 25%=-154.25, 50%=-146.0, 75%=-141.0, 90%=-136.0, 95%=-131.0, 98%=-124.94000244140625
ranking_best_algo: CMApara
ranking_best_score: 154.28
ranking_my_rank: 84/504 (83.5%)
ranking_my_percent: 83.53174603174604
