ConfigName: krbf__advglobalrankweighted__M4__L11__eps0p015__g0p007__ds0p01__dm0p01
Problem: QUBO
Kernel: rbf
Advantage: globalrankweighted
M: 4
lambda: 11
epsilon_svgd: 0.015
gamma: 0.007
decay_start_ratio: 0.01
decay_min_factor: 0.01
bandwith_kernel: None
no_interact: False
avg_score: -149.32000732421875
median_score: -147.0
std_score: 14.000629425048828
percentiles: 2%=-179.0, 5%=-179.0, 10%=-165.49998474121094, 25%=-155.0, 50%=-147.0, 75%=-140.5, 90%=-133.89999389648438, 95%=-130.85000610351562, 98%=-125.85997009277344
ranking_best_algo: CMApara
ranking_best_score: 154.28
ranking_my_rank: 77/504 (84.9%)
ranking_my_percent: 84.92063492063492
