ConfigName: krbf__advnormalizedfitness__M4__L15__eps0p03__g0p005__ds0p05__dm0p05
Problem: NK
Kernel: rbf
Advantage: normalizedfitness
M: 4
lambda: 15
epsilon_svgd: 0.03
gamma: 0.005
decay_start_ratio: 0.05
decay_min_factor: 0.05
bandwith_kernel: None
no_interact: False
avg_score: 0.6571892499923706
median_score: 0.650467574596405
std_score: 0.02244430035352707
percentiles: 2%=0.6192003488540649, 5%=0.6308320164680481, 10%=0.6341602206230164, 25%=0.6393775939941406, 50%=0.650467574596405, 75%=0.6711320877075195, 90%=0.6893826723098755, 95%=0.7012823820114136, 98%=0.7052067518234253
ranking_best_algo: PBIL
ranking_best_score: 0.7170882103515624
ranking_my_rank: 234/504 (53.8%)
ranking_my_percent: 53.76984126984127
