ConfigName: kjsd__advperagentrankweighted__M4__L10__eps0p02__g0p0003__ds0p05__dm0p05
Problem: QUBO
Kernel: jsd
Advantage: peragentrankweighted
M: 4
lambda: 10
epsilon_svgd: 0.02
gamma: 0.0003
decay_start_ratio: 0.05
decay_min_factor: 0.05
bandwith_kernel: None
no_interact: False
avg_score: -325.5799865722656
median_score: -328.0
std_score: 22.193323135375977
percentiles: 2%=-372.0, 5%=-358.1499938964844, 10%=-350.29998779296875, 25%=-341.25, 50%=-328.0, 75%=-313.5, 90%=-295.8999938964844, 95%=-287.8999938964844, 98%=-269.9599914550781
ranking_best_algo: CMApara
ranking_best_score: 344.22
ranking_my_rank: 118/504 (76.8%)
ranking_my_percent: 76.78571428571429
