ConfigName: kjsd__advperagentrankweighted__M4__L24__eps0p03__g0p0003__ds0p05__dm0p05
Problem: QUBO
Kernel: jsd
Advantage: peragentrankweighted
M: 4
lambda: 24
epsilon_svgd: 0.03
gamma: 0.0003
decay_start_ratio: 0.05
decay_min_factor: 0.05
bandwith_kernel: None
no_interact: False
avg_score: -306.8399963378906
median_score: -306.0
std_score: 40.37046432495117
percentiles: 2%=-388.1600036621094, 5%=-384.20001220703125, 10%=-361.0, 25%=-334.0, 50%=-306.0, 75%=-272.0, 90%=-256.0, 95%=-251.89999389648438, 98%=-239.9600067138672
ranking_best_algo: CMApara
ranking_best_score: 319.29999999999995
ranking_my_rank: 111/504 (78.2%)
ranking_my_percent: 78.17460317460318
