ConfigName: kjsd__advperagentrankweighted__M3__L16__eps0p01__g0p003__ds0p05__dm0p05
Problem: QUBO
Kernel: jsd
Advantage: peragentrankweighted
M: 3
lambda: 16
epsilon_svgd: 0.01
gamma: 0.003
decay_start_ratio: 0.05
decay_min_factor: 0.05
bandwith_kernel: None
no_interact: False
avg_score: -425.94000244140625
median_score: -428.5
std_score: 28.419647216796875
percentiles: 2%=-479.0, 5%=-475.20001220703125, 10%=-465.20001220703125, 25%=-443.25, 50%=-428.5, 75%=-409.75, 90%=-390.8999938964844, 95%=-382.54998779296875, 98%=-365.8399963378906
ranking_best_algo: CMAL3
ranking_best_score: 435.36
ranking_my_rank: 23/504 (95.6%)
ranking_my_percent: 95.63492063492063
