ConfigName: kjsd__advperagentrankweighted__M6__L30__eps0p005__g0p0005__ds0p05__dm0p05
Problem: QUBO
Kernel: jsd
Advantage: peragentrankweighted
M: 6
lambda: 30
epsilon_svgd: 0.005
gamma: 0.0005
decay_start_ratio: 0.05
decay_min_factor: 0.05
bandwith_kernel: None
no_interact: False
avg_score: -873.1799926757812
median_score: -871.0
std_score: 68.36656951904297
percentiles: 2%=-1012.5599975585938, 5%=-987.5499877929688, 10%=-957.5999755859375, 25%=-923.0, 50%=-871.0, 75%=-825.25, 90%=-784.0, 95%=-760.0, 98%=-755.7999877929688
ranking_best_algo: CMAL3
ranking_best_score: 928.5800000000002
ranking_my_rank: 136/504 (73.2%)
ranking_my_percent: 73.21428571428571
