ConfigName: kjsd__advperagentrankweighted__M3__L16__eps0p005__g0p001__ds0p05__dm0p05
Problem: QUBO
Kernel: jsd
Advantage: peragentrankweighted
M: 3
lambda: 16
epsilon_svgd: 0.005
gamma: 0.001
decay_start_ratio: 0.05
decay_min_factor: 0.05
bandwith_kernel: None
no_interact: False
avg_score: -941.02001953125
median_score: -939.5
std_score: 71.57946014404297
percentiles: 2%=-1074.0400390625, 5%=-1054.550048828125, 10%=-1043.0, 25%=-1002.25, 50%=-939.5, 75%=-885.75, 90%=-853.2999877929688, 95%=-838.6500244140625, 98%=-820.4400024414062
ranking_best_algo: CMApara
ranking_best_score: 964.9
ranking_my_rank: 5/504 (99.2%)
ranking_my_percent: 99.2063492063492
