ConfigName: krbf__advnormalizedfitness__M2__L10__eps0p025__g0p01__ds0p15__dm0p3
Problem: QUBO
Kernel: rbf
Advantage: normalizedfitness
M: 2
lambda: 10
epsilon_svgd: 0.025
gamma: 0.01
decay_start_ratio: 0.15
decay_min_factor: 0.3
bandwith_kernel: None
no_interact: False
avg_score: -908.1400146484375
median_score: -911.0
std_score: 64.27037048339844
percentiles: 2%=-1039.1800537109375, 5%=-1000.2000122070312, 10%=-992.0, 25%=-948.25, 50%=-911.0, 75%=-863.5, 90%=-821.7000122070312, 95%=-802.9000244140625, 98%=-790.9000244140625
ranking_best_algo: CMAL3
ranking_best_score: 928.5800000000002
ranking_my_rank: 53/504 (89.7%)
ranking_my_percent: 89.68253968253968
