ConfigName: krbf__advnormalizedfitness__M4__L8__eps0p015__g0p007__ds0p3__dm0p3
Problem: NK
Kernel: rbf
Advantage: normalizedfitness
M: 4
lambda: 8
epsilon_svgd: 0.015
gamma: 0.007
decay_start_ratio: 0.3
decay_min_factor: 0.3
bandwith_kernel: None
no_interact: False
avg_score: 0.669270396232605
median_score: 0.6659868359565735
std_score: 0.02068462036550045
percentiles: 2%=0.6408929228782654, 5%=0.6439839601516724, 10%=0.6468626260757446, 25%=0.6542614698410034, 50%=0.6659868359565735, 75%=0.6763778924942017, 90%=0.7012518644332886, 95%=0.712852418422699, 98%=0.7201228141784668
ranking_best_algo: Tabu
ranking_best_score: 0.7601875690625
ranking_my_rank: 365/504 (27.8%)
ranking_my_percent: 27.77777777777778
