ConfigName: kfr__advglobalrankweighted__M4__L5__eps0p03__g0p001__ds0p01__dm0p01
Problem: NK
Kernel: fr
Advantage: globalrankweighted
M: 4
lambda: 5
epsilon_svgd: 0.03
gamma: 0.001
decay_start_ratio: 0.01
decay_min_factor: 0.01
bandwith_kernel: None
no_interact: False
avg_score: 0.6853858828544617
median_score: 0.684032678604126
std_score: 0.006788941565901041
percentiles: 2%=0.6739264130592346, 5%=0.6767847537994385, 10%=0.6781566143035889, 25%=0.681143581867218, 50%=0.684032678604126, 75%=0.688474714756012, 90%=0.6926906704902649, 95%=0.7000100016593933, 98%=0.7022708654403687
ranking_best_algo: PBIL
ranking_best_score: 0.7170882103515624
ranking_my_rank: 135/504 (73.4%)
ranking_my_percent: 73.41269841269842
