ConfigName: kjsd__advperagentrankweighted__M8__L10__eps0p005__g0p0005__ds0p05__dm0p05
Problem: QUBO
Kernel: jsd
Advantage: peragentrankweighted
M: 8
lambda: 10
epsilon_svgd: 0.005
gamma: 0.0005
decay_start_ratio: 0.05
decay_min_factor: 0.05
bandwith_kernel: None
no_interact: False
avg_score: -432.6199951171875
median_score: -430.0
std_score: 25.590927124023438
percentiles: 2%=-487.0400085449219, 5%=-481.0, 10%=-473.20001220703125, 25%=-445.0, 50%=-430.0, 75%=-416.75, 90%=-404.79998779296875, 95%=-390.95001220703125, 98%=-386.7799987792969
ranking_best_algo: CMAL3
ranking_best_score: 435.36
ranking_my_rank: 2/504 (99.8%)
ranking_my_percent: 99.8015873015873
