ConfigName: krbf__advnormalizedfitness__M1__L8__eps0p015__g0p015__ds0p3__dm0p3
Problem: QUBO
Kernel: rbf
Advantage: normalizedfitness
M: 1
lambda: 8
epsilon_svgd: 0.015
gamma: 0.015
decay_start_ratio: 0.3
decay_min_factor: 0.3
bandwith_kernel: None
no_interact: False
avg_score: -195.0399932861328
median_score: -198.0
std_score: 14.47889518737793
percentiles: 2%=-222.0399932861328, 5%=-219.0500030517578, 10%=-210.10000610351562, 25%=-205.0, 50%=-198.0, 75%=-185.0, 90%=-176.89999389648438, 95%=-171.7000274658203, 98%=-163.85997009277344
ranking_best_algo: Tabu
ranking_best_score: 208.36000000000004
ranking_my_rank: 215/504 (57.5%)
ranking_my_percent: 57.53968253968254
