ConfigName: kjsd__advperagentrankweighted__M4__L12__eps0p02__g0p0005__ds0p05__dm0p05
Problem: NK
Kernel: jsd
Advantage: peragentrankweighted
M: 4
lambda: 12
epsilon_svgd: 0.02
gamma: 0.0005
decay_start_ratio: 0.05
decay_min_factor: 0.05
bandwith_kernel: None
no_interact: False
avg_score: 0.7289608716964722
median_score: 0.7285937070846558
std_score: 0.008785577490925789
percentiles: 2%=0.7130097150802612, 5%=0.7144370079040527, 10%=0.716948390007019, 25%=0.7222516536712646, 50%=0.7285937070846558, 75%=0.7357784509658813, 90%=0.7411605715751648, 95%=0.7426487803459167, 98%=0.7441074252128601
ranking_best_algo: PBIL
ranking_best_score: 0.7248786399609374
ranking_my_rank: 1/504 (100.0%)
ranking_my_percent: 100.0
