ConfigName: kjsd__advperagentrankweighted__M4__L20__eps0p005__g0p0005__ds0p05__dm0p05
Problem: NK
Kernel: jsd
Advantage: peragentrankweighted
M: 4
lambda: 20
epsilon_svgd: 0.005
gamma: 0.0005
decay_start_ratio: 0.05
decay_min_factor: 0.05
bandwith_kernel: None
no_interact: False
avg_score: 0.7425816059112549
median_score: 0.7424853444099426
std_score: 0.014221204444766045
percentiles: 2%=0.7160888314247131, 5%=0.7210140228271484, 10%=0.7254264950752258, 25%=0.7322643995285034, 50%=0.7424853444099426, 75%=0.7505699396133423, 90%=0.7584211230278015, 95%=0.7662386298179626, 98%=0.7723473310470581
ranking_best_algo: Tabu
ranking_best_score: 0.7601875690625
ranking_my_rank: 10/504 (98.2%)
ranking_my_percent: 98.21428571428571
