ConfigName: kjsd__advperagentrankweighted__M3__L20__eps0p005__g0p0007__ds0p2__dm0p2
Problem: QUBO
Kernel: jsd
Advantage: peragentrankweighted
M: 3
lambda: 20
epsilon_svgd: 0.005
gamma: 0.0007
decay_start_ratio: 0.2
decay_min_factor: 0.2
bandwith_kernel: None
no_interact: False
avg_score: -137.9600067138672
median_score: -138.5
std_score: 11.988261222839355
percentiles: 2%=-158.02000427246094, 5%=-158.0, 10%=-156.0, 25%=-146.0, 50%=-138.5, 75%=-130.0, 90%=-124.80000305175781, 95%=-114.9000015258789, 98%=-112.95999908447266
ranking_best_algo: DiscreteDE
ranking_best_score: 143.4
ranking_my_rank: 117/504 (77.0%)
ranking_my_percent: 76.98412698412699
