ConfigName: kjsd__advperagentrankweighted__M6__L30__eps0p005__g0p0005__ds0p05__dm0p05
Problem: NK
Kernel: jsd
Advantage: peragentrankweighted
M: 6
lambda: 30
epsilon_svgd: 0.005
gamma: 0.0005
decay_start_ratio: 0.05
decay_min_factor: 0.05
bandwith_kernel: None
no_interact: False
avg_score: 0.7480150461196899
median_score: 0.7482136487960815
std_score: 0.01663883402943611
percentiles: 2%=0.7120985984802246, 5%=0.7186915874481201, 10%=0.7271777391433716, 25%=0.7376495599746704, 50%=0.7482136487960815, 75%=0.7614471316337585, 90%=0.7674106359481812, 95%=0.7733938694000244, 98%=0.7791737914085388
ranking_best_algo: Tabu
ranking_best_score: 0.7470791764843752
ranking_my_rank: 1/504 (100.0%)
ranking_my_percent: 100.0
