ConfigName: kjsd__advperagentrankweighted__M5__L10__eps0p005__g0p0007__ds0p05__dm0p2
Problem: NK
Kernel: jsd
Advantage: peragentrankweighted
M: 5
lambda: 10
epsilon_svgd: 0.005
gamma: 0.0007
decay_start_ratio: 0.05
decay_min_factor: 0.2
bandwith_kernel: None
no_interact: False
avg_score: 0.691270649433136
median_score: 0.6895955801010132
std_score: 0.00924499612301588
percentiles: 2%=0.6752411723136902, 5%=0.6778234839439392, 10%=0.6799584031105042, 25%=0.6852090954780579, 50%=0.6895955801010132, 75%=0.6980734467506409, 90%=0.7033815979957581, 95%=0.7085119485855103, 98%=0.7102100849151611
ranking_best_algo: PBIL
ranking_best_score: 0.7170882103515624
ranking_my_rank: 121/504 (76.2%)
ranking_my_percent: 76.19047619047619
