ConfigName: kjsd__advperagentrankweighted__M3__L18__eps0p007__g0p001__ds0p2__dm0p2
Problem: NK
Kernel: jsd
Advantage: peragentrankweighted
M: 3
lambda: 18
epsilon_svgd: 0.007
gamma: 0.001
decay_start_ratio: 0.2
decay_min_factor: 0.2
bandwith_kernel: None
no_interact: False
avg_score: 0.7075291275978088
median_score: 0.7098085284233093
std_score: 0.012112260796129704
percentiles: 2%=0.6865836977958679, 5%=0.6876614093780518, 10%=0.692249596118927, 25%=0.6959422826766968, 50%=0.7098085284233093, 75%=0.7179139852523804, 90%=0.7226676344871521, 95%=0.723991870880127, 98%=0.7242986559867859
ranking_best_algo: PBIL
ranking_best_score: 0.7013553837109374
ranking_my_rank: 1/504 (100.0%)
ranking_my_percent: 100.0
