ConfigName: kjsd__advperagentrankweighted__M3__L30__eps0p007__g0p001__ds0p1__dm0p2
Problem: QUBO
Kernel: jsd
Advantage: peragentrankweighted
M: 3
lambda: 30
epsilon_svgd: 0.007
gamma: 0.001
decay_start_ratio: 0.1
decay_min_factor: 0.2
bandwith_kernel: None
no_interact: False
avg_score: -2469.39990234375
median_score: -2457.0
std_score: 129.2018585205078
percentiles: 2%=-2719.5400390625, 5%=-2679.60009765625, 10%=-2650.199951171875, 25%=-2567.0, 50%=-2457.0, 75%=-2372.0, 90%=-2295.5, 95%=-2266.0, 98%=-2233.840087890625
ranking_best_algo: SVM1MetaModelLogNormal
ranking_best_score: 2605.14
ranking_my_rank: 80/504 (84.3%)
ranking_my_percent: 84.32539682539682
