ConfigName: kjsd__advperagentrankweighted__M3__L20__eps0p005__g0p0007__ds0p1__dm0p1
Problem: NK
Kernel: jsd
Advantage: peragentrankweighted
M: 3
lambda: 20
epsilon_svgd: 0.005
gamma: 0.0007
decay_start_ratio: 0.1
decay_min_factor: 0.1
bandwith_kernel: None
no_interact: False
avg_score: 0.7497800588607788
median_score: 0.748456597328186
std_score: 0.009188953787088394
percentiles: 2%=0.7329320311546326, 5%=0.7351982593536377, 10%=0.7394615411758423, 25%=0.7423202991485596, 50%=0.748456597328186, 75%=0.7561678886413574, 90%=0.76256263256073, 95%=0.7654231190681458, 98%=0.767593502998352
ranking_best_algo: PBIL
ranking_best_score: 0.733570253046875
ranking_my_rank: 1/504 (100.0%)
ranking_my_percent: 100.0
