ConfigName: kjsd__advperagentrankweighted__M3__L18__eps0p01__g0p0007__ds0p1__dm0p1
Problem: QUBO
Kernel: jsd
Advantage: peragentrankweighted
M: 3
lambda: 18
epsilon_svgd: 0.01
gamma: 0.0007
decay_start_ratio: 0.1
decay_min_factor: 0.1
bandwith_kernel: None
no_interact: False
avg_score: -932.52001953125
median_score: -916.5
std_score: 68.45632934570312
percentiles: 2%=-1076.0, 5%=-1050.5, 10%=-1043.0999755859375, 25%=-967.25, 50%=-916.5, 75%=-891.0, 90%=-848.4000244140625, 95%=-822.7999877929688, 98%=-814.8800048828125
ranking_best_algo: CMApara
ranking_best_score: 964.9
ranking_my_rank: 19/504 (96.4%)
ranking_my_percent: 96.42857142857143
