ConfigName: kjsd__advperagentrankweighted__M3__L30__eps0p007__g0p001__ds0p05__dm0p2
Problem: QUBO
Kernel: jsd
Advantage: peragentrankweighted
M: 3
lambda: 30
epsilon_svgd: 0.007
gamma: 0.001
decay_start_ratio: 0.05
decay_min_factor: 0.2
bandwith_kernel: None
no_interact: False
avg_score: -1589.52001953125
median_score: -1602.0
std_score: 61.259361267089844
percentiles: 2%=-1701.280029296875, 5%=-1673.3499755859375, 10%=-1658.0999755859375, 25%=-1638.5, 50%=-1602.0, 75%=-1543.0, 90%=-1512.699951171875, 95%=-1489.0, 98%=-1464.52001953125
ranking_best_algo: NLOPT_LN_PRAXIS
ranking_best_score: 1607.12
ranking_my_rank: 39/504 (92.5%)
ranking_my_percent: 92.46031746031746
