ConfigName: krbf__advnormalizedfitness__M1__L8__eps0p025__g0p015__ds0p01__dm0p3
Problem: QUBO
Kernel: rbf
Advantage: normalizedfitness
M: 1
lambda: 8
epsilon_svgd: 0.025
gamma: 0.015
decay_start_ratio: 0.01
decay_min_factor: 0.3
bandwith_kernel: None
no_interact: False
avg_score: -1226.0999755859375
median_score: -1225.5
std_score: 62.304813385009766
percentiles: 2%=-1347.02001953125, 5%=-1320.5999755859375, 10%=-1301.199951171875, 25%=-1274.0, 50%=-1225.5, 75%=-1181.75, 90%=-1142.9000244140625, 95%=-1126.800048828125, 98%=-1112.5599365234375
ranking_best_algo: SVMMetaModelLogNormal
ranking_best_score: 1233.7999999999997
ranking_my_rank: 13/504 (97.6%)
ranking_my_percent: 97.61904761904762
