ConfigName: kjsd__advperagentrankweighted__M3__L18__eps0p005__g0p003__ds0p1__dm0p05
Problem: NK
Kernel: jsd
Advantage: peragentrankweighted
M: 3
lambda: 18
epsilon_svgd: 0.005
gamma: 0.003
decay_start_ratio: 0.1
decay_min_factor: 0.05
bandwith_kernel: None
no_interact: False
avg_score: 0.7103967070579529
median_score: 0.7113170623779297
std_score: 0.015179544687271118
percentiles: 2%=0.6717844009399414, 5%=0.6735869646072388, 10%=0.6968039274215698, 25%=0.7071788311004639, 50%=0.7113170623779297, 75%=0.7201529741287231, 90%=0.7253460884094238, 95%=0.7316349744796753, 98%=0.7324512004852295
ranking_best_algo: CMApara
ranking_best_score: 0.707475975
ranking_my_rank: 1/504 (100.0%)
ranking_my_percent: 100.0
