ConfigName: kjsd__advperagentrankweighted__M4__L10__eps0p02__g0p0003__ds0p2__dm0p05
Problem: NK
Kernel: jsd
Advantage: peragentrankweighted
M: 4
lambda: 10
epsilon_svgd: 0.02
gamma: 0.0003
decay_start_ratio: 0.2
decay_min_factor: 0.05
bandwith_kernel: None
no_interact: False
avg_score: 0.7014743685722351
median_score: 0.7018754482269287
std_score: 0.012089218012988567
percentiles: 2%=0.6811104416847229, 5%=0.6831904053688049, 10%=0.6854212880134583, 25%=0.6903298497200012, 50%=0.7018754482269287, 75%=0.7115706205368042, 90%=0.7163951992988586, 95%=0.7187916040420532, 98%=0.7191598415374756
ranking_best_algo: PBIL
ranking_best_score: 0.7013553837109374
ranking_my_rank: 1/504 (100.0%)
ranking_my_percent: 100.0
