ConfigName: kjsd__advperagentrankweighted__M5__L10__eps0p02__g0p0003__ds0p2__dm0p05
Problem: NK
Kernel: jsd
Advantage: peragentrankweighted
M: 5
lambda: 10
epsilon_svgd: 0.02
gamma: 0.0003
decay_start_ratio: 0.2
decay_min_factor: 0.05
bandwith_kernel: None
no_interact: False
avg_score: 0.7055972218513489
median_score: 0.7051274180412292
std_score: 0.006994796916842461
percentiles: 2%=0.6927918791770935, 5%=0.6951867341995239, 10%=0.6966021060943604, 25%=0.7008203268051147, 50%=0.7051274180412292, 75%=0.7104175090789795, 90%=0.7152571082115173, 95%=0.7175642251968384, 98%=0.7201351523399353
ranking_best_algo: PBIL
ranking_best_score: 0.7170882103515624
ranking_my_rank: 60/504 (88.3%)
ranking_my_percent: 88.2936507936508
