ConfigName: kjsd__advperagentrankweighted__M3__L30__eps0p005__g0p001__ds0p2__dm0p2
Problem: QUBO
Kernel: jsd
Advantage: peragentrankweighted
M: 3
lambda: 30
epsilon_svgd: 0.005
gamma: 0.001
decay_start_ratio: 0.2
decay_min_factor: 0.2
bandwith_kernel: None
no_interact: False
avg_score: -1498.1600341796875
median_score: -1510.0
std_score: 76.67121124267578
percentiles: 2%=-1657.06005859375, 5%=-1609.6500244140625, 10%=-1589.4000244140625, 25%=-1551.5, 50%=-1510.0, 75%=-1434.75, 90%=-1402.699951171875, 95%=-1376.800048828125, 98%=-1357.760009765625
ranking_best_algo: NLOPT_LN_PRAXIS
ranking_best_score: 1607.12
ranking_my_rank: 80/504 (84.3%)
ranking_my_percent: 84.32539682539682
