ConfigName: kjsd__advperagentrankweighted__M4__L12__eps0p01__g0p0007__ds0p4__dm0p05
Problem: NK
Kernel: jsd
Advantage: peragentrankweighted
M: 4
lambda: 12
epsilon_svgd: 0.01
gamma: 0.0007
decay_start_ratio: 0.4
decay_min_factor: 0.05
bandwith_kernel: None
no_interact: False
avg_score: 0.7436664700508118
median_score: 0.7413700819015503
std_score: 0.028207089751958847
percentiles: 2%=0.6958183646202087, 5%=0.7063513994216919, 10%=0.7100974321365356, 25%=0.7229162454605103, 50%=0.7413700819015503, 75%=0.7548282146453857, 90%=0.7775435447692871, 95%=0.8044298887252808, 98%=0.8109671473503113
ranking_best_algo: CMApara
ranking_best_score: 0.7459277895312499
ranking_my_rank: 7/504 (98.8%)
ranking_my_percent: 98.80952380952381
