ConfigName: krbf__advglobalrankweighted__M4__L10__eps0p01__g0p007__ds0p01__dm0p01
Problem: QUBO
Kernel: rbf
Advantage: globalrankweighted
M: 4
lambda: 10
epsilon_svgd: 0.01
gamma: 0.007
decay_start_ratio: 0.01
decay_min_factor: 0.01
bandwith_kernel: None
no_interact: False
avg_score: -567.780029296875
median_score: -566.0
std_score: 31.687719345092773
percentiles: 2%=-635.0399780273438, 5%=-619.3499755859375, 10%=-614.0999755859375, 25%=-589.0, 50%=-566.0, 75%=-544.75, 90%=-522.9000244140625, 95%=-518.9000244140625, 98%=-514.97998046875
ranking_best_algo: Tabu
ranking_best_score: 588.7199999999999
ranking_my_rank: 81/503 (84.1%)
ranking_my_percent: 84.09542743538768
