ConfigName: kjsd__advperagentrankweighted__M3__L16__eps0p01__g0p0005__ds0p2__dm0p1
Problem: NK
Kernel: jsd
Advantage: peragentrankweighted
M: 3
lambda: 16
epsilon_svgd: 0.01
gamma: 0.0005
decay_start_ratio: 0.2
decay_min_factor: 0.1
bandwith_kernel: None
no_interact: False
avg_score: 0.7085164785385132
median_score: 0.7107280492782593
std_score: 0.015614017844200134
percentiles: 2%=0.6670470237731934, 5%=0.6704701781272888, 10%=0.6941183805465698, 25%=0.7040758728981018, 50%=0.7107280492782593, 75%=0.7163605690002441, 90%=0.7252100110054016, 95%=0.7324137687683105, 98%=0.7327576875686646
ranking_best_algo: CMApara
ranking_best_score: 0.707475975
ranking_my_rank: 1/504 (100.0%)
ranking_my_percent: 100.0
