ConfigName: kfr__advglobalrankweighted__M6__L9__eps0p01__g0p005__ds0p01__dm0p01
Problem: QUBO
Kernel: fr
Advantage: globalrankweighted
M: 6
lambda: 9
epsilon_svgd: 0.01
gamma: 0.005
decay_start_ratio: 0.01
decay_min_factor: 0.01
bandwith_kernel: None
no_interact: False
avg_score: -306.0
median_score: -307.0
std_score: 37.293968200683594
percentiles: 2%=-388.0799865722656, 5%=-382.0, 10%=-349.1999816894531, 25%=-330.0, 50%=-307.0, 75%=-272.0, 90%=-265.79998779296875, 95%=-258.95001220703125, 98%=-252.97999572753906
ranking_best_algo: CMApara
ranking_best_score: 319.29999999999995
ranking_my_rank: 121/504 (76.2%)
ranking_my_percent: 76.19047619047619
