ConfigName: krbf__advnormalizedfitness__M4__L15__eps0p02__g0p0005__ds0p05__dm0p05
Problem: QUBO
Kernel: rbf
Advantage: normalizedfitness
M: 4
lambda: 15
epsilon_svgd: 0.02
gamma: 0.0005
decay_start_ratio: 0.05
decay_min_factor: 0.05
bandwith_kernel: None
no_interact: False
avg_score: -2425.60009765625
median_score: -2418.5
std_score: 160.465576171875
percentiles: 2%=-2739.10009765625, 5%=-2719.699951171875, 10%=-2666.199951171875, 25%=-2523.5, 50%=-2418.5, 75%=-2326.75, 90%=-2227.39990234375, 95%=-2203.85009765625, 98%=-2148.360107421875
ranking_best_algo: DiscreteLengler2OnePlusOne
ranking_best_score: 2617.04
ranking_my_rank: 127/504 (75.0%)
ranking_my_percent: 75.0
