ConfigName: krbf__advnormalizedfitness__M3__L15__eps0p025__g0p015__ds0p01__dm0p3
Problem: NK
Kernel: rbf
Advantage: normalizedfitness
M: 3
lambda: 15
epsilon_svgd: 0.025
gamma: 0.015
decay_start_ratio: 0.01
decay_min_factor: 0.3
bandwith_kernel: None
no_interact: False
avg_score: 0.5733045935630798
median_score: 0.5725005269050598
std_score: 0.004966589622199535
percentiles: 2%=0.5659031867980957, 5%=0.5662398934364319, 10%=0.566943347454071, 25%=0.5698568820953369, 50%=0.5725005269050598, 75%=0.5759077072143555, 90%=0.5801951885223389, 95%=0.5823981165885925, 98%=0.5852342844009399
ranking_best_algo: PBIL
ranking_best_score: 0.7170882103515624
ranking_my_rank: 389/504 (23.0%)
ranking_my_percent: 23.015873015873016
