ConfigName: krbf__advnormalizedfitness__M1__L10__eps0p015__g0p005__ds0p15__dm0p01
Problem: QUBO
Kernel: rbf
Advantage: normalizedfitness
M: 1
lambda: 10
epsilon_svgd: 0.015
gamma: 0.005
decay_start_ratio: 0.15
decay_min_factor: 0.01
bandwith_kernel: None
no_interact: False
avg_score: -424.79998779296875
median_score: -424.5
std_score: 31.71308708190918
percentiles: 2%=-485.0, 5%=-473.0, 10%=-467.20001220703125, 25%=-450.75, 50%=-424.5, 75%=-399.75, 90%=-387.79998779296875, 95%=-375.0, 98%=-364.94000244140625
ranking_best_algo: CMApara
ranking_best_score: 453.82
ranking_my_rank: 124/504 (75.6%)
ranking_my_percent: 75.5952380952381
