ConfigName: kfr__advglobalrankweighted__M4__L12__eps0p02__g0p003__ds0p01__dm0p01
Problem: QUBO
Kernel: fr
Advantage: globalrankweighted
M: 4
lambda: 12
epsilon_svgd: 0.02
gamma: 0.003
decay_start_ratio: 0.01
decay_min_factor: 0.01
bandwith_kernel: None
no_interact: False
avg_score: -147.60000610351562
median_score: -147.0
std_score: 13.471452713012695
percentiles: 2%=-179.0, 5%=-179.0, 10%=-160.39999389648438, 25%=-154.0, 50%=-147.0, 75%=-139.0, 90%=-134.0, 95%=-128.90000915527344, 98%=-114.0
ranking_best_algo: CMApara
ranking_best_score: 154.28
ranking_my_rank: 94/504 (81.5%)
ranking_my_percent: 81.54761904761905
