ConfigName: kjsd__advperagentrankweighted__M5__L10__eps0p005__g0p0005__ds0p3__dm0p05
Problem: QUBO
Kernel: jsd
Advantage: peragentrankweighted
M: 5
lambda: 10
epsilon_svgd: 0.005
gamma: 0.0005
decay_start_ratio: 0.3
decay_min_factor: 0.05
bandwith_kernel: None
no_interact: False
avg_score: -200.67999267578125
median_score: -201.0
std_score: 12.208914756774902
percentiles: 2%=-224.0, 5%=-221.0500030517578, 10%=-218.0, 25%=-209.0, 50%=-201.0, 75%=-193.75, 90%=-183.89999389648438, 95%=-180.0, 98%=-178.94000244140625
ranking_best_algo: Tabu
ranking_best_score: 208.36000000000004
ranking_my_rank: 45/504 (91.3%)
ranking_my_percent: 91.26984126984127
