ConfigName: kjsd__advperagentrankweighted__M3__L18__eps0p01__g0p003__ds0p1__dm0p2
Problem: NK
Kernel: jsd
Advantage: peragentrankweighted
M: 3
lambda: 18
epsilon_svgd: 0.01
gamma: 0.003
decay_start_ratio: 0.1
decay_min_factor: 0.2
bandwith_kernel: None
no_interact: False
avg_score: 0.7362790703773499
median_score: 0.736064076423645
std_score: 0.012987972237169743
percentiles: 2%=0.7141507863998413, 5%=0.7170693874359131, 10%=0.7206244468688965, 25%=0.7272576689720154, 50%=0.736064076423645, 75%=0.7427240610122681, 90%=0.7540704011917114, 95%=0.7588362693786621, 98%=0.7650148868560791
ranking_best_algo: Tabu
ranking_best_score: 0.7601875690625
ranking_my_rank: 21/504 (96.0%)
ranking_my_percent: 96.03174603174604
