ConfigName: krbf__advnormalizedfitness__M3__L15__eps0p025__g0p01__ds0p01__dm0p01
Problem: NK
Kernel: rbf
Advantage: normalizedfitness
M: 3
lambda: 15
epsilon_svgd: 0.025
gamma: 0.01
decay_start_ratio: 0.01
decay_min_factor: 0.01
bandwith_kernel: None
no_interact: False
avg_score: 0.6426855325698853
median_score: 0.6383658647537231
std_score: 0.023445062339305878
percentiles: 2%=0.6016226410865784, 5%=0.6145921945571899, 10%=0.6190487742424011, 25%=0.6267542243003845, 50%=0.6383658647537231, 75%=0.6545907258987427, 90%=0.6766215562820435, 95%=0.6939454674720764, 98%=0.6960048675537109
ranking_best_algo: PBIL
ranking_best_score: 0.7170882103515624
ranking_my_rank: 298/504 (41.1%)
ranking_my_percent: 41.07142857142857
