ConfigName: kjsd__advperagentrankweighted__M3__L20__eps0p007__g0p001__ds0p1__dm0p05
Problem: QUBO
Kernel: jsd
Advantage: peragentrankweighted
M: 3
lambda: 20
epsilon_svgd: 0.007
gamma: 0.001
decay_start_ratio: 0.1
decay_min_factor: 0.05
bandwith_kernel: None
no_interact: False
avg_score: -442.5400085449219
median_score: -445.0
std_score: 26.301868438720703
percentiles: 2%=-487.0400085449219, 5%=-481.20001220703125, 10%=-473.0, 25%=-464.0, 50%=-445.0, 75%=-424.5, 90%=-402.0, 95%=-396.95001220703125, 98%=-392.8599853515625
ranking_best_algo: CMApara
ranking_best_score: 453.82
ranking_my_rank: 9/504 (98.4%)
ranking_my_percent: 98.41269841269842
