ConfigName: krbf__advnormalizedfitness__M1__L8__eps0p025__g0p015__ds0p3__dm0p01
Problem: QUBO
Kernel: rbf
Advantage: normalizedfitness
M: 1
lambda: 8
epsilon_svgd: 0.025
gamma: 0.015
decay_start_ratio: 0.3
decay_min_factor: 0.01
bandwith_kernel: None
no_interact: False
avg_score: -318.4800109863281
median_score: -324.0
std_score: 24.371490478515625
percentiles: 2%=-357.29998779296875, 5%=-350.0, 10%=-346.0, 25%=-339.0, 50%=-324.0, 75%=-300.0, 90%=-287.79998779296875, 95%=-279.8000183105469, 98%=-269.8199462890625
ranking_best_algo: CMApara
ranking_best_score: 344.22
ranking_my_rank: 181/504 (64.3%)
ranking_my_percent: 64.28571428571429
