ConfigName: krbf__advnormalizedfitness__M3__L12__eps0p033__g0p015__ds0p3__dm0p01
Problem: QUBO
Kernel: rbf
Advantage: normalizedfitness
M: 3
lambda: 12
epsilon_svgd: 0.033
gamma: 0.015
decay_start_ratio: 0.3
decay_min_factor: 0.01
bandwith_kernel: None
no_interact: False
avg_score: -311.5400085449219
median_score: -315.0
std_score: 39.51390075683594
percentiles: 2%=-392.0400085449219, 5%=-386.20001220703125, 10%=-352.79998779296875, 25%=-338.5, 50%=-315.0, 75%=-272.5, 90%=-266.0, 95%=-261.8000183105469, 98%=-250.0
ranking_best_algo: CMApara
ranking_best_score: 319.29999999999995
ranking_my_rank: 38/504 (92.7%)
ranking_my_percent: 92.65873015873017
