ConfigName: kjsd__advperagentrankweighted__M3__L20__eps0p005__g0p0007__ds0p1__dm0p1
Problem: QUBO
Kernel: jsd
Advantage: peragentrankweighted
M: 3
lambda: 20
epsilon_svgd: 0.005
gamma: 0.0007
decay_start_ratio: 0.1
decay_min_factor: 0.1
bandwith_kernel: None
no_interact: False
avg_score: -2588.60009765625
median_score: -2578.5
std_score: 123.15941619873047
percentiles: 2%=-2848.159912109375, 5%=-2772.75, 10%=-2753.39990234375, 25%=-2685.25, 50%=-2578.5, 75%=-2500.0, 90%=-2421.800048828125, 95%=-2393.699951171875, 98%=-2373.10009765625
ranking_best_algo: SVM1MetaModelLogNormal
ranking_best_score: 2605.14
ranking_my_rank: 11/504 (98.0%)
ranking_my_percent: 98.01587301587301
