ConfigName: kjsd__advperagentrankweighted__M5__L8__eps0p005__g0p0003__ds0p05__dm0p05
Problem: QUBO
Kernel: jsd
Advantage: peragentrankweighted
M: 5
lambda: 8
epsilon_svgd: 0.005
gamma: 0.0003
decay_start_ratio: 0.05
decay_min_factor: 0.05
bandwith_kernel: None
no_interact: False
avg_score: -941.3599853515625
median_score: -944.0
std_score: 67.09016418457031
percentiles: 2%=-1074.0400390625, 5%=-1051.199951171875, 10%=-1037.300048828125, 25%=-977.0, 50%=-944.0, 75%=-895.0, 90%=-854.5999755859375, 95%=-838.0999755859375, 98%=-802.7999877929688
ranking_best_algo: CMApara
ranking_best_score: 964.9
ranking_my_rank: 5/504 (99.2%)
ranking_my_percent: 99.2063492063492
