ConfigName: krbf__advnormalizedfitness__M4__L10__eps0p015__g0p01__ds0p15__dm0p3
Problem: QUBO
Kernel: rbf
Advantage: normalizedfitness
M: 4
lambda: 10
epsilon_svgd: 0.015
gamma: 0.01
decay_start_ratio: 0.15
decay_min_factor: 0.3
bandwith_kernel: None
no_interact: False
avg_score: -342.5400085449219
median_score: -338.0
std_score: 33.32609176635742
percentiles: 2%=-405.1600036621094, 5%=-391.20001220703125, 10%=-385.1000061035156, 25%=-369.25, 50%=-338.0, 75%=-316.75, 90%=-302.70001220703125, 95%=-293.8000183105469, 98%=-286.6399230957031
ranking_best_algo: CMAL3
ranking_best_score: 435.36
ranking_my_rank: 332/504 (34.3%)
ranking_my_percent: 34.32539682539682
