ConfigName: kfr__advglobalrankweighted__M3__L8__eps0p015__g0p003__ds0p01__dm0p01
Problem: QUBO
Kernel: fr
Advantage: globalrankweighted
M: 3
lambda: 8
epsilon_svgd: 0.015
gamma: 0.003
decay_start_ratio: 0.01
decay_min_factor: 0.01
bandwith_kernel: None
no_interact: False
avg_score: -2546.699951171875
median_score: -2544.0
std_score: 132.66661071777344
percentiles: 2%=-2841.260009765625, 5%=-2786.550048828125, 10%=-2739.199951171875, 25%=-2631.75, 50%=-2544.0, 75%=-2446.5, 90%=-2371.699951171875, 95%=-2349.25, 98%=-2321.159912109375
ranking_best_algo: SVM1MetaModelLogNormal
ranking_best_score: 2605.14
ranking_my_rank: 42/504 (91.9%)
ranking_my_percent: 91.86507936507937
