ConfigName: kfr__advglobalrankweighted__M4__L13__eps0p03__g0p001__ds0p01__dm0p01
Problem: NK
Kernel: fr
Advantage: globalrankweighted
M: 4
lambda: 13
epsilon_svgd: 0.03
gamma: 0.001
decay_start_ratio: 0.01
decay_min_factor: 0.01
bandwith_kernel: None
no_interact: False
avg_score: 0.7406297922134399
median_score: 0.7373577356338501
std_score: 0.0295428317040205
percentiles: 2%=0.693652331829071, 5%=0.7031139135360718, 10%=0.7056828141212463, 25%=0.7199333906173706, 50%=0.7373577356338501, 75%=0.7540625333786011, 90%=0.776625394821167, 95%=0.8044298887252808, 98%=0.8118547797203064
ranking_best_algo: CMApara
ranking_best_score: 0.7459277895312499
ranking_my_rank: 42/504 (91.9%)
ranking_my_percent: 91.86507936507937
