ConfigName: krbf__advnormalizedfitness__M3__L8__eps0p015__g0p01__ds0p15__dm0p3
Problem: QUBO
Kernel: rbf
Advantage: normalizedfitness
M: 3
lambda: 8
epsilon_svgd: 0.015
gamma: 0.01
decay_start_ratio: 0.15
decay_min_factor: 0.3
bandwith_kernel: None
no_interact: False
avg_score: -1135.0799560546875
median_score: -1134.0
std_score: 81.32585144042969
percentiles: 2%=-1283.0, 5%=-1261.5, 10%=-1250.0999755859375, 25%=-1195.25, 50%=-1134.0, 75%=-1089.5, 90%=-1024.199951171875, 95%=-996.6500244140625, 98%=-982.6199340820312
ranking_best_algo: BigLognormalDiscreteOnePlusOne
ranking_best_score: 1301.3600000000004
ranking_my_rank: 162/504 (68.1%)
ranking_my_percent: 68.05555555555556
