ConfigName: kjsd__advperagentrankweighted__M3__L18__eps0p005__g0p001__ds0p1__dm0p1
Problem: QUBO
Kernel: jsd
Advantage: peragentrankweighted
M: 3
lambda: 18
epsilon_svgd: 0.005
gamma: 0.001
decay_start_ratio: 0.1
decay_min_factor: 0.1
bandwith_kernel: None
no_interact: False
avg_score: -200.0
median_score: -201.0
std_score: 11.983322143554688
percentiles: 2%=-224.0, 5%=-224.0, 10%=-214.39999389648438, 25%=-207.0, 50%=-201.0, 75%=-192.0, 90%=-187.0, 95%=-180.9499969482422, 98%=-178.77999877929688
ranking_best_algo: Tabu
ranking_best_score: 208.36000000000004
ranking_my_rank: 54/504 (89.5%)
ranking_my_percent: 89.48412698412699
