ConfigName: kjsd__advperagentrankweighted__M3__L16__eps0p01__g0p001__ds0p1__dm0p05
Problem: QUBO
Kernel: jsd
Advantage: peragentrankweighted
M: 3
lambda: 16
epsilon_svgd: 0.01
gamma: 0.001
decay_start_ratio: 0.1
decay_min_factor: 0.05
bandwith_kernel: None
no_interact: False
avg_score: -426.67999267578125
median_score: -426.0
std_score: 30.024948120117188
percentiles: 2%=-485.0, 5%=-481.0, 10%=-469.20001220703125, 25%=-445.25, 50%=-426.0, 75%=-409.0, 90%=-390.0, 95%=-374.8500061035156, 98%=-365.9599914550781
ranking_best_algo: CMAL3
ranking_best_score: 435.36
ranking_my_rank: 22/504 (95.8%)
ranking_my_percent: 95.83333333333333
