ConfigName: kjsd__advperagentrankweighted__M3__L16__eps0p005__g0p0005__ds0p1__dm0p2
Problem: NK
Kernel: jsd
Advantage: peragentrankweighted
M: 3
lambda: 16
epsilon_svgd: 0.005
gamma: 0.0005
decay_start_ratio: 0.1
decay_min_factor: 0.2
bandwith_kernel: None
no_interact: False
avg_score: 0.7067537903785706
median_score: 0.7093630433082581
std_score: 0.011937035247683525
percentiles: 2%=0.6878836750984192, 5%=0.6887364387512207, 10%=0.6912937760353088, 25%=0.6950019598007202, 50%=0.7093630433082581, 75%=0.7172647714614868, 90%=0.7206178307533264, 95%=0.7230952382087708, 98%=0.7244299054145813
ranking_best_algo: PBIL
ranking_best_score: 0.7013553837109374
ranking_my_rank: 1/504 (100.0%)
ranking_my_percent: 100.0
