ConfigName: kjsd__advperagentrankweighted__M4__L12__eps0p01__g0p0007__ds0p05__dm0p05
Problem: NK
Kernel: jsd
Advantage: peragentrankweighted
M: 4
lambda: 12
epsilon_svgd: 0.01
gamma: 0.0007
decay_start_ratio: 0.05
decay_min_factor: 0.05
bandwith_kernel: None
no_interact: False
avg_score: 0.7426408529281616
median_score: 0.7408133745193481
std_score: 0.028321485966444016
percentiles: 2%=0.6948491334915161, 5%=0.7066195011138916, 10%=0.7107713222503662, 25%=0.7210599184036255, 50%=0.7408133745193481, 75%=0.7538149952888489, 90%=0.7782860398292542, 95%=0.8044298887252808, 98%=0.8044298887252808
ranking_best_algo: CMApara
ranking_best_score: 0.7459277895312499
ranking_my_rank: 20/504 (96.2%)
ranking_my_percent: 96.23015873015873
