ConfigName: kjsd__advperagentrankweighted__M5__L10__eps0p02__g0p0005__ds0p2__dm0p05
Problem: QUBO
Kernel: jsd
Advantage: peragentrankweighted
M: 5
lambda: 10
epsilon_svgd: 0.02
gamma: 0.0005
decay_start_ratio: 0.2
decay_min_factor: 0.05
bandwith_kernel: None
no_interact: False
avg_score: -148.82000732421875
median_score: -146.0
std_score: 12.750199317932129
percentiles: 2%=-179.0, 5%=-179.0, 10%=-164.0, 25%=-154.25, 50%=-146.0, 75%=-141.0, 90%=-137.0, 95%=-133.9499969482422, 98%=-125.9800033569336
ranking_best_algo: CMApara
ranking_best_score: 154.28
ranking_my_rank: 82/504 (83.9%)
ranking_my_percent: 83.92857142857143
