ConfigName: kjsd__advperagentrankweighted__M3__L24__eps0p007__g0p0005__ds0p2__dm0p05
Problem: QUBO
Kernel: jsd
Advantage: peragentrankweighted
M: 3
lambda: 24
epsilon_svgd: 0.007
gamma: 0.0005
decay_start_ratio: 0.2
decay_min_factor: 0.05
bandwith_kernel: None
no_interact: False
avg_score: -328.3399963378906
median_score: -334.0
std_score: 23.902395248413086
percentiles: 2%=-372.0, 5%=-357.20001220703125, 10%=-354.0, 25%=-346.5, 50%=-334.0, 75%=-308.0, 90%=-295.6000061035156, 95%=-285.95001220703125, 98%=-279.79998779296875
ranking_best_algo: CMApara
ranking_best_score: 344.22
ranking_my_rank: 84/504 (83.5%)
ranking_my_percent: 83.53174603174604
