ConfigName: krbf__advnormalizedfitness__M2__L8__eps0p015__g0p015__ds0p3__dm0p01
Problem: QUBO
Kernel: rbf
Advantage: normalizedfitness
M: 2
lambda: 8
epsilon_svgd: 0.015
gamma: 0.015
decay_start_ratio: 0.3
decay_min_factor: 0.01
bandwith_kernel: None
no_interact: False
avg_score: -2574.39990234375
median_score: -2578.0
std_score: 127.08155822753906
percentiles: 2%=-2826.840087890625, 5%=-2753.300048828125, 10%=-2722.300048828125, 25%=-2655.75, 50%=-2578.0, 75%=-2507.0, 90%=-2420.199951171875, 95%=-2379.35009765625, 98%=-2347.739990234375
ranking_best_algo: DiscreteLengler2OnePlusOne
ranking_best_score: 2617.04
ranking_my_rank: 48/504 (90.7%)
ranking_my_percent: 90.67460317460318
