ConfigName: kjsd__advperagentrankweighted__M5__L8__eps0p005__g0p0005__ds0p4__dm0p2
Problem: QUBO
Kernel: jsd
Advantage: peragentrankweighted
M: 5
lambda: 8
epsilon_svgd: 0.005
gamma: 0.0005
decay_start_ratio: 0.4
decay_min_factor: 0.2
bandwith_kernel: None
no_interact: False
avg_score: -1294.699951171875
median_score: -1290.0
std_score: 58.25641632080078
percentiles: 2%=-1402.0799560546875, 5%=-1389.0999755859375, 10%=-1371.199951171875, 25%=-1338.25, 50%=-1290.0, 75%=-1253.5, 90%=-1220.4000244140625, 95%=-1208.5, 98%=-1186.800048828125
ranking_best_algo: BigLognormalDiscreteOnePlusOne
ranking_best_score: 1301.3600000000004
ranking_my_rank: 2/504 (99.8%)
ranking_my_percent: 99.8015873015873
