ConfigName: kjsd__advperagentrankweighted__M3__L24__eps0p007__g0p001__ds0p2__dm0p1
Problem: NK
Kernel: jsd
Advantage: peragentrankweighted
M: 3
lambda: 24
epsilon_svgd: 0.007
gamma: 0.001
decay_start_ratio: 0.2
decay_min_factor: 0.1
bandwith_kernel: None
no_interact: False
avg_score: 0.7428520917892456
median_score: 0.7428611516952515
std_score: 0.014094514772295952
percentiles: 2%=0.7174297571182251, 5%=0.7247313261032104, 10%=0.7258762717247009, 25%=0.7346686124801636, 50%=0.7428611516952515, 75%=0.7504613399505615, 90%=0.759834885597229, 95%=0.7667723298072815, 98%=0.774783730506897
ranking_best_algo: Tabu
ranking_best_score: 0.7601875690625
ranking_my_rank: 9/504 (98.4%)
ranking_my_percent: 98.41269841269842
