ConfigName: kjsd__advperagentrankweighted__M5__L10__eps0p01__g0p0007__ds0p4__dm0p2
Problem: QUBO
Kernel: jsd
Advantage: peragentrankweighted
M: 5
lambda: 10
epsilon_svgd: 0.01
gamma: 0.0007
decay_start_ratio: 0.4
decay_min_factor: 0.2
bandwith_kernel: None
no_interact: False
avg_score: -310.5400085449219
median_score: -310.0
std_score: 39.02650833129883
percentiles: 2%=-394.0400085449219, 5%=-388.20001220703125, 10%=-359.79998779296875, 25%=-336.0, 50%=-310.0, 75%=-275.75, 90%=-267.79998779296875, 95%=-259.8999938964844, 98%=-245.9600067138672
ranking_best_algo: CMApara
ranking_best_score: 319.29999999999995
ranking_my_rank: 58/504 (88.7%)
ranking_my_percent: 88.69047619047619
