ConfigName: kjsd__advperagentrankweighted__M6__L8__eps0p03__g0p0003__ds0p2__dm0p05
Problem: NK
Kernel: jsd
Advantage: peragentrankweighted
M: 6
lambda: 8
epsilon_svgd: 0.03
gamma: 0.0003
decay_start_ratio: 0.2
decay_min_factor: 0.05
bandwith_kernel: None
no_interact: False
avg_score: 0.7092860341072083
median_score: 0.6989150047302246
std_score: 0.030788542702794075
percentiles: 2%=0.6734946966171265, 5%=0.6737009882926941, 10%=0.6757414937019348, 25%=0.6800311207771301, 50%=0.6989150047302246, 75%=0.7409460544586182, 90%=0.7521345615386963, 95%=0.7553239464759827, 98%=0.7590805292129517
ranking_best_algo: CMApara
ranking_best_score: 0.7118996098437498
ranking_my_rank: 56/504 (89.1%)
ranking_my_percent: 89.08730158730158
