ConfigName: kjsd__advperagentrankweighted__M3__L18__eps0p007__g0p0005__ds0p2__dm0p2
Problem: QUBO
Kernel: jsd
Advantage: peragentrankweighted
M: 3
lambda: 18
epsilon_svgd: 0.007
gamma: 0.0005
decay_start_ratio: 0.2
decay_min_factor: 0.2
bandwith_kernel: None
no_interact: False
avg_score: -1313.300048828125
median_score: -1308.5
std_score: 52.54949951171875
percentiles: 2%=-1420.02001953125, 5%=-1397.25, 10%=-1381.0, 25%=-1349.5, 50%=-1308.5, 75%=-1282.75, 90%=-1244.5999755859375, 95%=-1224.8499755859375, 98%=-1208.6400146484375
ranking_best_algo: BigLognormalDiscreteOnePlusOne
ranking_best_score: 1301.3600000000004
ranking_my_rank: 1/504 (100.0%)
ranking_my_percent: 100.0
