ConfigName: kjsd__advperagentrankweighted__M8__L12__eps0p005__g0p0005__ds0p3__dm0p05
Problem: NK
Kernel: jsd
Advantage: peragentrankweighted
M: 8
lambda: 12
epsilon_svgd: 0.005
gamma: 0.0005
decay_start_ratio: 0.3
decay_min_factor: 0.05
bandwith_kernel: None
no_interact: False
avg_score: 0.7106954455375671
median_score: 0.7112326622009277
std_score: 0.015245448797941208
percentiles: 2%=0.6722932457923889, 5%=0.6739102005958557, 10%=0.6968171000480652, 25%=0.7077494263648987, 50%=0.7112326622009277, 75%=0.7187652587890625, 90%=0.7254766821861267, 95%=0.7326204180717468, 98%=0.7332742810249329
ranking_best_algo: CMApara
ranking_best_score: 0.707475975
ranking_my_rank: 1/504 (100.0%)
ranking_my_percent: 100.0
