ConfigName: krbf__advglobalrankweighted__M4__L10__eps0p015__g0p007__ds0p01__dm0p01
Problem: QUBO
Kernel: rbf
Advantage: globalrankweighted
M: 4
lambda: 10
epsilon_svgd: 0.015
gamma: 0.007
decay_start_ratio: 0.01
decay_min_factor: 0.01
bandwith_kernel: None
no_interact: False
avg_score: -3096.43994140625
median_score: -3110.5
std_score: 163.81602478027344
percentiles: 2%=-3376.47998046875, 5%=-3353.14990234375, 10%=-3319.0, 25%=-3230.5, 50%=-3110.5, 75%=-2984.75, 90%=-2883.800048828125, 95%=-2795.650146484375, 98%=-2749.639892578125
ranking_best_algo: RLSOnePlusOne
ranking_best_score: 3316.5199999999995
ranking_my_rank: 84/504 (83.5%)
ranking_my_percent: 83.53174603174604
