ConfigName: krbf__advnormalizedfitness__M3__L15__eps0p025__g0p01__ds0p3__dm0p3
Problem: QUBO
Kernel: rbf
Advantage: normalizedfitness
M: 3
lambda: 15
epsilon_svgd: 0.025
gamma: 0.01
decay_start_ratio: 0.3
decay_min_factor: 0.3
bandwith_kernel: None
no_interact: False
avg_score: -2266.93994140625
median_score: -2259.0
std_score: 263.4741516113281
percentiles: 2%=-2767.840087890625, 5%=-2692.050048828125, 10%=-2608.5, 25%=-2440.75, 50%=-2259.0, 75%=-2063.5, 90%=-1937.7000732421875, 95%=-1878.800048828125, 98%=-1784.659912109375
ranking_best_algo: RLSOnePlusOne
ranking_best_score: 3316.5199999999995
ranking_my_rank: 285/504 (43.7%)
ranking_my_percent: 43.65079365079365
