ConfigName: krbf__advnormalizedfitness__M2__L14__eps0p025__g0p007__ds0p15__dm0p01
Problem: NK
Kernel: rbf
Advantage: normalizedfitness
M: 2
lambda: 14
epsilon_svgd: 0.025
gamma: 0.007
decay_start_ratio: 0.15
decay_min_factor: 0.01
bandwith_kernel: None
no_interact: False
avg_score: 0.7500015497207642
median_score: 0.7516262531280518
std_score: 0.01562766171991825
percentiles: 2%=0.7179785966873169, 5%=0.7225160598754883, 10%=0.7286930084228516, 25%=0.7394956350326538, 50%=0.7516262531280518, 75%=0.7600651383399963, 90%=0.7685518264770508, 95%=0.7738958597183228, 98%=0.7803160548210144
ranking_best_algo: Tabu
ranking_best_score: 0.7657846284375001
ranking_my_rank: 24/504 (95.4%)
ranking_my_percent: 95.43650793650794
