ConfigName: kjsd__advperagentrankweighted__M5__L24__eps0p008__g0p0005__ds0p3__dm0p05
Problem: QUBO
Kernel: jsd
Advantage: peragentrankweighted
M: 5
lambda: 24
epsilon_svgd: 0.008
gamma: 0.0005
decay_start_ratio: 0.3
decay_min_factor: 0.05
bandwith_kernel: None
no_interact: False
avg_score: -1293.8399658203125
median_score: -1294.5
std_score: 59.93625259399414
percentiles: 2%=-1421.0400390625, 5%=-1400.449951171875, 10%=-1366.0999755859375, 25%=-1337.0, 50%=-1294.5, 75%=-1248.75, 90%=-1222.800048828125, 95%=-1200.75, 98%=-1180.800048828125
ranking_best_algo: BigLognormalDiscreteOnePlusOne
ranking_best_score: 1301.3600000000004
ranking_my_rank: 2/504 (99.8%)
ranking_my_percent: 99.8015873015873
