ConfigName: kjsd__advperagentrankweighted__M5__L10__eps0p005__g0p003__ds0p2__dm0p05
Problem: NK
Kernel: jsd
Advantage: peragentrankweighted
M: 5
lambda: 10
epsilon_svgd: 0.005
gamma: 0.003
decay_start_ratio: 0.2
decay_min_factor: 0.05
bandwith_kernel: None
no_interact: False
avg_score: 0.6201889514923096
median_score: 0.6183984875679016
std_score: 0.012564623728394508
percentiles: 2%=0.5995547771453857, 5%=0.60129314661026, 10%=0.6058604717254639, 25%=0.6108061075210571, 50%=0.6183984875679016, 75%=0.6272587776184082, 90%=0.6344801783561707, 95%=0.6424596905708313, 98%=0.651759147644043
ranking_best_algo: Tabu
ranking_best_score: 0.7429702712499999
ranking_my_rank: 373/504 (26.2%)
ranking_my_percent: 26.19047619047619
