ConfigName: kjsd__advperagentrankweighted__M4__L12__eps0p005__g0p0005__ds0p05__dm0p05
Problem: QUBO
Kernel: jsd
Advantage: peragentrankweighted
M: 4
lambda: 12
epsilon_svgd: 0.005
gamma: 0.0005
decay_start_ratio: 0.05
decay_min_factor: 0.05
bandwith_kernel: None
no_interact: False
avg_score: -1241.8599853515625
median_score: -1232.0
std_score: 67.95499420166016
percentiles: 2%=-1382.3599853515625, 5%=-1371.0999755859375, 10%=-1350.199951171875, 25%=-1283.0, 50%=-1232.0, 75%=-1195.0, 90%=-1163.9000244140625, 95%=-1144.949951171875, 98%=-1122.800048828125
ranking_best_algo: SVMMetaModelLogNormal
ranking_best_score: 1233.7999999999997
ranking_my_rank: 1/504 (100.0%)
ranking_my_percent: 100.0
