ConfigName: krbf__advnormalizedfitness__M3__L10__eps0p015__g0p007__ds0p3__dm0p01
Problem: QUBO
Kernel: rbf
Advantage: normalizedfitness
M: 3
lambda: 10
epsilon_svgd: 0.015
gamma: 0.007
decay_start_ratio: 0.3
decay_min_factor: 0.01
bandwith_kernel: None
no_interact: False
avg_score: -2391.639892578125
median_score: -2384.0
std_score: 161.5944061279297
percentiles: 2%=-2667.800048828125, 5%=-2638.550048828125, 10%=-2626.0, 25%=-2488.0, 50%=-2384.0, 75%=-2272.25, 90%=-2177.39990234375, 95%=-2139.800048828125, 98%=-2103.5
ranking_best_algo: SVM1MetaModelLogNormal
ranking_best_score: 2605.14
ranking_my_rank: 96/504 (81.2%)
ranking_my_percent: 81.15079365079364
