ConfigName: kjsd__advperagentrankweighted__M4__L20__eps0p007__g0p0005__ds0p2__dm0p1
Problem: QUBO
Kernel: jsd
Advantage: peragentrankweighted
M: 4
lambda: 20
epsilon_svgd: 0.007
gamma: 0.0005
decay_start_ratio: 0.2
decay_min_factor: 0.1
bandwith_kernel: None
no_interact: False
avg_score: -2657.199951171875
median_score: -2656.5
std_score: 116.49874877929688
percentiles: 2%=-2872.580078125, 5%=-2824.25, 10%=-2803.60009765625, 25%=-2732.0, 50%=-2656.5, 75%=-2595.75, 90%=-2494.800048828125, 95%=-2450.949951171875, 98%=-2430.719970703125
ranking_best_algo: DiscreteLengler2OnePlusOne
ranking_best_score: 2617.04
ranking_my_rank: 1/504 (100.0%)
ranking_my_percent: 100.0
