ConfigName: kjsd__advperagentrankweighted__M3__L16__eps0p005__g0p001__ds0p2__dm0p2
Problem: NK
Kernel: jsd
Advantage: peragentrankweighted
M: 3
lambda: 16
epsilon_svgd: 0.005
gamma: 0.001
decay_start_ratio: 0.2
decay_min_factor: 0.2
bandwith_kernel: None
no_interact: False
avg_score: 0.711638331413269
median_score: 0.6994983553886414
std_score: 0.03139527887105942
percentiles: 2%=0.6743932366371155, 5%=0.6749171018600464, 10%=0.678716242313385, 25%=0.6824496388435364, 50%=0.6994983553886414, 75%=0.7474179267883301, 90%=0.7527245283126831, 95%=0.7613165378570557, 98%=0.7613165378570557
ranking_best_algo: CMApara
ranking_best_score: 0.7118996098437498
ranking_my_rank: 2/504 (99.8%)
ranking_my_percent: 99.8015873015873
