ConfigName: krbf__advnormalizedfitness__M3__L10__eps0p025__g0p005__ds0p15__dm0p3
Problem: QUBO
Kernel: rbf
Advantage: normalizedfitness
M: 3
lambda: 10
epsilon_svgd: 0.025
gamma: 0.005
decay_start_ratio: 0.15
decay_min_factor: 0.3
bandwith_kernel: None
no_interact: False
avg_score: -2521.840087890625
median_score: -2494.5
std_score: 128.51527404785156
percentiles: 2%=-2778.219970703125, 5%=-2742.199951171875, 10%=-2699.10009765625, 25%=-2625.75, 50%=-2494.5, 75%=-2418.75, 90%=-2366.60009765625, 95%=-2336.0, 98%=-2307.9599609375
ranking_best_algo: SVM1MetaModelLogNormal
ranking_best_score: 2605.14
ranking_my_rank: 55/504 (89.3%)
ranking_my_percent: 89.28571428571429
