ConfigName: kjsd__advperagentrankweighted__M5__L12__eps0p03__g0p0005__ds0p2__dm0p05
Problem: QUBO
Kernel: jsd
Advantage: peragentrankweighted
M: 5
lambda: 12
epsilon_svgd: 0.03
gamma: 0.0005
decay_start_ratio: 0.2
decay_min_factor: 0.05
bandwith_kernel: None
no_interact: False
avg_score: -3226.679931640625
median_score: -3231.0
std_score: 105.22480010986328
percentiles: 2%=-3422.239990234375, 5%=-3396.89990234375, 10%=-3358.39990234375, 25%=-3294.75, 50%=-3231.0, 75%=-3158.0, 90%=-3083.0, 95%=-3062.14990234375, 98%=-3011.8798828125
ranking_best_algo: RLSOnePlusOne
ranking_best_score: 3316.5199999999995
ranking_my_rank: 42/504 (91.9%)
ranking_my_percent: 91.86507936507937
