ConfigName: krbf__advnormalizedfitness__M4__L12__eps0p015__g0p015__ds0p15__dm0p3
Problem: QUBO
Kernel: rbf
Advantage: normalizedfitness
M: 4
lambda: 12
epsilon_svgd: 0.015
gamma: 0.015
decay_start_ratio: 0.15
decay_min_factor: 0.3
bandwith_kernel: None
no_interact: False
avg_score: -455.70001220703125
median_score: -449.0
std_score: 31.1019287109375
percentiles: 2%=-526.1199951171875, 5%=-510.25, 10%=-493.20001220703125, 25%=-478.25, 50%=-449.0, 75%=-435.0, 90%=-416.79998779296875, 95%=-410.8000183105469, 98%=-404.8599853515625
ranking_best_algo: NLOPT_LN_PRAXIS
ranking_best_score: 1607.12
ranking_my_rank: 413/504 (18.3%)
ranking_my_percent: 18.253968253968253
