ConfigName: krbf__advnormalizedfitness__M3__L10__eps0p033__g0p015__ds0p3__dm0p3
Problem: NK
Kernel: rbf
Advantage: normalizedfitness
M: 3
lambda: 10
epsilon_svgd: 0.033
gamma: 0.015
decay_start_ratio: 0.3
decay_min_factor: 0.3
bandwith_kernel: None
no_interact: False
avg_score: 0.6988852620124817
median_score: 0.6981980800628662
std_score: 0.015347141772508621
percentiles: 2%=0.6722668409347534, 5%=0.6754539012908936, 10%=0.6816241145133972, 25%=0.688668966293335, 50%=0.6981980800628662, 75%=0.7093510627746582, 90%=0.7206182479858398, 95%=0.7257527112960815, 98%=0.7292289137840271
ranking_best_algo: PBIL
ranking_best_score: 0.733570253046875
ranking_my_rank: 117/504 (77.0%)
ranking_my_percent: 76.98412698412699
