ConfigName: krbf__advnormalizedfitness__M3__L10__eps0p025__g0p005__ds0p05__dm0p05
Problem: NK
Kernel: rbf
Advantage: normalizedfitness
M: 3
lambda: 10
epsilon_svgd: 0.025
gamma: 0.005
decay_start_ratio: 0.05
decay_min_factor: 0.05
bandwith_kernel: None
no_interact: False
avg_score: 0.7477811574935913
median_score: 0.7463434338569641
std_score: 0.00849717017263174
percentiles: 2%=0.7333884239196777, 5%=0.7348302602767944, 10%=0.7380508184432983, 25%=0.7418285608291626, 50%=0.7463434338569641, 75%=0.7526649236679077, 90%=0.7606935501098633, 95%=0.7636083364486694, 98%=0.7664740681648254
ranking_best_algo: PBIL
ranking_best_score: 0.733570253046875
ranking_my_rank: 1/504 (100.0%)
ranking_my_percent: 100.0
