ConfigName: kjsd__advperagentrankweighted__M4__L30__eps0p01__g0p0003__ds0p2__dm0p05
Problem: QUBO
Kernel: jsd
Advantage: peragentrankweighted
M: 4
lambda: 30
epsilon_svgd: 0.01
gamma: 0.0003
decay_start_ratio: 0.2
decay_min_factor: 0.05
bandwith_kernel: None
no_interact: False
avg_score: -1187.43994140625
median_score: -1182.0
std_score: 56.178524017333984
percentiles: 2%=-1305.3199462890625, 5%=-1289.5, 10%=-1261.9000244140625, 25%=-1220.75, 50%=-1182.0, 75%=-1154.0, 90%=-1120.199951171875, 95%=-1096.800048828125, 98%=-1078.9599609375
ranking_best_algo: Tabu
ranking_best_score: 1216.16
ranking_my_rank: 64/504 (87.5%)
ranking_my_percent: 87.5
