ConfigName: krbf__advnormalizedfitness__M4__L12__eps0p015__g0p01__ds0p01__dm0p01
Problem: QUBO
Kernel: rbf
Advantage: normalizedfitness
M: 4
lambda: 12
epsilon_svgd: 0.015
gamma: 0.01
decay_start_ratio: 0.01
decay_min_factor: 0.01
bandwith_kernel: None
no_interact: False
avg_score: -408.6199951171875
median_score: -410.0
std_score: 26.241485595703125
percentiles: 2%=-469.0, 5%=-452.0, 10%=-440.0, 25%=-422.25, 50%=-410.0, 75%=-388.0, 90%=-378.0, 95%=-367.9000244140625, 98%=-353.91998291015625
ranking_best_algo: Tabu
ranking_best_score: 438.12
ranking_my_rank: 139/504 (72.6%)
ranking_my_percent: 72.61904761904762
