ConfigName: krbf__advnormalizedfitness__M4__L10__eps0p015__g0p015__ds0p01__dm0p3
Problem: NK
Kernel: rbf
Advantage: normalizedfitness
M: 4
lambda: 10
epsilon_svgd: 0.015
gamma: 0.015
decay_start_ratio: 0.01
decay_min_factor: 0.3
bandwith_kernel: None
no_interact: False
avg_score: 0.6459404826164246
median_score: 0.6481902599334717
std_score: 0.011924652382731438
percentiles: 2%=0.6235194802284241, 5%=0.6261414289474487, 10%=0.6286596655845642, 25%=0.6352633237838745, 50%=0.6481902599334717, 75%=0.6550953388214111, 90%=0.660280704498291, 95%=0.6620242595672607, 98%=0.6637880206108093
ranking_best_algo: PBIL
ranking_best_score: 0.7013553837109374
ranking_my_rank: 277/504 (45.2%)
ranking_my_percent: 45.23809523809524
