ConfigName: kfr__advglobalrankweighted__M2__L8__eps0p02__g0p003__ds0p01__dm0p01
Problem: QUBO
Kernel: fr
Advantage: globalrankweighted
M: 2
lambda: 8
epsilon_svgd: 0.02
gamma: 0.003
decay_start_ratio: 0.01
decay_min_factor: 0.01
bandwith_kernel: None
no_interact: False
avg_score: -1579.97998046875
median_score: -1583.5
std_score: 61.25405502319336
percentiles: 2%=-1729.0799560546875, 5%=-1683.3499755859375, 10%=-1650.0, 25%=-1610.75, 50%=-1583.5, 75%=-1538.75, 90%=-1501.9000244140625, 95%=-1484.7000732421875, 98%=-1471.8199462890625
ranking_best_algo: NLOPT_LN_PRAXIS
ranking_best_score: 1607.12
ranking_my_rank: 43/504 (91.7%)
ranking_my_percent: 91.66666666666667
