ConfigName: kjsd__advperagentrankweighted__M3__L18__eps0p005__g0p003__ds0p05__dm0p1
Problem: QUBO
Kernel: jsd
Advantage: peragentrankweighted
M: 3
lambda: 18
epsilon_svgd: 0.005
gamma: 0.003
decay_start_ratio: 0.05
decay_min_factor: 0.1
bandwith_kernel: None
no_interact: False
avg_score: -2357.860107421875
median_score: -2358.0
std_score: 171.7866668701172
percentiles: 2%=-2682.52001953125, 5%=-2609.699951171875, 10%=-2558.39990234375, 25%=-2493.75, 50%=-2358.0, 75%=-2240.0, 90%=-2151.60009765625, 95%=-2090.949951171875, 98%=-2019.760009765625
ranking_best_algo: DiscreteLengler2OnePlusOne
ranking_best_score: 2617.04
ranking_my_rank: 149/504 (70.6%)
ranking_my_percent: 70.63492063492063
