ConfigName: kjsd__advperagentrankweighted__M6__L24__eps0p008__g0p0005__ds0p05__dm0p05
Problem: QUBO
Kernel: jsd
Advantage: peragentrankweighted
M: 6
lambda: 24
epsilon_svgd: 0.008
gamma: 0.0005
decay_start_ratio: 0.05
decay_min_factor: 0.05
bandwith_kernel: None
no_interact: False
avg_score: -313.5799865722656
median_score: -317.0
std_score: 38.329933166503906
percentiles: 2%=-392.0799865722656, 5%=-388.0, 10%=-359.3999938964844, 25%=-340.0, 50%=-317.0, 75%=-276.75, 90%=-265.79998779296875, 95%=-262.95001220703125, 98%=-254.89999389648438
ranking_best_algo: CMApara
ranking_best_score: 319.29999999999995
ranking_my_rank: 29/504 (94.4%)
ranking_my_percent: 94.44444444444444
