ConfigName: kjsd__advperagentrankweighted__M3__L18__eps0p01__g0p001__ds0p2__dm0p1
Problem: QUBO
Kernel: jsd
Advantage: peragentrankweighted
M: 3
lambda: 18
epsilon_svgd: 0.01
gamma: 0.001
decay_start_ratio: 0.2
decay_min_factor: 0.1
bandwith_kernel: None
no_interact: False
avg_score: -2644.260009765625
median_score: -2657.5
std_score: 115.53186798095703
percentiles: 2%=-2844.159912109375, 5%=-2815.550048828125, 10%=-2793.60009765625, 25%=-2719.5, 50%=-2657.5, 75%=-2570.0, 90%=-2467.699951171875, 95%=-2443.949951171875, 98%=-2411.1201171875
ranking_best_algo: DiscreteLengler2OnePlusOne
ranking_best_score: 2617.04
ranking_my_rank: 1/504 (100.0%)
ranking_my_percent: 100.0
