ConfigName: krbf__advnormalizedfitness__M3__L15__eps0p025__g0p005__ds0p05__dm0p05
Problem: QUBO
Kernel: rbf
Advantage: normalizedfitness
M: 3
lambda: 15
epsilon_svgd: 0.025
gamma: 0.005
decay_start_ratio: 0.05
decay_min_factor: 0.05
bandwith_kernel: None
no_interact: False
avg_score: -913.9600219726562
median_score: -911.0
std_score: 64.11972045898438
percentiles: 2%=-1019.5800170898438, 5%=-1009.3499755859375, 10%=-996.0, 25%=-970.0, 50%=-911.0, 75%=-868.25, 90%=-825.9000244140625, 95%=-804.9500122070312, 98%=-798.780029296875
ranking_best_algo: CMAL3
ranking_best_score: 928.5800000000002
ranking_my_rank: 17/504 (96.8%)
ranking_my_percent: 96.82539682539682
