ConfigName: kfr__advglobalrankweighted__M1__L11__eps0p01__g0p005__ds0p01__dm0p01
Problem: QUBO
Kernel: fr
Advantage: globalrankweighted
M: 1
lambda: 11
epsilon_svgd: 0.01
gamma: 0.005
decay_start_ratio: 0.01
decay_min_factor: 0.01
bandwith_kernel: None
no_interact: False
avg_score: -1599.9599609375
median_score: -1605.5
std_score: 64.02263641357422
percentiles: 2%=-1704.1400146484375, 5%=-1693.300048828125, 10%=-1679.199951171875, 25%=-1638.25, 50%=-1605.5, 75%=-1557.0, 90%=-1523.0, 95%=-1503.900146484375, 98%=-1452.8399658203125
ranking_best_algo: NLOPT_LN_PRAXIS
ranking_best_score: 1607.12
ranking_my_rank: 13/504 (97.6%)
ranking_my_percent: 97.61904761904762
