ConfigName: kfr__advglobalrankweighted__M3__L11__eps0p02__g0p003__ds0p01__dm0p01
Problem: QUBO
Kernel: fr
Advantage: globalrankweighted
M: 3
lambda: 11
epsilon_svgd: 0.02
gamma: 0.003
decay_start_ratio: 0.01
decay_min_factor: 0.01
bandwith_kernel: None
no_interact: False
avg_score: -1289.219970703125
median_score: -1284.0
std_score: 68.0433120727539
percentiles: 2%=-1420.3800048828125, 5%=-1408.199951171875, 10%=-1383.300048828125, 25%=-1330.75, 50%=-1284.0, 75%=-1245.0, 90%=-1193.9000244140625, 95%=-1178.5, 98%=-1163.7799072265625
ranking_best_algo: BigLognormalDiscreteOnePlusOne
ranking_best_score: 1301.3600000000004
ranking_my_rank: 3/504 (99.6%)
ranking_my_percent: 99.60317460317461
