ConfigName: krbf__advnormalizedfitness__M1__L8__eps0p015__g0p015__ds0p15__dm0p01
Problem: NK
Kernel: rbf
Advantage: normalizedfitness
M: 1
lambda: 8
epsilon_svgd: 0.015
gamma: 0.015
decay_start_ratio: 0.15
decay_min_factor: 0.01
bandwith_kernel: None
no_interact: False
avg_score: 0.7087056636810303
median_score: 0.71036297082901
std_score: 0.01538386195898056
percentiles: 2%=0.669447660446167, 5%=0.6715368628501892, 10%=0.6933665871620178, 25%=0.7044081091880798, 50%=0.71036297082901, 75%=0.7184155583381653, 90%=0.7251064777374268, 95%=0.7311208248138428, 98%=0.7325221300125122
ranking_best_algo: CMApara
ranking_best_score: 0.707475975
ranking_my_rank: 1/504 (100.0%)
ranking_my_percent: 100.0
