ConfigName: krbf__advnormalizedfitness__M3__L12__eps0p015__g0p01__ds0p3__dm0p3
Problem: QUBO
Kernel: rbf
Advantage: normalizedfitness
M: 3
lambda: 12
epsilon_svgd: 0.015
gamma: 0.01
decay_start_ratio: 0.3
decay_min_factor: 0.3
bandwith_kernel: None
no_interact: False
avg_score: -812.3200073242188
median_score: -811.0
std_score: 78.46194458007812
percentiles: 2%=-991.0999755859375, 5%=-931.3499755859375, 10%=-917.0999755859375, 25%=-864.25, 50%=-811.0, 75%=-762.25, 90%=-706.2999877929688, 95%=-686.9000244140625, 98%=-670.7399291992188
ranking_best_algo: SVMMetaModelLogNormal
ranking_best_score: 1233.7999999999997
ranking_my_rank: 324/504 (35.9%)
ranking_my_percent: 35.91269841269841
