ConfigName: kjsd__advperagentrankweighted__M5__L8__eps0p01__g0p003__ds0p05__dm0p2
Problem: QUBO
Kernel: jsd
Advantage: peragentrankweighted
M: 5
lambda: 8
epsilon_svgd: 0.01
gamma: 0.003
decay_start_ratio: 0.05
decay_min_factor: 0.2
bandwith_kernel: None
no_interact: False
avg_score: -419.9599914550781
median_score: -422.0
std_score: 26.005353927612305
percentiles: 2%=-469.0799865722656, 5%=-457.3999938964844, 10%=-454.0, 25%=-437.0, 50%=-422.0, 75%=-398.0, 90%=-385.79998779296875, 95%=-377.8999938964844, 98%=-366.0
ranking_best_algo: Tabu
ranking_best_score: 438.12
ranking_my_rank: 29/504 (94.4%)
ranking_my_percent: 94.44444444444444
