ConfigName: kjsd__advperagentrankweighted__M5__L12__eps0p03__g0p0003__ds0p2__dm0p05
Problem: NK
Kernel: jsd
Advantage: peragentrankweighted
M: 5
lambda: 12
epsilon_svgd: 0.03
gamma: 0.0003
decay_start_ratio: 0.2
decay_min_factor: 0.05
bandwith_kernel: None
no_interact: False
avg_score: 0.7023645639419556
median_score: 0.7034952640533447
std_score: 0.006620456464588642
percentiles: 2%=0.6890650391578674, 5%=0.6909336447715759, 10%=0.6930330991744995, 25%=0.6982976198196411, 50%=0.7034952640533447, 75%=0.7064266204833984, 90%=0.7091118097305298, 95%=0.7116042375564575, 98%=0.7151790261268616
ranking_best_algo: PBIL
ranking_best_score: 0.7170882103515624
ranking_my_rank: 63/504 (87.7%)
ranking_my_percent: 87.6984126984127
