ConfigName: kjsd__advperagentrankweighted__M3__L18__eps0p005__g0p003__ds0p1__dm0p1
Problem: QUBO
Kernel: jsd
Advantage: peragentrankweighted
M: 3
lambda: 18
epsilon_svgd: 0.005
gamma: 0.003
decay_start_ratio: 0.1
decay_min_factor: 0.1
bandwith_kernel: None
no_interact: False
avg_score: -2137.080078125
median_score: -2149.0
std_score: 168.20794677734375
percentiles: 2%=-2446.699951171875, 5%=-2404.39990234375, 10%=-2364.199951171875, 25%=-2237.5, 50%=-2149.0, 75%=-2035.0, 90%=-1894.0999755859375, 95%=-1851.0999755859375, 98%=-1825.47998046875
ranking_best_algo: SVM1MetaModelLogNormal
ranking_best_score: 2605.14
ranking_my_rank: 202/504 (60.1%)
ranking_my_percent: 60.11904761904762
