ConfigName: kfr__advglobalrankweighted__M4__L24__eps0p06__g0p005__ds0p01__dm0p01
Problem: NK
Kernel: fr
Advantage: globalrankweighted
M: 4
lambda: 24
epsilon_svgd: 0.06
gamma: 0.005
decay_start_ratio: 0.01
decay_min_factor: 0.01
bandwith_kernel: None
no_interact: False
avg_score: 0.7596130967140198
median_score: 0.7603394985198975
std_score: 0.011901170015335083
percentiles: 2%=0.7357995510101318, 5%=0.7423496842384338, 10%=0.7430458664894104, 25%=0.7501993179321289, 50%=0.7603394985198975, 75%=0.7677701711654663, 90%=0.7741170525550842, 95%=0.7797919511795044, 98%=0.7805796265602112
ranking_best_algo: Tabu
ranking_best_score: 0.7470791764843752
ranking_my_rank: 1/504 (100.0%)
ranking_my_percent: 100.0
