ConfigName: krbf__advnormalizedfitness__M3__L15__eps0p025__g0p007__ds0p01__dm0p3
Problem: QUBO
Kernel: rbf
Advantage: normalizedfitness
M: 3
lambda: 15
epsilon_svgd: 0.025
gamma: 0.007
decay_start_ratio: 0.01
decay_min_factor: 0.3
bandwith_kernel: None
no_interact: False
avg_score: -148.9600067138672
median_score: -150.5
std_score: 13.693735122680664
percentiles: 2%=-179.0, 5%=-179.0, 10%=-164.0, 25%=-155.0, 50%=-150.5, 75%=-141.0, 90%=-131.0, 95%=-123.95000457763672, 98%=-121.89997863769531
ranking_best_algo: CMApara
ranking_best_score: 154.28
ranking_my_rank: 81/504 (84.1%)
ranking_my_percent: 84.12698412698413
