ConfigName: krbf__advnormalizedfitness__M2__L9__eps0p015__g0p003__ds0p01__dm0p01
Problem: QUBO
Kernel: rbf
Advantage: normalizedfitness
M: 2
lambda: 9
epsilon_svgd: 0.015
gamma: 0.003
decay_start_ratio: 0.01
decay_min_factor: 0.01
bandwith_kernel: None
no_interact: False
avg_score: -433.0199890136719
median_score: -436.0
std_score: 27.951377868652344
percentiles: 2%=-480.1400146484375, 5%=-472.04998779296875, 10%=-469.1000061035156, 25%=-456.25, 50%=-436.0, 75%=-410.0, 90%=-391.8999938964844, 95%=-385.95001220703125, 98%=-383.9800109863281
ranking_best_algo: CMApara
ranking_best_score: 453.82
ranking_my_rank: 45/504 (91.3%)
ranking_my_percent: 91.26984126984127
