ConfigName: kjsd__advperagentrankweighted__M4__L20__eps0p005__g0p0005__ds0p2__dm0p2
Problem: NK
Kernel: jsd
Advantage: peragentrankweighted
M: 4
lambda: 20
epsilon_svgd: 0.005
gamma: 0.0005
decay_start_ratio: 0.2
decay_min_factor: 0.2
bandwith_kernel: None
no_interact: False
avg_score: 0.7539421916007996
median_score: 0.754578709602356
std_score: 0.013156629167497158
percentiles: 2%=0.7288554310798645, 5%=0.7330917716026306, 10%=0.7360329031944275, 25%=0.7442746162414551, 50%=0.754578709602356, 75%=0.7629005908966064, 90%=0.7702425718307495, 95%=0.7726457715034485, 98%=0.7810268998146057
ranking_best_algo: Tabu
ranking_best_score: 0.7657846284375001
ranking_my_rank: 9/504 (98.4%)
ranking_my_percent: 98.41269841269842
