ConfigName: kjsd__advperagentrankweighted__M4__L10__eps0p005__g0p0003__ds0p4__dm0p05
Problem: QUBO
Kernel: jsd
Advantage: peragentrankweighted
M: 4
lambda: 10
epsilon_svgd: 0.005
gamma: 0.0003
decay_start_ratio: 0.4
decay_min_factor: 0.05
bandwith_kernel: None
no_interact: False
avg_score: -1615.52001953125
median_score: -1609.5
std_score: 58.68653869628906
percentiles: 2%=-1717.06005859375, 5%=-1707.050048828125, 10%=-1691.4000244140625, 25%=-1662.0, 50%=-1609.5, 75%=-1579.0, 90%=-1536.4000244140625, 95%=-1520.550048828125, 98%=-1508.56005859375
ranking_best_algo: NLOPT_LN_PRAXIS
ranking_best_score: 1607.12
ranking_my_rank: 1/504 (100.0%)
ranking_my_percent: 100.0
