ConfigName: kjsd__advperagentrankweighted__M4__L12__eps0p005__g0p001__ds0p1__dm0p2
Problem: QUBO
Kernel: jsd
Advantage: peragentrankweighted
M: 4
lambda: 12
epsilon_svgd: 0.005
gamma: 0.001
decay_start_ratio: 0.1
decay_min_factor: 0.2
bandwith_kernel: None
no_interact: False
avg_score: -939.2000122070312
median_score: -942.5
std_score: 64.2552719116211
percentiles: 2%=-1066.1199951171875, 5%=-1043.300048828125, 10%=-1026.800048828125, 25%=-983.25, 50%=-942.5, 75%=-893.75, 90%=-847.0, 95%=-830.8499755859375, 98%=-817.7000122070312
ranking_best_algo: CMApara
ranking_best_score: 964.9
ranking_my_rank: 7/504 (98.8%)
ranking_my_percent: 98.80952380952381
