ConfigName: kjsd__advperagentrankweighted__M4__L8__eps0p005__g0p0005__ds0p2__dm0p2
Problem: QUBO
Kernel: jsd
Advantage: peragentrankweighted
M: 4
lambda: 8
epsilon_svgd: 0.005
gamma: 0.0005
decay_start_ratio: 0.2
decay_min_factor: 0.2
bandwith_kernel: None
no_interact: False
avg_score: -137.89999389648438
median_score: -139.0
std_score: 12.77458381652832
percentiles: 2%=-160.0, 5%=-158.10000610351562, 10%=-155.0, 25%=-146.0, 50%=-139.0, 75%=-129.75, 90%=-121.0, 95%=-116.80000305175781, 98%=-110.95999908447266
ranking_best_algo: DiscreteDE
ranking_best_score: 143.4
ranking_my_rank: 117/504 (77.0%)
ranking_my_percent: 76.98412698412699
