ConfigName: kjsd__advperagentrankweighted__M3__L16__eps0p007__g0p0005__ds0p1__dm0p2
Problem: QUBO
Kernel: jsd
Advantage: peragentrankweighted
M: 3
lambda: 16
epsilon_svgd: 0.007
gamma: 0.0005
decay_start_ratio: 0.1
decay_min_factor: 0.2
bandwith_kernel: None
no_interact: False
avg_score: -306.67999267578125
median_score: -304.0
std_score: 40.83598327636719
percentiles: 2%=-394.0400085449219, 5%=-388.20001220703125, 10%=-361.3999938964844, 25%=-332.0, 50%=-304.0, 75%=-268.0, 90%=-260.0, 95%=-257.95001220703125, 98%=-254.8800048828125
ranking_best_algo: CMApara
ranking_best_score: 319.29999999999995
ranking_my_rank: 112/504 (78.0%)
ranking_my_percent: 77.97619047619048
