ConfigName: kfr__advglobalrankweighted__M5__L10__eps0p01__g0p007__ds0p01__dm0p01
Problem: QUBO
Kernel: fr
Advantage: globalrankweighted
M: 5
lambda: 10
epsilon_svgd: 0.01
gamma: 0.007
decay_start_ratio: 0.01
decay_min_factor: 0.01
bandwith_kernel: None
no_interact: False
avg_score: -2140.3798828125
median_score: -2145.5
std_score: 145.4998779296875
percentiles: 2%=-2443.47998046875, 5%=-2363.550048828125, 10%=-2319.800048828125, 25%=-2250.75, 50%=-2145.5, 75%=-2023.75, 90%=-1969.0, 95%=-1930.9500732421875, 98%=-1894.659912109375
ranking_best_algo: DiscreteLengler2OnePlusOne
ranking_best_score: 2617.04
ranking_my_rank: 217/504 (57.1%)
ranking_my_percent: 57.142857142857146
