ConfigName: krbf__advnormalizedfitness__M2__L8__eps0p025__g0p005__ds0p01__dm0p01
Problem: NK
Kernel: rbf
Advantage: normalizedfitness
M: 2
lambda: 8
epsilon_svgd: 0.025
gamma: 0.005
decay_start_ratio: 0.01
decay_min_factor: 0.01
bandwith_kernel: None
no_interact: False
avg_score: 0.7451834082603455
median_score: 0.7437580823898315
std_score: 0.014832132495939732
percentiles: 2%=0.7129163146018982, 5%=0.7228407263755798, 10%=0.7261751890182495, 25%=0.7365775108337402, 50%=0.7437580823898315, 75%=0.7559405565261841, 90%=0.7635951638221741, 95%=0.7676330208778381, 98%=0.7757184505462646
ranking_best_algo: Tabu
ranking_best_score: 0.7657846284375001
ranking_my_rank: 43/504 (91.7%)
ranking_my_percent: 91.66666666666667
