ConfigName: krbf__advnormalizedfitness__M1__L8__eps0p033__g0p005__ds0p15__dm0p01
Problem: QUBO
Kernel: rbf
Advantage: normalizedfitness
M: 1
lambda: 8
epsilon_svgd: 0.033
gamma: 0.005
decay_start_ratio: 0.15
decay_min_factor: 0.01
bandwith_kernel: None
no_interact: False
avg_score: -839.3800048828125
median_score: -844.5
std_score: 125.42390441894531
percentiles: 2%=-993.0599975585938, 5%=-971.1500244140625, 10%=-946.0999755859375, 25%=-902.0, 50%=-844.5, 75%=-815.0, 90%=-761.9000244140625, 95%=-731.800048828125, 98%=-656.4979858398438
ranking_best_algo: CMAL3
ranking_best_score: 928.5800000000002
ranking_my_rank: 243/504 (52.0%)
ranking_my_percent: 51.98412698412698
