ConfigName: kjsd__advperagentrankweighted__M3__L18__eps0p01__g0p001__ds0p2__dm0p1
Problem: QUBO
Kernel: jsd
Advantage: peragentrankweighted
M: 3
lambda: 18
epsilon_svgd: 0.01
gamma: 0.001
decay_start_ratio: 0.2
decay_min_factor: 0.1
bandwith_kernel: None
no_interact: False
avg_score: -420.739990234375
median_score: -422.5
std_score: 29.529178619384766
percentiles: 2%=-475.0400085449219, 5%=-467.29998779296875, 10%=-455.1000061035156, 25%=-443.5, 50%=-422.5, 75%=-401.0, 90%=-381.8999938964844, 95%=-369.8999938964844, 98%=-365.760009765625
ranking_best_algo: CMAL3
ranking_best_score: 435.36
ranking_my_rank: 59/504 (88.5%)
ranking_my_percent: 88.4920634920635
