ConfigName: kfr__advglobalrankweighted__M6__L9__eps0p01__g0p007__ds0p01__dm0p01
Problem: QUBO
Kernel: fr
Advantage: globalrankweighted
M: 6
lambda: 9
epsilon_svgd: 0.01
gamma: 0.007
decay_start_ratio: 0.01
decay_min_factor: 0.01
bandwith_kernel: None
no_interact: False
avg_score: -195.52000427246094
median_score: -196.0
std_score: 13.480711936950684
percentiles: 2%=-224.0, 5%=-221.0, 10%=-213.10000610351562, 25%=-203.0, 50%=-196.0, 75%=-185.0, 90%=-179.0, 95%=-171.95001220703125, 98%=-168.95999145507812
ranking_best_algo: Tabu
ranking_best_score: 208.36000000000004
ranking_my_rank: 208/504 (58.9%)
ranking_my_percent: 58.92857142857143
