ConfigName: krbf__advnormalizedfitness__M4__L12__eps0p025__g0p007__ds0p01__dm0p01
Problem: NK
Kernel: rbf
Advantage: normalizedfitness
M: 4
lambda: 12
epsilon_svgd: 0.025
gamma: 0.007
decay_start_ratio: 0.01
decay_min_factor: 0.01
bandwith_kernel: None
no_interact: False
avg_score: 0.7554550170898438
median_score: 0.7565432786941528
std_score: 0.012211723253130913
percentiles: 2%=0.7315129041671753, 5%=0.7347710728645325, 10%=0.7390100359916687, 25%=0.7470133900642395, 50%=0.7565432786941528, 75%=0.76370769739151, 90%=0.7714834213256836, 95%=0.7751725912094116, 98%=0.7759943604469299
ranking_best_algo: Tabu
ranking_best_score: 0.7470791764843752
ranking_my_rank: 1/504 (100.0%)
ranking_my_percent: 100.0
