ConfigName: krbf__advnormalizedfitness__M4__L15__eps0p01__g0p002__ds0p05__dm0p05
Problem: QUBO
Kernel: rbf
Advantage: normalizedfitness
M: 4
lambda: 15
epsilon_svgd: 0.01
gamma: 0.002
decay_start_ratio: 0.05
decay_min_factor: 0.05
bandwith_kernel: None
no_interact: False
avg_score: -2366.860107421875
median_score: -2386.0
std_score: 161.12350463867188
percentiles: 2%=-2676.10009765625, 5%=-2638.75, 10%=-2559.89990234375, 25%=-2481.0, 50%=-2386.0, 75%=-2255.5, 90%=-2138.699951171875, 95%=-2086.949951171875, 98%=-2078.820068359375
ranking_best_algo: SVM1MetaModelLogNormal
ranking_best_score: 2605.14
ranking_my_rank: 132/504 (74.0%)
ranking_my_percent: 74.0079365079365
