ConfigName: krbf__advnormalizedfitness__M4__L10__eps0p033__g0p015__ds0p01__dm0p01
Problem: NK
Kernel: rbf
Advantage: normalizedfitness
M: 4
lambda: 10
epsilon_svgd: 0.033
gamma: 0.015
decay_start_ratio: 0.01
decay_min_factor: 0.01
bandwith_kernel: None
no_interact: False
avg_score: 0.7508934140205383
median_score: 0.752529501914978
std_score: 0.015216530300676823
percentiles: 2%=0.7215300798416138, 5%=0.722999095916748, 10%=0.7297457456588745, 25%=0.7391263842582703, 50%=0.752529501914978, 75%=0.7638719081878662, 90%=0.7680701017379761, 95%=0.772250235080719, 98%=0.7728370428085327
ranking_best_algo: Tabu
ranking_best_score: 0.7657846284375001
ranking_my_rank: 18/504 (96.6%)
ranking_my_percent: 96.62698412698413
