ConfigName: krbf__advnormalizedfitness__M4__L15__eps0p025__g0p005__ds0p3__dm0p3
Problem: QUBO
Kernel: rbf
Advantage: normalizedfitness
M: 4
lambda: 15
epsilon_svgd: 0.025
gamma: 0.005
decay_start_ratio: 0.3
decay_min_factor: 0.3
bandwith_kernel: None
no_interact: False
avg_score: -1013.719970703125
median_score: -1000.0
std_score: 98.26282501220703
percentiles: 2%=-1257.5400390625, 5%=-1150.0999755859375, 10%=-1141.300048828125, 25%=-1085.75, 50%=-1000.0, 75%=-945.0, 90%=-903.7000122070312, 95%=-856.7000122070312, 98%=-830.9199829101562
ranking_best_algo: SVMMetaModelLogNormal
ranking_best_score: 1233.7999999999997
ranking_my_rank: 218/504 (56.9%)
ranking_my_percent: 56.94444444444444
