ConfigName: kjsd__advperagentrankweighted__M3__L16__eps0p01__g0p0005__ds0p2__dm0p2
Problem: NK
Kernel: jsd
Advantage: peragentrankweighted
M: 3
lambda: 16
epsilon_svgd: 0.01
gamma: 0.0005
decay_start_ratio: 0.2
decay_min_factor: 0.2
bandwith_kernel: None
no_interact: False
avg_score: 0.7096116542816162
median_score: 0.6955192685127258
std_score: 0.032166942954063416
percentiles: 2%=0.6714392304420471, 5%=0.6734368205070496, 10%=0.6751093864440918, 25%=0.681222140789032, 50%=0.6955192685127258, 75%=0.7461711764335632, 90%=0.7524471879005432, 95%=0.7613165378570557, 98%=0.7613165378570557
ranking_best_algo: CMApara
ranking_best_score: 0.7118996098437498
ranking_my_rank: 50/504 (90.3%)
ranking_my_percent: 90.27777777777777
