ConfigName: kjsd__advperagentrankweighted__M3__L20__eps0p005__g0p003__ds0p05__dm0p2
Problem: NK
Kernel: jsd
Advantage: peragentrankweighted
M: 3
lambda: 20
epsilon_svgd: 0.005
gamma: 0.003
decay_start_ratio: 0.05
decay_min_factor: 0.2
bandwith_kernel: None
no_interact: False
avg_score: 0.7076402306556702
median_score: 0.7091242074966431
std_score: 0.01567743718624115
percentiles: 2%=0.6663550138473511, 5%=0.66911381483078, 10%=0.695509135723114, 25%=0.7031168937683105, 50%=0.7091242074966431, 75%=0.7174649834632874, 90%=0.7242403626441956, 95%=0.7277119755744934, 98%=0.7300894260406494
ranking_best_algo: CMApara
ranking_best_score: 0.707475975
ranking_my_rank: 1/504 (100.0%)
ranking_my_percent: 100.0
