ConfigName: krbf__advnormalizedfitness__M4__L10__eps0p025__g0p01__ds0p01__dm0p01
Problem: QUBO
Kernel: rbf
Advantage: normalizedfitness
M: 4
lambda: 10
epsilon_svgd: 0.025
gamma: 0.01
decay_start_ratio: 0.01
decay_min_factor: 0.01
bandwith_kernel: None
no_interact: False
avg_score: -150.25999450683594
median_score: -149.0
std_score: 12.371435165405273
percentiles: 2%=-179.0, 5%=-179.0, 10%=-164.0, 25%=-157.25, 50%=-149.0, 75%=-141.0, 90%=-136.0, 95%=-135.0, 98%=-132.95999145507812
ranking_best_algo: CMApara
ranking_best_score: 154.28
ranking_my_rank: 76/504 (85.1%)
ranking_my_percent: 85.11904761904762
