ConfigName: kfr__advglobalrankweighted__M4__L5__eps0p03__g0p007__ds0p01__dm0p01
Problem: QUBO
Kernel: fr
Advantage: globalrankweighted
M: 4
lambda: 5
epsilon_svgd: 0.03
gamma: 0.007
decay_start_ratio: 0.01
decay_min_factor: 0.01
bandwith_kernel: None
no_interact: False
avg_score: -148.39999389648438
median_score: -146.0
std_score: 11.542963027954102
percentiles: 2%=-179.0, 5%=-177.10000610351562, 10%=-160.0, 25%=-155.0, 50%=-146.0, 75%=-141.0, 90%=-135.0, 95%=-133.0, 98%=-130.97999572753906
ranking_best_algo: CMApara
ranking_best_score: 154.28
ranking_my_rank: 84/504 (83.5%)
ranking_my_percent: 83.53174603174604
