ConfigName: krbf__advnormalizedfitness__M2__L8__eps0p015__g0p005__ds0p15__dm0p3
Problem: NK
Kernel: rbf
Advantage: normalizedfitness
M: 2
lambda: 8
epsilon_svgd: 0.015
gamma: 0.005
decay_start_ratio: 0.15
decay_min_factor: 0.3
bandwith_kernel: None
no_interact: False
avg_score: 0.7336962819099426
median_score: 0.7326486110687256
std_score: 0.011335900984704494
percentiles: 2%=0.7142634391784668, 5%=0.7156651616096497, 10%=0.7195759415626526, 25%=0.7258598208427429, 50%=0.7326486110687256, 75%=0.740650475025177, 90%=0.7487230896949768, 95%=0.7554832696914673, 98%=0.7610080242156982
ranking_best_algo: Tabu
ranking_best_score: 0.7429702712499999
ranking_my_rank: 2/504 (99.8%)
ranking_my_percent: 99.8015873015873
