ConfigName: kjsd__advperagentrankweighted__M3__L18__eps0p007__g0p003__ds0p2__dm0p2
Problem: QUBO
Kernel: jsd
Advantage: peragentrankweighted
M: 3
lambda: 18
epsilon_svgd: 0.007
gamma: 0.003
decay_start_ratio: 0.2
decay_min_factor: 0.2
bandwith_kernel: None
no_interact: False
avg_score: -1414.6199951171875
median_score: -1407.5
std_score: 95.04375457763672
percentiles: 2%=-1611.199951171875, 5%=-1585.0, 10%=-1562.0, 25%=-1479.0, 50%=-1407.5, 75%=-1349.75, 90%=-1290.9000244140625, 95%=-1256.699951171875, 98%=-1246.8800048828125
ranking_best_algo: NLOPT_LN_PRAXIS
ranking_best_score: 1607.12
ranking_my_rank: 104/504 (79.6%)
ranking_my_percent: 79.56349206349206
