ConfigName: kjsd__advperagentrankweighted__M10__L24__eps0p005__g0p0005__ds0p05__dm0p05
Problem: QUBO
Kernel: jsd
Advantage: peragentrankweighted
M: 10
lambda: 24
epsilon_svgd: 0.005
gamma: 0.0005
decay_start_ratio: 0.05
decay_min_factor: 0.05
bandwith_kernel: None
no_interact: False
avg_score: -388.5199890136719
median_score: -387.5
std_score: 33.25191116333008
percentiles: 2%=-449.1600036621094, 5%=-443.0, 10%=-431.1000061035156, 25%=-413.0, 50%=-387.5, 75%=-367.0, 90%=-342.79998779296875, 95%=-331.8999938964844, 98%=-323.9800109863281
ranking_best_algo: CMApara
ranking_best_score: 453.82
ranking_my_rank: 281/504 (44.4%)
ranking_my_percent: 44.44444444444444
