ConfigName: krbf__advnormalizedfitness__M3__L15__eps0p033__g0p007__ds0p3__dm0p3
Problem: QUBO
Kernel: rbf
Advantage: normalizedfitness
M: 3
lambda: 15
epsilon_svgd: 0.033
gamma: 0.007
decay_start_ratio: 0.3
decay_min_factor: 0.3
bandwith_kernel: None
no_interact: False
avg_score: -328.8800048828125
median_score: -334.0
std_score: 22.160903930664062
percentiles: 2%=-361.0, 5%=-354.0, 10%=-350.3999938964844, 25%=-343.0, 50%=-334.0, 75%=-320.25, 90%=-297.5, 95%=-285.50006103515625, 98%=-275.679931640625
ranking_best_algo: CMApara
ranking_best_score: 344.22
ranking_my_rank: 83/504 (83.7%)
ranking_my_percent: 83.73015873015873
