ConfigName: krbf__advnormalizedfitness__M4__L12__eps0p015__g0p007__ds0p3__dm0p01
Problem: QUBO
Kernel: rbf
Advantage: normalizedfitness
M: 4
lambda: 12
epsilon_svgd: 0.015
gamma: 0.007
decay_start_ratio: 0.3
decay_min_factor: 0.01
bandwith_kernel: None
no_interact: False
avg_score: -1072.02001953125
median_score: -1072.5
std_score: 79.67094421386719
percentiles: 2%=-1242.4599609375, 5%=-1215.0, 10%=-1164.4000244140625, 25%=-1127.25, 50%=-1072.5, 75%=-1005.75, 90%=-974.0, 95%=-952.800048828125, 98%=-928.97998046875
ranking_best_algo: Tabu
ranking_best_score: 1216.16
ranking_my_rank: 225/504 (55.6%)
ranking_my_percent: 55.55555555555556
