ConfigName: krbf__advnormalizedfitness__M4__L8__eps0p025__g0p015__ds0p15__dm0p3
Problem: QUBO
Kernel: rbf
Advantage: normalizedfitness
M: 4
lambda: 8
epsilon_svgd: 0.025
gamma: 0.015
decay_start_ratio: 0.15
decay_min_factor: 0.3
bandwith_kernel: None
no_interact: False
avg_score: -1867.1400146484375
median_score: -1846.5
std_score: 209.87745666503906
percentiles: 2%=-2283.340087890625, 5%=-2172.550048828125, 10%=-2136.199951171875, 25%=-2025.5, 50%=-1846.5, 75%=-1719.0, 90%=-1606.60009765625, 95%=-1525.6500244140625, 98%=-1417.760009765625
ranking_best_algo: DiscreteLengler2OnePlusOne
ranking_best_score: 2617.04
ranking_my_rank: 313/504 (38.1%)
ranking_my_percent: 38.095238095238095
