ConfigName: kjsd__advperagentrankweighted__M3__L20__eps0p007__g0p001__ds0p2__dm0p2
Problem: QUBO
Kernel: jsd
Advantage: peragentrankweighted
M: 3
lambda: 20
epsilon_svgd: 0.007
gamma: 0.001
decay_start_ratio: 0.2
decay_min_factor: 0.2
bandwith_kernel: None
no_interact: False
avg_score: -2555.9599609375
median_score: -2544.5
std_score: 115.53733825683594
percentiles: 2%=-2791.39990234375, 5%=-2738.85009765625, 10%=-2719.0, 25%=-2641.0, 50%=-2544.5, 75%=-2473.5, 90%=-2426.89990234375, 95%=-2380.0, 98%=-2349.320068359375
ranking_best_algo: SVM1MetaModelLogNormal
ranking_best_score: 2605.14
ranking_my_rank: 41/504 (92.1%)
ranking_my_percent: 92.06349206349206
