ConfigName: kjsd__advperagentrankweighted__M3__L18__eps0p007__g0p003__ds0p05__dm0p1
Problem: NK
Kernel: jsd
Advantage: peragentrankweighted
M: 3
lambda: 18
epsilon_svgd: 0.007
gamma: 0.003
decay_start_ratio: 0.05
decay_min_factor: 0.1
bandwith_kernel: None
no_interact: False
avg_score: 0.7054713368415833
median_score: 0.7064658999443054
std_score: 0.011835905723273754
percentiles: 2%=0.6855695843696594, 5%=0.687012255191803, 10%=0.6907072067260742, 25%=0.6945798397064209, 50%=0.7064658999443054, 75%=0.7159053087234497, 90%=0.7195339798927307, 95%=0.7215777635574341, 98%=0.7228694558143616
ranking_best_algo: PBIL
ranking_best_score: 0.7013553837109374
ranking_my_rank: 1/504 (100.0%)
ranking_my_percent: 100.0
