ConfigName: kjsd__advperagentrankweighted__M3__L30__eps0p007__g0p001__ds0p1__dm0p05
Problem: QUBO
Kernel: jsd
Advantage: peragentrankweighted
M: 3
lambda: 30
epsilon_svgd: 0.007
gamma: 0.001
decay_start_ratio: 0.1
decay_min_factor: 0.05
bandwith_kernel: None
no_interact: False
avg_score: -431.6199951171875
median_score: -428.0
std_score: 26.70759391784668
percentiles: 2%=-483.0, 5%=-479.1000061035156, 10%=-475.0, 25%=-451.25, 50%=-428.0, 75%=-413.0, 90%=-398.79998779296875, 95%=-385.8500061035156, 98%=-382.9800109863281
ranking_best_algo: CMAL3
ranking_best_score: 435.36
ranking_my_rank: 7/504 (98.8%)
ranking_my_percent: 98.80952380952381
