ConfigName: krbf__advnormalizedfitness__M4__L15__eps0p033__g0p015__ds0p01__dm0p3
Problem: QUBO
Kernel: rbf
Advantage: normalizedfitness
M: 4
lambda: 15
epsilon_svgd: 0.033
gamma: 0.015
decay_start_ratio: 0.01
decay_min_factor: 0.3
bandwith_kernel: None
no_interact: False
avg_score: -1464.280029296875
median_score: -1449.5
std_score: 159.3527069091797
percentiles: 2%=-1743.3399658203125, 5%=-1696.4000244140625, 10%=-1677.0, 25%=-1567.5, 50%=-1449.5, 75%=-1363.75, 90%=-1278.699951171875, 95%=-1245.4000244140625, 98%=-1137.739990234375
ranking_best_algo: DiscreteLengler2OnePlusOne
ranking_best_score: 2617.04
ranking_my_rank: 334/504 (33.9%)
ranking_my_percent: 33.92857142857143
