ConfigName: krbf__advnormalizedfitness__M2__L10__eps0p025__g0p005__ds0p3__dm0p3
Problem: QUBO
Kernel: rbf
Advantage: normalizedfitness
M: 2
lambda: 10
epsilon_svgd: 0.025
gamma: 0.005
decay_start_ratio: 0.3
decay_min_factor: 0.3
bandwith_kernel: None
no_interact: False
avg_score: -3282.39990234375
median_score: -3294.0
std_score: 123.90318298339844
percentiles: 2%=-3503.47998046875, 5%=-3493.199951171875, 10%=-3439.199951171875, 25%=-3373.75, 50%=-3294.0, 75%=-3194.0, 90%=-3107.89990234375, 95%=-3075.75, 98%=-3034.97998046875
ranking_best_algo: RLSOnePlusOne
ranking_best_score: 3316.5199999999995
ranking_my_rank: 3/504 (99.6%)
ranking_my_percent: 99.60317460317461
