ConfigName: kjsd__advperagentrankweighted__M2__L20__eps0p005__g0p0005__ds0p1__dm0p2
Problem: NK
Kernel: jsd
Advantage: peragentrankweighted
M: 2
lambda: 20
epsilon_svgd: 0.005
gamma: 0.0005
decay_start_ratio: 0.1
decay_min_factor: 0.2
bandwith_kernel: None
no_interact: False
avg_score: 0.7324603199958801
median_score: 0.7334524393081665
std_score: 0.009001391939818859
percentiles: 2%=0.7156586050987244, 5%=0.7177075147628784, 10%=0.7192838191986084, 25%=0.7257484197616577, 50%=0.7334524393081665, 75%=0.7383450269699097, 90%=0.7436665296554565, 95%=0.7460350394248962, 98%=0.7476035356521606
ranking_best_algo: PBIL
ranking_best_score: 0.7248786399609374
ranking_my_rank: 1/504 (100.0%)
ranking_my_percent: 100.0
