ConfigName: kjsd__advperagentrankweighted__M10__L24__eps0p008__g0p0005__ds0p05__dm0p05
Problem: QUBO
Kernel: jsd
Advantage: peragentrankweighted
M: 10
lambda: 24
epsilon_svgd: 0.008
gamma: 0.0005
decay_start_ratio: 0.05
decay_min_factor: 0.05
bandwith_kernel: None
no_interact: False
avg_score: -889.0
median_score: -886.0
std_score: 74.56795501708984
percentiles: 2%=-1048.47998046875, 5%=-1021.5499877929688, 10%=-993.2000122070312, 25%=-931.0, 50%=-886.0, 75%=-836.0, 90%=-807.7000122070312, 95%=-771.75, 98%=-744.9600219726562
ranking_best_algo: CMApara
ranking_best_score: 964.9
ranking_my_rank: 190/504 (62.5%)
ranking_my_percent: 62.5
