ConfigName: kjsd__advperagentrankweighted__M5__L8__eps0p005__g0p003__ds0p2__dm0p05
Problem: QUBO
Kernel: jsd
Advantage: peragentrankweighted
M: 5
lambda: 8
epsilon_svgd: 0.005
gamma: 0.003
decay_start_ratio: 0.2
decay_min_factor: 0.05
bandwith_kernel: None
no_interact: False
avg_score: -2101.3798828125
median_score: -2095.5
std_score: 165.4222869873047
percentiles: 2%=-2435.239990234375, 5%=-2382.0, 10%=-2317.0, 25%=-2217.5, 50%=-2095.5, 75%=-1981.25, 90%=-1893.9000244140625, 95%=-1843.199951171875, 98%=-1801.5799560546875
ranking_best_algo: SVM1MetaModelLogNormal
ranking_best_score: 2605.14
ranking_my_rank: 207/504 (59.1%)
ranking_my_percent: 59.12698412698413
