ConfigName: kjsd__advperagentrankweighted__M5__L8__eps0p03__g0p0007__ds0p2__dm0p05
Problem: QUBO
Kernel: jsd
Advantage: peragentrankweighted
M: 5
lambda: 8
epsilon_svgd: 0.03
gamma: 0.0007
decay_start_ratio: 0.2
decay_min_factor: 0.05
bandwith_kernel: None
no_interact: False
avg_score: -3231.3798828125
median_score: -3245.5
std_score: 118.67272186279297
percentiles: 2%=-3468.280029296875, 5%=-3439.050048828125, 10%=-3367.10009765625, 25%=-3313.0, 50%=-3245.5, 75%=-3140.75, 90%=-3074.800048828125, 95%=-3029.39990234375, 98%=-2986.9599609375
ranking_best_algo: RLSOnePlusOne
ranking_best_score: 3316.5199999999995
ranking_my_rank: 42/504 (91.9%)
ranking_my_percent: 91.86507936507937
