ConfigName: kjsd__advperagentrankweighted__M4__L8__eps0p02__g0p0003__ds0p05__dm0p05
Problem: QUBO
Kernel: jsd
Advantage: peragentrankweighted
M: 4
lambda: 8
epsilon_svgd: 0.02
gamma: 0.0003
decay_start_ratio: 0.05
decay_min_factor: 0.05
bandwith_kernel: None
no_interact: False
avg_score: -2468.159912109375
median_score: -2464.0
std_score: 117.24578857421875
percentiles: 2%=-2698.280029296875, 5%=-2660.0, 10%=-2616.0, 25%=-2546.0, 50%=-2464.0, 75%=-2375.25, 90%=-2341.0, 95%=-2290.949951171875, 98%=-2245.8798828125
ranking_best_algo: SVM1MetaModelLogNormal
ranking_best_score: 2605.14
ranking_my_rank: 80/504 (84.3%)
ranking_my_percent: 84.32539682539682
