ConfigName: kjsd__advperagentrankweighted__M3__L16__eps0p01__g0p0007__ds0p1__dm0p1
Problem: QUBO
Kernel: jsd
Advantage: peragentrankweighted
M: 3
lambda: 16
epsilon_svgd: 0.01
gamma: 0.0007
decay_start_ratio: 0.1
decay_min_factor: 0.1
bandwith_kernel: None
no_interact: False
avg_score: -1179.3199462890625
median_score: -1174.0
std_score: 55.959251403808594
percentiles: 2%=-1293.43994140625, 5%=-1278.0999755859375, 10%=-1266.300048828125, 25%=-1210.0, 50%=-1174.0, 75%=-1141.5, 90%=-1107.0, 95%=-1099.0, 98%=-1091.93994140625
ranking_best_algo: Tabu
ranking_best_score: 1216.16
ranking_my_rank: 70/504 (86.3%)
ranking_my_percent: 86.30952380952381
