ConfigName: kjsd__advperagentrankweighted__M4__L20__eps0p005__g0p0005__ds0p1__dm0p1
Problem: NK
Kernel: jsd
Advantage: peragentrankweighted
M: 4
lambda: 20
epsilon_svgd: 0.005
gamma: 0.0005
decay_start_ratio: 0.1
decay_min_factor: 0.1
bandwith_kernel: None
no_interact: False
avg_score: 0.7106772065162659
median_score: 0.7121171951293945
std_score: 0.015398748219013214
percentiles: 2%=0.6718419194221497, 5%=0.6726392507553101, 10%=0.6959412693977356, 25%=0.7073556184768677, 50%=0.7121171951293945, 75%=0.7196811437606812, 90%=0.7255987524986267, 95%=0.7332283854484558, 98%=0.7344768047332764
ranking_best_algo: CMApara
ranking_best_score: 0.707475975
ranking_my_rank: 1/504 (100.0%)
ranking_my_percent: 100.0
