ConfigName: krbf__advnormalizedfitness__M2__L8__eps0p033__g0p01__ds0p3__dm0p01
Problem: QUBO
Kernel: rbf
Advantage: normalizedfitness
M: 2
lambda: 8
epsilon_svgd: 0.033
gamma: 0.01
decay_start_ratio: 0.3
decay_min_factor: 0.01
bandwith_kernel: None
no_interact: False
avg_score: -3291.679931640625
median_score: -3294.5
std_score: 111.42449951171875
percentiles: 2%=-3512.56005859375, 5%=-3502.25, 10%=-3423.39990234375, 25%=-3361.75, 50%=-3294.5, 75%=-3226.75, 90%=-3163.800048828125, 95%=-3103.949951171875, 98%=-3029.840087890625
ranking_best_algo: RLSOnePlusOne
ranking_best_score: 3316.5199999999995
ranking_my_rank: 3/504 (99.6%)
ranking_my_percent: 99.60317460317461
