ConfigName: kfr__advglobalrankweighted__M4__L12__eps0p015__g0p003__ds0p01__dm0p01
Problem: QUBO
Kernel: fr
Advantage: globalrankweighted
M: 4
lambda: 12
epsilon_svgd: 0.015
gamma: 0.003
decay_start_ratio: 0.01
decay_min_factor: 0.01
bandwith_kernel: None
no_interact: False
avg_score: -1215.9200439453125
median_score: -1219.0
std_score: 70.10287475585938
percentiles: 2%=-1362.06005859375, 5%=-1328.5, 10%=-1310.300048828125, 25%=-1261.0, 50%=-1219.0, 75%=-1165.0, 90%=-1122.699951171875, 95%=-1096.800048828125, 98%=-1088.5599365234375
ranking_best_algo: SVMMetaModelLogNormal
ranking_best_score: 1233.7999999999997
ranking_my_rank: 41/504 (92.1%)
ranking_my_percent: 92.06349206349206
