ConfigName: kjsd__advperagentrankweighted__M8__L12__eps0p008__g0p0005__ds0p3__dm0p05
Problem: NK
Kernel: jsd
Advantage: peragentrankweighted
M: 8
lambda: 12
epsilon_svgd: 0.008
gamma: 0.0005
decay_start_ratio: 0.3
decay_min_factor: 0.05
bandwith_kernel: None
no_interact: False
avg_score: 0.7357497215270996
median_score: 0.7358701229095459
std_score: 0.011863901279866695
percentiles: 2%=0.713869035243988, 5%=0.7159560322761536, 10%=0.719451904296875, 25%=0.7266901731491089, 50%=0.7358701229095459, 75%=0.744022011756897, 90%=0.7502626776695251, 95%=0.7566440105438232, 98%=0.7592089772224426
ranking_best_algo: PBIL
ranking_best_score: 0.733570253046875
ranking_my_rank: 1/504 (100.0%)
ranking_my_percent: 100.0
