ConfigName: kjsd__advperagentrankweighted__M3__L16__eps0p007__g0p0005__ds0p2__dm0p1
Problem: QUBO
Kernel: jsd
Advantage: peragentrankweighted
M: 3
lambda: 16
epsilon_svgd: 0.007
gamma: 0.0005
decay_start_ratio: 0.2
decay_min_factor: 0.1
bandwith_kernel: None
no_interact: False
avg_score: -1302.5
median_score: -1301.0
std_score: 60.434181213378906
percentiles: 2%=-1425.0400390625, 5%=-1410.050048828125, 10%=-1383.5, 25%=-1343.0, 50%=-1301.0, 75%=-1260.5, 90%=-1228.800048828125, 95%=-1208.9000244140625, 98%=-1188.800048828125
ranking_best_algo: BigLognormalDiscreteOnePlusOne
ranking_best_score: 1301.3600000000004
ranking_my_rank: 1/504 (100.0%)
ranking_my_percent: 100.0
