ConfigName: krbf__advnormalizedfitness__M4__L8__eps0p015__g0p01__ds0p15__dm0p01
Problem: QUBO
Kernel: rbf
Advantage: normalizedfitness
M: 4
lambda: 8
epsilon_svgd: 0.015
gamma: 0.01
decay_start_ratio: 0.15
decay_min_factor: 0.01
bandwith_kernel: None
no_interact: False
avg_score: -1299.4200439453125
median_score: -1298.5
std_score: 138.15904235839844
percentiles: 2%=-1576.3199462890625, 5%=-1538.699951171875, 10%=-1498.199951171875, 25%=-1387.5, 50%=-1298.5, 75%=-1207.25, 90%=-1128.5999755859375, 95%=-1078.60009765625, 98%=-1057.019775390625
ranking_best_algo: NLOPT_LN_PRAXIS
ranking_best_score: 1607.12
ranking_my_rank: 200/504 (60.5%)
ranking_my_percent: 60.51587301587302
