ConfigName: kfr__advglobalrankweighted__M1__L11__eps0p01__g0p005__ds0p01__dm0p01
Problem: QUBO
Kernel: fr
Advantage: globalrankweighted
M: 1
lambda: 11
epsilon_svgd: 0.01
gamma: 0.005
decay_start_ratio: 0.01
decay_min_factor: 0.01
bandwith_kernel: None
no_interact: False
avg_score: -396.260009765625
median_score: -396.0
std_score: 28.722332000732422
percentiles: 2%=-451.0799865722656, 5%=-435.20001220703125, 10%=-432.0, 25%=-421.0, 50%=-396.0, 75%=-372.0, 90%=-360.0, 95%=-352.0, 98%=-345.8399658203125
ranking_best_algo: Tabu
ranking_best_score: 438.12
ranking_my_rank: 235/504 (53.6%)
ranking_my_percent: 53.57142857142857
