ConfigName: kjsd__advperagentrankweighted__M4__L8__eps0p01__g0p0007__ds0p2__dm0p05
Problem: QUBO
Kernel: jsd
Advantage: peragentrankweighted
M: 4
lambda: 8
epsilon_svgd: 0.01
gamma: 0.0007
decay_start_ratio: 0.2
decay_min_factor: 0.05
bandwith_kernel: None
no_interact: False
avg_score: -1617.8199462890625
median_score: -1614.5
std_score: 59.91283416748047
percentiles: 2%=-1753.0999755859375, 5%=-1725.0999755859375, 10%=-1697.0, 25%=-1655.5, 50%=-1614.5, 75%=-1580.25, 90%=-1535.0, 95%=-1521.0, 98%=-1514.9200439453125
ranking_best_algo: NLOPT_LN_PRAXIS
ranking_best_score: 1607.12
ranking_my_rank: 1/504 (100.0%)
ranking_my_percent: 100.0
