ConfigName: krbf__advnormalizedfitness__M3__L15__eps0p025__g0p007__ds0p3__dm0p3
Problem: QUBO
Kernel: rbf
Advantage: normalizedfitness
M: 3
lambda: 15
epsilon_svgd: 0.025
gamma: 0.007
decay_start_ratio: 0.3
decay_min_factor: 0.3
bandwith_kernel: None
no_interact: False
avg_score: -419.20001220703125
median_score: -414.0
std_score: 28.70818519592285
percentiles: 2%=-473.0799865722656, 5%=-469.0, 10%=-461.0, 25%=-440.25, 50%=-414.0, 75%=-400.0, 90%=-387.8999938964844, 95%=-379.95001220703125, 98%=-363.75994873046875
ranking_best_algo: CMAL3
ranking_best_score: 435.36
ranking_my_rank: 95/504 (81.3%)
ranking_my_percent: 81.34920634920636
