ConfigName: kfr__advglobalrankweighted__M4__L9__eps0p01__g0p005__ds0p01__dm0p01
Problem: QUBO
Kernel: fr
Advantage: globalrankweighted
M: 4
lambda: 9
epsilon_svgd: 0.01
gamma: 0.005
decay_start_ratio: 0.01
decay_min_factor: 0.01
bandwith_kernel: None
no_interact: False
avg_score: -1148.3599853515625
median_score: -1150.0
std_score: 56.20756530761719
percentiles: 2%=-1281.6199951171875, 5%=-1224.699951171875, 10%=-1215.0, 25%=-1187.0, 50%=-1150.0, 75%=-1108.75, 90%=-1069.0, 95%=-1061.0, 98%=-1056.9000244140625
ranking_best_algo: SVMMetaModelLogNormal
ranking_best_score: 1233.7999999999997
ranking_my_rank: 94/504 (81.5%)
ranking_my_percent: 81.54761904761905
