ConfigName: kjsd__advperagentrankweighted__M3__L16__eps0p01__g0p0005__ds0p1__dm0p05
Problem: QUBO
Kernel: jsd
Advantage: peragentrankweighted
M: 3
lambda: 16
epsilon_svgd: 0.01
gamma: 0.0005
decay_start_ratio: 0.1
decay_min_factor: 0.05
bandwith_kernel: None
no_interact: False
avg_score: -197.6199951171875
median_score: -197.0
std_score: 12.935826301574707
percentiles: 2%=-224.0, 5%=-221.0500030517578, 10%=-214.10000610351562, 25%=-206.0, 50%=-197.0, 75%=-189.0, 90%=-179.89999389648438, 95%=-176.0, 98%=-172.0
ranking_best_algo: Tabu
ranking_best_score: 208.36000000000004
ranking_my_rank: 113/504 (77.8%)
ranking_my_percent: 77.77777777777777
