ConfigName: kfr__advglobalrankweighted__M5__L10__eps0p015__g0p007__ds0p01__dm0p01
Problem: QUBO
Kernel: fr
Advantage: globalrankweighted
M: 5
lambda: 10
epsilon_svgd: 0.015
gamma: 0.007
decay_start_ratio: 0.01
decay_min_factor: 0.01
bandwith_kernel: None
no_interact: False
avg_score: -558.739990234375
median_score: -561.0
std_score: 33.35824203491211
percentiles: 2%=-620.0599975585938, 5%=-609.0999755859375, 10%=-600.2999877929688, 25%=-585.0, 50%=-561.0, 75%=-537.75, 90%=-515.7999877929688, 95%=-500.8500061035156, 98%=-492.73992919921875
ranking_best_algo: Tabu
ranking_best_score: 588.7199999999999
ranking_my_rank: 101/503 (80.1%)
ranking_my_percent: 80.11928429423459
