ConfigName: krbf__advnormalizedfitness__M4__L10__eps0p025__g0p007__ds0p3__dm0p01
Problem: QUBO
Kernel: rbf
Advantage: normalizedfitness
M: 4
lambda: 10
epsilon_svgd: 0.025
gamma: 0.007
decay_start_ratio: 0.3
decay_min_factor: 0.01
bandwith_kernel: None
no_interact: False
avg_score: -417.1400146484375
median_score: -418.0
std_score: 26.152254104614258
percentiles: 2%=-473.0799865722656, 5%=-463.20001220703125, 10%=-452.1000061035156, 25%=-429.25, 50%=-418.0, 75%=-398.0, 90%=-384.0, 95%=-379.8000183105469, 98%=-369.8799743652344
ranking_best_algo: Tabu
ranking_best_score: 438.12
ranking_my_rank: 41/504 (92.1%)
ranking_my_percent: 92.06349206349206
