ConfigName: kjsd__advperagentrankweighted__M3__L16__eps0p005__g0p0005__ds0p05__dm0p05
Problem: QUBO
Kernel: jsd
Advantage: peragentrankweighted
M: 3
lambda: 16
epsilon_svgd: 0.005
gamma: 0.0005
decay_start_ratio: 0.05
decay_min_factor: 0.05
bandwith_kernel: None
no_interact: False
avg_score: -431.5799865722656
median_score: -431.5
std_score: 27.946083068847656
percentiles: 2%=-483.0400085449219, 5%=-475.1000061035156, 10%=-471.0, 25%=-450.25, 50%=-431.5, 75%=-413.0, 90%=-393.8999938964844, 95%=-385.8500061035156, 98%=-381.9800109863281
ranking_best_algo: CMAL3
ranking_best_score: 435.36
ranking_my_rank: 7/504 (98.8%)
ranking_my_percent: 98.80952380952381
