ConfigName: kjsd__advperagentrankweighted__M3__L20__eps0p005__g0p001__ds0p2__dm0p2
Problem: QUBO
Kernel: jsd
Advantage: peragentrankweighted
M: 3
lambda: 20
epsilon_svgd: 0.005
gamma: 0.001
decay_start_ratio: 0.2
decay_min_factor: 0.2
bandwith_kernel: None
no_interact: False
avg_score: -2507.280029296875
median_score: -2494.0
std_score: 136.3464813232422
percentiles: 2%=-2775.43994140625, 5%=-2733.550048828125, 10%=-2693.10009765625, 25%=-2613.0, 50%=-2494.0, 75%=-2398.0, 90%=-2343.800048828125, 95%=-2313.35009765625, 98%=-2251.080078125
ranking_best_algo: SVM1MetaModelLogNormal
ranking_best_score: 2605.14
ranking_my_rank: 62/504 (87.9%)
ranking_my_percent: 87.89682539682539
