ConfigName: krbf__advnormalizedfitness__M4__L15__eps0p015__g0p01__ds0p3__dm0p3
Problem: QUBO
Kernel: rbf
Advantage: normalizedfitness
M: 4
lambda: 15
epsilon_svgd: 0.015
gamma: 0.01
decay_start_ratio: 0.3
decay_min_factor: 0.3
bandwith_kernel: None
no_interact: False
avg_score: -238.05999755859375
median_score: -235.0
std_score: 19.015689849853516
percentiles: 2%=-288.05999755859375, 5%=-278.1499938964844, 10%=-261.20001220703125, 25%=-247.0, 50%=-235.0, 75%=-227.0, 90%=-216.0, 95%=-210.90000915527344, 98%=-207.97999572753906
ranking_best_algo: Tabu
ranking_best_score: 588.7199999999999
ranking_my_rank: 394/503 (21.9%)
ranking_my_percent: 21.868787276341948
