ConfigName: kjsd__advperagentrankweighted__M3__L16__eps0p005__g0p0007__ds0p1__dm0p2
Problem: QUBO
Kernel: jsd
Advantage: peragentrankweighted
M: 3
lambda: 16
epsilon_svgd: 0.005
gamma: 0.0007
decay_start_ratio: 0.1
decay_min_factor: 0.2
bandwith_kernel: None
no_interact: False
avg_score: -1239.4000244140625
median_score: -1229.0
std_score: 65.5278549194336
percentiles: 2%=-1382.3599853515625, 5%=-1352.3499755859375, 10%=-1323.5999755859375, 25%=-1283.0, 50%=-1229.0, 75%=-1193.0, 90%=-1164.199951171875, 95%=-1143.0, 98%=-1118.9200439453125
ranking_best_algo: SVMMetaModelLogNormal
ranking_best_score: 1233.7999999999997
ranking_my_rank: 1/504 (100.0%)
ranking_my_percent: 100.0
