ConfigName: kjsd__advperagentrankweighted__M10__L10__eps0p008__g0p0005__ds0p3__dm0p05
Problem: NK
Kernel: jsd
Advantage: peragentrankweighted
M: 10
lambda: 10
epsilon_svgd: 0.008
gamma: 0.0005
decay_start_ratio: 0.3
decay_min_factor: 0.05
bandwith_kernel: None
no_interact: False
avg_score: 0.7392712235450745
median_score: 0.7395134568214417
std_score: 0.012271149083971977
percentiles: 2%=0.7161576747894287, 5%=0.7196651697158813, 10%=0.7244498133659363, 25%=0.7326272130012512, 50%=0.7395134568214417, 75%=0.7456231117248535, 90%=0.7512220740318298, 95%=0.7588146328926086, 98%=0.7675737142562866
ranking_best_algo: Tabu
ranking_best_score: 0.7601875690625
ranking_my_rank: 16/504 (97.0%)
ranking_my_percent: 97.02380952380952
