ConfigName: kfr__advglobalrankweighted__M6__L9__eps0p02__g0p003__ds0p01__dm0p01
Problem: QUBO
Kernel: fr
Advantage: globalrankweighted
M: 6
lambda: 9
epsilon_svgd: 0.02
gamma: 0.003
decay_start_ratio: 0.01
decay_min_factor: 0.01
bandwith_kernel: None
no_interact: False
avg_score: -572.1199951171875
median_score: -571.5
std_score: 27.223255157470703
percentiles: 2%=-623.0399780273438, 5%=-621.0, 10%=-611.2000122070312, 25%=-589.25, 50%=-571.5, 75%=-554.75, 90%=-535.9000244140625, 95%=-525.9500122070312, 98%=-519.97998046875
ranking_best_algo: Tabu
ranking_best_score: 588.7199999999999
ranking_my_rank: 62/503 (87.9%)
ranking_my_percent: 87.8727634194831
