ConfigName: kjsd__advperagentrankweighted__M2__L20__eps0p005__g0p0005__ds0p05__dm0p2
Problem: NK
Kernel: jsd
Advantage: peragentrankweighted
M: 2
lambda: 20
epsilon_svgd: 0.005
gamma: 0.0005
decay_start_ratio: 0.05
decay_min_factor: 0.2
bandwith_kernel: None
no_interact: False
avg_score: 0.7331445217132568
median_score: 0.7343897819519043
std_score: 0.00894190464168787
percentiles: 2%=0.7149662375450134, 5%=0.7180837988853455, 10%=0.7196509838104248, 25%=0.7268693447113037, 50%=0.7343897819519043, 75%=0.7389737963676453, 90%=0.7430275678634644, 95%=0.7466921210289001, 98%=0.7508918642997742
ranking_best_algo: PBIL
ranking_best_score: 0.730509098125
ranking_my_rank: 1/504 (100.0%)
ranking_my_percent: 100.0
