ConfigName: krbf__advnormalizedfitness__M3__L15__eps0p033__g0p01__ds0p01__dm0p3
Problem: NK
Kernel: rbf
Advantage: normalizedfitness
M: 3
lambda: 15
epsilon_svgd: 0.033
gamma: 0.01
decay_start_ratio: 0.01
decay_min_factor: 0.3
bandwith_kernel: None
no_interact: False
avg_score: 0.7105349898338318
median_score: 0.7109135389328003
std_score: 0.013683192431926727
percentiles: 2%=0.6843596696853638, 5%=0.6891103982925415, 10%=0.6936519742012024, 25%=0.6992337703704834, 50%=0.7109135389328003, 75%=0.7209229469299316, 90%=0.7270467281341553, 95%=0.7313973903656006, 98%=0.7344301342964172
ranking_best_algo: PBIL
ranking_best_score: 0.733570253046875
ranking_my_rank: 72/504 (85.9%)
ranking_my_percent: 85.91269841269842
