ConfigName: kjsd__advperagentrankweighted__M4__L20__eps0p007__g0p0005__ds0p2__dm0p2
Problem: NK
Kernel: jsd
Advantage: peragentrankweighted
M: 4
lambda: 20
epsilon_svgd: 0.007
gamma: 0.0005
decay_start_ratio: 0.2
decay_min_factor: 0.2
bandwith_kernel: None
no_interact: False
avg_score: 0.7310262322425842
median_score: 0.7310982346534729
std_score: 0.009291263297200203
percentiles: 2%=0.7135950922966003, 5%=0.7157994508743286, 10%=0.7194335460662842, 25%=0.7241069078445435, 50%=0.7310982346534729, 75%=0.7367478013038635, 90%=0.7431634664535522, 95%=0.7466997504234314, 98%=0.7496127486228943
ranking_best_algo: Tabu
ranking_best_score: 0.7429702712499999
ranking_my_rank: 2/504 (99.8%)
ranking_my_percent: 99.8015873015873
