ConfigName: kfr__advglobalrankweighted__M4__L5__eps0p06__g0p005__ds0p01__dm0p01
Problem: QUBO
Kernel: fr
Advantage: globalrankweighted
M: 4
lambda: 5
epsilon_svgd: 0.06
gamma: 0.005
decay_start_ratio: 0.01
decay_min_factor: 0.01
bandwith_kernel: None
no_interact: False
avg_score: -916.47998046875
median_score: -907.0
std_score: 64.85853576660156
percentiles: 2%=-1046.52001953125, 5%=-1031.1500244140625, 10%=-1007.5, 25%=-960.75, 50%=-907.0, 75%=-874.75, 90%=-832.5999755859375, 95%=-815.0, 98%=-804.9199829101562
ranking_best_algo: CMApara
ranking_best_score: 964.9
ranking_my_rank: 69/504 (86.5%)
ranking_my_percent: 86.5079365079365
