ConfigName: kjsd__advperagentrankweighted__M3__L30__eps0p007__g0p0005__ds0p05__dm0p1
Problem: QUBO
Kernel: jsd
Advantage: peragentrankweighted
M: 3
lambda: 30
epsilon_svgd: 0.007
gamma: 0.0005
decay_start_ratio: 0.05
decay_min_factor: 0.1
bandwith_kernel: None
no_interact: False
avg_score: -3290.419921875
median_score: -3294.0
std_score: 119.37798309326172
percentiles: 2%=-3495.0, 5%=-3466.300048828125, 10%=-3436.0, 25%=-3364.25, 50%=-3294.0, 75%=-3224.75, 90%=-3138.39990234375, 95%=-3117.14990234375, 98%=-3045.10009765625
ranking_best_algo: RLSOnePlusOne
ranking_best_score: 3316.5199999999995
ranking_my_rank: 3/504 (99.6%)
ranking_my_percent: 99.60317460317461
