ConfigName: kjsd__advperagentrankweighted__M3__L30__eps0p007__g0p0005__ds0p1__dm0p05
Problem: NK
Kernel: jsd
Advantage: peragentrankweighted
M: 3
lambda: 30
epsilon_svgd: 0.007
gamma: 0.0005
decay_start_ratio: 0.1
decay_min_factor: 0.05
bandwith_kernel: None
no_interact: False
avg_score: 0.7372894883155823
median_score: 0.7383136749267578
std_score: 0.009250051341950893
percentiles: 2%=0.7176600694656372, 5%=0.7206693887710571, 10%=0.7253992557525635, 25%=0.7309308052062988, 50%=0.7383136749267578, 75%=0.7436482906341553, 90%=0.7474579215049744, 95%=0.7512601017951965, 98%=0.7536429166793823
ranking_best_algo: PBIL
ranking_best_score: 0.730509098125
ranking_my_rank: 1/504 (100.0%)
ranking_my_percent: 100.0
