ConfigName: krbf__advnormalizedfitness__M3__L15__eps0p03__g0p005__ds0p15__dm0p05
Problem: NK
Kernel: rbf
Advantage: normalizedfitness
M: 3
lambda: 15
epsilon_svgd: 0.03
gamma: 0.005
decay_start_ratio: 0.15
decay_min_factor: 0.05
bandwith_kernel: None
no_interact: False
avg_score: 0.7103843092918396
median_score: 0.7114666700363159
std_score: 0.015458357520401478
percentiles: 2%=0.6716014742851257, 5%=0.6723104119300842, 10%=0.6967265605926514, 25%=0.7073431015014648, 50%=0.7114666700363159, 75%=0.7184562087059021, 90%=0.7254714369773865, 95%=0.7326806783676147, 98%=0.7333154678344727
ranking_best_algo: CMApara
ranking_best_score: 0.707475975
ranking_my_rank: 1/504 (100.0%)
ranking_my_percent: 100.0
