ConfigName: kjsd__advperagentrankweighted__M5__L10__eps0p01__g0p0005__ds0p05__dm0p05
Problem: QUBO
Kernel: jsd
Advantage: peragentrankweighted
M: 5
lambda: 10
epsilon_svgd: 0.01
gamma: 0.0005
decay_start_ratio: 0.05
decay_min_factor: 0.05
bandwith_kernel: None
no_interact: False
avg_score: -2671.89990234375
median_score: -2676.5
std_score: 132.82647705078125
percentiles: 2%=-2932.159912109375, 5%=-2909.14990234375, 10%=-2835.10009765625, 25%=-2763.75, 50%=-2676.5, 75%=-2566.25, 90%=-2513.39990234375, 95%=-2450.800048828125, 98%=-2415.760009765625
ranking_best_algo: DiscreteLengler2OnePlusOne
ranking_best_score: 2617.04
ranking_my_rank: 1/504 (100.0%)
ranking_my_percent: 100.0
