ConfigName: kjsd__advperagentrankweighted__M6__L10__eps0p008__g0p0005__ds0p05__dm0p05
Problem: NK
Kernel: jsd
Advantage: peragentrankweighted
M: 6
lambda: 10
epsilon_svgd: 0.008
gamma: 0.0005
decay_start_ratio: 0.05
decay_min_factor: 0.05
bandwith_kernel: None
no_interact: False
avg_score: 0.7285466194152832
median_score: 0.7279279232025146
std_score: 0.008340242318809032
percentiles: 2%=0.7142367959022522, 5%=0.7162072062492371, 10%=0.7172921895980835, 25%=0.7233120799064636, 50%=0.7279279232025146, 75%=0.7336685657501221, 90%=0.7396780848503113, 95%=0.7415886521339417, 98%=0.7489773035049438
ranking_best_algo: Tabu
ranking_best_score: 0.7429702712499999
ranking_my_rank: 2/504 (99.8%)
ranking_my_percent: 99.8015873015873
