ConfigName: krbf__advnormalizedfitness__M4__L10__eps0p015__g0p01__ds0p3__dm0p3
Problem: QUBO
Kernel: rbf
Advantage: normalizedfitness
M: 4
lambda: 10
epsilon_svgd: 0.015
gamma: 0.01
decay_start_ratio: 0.3
decay_min_factor: 0.3
bandwith_kernel: None
no_interact: False
avg_score: -329.2799987792969
median_score: -326.0
std_score: 35.736839294433594
percentiles: 2%=-401.0400085449219, 5%=-395.0, 10%=-380.1000061035156, 25%=-352.5, 50%=-326.0, 75%=-303.0, 90%=-283.6000061035156, 95%=-274.9000244140625, 98%=-269.89996337890625
ranking_best_algo: CMAL3
ranking_best_score: 435.36
ranking_my_rank: 332/504 (34.3%)
ranking_my_percent: 34.32539682539682
