ConfigName: kjsd__advperagentrankweighted__M2__L20__eps0p005__g0p0005__ds0p1__dm0p05
Problem: NK
Kernel: jsd
Advantage: peragentrankweighted
M: 2
lambda: 20
epsilon_svgd: 0.005
gamma: 0.0005
decay_start_ratio: 0.1
decay_min_factor: 0.05
bandwith_kernel: None
no_interact: False
avg_score: 0.7513977289199829
median_score: 0.7516624927520752
std_score: 0.01326797902584076
percentiles: 2%=0.7245713472366333, 5%=0.7274987697601318, 10%=0.7323707938194275, 25%=0.7434556484222412, 50%=0.7516624927520752, 75%=0.76035076379776, 90%=0.7669656276702881, 95%=0.7727530598640442, 98%=0.7784618139266968
ranking_best_algo: Tabu
ranking_best_score: 0.7470791764843752
ranking_my_rank: 1/504 (100.0%)
ranking_my_percent: 100.0
