ConfigName: kjsd__advperagentrankweighted__M3__L30__eps0p005__g0p0005__ds0p1__dm0p1
Problem: NK
Kernel: jsd
Advantage: peragentrankweighted
M: 3
lambda: 30
epsilon_svgd: 0.005
gamma: 0.0005
decay_start_ratio: 0.1
decay_min_factor: 0.1
bandwith_kernel: None
no_interact: False
avg_score: 0.7076917886734009
median_score: 0.7104612588882446
std_score: 0.01190614327788353
percentiles: 2%=0.6880070567131042, 5%=0.6885778307914734, 10%=0.6926835775375366, 25%=0.696224570274353, 50%=0.7104612588882446, 75%=0.7180600166320801, 90%=0.721354603767395, 95%=0.7245692610740662, 98%=0.7248093485832214
ranking_best_algo: PBIL
ranking_best_score: 0.7013553837109374
ranking_my_rank: 1/504 (100.0%)
ranking_my_percent: 100.0
