ConfigName: krbf__advnormalizedfitness__M3__L10__eps0p015__g0p007__ds0p3__dm0p3
Problem: QUBO
Kernel: rbf
Advantage: normalizedfitness
M: 3
lambda: 10
epsilon_svgd: 0.015
gamma: 0.007
decay_start_ratio: 0.3
decay_min_factor: 0.3
bandwith_kernel: None
no_interact: False
avg_score: -549.47998046875
median_score: -551.0
std_score: 36.507667541503906
percentiles: 2%=-614.0599975585938, 5%=-609.0, 10%=-601.0999755859375, 25%=-572.0, 50%=-551.0, 75%=-526.75, 90%=-507.8999938964844, 95%=-484.95001220703125, 98%=-474.7999572753906
ranking_best_algo: Tabu
ranking_best_score: 588.7199999999999
ranking_my_rank: 154/503 (69.6%)
ranking_my_percent: 69.58250497017893
