ConfigName: krbf__advnormalizedfitness__M3__L24__eps0p02__g0p005__ds0p15__dm0p05
Problem: QUBO
Kernel: rbf
Advantage: normalizedfitness
M: 3
lambda: 24
epsilon_svgd: 0.02
gamma: 0.005
decay_start_ratio: 0.15
decay_min_factor: 0.05
bandwith_kernel: None
no_interact: False
avg_score: -880.1400146484375
median_score: -880.0
std_score: 62.57539749145508
percentiles: 2%=-1002.5800170898438, 5%=-990.0499877929688, 10%=-962.0, 25%=-922.5, 50%=-880.0, 75%=-835.75, 90%=-796.4000244140625, 95%=-780.9000244140625, 98%=-767.8599853515625
ranking_best_algo: CMAL3
ranking_best_score: 928.5800000000002
ranking_my_rank: 119/504 (76.6%)
ranking_my_percent: 76.58730158730158
