ConfigName: kjsd__advperagentrankweighted__M3__L16__eps0p007__g0p0005__ds0p1__dm0p2
Problem: QUBO
Kernel: jsd
Advantage: peragentrankweighted
M: 3
lambda: 16
epsilon_svgd: 0.007
gamma: 0.0005
decay_start_ratio: 0.1
decay_min_factor: 0.2
bandwith_kernel: None
no_interact: False
avg_score: -576.5999755859375
median_score: -573.0
std_score: 31.120410919189453
percentiles: 2%=-635.239990234375, 5%=-633.0, 10%=-625.0, 25%=-599.25, 50%=-573.0, 75%=-553.5, 90%=-538.9000244140625, 95%=-524.9500122070312, 98%=-521.97998046875
ranking_best_algo: Tabu
ranking_best_score: 588.7199999999999
ranking_my_rank: 55/503 (89.3%)
ranking_my_percent: 89.26441351888668
