ConfigName: kjsd__advperagentrankweighted__M4__L20__eps0p005__g0p001__ds0p05__dm0p05
Problem: QUBO
Kernel: jsd
Advantage: peragentrankweighted
M: 4
lambda: 20
epsilon_svgd: 0.005
gamma: 0.001
decay_start_ratio: 0.05
decay_min_factor: 0.05
bandwith_kernel: None
no_interact: False
avg_score: -335.5799865722656
median_score: -340.0
std_score: 21.727025985717773
percentiles: 2%=-372.0, 5%=-372.0, 10%=-357.3999938964844, 25%=-350.0, 50%=-340.0, 75%=-324.0, 90%=-303.6000061035156, 95%=-288.0, 98%=-285.9200134277344
ranking_best_algo: CMApara
ranking_best_score: 344.22
ranking_my_rank: 58/504 (88.7%)
ranking_my_percent: 88.69047619047619
