ConfigName: kjsd__advperagentrankweighted__M5__L10__eps0p01__g0p003__ds0p4__dm0p05
Problem: NK
Kernel: jsd
Advantage: peragentrankweighted
M: 5
lambda: 10
epsilon_svgd: 0.01
gamma: 0.003
decay_start_ratio: 0.4
decay_min_factor: 0.05
bandwith_kernel: None
no_interact: False
avg_score: 0.7513940334320068
median_score: 0.7518772482872009
std_score: 0.016549937427043915
percentiles: 2%=0.7183968424797058, 5%=0.7243572473526001, 10%=0.7303503751754761, 25%=0.739037275314331, 50%=0.7518772482872009, 75%=0.7654420137405396, 90%=0.7731897234916687, 95%=0.774753212928772, 98%=0.7757445573806763
ranking_best_algo: Tabu
ranking_best_score: 0.7470791764843752
ranking_my_rank: 1/504 (100.0%)
ranking_my_percent: 100.0
