ConfigName: krbf__advnormalizedfitness__M4__L8__eps0p015__g0p005__ds0p3__dm0p01
Problem: QUBO
Kernel: rbf
Advantage: normalizedfitness
M: 4
lambda: 8
epsilon_svgd: 0.015
gamma: 0.005
decay_start_ratio: 0.3
decay_min_factor: 0.01
bandwith_kernel: None
no_interact: False
avg_score: -1163.760009765625
median_score: -1163.5
std_score: 60.4890251159668
percentiles: 2%=-1268.280029296875, 5%=-1255.1500244140625, 10%=-1246.300048828125, 25%=-1209.25, 50%=-1163.5, 75%=-1118.75, 90%=-1090.800048828125, 95%=-1079.550048828125, 98%=-1058.97998046875
ranking_best_algo: Tabu
ranking_best_score: 1216.16
ranking_my_rank: 96/504 (81.2%)
ranking_my_percent: 81.15079365079364
