ConfigName: krbf__advnormalizedfitness__M4__L10__eps0p025__g0p01__ds0p01__dm0p3
Problem: QUBO
Kernel: rbf
Advantage: normalizedfitness
M: 4
lambda: 10
epsilon_svgd: 0.025
gamma: 0.01
decay_start_ratio: 0.01
decay_min_factor: 0.3
bandwith_kernel: None
no_interact: False
avg_score: -421.3399963378906
median_score: -418.5
std_score: 31.72072410583496
percentiles: 2%=-487.0400085449219, 5%=-468.1000061035156, 10%=-462.1000061035156, 25%=-447.25, 50%=-418.5, 75%=-398.0, 90%=-380.79998779296875, 95%=-372.95001220703125, 98%=-366.89996337890625
ranking_best_algo: CMApara
ranking_best_score: 453.82
ranking_my_rank: 154/504 (69.6%)
ranking_my_percent: 69.64285714285714
