ConfigName: kjsd__advperagentrankweighted__M3__L16__eps0p005__g0p0005__ds0p05__dm0p05
Problem: NK
Kernel: jsd
Advantage: peragentrankweighted
M: 3
lambda: 16
epsilon_svgd: 0.005
gamma: 0.0005
decay_start_ratio: 0.05
decay_min_factor: 0.05
bandwith_kernel: None
no_interact: False
avg_score: 0.7095854878425598
median_score: 0.7109218835830688
std_score: 0.015684986487030983
percentiles: 2%=0.6697332262992859, 5%=0.6718094944953918, 10%=0.6930809020996094, 25%=0.7069530487060547, 50%=0.7109218835830688, 75%=0.7185729146003723, 90%=0.725510835647583, 95%=0.7321277856826782, 98%=0.7333112359046936
ranking_best_algo: CMApara
ranking_best_score: 0.707475975
ranking_my_rank: 1/504 (100.0%)
ranking_my_percent: 100.0
