ConfigName: kjsd__advperagentrankweighted__M4__L8__eps0p01__g0p0005__ds0p4__dm0p05
Problem: NK
Kernel: jsd
Advantage: peragentrankweighted
M: 4
lambda: 8
epsilon_svgd: 0.01
gamma: 0.0005
decay_start_ratio: 0.4
decay_min_factor: 0.05
bandwith_kernel: None
no_interact: False
avg_score: 0.7376859784126282
median_score: 0.738042414188385
std_score: 0.008891008794307709
percentiles: 2%=0.7209144830703735, 5%=0.7237169742584229, 10%=0.7267900705337524, 25%=0.731841504573822, 50%=0.738042414188385, 75%=0.7430332899093628, 90%=0.7484331727027893, 95%=0.7532508969306946, 98%=0.758785605430603
ranking_best_algo: PBIL
ranking_best_score: 0.733570253046875
ranking_my_rank: 1/504 (100.0%)
ranking_my_percent: 100.0
