ConfigName: kjsd__advperagentrankweighted__M3__L18__eps0p005__g0p001__ds0p1__dm0p2
Problem: QUBO
Kernel: jsd
Advantage: peragentrankweighted
M: 3
lambda: 18
epsilon_svgd: 0.005
gamma: 0.001
decay_start_ratio: 0.1
decay_min_factor: 0.2
bandwith_kernel: None
no_interact: False
avg_score: -2620.260009765625
median_score: -2626.5
std_score: 146.17965698242188
percentiles: 2%=-2929.580078125, 5%=-2854.449951171875, 10%=-2811.699951171875, 25%=-2728.5, 50%=-2626.5, 75%=-2510.0, 90%=-2425.300048828125, 95%=-2391.85009765625, 98%=-2356.820068359375
ranking_best_algo: DiscreteLengler2OnePlusOne
ranking_best_score: 2617.04
ranking_my_rank: 1/504 (100.0%)
ranking_my_percent: 100.0
