ConfigName: kjsd__advperagentrankweighted__M3__L18__eps0p01__g0p003__ds0p1__dm0p2
Problem: NK
Kernel: jsd
Advantage: peragentrankweighted
M: 3
lambda: 18
epsilon_svgd: 0.01
gamma: 0.003
decay_start_ratio: 0.1
decay_min_factor: 0.2
bandwith_kernel: None
no_interact: False
avg_score: 0.7064006328582764
median_score: 0.7087372541427612
std_score: 0.011951805092394352
percentiles: 2%=0.6878322958946228, 5%=0.6890406012535095, 10%=0.6915947794914246, 25%=0.6947896480560303, 50%=0.7087372541427612, 75%=0.7167420983314514, 90%=0.7214561700820923, 95%=0.7228261232376099, 98%=0.723351776599884
ranking_best_algo: PBIL
ranking_best_score: 0.7013553837109374
ranking_my_rank: 1/504 (100.0%)
ranking_my_percent: 100.0
