ConfigName: kjsd__advperagentrankweighted__M8__L10__eps0p005__g0p0005__ds0p05__dm0p05
Problem: QUBO
Kernel: jsd
Advantage: peragentrankweighted
M: 8
lambda: 10
epsilon_svgd: 0.005
gamma: 0.0005
decay_start_ratio: 0.05
decay_min_factor: 0.05
bandwith_kernel: None
no_interact: False
avg_score: -203.66000366210938
median_score: -205.0
std_score: 11.919916152954102
percentiles: 2%=-224.0, 5%=-224.0, 10%=-220.10000610351562, 25%=-211.0, 50%=-205.0, 75%=-197.0, 90%=-186.6999969482422, 95%=-182.9499969482422, 98%=-179.9600067138672
ranking_best_algo: Tabu
ranking_best_score: 208.36000000000004
ranking_my_rank: 19/504 (96.4%)
ranking_my_percent: 96.42857142857143
