ConfigName: kjsd__advperagentrankweighted__M3__L18__eps0p01__g0p003__ds0p2__dm0p2
Problem: NK
Kernel: jsd
Advantage: peragentrankweighted
M: 3
lambda: 18
epsilon_svgd: 0.01
gamma: 0.003
decay_start_ratio: 0.2
decay_min_factor: 0.2
bandwith_kernel: None
no_interact: False
avg_score: 0.7106810212135315
median_score: 0.7110269069671631
std_score: 0.0150547930970788
percentiles: 2%=0.6733208894729614, 5%=0.6736661195755005, 10%=0.6971110701560974, 25%=0.7078230977058411, 50%=0.7110269069671631, 75%=0.7200046181678772, 90%=0.7255062460899353, 95%=0.7320703864097595, 98%=0.7332304120063782
ranking_best_algo: CMApara
ranking_best_score: 0.707475975
ranking_my_rank: 1/504 (100.0%)
ranking_my_percent: 100.0
