ConfigName: kfr__advglobalrankweighted__M4__L24__eps0p03__g0p001__ds0p01__dm0p01
Problem: QUBO
Kernel: fr
Advantage: globalrankweighted
M: 4
lambda: 24
epsilon_svgd: 0.03
gamma: 0.001
decay_start_ratio: 0.01
decay_min_factor: 0.01
bandwith_kernel: None
no_interact: False
avg_score: -2574.580078125
median_score: -2565.0
std_score: 132.6937255859375
percentiles: 2%=-2843.1201171875, 5%=-2809.25, 10%=-2763.5, 25%=-2661.25, 50%=-2565.0, 75%=-2462.25, 90%=-2413.800048828125, 95%=-2389.60009765625, 98%=-2367.080078125
ranking_best_algo: DiscreteLengler2OnePlusOne
ranking_best_score: 2617.04
ranking_my_rank: 48/504 (90.7%)
ranking_my_percent: 90.67460317460318
