ConfigName: kjsd__advperagentrankweighted__M4__L30__eps0p005__g0p0005__ds0p2__dm0p05
Problem: NK
Kernel: jsd
Advantage: peragentrankweighted
M: 4
lambda: 30
epsilon_svgd: 0.005
gamma: 0.0005
decay_start_ratio: 0.2
decay_min_factor: 0.05
bandwith_kernel: None
no_interact: False
avg_score: 0.7378990650177002
median_score: 0.7388313412666321
std_score: 0.008345842361450195
percentiles: 2%=0.7204225063323975, 5%=0.7225618958473206, 10%=0.7255468964576721, 25%=0.7335076332092285, 50%=0.7388313412666321, 75%=0.7438487410545349, 90%=0.747532844543457, 95%=0.7507080435752869, 98%=0.7531320452690125
ranking_best_algo: PBIL
ranking_best_score: 0.730509098125
ranking_my_rank: 1/504 (100.0%)
ranking_my_percent: 100.0
