ConfigName: kjsd__advperagentrankweighted__M8__L12__eps0p005__g0p0005__ds0p05__dm0p05
Problem: QUBO
Kernel: jsd
Advantage: peragentrankweighted
M: 8
lambda: 12
epsilon_svgd: 0.005
gamma: 0.0005
decay_start_ratio: 0.05
decay_min_factor: 0.05
bandwith_kernel: None
no_interact: False
avg_score: -1236.1199951171875
median_score: -1227.0
std_score: 78.70073699951172
percentiles: 2%=-1384.0999755859375, 5%=-1361.300048828125, 10%=-1347.0, 25%=-1300.75, 50%=-1227.0, 75%=-1173.25, 90%=-1142.4000244140625, 95%=-1123.75, 98%=-1104.760009765625
ranking_best_algo: BigLognormalDiscreteOnePlusOne
ranking_best_score: 1301.3600000000004
ranking_my_rank: 57/504 (88.9%)
ranking_my_percent: 88.88888888888889
