ConfigName: krbf__advnormalizedfitness__M4__L15__eps0p033__g0p005__ds0p3__dm0p3
Problem: NK
Kernel: rbf
Advantage: normalizedfitness
M: 4
lambda: 15
epsilon_svgd: 0.033
gamma: 0.005
decay_start_ratio: 0.3
decay_min_factor: 0.3
bandwith_kernel: None
no_interact: False
avg_score: 0.7107031345367432
median_score: 0.7115141153335571
std_score: 0.015273337252438068
percentiles: 2%=0.6724094748497009, 5%=0.6732956767082214, 10%=0.697277307510376, 25%=0.7079996466636658, 50%=0.7115141153335571, 75%=0.7193974852561951, 90%=0.725370466709137, 95%=0.7327606678009033, 98%=0.7333130240440369
ranking_best_algo: CMApara
ranking_best_score: 0.707475975
ranking_my_rank: 1/504 (100.0%)
ranking_my_percent: 100.0
