ConfigName: krbf__advnormalizedfitness__M4__L15__eps0p033__g0p015__ds0p01__dm0p3
Problem: NK
Kernel: rbf
Advantage: normalizedfitness
M: 4
lambda: 15
epsilon_svgd: 0.033
gamma: 0.015
decay_start_ratio: 0.01
decay_min_factor: 0.3
bandwith_kernel: None
no_interact: False
avg_score: 0.6021244525909424
median_score: 0.600400984287262
std_score: 0.0092846704646945
percentiles: 2%=0.5892429947853088, 5%=0.5894922614097595, 10%=0.5916633605957031, 25%=0.5949598550796509, 50%=0.600400984287262, 75%=0.6068414449691772, 90%=0.6162537336349487, 95%=0.6173908710479736, 98%=0.6265024542808533
ranking_best_algo: Tabu
ranking_best_score: 0.7429702712499999
ranking_my_rank: 392/504 (22.4%)
ranking_my_percent: 22.42063492063492
