ConfigName: kjsd__advperagentrankweighted__M4__L8__eps0p005__g0p0005__ds0p2__dm0p05
Problem: QUBO
Kernel: jsd
Advantage: peragentrankweighted
M: 4
lambda: 8
epsilon_svgd: 0.005
gamma: 0.0005
decay_start_ratio: 0.2
decay_min_factor: 0.05
bandwith_kernel: None
no_interact: False
avg_score: -330.3599853515625
median_score: -334.0
std_score: 21.762130737304688
percentiles: 2%=-372.0, 5%=-361.54998779296875, 10%=-357.0, 25%=-342.25, 50%=-334.0, 75%=-316.75, 90%=-298.0, 95%=-294.79998779296875, 98%=-284.94000244140625
ranking_best_algo: CMApara
ranking_best_score: 344.22
ranking_my_rank: 79/504 (84.5%)
ranking_my_percent: 84.52380952380952
