ConfigName: krbf__advnormalizedfitness__M2__L10__eps0p015__g0p005__ds0p01__dm0p01
Problem: QUBO
Kernel: rbf
Advantage: normalizedfitness
M: 2
lambda: 10
epsilon_svgd: 0.015
gamma: 0.005
decay_start_ratio: 0.01
decay_min_factor: 0.01
bandwith_kernel: None
no_interact: False
avg_score: -2606.93994140625
median_score: -2609.0
std_score: 128.5287322998047
percentiles: 2%=-2853.300048828125, 5%=-2819.050048828125, 10%=-2765.199951171875, 25%=-2707.5, 50%=-2609.0, 75%=-2503.25, 90%=-2452.300048828125, 95%=-2393.5, 98%=-2369.919921875
ranking_best_algo: SVM1MetaModelLogNormal
ranking_best_score: 2605.14
ranking_my_rank: 1/504 (100.0%)
ranking_my_percent: 100.0
