ConfigName: kjsd__advperagentrankweighted__M5__L10__eps0p005__g0p003__ds0p4__dm0p2
Problem: QUBO
Kernel: jsd
Advantage: peragentrankweighted
M: 5
lambda: 10
epsilon_svgd: 0.005
gamma: 0.003
decay_start_ratio: 0.4
decay_min_factor: 0.2
bandwith_kernel: None
no_interact: False
avg_score: -442.4599914550781
median_score: -439.0
std_score: 55.03733444213867
percentiles: 2%=-557.0999755859375, 5%=-541.5999755859375, 10%=-523.2000122070312, 25%=-473.5, 50%=-439.0, 75%=-401.25, 90%=-368.79998779296875, 95%=-355.95001220703125, 98%=-352.8399963378906
ranking_best_algo: Tabu
ranking_best_score: 588.7199999999999
ranking_my_rank: 326/503 (35.4%)
ranking_my_percent: 35.387673956262425
