ConfigName: kjsd__advperagentrankweighted__M3__L16__eps0p01__g0p003__ds0p05__dm0p05
Problem: QUBO
Kernel: jsd
Advantage: peragentrankweighted
M: 3
lambda: 16
epsilon_svgd: 0.01
gamma: 0.003
decay_start_ratio: 0.05
decay_min_factor: 0.05
bandwith_kernel: None
no_interact: False
avg_score: -411.9800109863281
median_score: -410.0
std_score: 27.076921463012695
percentiles: 2%=-469.0400085449219, 5%=-457.1000061035156, 10%=-449.1000061035156, 25%=-430.5, 50%=-410.0, 75%=-392.0, 90%=-377.79998779296875, 95%=-373.70001220703125, 98%=-363.9599914550781
ranking_best_algo: Tabu
ranking_best_score: 438.12
ranking_my_rank: 72/504 (85.9%)
ranking_my_percent: 85.91269841269842
