ConfigName: krbf__advnormalizedfitness__M2__L8__eps0p015__g0p005__ds0p3__dm0p3
Problem: QUBO
Kernel: rbf
Advantage: normalizedfitness
M: 2
lambda: 8
epsilon_svgd: 0.015
gamma: 0.005
decay_start_ratio: 0.3
decay_min_factor: 0.3
bandwith_kernel: None
no_interact: False
avg_score: -2546.719970703125
median_score: -2553.5
std_score: 105.83516693115234
percentiles: 2%=-2746.159912109375, 5%=-2721.5, 10%=-2677.0, 25%=-2620.0, 50%=-2553.5, 75%=-2470.5, 90%=-2409.60009765625, 95%=-2365.949951171875, 98%=-2329.919921875
ranking_best_algo: SVM1MetaModelLogNormal
ranking_best_score: 2605.14
ranking_my_rank: 42/504 (91.9%)
ranking_my_percent: 91.86507936507937
