ConfigName: kfr__advglobalrankweighted__M5__L9__eps0p015__g0p003__ds0p01__dm0p01
Problem: QUBO
Kernel: fr
Advantage: globalrankweighted
M: 5
lambda: 9
epsilon_svgd: 0.015
gamma: 0.003
decay_start_ratio: 0.01
decay_min_factor: 0.01
bandwith_kernel: None
no_interact: False
avg_score: -441.1600036621094
median_score: -440.5
std_score: 25.851390838623047
percentiles: 2%=-489.0, 5%=-483.0, 10%=-475.5, 25%=-461.25, 50%=-440.5, 75%=-420.75, 90%=-409.8999938964844, 95%=-404.550048828125, 98%=-389.91998291015625
ranking_best_algo: CMApara
ranking_best_score: 453.82
ranking_my_rank: 12/504 (97.8%)
ranking_my_percent: 97.81746031746032
