ConfigName: krbf__advnormalizedfitness__M3__L8__eps0p015__g0p005__ds0p15__dm0p3
Problem: QUBO
Kernel: rbf
Advantage: normalizedfitness
M: 3
lambda: 8
epsilon_svgd: 0.015
gamma: 0.005
decay_start_ratio: 0.15
decay_min_factor: 0.3
bandwith_kernel: None
no_interact: False
avg_score: -1567.800048828125
median_score: -1565.5
std_score: 78.97936248779297
percentiles: 2%=-1748.199951171875, 5%=-1706.5, 10%=-1665.5999755859375, 25%=-1613.0, 50%=-1565.5, 75%=-1507.5, 90%=-1470.300048828125, 95%=-1443.949951171875, 98%=-1432.919921875
ranking_best_algo: NLOPT_LN_PRAXIS
ranking_best_score: 1607.12
ranking_my_rank: 46/504 (91.1%)
ranking_my_percent: 91.07142857142857
