ConfigName: kjsd__advperagentrankweighted__M4__L24__eps0p01__g0p0005__ds0p2__dm0p05
Problem: NK
Kernel: jsd
Advantage: peragentrankweighted
M: 4
lambda: 24
epsilon_svgd: 0.01
gamma: 0.0005
decay_start_ratio: 0.2
decay_min_factor: 0.05
bandwith_kernel: None
no_interact: False
avg_score: 0.7101718783378601
median_score: 0.711950421333313
std_score: 0.01535613089799881
percentiles: 2%=0.6717111468315125, 5%=0.6730633974075317, 10%=0.6960434317588806, 25%=0.7064692974090576, 50%=0.711950421333313, 75%=0.7190495729446411, 90%=0.7251721024513245, 95%=0.7320752143859863, 98%=0.7332354187965393
ranking_best_algo: CMApara
ranking_best_score: 0.707475975
ranking_my_rank: 1/504 (100.0%)
ranking_my_percent: 100.0
