ConfigName: kjsd__advperagentrankweighted__M6__L8__eps0p03__g0p0003__ds0p2__dm0p05
Problem: NK
Kernel: jsd
Advantage: peragentrankweighted
M: 6
lambda: 8
epsilon_svgd: 0.03
gamma: 0.0003
decay_start_ratio: 0.2
decay_min_factor: 0.05
bandwith_kernel: None
no_interact: False
avg_score: 0.7261886596679688
median_score: 0.7259668111801147
std_score: 0.010049189440906048
percentiles: 2%=0.7074156403541565, 5%=0.7113682627677917, 10%=0.7131174206733704, 25%=0.7191812992095947, 50%=0.7259668111801147, 75%=0.7335423827171326, 90%=0.7376074194908142, 95%=0.7400562763214111, 98%=0.7489242553710938
ranking_best_algo: PBIL
ranking_best_score: 0.730509098125
ranking_my_rank: 10/504 (98.2%)
ranking_my_percent: 98.21428571428571
