ConfigName: kjsd__advperagentrankweighted__M4__L10__eps0p01__g0p0005__ds0p4__dm0p05
Problem: NK
Kernel: jsd
Advantage: peragentrankweighted
M: 4
lambda: 10
epsilon_svgd: 0.01
gamma: 0.0005
decay_start_ratio: 0.4
decay_min_factor: 0.05
bandwith_kernel: None
no_interact: False
avg_score: 0.7310181260108948
median_score: 0.7309882640838623
std_score: 0.008806407451629639
percentiles: 2%=0.7144525647163391, 5%=0.7167354226112366, 10%=0.717947244644165, 25%=0.7243030071258545, 50%=0.7309882640838623, 75%=0.7373600602149963, 90%=0.7425429224967957, 95%=0.7446633577346802, 98%=0.7472611665725708
ranking_best_algo: PBIL
ranking_best_score: 0.7248786399609374
ranking_my_rank: 1/504 (100.0%)
ranking_my_percent: 100.0
