ConfigName: kjsd__advperagentrankweighted__M5__L10__eps0p008__g0p0005__ds0p05__dm0p05
Problem: QUBO
Kernel: jsd
Advantage: peragentrankweighted
M: 5
lambda: 10
epsilon_svgd: 0.008
gamma: 0.0005
decay_start_ratio: 0.05
decay_min_factor: 0.05
bandwith_kernel: None
no_interact: False
avg_score: -428.67999267578125
median_score: -426.5
std_score: 25.696256637573242
percentiles: 2%=-477.0400085449219, 5%=-473.1000061035156, 10%=-463.0, 25%=-449.25, 50%=-426.5, 75%=-411.0, 90%=-396.0, 95%=-382.95001220703125, 98%=-380.0
ranking_best_algo: CMAL3
ranking_best_score: 435.36
ranking_my_rank: 15/504 (97.2%)
ranking_my_percent: 97.22222222222223
