ConfigName: kjsd__advperagentrankweighted__M3__L18__eps0p005__g0p001__ds0p2__dm0p1
Problem: NK
Kernel: jsd
Advantage: peragentrankweighted
M: 3
lambda: 18
epsilon_svgd: 0.005
gamma: 0.001
decay_start_ratio: 0.2
decay_min_factor: 0.1
bandwith_kernel: None
no_interact: False
avg_score: 0.7445105910301208
median_score: 0.7419590950012207
std_score: 0.02751297317445278
percentiles: 2%=0.7053775191307068, 5%=0.7095091342926025, 10%=0.712252140045166, 25%=0.7233263850212097, 50%=0.7419590950012207, 75%=0.7580187320709229, 90%=0.7783373594284058, 95%=0.8044763803482056, 98%=0.8118547797203064
ranking_best_algo: CMApara
ranking_best_score: 0.7459277895312499
ranking_my_rank: 3/504 (99.6%)
ranking_my_percent: 99.60317460317461
