ConfigName: kjsd__advperagentrankweighted__M4__L12__eps0p005__g0p0007__ds0p2__dm0p2
Problem: QUBO
Kernel: jsd
Advantage: peragentrankweighted
M: 4
lambda: 12
epsilon_svgd: 0.005
gamma: 0.0007
decay_start_ratio: 0.2
decay_min_factor: 0.2
bandwith_kernel: None
no_interact: False
avg_score: -332.29998779296875
median_score: -339.5
std_score: 20.155147552490234
percentiles: 2%=-372.0, 5%=-361.3500061035156, 10%=-354.1000061035156, 25%=-343.75, 50%=-339.5, 75%=-319.5, 90%=-304.0, 95%=-296.0, 98%=-290.82000732421875
ranking_best_algo: CMApara
ranking_best_score: 344.22
ranking_my_rank: 72/504 (85.9%)
ranking_my_percent: 85.91269841269842
