ConfigName: kjsd__advperagentrankweighted__M3__L18__eps0p007__g0p003__ds0p05__dm0p2
Problem: QUBO
Kernel: jsd
Advantage: peragentrankweighted
M: 3
lambda: 18
epsilon_svgd: 0.007
gamma: 0.003
decay_start_ratio: 0.05
decay_min_factor: 0.2
bandwith_kernel: None
no_interact: False
avg_score: -922.02001953125
median_score: -918.5
std_score: 68.18460083007812
percentiles: 2%=-1070.0, 5%=-1042.1500244140625, 10%=-1010.0, 25%=-971.5, 50%=-918.5, 75%=-876.0, 90%=-832.9000244140625, 95%=-804.7999877929688, 98%=-794.5599975585938
ranking_best_algo: CMApara
ranking_best_score: 964.9
ranking_my_rank: 51/504 (90.1%)
ranking_my_percent: 90.07936507936508
