ConfigName: kjsd__advperagentrankweighted__M5__L8__eps0p005__g0p003__ds0p05__dm0p05
Problem: NK
Kernel: jsd
Advantage: peragentrankweighted
M: 5
lambda: 8
epsilon_svgd: 0.005
gamma: 0.003
decay_start_ratio: 0.05
decay_min_factor: 0.05
bandwith_kernel: None
no_interact: False
avg_score: 0.7348962426185608
median_score: 0.736542284488678
std_score: 0.009532610885798931
percentiles: 2%=0.7149097919464111, 5%=0.7175933122634888, 10%=0.7198219299316406, 25%=0.7290197610855103, 50%=0.736542284488678, 75%=0.7411594986915588, 90%=0.746441662311554, 95%=0.7486763596534729, 98%=0.7501025795936584
ranking_best_algo: PBIL
ranking_best_score: 0.730509098125
ranking_my_rank: 1/504 (100.0%)
ranking_my_percent: 100.0
