ConfigName: kjsd__advperagentrankweighted__M3__L20__eps0p007__g0p003__ds0p1__dm0p05
Problem: NK
Kernel: jsd
Advantage: peragentrankweighted
M: 3
lambda: 20
epsilon_svgd: 0.007
gamma: 0.003
decay_start_ratio: 0.1
decay_min_factor: 0.05
bandwith_kernel: None
no_interact: False
avg_score: 0.7446513175964355
median_score: 0.7422001957893372
std_score: 0.02834981307387352
percentiles: 2%=0.7002478241920471, 5%=0.7073050141334534, 10%=0.7116901278495789, 25%=0.7199076414108276, 50%=0.7422001957893372, 75%=0.7580187320709229, 90%=0.7779470086097717, 95%=0.80454421043396, 98%=0.8109671473503113
ranking_best_algo: CMApara
ranking_best_score: 0.7459277895312499
ranking_my_rank: 3/504 (99.6%)
ranking_my_percent: 99.60317460317461
