ConfigName: kfr__advglobalrankweighted__M4__L24__eps0p01__g0p001__ds0p01__dm0p01
Problem: QUBO
Kernel: fr
Advantage: globalrankweighted
M: 4
lambda: 24
epsilon_svgd: 0.01
gamma: 0.001
decay_start_ratio: 0.01
decay_min_factor: 0.01
bandwith_kernel: None
no_interact: False
avg_score: -413.1199951171875
median_score: -410.0
std_score: 24.356224060058594
percentiles: 2%=-461.1199951171875, 5%=-453.1000061035156, 10%=-448.20001220703125, 25%=-430.0, 50%=-410.0, 75%=-396.75, 90%=-382.70001220703125, 95%=-371.8999938964844, 98%=-366.0
ranking_best_algo: Tabu
ranking_best_score: 438.12
ranking_my_rank: 59/504 (88.5%)
ranking_my_percent: 88.4920634920635
