ConfigName: krbf__advnormalizedfitness__M2__L8__eps0p025__g0p01__ds0p15__dm0p01
Problem: NK
Kernel: rbf
Advantage: normalizedfitness
M: 2
lambda: 8
epsilon_svgd: 0.025
gamma: 0.01
decay_start_ratio: 0.15
decay_min_factor: 0.01
bandwith_kernel: None
no_interact: False
avg_score: 0.7242744565010071
median_score: 0.7239474058151245
std_score: 0.007973556406795979
percentiles: 2%=0.7086509466171265, 5%=0.7120048999786377, 10%=0.7133867144584656, 25%=0.7194514274597168, 50%=0.7239474058151245, 75%=0.7291920781135559, 90%=0.735365629196167, 95%=0.7388877868652344, 98%=0.7419925928115845
ranking_best_algo: PBIL
ranking_best_score: 0.7170882103515624
ranking_my_rank: 1/504 (100.0%)
ranking_my_percent: 100.0
