ConfigName: krbf__advnormalizedfitness__M4__L15__eps0p01__g0p002__ds0p05__dm0p05
Problem: QUBO
Kernel: rbf
Advantage: normalizedfitness
M: 4
lambda: 15
epsilon_svgd: 0.01
gamma: 0.002
decay_start_ratio: 0.05
decay_min_factor: 0.05
bandwith_kernel: None
no_interact: False
avg_score: -3043.179931640625
median_score: -3056.5
std_score: 210.52012634277344
percentiles: 2%=-3420.8798828125, 5%=-3382.39990234375, 10%=-3332.800048828125, 25%=-3200.0, 50%=-3056.5, 75%=-2875.75, 90%=-2775.0, 95%=-2731.35009765625, 98%=-2584.919921875
ranking_best_algo: RLSOnePlusOne
ranking_best_score: 3316.5199999999995
ranking_my_rank: 93/504 (81.7%)
ranking_my_percent: 81.74603174603175
