ConfigName: kfr__advglobalrankweighted__M2__L9__eps0p01__g0p003__ds0p01__dm0p01
Problem: QUBO
Kernel: fr
Advantage: globalrankweighted
M: 2
lambda: 9
epsilon_svgd: 0.01
gamma: 0.003
decay_start_ratio: 0.01
decay_min_factor: 0.01
bandwith_kernel: None
no_interact: False
avg_score: -927.1199951171875
median_score: -923.5
std_score: 73.43218231201172
percentiles: 2%=-1072.0400390625, 5%=-1063.25, 10%=-1043.0999755859375, 25%=-974.75, 50%=-923.5, 75%=-878.5, 90%=-834.7999877929688, 95%=-812.9500122070312, 98%=-802.679931640625
ranking_best_algo: CMApara
ranking_best_score: 964.9
ranking_my_rank: 21/504 (96.0%)
ranking_my_percent: 96.03174603174604
