ConfigName: krbf__advnormalizedfitness__M1__L10__eps0p015__g0p01__ds0p01__dm0p01
Problem: QUBO
Kernel: rbf
Advantage: normalizedfitness
M: 1
lambda: 10
epsilon_svgd: 0.015
gamma: 0.01
decay_start_ratio: 0.01
decay_min_factor: 0.01
bandwith_kernel: None
no_interact: False
avg_score: -191.60000610351562
median_score: -191.5
std_score: 12.401613235473633
percentiles: 2%=-218.0, 5%=-212.0500030517578, 10%=-208.10000610351562, 25%=-199.5, 50%=-191.5, 75%=-182.75, 90%=-175.89999389648438, 95%=-171.95001220703125, 98%=-168.97999572753906
ranking_best_algo: Tabu
ranking_best_score: 208.36000000000004
ranking_my_rank: 232/504 (54.2%)
ranking_my_percent: 54.166666666666664
