ConfigName: kjsd__advperagentrankweighted__M3__L18__eps0p005__g0p0005__ds0p05__dm0p2
Problem: QUBO
Kernel: jsd
Advantage: peragentrankweighted
M: 3
lambda: 18
epsilon_svgd: 0.005
gamma: 0.0005
decay_start_ratio: 0.05
decay_min_factor: 0.2
bandwith_kernel: None
no_interact: False
avg_score: -1616.760009765625
median_score: -1611.0
std_score: 70.73812866210938
percentiles: 2%=-1776.0799560546875, 5%=-1727.1500244140625, 10%=-1712.199951171875, 25%=-1666.0, 50%=-1611.0, 75%=-1565.0, 90%=-1526.800048828125, 95%=-1508.9000244140625, 98%=-1488.9200439453125
ranking_best_algo: NLOPT_LN_PRAXIS
ranking_best_score: 1607.12
ranking_my_rank: 1/504 (100.0%)
ranking_my_percent: 100.0
