ConfigName: kjsd__advperagentrankweighted__M3__L18__eps0p005__g0p0007__ds0p2__dm0p05
Problem: NK
Kernel: jsd
Advantage: peragentrankweighted
M: 3
lambda: 18
epsilon_svgd: 0.005
gamma: 0.0007
decay_start_ratio: 0.2
decay_min_factor: 0.05
bandwith_kernel: None
no_interact: False
avg_score: 0.7347199320793152
median_score: 0.7348390817642212
std_score: 0.009589054621756077
percentiles: 2%=0.717149019241333, 5%=0.7183839082717896, 10%=0.7231629490852356, 25%=0.7275800704956055, 50%=0.7348390817642212, 75%=0.7404323220252991, 90%=0.7478308081626892, 95%=0.7516719102859497, 98%=0.7540446519851685
ranking_best_algo: Tabu
ranking_best_score: 0.7429702712499999
ranking_my_rank: 2/504 (99.8%)
ranking_my_percent: 99.8015873015873
