ConfigName: krbf__advnormalizedfitness__M3__L10__eps0p033__g0p007__ds0p3__dm0p3
Problem: QUBO
Kernel: rbf
Advantage: normalizedfitness
M: 3
lambda: 10
epsilon_svgd: 0.033
gamma: 0.007
decay_start_ratio: 0.3
decay_min_factor: 0.3
bandwith_kernel: None
no_interact: False
avg_score: -308.82000732421875
median_score: -305.0
std_score: 38.98470687866211
percentiles: 2%=-394.0, 5%=-382.29998779296875, 10%=-356.1999816894531, 25%=-332.0, 50%=-305.0, 75%=-273.75, 90%=-263.8999938964844, 95%=-259.95001220703125, 98%=-254.97999572753906
ranking_best_algo: CMApara
ranking_best_score: 319.29999999999995
ranking_my_rank: 86/504 (83.1%)
ranking_my_percent: 83.13492063492063
