ConfigName: kjsd__advperagentrankweighted__M3__L20__eps0p007__g0p0005__ds0p05__dm0p1
Problem: QUBO
Kernel: jsd
Advantage: peragentrankweighted
M: 3
lambda: 20
epsilon_svgd: 0.007
gamma: 0.0005
decay_start_ratio: 0.05
decay_min_factor: 0.1
bandwith_kernel: None
no_interact: False
avg_score: -1194.5999755859375
median_score: -1199.5
std_score: 58.411128997802734
percentiles: 2%=-1323.1600341796875, 5%=-1285.5, 10%=-1257.0999755859375, 25%=-1231.0, 50%=-1199.5, 75%=-1156.25, 90%=-1121.800048828125, 95%=-1095.9000244140625, 98%=-1078.43994140625
ranking_best_algo: Tabu
ranking_best_score: 1216.16
ranking_my_rank: 48/504 (90.7%)
ranking_my_percent: 90.67460317460318
