ConfigName: krbf__advnormalizedfitness__M2__L10__eps0p015__g0p015__ds0p3__dm0p01
Problem: QUBO
Kernel: rbf
Advantage: normalizedfitness
M: 2
lambda: 10
epsilon_svgd: 0.015
gamma: 0.015
decay_start_ratio: 0.3
decay_min_factor: 0.01
bandwith_kernel: None
no_interact: False
avg_score: -2436.97998046875
median_score: -2444.0
std_score: 160.77113342285156
percentiles: 2%=-2741.02001953125, 5%=-2724.199951171875, 10%=-2656.0, 25%=-2558.25, 50%=-2444.0, 75%=-2317.0, 90%=-2219.800048828125, 95%=-2183.60009765625, 98%=-2145.840087890625
ranking_best_algo: SVM1MetaModelLogNormal
ranking_best_score: 2605.14
ranking_my_rank: 89/504 (82.5%)
ranking_my_percent: 82.53968253968254
