ConfigName: kjsd__advperagentrankweighted__M6__L12__eps0p005__g0p0005__ds0p05__dm0p05
Problem: NK
Kernel: jsd
Advantage: peragentrankweighted
M: 6
lambda: 12
epsilon_svgd: 0.005
gamma: 0.0005
decay_start_ratio: 0.05
decay_min_factor: 0.05
bandwith_kernel: None
no_interact: False
avg_score: 0.7451411485671997
median_score: 0.7440698146820068
std_score: 0.014184852130711079
percentiles: 2%=0.7152537107467651, 5%=0.723121702671051, 10%=0.7277278900146484, 25%=0.7362505197525024, 50%=0.7440698146820068, 75%=0.7544541358947754, 90%=0.7644566893577576, 95%=0.7691301107406616, 98%=0.7708051800727844
ranking_best_algo: Tabu
ranking_best_score: 0.7601875690625
ranking_my_rank: 5/504 (99.2%)
ranking_my_percent: 99.2063492063492
