ConfigName: kfr__advglobalrankweighted__M6__L9__eps0p015__g0p003__ds0p01__dm0p01
Problem: QUBO
Kernel: fr
Advantage: globalrankweighted
M: 6
lambda: 9
epsilon_svgd: 0.015
gamma: 0.003
decay_start_ratio: 0.01
decay_min_factor: 0.01
bandwith_kernel: None
no_interact: False
avg_score: -2368.080078125
median_score: -2375.5
std_score: 155.35531616210938
percentiles: 2%=-2654.179931640625, 5%=-2593.699951171875, 10%=-2567.10009765625, 25%=-2480.75, 50%=-2375.5, 75%=-2263.5, 90%=-2164.89990234375, 95%=-2118.500244140625, 98%=-2076.259765625
ranking_best_algo: SVM1MetaModelLogNormal
ranking_best_score: 2605.14
ranking_my_rank: 132/504 (74.0%)
ranking_my_percent: 74.0079365079365
