ConfigName: kfr__advglobalrankweighted__M2__L11__eps0p02__g0p007__ds0p01__dm0p01
Problem: NK
Kernel: fr
Advantage: globalrankweighted
M: 2
lambda: 11
epsilon_svgd: 0.02
gamma: 0.007
decay_start_ratio: 0.01
decay_min_factor: 0.01
bandwith_kernel: None
no_interact: False
avg_score: 0.737266480922699
median_score: 0.7368795871734619
std_score: 0.013578193262219429
percentiles: 2%=0.7092487215995789, 5%=0.7173507213592529, 10%=0.7208743095397949, 25%=0.7279857397079468, 50%=0.7368795871734619, 75%=0.7456390261650085, 90%=0.7525472640991211, 95%=0.7648472785949707, 98%=0.7703027725219727
ranking_best_algo: Tabu
ranking_best_score: 0.7601875690625
ranking_my_rank: 20/504 (96.2%)
ranking_my_percent: 96.23015873015873
