ConfigName: krbf__advnormalizedfitness__M4__L12__eps0p033__g0p005__ds0p3__dm0p3
Problem: NK
Kernel: rbf
Advantage: normalizedfitness
M: 4
lambda: 12
epsilon_svgd: 0.033
gamma: 0.005
decay_start_ratio: 0.3
decay_min_factor: 0.3
bandwith_kernel: None
no_interact: False
avg_score: 0.745465874671936
median_score: 0.7423104643821716
std_score: 0.027573831379413605
percentiles: 2%=0.7060514688491821, 5%=0.7099310755729675, 10%=0.7115333676338196, 25%=0.7232222557067871, 50%=0.7423104643821716, 75%=0.7602748870849609, 90%=0.778337299823761, 95%=0.8044298887252808, 98%=0.804578423500061
ranking_best_algo: CMApara
ranking_best_score: 0.7459277895312499
ranking_my_rank: 2/504 (99.8%)
ranking_my_percent: 99.8015873015873
