ConfigName: kjsd__advperagentrankweighted__M3__L30__eps0p007__g0p0005__ds0p2__dm0p2
Problem: QUBO
Kernel: jsd
Advantage: peragentrankweighted
M: 3
lambda: 30
epsilon_svgd: 0.007
gamma: 0.0005
decay_start_ratio: 0.2
decay_min_factor: 0.2
bandwith_kernel: None
no_interact: False
avg_score: -579.1799926757812
median_score: -581.5
std_score: 26.69321060180664
percentiles: 2%=-632.0599975585938, 5%=-624.0499877929688, 10%=-615.0, 25%=-597.0, 50%=-581.5, 75%=-560.75, 90%=-540.9000244140625, 95%=-534.0, 98%=-532.97998046875
ranking_best_algo: Tabu
ranking_best_score: 588.7199999999999
ranking_my_rank: 41/503 (92.0%)
ranking_my_percent: 92.04771371769384
