ConfigName: kjsd__advperagentrankweighted__M5__L28__eps0p008__g0p0005__ds0p05__dm0p05
Problem: QUBO
Kernel: jsd
Advantage: peragentrankweighted
M: 5
lambda: 28
epsilon_svgd: 0.008
gamma: 0.0005
decay_start_ratio: 0.05
decay_min_factor: 0.05
bandwith_kernel: None
no_interact: False
avg_score: -417.3800048828125
median_score: -416.0
std_score: 23.442174911499023
percentiles: 2%=-475.0400085449219, 5%=-457.0, 10%=-452.0, 25%=-428.0, 50%=-416.0, 75%=-400.75, 90%=-389.79998779296875, 95%=-383.95001220703125, 98%=-381.7200012207031
ranking_best_algo: Tabu
ranking_best_score: 438.12
ranking_my_rank: 41/504 (92.1%)
ranking_my_percent: 92.06349206349206
