ConfigName: kjsd__advperagentrankweighted__M3__L20__eps0p005__g0p0005__ds0p1__dm0p05
Problem: NK
Kernel: jsd
Advantage: peragentrankweighted
M: 3
lambda: 20
epsilon_svgd: 0.005
gamma: 0.0005
decay_start_ratio: 0.1
decay_min_factor: 0.05
bandwith_kernel: None
no_interact: False
avg_score: 0.7420189380645752
median_score: 0.7412875890731812
std_score: 0.016278592869639397
percentiles: 2%=0.7105498909950256, 5%=0.7171269655227661, 10%=0.7224724292755127, 25%=0.7320973873138428, 50%=0.7412875890731812, 75%=0.7520375847816467, 90%=0.7642071843147278, 95%=0.7678496837615967, 98%=0.7739851474761963
ranking_best_algo: Tabu
ranking_best_score: 0.7601875690625
ranking_my_rank: 12/504 (97.8%)
ranking_my_percent: 97.81746031746032
