ConfigName: krbf__advnormalizedfitness__M3__L8__eps0p015__g0p01__ds0p15__dm0p01
Problem: QUBO
Kernel: rbf
Advantage: normalizedfitness
M: 3
lambda: 8
epsilon_svgd: 0.015
gamma: 0.01
decay_start_ratio: 0.15
decay_min_factor: 0.01
bandwith_kernel: None
no_interact: False
avg_score: -139.75999450683594
median_score: -141.0
std_score: 11.498800277709961
percentiles: 2%=-159.02000427246094, 5%=-158.0, 10%=-156.10000610351562, 25%=-146.75, 50%=-141.0, 75%=-131.0, 90%=-125.0, 95%=-118.90000915527344, 98%=-114.95999145507812
ranking_best_algo: DiscreteDE
ranking_best_score: 143.4
ranking_my_rank: 83/504 (83.7%)
ranking_my_percent: 83.73015873015873
