ConfigName: kjsd__advperagentrankweighted__M3__L20__eps0p007__g0p0005__ds0p05__dm0p2
Problem: NK
Kernel: jsd
Advantage: peragentrankweighted
M: 3
lambda: 20
epsilon_svgd: 0.007
gamma: 0.0005
decay_start_ratio: 0.05
decay_min_factor: 0.2
bandwith_kernel: None
no_interact: False
avg_score: 0.7110550403594971
median_score: 0.6985580325126648
std_score: 0.03130941092967987
percentiles: 2%=0.6734376549720764, 5%=0.6736592054367065, 10%=0.6775393486022949, 25%=0.6828523874282837, 50%=0.6985580325126648, 75%=0.7468891739845276, 90%=0.7525893449783325, 95%=0.7613165378570557, 98%=0.7613165378570557
ranking_best_algo: CMApara
ranking_best_score: 0.7118996098437498
ranking_my_rank: 7/504 (98.8%)
ranking_my_percent: 98.80952380952381
