ConfigName: kjsd__advperagentrankweighted__M3__L20__eps0p005__g0p001__ds0p1__dm0p2
Problem: NK
Kernel: jsd
Advantage: peragentrankweighted
M: 3
lambda: 20
epsilon_svgd: 0.005
gamma: 0.001
decay_start_ratio: 0.1
decay_min_factor: 0.2
bandwith_kernel: None
no_interact: False
avg_score: 0.7573767304420471
median_score: 0.757900059223175
std_score: 0.011917958036065102
percentiles: 2%=0.7348644137382507, 5%=0.7387802004814148, 10%=0.741928219795227, 25%=0.7475333213806152, 50%=0.757900059223175, 75%=0.7679483294487, 90%=0.7722916007041931, 95%=0.7744417786598206, 98%=0.7791194915771484
ranking_best_algo: Tabu
ranking_best_score: 0.7470791764843752
ranking_my_rank: 1/504 (100.0%)
ranking_my_percent: 100.0
