ConfigName: krbf__advnormalizedfitness__M3__L8__eps0p03__g0p01__ds0p05__dm0p05
Problem: NK
Kernel: rbf
Advantage: normalizedfitness
M: 3
lambda: 8
epsilon_svgd: 0.03
gamma: 0.01
decay_start_ratio: 0.05
decay_min_factor: 0.05
bandwith_kernel: None
no_interact: False
avg_score: 0.7075505256652832
median_score: 0.7106200456619263
std_score: 0.011709438636898994
percentiles: 2%=0.6888105273246765, 5%=0.6894599795341492, 10%=0.6929832696914673, 25%=0.6960713863372803, 50%=0.7106200456619263, 75%=0.7175861597061157, 90%=0.7216336727142334, 95%=0.7230785489082336, 98%=0.7235370874404907
ranking_best_algo: PBIL
ranking_best_score: 0.7013553837109374
ranking_my_rank: 1/504 (100.0%)
ranking_my_percent: 100.0
