ConfigName: kjsd__advperagentrankweighted__M5__L8__eps0p03__g0p0003__ds0p2__dm0p05
Problem: QUBO
Kernel: jsd
Advantage: peragentrankweighted
M: 5
lambda: 8
epsilon_svgd: 0.03
gamma: 0.0003
decay_start_ratio: 0.2
decay_min_factor: 0.05
bandwith_kernel: None
no_interact: False
avg_score: -429.0400085449219
median_score: -429.0
std_score: 27.134450912475586
percentiles: 2%=-475.0799865722656, 5%=-471.0, 10%=-465.0, 25%=-451.25, 50%=-429.0, 75%=-410.5, 90%=-395.70001220703125, 95%=-381.8999938964844, 98%=-373.79998779296875
ranking_best_algo: CMApara
ranking_best_score: 453.82
ranking_my_rank: 92/504 (81.9%)
ranking_my_percent: 81.94444444444444
