ConfigName: kfr__advglobalrankweighted__M6__L11__eps0p015__g0p005__ds0p01__dm0p01
Problem: QUBO
Kernel: fr
Advantage: globalrankweighted
M: 6
lambda: 11
epsilon_svgd: 0.015
gamma: 0.005
decay_start_ratio: 0.01
decay_min_factor: 0.01
bandwith_kernel: None
no_interact: False
avg_score: -2689.260009765625
median_score: -2693.0
std_score: 181.5814208984375
percentiles: 2%=-3068.419921875, 5%=-2976.35009765625, 10%=-2938.0, 25%=-2789.0, 50%=-2693.0, 75%=-2577.0, 90%=-2464.10009765625, 95%=-2402.7001953125, 98%=-2310.419921875
ranking_best_algo: RLSOnePlusOne
ranking_best_score: 3316.5199999999995
ranking_my_rank: 193/504 (61.9%)
ranking_my_percent: 61.904761904761905
