ConfigName: kjsd__advperagentrankweighted__M4__L12__eps0p005__g0p0007__ds0p2__dm0p05
Problem: NK
Kernel: jsd
Advantage: peragentrankweighted
M: 4
lambda: 12
epsilon_svgd: 0.005
gamma: 0.0007
decay_start_ratio: 0.2
decay_min_factor: 0.05
bandwith_kernel: None
no_interact: False
avg_score: 0.7131073474884033
median_score: 0.7117207050323486
std_score: 0.00858200341463089
percentiles: 2%=0.6985582113265991, 5%=0.7015385031700134, 10%=0.7026412487030029, 25%=0.7075018286705017, 50%=0.7117207050323486, 75%=0.7191154956817627, 90%=0.7242519855499268, 95%=0.7266133427619934, 98%=0.7310481667518616
ranking_best_algo: PBIL
ranking_best_score: 0.7170882103515624
ranking_my_rank: 42/504 (91.9%)
ranking_my_percent: 91.86507936507937
