ConfigName: kjsd__advperagentrankweighted__M3__L16__eps0p01__g0p0007__ds0p2__dm0p05
Problem: QUBO
Kernel: jsd
Advantage: peragentrankweighted
M: 3
lambda: 16
epsilon_svgd: 0.01
gamma: 0.0007
decay_start_ratio: 0.2
decay_min_factor: 0.05
bandwith_kernel: None
no_interact: False
avg_score: -2640.639892578125
median_score: -2666.0
std_score: 137.9393768310547
percentiles: 2%=-2882.3798828125, 5%=-2799.449951171875, 10%=-2791.10009765625, 25%=-2727.0, 50%=-2666.0, 75%=-2573.75, 90%=-2442.10009765625, 95%=-2366.14990234375, 98%=-2347.56005859375
ranking_best_algo: DiscreteLengler2OnePlusOne
ranking_best_score: 2617.04
ranking_my_rank: 1/504 (100.0%)
ranking_my_percent: 100.0
