ConfigName: krbf__advnormalizedfitness__M4__L12__eps0p025__g0p005__ds0p15__dm0p01
Problem: QUBO
Kernel: rbf
Advantage: normalizedfitness
M: 4
lambda: 12
epsilon_svgd: 0.025
gamma: 0.005
decay_start_ratio: 0.15
decay_min_factor: 0.01
bandwith_kernel: None
no_interact: False
avg_score: -1243.5799560546875
median_score: -1235.5
std_score: 74.01731872558594
percentiles: 2%=-1402.3399658203125, 5%=-1374.0999755859375, 10%=-1343.0999755859375, 25%=-1287.75, 50%=-1235.5, 75%=-1199.0, 90%=-1143.9000244140625, 95%=-1129.949951171875, 98%=-1122.919921875
ranking_best_algo: BigLognormalDiscreteOnePlusOne
ranking_best_score: 1301.3600000000004
ranking_my_rank: 57/504 (88.9%)
ranking_my_percent: 88.88888888888889
