ConfigName: kjsd__advperagentrankweighted__M3__L24__eps0p005__g0p0005__ds0p2__dm0p05
Problem: NK
Kernel: jsd
Advantage: peragentrankweighted
M: 3
lambda: 24
epsilon_svgd: 0.005
gamma: 0.0005
decay_start_ratio: 0.2
decay_min_factor: 0.05
bandwith_kernel: None
no_interact: False
avg_score: 0.7322077751159668
median_score: 0.7332714200019836
std_score: 0.010668997652828693
percentiles: 2%=0.7146732807159424, 5%=0.7169741988182068, 10%=0.7182912230491638, 25%=0.7239410877227783, 50%=0.7332714200019836, 75%=0.7400851249694824, 90%=0.7443197965621948, 95%=0.7477371096611023, 98%=0.7554293274879456
ranking_best_algo: Tabu
ranking_best_score: 0.7429702712499999
ranking_my_rank: 2/504 (99.8%)
ranking_my_percent: 99.8015873015873
