ConfigName: kjsd__advperagentrankweighted__M3__L16__eps0p007__g0p0005__ds0p05__dm0p2
Problem: NK
Kernel: jsd
Advantage: peragentrankweighted
M: 3
lambda: 16
epsilon_svgd: 0.007
gamma: 0.0005
decay_start_ratio: 0.05
decay_min_factor: 0.2
bandwith_kernel: None
no_interact: False
avg_score: 0.7358419299125671
median_score: 0.7380366325378418
std_score: 0.009277346543967724
percentiles: 2%=0.7153589725494385, 5%=0.7187707424163818, 10%=0.7219355702400208, 25%=0.7298641204833984, 50%=0.7380366325378418, 75%=0.7439724206924438, 90%=0.7461386322975159, 95%=0.7479362487792969, 98%=0.7482050061225891
ranking_best_algo: PBIL
ranking_best_score: 0.730509098125
ranking_my_rank: 1/504 (100.0%)
ranking_my_percent: 100.0
