ConfigName: krbf__advnormalizedfitness__M4__L12__eps0p025__g0p01__ds0p3__dm0p01
Problem: NK
Kernel: rbf
Advantage: normalizedfitness
M: 4
lambda: 12
epsilon_svgd: 0.025
gamma: 0.01
decay_start_ratio: 0.3
decay_min_factor: 0.01
bandwith_kernel: None
no_interact: False
avg_score: 0.6909862756729126
median_score: 0.6910195350646973
std_score: 0.015637150034308434
percentiles: 2%=0.6606678366661072, 5%=0.6676047444343567, 10%=0.6719692349433899, 25%=0.679943323135376, 50%=0.6910195350646973, 75%=0.7011376619338989, 90%=0.7135026454925537, 95%=0.7156906127929688, 98%=0.7211756706237793
ranking_best_algo: PBIL
ranking_best_score: 0.733570253046875
ranking_my_rank: 176/504 (65.3%)
ranking_my_percent: 65.27777777777777
