ConfigName: krbf__advnormalizedfitness__M4__L8__eps0p015__g0p015__ds0p15__dm0p3
Problem: NK
Kernel: rbf
Advantage: normalizedfitness
M: 4
lambda: 8
epsilon_svgd: 0.015
gamma: 0.015
decay_start_ratio: 0.15
decay_min_factor: 0.3
bandwith_kernel: None
no_interact: False
avg_score: 0.6561294794082642
median_score: 0.6590417623519897
std_score: 0.011974197812378407
percentiles: 2%=0.6311352252960205, 5%=0.636810302734375, 10%=0.638140857219696, 25%=0.6469554901123047, 50%=0.6590417623519897, 75%=0.6660423278808594, 90%=0.6704212427139282, 95%=0.6725661754608154, 98%=0.6732417345046997
ranking_best_algo: PBIL
ranking_best_score: 0.7013553837109374
ranking_my_rank: 229/504 (54.8%)
ranking_my_percent: 54.76190476190476
