ConfigName: krbf__advnormalizedfitness__M4__L10__eps0p015__g0p01__ds0p15__dm0p01
Problem: QUBO
Kernel: rbf
Advantage: normalizedfitness
M: 4
lambda: 10
epsilon_svgd: 0.015
gamma: 0.01
decay_start_ratio: 0.15
decay_min_factor: 0.01
bandwith_kernel: None
no_interact: False
avg_score: -200.13999938964844
median_score: -199.0
std_score: 11.748208045959473
percentiles: 2%=-224.0, 5%=-222.0, 10%=-217.10000610351562, 25%=-206.25, 50%=-199.0, 75%=-192.0, 90%=-185.0, 95%=-180.90000915527344, 98%=-177.95999145507812
ranking_best_algo: Tabu
ranking_best_score: 208.36000000000004
ranking_my_rank: 52/504 (89.9%)
ranking_my_percent: 89.88095238095238
