ConfigName: kfr__advglobalrankweighted__M6__L8__eps0p015__g0p003__ds0p01__dm0p01
Problem: QUBO
Kernel: fr
Advantage: globalrankweighted
M: 6
lambda: 8
epsilon_svgd: 0.015
gamma: 0.003
decay_start_ratio: 0.01
decay_min_factor: 0.01
bandwith_kernel: None
no_interact: False
avg_score: -430.29998779296875
median_score: -431.5
std_score: 29.307849884033203
percentiles: 2%=-481.0, 5%=-477.1000061035156, 10%=-470.29998779296875, 25%=-448.0, 50%=-431.5, 75%=-414.25, 90%=-394.4000244140625, 95%=-373.9000244140625, 98%=-361.91998291015625
ranking_best_algo: CMAL3
ranking_best_score: 435.36
ranking_my_rank: 8/504 (98.6%)
ranking_my_percent: 98.61111111111111
