ConfigName: krbf__advnormalizedfitness__M4__L10__eps0p015__g0p005__ds0p01__dm0p3
Problem: QUBO
Kernel: rbf
Advantage: normalizedfitness
M: 4
lambda: 10
epsilon_svgd: 0.015
gamma: 0.005
decay_start_ratio: 0.01
decay_min_factor: 0.3
bandwith_kernel: None
no_interact: False
avg_score: -547.0800170898438
median_score: -551.0
std_score: 38.338932037353516
percentiles: 2%=-615.0399780273438, 5%=-613.0999755859375, 10%=-603.4000244140625, 25%=-571.0, 50%=-551.0, 75%=-519.75, 90%=-497.70001220703125, 95%=-482.9000244140625, 98%=-476.9599914550781
ranking_best_algo: Tabu
ranking_best_score: 588.7199999999999
ranking_my_rank: 154/503 (69.6%)
ranking_my_percent: 69.58250497017893
