ConfigName: kjsd__advperagentrankweighted__M3__L18__eps0p007__g0p0007__ds0p2__dm0p05
Problem: NK
Kernel: jsd
Advantage: peragentrankweighted
M: 3
lambda: 18
epsilon_svgd: 0.007
gamma: 0.0007
decay_start_ratio: 0.2
decay_min_factor: 0.05
bandwith_kernel: None
no_interact: False
avg_score: 0.7072471380233765
median_score: 0.7087007164955139
std_score: 0.011732904240489006
percentiles: 2%=0.6884468793869019, 5%=0.6893407106399536, 10%=0.6913034915924072, 25%=0.6961742043495178, 50%=0.7087007164955139, 75%=0.7171050310134888, 90%=0.7204384803771973, 95%=0.7234228849411011, 98%=0.7246301770210266
ranking_best_algo: PBIL
ranking_best_score: 0.7013553837109374
ranking_my_rank: 1/504 (100.0%)
ranking_my_percent: 100.0
