ConfigName: kjsd__advperagentrankweighted__M3__L18__eps0p01__g0p0005__ds0p2__dm0p1
Problem: QUBO
Kernel: jsd
Advantage: peragentrankweighted
M: 3
lambda: 18
epsilon_svgd: 0.01
gamma: 0.0005
decay_start_ratio: 0.2
decay_min_factor: 0.1
bandwith_kernel: None
no_interact: False
avg_score: -325.0
median_score: -327.5
std_score: 24.98719596862793
percentiles: 2%=-372.0, 5%=-357.20001220703125, 10%=-351.29998779296875, 25%=-342.25, 50%=-327.5, 75%=-308.0, 90%=-286.0, 95%=-281.8999938964844, 98%=-274.0
ranking_best_algo: CMApara
ranking_best_score: 344.22
ranking_my_rank: 121/504 (76.2%)
ranking_my_percent: 76.19047619047619
