ConfigName: kjsd__advperagentrankweighted__M4__L12__eps0p005__g0p001__ds0p1__dm0p2
Problem: NK
Kernel: jsd
Advantage: peragentrankweighted
M: 4
lambda: 12
epsilon_svgd: 0.005
gamma: 0.001
decay_start_ratio: 0.1
decay_min_factor: 0.2
bandwith_kernel: None
no_interact: False
avg_score: 0.7422276139259338
median_score: 0.7423949241638184
std_score: 0.01485186256468296
percentiles: 2%=0.7133651971817017, 5%=0.7194827795028687, 10%=0.7231760025024414, 25%=0.7322685122489929, 50%=0.7423949241638184, 75%=0.7509490251541138, 90%=0.7621604204177856, 95%=0.7660084366798401, 98%=0.7721471190452576
ranking_best_algo: Tabu
ranking_best_score: 0.7601875690625
ranking_my_rank: 11/504 (98.0%)
ranking_my_percent: 98.01587301587301
