ConfigName: krbf__advnormalizedfitness__M4__L8__eps0p015__g0p015__ds0p01__dm0p01
Problem: QUBO
Kernel: rbf
Advantage: normalizedfitness
M: 4
lambda: 8
epsilon_svgd: 0.015
gamma: 0.015
decay_start_ratio: 0.01
decay_min_factor: 0.01
bandwith_kernel: None
no_interact: False
avg_score: -1141.739990234375
median_score: -1111.0
std_score: 123.78187561035156
percentiles: 2%=-1413.52001953125, 5%=-1387.0999755859375, 10%=-1329.199951171875, 25%=-1204.25, 50%=-1111.0, 75%=-1049.75, 90%=-1005.0, 95%=-994.800048828125, 98%=-981.31982421875
ranking_best_algo: NLOPT_LN_PRAXIS
ranking_best_score: 1607.12
ranking_my_rank: 282/504 (44.2%)
ranking_my_percent: 44.24603174603175
