ConfigName: krbf__advnormalizedfitness__M1__L8__eps0p025__g0p015__ds0p15__dm0p3
Problem: QUBO
Kernel: rbf
Advantage: normalizedfitness
M: 1
lambda: 8
epsilon_svgd: 0.025
gamma: 0.015
decay_start_ratio: 0.15
decay_min_factor: 0.3
bandwith_kernel: None
no_interact: False
avg_score: -141.55999755859375
median_score: -142.0
std_score: 17.620624542236328
percentiles: 2%=-179.0, 5%=-179.0, 10%=-158.0, 25%=-153.25, 50%=-142.0, 75%=-133.0, 90%=-121.0, 95%=-110.90000915527344, 98%=-106.87997436523438
ranking_best_algo: CMApara
ranking_best_score: 154.28
ranking_my_rank: 264/504 (47.8%)
ranking_my_percent: 47.817460317460316
