ConfigName: krbf__advnormalizedfitness__M2__L10__eps0p033__g0p005__ds0p01__dm0p01
Problem: QUBO
Kernel: rbf
Advantage: normalizedfitness
M: 2
lambda: 10
epsilon_svgd: 0.033
gamma: 0.005
decay_start_ratio: 0.01
decay_min_factor: 0.01
bandwith_kernel: None
no_interact: False
avg_score: -563.239990234375
median_score: -564.0
std_score: 30.151325225830078
percentiles: 2%=-627.0, 5%=-620.0499877929688, 10%=-602.0999755859375, 25%=-582.0, 50%=-564.0, 75%=-542.75, 90%=-521.5, 95%=-513.7999877929688, 98%=-505.8999938964844
ranking_best_algo: Tabu
ranking_best_score: 588.7199999999999
ranking_my_rank: 94/503 (81.5%)
ranking_my_percent: 81.51093439363817
