ConfigName: kjsd__advperagentrankweighted__M5__L8__eps0p005__g0p003__ds0p2__dm0p2
Problem: QUBO
Kernel: jsd
Advantage: peragentrankweighted
M: 5
lambda: 8
epsilon_svgd: 0.005
gamma: 0.003
decay_start_ratio: 0.2
decay_min_factor: 0.2
bandwith_kernel: None
no_interact: False
avg_score: -327.70001220703125
median_score: -331.0
std_score: 22.27801513671875
percentiles: 2%=-360.239990234375, 5%=-357.0, 10%=-350.20001220703125, 25%=-343.0, 50%=-331.0, 75%=-317.0, 90%=-292.0, 95%=-287.8999938964844, 98%=-277.79998779296875
ranking_best_algo: CMApara
ranking_best_score: 344.22
ranking_my_rank: 86/504 (83.1%)
ranking_my_percent: 83.13492063492063
