ConfigName: krbf__advnormalizedfitness__M3__L15__eps0p015__g0p007__ds0p3__dm0p3
Problem: NK
Kernel: rbf
Advantage: normalizedfitness
M: 3
lambda: 15
epsilon_svgd: 0.015
gamma: 0.007
decay_start_ratio: 0.3
decay_min_factor: 0.3
bandwith_kernel: None
no_interact: False
avg_score: 0.708187460899353
median_score: 0.7085406184196472
std_score: 0.020230820402503014
percentiles: 2%=0.6687741875648499, 5%=0.6795053482055664, 10%=0.6836206912994385, 25%=0.6934142708778381, 50%=0.7085406184196472, 75%=0.7212585210800171, 90%=0.7329817414283752, 95%=0.7429664731025696, 98%=0.7500544190406799
ranking_best_algo: Tabu
ranking_best_score: 0.7470791764843752
ranking_my_rank: 245/504 (51.6%)
ranking_my_percent: 51.58730158730159
