ConfigName: kjsd__advperagentrankweighted__M3__L20__eps0p01__g0p0005__ds0p1__dm0p1
Problem: QUBO
Kernel: jsd
Advantage: peragentrankweighted
M: 3
lambda: 20
epsilon_svgd: 0.01
gamma: 0.0005
decay_start_ratio: 0.1
decay_min_factor: 0.1
bandwith_kernel: None
no_interact: False
avg_score: -411.3399963378906
median_score: -409.0
std_score: 27.764083862304688
percentiles: 2%=-467.0799865722656, 5%=-457.0, 10%=-452.1000061035156, 25%=-432.0, 50%=-409.0, 75%=-394.0, 90%=-376.0, 95%=-372.0, 98%=-363.79998779296875
ranking_best_algo: Tabu
ranking_best_score: 438.12
ranking_my_rank: 80/504 (84.3%)
ranking_my_percent: 84.32539682539682
