ConfigName: kjsd__advperagentrankweighted__M4__L8__eps0p005__g0p0005__ds0p4__dm0p05
Problem: NK
Kernel: jsd
Advantage: peragentrankweighted
M: 4
lambda: 8
epsilon_svgd: 0.005
gamma: 0.0005
decay_start_ratio: 0.4
decay_min_factor: 0.05
bandwith_kernel: None
no_interact: False
avg_score: 0.7157048583030701
median_score: 0.7144725918769836
std_score: 0.007845818065106869
percentiles: 2%=0.7037631869316101, 5%=0.7055513262748718, 10%=0.7063313126564026, 25%=0.7107477188110352, 50%=0.7144725918769836, 75%=0.7207117080688477, 90%=0.7258835434913635, 95%=0.7284058928489685, 98%=0.733124315738678
ranking_best_algo: PBIL
ranking_best_score: 0.7170882103515624
ranking_my_rank: 37/504 (92.9%)
ranking_my_percent: 92.85714285714286
