ConfigName: krbf__advnormalizedfitness__M4__L12__eps0p033__g0p015__ds0p01__dm0p3
Problem: NK
Kernel: rbf
Advantage: normalizedfitness
M: 4
lambda: 12
epsilon_svgd: 0.033
gamma: 0.015
decay_start_ratio: 0.01
decay_min_factor: 0.3
bandwith_kernel: None
no_interact: False
avg_score: 0.6815958619117737
median_score: 0.6853052377700806
std_score: 0.012423447333276272
percentiles: 2%=0.6588026285171509, 5%=0.660988986492157, 10%=0.6643297672271729, 25%=0.6700305938720703, 50%=0.6853052377700806, 75%=0.6924542188644409, 90%=0.6966837644577026, 95%=0.6980332136154175, 98%=0.6998412013053894
ranking_best_algo: PBIL
ranking_best_score: 0.7013553837109374
ranking_my_rank: 110/504 (78.4%)
ranking_my_percent: 78.37301587301587
