ConfigName: kjsd__advperagentrankweighted__M3__L18__eps0p01__g0p003__ds0p2__dm0p05
Problem: QUBO
Kernel: jsd
Advantage: peragentrankweighted
M: 3
lambda: 18
epsilon_svgd: 0.01
gamma: 0.003
decay_start_ratio: 0.2
decay_min_factor: 0.05
bandwith_kernel: None
no_interact: False
avg_score: -1208.6800537109375
median_score: -1205.5
std_score: 68.92312622070312
percentiles: 2%=-1354.0400390625, 5%=-1328.800048828125, 10%=-1296.4000244140625, 25%=-1254.0, 50%=-1205.5, 75%=-1163.25, 90%=-1128.800048828125, 95%=-1105.1500244140625, 98%=-1061.97998046875
ranking_best_algo: SVMMetaModelLogNormal
ranking_best_score: 1233.7999999999997
ranking_my_rank: 46/504 (91.1%)
ranking_my_percent: 91.07142857142857
