ConfigName: kjsd__advperagentrankweighted__M3__L16__eps0p007__g0p003__ds0p2__dm0p05
Problem: QUBO
Kernel: jsd
Advantage: peragentrankweighted
M: 3
lambda: 16
epsilon_svgd: 0.007
gamma: 0.003
decay_start_ratio: 0.2
decay_min_factor: 0.05
bandwith_kernel: None
no_interact: False
avg_score: -1179.739990234375
median_score: -1177.5
std_score: 56.526031494140625
percentiles: 2%=-1333.0799560546875, 5%=-1267.5, 10%=-1244.0999755859375, 25%=-1210.25, 50%=-1177.5, 75%=-1137.75, 90%=-1106.699951171875, 95%=-1098.5999755859375, 98%=-1079.93994140625
ranking_best_algo: Tabu
ranking_best_score: 1216.16
ranking_my_rank: 70/504 (86.3%)
ranking_my_percent: 86.30952380952381
