ConfigName: krbf__advnormalizedfitness__M2__L10__eps0p025__g0p01__ds0p01__dm0p3
Problem: QUBO
Kernel: rbf
Advantage: normalizedfitness
M: 2
lambda: 10
epsilon_svgd: 0.025
gamma: 0.01
decay_start_ratio: 0.01
decay_min_factor: 0.3
bandwith_kernel: None
no_interact: False
avg_score: -3270.159912109375
median_score: -3269.0
std_score: 126.65154266357422
percentiles: 2%=-3498.179931640625, 5%=-3474.699951171875, 10%=-3435.800048828125, 25%=-3357.25, 50%=-3269.0, 75%=-3186.0, 90%=-3090.5, 95%=-3059.89990234375, 98%=-3024.56005859375
ranking_best_algo: RLSOnePlusOne
ranking_best_score: 3316.5199999999995
ranking_my_rank: 12/504 (97.8%)
ranking_my_percent: 97.81746031746032
