ConfigName: kjsd__advperagentrankweighted__M5__L12__eps0p02__g0p0003__ds0p2__dm0p05
Problem: QUBO
Kernel: jsd
Advantage: peragentrankweighted
M: 5
lambda: 12
epsilon_svgd: 0.02
gamma: 0.0003
decay_start_ratio: 0.2
decay_min_factor: 0.05
bandwith_kernel: None
no_interact: False
avg_score: -424.79998779296875
median_score: -420.0
std_score: 28.074186325073242
percentiles: 2%=-481.0400085449219, 5%=-479.0, 10%=-473.20001220703125, 25%=-437.0, 50%=-420.0, 75%=-407.0, 90%=-391.8999938964844, 95%=-382.95001220703125, 98%=-380.94000244140625
ranking_best_algo: CMAL3
ranking_best_score: 435.36
ranking_my_rank: 30/504 (94.2%)
ranking_my_percent: 94.24603174603175
