ConfigName: kfr__advglobalrankweighted__M4__L13__eps0p06__g0p005__ds0p01__dm0p01
Problem: QUBO
Kernel: fr
Advantage: globalrankweighted
M: 4
lambda: 13
epsilon_svgd: 0.06
gamma: 0.005
decay_start_ratio: 0.01
decay_min_factor: 0.01
bandwith_kernel: None
no_interact: False
avg_score: -1224.1199951171875
median_score: -1225.5
std_score: 60.88025665283203
percentiles: 2%=-1351.280029296875, 5%=-1313.0999755859375, 10%=-1302.0999755859375, 25%=-1271.0, 50%=-1225.5, 75%=-1174.5, 90%=-1145.0, 95%=-1134.5999755859375, 98%=-1120.9200439453125
ranking_best_algo: SVMMetaModelLogNormal
ranking_best_score: 1233.7999999999997
ranking_my_rank: 14/504 (97.4%)
ranking_my_percent: 97.42063492063492
