ConfigName: krbf__advnormalizedfitness__M1__L10__eps0p015__g0p01__ds0p3__dm0p3
Problem: NK
Kernel: rbf
Advantage: normalizedfitness
M: 1
lambda: 10
epsilon_svgd: 0.015
gamma: 0.01
decay_start_ratio: 0.3
decay_min_factor: 0.3
bandwith_kernel: None
no_interact: False
avg_score: 0.7079210877418518
median_score: 0.7101857662200928
std_score: 0.015165337361395359
percentiles: 2%=0.6696091890335083, 5%=0.6712951064109802, 10%=0.6890952587127686, 25%=0.703883945941925, 50%=0.7101857662200928, 75%=0.7164931297302246, 90%=0.7240872383117676, 95%=0.7307917475700378, 98%=0.731102466583252
ranking_best_algo: CMApara
ranking_best_score: 0.707475975
ranking_my_rank: 1/504 (100.0%)
ranking_my_percent: 100.0
