ConfigName: kfr__advglobalrankweighted__M4__L12__eps0p01__g0p005__ds0p01__dm0p01
Problem: QUBO
Kernel: fr
Advantage: globalrankweighted
M: 4
lambda: 12
epsilon_svgd: 0.01
gamma: 0.005
decay_start_ratio: 0.01
decay_min_factor: 0.01
bandwith_kernel: None
no_interact: False
avg_score: -200.27999877929688
median_score: -201.0
std_score: 13.313211441040039
percentiles: 2%=-224.0, 5%=-222.0, 10%=-219.0, 25%=-210.25, 50%=-201.0, 75%=-190.5, 90%=-181.8000030517578, 95%=-178.0, 98%=-175.95999145507812
ranking_best_algo: Tabu
ranking_best_score: 208.36000000000004
ranking_my_rank: 49/504 (90.5%)
ranking_my_percent: 90.47619047619048
