ConfigName: krbf__advnormalizedfitness__M1__L8__eps0p033__g0p01__ds0p01__dm0p01
Problem: NK
Kernel: rbf
Advantage: normalizedfitness
M: 1
lambda: 8
epsilon_svgd: 0.033
gamma: 0.01
decay_start_ratio: 0.01
decay_min_factor: 0.01
bandwith_kernel: None
no_interact: False
avg_score: 0.7035142779350281
median_score: 0.7037082314491272
std_score: 0.01603156328201294
percentiles: 2%=0.6623609662055969, 5%=0.6660345792770386, 10%=0.6899313926696777, 25%=0.6983476877212524, 50%=0.7037082314491272, 75%=0.7111412286758423, 90%=0.7228575348854065, 95%=0.729651689529419, 98%=0.7309382557868958
ranking_best_algo: CMApara
ranking_best_score: 0.707475975
ranking_my_rank: 18/504 (96.6%)
ranking_my_percent: 96.62698412698413
