ConfigName: krbf__advnormalizedfitness__M1__L8__eps0p025__g0p01__ds0p01__dm0p01
Problem: NK
Kernel: rbf
Advantage: normalizedfitness
M: 1
lambda: 8
epsilon_svgd: 0.025
gamma: 0.01
decay_start_ratio: 0.01
decay_min_factor: 0.01
bandwith_kernel: None
no_interact: False
avg_score: 0.7220072746276855
median_score: 0.7221463322639465
std_score: 0.010520515963435173
percentiles: 2%=0.7002822756767273, 5%=0.7036840915679932, 10%=0.7077999114990234, 25%=0.7159448862075806, 50%=0.7221463322639465, 75%=0.728630542755127, 90%=0.7346018552780151, 95%=0.7384809851646423, 98%=0.7440205216407776
ranking_best_algo: PBIL
ranking_best_score: 0.7170882103515624
ranking_my_rank: 1/504 (100.0%)
ranking_my_percent: 100.0
