ConfigName: kjsd__advperagentrankweighted__M6__L28__eps0p005__g0p0005__ds0p3__dm0p05
Problem: QUBO
Kernel: jsd
Advantage: peragentrankweighted
M: 6
lambda: 28
epsilon_svgd: 0.005
gamma: 0.0005
decay_start_ratio: 0.3
decay_min_factor: 0.05
bandwith_kernel: None
no_interact: False
avg_score: -1029.52001953125
median_score: -1027.0
std_score: 73.60591125488281
percentiles: 2%=-1178.3599853515625, 5%=-1152.3499755859375, 10%=-1121.800048828125, 25%=-1078.0, 50%=-1027.0, 75%=-972.5, 90%=-940.0, 95%=-914.7000122070312, 98%=-870.9600219726562
ranking_best_algo: SVMMetaModelLogNormal
ranking_best_score: 1233.7999999999997
ranking_my_rank: 212/504 (58.1%)
ranking_my_percent: 58.13492063492063
