ConfigName: kjsd__advperagentrankweighted__M4__L12__eps0p03__g0p0005__ds0p05__dm0p05
Problem: NK
Kernel: jsd
Advantage: peragentrankweighted
M: 4
lambda: 12
epsilon_svgd: 0.03
gamma: 0.0005
decay_start_ratio: 0.05
decay_min_factor: 0.05
bandwith_kernel: None
no_interact: False
avg_score: 0.741478681564331
median_score: 0.7406426668167114
std_score: 0.015047500841319561
percentiles: 2%=0.7115150094032288, 5%=0.7172232270240784, 10%=0.7221617102622986, 25%=0.7312062978744507, 50%=0.7406426668167114, 75%=0.750821590423584, 90%=0.7606374025344849, 95%=0.7657263875007629, 98%=0.7714826464653015
ranking_best_algo: Tabu
ranking_best_score: 0.7657846284375001
ranking_my_rank: 80/504 (84.3%)
ranking_my_percent: 84.32539682539682
