ConfigName: krbf__advnormalizedfitness__M1__L8__eps0p025__g0p007__ds0p15__dm0p01
Problem: NK
Kernel: rbf
Advantage: normalizedfitness
M: 1
lambda: 8
epsilon_svgd: 0.025
gamma: 0.007
decay_start_ratio: 0.15
decay_min_factor: 0.01
bandwith_kernel: None
no_interact: False
avg_score: 0.7187315225601196
median_score: 0.7173872590065002
std_score: 0.012968657538294792
percentiles: 2%=0.6969223022460938, 5%=0.6999319791793823, 10%=0.7028601765632629, 25%=0.708524763584137, 50%=0.7173872590065002, 75%=0.7290610671043396, 90%=0.7362411618232727, 95%=0.7396648526191711, 98%=0.742621660232544
ranking_best_algo: Tabu
ranking_best_score: 0.7429702712499999
ranking_my_rank: 52/504 (89.9%)
ranking_my_percent: 89.88095238095238
