ConfigName: krbf__advnormalizedfitness__M3__L10__eps0p033__g0p015__ds0p15__dm0p01
Problem: NK
Kernel: rbf
Advantage: normalizedfitness
M: 3
lambda: 10
epsilon_svgd: 0.033
gamma: 0.015
decay_start_ratio: 0.15
decay_min_factor: 0.01
bandwith_kernel: None
no_interact: False
avg_score: 0.7541853189468384
median_score: 0.7567075490951538
std_score: 0.014691284857690334
percentiles: 2%=0.7259992957115173, 5%=0.7280669808387756, 10%=0.7362245321273804, 25%=0.7406775951385498, 50%=0.7567075490951538, 75%=0.7659676671028137, 90%=0.7722058892250061, 95%=0.7768798470497131, 98%=0.7777549624443054
ranking_best_algo: Tabu
ranking_best_score: 0.7657846284375001
ranking_my_rank: 7/504 (98.8%)
ranking_my_percent: 98.80952380952381
