ConfigName: krbf__advnormalizedfitness__M3__L8__eps0p025__g0p005__ds0p3__dm0p01
Problem: NK
Kernel: rbf
Advantage: normalizedfitness
M: 3
lambda: 8
epsilon_svgd: 0.025
gamma: 0.005
decay_start_ratio: 0.3
decay_min_factor: 0.01
bandwith_kernel: None
no_interact: False
avg_score: 0.7426033020019531
median_score: 0.7429758310317993
std_score: 0.013975707814097404
percentiles: 2%=0.7178893685340881, 5%=0.7195740342140198, 10%=0.7244713306427002, 25%=0.7327239513397217, 50%=0.7429758310317993, 75%=0.7525366544723511, 90%=0.7601714134216309, 95%=0.764728844165802, 98%=0.7677725553512573
ranking_best_algo: Tabu
ranking_best_score: 0.7601875690625
ranking_my_rank: 10/504 (98.2%)
ranking_my_percent: 98.21428571428571
