ConfigName: kjsd__advperagentrankweighted__M5__L8__eps0p01__g0p0005__ds0p4__dm0p05
Problem: QUBO
Kernel: jsd
Advantage: peragentrankweighted
M: 5
lambda: 8
epsilon_svgd: 0.01
gamma: 0.0005
decay_start_ratio: 0.4
decay_min_factor: 0.05
bandwith_kernel: None
no_interact: False
avg_score: -1200.6400146484375
median_score: -1194.0
std_score: 65.94702911376953
percentiles: 2%=-1345.1600341796875, 5%=-1325.5, 10%=-1299.5, 25%=-1242.5, 50%=-1194.0, 75%=-1157.75, 90%=-1124.300048828125, 95%=-1111.300048828125, 98%=-1085.719970703125
ranking_best_algo: Tabu
ranking_best_score: 1216.16
ranking_my_rank: 42/504 (91.9%)
ranking_my_percent: 91.86507936507937
