ConfigName: kfr__advglobalrankweighted__M2__L10__eps0p01__g0p003__ds0p01__dm0p01
Problem: QUBO
Kernel: fr
Advantage: globalrankweighted
M: 2
lambda: 10
epsilon_svgd: 0.01
gamma: 0.003
decay_start_ratio: 0.01
decay_min_factor: 0.01
bandwith_kernel: None
no_interact: False
avg_score: -1617.8399658203125
median_score: -1621.5
std_score: 64.74190521240234
percentiles: 2%=-1764.0400390625, 5%=-1730.050048828125, 10%=-1707.199951171875, 25%=-1662.25, 50%=-1621.5, 75%=-1570.75, 90%=-1530.199951171875, 95%=-1520.800048828125, 98%=-1502.9599609375
ranking_best_algo: NLOPT_LN_PRAXIS
ranking_best_score: 1607.12
ranking_my_rank: 1/504 (100.0%)
ranking_my_percent: 100.0
