ConfigName: krbf__advnormalizedfitness__M4__L10__eps0p025__g0p015__ds0p01__dm0p01
Problem: QUBO
Kernel: rbf
Advantage: normalizedfitness
M: 4
lambda: 10
epsilon_svgd: 0.025
gamma: 0.015
decay_start_ratio: 0.01
decay_min_factor: 0.01
bandwith_kernel: None
no_interact: False
avg_score: -419.739990234375
median_score: -422.0
std_score: 29.05946159362793
percentiles: 2%=-475.0400085449219, 5%=-471.0, 10%=-455.20001220703125, 25%=-438.25, 50%=-422.0, 75%=-400.5, 90%=-381.0, 95%=-369.8500061035156, 98%=-357.89996337890625
ranking_best_algo: CMAL3
ranking_best_score: 435.36
ranking_my_rank: 92/504 (81.9%)
ranking_my_percent: 81.94444444444444
