ConfigName: kjsd__advperagentrankweighted__M5__L28__eps0p005__g0p0005__ds0p05__dm0p05
Problem: QUBO
Kernel: jsd
Advantage: peragentrankweighted
M: 5
lambda: 28
epsilon_svgd: 0.005
gamma: 0.0005
decay_start_ratio: 0.05
decay_min_factor: 0.05
bandwith_kernel: None
no_interact: False
avg_score: -332.3399963378906
median_score: -338.5
std_score: 20.92568588256836
percentiles: 2%=-372.0, 5%=-372.0, 10%=-354.0, 25%=-346.0, 50%=-338.5, 75%=-318.0, 90%=-300.8999938964844, 95%=-297.8500061035156, 98%=-289.9200134277344
ranking_best_algo: CMApara
ranking_best_score: 344.22
ranking_my_rank: 72/504 (85.9%)
ranking_my_percent: 85.91269841269842
