ConfigName: kfr__advglobalrankweighted__M4__L9__eps0p015__g0p003__ds0p01__dm0p01
Problem: QUBO
Kernel: fr
Advantage: globalrankweighted
M: 4
lambda: 9
epsilon_svgd: 0.015
gamma: 0.003
decay_start_ratio: 0.01
decay_min_factor: 0.01
bandwith_kernel: None
no_interact: False
avg_score: -903.3800048828125
median_score: -897.5
std_score: 64.83236694335938
percentiles: 2%=-1035.06005859375, 5%=-1018.25, 10%=-991.0, 25%=-952.25, 50%=-897.5, 75%=-852.0, 90%=-820.7999877929688, 95%=-806.0, 98%=-797.0
ranking_best_algo: CMAL3
ranking_best_score: 928.5800000000002
ranking_my_rank: 66/504 (87.1%)
ranking_my_percent: 87.10317460317461
