ConfigName: krbf__advnormalizedfitness__M1__L8__eps0p015__g0p015__ds0p15__dm0p3
Problem: NK
Kernel: rbf
Advantage: normalizedfitness
M: 1
lambda: 8
epsilon_svgd: 0.015
gamma: 0.015
decay_start_ratio: 0.15
decay_min_factor: 0.3
bandwith_kernel: None
no_interact: False
avg_score: 0.7513906359672546
median_score: 0.7506787180900574
std_score: 0.015024605207145214
percentiles: 2%=0.7211458683013916, 5%=0.7281793355941772, 10%=0.7305978536605835, 25%=0.741256058216095, 50%=0.7506787180900574, 75%=0.7613687515258789, 90%=0.7707760334014893, 95%=0.7746577858924866, 98%=0.7795642018318176
ranking_best_algo: Tabu
ranking_best_score: 0.7657846284375001
ranking_my_rank: 16/504 (97.0%)
ranking_my_percent: 97.02380952380952
