ConfigName: krbf__advnormalizedfitness__M3__L10__eps0p015__g0p01__ds0p15__dm0p3
Problem: QUBO
Kernel: rbf
Advantage: normalizedfitness
M: 3
lambda: 10
epsilon_svgd: 0.015
gamma: 0.01
decay_start_ratio: 0.15
decay_min_factor: 0.3
bandwith_kernel: None
no_interact: False
avg_score: -2115.06005859375
median_score: -2086.0
std_score: 211.51083374023438
percentiles: 2%=-2542.340087890625, 5%=-2477.10009765625, 10%=-2430.800048828125, 25%=-2276.75, 50%=-2086.0, 75%=-1950.0, 90%=-1862.9000244140625, 95%=-1807.35009765625, 98%=-1741.599853515625
ranking_best_algo: DiscreteLengler2OnePlusOne
ranking_best_score: 2617.04
ranking_my_rank: 218/504 (56.9%)
ranking_my_percent: 56.94444444444444
