ConfigName: kjsd__advperagentrankweighted__M3__L20__eps0p007__g0p0007__ds0p2__dm0p2
Problem: QUBO
Kernel: jsd
Advantage: peragentrankweighted
M: 3
lambda: 20
epsilon_svgd: 0.007
gamma: 0.0007
decay_start_ratio: 0.2
decay_min_factor: 0.2
bandwith_kernel: None
no_interact: False
avg_score: -198.47999572753906
median_score: -199.0
std_score: 14.355820655822754
percentiles: 2%=-224.0, 5%=-221.0500030517578, 10%=-218.10000610351562, 25%=-210.25, 50%=-199.0, 75%=-187.0, 90%=-179.89999389648438, 95%=-176.0, 98%=-172.94000244140625
ranking_best_algo: Tabu
ranking_best_score: 208.36000000000004
ranking_my_rank: 99/504 (80.6%)
ranking_my_percent: 80.55555555555556
