ConfigName: kjsd__advperagentrankweighted__M4__L8__eps0p02__g0p0007__ds0p2__dm0p05
Problem: QUBO
Kernel: jsd
Advantage: peragentrankweighted
M: 4
lambda: 8
epsilon_svgd: 0.02
gamma: 0.0007
decay_start_ratio: 0.2
decay_min_factor: 0.05
bandwith_kernel: None
no_interact: False
avg_score: -1178.719970703125
median_score: -1176.0
std_score: 64.82146453857422
percentiles: 2%=-1353.0799560546875, 5%=-1290.9000244140625, 10%=-1253.4000244140625, 25%=-1208.5, 50%=-1176.0, 75%=-1139.5, 90%=-1105.4000244140625, 95%=-1076.75, 98%=-1064.4200439453125
ranking_best_algo: Tabu
ranking_best_score: 1216.16
ranking_my_rank: 70/504 (86.3%)
ranking_my_percent: 86.30952380952381
