ConfigName: krbf__advnormalizedfitness__M3__L8__eps0p025__g0p005__ds0p3__dm0p3
Problem: QUBO
Kernel: rbf
Advantage: normalizedfitness
M: 3
lambda: 8
epsilon_svgd: 0.025
gamma: 0.005
decay_start_ratio: 0.3
decay_min_factor: 0.3
bandwith_kernel: None
no_interact: False
avg_score: -1278.800048828125
median_score: -1274.5
std_score: 60.14765167236328
percentiles: 2%=-1391.8599853515625, 5%=-1372.0999755859375, 10%=-1357.199951171875, 25%=-1323.75, 50%=-1274.5, 75%=-1234.75, 90%=-1203.699951171875, 95%=-1183.7000732421875, 98%=-1170.919921875
ranking_best_algo: BigLognormalDiscreteOnePlusOne
ranking_best_score: 1301.3600000000004
ranking_my_rank: 32/504 (93.8%)
ranking_my_percent: 93.84920634920636
