ConfigName: kjsd__advperagentrankweighted__M3__L30__eps0p007__g0p001__ds0p1__dm0p2
Problem: QUBO
Kernel: jsd
Advantage: peragentrankweighted
M: 3
lambda: 30
epsilon_svgd: 0.007
gamma: 0.001
decay_start_ratio: 0.1
decay_min_factor: 0.2
bandwith_kernel: None
no_interact: False
avg_score: -904.4600219726562
median_score: -901.0
std_score: 61.63674545288086
percentiles: 2%=-1030.199951171875, 5%=-1013.3499755859375, 10%=-988.5, 25%=-947.25, 50%=-901.0, 75%=-858.25, 90%=-825.5999755859375, 95%=-807.8499755859375, 98%=-796.97998046875
ranking_best_algo: CMAL3
ranking_best_score: 928.5800000000002
ranking_my_rank: 66/504 (87.1%)
ranking_my_percent: 87.10317460317461
