ConfigName: kjsd__advperagentrankweighted__M4__L24__eps0p02__g0p0007__ds0p05__dm0p05
Problem: QUBO
Kernel: jsd
Advantage: peragentrankweighted
M: 4
lambda: 24
epsilon_svgd: 0.02
gamma: 0.0007
decay_start_ratio: 0.05
decay_min_factor: 0.05
bandwith_kernel: None
no_interact: False
avg_score: -411.70001220703125
median_score: -410.0
std_score: 30.832937240600586
percentiles: 2%=-473.0799865722656, 5%=-461.3999938964844, 10%=-450.1000061035156, 25%=-434.0, 50%=-410.0, 75%=-389.5, 90%=-373.79998779296875, 95%=-365.79998779296875, 98%=-351.8800048828125
ranking_best_algo: Tabu
ranking_best_score: 438.12
ranking_my_rank: 77/504 (84.9%)
ranking_my_percent: 84.92063492063492
