ConfigName: krbf__advnormalizedfitness__M3__L8__eps0p015__g0p015__ds0p15__dm0p01
Problem: QUBO
Kernel: rbf
Advantage: normalizedfitness
M: 3
lambda: 8
epsilon_svgd: 0.015
gamma: 0.015
decay_start_ratio: 0.15
decay_min_factor: 0.01
bandwith_kernel: None
no_interact: False
avg_score: -565.97998046875
median_score: -564.5
std_score: 31.607589721679688
percentiles: 2%=-626.02001953125, 5%=-621.0999755859375, 10%=-615.0, 25%=-589.0, 50%=-564.5, 75%=-541.0, 90%=-527.0, 95%=-516.9500122070312, 98%=-508.9599914550781
ranking_best_algo: Tabu
ranking_best_score: 588.7199999999999
ranking_my_rank: 91/503 (82.1%)
ranking_my_percent: 82.10735586481114
