ConfigName: kjsd__advperagentrankweighted__M3__L16__eps0p007__g0p0005__ds0p05__dm0p1
Problem: QUBO
Kernel: jsd
Advantage: peragentrankweighted
M: 3
lambda: 16
epsilon_svgd: 0.007
gamma: 0.0005
decay_start_ratio: 0.05
decay_min_factor: 0.1
bandwith_kernel: None
no_interact: False
avg_score: -1183.5799560546875
median_score: -1180.0
std_score: 58.282447814941406
percentiles: 2%=-1331.0799560546875, 5%=-1276.699951171875, 10%=-1248.199951171875, 25%=-1212.25, 50%=-1180.0, 75%=-1145.0, 90%=-1109.800048828125, 95%=-1089.800048828125, 98%=-1083.9000244140625
ranking_best_algo: Tabu
ranking_best_score: 1216.16
ranking_my_rank: 65/504 (87.3%)
ranking_my_percent: 87.3015873015873
