ConfigName: kjsd__advperagentrankweighted__M4__L8__eps0p005__g0p0007__ds0p4__dm0p05
Problem: NK
Kernel: jsd
Advantage: peragentrankweighted
M: 4
lambda: 8
epsilon_svgd: 0.005
gamma: 0.0007
decay_start_ratio: 0.4
decay_min_factor: 0.05
bandwith_kernel: None
no_interact: False
avg_score: 0.71014803647995
median_score: 0.7115875482559204
std_score: 0.015198261477053165
percentiles: 2%=0.671627938747406, 5%=0.6739637851715088, 10%=0.6953809261322021, 25%=0.7053365111351013, 50%=0.7115875482559204, 75%=0.7188583612442017, 90%=0.7255176901817322, 95%=0.7320120930671692, 98%=0.7328435778617859
ranking_best_algo: CMApara
ranking_best_score: 0.707475975
ranking_my_rank: 1/504 (100.0%)
ranking_my_percent: 100.0
