ConfigName: kjsd__advperagentrankweighted__M5__L10__eps0p03__g0p0003__ds0p05__dm0p05
Problem: QUBO
Kernel: jsd
Advantage: peragentrankweighted
M: 5
lambda: 10
epsilon_svgd: 0.03
gamma: 0.0003
decay_start_ratio: 0.05
decay_min_factor: 0.05
bandwith_kernel: None
no_interact: False
avg_score: -2479.199951171875
median_score: -2459.0
std_score: 123.25437927246094
percentiles: 2%=-2748.320068359375, 5%=-2706.39990234375, 10%=-2629.60009765625, 25%=-2559.25, 50%=-2459.0, 75%=-2398.0, 90%=-2345.800048828125, 95%=-2287.64990234375, 98%=-2262.5
ranking_best_algo: SVM1MetaModelLogNormal
ranking_best_score: 2605.14
ranking_my_rank: 77/504 (84.9%)
ranking_my_percent: 84.92063492063492
