ConfigName: krbf__advnormalizedfitness__M3__L8__eps0p025__g0p007__ds0p15__dm0p3
Problem: QUBO
Kernel: rbf
Advantage: normalizedfitness
M: 3
lambda: 8
epsilon_svgd: 0.025
gamma: 0.007
decay_start_ratio: 0.15
decay_min_factor: 0.3
bandwith_kernel: None
no_interact: False
avg_score: -310.55999755859375
median_score: -305.0
std_score: 37.774681091308594
percentiles: 2%=-396.0400085449219, 5%=-384.1000061035156, 10%=-361.5999755859375, 25%=-332.5, 50%=-305.0, 75%=-276.0, 90%=-265.79998779296875, 95%=-259.9000244140625, 98%=-255.97999572753906
ranking_best_algo: CMApara
ranking_best_score: 319.29999999999995
ranking_my_rank: 58/504 (88.7%)
ranking_my_percent: 88.69047619047619
