ConfigName: kjsd__advperagentrankweighted__M4__L8__eps0p006__g0p0005__ds0p05__dm0p05
Problem: NK
Kernel: jsd
Advantage: peragentrankweighted
M: 4
lambda: 8
epsilon_svgd: 0.006
gamma: 0.0005
decay_start_ratio: 0.05
decay_min_factor: 0.05
bandwith_kernel: None
no_interact: False
avg_score: 0.7107234001159668
median_score: 0.6994725465774536
std_score: 0.0313529297709465
percentiles: 2%=0.673698365688324, 5%=0.6748207211494446, 10%=0.6765291690826416, 25%=0.6811320185661316, 50%=0.6994725465774536, 75%=0.7463966608047485, 90%=0.7535533308982849, 95%=0.7613165378570557, 98%=0.7613165378570557
ranking_best_algo: CMApara
ranking_best_score: 0.7118996098437498
ranking_my_rank: 13/504 (97.6%)
ranking_my_percent: 97.61904761904762
