ConfigName: kjsd__advperagentrankweighted__M6__L28__eps0p005__g0p0005__ds0p05__dm0p05
Problem: QUBO
Kernel: jsd
Advantage: peragentrankweighted
M: 6
lambda: 28
epsilon_svgd: 0.005
gamma: 0.0005
decay_start_ratio: 0.05
decay_min_factor: 0.05
bandwith_kernel: None
no_interact: False
avg_score: -312.82000732421875
median_score: -316.0
std_score: 38.3312873840332
percentiles: 2%=-396.0, 5%=-388.0, 10%=-360.20001220703125, 25%=-336.0, 50%=-316.0, 75%=-274.75, 90%=-268.8999938964844, 95%=-265.95001220703125, 98%=-257.94000244140625
ranking_best_algo: CMApara
ranking_best_score: 319.29999999999995
ranking_my_rank: 31/504 (94.0%)
ranking_my_percent: 94.04761904761905
