ConfigName: kjsd__advperagentrankweighted__M4__L30__eps0p01__g0p0007__ds0p05__dm0p05
Problem: NK
Kernel: jsd
Advantage: peragentrankweighted
M: 4
lambda: 30
epsilon_svgd: 0.01
gamma: 0.0007
decay_start_ratio: 0.05
decay_min_factor: 0.05
bandwith_kernel: None
no_interact: False
avg_score: 0.7488717436790466
median_score: 0.7476444840431213
std_score: 0.009812247939407825
percentiles: 2%=0.730947732925415, 5%=0.7337603569030762, 10%=0.7368809580802917, 25%=0.741763710975647, 50%=0.7476444840431213, 75%=0.7555139064788818, 90%=0.7617152333259583, 95%=0.7664309740066528, 98%=0.7669880986213684
ranking_best_algo: PBIL
ranking_best_score: 0.733570253046875
ranking_my_rank: 1/504 (100.0%)
ranking_my_percent: 100.0
