ConfigName: kjsd__advperagentrankweighted__M4__L30__eps0p01__g0p0003__ds0p2__dm0p05
Problem: NK
Kernel: jsd
Advantage: peragentrankweighted
M: 4
lambda: 30
epsilon_svgd: 0.01
gamma: 0.0003
decay_start_ratio: 0.2
decay_min_factor: 0.05
bandwith_kernel: None
no_interact: False
avg_score: 0.7554555535316467
median_score: 0.754727303981781
std_score: 0.011615113355219364
percentiles: 2%=0.7342009544372559, 5%=0.7360031604766846, 10%=0.7406307458877563, 25%=0.7469047904014587, 50%=0.754727303981781, 75%=0.7632167339324951, 90%=0.7710347771644592, 95%=0.7754162549972534, 98%=0.777698814868927
ranking_best_algo: Tabu
ranking_best_score: 0.7470791764843752
ranking_my_rank: 1/504 (100.0%)
ranking_my_percent: 100.0
