ConfigName: kjsd__advperagentrankweighted__M6__L10__eps0p02__g0p0005__ds0p2__dm0p05
Problem: NK
Kernel: jsd
Advantage: peragentrankweighted
M: 6
lambda: 10
epsilon_svgd: 0.02
gamma: 0.0005
decay_start_ratio: 0.2
decay_min_factor: 0.05
bandwith_kernel: None
no_interact: False
avg_score: 0.7509250640869141
median_score: 0.7515829205513
std_score: 0.014568496495485306
percentiles: 2%=0.7241585850715637, 5%=0.7276512384414673, 10%=0.7316883206367493, 25%=0.7407366633415222, 50%=0.7515829205513, 75%=0.7596694231033325, 90%=0.7714328169822693, 95%=0.7752035856246948, 98%=0.7824545502662659
ranking_best_algo: Tabu
ranking_best_score: 0.7657846284375001
ranking_my_rank: 18/504 (96.6%)
ranking_my_percent: 96.62698412698413
