ConfigName: kjsd__advperagentrankweighted__M4__L12__eps0p005__g0p0003__ds0p2__dm0p05
Problem: NK
Kernel: jsd
Advantage: peragentrankweighted
M: 4
lambda: 12
epsilon_svgd: 0.005
gamma: 0.0003
decay_start_ratio: 0.2
decay_min_factor: 0.05
bandwith_kernel: None
no_interact: False
avg_score: 0.718726396560669
median_score: 0.718264102935791
std_score: 0.008006228134036064
percentiles: 2%=0.7039401531219482, 5%=0.7066057324409485, 10%=0.7081039547920227, 25%=0.7137362957000732, 50%=0.718264102935791, 75%=0.723949670791626, 90%=0.728635847568512, 95%=0.7323843836784363, 98%=0.7359499335289001
ranking_best_algo: PBIL
ranking_best_score: 0.7170882103515624
ranking_my_rank: 1/504 (100.0%)
ranking_my_percent: 100.0
