ConfigName: krbf__advnormalizedfitness__M4__L12__eps0p025__g0p005__ds0p01__dm0p01
Problem: NK
Kernel: rbf
Advantage: normalizedfitness
M: 4
lambda: 12
epsilon_svgd: 0.025
gamma: 0.005
decay_start_ratio: 0.01
decay_min_factor: 0.01
bandwith_kernel: None
no_interact: False
avg_score: 0.7331327795982361
median_score: 0.7357033491134644
std_score: 0.009521208703517914
percentiles: 2%=0.7113522291183472, 5%=0.7127916216850281, 10%=0.718682050704956, 25%=0.7278838157653809, 50%=0.7357033491134644, 75%=0.7402568459510803, 90%=0.7444181442260742, 95%=0.7449266910552979, 98%=0.746265172958374
ranking_best_algo: PBIL
ranking_best_score: 0.7248786399609374
ranking_my_rank: 1/504 (100.0%)
ranking_my_percent: 100.0
