ConfigName: krbf__advnormalizedfitness__M3__L8__eps0p025__g0p015__ds0p15__dm0p3
Problem: QUBO
Kernel: rbf
Advantage: normalizedfitness
M: 3
lambda: 8
epsilon_svgd: 0.025
gamma: 0.015
decay_start_ratio: 0.15
decay_min_factor: 0.3
bandwith_kernel: None
no_interact: False
avg_score: -1373.719970703125
median_score: -1366.5
std_score: 122.56647491455078
percentiles: 2%=-1619.4599609375, 5%=-1573.1500244140625, 10%=-1540.300048828125, 25%=-1467.5, 50%=-1366.5, 75%=-1276.25, 90%=-1213.0, 95%=-1183.550048828125, 98%=-1146.31982421875
ranking_best_algo: NLOPT_LN_PRAXIS
ranking_best_score: 1607.12
ranking_my_rank: 162/504 (68.1%)
ranking_my_percent: 68.05555555555556
