ConfigName: kjsd__advperagentrankweighted__M5__L10__eps0p01__g0p0005__ds0p05__dm0p05
Problem: QUBO
Kernel: jsd
Advantage: peragentrankweighted
M: 5
lambda: 10
epsilon_svgd: 0.01
gamma: 0.0005
decay_start_ratio: 0.05
decay_min_factor: 0.05
bandwith_kernel: None
no_interact: False
avg_score: -1618.8399658203125
median_score: -1617.0
std_score: 57.82105255126953
percentiles: 2%=-1730.52001953125, 5%=-1707.050048828125, 10%=-1693.199951171875, 25%=-1655.5, 50%=-1617.0, 75%=-1574.0, 90%=-1542.800048828125, 95%=-1531.0, 98%=-1512.56005859375
ranking_best_algo: NLOPT_LN_PRAXIS
ranking_best_score: 1607.12
ranking_my_rank: 1/504 (100.0%)
ranking_my_percent: 100.0
