ConfigName: krbf__advnormalizedfitness__M2__L6__eps0p01__g0p015__ds0p01__dm0p01
Problem: NK
Kernel: rbf
Advantage: normalizedfitness
M: 2
lambda: 6
epsilon_svgd: 0.01
gamma: 0.015
decay_start_ratio: 0.01
decay_min_factor: 0.01
bandwith_kernel: None
no_interact: False
avg_score: 0.7578209042549133
median_score: 0.7578710317611694
std_score: 0.012949250638484955
percentiles: 2%=0.7328433990478516, 5%=0.7365907430648804, 10%=0.7412270903587341, 25%=0.7467844486236572, 50%=0.7578710317611694, 75%=0.7680666446685791, 90%=0.7747611403465271, 95%=0.7763358354568481, 98%=0.7773258090019226
ranking_best_algo: Tabu
ranking_best_score: 0.7470791764843752
ranking_my_rank: 1/504 (100.0%)
ranking_my_percent: 100.0
