ConfigName: kjsd__advperagentrankweighted__M3__L18__eps0p01__g0p003__ds0p05__dm0p1
Problem: QUBO
Kernel: jsd
Advantage: peragentrankweighted
M: 3
lambda: 18
epsilon_svgd: 0.01
gamma: 0.003
decay_start_ratio: 0.05
decay_min_factor: 0.1
bandwith_kernel: None
no_interact: False
avg_score: -1193.780029296875
median_score: -1196.5
std_score: 63.05023193359375
percentiles: 2%=-1335.1199951171875, 5%=-1299.800048828125, 10%=-1265.699951171875, 25%=-1235.25, 50%=-1196.5, 75%=-1148.5, 90%=-1116.9000244140625, 95%=-1109.9000244140625, 98%=-1078.800048828125
ranking_best_algo: Tabu
ranking_best_score: 1216.16
ranking_my_rank: 48/504 (90.7%)
ranking_my_percent: 90.67460317460318
