ConfigName: kfr__advglobalrankweighted__M1__L7__eps0p015__g0p007__ds0p01__dm0p01
Problem: QUBO
Kernel: fr
Advantage: globalrankweighted
M: 1
lambda: 7
epsilon_svgd: 0.015
gamma: 0.007
decay_start_ratio: 0.01
decay_min_factor: 0.01
bandwith_kernel: None
no_interact: False
avg_score: -2514.739990234375
median_score: -2489.0
std_score: 141.0265655517578
percentiles: 2%=-2784.0400390625, 5%=-2755.050048828125, 10%=-2726.300048828125, 25%=-2633.25, 50%=-2489.0, 75%=-2399.25, 90%=-2361.39990234375, 95%=-2314.550048828125, 98%=-2299.77978515625
ranking_best_algo: SVM1MetaModelLogNormal
ranking_best_score: 2605.14
ranking_my_rank: 61/504 (88.1%)
ranking_my_percent: 88.0952380952381
