ConfigName: kjsd__advperagentrankweighted__M4__L30__eps0p005__g0p0003__ds0p05__dm0p05
Problem: QUBO
Kernel: jsd
Advantage: peragentrankweighted
M: 4
lambda: 30
epsilon_svgd: 0.005
gamma: 0.0003
decay_start_ratio: 0.05
decay_min_factor: 0.05
bandwith_kernel: None
no_interact: False
avg_score: -1306.719970703125
median_score: -1308.0
std_score: 62.9719123840332
percentiles: 2%=-1429.239990234375, 5%=-1406.449951171875, 10%=-1387.5, 25%=-1344.75, 50%=-1308.0, 75%=-1256.75, 90%=-1225.5999755859375, 95%=-1206.800048828125, 98%=-1182.8800048828125
ranking_best_algo: BigLognormalDiscreteOnePlusOne
ranking_best_score: 1301.3600000000004
ranking_my_rank: 1/504 (100.0%)
ranking_my_percent: 100.0
