ConfigName: kjsd__advperagentrankweighted__M5__L8__eps0p03__g0p0005__ds0p05__dm0p05
Problem: NK
Kernel: jsd
Advantage: peragentrankweighted
M: 5
lambda: 8
epsilon_svgd: 0.03
gamma: 0.0005
decay_start_ratio: 0.05
decay_min_factor: 0.05
bandwith_kernel: None
no_interact: False
avg_score: 0.7064957618713379
median_score: 0.7080601453781128
std_score: 0.015905652195215225
percentiles: 2%=0.6668379902839661, 5%=0.6683025360107422, 10%=0.6884843111038208, 25%=0.703271210193634, 50%=0.7080601453781128, 75%=0.7164446115493774, 90%=0.7248867750167847, 95%=0.7277385592460632, 98%=0.7314965128898621
ranking_best_algo: CMApara
ranking_best_score: 0.707475975
ranking_my_rank: 2/504 (99.8%)
ranking_my_percent: 99.8015873015873
