ConfigName: kjsd__advperagentrankweighted__M6__L8__eps0p02__g0p0005__ds0p2__dm0p05
Problem: QUBO
Kernel: jsd
Advantage: peragentrankweighted
M: 6
lambda: 8
epsilon_svgd: 0.02
gamma: 0.0005
decay_start_ratio: 0.2
decay_min_factor: 0.05
bandwith_kernel: None
no_interact: False
avg_score: -416.8999938964844
median_score: -416.0
std_score: 22.51377296447754
percentiles: 2%=-457.3999938964844, 5%=-452.04998779296875, 10%=-445.1000061035156, 25%=-430.0, 50%=-416.0, 75%=-402.0, 90%=-390.0, 95%=-377.8999938964844, 98%=-373.8800048828125
ranking_best_algo: Tabu
ranking_best_score: 438.12
ranking_my_rank: 41/504 (92.1%)
ranking_my_percent: 92.06349206349206
