ConfigName: krbf__advnormalizedfitness__M4__L24__eps0p01__g0p0005__ds0p05__dm0p05
Problem: QUBO
Kernel: rbf
Advantage: normalizedfitness
M: 4
lambda: 24
epsilon_svgd: 0.01
gamma: 0.0005
decay_start_ratio: 0.05
decay_min_factor: 0.05
bandwith_kernel: None
no_interact: False
avg_score: -2556.699951171875
median_score: -2561.0
std_score: 143.87033081054688
percentiles: 2%=-2817.179931640625, 5%=-2792.800048828125, 10%=-2734.60009765625, 25%=-2657.25, 50%=-2561.0, 75%=-2460.5, 90%=-2358.199951171875, 95%=-2321.300048828125, 98%=-2254.780029296875
ranking_best_algo: DiscreteLengler2OnePlusOne
ranking_best_score: 2617.04
ranking_my_rank: 53/504 (89.7%)
ranking_my_percent: 89.68253968253968
