ConfigName: krbf__advnormalizedfitness__M1__L8__eps0p033__g0p005__ds0p01__dm0p3
Problem: QUBO
Kernel: rbf
Advantage: normalizedfitness
M: 1
lambda: 8
epsilon_svgd: 0.033
gamma: 0.005
decay_start_ratio: 0.01
decay_min_factor: 0.3
bandwith_kernel: None
no_interact: False
avg_score: -2455.10009765625
median_score: -2448.0
std_score: 126.77124786376953
percentiles: 2%=-2712.10009765625, 5%=-2671.39990234375, 10%=-2610.60009765625, 25%=-2522.25, 50%=-2448.0, 75%=-2368.25, 90%=-2292.89990234375, 95%=-2251.60009765625, 98%=-2233.599853515625
ranking_best_algo: SVM1MetaModelLogNormal
ranking_best_score: 2605.14
ranking_my_rank: 81/504 (84.1%)
ranking_my_percent: 84.12698412698413
