ConfigName: kjsd__advperagentrankweighted__M3__L16__eps0p005__g0p0005__ds0p1__dm0p1
Problem: NK
Kernel: jsd
Advantage: peragentrankweighted
M: 3
lambda: 16
epsilon_svgd: 0.005
gamma: 0.0005
decay_start_ratio: 0.1
decay_min_factor: 0.1
bandwith_kernel: None
no_interact: False
avg_score: 0.7474942803382874
median_score: 0.7475292682647705
std_score: 0.009531861171126366
percentiles: 2%=0.7287692427635193, 5%=0.7315017580986023, 10%=0.7343395352363586, 25%=0.7406830787658691, 50%=0.7475292682647705, 75%=0.7547569870948792, 90%=0.7588041424751282, 95%=0.7603890299797058, 98%=0.7669354677200317
ranking_best_algo: PBIL
ranking_best_score: 0.733570253046875
ranking_my_rank: 1/504 (100.0%)
ranking_my_percent: 100.0
