ConfigName: kjsd__advperagentrankweighted__M5__L8__eps0p02__g0p0007__ds0p2__dm0p05
Problem: QUBO
Kernel: jsd
Advantage: peragentrankweighted
M: 5
lambda: 8
epsilon_svgd: 0.02
gamma: 0.0007
decay_start_ratio: 0.2
decay_min_factor: 0.05
bandwith_kernel: None
no_interact: False
avg_score: -200.6199951171875
median_score: -201.0
std_score: 12.47940731048584
percentiles: 2%=-224.0, 5%=-222.0, 10%=-218.0, 25%=-209.0, 50%=-201.0, 75%=-192.0, 90%=-183.0, 95%=-181.89999389648438, 98%=-178.8800048828125
ranking_best_algo: Tabu
ranking_best_score: 208.36000000000004
ranking_my_rank: 46/504 (91.1%)
ranking_my_percent: 91.07142857142857
