ConfigName: krbf__advnormalizedfitness__M3__L15__eps0p033__g0p015__ds0p01__dm0p3
Problem: NK
Kernel: rbf
Advantage: normalizedfitness
M: 3
lambda: 15
epsilon_svgd: 0.033
gamma: 0.015
decay_start_ratio: 0.01
decay_min_factor: 0.3
bandwith_kernel: None
no_interact: False
avg_score: 0.6703750491142273
median_score: 0.6680175065994263
std_score: 0.01876169629395008
percentiles: 2%=0.6430290341377258, 5%=0.6450610160827637, 10%=0.6474162340164185, 25%=0.6568189263343811, 50%=0.6680175065994263, 75%=0.6801583766937256, 90%=0.7003650665283203, 95%=0.7076429128646851, 98%=0.7122705578804016
ranking_best_algo: Tabu
ranking_best_score: 0.7601875690625
ranking_my_rank: 360/504 (28.8%)
ranking_my_percent: 28.76984126984127
