ConfigName: kjsd__advperagentrankweighted__M3__L20__eps0p005__g0p0007__ds0p1__dm0p05
Problem: NK
Kernel: jsd
Advantage: peragentrankweighted
M: 3
lambda: 20
epsilon_svgd: 0.005
gamma: 0.0007
decay_start_ratio: 0.1
decay_min_factor: 0.05
bandwith_kernel: None
no_interact: False
avg_score: 0.7433025240898132
median_score: 0.7408133745193481
std_score: 0.029278436675667763
percentiles: 2%=0.6876333951950073, 5%=0.7043166756629944, 10%=0.7109418511390686, 25%=0.723386287689209, 50%=0.7408133745193481, 75%=0.7580187320709229, 90%=0.7766827940940857, 95%=0.8044298887252808, 98%=0.8109671473503113
ranking_best_algo: CMApara
ranking_best_score: 0.7459277895312499
ranking_my_rank: 12/504 (97.8%)
ranking_my_percent: 97.81746031746032
