ConfigName: kjsd__advperagentrankweighted__M5__L10__eps0p005__g0p003__ds0p4__dm0p05
Problem: QUBO
Kernel: jsd
Advantage: peragentrankweighted
M: 5
lambda: 10
epsilon_svgd: 0.005
gamma: 0.003
decay_start_ratio: 0.4
decay_min_factor: 0.05
bandwith_kernel: None
no_interact: False
avg_score: -500.4200134277344
median_score: -498.5
std_score: 49.40591049194336
percentiles: 2%=-599.02001953125, 5%=-589.2999877929688, 10%=-565.2000122070312, 25%=-535.0, 50%=-498.5, 75%=-462.75, 90%=-439.0, 95%=-426.95001220703125, 98%=-404.82000732421875
ranking_best_algo: Tabu
ranking_best_score: 588.7199999999999
ranking_my_rank: 259/503 (48.7%)
ranking_my_percent: 48.70775347912525
