ConfigName: kjsd__advperagentrankweighted__M3__L20__eps0p007__g0p0005__ds0p2__dm0p2
Problem: QUBO
Kernel: jsd
Advantage: peragentrankweighted
M: 3
lambda: 20
epsilon_svgd: 0.007
gamma: 0.0005
decay_start_ratio: 0.2
decay_min_factor: 0.2
bandwith_kernel: None
no_interact: False
avg_score: -1241.5799560546875
median_score: -1239.0
std_score: 59.517086029052734
percentiles: 2%=-1355.0400390625, 5%=-1341.0999755859375, 10%=-1327.300048828125, 25%=-1277.25, 50%=-1239.0, 75%=-1199.75, 90%=-1169.4000244140625, 95%=-1140.5999755859375, 98%=-1122.8399658203125
ranking_best_algo: SVMMetaModelLogNormal
ranking_best_score: 1233.7999999999997
ranking_my_rank: 1/504 (100.0%)
ranking_my_percent: 100.0
