ConfigName: kfr__advglobalrankweighted__M4__L15__eps0p015__g0p003__ds0p01__dm0p01
Problem: QUBO
Kernel: fr
Advantage: globalrankweighted
M: 4
lambda: 15
epsilon_svgd: 0.015
gamma: 0.003
decay_start_ratio: 0.01
decay_min_factor: 0.01
bandwith_kernel: None
no_interact: False
avg_score: -1202.699951171875
median_score: -1193.0
std_score: 62.06842803955078
percentiles: 2%=-1351.47998046875, 5%=-1315.0, 10%=-1280.300048828125, 25%=-1243.25, 50%=-1193.0, 75%=-1164.75, 90%=-1127.800048828125, 95%=-1107.550048828125, 98%=-1094.8399658203125
ranking_best_algo: SVMMetaModelLogNormal
ranking_best_score: 1233.7999999999997
ranking_my_rank: 55/504 (89.3%)
ranking_my_percent: 89.28571428571429
