ConfigName: krbf__advnormalizedfitness__M3__L8__eps0p025__g0p001__ds0p05__dm0p05
Problem: QUBO
Kernel: rbf
Advantage: normalizedfitness
M: 3
lambda: 8
epsilon_svgd: 0.025
gamma: 0.001
decay_start_ratio: 0.05
decay_min_factor: 0.05
bandwith_kernel: None
no_interact: False
avg_score: -144.8800048828125
median_score: -146.0
std_score: 12.639050483703613
percentiles: 2%=-177.0399932861328, 5%=-163.0500030517578, 10%=-158.0, 25%=-154.0, 50%=-146.0, 75%=-137.0, 90%=-126.9000015258789, 95%=-122.94999694824219, 98%=-120.94000244140625
ranking_best_algo: CMApara
ranking_best_score: 154.28
ranking_my_rank: 176/504 (65.3%)
ranking_my_percent: 65.27777777777777
