ConfigName: kjsd__advperagentrankweighted__M3__L20__eps0p005__g0p0005__ds0p1__dm0p1
Problem: QUBO
Kernel: jsd
Advantage: peragentrankweighted
M: 3
lambda: 20
epsilon_svgd: 0.005
gamma: 0.0005
decay_start_ratio: 0.1
decay_min_factor: 0.1
bandwith_kernel: None
no_interact: False
avg_score: -309.67999267578125
median_score: -311.0
std_score: 40.15392303466797
percentiles: 2%=-390.0799865722656, 5%=-384.20001220703125, 10%=-356.3999938964844, 25%=-338.5, 50%=-311.0, 75%=-272.5, 90%=-258.8999938964844, 95%=-255.89999389648438, 98%=-248.94000244140625
ranking_best_algo: CMApara
ranking_best_score: 319.29999999999995
ranking_my_rank: 72/504 (85.9%)
ranking_my_percent: 85.91269841269842
