ConfigName: krbf__advnormalizedfitness__M4__L12__eps0p025__g0p01__ds0p15__dm0p3
Problem: QUBO
Kernel: rbf
Advantage: normalizedfitness
M: 4
lambda: 12
epsilon_svgd: 0.025
gamma: 0.01
decay_start_ratio: 0.15
decay_min_factor: 0.3
bandwith_kernel: None
no_interact: False
avg_score: -138.9199981689453
median_score: -139.0
std_score: 11.126256942749023
percentiles: 2%=-160.0, 5%=-158.0500030517578, 10%=-156.0, 25%=-146.0, 50%=-139.0, 75%=-130.0, 90%=-125.0, 95%=-121.0, 98%=-121.0
ranking_best_algo: DiscreteDE
ranking_best_score: 143.4
ranking_my_rank: 94/504 (81.5%)
ranking_my_percent: 81.54761904761905
