ConfigName: krbf__advnormalizedfitness__M4__L15__eps0p03__g0p001__ds0p05__dm0p05
Problem: QUBO
Kernel: rbf
Advantage: normalizedfitness
M: 4
lambda: 15
epsilon_svgd: 0.03
gamma: 0.001
decay_start_ratio: 0.05
decay_min_factor: 0.05
bandwith_kernel: None
no_interact: False
avg_score: -1239.3800048828125
median_score: -1242.0
std_score: 78.09222412109375
percentiles: 2%=-1398.260009765625, 5%=-1356.300048828125, 10%=-1346.0999755859375, 25%=-1289.0, 50%=-1242.0, 75%=-1176.5, 90%=-1133.699951171875, 95%=-1116.9000244140625, 98%=-1099.780029296875
ranking_best_algo: BigLognormalDiscreteOnePlusOne
ranking_best_score: 1301.3600000000004
ranking_my_rank: 57/504 (88.9%)
ranking_my_percent: 88.88888888888889
