ConfigName: kfr__advglobalrankweighted__M4__L24__eps0p03__g0p007__ds0p01__dm0p01
Problem: QUBO
Kernel: fr
Advantage: globalrankweighted
M: 4
lambda: 24
epsilon_svgd: 0.03
gamma: 0.007
decay_start_ratio: 0.01
decay_min_factor: 0.01
bandwith_kernel: None
no_interact: False
avg_score: -920.5
median_score: -915.5
std_score: 68.064453125
percentiles: 2%=-1068.1600341796875, 5%=-1035.4000244140625, 10%=-1020.4000244140625, 25%=-963.0, 50%=-915.5, 75%=-869.0, 90%=-838.7999877929688, 95%=-825.0, 98%=-818.760009765625
ranking_best_algo: CMApara
ranking_best_score: 964.9
ranking_my_rank: 59/504 (88.5%)
ranking_my_percent: 88.4920634920635
