ConfigName: kjsd__advperagentrankweighted__M3__L30__eps0p005__g0p0005__ds0p1__dm0p1
Problem: QUBO
Kernel: jsd
Advantage: peragentrankweighted
M: 3
lambda: 30
epsilon_svgd: 0.005
gamma: 0.0005
decay_start_ratio: 0.1
decay_min_factor: 0.1
bandwith_kernel: None
no_interact: False
avg_score: -2571.860107421875
median_score: -2555.5
std_score: 108.08635711669922
percentiles: 2%=-2819.260009765625, 5%=-2756.35009765625, 10%=-2714.0, 25%=-2642.5, 50%=-2555.5, 75%=-2500.25, 90%=-2436.0, 95%=-2416.550048828125, 98%=-2389.159912109375
ranking_best_algo: SVM1MetaModelLogNormal
ranking_best_score: 2605.14
ranking_my_rank: 14/504 (97.4%)
ranking_my_percent: 97.42063492063492
