ConfigName: kjsd__advperagentrankweighted__M3__L18__eps0p01__g0p0007__ds0p05__dm0p05
Problem: QUBO
Kernel: jsd
Advantage: peragentrankweighted
M: 3
lambda: 18
epsilon_svgd: 0.01
gamma: 0.0007
decay_start_ratio: 0.05
decay_min_factor: 0.05
bandwith_kernel: None
no_interact: False
avg_score: -426.0
median_score: -428.0
std_score: 29.37754249572754
percentiles: 2%=-485.0, 5%=-475.0, 10%=-469.0, 25%=-443.0, 50%=-428.0, 75%=-406.5, 90%=-386.8999938964844, 95%=-378.6499938964844, 98%=-367.8800048828125
ranking_best_algo: CMAL3
ranking_best_score: 435.36
ranking_my_rank: 23/504 (95.6%)
ranking_my_percent: 95.63492063492063
