ConfigName: kjsd__advperagentrankweighted__M3__L16__eps0p01__g0p0007__ds0p05__dm0p1
Problem: QUBO
Kernel: jsd
Advantage: peragentrankweighted
M: 3
lambda: 16
epsilon_svgd: 0.01
gamma: 0.0007
decay_start_ratio: 0.05
decay_min_factor: 0.1
bandwith_kernel: None
no_interact: False
avg_score: -1619.800048828125
median_score: -1613.0
std_score: 65.034912109375
percentiles: 2%=-1752.5400390625, 5%=-1742.199951171875, 10%=-1709.0, 25%=-1661.25, 50%=-1613.0, 75%=-1576.75, 90%=-1544.800048828125, 95%=-1520.800048828125, 98%=-1496.800048828125
ranking_best_algo: NLOPT_LN_PRAXIS
ranking_best_score: 1607.12
ranking_my_rank: 1/504 (100.0%)
ranking_my_percent: 100.0
