ConfigName: kjsd__advperagentrankweighted__M3__L30__eps0p007__g0p0005__ds0p05__dm0p05
Problem: QUBO
Kernel: jsd
Advantage: peragentrankweighted
M: 3
lambda: 30
epsilon_svgd: 0.007
gamma: 0.0005
decay_start_ratio: 0.05
decay_min_factor: 0.05
bandwith_kernel: None
no_interact: False
avg_score: -308.2200012207031
median_score: -304.0
std_score: 39.72494888305664
percentiles: 2%=-396.0, 5%=-384.1000061035156, 10%=-358.3999938964844, 25%=-338.0, 50%=-304.0, 75%=-273.5, 90%=-262.70001220703125, 95%=-255.9499969482422, 98%=-246.0
ranking_best_algo: CMApara
ranking_best_score: 319.29999999999995
ranking_my_rank: 90/504 (82.3%)
ranking_my_percent: 82.34126984126983
