ConfigName: kjsd__advperagentrankweighted__M3__L16__eps0p007__g0p0005__ds0p2__dm0p05
Problem: QUBO
Kernel: jsd
Advantage: peragentrankweighted
M: 3
lambda: 16
epsilon_svgd: 0.007
gamma: 0.0005
decay_start_ratio: 0.2
decay_min_factor: 0.05
bandwith_kernel: None
no_interact: False
avg_score: -930.1799926757812
median_score: -910.0
std_score: 71.7338638305664
percentiles: 2%=-1072.0799560546875, 5%=-1061.050048828125, 10%=-1037.0, 25%=-989.0, 50%=-910.0, 75%=-879.25, 90%=-839.9000244140625, 95%=-834.5999755859375, 98%=-822.6799926757812
ranking_best_algo: CMApara
ranking_best_score: 964.9
ranking_my_rank: 19/504 (96.4%)
ranking_my_percent: 96.42857142857143
