ConfigName: kjsd__advperagentrankweighted__M3__L20__eps0p005__g0p0005__ds0p1__dm0p2
Problem: QUBO
Kernel: jsd
Advantage: peragentrankweighted
M: 3
lambda: 20
epsilon_svgd: 0.005
gamma: 0.0005
decay_start_ratio: 0.1
decay_min_factor: 0.2
bandwith_kernel: None
no_interact: False
avg_score: -425.5
median_score: -426.0
std_score: 29.6356201171875
percentiles: 2%=-481.0400085449219, 5%=-479.1000061035156, 10%=-471.20001220703125, 25%=-442.25, 50%=-426.0, 75%=-408.5, 90%=-392.5, 95%=-381.1499938964844, 98%=-355.9200134277344
ranking_best_algo: CMAL3
ranking_best_score: 435.36
ranking_my_rank: 27/504 (94.8%)
ranking_my_percent: 94.84126984126983
