ConfigName: krbf__advnormalizedfitness__M4__L10__eps0p03__g0p01__ds0p05__dm0p05
Problem: QUBO
Kernel: rbf
Advantage: normalizedfitness
M: 4
lambda: 10
epsilon_svgd: 0.03
gamma: 0.01
decay_start_ratio: 0.05
decay_min_factor: 0.05
bandwith_kernel: None
no_interact: False
avg_score: -426.17999267578125
median_score: -425.5
std_score: 23.58405303955078
percentiles: 2%=-479.0799865722656, 5%=-469.29998779296875, 10%=-458.20001220703125, 25%=-441.0, 50%=-425.5, 75%=-412.5, 90%=-395.0, 95%=-386.95001220703125, 98%=-384.9599914550781
ranking_best_algo: CMAL3
ranking_best_score: 435.36
ranking_my_rank: 23/504 (95.6%)
ranking_my_percent: 95.63492063492063
