ConfigName: krbf__advnormalizedfitness__M1__L8__eps0p015__g0p01__ds0p01__dm0p01
Problem: NK
Kernel: rbf
Advantage: normalizedfitness
M: 1
lambda: 8
epsilon_svgd: 0.015
gamma: 0.01
decay_start_ratio: 0.01
decay_min_factor: 0.01
bandwith_kernel: None
no_interact: False
avg_score: 0.7314976453781128
median_score: 0.7332561016082764
std_score: 0.010004612617194653
percentiles: 2%=0.7112612724304199, 5%=0.7148142457008362, 10%=0.7173947691917419, 25%=0.7229213714599609, 50%=0.7332561016082764, 75%=0.7384577989578247, 90%=0.7429437041282654, 95%=0.7450329661369324, 98%=0.7483358383178711
ranking_best_algo: PBIL
ranking_best_score: 0.730509098125
ranking_my_rank: 1/504 (100.0%)
ranking_my_percent: 100.0
