ConfigName: kjsd__advperagentrankweighted__M5__L8__eps0p01__g0p0007__ds0p2__dm0p2
Problem: QUBO
Kernel: jsd
Advantage: peragentrankweighted
M: 5
lambda: 8
epsilon_svgd: 0.01
gamma: 0.0007
decay_start_ratio: 0.2
decay_min_factor: 0.2
bandwith_kernel: None
no_interact: False
avg_score: -200.9600067138672
median_score: -203.0
std_score: 11.823637008666992
percentiles: 2%=-222.0399932861328, 5%=-222.0, 10%=-217.10000610351562, 25%=-207.25, 50%=-203.0, 75%=-193.75, 90%=-184.89999389648438, 95%=-180.0, 98%=-178.9600067138672
ranking_best_algo: Tabu
ranking_best_score: 208.36000000000004
ranking_my_rank: 43/504 (91.7%)
ranking_my_percent: 91.66666666666667
