ConfigName: kjsd__advperagentrankweighted__M3__L18__eps0p01__g0p003__ds0p2__dm0p1
Problem: NK
Kernel: jsd
Advantage: peragentrankweighted
M: 3
lambda: 18
epsilon_svgd: 0.01
gamma: 0.003
decay_start_ratio: 0.2
decay_min_factor: 0.1
bandwith_kernel: None
no_interact: False
avg_score: 0.7564843893051147
median_score: 0.7545286417007446
std_score: 0.012335604056715965
percentiles: 2%=0.7350508570671082, 5%=0.7394904494285583, 10%=0.7424852252006531, 25%=0.7466790676116943, 50%=0.7545286417007446, 75%=0.7662801742553711, 90%=0.7722830772399902, 95%=0.7788187265396118, 98%=0.7817942500114441
ranking_best_algo: Tabu
ranking_best_score: 0.7470791764843752
ranking_my_rank: 1/504 (100.0%)
ranking_my_percent: 100.0
