ConfigName: kjsd__advperagentrankweighted__M4__L10__eps0p01__g0p0007__ds0p2__dm0p05
Problem: QUBO
Kernel: jsd
Advantage: peragentrankweighted
M: 4
lambda: 10
epsilon_svgd: 0.01
gamma: 0.0007
decay_start_ratio: 0.2
decay_min_factor: 0.05
bandwith_kernel: None
no_interact: False
avg_score: -1244.5999755859375
median_score: -1236.0
std_score: 56.941898345947266
percentiles: 2%=-1374.8399658203125, 5%=-1344.8499755859375, 10%=-1323.0, 25%=-1274.25, 50%=-1236.0, 75%=-1205.5, 90%=-1181.0, 95%=-1166.5, 98%=-1152.9200439453125
ranking_best_algo: SVMMetaModelLogNormal
ranking_best_score: 1233.7999999999997
ranking_my_rank: 1/504 (100.0%)
ranking_my_percent: 100.0
