ConfigName: kjsd__advperagentrankweighted__M3__L16__eps0p005__g0p001__ds0p05__dm0p1
Problem: NK
Kernel: jsd
Advantage: peragentrankweighted
M: 3
lambda: 16
epsilon_svgd: 0.005
gamma: 0.001
decay_start_ratio: 0.05
decay_min_factor: 0.1
bandwith_kernel: None
no_interact: False
avg_score: 0.7477744817733765
median_score: 0.7467679977416992
std_score: 0.0087184589356184
percentiles: 2%=0.7310934662818909, 5%=0.734715461730957, 10%=0.7376416921615601, 25%=0.7413181066513062, 50%=0.7467679977416992, 75%=0.7542707920074463, 90%=0.758206307888031, 95%=0.7617756724357605, 98%=0.7662762403488159
ranking_best_algo: PBIL
ranking_best_score: 0.733570253046875
ranking_my_rank: 1/504 (100.0%)
ranking_my_percent: 100.0
