ConfigName: kjsd__advperagentrankweighted__M3__L16__eps0p007__g0p0007__ds0p2__dm0p2
Problem: QUBO
Kernel: jsd
Advantage: peragentrankweighted
M: 3
lambda: 16
epsilon_svgd: 0.007
gamma: 0.0007
decay_start_ratio: 0.2
decay_min_factor: 0.2
bandwith_kernel: None
no_interact: False
avg_score: -137.5800018310547
median_score: -139.0
std_score: 12.344375610351562
percentiles: 2%=-159.02000427246094, 5%=-157.0500030517578, 10%=-156.0, 25%=-146.0, 50%=-139.0, 75%=-129.0, 90%=-121.0, 95%=-119.0, 98%=-114.87999725341797
ranking_best_algo: DiscreteDE
ranking_best_score: 143.4
ranking_my_rank: 120/504 (76.4%)
ranking_my_percent: 76.38888888888889
