ConfigName: kjsd__advperagentrankweighted__M3__L18__eps0p01__g0p0005__ds0p1__dm0p1
Problem: NK
Kernel: jsd
Advantage: peragentrankweighted
M: 3
lambda: 18
epsilon_svgd: 0.01
gamma: 0.0005
decay_start_ratio: 0.1
decay_min_factor: 0.1
bandwith_kernel: None
no_interact: False
avg_score: 0.7104752063751221
median_score: 0.6987258791923523
std_score: 0.031350456178188324
percentiles: 2%=0.6735892295837402, 5%=0.6744024157524109, 10%=0.6757990717887878, 25%=0.6821137070655823, 50%=0.6987258791923523, 75%=0.7455553412437439, 90%=0.7521345615386963, 95%=0.7613165378570557, 98%=0.7613165378570557
ranking_best_algo: CMApara
ranking_best_score: 0.7118996098437498
ranking_my_rank: 22/504 (95.8%)
ranking_my_percent: 95.83333333333333
