ConfigName: krbf__advnormalizedfitness__M4__L8__eps0p025__g0p01__ds0p3__dm0p01
Problem: QUBO
Kernel: rbf
Advantage: normalizedfitness
M: 4
lambda: 8
epsilon_svgd: 0.025
gamma: 0.01
decay_start_ratio: 0.3
decay_min_factor: 0.01
bandwith_kernel: None
no_interact: False
avg_score: -334.760009765625
median_score: -337.0
std_score: 16.75775718688965
percentiles: 2%=-370.0400085449219, 5%=-361.0, 10%=-354.0, 25%=-346.0, 50%=-337.0, 75%=-324.0, 90%=-312.8999938964844, 95%=-307.9000244140625, 98%=-300.8199462890625
ranking_best_algo: CMApara
ranking_best_score: 344.22
ranking_my_rank: 60/504 (88.3%)
ranking_my_percent: 88.2936507936508
