ConfigName: kjsd__advperagentrankweighted__M4__L20__eps0p007__g0p0005__ds0p1__dm0p05
Problem: NK
Kernel: jsd
Advantage: peragentrankweighted
M: 4
lambda: 20
epsilon_svgd: 0.007
gamma: 0.0005
decay_start_ratio: 0.1
decay_min_factor: 0.05
bandwith_kernel: None
no_interact: False
avg_score: 0.7433416843414307
median_score: 0.7422456741333008
std_score: 0.02955339476466179
percentiles: 2%=0.6898928880691528, 5%=0.7032667994499207, 10%=0.7076509594917297, 25%=0.7240642309188843, 50%=0.7422456741333008, 75%=0.7580187320709229, 90%=0.7783373594284058, 95%=0.8045560121536255, 98%=0.8118547797203064
ranking_best_algo: CMApara
ranking_best_score: 0.7459277895312499
ranking_my_rank: 12/504 (97.8%)
ranking_my_percent: 97.81746031746032
