ConfigName: kjsd__advperagentrankweighted__M3__L24__eps0p007__g0p001__ds0p1__dm0p2
Problem: QUBO
Kernel: jsd
Advantage: peragentrankweighted
M: 3
lambda: 24
epsilon_svgd: 0.007
gamma: 0.001
decay_start_ratio: 0.1
decay_min_factor: 0.2
bandwith_kernel: None
no_interact: False
avg_score: -1227.43994140625
median_score: -1229.0
std_score: 62.5925407409668
percentiles: 2%=-1348.219970703125, 5%=-1338.449951171875, 10%=-1298.300048828125, 25%=-1273.0, 50%=-1229.0, 75%=-1181.25, 90%=-1148.9000244140625, 95%=-1127.0, 98%=-1116.3199462890625
ranking_best_algo: SVMMetaModelLogNormal
ranking_best_score: 1233.7999999999997
ranking_my_rank: 13/504 (97.6%)
ranking_my_percent: 97.61904761904762
