ConfigName: kjsd__advperagentrankweighted__M3__L18__eps0p005__g0p0005__ds0p2__dm0p05
Problem: QUBO
Kernel: jsd
Advantage: peragentrankweighted
M: 3
lambda: 18
epsilon_svgd: 0.005
gamma: 0.0005
decay_start_ratio: 0.2
decay_min_factor: 0.05
bandwith_kernel: None
no_interact: False
avg_score: -2635.06005859375
median_score: -2649.5
std_score: 133.81492614746094
percentiles: 2%=-2869.179931640625, 5%=-2830.14990234375, 10%=-2799.60009765625, 25%=-2739.25, 50%=-2649.5, 75%=-2538.0, 90%=-2447.199951171875, 95%=-2431.39990234375, 98%=-2385.860107421875
ranking_best_algo: DiscreteLengler2OnePlusOne
ranking_best_score: 2617.04
ranking_my_rank: 1/504 (100.0%)
ranking_my_percent: 100.0
