ConfigName: kjsd__advperagentrankweighted__M3__L16__eps0p01__g0p0005__ds0p1__dm0p1
Problem: QUBO
Kernel: jsd
Advantage: peragentrankweighted
M: 3
lambda: 16
epsilon_svgd: 0.01
gamma: 0.0005
decay_start_ratio: 0.1
decay_min_factor: 0.1
bandwith_kernel: None
no_interact: False
avg_score: -927.8200073242188
median_score: -923.0
std_score: 61.04545593261719
percentiles: 2%=-1060.06005859375, 5%=-1043.6500244140625, 10%=-998.7000122070312, 25%=-972.0, 50%=-923.0, 75%=-886.0, 90%=-852.7999877929688, 95%=-827.0, 98%=-819.9400024414062
ranking_best_algo: CMApara
ranking_best_score: 964.9
ranking_my_rank: 21/504 (96.0%)
ranking_my_percent: 96.03174603174604
