ConfigName: kjsd__advperagentrankweighted__M3__L30__eps0p005__g0p001__ds0p1__dm0p2
Problem: QUBO
Kernel: jsd
Advantage: peragentrankweighted
M: 3
lambda: 30
epsilon_svgd: 0.005
gamma: 0.001
decay_start_ratio: 0.1
decay_min_factor: 0.2
bandwith_kernel: None
no_interact: False
avg_score: -414.4599914550781
median_score: -415.0
std_score: 26.609554290771484
percentiles: 2%=-469.0400085449219, 5%=-455.29998779296875, 10%=-447.20001220703125, 25%=-434.0, 50%=-415.0, 75%=-396.0, 90%=-379.79998779296875, 95%=-371.8999938964844, 98%=-367.9599914550781
ranking_best_algo: Tabu
ranking_best_score: 438.12
ranking_my_rank: 53/504 (89.7%)
ranking_my_percent: 89.68253968253968
