ConfigName: krbf__advnormalizedfitness__M1__L10__eps0p015__g0p01__ds0p3__dm0p01
Problem: QUBO
Kernel: rbf
Advantage: normalizedfitness
M: 1
lambda: 10
epsilon_svgd: 0.015
gamma: 0.01
decay_start_ratio: 0.3
decay_min_factor: 0.01
bandwith_kernel: None
no_interact: False
avg_score: -2609.97998046875
median_score: -2623.5
std_score: 136.34588623046875
percentiles: 2%=-2862.340087890625, 5%=-2836.800048828125, 10%=-2786.10009765625, 25%=-2698.25, 50%=-2623.5, 75%=-2507.75, 90%=-2412.89990234375, 95%=-2370.0, 98%=-2345.31982421875
ranking_best_algo: DiscreteLengler2OnePlusOne
ranking_best_score: 2617.04
ranking_my_rank: 2/504 (99.8%)
ranking_my_percent: 99.8015873015873
