ConfigName: krbf__advnormalizedfitness__M1__L8__eps0p025__g0p005__ds0p15__dm0p3
Problem: QUBO
Kernel: rbf
Advantage: normalizedfitness
M: 1
lambda: 8
epsilon_svgd: 0.025
gamma: 0.005
decay_start_ratio: 0.15
decay_min_factor: 0.3
bandwith_kernel: None
no_interact: False
avg_score: -2501.93994140625
median_score: -2502.5
std_score: 147.4973602294922
percentiles: 2%=-2782.47998046875, 5%=-2742.0, 10%=-2683.0, 25%=-2599.75, 50%=-2502.5, 75%=-2393.5, 90%=-2317.800048828125, 95%=-2306.10009765625, 98%=-2253.7998046875
ranking_best_algo: DiscreteLengler2OnePlusOne
ranking_best_score: 2617.04
ranking_my_rank: 72/504 (85.9%)
ranking_my_percent: 85.91269841269842
