ConfigName: kjsd__advperagentrankweighted__M3__L24__eps0p007__g0p001__ds0p05__dm0p2
Problem: NK
Kernel: jsd
Advantage: peragentrankweighted
M: 3
lambda: 24
epsilon_svgd: 0.007
gamma: 0.001
decay_start_ratio: 0.05
decay_min_factor: 0.2
bandwith_kernel: None
no_interact: False
avg_score: 0.7283023595809937
median_score: 0.7273322343826294
std_score: 0.01105448231101036
percentiles: 2%=0.7105451822280884, 5%=0.7134112119674683, 10%=0.7154583930969238, 25%=0.7189035415649414, 50%=0.7273322343826294, 75%=0.7351246476173401, 90%=0.7435232996940613, 95%=0.746158242225647, 98%=0.7525397539138794
ranking_best_algo: Tabu
ranking_best_score: 0.7429702712499999
ranking_my_rank: 2/504 (99.8%)
ranking_my_percent: 99.8015873015873
