ConfigName: kfr__advglobalrankweighted__M3__L9__eps0p02__g0p005__ds0p01__dm0p01
Problem: QUBO
Kernel: fr
Advantage: globalrankweighted
M: 3
lambda: 9
epsilon_svgd: 0.02
gamma: 0.005
decay_start_ratio: 0.01
decay_min_factor: 0.01
bandwith_kernel: None
no_interact: False
avg_score: -413.20001220703125
median_score: -414.0
std_score: 27.799280166625977
percentiles: 2%=-471.1199951171875, 5%=-455.6000061035156, 10%=-448.20001220703125, 25%=-428.25, 50%=-414.0, 75%=-394.0, 90%=-379.4000244140625, 95%=-367.8000183105469, 98%=-357.7999572753906
ranking_best_algo: Tabu
ranking_best_score: 438.12
ranking_my_rank: 59/504 (88.5%)
ranking_my_percent: 88.4920634920635
