ConfigName: krbf__advnormalizedfitness__M4__L12__eps0p025__g0p015__ds0p3__dm0p3
Problem: QUBO
Kernel: rbf
Advantage: normalizedfitness
M: 4
lambda: 12
epsilon_svgd: 0.025
gamma: 0.015
decay_start_ratio: 0.3
decay_min_factor: 0.3
bandwith_kernel: None
no_interact: False
avg_score: -1225.300048828125
median_score: -1213.0
std_score: 146.9334259033203
percentiles: 2%=-1584.3800048828125, 5%=-1491.800048828125, 10%=-1452.300048828125, 25%=-1299.5, 50%=-1213.0, 75%=-1111.75, 90%=-1052.5, 95%=-1019.2000732421875, 98%=-991.5798950195312
ranking_best_algo: DiscreteLengler2OnePlusOne
ranking_best_score: 2617.04
ranking_my_rank: 379/504 (25.0%)
ranking_my_percent: 25.0
