ConfigName: krbf__advnormalizedfitness__M3__L12__eps0p033__g0p005__ds0p01__dm0p01
Problem: QUBO
Kernel: rbf
Advantage: normalizedfitness
M: 3
lambda: 12
epsilon_svgd: 0.033
gamma: 0.005
decay_start_ratio: 0.01
decay_min_factor: 0.01
bandwith_kernel: None
no_interact: False
avg_score: -148.16000366210938
median_score: -147.0
std_score: 14.263744354248047
percentiles: 2%=-179.0, 5%=-179.0, 10%=-164.0, 25%=-155.0, 50%=-147.0, 75%=-141.0, 90%=-130.8000030517578, 95%=-124.85001373291016, 98%=-120.85997009277344
ranking_best_algo: CMApara
ranking_best_score: 154.28
ranking_my_rank: 86/504 (83.1%)
ranking_my_percent: 83.13492063492063
