ConfigName: kfr__advglobalrankweighted__M4__L13__eps0p03__g0p001__ds0p01__dm0p01
Problem: QUBO
Kernel: fr
Advantage: globalrankweighted
M: 4
lambda: 13
epsilon_svgd: 0.03
gamma: 0.001
decay_start_ratio: 0.01
decay_min_factor: 0.01
bandwith_kernel: None
no_interact: False
avg_score: -1144.8199462890625
median_score: -1136.0
std_score: 59.55390548706055
percentiles: 2%=-1283.239990234375, 5%=-1236.449951171875, 10%=-1215.699951171875, 25%=-1186.0, 50%=-1136.0, 75%=-1102.75, 90%=-1076.699951171875, 95%=-1062.800048828125, 98%=-1016.8400268554688
ranking_best_algo: Tabu
ranking_best_score: 1216.16
ranking_my_rank: 151/504 (70.2%)
ranking_my_percent: 70.23809523809524
