ConfigName: kjsd__advperagentrankweighted__M6__L8__eps0p03__g0p0003__ds0p05__dm0p05
Problem: QUBO
Kernel: jsd
Advantage: peragentrankweighted
M: 6
lambda: 8
epsilon_svgd: 0.03
gamma: 0.0003
decay_start_ratio: 0.05
decay_min_factor: 0.05
bandwith_kernel: None
no_interact: False
avg_score: -1250.1800537109375
median_score: -1250.0
std_score: 56.9690055847168
percentiles: 2%=-1377.1600341796875, 5%=-1350.800048828125, 10%=-1323.199951171875, 25%=-1290.25, 50%=-1250.0, 75%=-1202.75, 90%=-1180.4000244140625, 95%=-1164.5, 98%=-1152.9599609375
ranking_best_algo: BigLognormalDiscreteOnePlusOne
ranking_best_score: 1301.3600000000004
ranking_my_rank: 56/504 (89.1%)
ranking_my_percent: 89.08730158730158
