ConfigName: kjsd__advperagentrankweighted__M3__L18__eps0p005__g0p0005__ds0p2__dm0p05
Problem: QUBO
Kernel: jsd
Advantage: peragentrankweighted
M: 3
lambda: 18
epsilon_svgd: 0.005
gamma: 0.0005
decay_start_ratio: 0.2
decay_min_factor: 0.05
bandwith_kernel: None
no_interact: False
avg_score: -2604.320068359375
median_score: -2610.0
std_score: 116.94706726074219
percentiles: 2%=-2850.60009765625, 5%=-2802.89990234375, 10%=-2759.60009765625, 25%=-2674.0, 50%=-2610.0, 75%=-2501.75, 90%=-2461.39990234375, 95%=-2444.0, 98%=-2415.52001953125
ranking_best_algo: SVM1MetaModelLogNormal
ranking_best_score: 2605.14
ranking_my_rank: 2/504 (99.8%)
ranking_my_percent: 99.8015873015873
