ConfigName: krbf__advnormalizedfitness__M4__L12__eps0p033__g0p015__ds0p3__dm0p01
Problem: QUBO
Kernel: rbf
Advantage: normalizedfitness
M: 4
lambda: 12
epsilon_svgd: 0.033
gamma: 0.015
decay_start_ratio: 0.3
decay_min_factor: 0.01
bandwith_kernel: None
no_interact: False
avg_score: -527.9199829101562
median_score: -528.5
std_score: 44.43819808959961
percentiles: 2%=-623.1199951171875, 5%=-597.2000122070312, 10%=-582.0999755859375, 25%=-559.0, 50%=-528.5, 75%=-499.75, 90%=-472.8999938964844, 95%=-461.9000244140625, 98%=-447.3798828125
ranking_best_algo: Tabu
ranking_best_score: 588.7199999999999
ranking_my_rank: 196/503 (61.2%)
ranking_my_percent: 61.232604373757454
