ConfigName: kjsd__advperagentrankweighted__M4__L24__eps0p01__g0p0005__ds0p05__dm0p05
Problem: QUBO
Kernel: jsd
Advantage: peragentrankweighted
M: 4
lambda: 24
epsilon_svgd: 0.01
gamma: 0.0005
decay_start_ratio: 0.05
decay_min_factor: 0.05
bandwith_kernel: None
no_interact: False
avg_score: -431.67999267578125
median_score: -431.5
std_score: 26.36849594116211
percentiles: 2%=-481.0, 5%=-479.0, 10%=-473.20001220703125, 25%=-449.0, 50%=-431.5, 75%=-415.0, 90%=-401.6000061035156, 95%=-388.8999938964844, 98%=-374.9800109863281
ranking_best_algo: CMAL3
ranking_best_score: 435.36
ranking_my_rank: 7/504 (98.8%)
ranking_my_percent: 98.80952380952381
no_repulsion: True
