ConfigName: krbf__advnormalizedfitness__M4__L10__eps0p03__g0p01__ds0p05__dm0p05
Problem: NK
Kernel: rbf
Advantage: normalizedfitness
M: 4
lambda: 10
epsilon_svgd: 0.03
gamma: 0.01
decay_start_ratio: 0.05
decay_min_factor: 0.05
bandwith_kernel: None
no_interact: False
avg_score: 0.7107415199279785
median_score: 0.7116639614105225
std_score: 0.015079973265528679
percentiles: 2%=0.673730731010437, 5%=0.6740725040435791, 10%=0.6973156929016113, 25%=0.7074357867240906, 50%=0.7116639614105225, 75%=0.7193129658699036, 90%=0.7255191802978516, 95%=0.7322667241096497, 98%=0.733765721321106
ranking_best_algo: CMApara
ranking_best_score: 0.707475975
ranking_my_rank: 1/504 (100.0%)
ranking_my_percent: 100.0
