ConfigName: kjsd__advperagentrankweighted__M3__L18__eps0p007__g0p001__ds0p1__dm0p2
Problem: NK
Kernel: jsd
Advantage: peragentrankweighted
M: 3
lambda: 18
epsilon_svgd: 0.007
gamma: 0.001
decay_start_ratio: 0.1
decay_min_factor: 0.2
bandwith_kernel: None
no_interact: False
avg_score: 0.7379305958747864
median_score: 0.7392741441726685
std_score: 0.008495309390127659
percentiles: 2%=0.7205992341041565, 5%=0.7224985361099243, 10%=0.7248846292495728, 25%=0.7337186336517334, 50%=0.7392741441726685, 75%=0.7439536452293396, 90%=0.7466487884521484, 95%=0.7480738759040833, 98%=0.7538942694664001
ranking_best_algo: PBIL
ranking_best_score: 0.730509098125
ranking_my_rank: 1/504 (100.0%)
ranking_my_percent: 100.0
