ConfigName: kjsd__advperagentrankweighted__M3__L18__eps0p005__g0p0007__ds0p05__dm0p05
Problem: QUBO
Kernel: jsd
Advantage: peragentrankweighted
M: 3
lambda: 18
epsilon_svgd: 0.005
gamma: 0.0007
decay_start_ratio: 0.05
decay_min_factor: 0.05
bandwith_kernel: None
no_interact: False
avg_score: -929.9000244140625
median_score: -931.5
std_score: 70.64679718017578
percentiles: 2%=-1076.0400390625, 5%=-1058.3499755859375, 10%=-1025.0, 25%=-978.75, 50%=-931.5, 75%=-880.0, 90%=-843.0, 95%=-808.7999877929688, 98%=-796.5999755859375
ranking_best_algo: CMApara
ranking_best_score: 964.9
ranking_my_rank: 19/504 (96.4%)
ranking_my_percent: 96.42857142857143
