ConfigName: krbf__advnormalizedfitness__M3__L12__eps0p033__g0p007__ds0p15__dm0p01
Problem: QUBO
Kernel: rbf
Advantage: normalizedfitness
M: 3
lambda: 12
epsilon_svgd: 0.033
gamma: 0.007
decay_start_ratio: 0.15
decay_min_factor: 0.01
bandwith_kernel: None
no_interact: False
avg_score: -926.8200073242188
median_score: -917.5
std_score: 69.10128021240234
percentiles: 2%=-1072.0400390625, 5%=-1049.050048828125, 10%=-1029.5, 25%=-970.25, 50%=-917.5, 75%=-870.5, 90%=-844.5999755859375, 95%=-834.5000610351562, 98%=-815.97998046875
ranking_best_algo: CMApara
ranking_best_score: 964.9
ranking_my_rank: 21/504 (96.0%)
ranking_my_percent: 96.03174603174604
