ConfigName: kjsd__advperagentrankweighted__M3__L20__eps0p005__g0p0005__ds0p1__dm0p05
Problem: NK
Kernel: jsd
Advantage: peragentrankweighted
M: 3
lambda: 20
epsilon_svgd: 0.005
gamma: 0.0005
decay_start_ratio: 0.1
decay_min_factor: 0.05
bandwith_kernel: None
no_interact: False
avg_score: 0.7487815618515015
median_score: 0.7483384609222412
std_score: 0.009170218370854855
percentiles: 2%=0.730802059173584, 5%=0.7336811423301697, 10%=0.7375644445419312, 25%=0.7423092126846313, 50%=0.7483384609222412, 75%=0.7543483376502991, 90%=0.7604031562805176, 95%=0.7634950280189514, 98%=0.7656538486480713
ranking_best_algo: PBIL
ranking_best_score: 0.733570253046875
ranking_my_rank: 1/504 (100.0%)
ranking_my_percent: 100.0
