ConfigName: kjsd__advperagentrankweighted__M5__L24__eps0p03__g0p0007__ds0p05__dm0p05
Problem: NK
Kernel: jsd
Advantage: peragentrankweighted
M: 5
lambda: 24
epsilon_svgd: 0.03
gamma: 0.0007
decay_start_ratio: 0.05
decay_min_factor: 0.05
bandwith_kernel: None
no_interact: False
avg_score: 0.7343664765357971
median_score: 0.7354937791824341
std_score: 0.008658082224428654
percentiles: 2%=0.7167435884475708, 5%=0.7183926701545715, 10%=0.7209983468055725, 25%=0.7296910285949707, 50%=0.7354937791824341, 75%=0.7407007813453674, 90%=0.7456175088882446, 95%=0.7468730807304382, 98%=0.747069239616394
ranking_best_algo: PBIL
ranking_best_score: 0.7248786399609374
ranking_my_rank: 1/504 (100.0%)
ranking_my_percent: 100.0
