ConfigName: kjsd__advperagentrankweighted__M3__L16__eps0p01__g0p0005__ds0p1__dm0p2
Problem: NK
Kernel: jsd
Advantage: peragentrankweighted
M: 3
lambda: 16
epsilon_svgd: 0.01
gamma: 0.0005
decay_start_ratio: 0.1
decay_min_factor: 0.2
bandwith_kernel: None
no_interact: False
avg_score: 0.7343373894691467
median_score: 0.7356703281402588
std_score: 0.009310651570558548
percentiles: 2%=0.7156988978385925, 5%=0.7186684608459473, 10%=0.7215131521224976, 25%=0.7284421324729919, 50%=0.7356703281402588, 75%=0.7409173846244812, 90%=0.7451640367507935, 95%=0.7476261258125305, 98%=0.7493914365768433
ranking_best_algo: PBIL
ranking_best_score: 0.730509098125
ranking_my_rank: 1/504 (100.0%)
ranking_my_percent: 100.0
