ConfigName: kjsd__advperagentrankweighted__M3__L30__eps0p005__g0p0005__ds0p1__dm0p1
Problem: QUBO
Kernel: jsd
Advantage: peragentrankweighted
M: 3
lambda: 30
epsilon_svgd: 0.005
gamma: 0.0005
decay_start_ratio: 0.1
decay_min_factor: 0.1
bandwith_kernel: None
no_interact: False
avg_score: -580.0599975585938
median_score: -578.0
std_score: 29.694381713867188
percentiles: 2%=-629.0800170898438, 5%=-621.2000122070312, 10%=-618.0999755859375, 25%=-605.5, 50%=-578.0, 75%=-558.5, 90%=-544.9000244140625, 95%=-531.7999877929688, 98%=-520.739990234375
ranking_best_algo: Tabu
ranking_best_score: 588.7199999999999
ranking_my_rank: 40/503 (92.2%)
ranking_my_percent: 92.2465208747515
