ConfigName: krbf__advnormalizedfitness__M3__L8__eps0p015__g0p005__ds0p3__dm0p01
Problem: NK
Kernel: rbf
Advantage: normalizedfitness
M: 3
lambda: 8
epsilon_svgd: 0.015
gamma: 0.005
decay_start_ratio: 0.3
decay_min_factor: 0.01
bandwith_kernel: None
no_interact: False
avg_score: 0.7408838868141174
median_score: 0.7404640316963196
std_score: 0.013604126870632172
percentiles: 2%=0.7180287837982178, 5%=0.7201315760612488, 10%=0.7220747470855713, 25%=0.7314248085021973, 50%=0.7404640316963196, 75%=0.7498185634613037, 90%=0.7585190534591675, 95%=0.7630527019500732, 98%=0.7672584652900696
ranking_best_algo: Tabu
ranking_best_score: 0.7601875690625
ranking_my_rank: 12/504 (97.8%)
ranking_my_percent: 97.81746031746032
