ConfigName: krbf__advnormalizedfitness__M3__L10__eps0p033__g0p015__ds0p3__dm0p01
Problem: QUBO
Kernel: rbf
Advantage: normalizedfitness
M: 3
lambda: 10
epsilon_svgd: 0.033
gamma: 0.015
decay_start_ratio: 0.3
decay_min_factor: 0.01
bandwith_kernel: None
no_interact: False
avg_score: -1244.3399658203125
median_score: -1241.5
std_score: 70.6250991821289
percentiles: 2%=-1366.780029296875, 5%=-1350.050048828125, 10%=-1334.300048828125, 25%=-1299.75, 50%=-1241.5, 75%=-1192.0, 90%=-1153.9000244140625, 95%=-1131.949951171875, 98%=-1120.639892578125
ranking_best_algo: BigLognormalDiscreteOnePlusOne
ranking_best_score: 1301.3600000000004
ranking_my_rank: 57/504 (88.9%)
ranking_my_percent: 88.88888888888889
