ConfigName: krbf__advnormalizedfitness__M4__L10__eps0p015__g0p005__ds0p15__dm0p01
Problem: NK
Kernel: rbf
Advantage: normalizedfitness
M: 4
lambda: 10
epsilon_svgd: 0.015
gamma: 0.005
decay_start_ratio: 0.15
decay_min_factor: 0.01
bandwith_kernel: None
no_interact: False
avg_score: 0.7525597214698792
median_score: 0.7547916173934937
std_score: 0.014126739464700222
percentiles: 2%=0.7214975953102112, 5%=0.7290508151054382, 10%=0.7333369851112366, 25%=0.7431199550628662, 50%=0.7547916173934937, 75%=0.7635610699653625, 90%=0.7699301838874817, 95%=0.7707292437553406, 98%=0.7775362730026245
ranking_best_algo: Tabu
ranking_best_score: 0.7657846284375001
ranking_my_rank: 10/504 (98.2%)
ranking_my_percent: 98.21428571428571
