ConfigName: krbf__advnormalizedfitness__M4__L15__eps0p033__g0p007__ds0p15__dm0p3
Problem: NK
Kernel: rbf
Advantage: normalizedfitness
M: 4
lambda: 15
epsilon_svgd: 0.033
gamma: 0.007
decay_start_ratio: 0.15
decay_min_factor: 0.3
bandwith_kernel: None
no_interact: False
avg_score: 0.6200174689292908
median_score: 0.6184864044189453
std_score: 0.014168940484523773
percentiles: 2%=0.5976575016975403, 5%=0.6012939810752869, 10%=0.6034765243530273, 25%=0.610011875629425, 50%=0.6184864044189453, 75%=0.6273497343063354, 90%=0.6396815180778503, 95%=0.6457392573356628, 98%=0.6496939063072205
ranking_best_algo: Tabu
ranking_best_score: 0.7429702712499999
ranking_my_rank: 373/504 (26.2%)
ranking_my_percent: 26.19047619047619
