ConfigName: krbf__advnormalizedfitness__M3__L8__eps0p033__g0p015__ds0p01__dm0p3
Problem: QUBO
Kernel: rbf
Advantage: normalizedfitness
M: 3
lambda: 8
epsilon_svgd: 0.033
gamma: 0.015
decay_start_ratio: 0.01
decay_min_factor: 0.3
bandwith_kernel: None
no_interact: False
avg_score: -311.0400085449219
median_score: -318.0
std_score: 39.46794128417969
percentiles: 2%=-396.0, 5%=-386.1000061035156, 10%=-361.5999755859375, 25%=-332.5, 50%=-318.0, 75%=-276.25, 90%=-264.0, 95%=-256.95001220703125, 98%=-250.9399871826172
ranking_best_algo: CMApara
ranking_best_score: 319.29999999999995
ranking_my_rank: 39/504 (92.5%)
ranking_my_percent: 92.46031746031746
