ConfigName: kjsd__advperagentrankweighted__M5__L8__eps0p01__g0p003__ds0p05__dm0p2
Problem: QUBO
Kernel: jsd
Advantage: peragentrankweighted
M: 5
lambda: 8
epsilon_svgd: 0.01
gamma: 0.003
decay_start_ratio: 0.05
decay_min_factor: 0.2
bandwith_kernel: None
no_interact: False
avg_score: -437.239990234375
median_score: -439.5
std_score: 24.218637466430664
percentiles: 2%=-481.0400085449219, 5%=-472.25, 10%=-468.0, 25%=-454.25, 50%=-439.5, 75%=-419.0, 90%=-405.0, 95%=-395.95001220703125, 98%=-390.9800109863281
ranking_best_algo: CMApara
ranking_best_score: 453.82
ranking_my_rank: 28/504 (94.6%)
ranking_my_percent: 94.64285714285714
