ConfigName: kfr__advglobalrankweighted__M4__L24__eps0p03__g0p001__ds0p01__dm0p01
Problem: NK
Kernel: fr
Advantage: globalrankweighted
M: 4
lambda: 24
epsilon_svgd: 0.03
gamma: 0.001
decay_start_ratio: 0.01
decay_min_factor: 0.01
bandwith_kernel: None
no_interact: False
avg_score: 0.7082538604736328
median_score: 0.708212673664093
std_score: 0.006251045502722263
percentiles: 2%=0.6970043182373047, 5%=0.6990459561347961, 10%=0.7001816034317017, 25%=0.7037408351898193, 50%=0.708212673664093, 75%=0.7132517695426941, 90%=0.7162208557128906, 95%=0.7171391248703003, 98%=0.7200363874435425
ranking_best_algo: PBIL
ranking_best_score: 0.7170882103515624
ranking_my_rank: 54/504 (89.5%)
ranking_my_percent: 89.48412698412699
