ConfigName: krbf__advnormalizedfitness__M2__L8__eps0p015__g0p01__ds0p15__dm0p3
Problem: QUBO
Kernel: rbf
Advantage: normalizedfitness
M: 2
lambda: 8
epsilon_svgd: 0.015
gamma: 0.01
decay_start_ratio: 0.15
decay_min_factor: 0.3
bandwith_kernel: None
no_interact: False
avg_score: -328.67999267578125
median_score: -330.0
std_score: 22.163427352905273
percentiles: 2%=-372.0, 5%=-355.1000061035156, 10%=-354.0, 25%=-343.25, 50%=-330.0, 75%=-314.75, 90%=-297.79998779296875, 95%=-290.0, 98%=-280.0
ranking_best_algo: CMApara
ranking_best_score: 344.22
ranking_my_rank: 83/504 (83.7%)
ranking_my_percent: 83.73015873015873
