ConfigName: krbf__advnormalizedfitness__M4__L12__eps0p015__g0p015__ds0p01__dm0p3
Problem: QUBO
Kernel: rbf
Advantage: normalizedfitness
M: 4
lambda: 12
epsilon_svgd: 0.015
gamma: 0.015
decay_start_ratio: 0.01
decay_min_factor: 0.3
bandwith_kernel: None
no_interact: False
avg_score: -470.3800048828125
median_score: -465.0
std_score: 39.002506256103516
percentiles: 2%=-570.239990234375, 5%=-540.1500244140625, 10%=-519.2000122070312, 25%=-487.25, 50%=-465.0, 75%=-443.0, 90%=-427.0, 95%=-421.7500305175781, 98%=-416.8799743652344
ranking_best_algo: SVMMetaModelLogNormal
ranking_best_score: 1233.7999999999997
ranking_my_rank: 396/504 (21.6%)
ranking_my_percent: 21.626984126984127
