ConfigName: kjsd__advperagentrankweighted__M5__L12__eps0p03__g0p0003__ds0p05__dm0p05
Problem: QUBO
Kernel: jsd
Advantage: peragentrankweighted
M: 5
lambda: 12
epsilon_svgd: 0.03
gamma: 0.0003
decay_start_ratio: 0.05
decay_min_factor: 0.05
bandwith_kernel: None
no_interact: False
avg_score: -894.47998046875
median_score: -894.0
std_score: 59.696475982666016
percentiles: 2%=-1012.0599975585938, 5%=-996.2000122070312, 10%=-982.0999755859375, 25%=-925.25, 50%=-894.0, 75%=-851.75, 90%=-817.5999755859375, 95%=-802.9000244140625, 98%=-787.780029296875
ranking_best_algo: CMAL3
ranking_best_score: 928.5800000000002
ranking_my_rank: 90/504 (82.3%)
ranking_my_percent: 82.34126984126983
