ConfigName: kjsd__advperagentrankweighted__M3__L18__eps0p007__g0p0007__ds0p2__dm0p05
Problem: NK
Kernel: jsd
Advantage: peragentrankweighted
M: 3
lambda: 18
epsilon_svgd: 0.007
gamma: 0.0007
decay_start_ratio: 0.2
decay_min_factor: 0.05
bandwith_kernel: None
no_interact: False
avg_score: 0.7411585450172424
median_score: 0.7407307028770447
std_score: 0.014066834934055805
percentiles: 2%=0.7088870406150818, 5%=0.7206534147262573, 10%=0.723831057548523, 25%=0.7315040230751038, 50%=0.7407307028770447, 75%=0.7499463558197021, 90%=0.7582059502601624, 95%=0.7620972990989685, 98%=0.7686483860015869
ranking_best_algo: Tabu
ranking_best_score: 0.7601875690625
ranking_my_rank: 12/504 (97.8%)
ranking_my_percent: 97.81746031746032
