ConfigName: kjsd__advperagentrankweighted__M3__L30__eps0p007__g0p001__ds0p1__dm0p05
Problem: NK
Kernel: jsd
Advantage: peragentrankweighted
M: 3
lambda: 30
epsilon_svgd: 0.007
gamma: 0.001
decay_start_ratio: 0.1
decay_min_factor: 0.05
bandwith_kernel: None
no_interact: False
avg_score: 0.7536273002624512
median_score: 0.7530748844146729
std_score: 0.014733896590769291
percentiles: 2%=0.7259297370910645, 5%=0.7314255237579346, 10%=0.7349460124969482, 25%=0.7436161637306213, 50%=0.7530748844146729, 75%=0.7647599577903748, 90%=0.7728894948959351, 95%=0.7752203941345215, 98%=0.7789798974990845
ranking_best_algo: Tabu
ranking_best_score: 0.7657846284375001
ranking_my_rank: 9/504 (98.4%)
ranking_my_percent: 98.41269841269842
