ConfigName: kjsd__advperagentrankweighted__M5__L28__eps0p008__g0p0005__ds0p05__dm0p05
Problem: QUBO
Kernel: jsd
Advantage: peragentrankweighted
M: 5
lambda: 28
epsilon_svgd: 0.008
gamma: 0.0005
decay_start_ratio: 0.05
decay_min_factor: 0.05
bandwith_kernel: None
no_interact: False
avg_score: -3252.89990234375
median_score: -3235.5
std_score: 124.42005157470703
percentiles: 2%=-3507.340087890625, 5%=-3467.14990234375, 10%=-3423.5, 25%=-3338.75, 50%=-3235.5, 75%=-3164.75, 90%=-3109.60009765625, 95%=-3073.449951171875, 98%=-3023.9599609375
ranking_best_algo: RLSOnePlusOne
ranking_best_score: 3316.5199999999995
ranking_my_rank: 40/504 (92.3%)
ranking_my_percent: 92.26190476190476
