ConfigName: kjsd__advperagentrankweighted__M3__L18__eps0p01__g0p003__ds0p05__dm0p05
Problem: NK
Kernel: jsd
Advantage: peragentrankweighted
M: 3
lambda: 18
epsilon_svgd: 0.01
gamma: 0.003
decay_start_ratio: 0.05
decay_min_factor: 0.05
bandwith_kernel: None
no_interact: False
avg_score: 0.7468612790107727
median_score: 0.7464346885681152
std_score: 0.010864730924367905
percentiles: 2%=0.7266119718551636, 5%=0.7310202717781067, 10%=0.7329457998275757, 25%=0.738348126411438, 50%=0.7464346885681152, 75%=0.7558452486991882, 90%=0.7614870667457581, 95%=0.7634154558181763, 98%=0.765216588973999
ranking_best_algo: PBIL
ranking_best_score: 0.733570253046875
ranking_my_rank: 1/504 (100.0%)
ranking_my_percent: 100.0
