ConfigName: krbf__advnormalizedfitness__M4__L8__eps0p025__g0p005__ds0p15__dm0p3
Problem: QUBO
Kernel: rbf
Advantage: normalizedfitness
M: 4
lambda: 8
epsilon_svgd: 0.025
gamma: 0.005
decay_start_ratio: 0.15
decay_min_factor: 0.3
bandwith_kernel: None
no_interact: False
avg_score: -139.6199951171875
median_score: -140.0
std_score: 10.951512336730957
percentiles: 2%=-159.02000427246094, 5%=-158.0, 10%=-156.0, 25%=-147.0, 50%=-140.0, 75%=-131.0, 90%=-125.0, 95%=-123.0, 98%=-118.91998291015625
ranking_best_algo: DiscreteDE
ranking_best_score: 143.4
ranking_my_rank: 83/504 (83.7%)
ranking_my_percent: 83.73015873015873
