ConfigName: kjsd__advperagentrankweighted__M5__L8__eps0p005__g0p0005__ds0p2__dm0p05
Problem: NK
Kernel: jsd
Advantage: peragentrankweighted
M: 5
lambda: 8
epsilon_svgd: 0.005
gamma: 0.0005
decay_start_ratio: 0.2
decay_min_factor: 0.05
bandwith_kernel: None
no_interact: False
avg_score: 0.7103222012519836
median_score: 0.71110600233078
std_score: 0.015442850068211555
percentiles: 2%=0.6698061227798462, 5%=0.6713018417358398, 10%=0.6976940035820007, 25%=0.7070345878601074, 50%=0.71110600233078, 75%=0.7186398506164551, 90%=0.7255503535270691, 95%=0.7324185967445374, 98%=0.7332733869552612
ranking_best_algo: CMApara
ranking_best_score: 0.707475975
ranking_my_rank: 1/504 (100.0%)
ranking_my_percent: 100.0
