ConfigName: kjsd__advperagentrankweighted__M3__L30__eps0p005__g0p0005__ds0p2__dm0p05
Problem: NK
Kernel: jsd
Advantage: peragentrankweighted
M: 3
lambda: 30
epsilon_svgd: 0.005
gamma: 0.0005
decay_start_ratio: 0.2
decay_min_factor: 0.05
bandwith_kernel: None
no_interact: False
avg_score: 0.7350368499755859
median_score: 0.7351733446121216
std_score: 0.01009026076644659
percentiles: 2%=0.7142576575279236, 5%=0.7198598384857178, 10%=0.7215476036071777, 25%=0.7284579277038574, 50%=0.7351733446121216, 75%=0.7420222163200378, 90%=0.7470255494117737, 95%=0.7521718740463257, 98%=0.7555938959121704
ranking_best_algo: Tabu
ranking_best_score: 0.7429702712499999
ranking_my_rank: 2/504 (99.8%)
ranking_my_percent: 99.8015873015873
