ConfigName: kjsd__advperagentrankweighted__M4__L24__eps0p02__g0p0003__ds0p05__dm0p05
Problem: QUBO
Kernel: jsd
Advantage: peragentrankweighted
M: 4
lambda: 24
epsilon_svgd: 0.02
gamma: 0.0003
decay_start_ratio: 0.05
decay_min_factor: 0.05
bandwith_kernel: None
no_interact: False
avg_score: -1177.260009765625
median_score: -1169.5
std_score: 56.94375991821289
percentiles: 2%=-1307.0400390625, 5%=-1267.449951171875, 10%=-1250.300048828125, 25%=-1223.5, 50%=-1169.5, 75%=-1134.5, 90%=-1110.0, 95%=-1103.949951171875, 98%=-1091.6400146484375
ranking_best_algo: Tabu
ranking_best_score: 1216.16
ranking_my_rank: 82/504 (83.9%)
ranking_my_percent: 83.92857142857143
