ConfigName: krbf__advglobalrankweighted__M4__L9__eps0p01__g0p005__ds0p01__dm0p01
Problem: QUBO
Kernel: rbf
Advantage: globalrankweighted
M: 4
lambda: 9
epsilon_svgd: 0.01
gamma: 0.005
decay_start_ratio: 0.01
decay_min_factor: 0.01
bandwith_kernel: None
no_interact: False
avg_score: -1539.1400146484375
median_score: -1534.0
std_score: 94.01085662841797
percentiles: 2%=-1720.0, 5%=-1689.800048828125, 10%=-1671.199951171875, 25%=-1611.5, 50%=-1534.0, 75%=-1471.0, 90%=-1438.0, 95%=-1384.5, 98%=-1330.8800048828125
ranking_best_algo: NLOPT_LN_PRAXIS
ranking_best_score: 1607.12
ranking_my_rank: 57/504 (88.9%)
ranking_my_percent: 88.88888888888889
