ConfigName: kjsd__advperagentrankweighted__M3__L16__eps0p005__g0p0007__ds0p1__dm0p05
Problem: QUBO
Kernel: jsd
Advantage: peragentrankweighted
M: 3
lambda: 16
epsilon_svgd: 0.005
gamma: 0.0007
decay_start_ratio: 0.1
decay_min_factor: 0.05
bandwith_kernel: None
no_interact: False
avg_score: -1629.4200439453125
median_score: -1628.0
std_score: 63.67985534667969
percentiles: 2%=-1761.219970703125, 5%=-1736.050048828125, 10%=-1703.0999755859375, 25%=-1670.25, 50%=-1628.0, 75%=-1583.0, 90%=-1541.0, 95%=-1520.5999755859375, 98%=-1500.8800048828125
ranking_best_algo: NLOPT_LN_PRAXIS
ranking_best_score: 1607.12
ranking_my_rank: 1/504 (100.0%)
ranking_my_percent: 100.0
