ConfigName: kjsd__advperagentrankweighted__M3__L16__eps0p007__g0p003__ds0p2__dm0p1
Problem: QUBO
Kernel: jsd
Advantage: peragentrankweighted
M: 3
lambda: 16
epsilon_svgd: 0.007
gamma: 0.003
decay_start_ratio: 0.2
decay_min_factor: 0.1
bandwith_kernel: None
no_interact: False
avg_score: -421.760009765625
median_score: -418.0
std_score: 27.53438377380371
percentiles: 2%=-477.0400085449219, 5%=-473.1000061035156, 10%=-469.20001220703125, 25%=-437.0, 50%=-418.0, 75%=-401.0, 90%=-389.0, 95%=-382.8999938964844, 98%=-372.9599914550781
ranking_best_algo: CMAL3
ranking_best_score: 435.36
ranking_my_rank: 52/504 (89.9%)
ranking_my_percent: 89.88095238095238
