ConfigName: kjsd__advperagentrankweighted__M6__L20__eps0p005__g0p0005__ds0p1__dm0p2
Problem: NK
Kernel: jsd
Advantage: peragentrankweighted
M: 6
lambda: 20
epsilon_svgd: 0.005
gamma: 0.0005
decay_start_ratio: 0.1
decay_min_factor: 0.2
bandwith_kernel: None
no_interact: False
avg_score: 0.6761436462402344
median_score: 0.6710770726203918
std_score: 0.019987067207694054
percentiles: 2%=0.6437997817993164, 5%=0.6479366421699524, 10%=0.6543639898300171, 25%=0.6621824502944946, 50%=0.6710770726203918, 75%=0.6860694885253906, 90%=0.7036232352256775, 95%=0.716079831123352, 98%=0.7275596261024475
ranking_best_algo: Tabu
ranking_best_score: 0.7429702712499999
ranking_my_rank: 307/504 (39.3%)
ranking_my_percent: 39.285714285714285
