ConfigName: kjsd__advperagentrankweighted__M3__L16__eps0p007__g0p0005__ds0p05__dm0p2
Problem: QUBO
Kernel: jsd
Advantage: peragentrankweighted
M: 3
lambda: 16
epsilon_svgd: 0.007
gamma: 0.0005
decay_start_ratio: 0.05
decay_min_factor: 0.2
bandwith_kernel: None
no_interact: False
avg_score: -2593.0
median_score: -2584.5
std_score: 119.23724365234375
percentiles: 2%=-2837.419921875, 5%=-2781.699951171875, 10%=-2760.60009765625, 25%=-2661.75, 50%=-2584.5, 75%=-2519.0, 90%=-2437.89990234375, 95%=-2403.699951171875, 98%=-2370.4599609375
ranking_best_algo: SVM1MetaModelLogNormal
ranking_best_score: 2605.14
ranking_my_rank: 10/504 (98.2%)
ranking_my_percent: 98.21428571428571
