ConfigName: krbf__advnormalizedfitness__M3__L15__eps0p025__g0p007__ds0p01__dm0p3
Problem: QUBO
Kernel: rbf
Advantage: normalizedfitness
M: 3
lambda: 15
epsilon_svgd: 0.025
gamma: 0.007
decay_start_ratio: 0.01
decay_min_factor: 0.3
bandwith_kernel: None
no_interact: False
avg_score: -422.9599914550781
median_score: -422.5
std_score: 28.706066131591797
percentiles: 2%=-481.0400085449219, 5%=-477.1000061035156, 10%=-467.20001220703125, 25%=-438.25, 50%=-422.5, 75%=-402.5, 90%=-391.0, 95%=-388.0, 98%=-359.8399658203125
ranking_best_algo: CMAL3
ranking_best_score: 435.36
ranking_my_rank: 33/504 (93.7%)
ranking_my_percent: 93.65079365079364
