ConfigName: kjsd__advperagentrankweighted__M3__L16__eps0p005__g0p003__ds0p05__dm0p2
Problem: NK
Kernel: jsd
Advantage: peragentrankweighted
M: 3
lambda: 16
epsilon_svgd: 0.005
gamma: 0.003
decay_start_ratio: 0.05
decay_min_factor: 0.2
bandwith_kernel: None
no_interact: False
avg_score: 0.6997383832931519
median_score: 0.7020688056945801
std_score: 0.012502695433795452
percentiles: 2%=0.6818127036094666, 5%=0.6822604537010193, 10%=0.683478593826294, 25%=0.6873672008514404, 50%=0.7020688056945801, 75%=0.710297703742981, 90%=0.7151947617530823, 95%=0.719133198261261, 98%=0.7200914025306702
ranking_best_algo: PBIL
ranking_best_score: 0.7013553837109374
ranking_my_rank: 2/504 (99.8%)
ranking_my_percent: 99.8015873015873
