ConfigName: kjsd__advperagentrankweighted__M6__L8__eps0p02__g0p0003__ds0p05__dm0p05
Problem: NK
Kernel: jsd
Advantage: peragentrankweighted
M: 6
lambda: 8
epsilon_svgd: 0.02
gamma: 0.0003
decay_start_ratio: 0.05
decay_min_factor: 0.05
bandwith_kernel: None
no_interact: False
avg_score: 0.7025059461593628
median_score: 0.702324390411377
std_score: 0.006379827857017517
percentiles: 2%=0.6907954812049866, 5%=0.6937112212181091, 10%=0.6947444081306458, 25%=0.6973922848701477, 50%=0.702324390411377, 75%=0.7063003778457642, 90%=0.7114315629005432, 95%=0.7128381133079529, 98%=0.7184461951255798
ranking_best_algo: PBIL
ranking_best_score: 0.7170882103515624
ranking_my_rank: 62/504 (87.9%)
ranking_my_percent: 87.89682539682539
