ConfigName: krbf__advnormalizedfitness__M3__L15__eps0p015__g0p01__ds0p01__dm0p3
Problem: QUBO
Kernel: rbf
Advantage: normalizedfitness
M: 3
lambda: 15
epsilon_svgd: 0.015
gamma: 0.01
decay_start_ratio: 0.01
decay_min_factor: 0.3
bandwith_kernel: None
no_interact: False
avg_score: -1484.56005859375
median_score: -1495.5
std_score: 177.0405731201172
percentiles: 2%=-1908.280029296875, 5%=-1815.449951171875, 10%=-1714.5, 25%=-1579.5, 50%=-1495.5, 75%=-1346.5, 90%=-1261.4000244140625, 95%=-1225.9000244140625, 98%=-1201.15966796875
ranking_best_algo: RLSOnePlusOne
ranking_best_score: 3316.5199999999995
ranking_my_rank: 367/504 (27.4%)
ranking_my_percent: 27.38095238095238
