ConfigName: kjsd__advperagentrankweighted__M4__L12__eps0p005__g0p001__ds0p1__dm0p05
Problem: QUBO
Kernel: jsd
Advantage: peragentrankweighted
M: 4
lambda: 12
epsilon_svgd: 0.005
gamma: 0.001
decay_start_ratio: 0.1
decay_min_factor: 0.05
bandwith_kernel: None
no_interact: False
avg_score: -439.5799865722656
median_score: -443.0
std_score: 26.3147029876709
percentiles: 2%=-483.0400085449219, 5%=-479.1000061035156, 10%=-472.1000061035156, 25%=-457.25, 50%=-443.0, 75%=-420.75, 90%=-401.0, 95%=-393.95001220703125, 98%=-389.9800109863281
ranking_best_algo: CMApara
ranking_best_score: 453.82
ranking_my_rank: 18/504 (96.6%)
ranking_my_percent: 96.62698412698413
