ConfigName: krbf__advnormalizedfitness__M3__L8__eps0p01__g0p001__ds0p05__dm0p05
Problem: QUBO
Kernel: rbf
Advantage: normalizedfitness
M: 3
lambda: 8
epsilon_svgd: 0.01
gamma: 0.001
decay_start_ratio: 0.05
decay_min_factor: 0.05
bandwith_kernel: None
no_interact: False
avg_score: -1258.0400390625
median_score: -1251.0
std_score: 76.10714721679688
percentiles: 2%=-1404.4000244140625, 5%=-1377.8499755859375, 10%=-1353.300048828125, 25%=-1309.5, 50%=-1251.0, 75%=-1207.75, 90%=-1158.5999755859375, 95%=-1140.25, 98%=-1102.800048828125
ranking_best_algo: BigLognormalDiscreteOnePlusOne
ranking_best_score: 1301.3600000000004
ranking_my_rank: 53/504 (89.7%)
ranking_my_percent: 89.68253968253968
