ConfigName: kfr__advglobalrankweighted__M5__L9__eps0p01__g0p007__ds0p01__dm0p01
Problem: QUBO
Kernel: fr
Advantage: globalrankweighted
M: 5
lambda: 9
epsilon_svgd: 0.01
gamma: 0.007
decay_start_ratio: 0.01
decay_min_factor: 0.01
bandwith_kernel: None
no_interact: False
avg_score: -2580.639892578125
median_score: -2560.5
std_score: 167.4647216796875
percentiles: 2%=-2962.239990234375, 5%=-2901.800048828125, 10%=-2810.10009765625, 25%=-2681.5, 50%=-2560.5, 75%=-2474.75, 90%=-2398.699951171875, 95%=-2316.650146484375, 98%=-2292.399658203125
ranking_best_algo: RLSOnePlusOne
ranking_best_score: 3316.5199999999995
ranking_my_rank: 210/504 (58.5%)
ranking_my_percent: 58.53174603174603
