ConfigName: krbf__advnormalizedfitness__M3__L8__eps0p033__g0p005__ds0p15__dm0p3
Problem: NK
Kernel: rbf
Advantage: normalizedfitness
M: 3
lambda: 8
epsilon_svgd: 0.033
gamma: 0.005
decay_start_ratio: 0.15
decay_min_factor: 0.3
bandwith_kernel: None
no_interact: False
avg_score: 0.734840989112854
median_score: 0.7354840040206909
std_score: 0.008594971150159836
percentiles: 2%=0.7170922756195068, 5%=0.721217155456543, 10%=0.7234401106834412, 25%=0.7287993431091309, 50%=0.7354840040206909, 75%=0.7401395440101624, 90%=0.7457996606826782, 95%=0.747300922870636, 98%=0.749773383140564
ranking_best_algo: PBIL
ranking_best_score: 0.730509098125
ranking_my_rank: 1/504 (100.0%)
ranking_my_percent: 100.0
