ConfigName: kfr__advglobalrankweighted__M2__L10__eps0p02__g0p007__ds0p01__dm0p01
Problem: QUBO
Kernel: fr
Advantage: globalrankweighted
M: 2
lambda: 10
epsilon_svgd: 0.02
gamma: 0.007
decay_start_ratio: 0.01
decay_min_factor: 0.01
bandwith_kernel: None
no_interact: False
avg_score: -3276.3798828125
median_score: -3280.5
std_score: 116.3321762084961
percentiles: 2%=-3503.139892578125, 5%=-3449.14990234375, 10%=-3421.300048828125, 25%=-3365.0, 50%=-3280.5, 75%=-3207.5, 90%=-3119.89990234375, 95%=-3089.60009765625, 98%=-3008.9599609375
ranking_best_algo: RLSOnePlusOne
ranking_best_score: 3316.5199999999995
ranking_my_rank: 12/504 (97.8%)
ranking_my_percent: 97.81746031746032
