ConfigName: kjsd__advperagentrankweighted__M3__L20__eps0p005__g0p0007__ds0p2__dm0p05
Problem: QUBO
Kernel: jsd
Advantage: peragentrankweighted
M: 3
lambda: 20
epsilon_svgd: 0.005
gamma: 0.0007
decay_start_ratio: 0.2
decay_min_factor: 0.05
bandwith_kernel: None
no_interact: False
avg_score: -2584.52001953125
median_score: -2597.0
std_score: 116.21707916259766
percentiles: 2%=-2785.4599609375, 5%=-2767.14990234375, 10%=-2734.60009765625, 25%=-2664.25, 50%=-2597.0, 75%=-2502.75, 90%=-2413.60009765625, 95%=-2394.75, 98%=-2383.820068359375
ranking_best_algo: SVM1MetaModelLogNormal
ranking_best_score: 2605.14
ranking_my_rank: 13/504 (97.6%)
ranking_my_percent: 97.61904761904762
