ConfigName: kjsd__advperagentrankweighted__M5__L10__eps0p01__g0p0005__ds0p05__dm0p2
Problem: QUBO
Kernel: jsd
Advantage: peragentrankweighted
M: 5
lambda: 10
epsilon_svgd: 0.01
gamma: 0.0005
decay_start_ratio: 0.05
decay_min_factor: 0.2
bandwith_kernel: None
no_interact: False
avg_score: -947.3599853515625
median_score: -946.5
std_score: 65.92063903808594
percentiles: 2%=-1066.0400390625, 5%=-1048.4000244140625, 10%=-1037.0999755859375, 25%=-996.25, 50%=-946.5, 75%=-894.5, 90%=-859.9000244140625, 95%=-841.0, 98%=-833.0
ranking_best_algo: CMApara
ranking_best_score: 964.9
ranking_my_rank: 3/504 (99.6%)
ranking_my_percent: 99.60317460317461
