ConfigName: kjsd__advperagentrankweighted__M3__L30__eps0p005__g0p0005__ds0p1__dm0p2
Problem: QUBO
Kernel: jsd
Advantage: peragentrankweighted
M: 3
lambda: 30
epsilon_svgd: 0.005
gamma: 0.0005
decay_start_ratio: 0.1
decay_min_factor: 0.2
bandwith_kernel: None
no_interact: False
avg_score: -438.8599853515625
median_score: -441.0
std_score: 27.568466186523438
percentiles: 2%=-489.05999755859375, 5%=-481.0, 10%=-473.20001220703125, 25%=-459.0, 50%=-441.0, 75%=-417.0, 90%=-400.79998779296875, 95%=-392.8999938964844, 98%=-384.8599853515625
ranking_best_algo: CMApara
ranking_best_score: 453.82
ranking_my_rank: 19/504 (96.4%)
ranking_my_percent: 96.42857142857143
