ConfigName: krbf__advnormalizedfitness__M3__L15__eps0p015__g0p005__ds0p01__dm0p3
Problem: QUBO
Kernel: rbf
Advantage: normalizedfitness
M: 3
lambda: 15
epsilon_svgd: 0.015
gamma: 0.005
decay_start_ratio: 0.01
decay_min_factor: 0.3
bandwith_kernel: None
no_interact: False
avg_score: -1143.47998046875
median_score: -1138.5
std_score: 71.0933837890625
percentiles: 2%=-1297.56005859375, 5%=-1279.3499755859375, 10%=-1243.5, 25%=-1178.25, 50%=-1138.5, 75%=-1095.0, 90%=-1051.800048828125, 95%=-1036.8499755859375, 98%=-1010.97998046875
ranking_best_algo: Tabu
ranking_best_score: 1216.16
ranking_my_rank: 151/504 (70.2%)
ranking_my_percent: 70.23809523809524
