ConfigName: krbf__advnormalizedfitness__M3__L8__eps0p025__g0p007__ds0p01__dm0p01
Problem: QUBO
Kernel: rbf
Advantage: normalizedfitness
M: 3
lambda: 8
epsilon_svgd: 0.025
gamma: 0.007
decay_start_ratio: 0.01
decay_min_factor: 0.01
bandwith_kernel: None
no_interact: False
avg_score: -148.27999877929688
median_score: -146.0
std_score: 13.29216194152832
percentiles: 2%=-179.0, 5%=-177.10000610351562, 10%=-160.39999389648438, 25%=-155.0, 50%=-146.0, 75%=-140.0, 90%=-131.89999389648438, 95%=-127.0, 98%=-119.93998718261719
ranking_best_algo: CMApara
ranking_best_score: 154.28
ranking_my_rank: 84/504 (83.5%)
ranking_my_percent: 83.53174603174604
