ConfigName: krbf__advnormalizedfitness__M3__L15__eps0p015__g0p007__ds0p3__dm0p3
Problem: QUBO
Kernel: rbf
Advantage: normalizedfitness
M: 3
lambda: 15
epsilon_svgd: 0.015
gamma: 0.007
decay_start_ratio: 0.3
decay_min_factor: 0.3
bandwith_kernel: None
no_interact: False
avg_score: -139.32000732421875
median_score: -140.0
std_score: 10.839631080627441
percentiles: 2%=-157.02000427246094, 5%=-156.0500030517578, 10%=-156.0, 25%=-146.0, 50%=-140.0, 75%=-129.75, 90%=-125.0, 95%=-123.0, 98%=-118.91998291015625
ranking_best_algo: DiscreteDE
ranking_best_score: 143.4
ranking_my_rank: 86/504 (83.1%)
ranking_my_percent: 83.13492063492063
