ConfigName: krbf__advnormalizedfitness__M3__L8__eps0p033__g0p01__ds0p01__dm0p3
Problem: NK
Kernel: rbf
Advantage: normalizedfitness
M: 3
lambda: 8
epsilon_svgd: 0.033
gamma: 0.01
decay_start_ratio: 0.01
decay_min_factor: 0.3
bandwith_kernel: None
no_interact: False
avg_score: 0.7337836623191833
median_score: 0.7344779372215271
std_score: 0.009893367998301983
percentiles: 2%=0.7140887975692749, 5%=0.7143729329109192, 10%=0.7180150151252747, 25%=0.7273473739624023, 50%=0.7344779372215271, 75%=0.7419660091400146, 90%=0.7453058362007141, 95%=0.7464349269866943, 98%=0.7490251660346985
ranking_best_algo: PBIL
ranking_best_score: 0.7248786399609374
ranking_my_rank: 1/504 (100.0%)
ranking_my_percent: 100.0
