ConfigName: kjsd__advperagentrankweighted__M3__L24__eps0p005__g0p0005__ds0p2__dm0p1
Problem: NK
Kernel: jsd
Advantage: peragentrankweighted
M: 3
lambda: 24
epsilon_svgd: 0.005
gamma: 0.0005
decay_start_ratio: 0.2
decay_min_factor: 0.1
bandwith_kernel: None
no_interact: False
avg_score: 0.7431616187095642
median_score: 0.7407060861587524
std_score: 0.02857520990073681
percentiles: 2%=0.6960464715957642, 5%=0.7025975584983826, 10%=0.711696982383728, 25%=0.7253192663192749, 50%=0.7407060861587524, 75%=0.7560667991638184, 90%=0.7782467603683472, 95%=0.8044298887252808, 98%=0.8104747533798218
ranking_best_algo: CMApara
ranking_best_score: 0.7459277895312499
ranking_my_rank: 13/504 (97.6%)
ranking_my_percent: 97.61904761904762
