ConfigName: kjsd__advperagentrankweighted__M4__L8__eps0p005__g0p0003__ds0p05__dm0p05
Problem: QUBO
Kernel: jsd
Advantage: peragentrankweighted
M: 4
lambda: 8
epsilon_svgd: 0.005
gamma: 0.0003
decay_start_ratio: 0.05
decay_min_factor: 0.05
bandwith_kernel: None
no_interact: False
avg_score: -1623.93994140625
median_score: -1632.5
std_score: 66.1351318359375
percentiles: 2%=-1741.06005859375, 5%=-1719.449951171875, 10%=-1697.5, 25%=-1676.0, 50%=-1632.5, 75%=-1583.5, 90%=-1526.800048828125, 95%=-1506.5999755859375, 98%=-1486.9599609375
ranking_best_algo: NLOPT_LN_PRAXIS
ranking_best_score: 1607.12
ranking_my_rank: 1/504 (100.0%)
ranking_my_percent: 100.0
