ConfigName: kjsd__advperagentrankweighted__M3__L20__eps0p007__g0p0005__ds0p2__dm0p1
Problem: NK
Kernel: jsd
Advantage: peragentrankweighted
M: 3
lambda: 20
epsilon_svgd: 0.007
gamma: 0.0005
decay_start_ratio: 0.2
decay_min_factor: 0.1
bandwith_kernel: None
no_interact: False
avg_score: 0.7517340183258057
median_score: 0.7529360055923462
std_score: 0.015293505042791367
percentiles: 2%=0.7211675047874451, 5%=0.7286515235900879, 10%=0.7308784127235413, 25%=0.7392503023147583, 50%=0.7529360055923462, 75%=0.7622310519218445, 90%=0.7709118723869324, 95%=0.7750478386878967, 98%=0.7809056639671326
ranking_best_algo: Tabu
ranking_best_score: 0.7657846284375001
ranking_my_rank: 14/504 (97.4%)
ranking_my_percent: 97.42063492063492
