ConfigName: kjsd__advperagentrankweighted__M5__L8__eps0p01__g0p003__ds0p05__dm0p05
Problem: QUBO
Kernel: jsd
Advantage: peragentrankweighted
M: 5
lambda: 8
epsilon_svgd: 0.01
gamma: 0.003
decay_start_ratio: 0.05
decay_min_factor: 0.05
bandwith_kernel: None
no_interact: False
avg_score: -140.55999755859375
median_score: -141.0
std_score: 10.91083812713623
percentiles: 2%=-159.0, 5%=-158.0, 10%=-156.10000610351562, 25%=-149.5, 50%=-141.0, 75%=-132.0, 90%=-127.0, 95%=-124.94999694824219, 98%=-117.0
ranking_best_algo: DiscreteDE
ranking_best_score: 143.4
ranking_my_rank: 78/504 (84.7%)
ranking_my_percent: 84.72222222222223
