ConfigName: kjsd__advperagentrankweighted__M3__L18__eps0p005__g0p003__ds0p2__dm0p1
Problem: NK
Kernel: jsd
Advantage: peragentrankweighted
M: 3
lambda: 18
epsilon_svgd: 0.005
gamma: 0.003
decay_start_ratio: 0.2
decay_min_factor: 0.1
bandwith_kernel: None
no_interact: False
avg_score: 0.7402823567390442
median_score: 0.7386241555213928
std_score: 0.016426363959908485
percentiles: 2%=0.7109944820404053, 5%=0.7161258459091187, 10%=0.7185744047164917, 25%=0.7296005487442017, 50%=0.7386241555213928, 75%=0.7521430253982544, 90%=0.7641956210136414, 95%=0.7695816159248352, 98%=0.7737873792648315
ranking_best_algo: Tabu
ranking_best_score: 0.7470791764843752
ranking_my_rank: 6/504 (99.0%)
ranking_my_percent: 99.0079365079365
