ConfigName: kjsd__advperagentrankweighted__M3__L20__eps0p005__g0p003__ds0p2__dm0p05
Problem: QUBO
Kernel: jsd
Advantage: peragentrankweighted
M: 3
lambda: 20
epsilon_svgd: 0.005
gamma: 0.003
decay_start_ratio: 0.2
decay_min_factor: 0.05
bandwith_kernel: None
no_interact: False
avg_score: -906.5599975585938
median_score: -898.0
std_score: 71.65518951416016
percentiles: 2%=-1060.02001953125, 5%=-1051.050048828125, 10%=-1001.9000244140625, 25%=-945.25, 50%=-898.0, 75%=-867.25, 90%=-822.7000122070312, 95%=-792.9000244140625, 98%=-768.52001953125
ranking_best_algo: CMApara
ranking_best_score: 964.9
ranking_my_rank: 102/504 (80.0%)
ranking_my_percent: 79.96031746031746
