ConfigName: kjsd__advperagentrankweighted__M3__L16__eps0p01__g0p0005__ds0p05__dm0p05
Problem: QUBO
Kernel: jsd
Advantage: peragentrankweighted
M: 3
lambda: 16
epsilon_svgd: 0.01
gamma: 0.0005
decay_start_ratio: 0.05
decay_min_factor: 0.05
bandwith_kernel: None
no_interact: False
avg_score: -307.2799987792969
median_score: -307.0
std_score: 38.91377258300781
percentiles: 2%=-394.0400085449219, 5%=-388.1000061035156, 10%=-358.0, 25%=-332.0, 50%=-307.0, 75%=-273.75, 90%=-263.79998779296875, 95%=-254.9499969482422, 98%=-245.9600067138672
ranking_best_algo: CMApara
ranking_best_score: 319.29999999999995
ranking_my_rank: 99/504 (80.6%)
ranking_my_percent: 80.55555555555556
