ConfigName: kjsd__advperagentrankweighted__M3__L18__eps0p007__g0p0005__ds0p05__dm0p1
Problem: QUBO
Kernel: jsd
Advantage: peragentrankweighted
M: 3
lambda: 18
epsilon_svgd: 0.007
gamma: 0.0005
decay_start_ratio: 0.05
decay_min_factor: 0.1
bandwith_kernel: None
no_interact: False
avg_score: -306.94000244140625
median_score: -298.0
std_score: 39.52968978881836
percentiles: 2%=-388.1199951171875, 5%=-386.0, 10%=-359.6000061035156, 25%=-332.5, 50%=-298.0, 75%=-276.0, 90%=-263.70001220703125, 95%=-254.75, 98%=-247.74000549316406
ranking_best_algo: CMApara
ranking_best_score: 319.29999999999995
ranking_my_rank: 104/504 (79.6%)
ranking_my_percent: 79.56349206349206
