ConfigName: kfr__advglobalrankweighted__M1__L10__eps0p015__g0p007__ds0p01__dm0p01
Problem: QUBO
Kernel: fr
Advantage: globalrankweighted
M: 1
lambda: 10
epsilon_svgd: 0.015
gamma: 0.007
decay_start_ratio: 0.01
decay_min_factor: 0.01
bandwith_kernel: None
no_interact: False
avg_score: -1218.6600341796875
median_score: -1217.0
std_score: 63.07380294799805
percentiles: 2%=-1346.0799560546875, 5%=-1332.1500244140625, 10%=-1303.300048828125, 25%=-1253.5, 50%=-1217.0, 75%=-1171.0, 90%=-1146.800048828125, 95%=-1132.8499755859375, 98%=-1088.35986328125
ranking_best_algo: SVMMetaModelLogNormal
ranking_best_score: 1233.7999999999997
ranking_my_rank: 40/504 (92.3%)
ranking_my_percent: 92.26190476190476
