ConfigName: krbf__advnormalizedfitness__M4__L15__eps0p03__g0p01__ds0p15__dm0p05
Problem: NK
Kernel: rbf
Advantage: normalizedfitness
M: 4
lambda: 15
epsilon_svgd: 0.03
gamma: 0.01
decay_start_ratio: 0.15
decay_min_factor: 0.05
bandwith_kernel: None
no_interact: False
avg_score: 0.5777035355567932
median_score: 0.5758545994758606
std_score: 0.006551811937242746
percentiles: 2%=0.5691803693771362, 5%=0.5709267258644104, 10%=0.5717945098876953, 25%=0.5730565786361694, 50%=0.5758545994758606, 75%=0.57993483543396, 90%=0.5860044956207275, 95%=0.5910471081733704, 98%=0.5973676443099976
ranking_best_algo: PBIL
ranking_best_score: 0.7170882103515624
ranking_my_rank: 385/504 (23.8%)
ranking_my_percent: 23.80952380952381
