ConfigName: kjsd__advperagentrankweighted__M3__L24__eps0p007__g0p0005__ds0p05__dm0p2
Problem: QUBO
Kernel: jsd
Advantage: peragentrankweighted
M: 3
lambda: 24
epsilon_svgd: 0.007
gamma: 0.0005
decay_start_ratio: 0.05
decay_min_factor: 0.2
bandwith_kernel: None
no_interact: False
avg_score: -932.260009765625
median_score: -930.0
std_score: 67.36224365234375
percentiles: 2%=-1074.0400390625, 5%=-1063.0, 10%=-1017.2000122070312, 25%=-975.25, 50%=-930.0, 75%=-886.25, 90%=-839.0, 95%=-826.7999877929688, 98%=-798.5599975585938
ranking_best_algo: CMApara
ranking_best_score: 964.9
ranking_my_rank: 19/504 (96.4%)
ranking_my_percent: 96.42857142857143
