ConfigName: kjsd__advperagentrankweighted__M4__L20__eps0p005__g0p0005__ds0p05__dm0p05
Problem: QUBO
Kernel: jsd
Advantage: peragentrankweighted
M: 4
lambda: 20
epsilon_svgd: 0.005
gamma: 0.0005
decay_start_ratio: 0.05
decay_min_factor: 0.05
bandwith_kernel: None
no_interact: False
avg_score: -431.2799987792969
median_score: -428.0
std_score: 24.866073608398438
percentiles: 2%=-481.0, 5%=-477.0, 10%=-467.0, 25%=-447.75, 50%=-428.0, 75%=-415.0, 90%=-400.79998779296875, 95%=-391.8999938964844, 98%=-386.79998779296875
ranking_best_algo: CMAL3
ranking_best_score: 435.36
ranking_my_rank: 8/504 (98.6%)
ranking_my_percent: 98.61111111111111
