ConfigName: kjsd__advperagentrankweighted__M8__L10__eps0p008__g0p0005__ds0p3__dm0p05
Problem: QUBO
Kernel: jsd
Advantage: peragentrankweighted
M: 8
lambda: 10
epsilon_svgd: 0.008
gamma: 0.0005
decay_start_ratio: 0.3
decay_min_factor: 0.05
bandwith_kernel: None
no_interact: False
avg_score: -2487.10009765625
median_score: -2490.0
std_score: 145.89842224121094
percentiles: 2%=-2778.0400390625, 5%=-2713.60009765625, 10%=-2674.39990234375, 25%=-2594.5, 50%=-2490.0, 75%=-2370.0, 90%=-2296.800048828125, 95%=-2269.89990234375, 98%=-2233.719970703125
ranking_best_algo: SVM1MetaModelLogNormal
ranking_best_score: 2605.14
ranking_my_rank: 69/504 (86.5%)
ranking_my_percent: 86.5079365079365
