ConfigName: kfr__advglobalrankweighted__M6__L10__eps0p015__g0p005__ds0p01__dm0p01
Problem: QUBO
Kernel: fr
Advantage: globalrankweighted
M: 6
lambda: 10
epsilon_svgd: 0.015
gamma: 0.005
decay_start_ratio: 0.01
decay_min_factor: 0.01
bandwith_kernel: None
no_interact: False
avg_score: -907.5800170898438
median_score: -902.5
std_score: 73.3915786743164
percentiles: 2%=-1068.0400390625, 5%=-1048.75, 10%=-1016.7000122070312, 25%=-949.0, 50%=-902.5, 75%=-858.5, 90%=-820.4000244140625, 95%=-801.550048828125, 98%=-786.5198974609375
ranking_best_algo: CMApara
ranking_best_score: 964.9
ranking_my_rank: 99/504 (80.6%)
ranking_my_percent: 80.55555555555556
