ConfigName: krbf__advnormalizedfitness__M3__L10__eps0p025__g0p015__ds0p3__dm0p01
Problem: QUBO
Kernel: rbf
Advantage: normalizedfitness
M: 3
lambda: 10
epsilon_svgd: 0.025
gamma: 0.015
decay_start_ratio: 0.3
decay_min_factor: 0.01
bandwith_kernel: None
no_interact: False
avg_score: -1170.739990234375
median_score: -1167.5
std_score: 67.53511810302734
percentiles: 2%=-1323.239990234375, 5%=-1299.0999755859375, 10%=-1268.0, 25%=-1202.75, 50%=-1167.5, 75%=-1115.75, 90%=-1092.800048828125, 95%=-1076.8499755859375, 98%=-1066.619873046875
ranking_best_algo: Tabu
ranking_best_score: 1216.16
ranking_my_rank: 91/504 (82.1%)
ranking_my_percent: 82.14285714285714
