ConfigName: kjsd__advperagentrankweighted__M3__L24__eps0p005__g0p001__ds0p1__dm0p05
Problem: QUBO
Kernel: jsd
Advantage: peragentrankweighted
M: 3
lambda: 24
epsilon_svgd: 0.005
gamma: 0.001
decay_start_ratio: 0.1
decay_min_factor: 0.05
bandwith_kernel: None
no_interact: False
avg_score: -414.5
median_score: -415.0
std_score: 25.393503189086914
percentiles: 2%=-469.0799865722656, 5%=-453.20001220703125, 10%=-448.1000061035156, 25%=-433.25, 50%=-415.0, 75%=-396.0, 90%=-382.0, 95%=-372.0, 98%=-370.8999938964844
ranking_best_algo: Tabu
ranking_best_score: 438.12
ranking_my_rank: 52/504 (89.9%)
ranking_my_percent: 89.88095238095238
