ConfigName: kjsd__advperagentrankweighted__M2__L20__eps0p005__g0p0005__ds0p05__dm0p05
Problem: QUBO
Kernel: jsd
Advantage: peragentrankweighted
M: 2
lambda: 20
epsilon_svgd: 0.005
gamma: 0.0005
decay_start_ratio: 0.05
decay_min_factor: 0.05
bandwith_kernel: None
no_interact: False
avg_score: -1235.1400146484375
median_score: -1226.0
std_score: 56.82182693481445
percentiles: 2%=-1347.0799560546875, 5%=-1337.199951171875, 10%=-1311.699951171875, 25%=-1275.75, 50%=-1226.0, 75%=-1201.75, 90%=-1166.5999755859375, 95%=-1144.949951171875, 98%=-1130.9200439453125
ranking_best_algo: SVMMetaModelLogNormal
ranking_best_score: 1233.7999999999997
ranking_my_rank: 1/504 (100.0%)
ranking_my_percent: 100.0
