ConfigName: kjsd__advperagentrankweighted__M4__L12__eps0p005__g0p0007__ds0p2__dm0p05
Problem: QUBO
Kernel: jsd
Advantage: peragentrankweighted
M: 4
lambda: 12
epsilon_svgd: 0.005
gamma: 0.0007
decay_start_ratio: 0.2
decay_min_factor: 0.05
bandwith_kernel: None
no_interact: False
avg_score: -1202.3800048828125
median_score: -1194.0
std_score: 67.11687469482422
percentiles: 2%=-1345.1199951171875, 5%=-1323.0999755859375, 10%=-1291.199951171875, 25%=-1257.0, 50%=-1194.0, 75%=-1148.0, 90%=-1127.800048828125, 95%=-1109.4000244140625, 98%=-1095.6199951171875
ranking_best_algo: Tabu
ranking_best_score: 1216.16
ranking_my_rank: 41/504 (92.1%)
ranking_my_percent: 92.06349206349206
