ConfigName: kjsd__advperagentrankweighted__M3__L18__eps0p005__g0p001__ds0p05__dm0p1
Problem: NK
Kernel: jsd
Advantage: peragentrankweighted
M: 3
lambda: 18
epsilon_svgd: 0.005
gamma: 0.001
decay_start_ratio: 0.05
decay_min_factor: 0.1
bandwith_kernel: None
no_interact: False
avg_score: 0.7437930107116699
median_score: 0.7413811087608337
std_score: 0.028912806883454323
percentiles: 2%=0.6900779008865356, 5%=0.7053672671318054, 10%=0.708646297454834, 25%=0.7249876260757446, 50%=0.7413811087608337, 75%=0.7580187320709229, 90%=0.7783300876617432, 95%=0.8044298887252808, 98%=0.8118547797203064
ranking_best_algo: CMApara
ranking_best_score: 0.7459277895312499
ranking_my_rank: 6/504 (99.0%)
ranking_my_percent: 99.0079365079365
