ConfigName: kjsd__advperagentrankweighted__M5__L28__eps0p008__g0p0005__ds0p3__dm0p05
Problem: QUBO
Kernel: jsd
Advantage: peragentrankweighted
M: 5
lambda: 28
epsilon_svgd: 0.008
gamma: 0.0005
decay_start_ratio: 0.3
decay_min_factor: 0.05
bandwith_kernel: None
no_interact: False
avg_score: -3198.679931640625
median_score: -3212.0
std_score: 152.61683654785156
percentiles: 2%=-3475.4599609375, 5%=-3428.0, 10%=-3361.10009765625, 25%=-3309.75, 50%=-3212.0, 75%=-3096.5, 90%=-2973.89990234375, 95%=-2942.5, 98%=-2893.739990234375
ranking_best_algo: RLSOnePlusOne
ranking_best_score: 3316.5199999999995
ranking_my_rank: 53/504 (89.7%)
ranking_my_percent: 89.68253968253968
