ConfigName: kjsd__advperagentrankweighted__M3__L18__eps0p007__g0p0005__ds0p1__dm0p2
Problem: NK
Kernel: jsd
Advantage: peragentrankweighted
M: 3
lambda: 18
epsilon_svgd: 0.007
gamma: 0.0005
decay_start_ratio: 0.1
decay_min_factor: 0.2
bandwith_kernel: None
no_interact: False
avg_score: 0.7400805950164795
median_score: 0.740318775177002
std_score: 0.014353932812809944
percentiles: 2%=0.7104030847549438, 5%=0.7162666320800781, 10%=0.7213390469551086, 25%=0.7321367263793945, 50%=0.740318775177002, 75%=0.7489967942237854, 90%=0.7563639283180237, 95%=0.7602930665016174, 98%=0.7690016627311707
ranking_best_algo: Tabu
ranking_best_score: 0.7601875690625
ranking_my_rank: 15/504 (97.2%)
ranking_my_percent: 97.22222222222223
