ConfigName: kjsd__advperagentrankweighted__M3__L16__eps0p01__g0p0007__ds0p2__dm0p05
Problem: QUBO
Kernel: jsd
Advantage: peragentrankweighted
M: 3
lambda: 16
epsilon_svgd: 0.01
gamma: 0.0007
decay_start_ratio: 0.2
decay_min_factor: 0.05
bandwith_kernel: None
no_interact: False
avg_score: -1295.0400390625
median_score: -1287.5
std_score: 59.25688552856445
percentiles: 2%=-1412.0799560546875, 5%=-1398.25, 10%=-1380.0, 25%=-1334.5, 50%=-1287.5, 75%=-1256.75, 90%=-1225.0, 95%=-1207.0, 98%=-1176.8599853515625
ranking_best_algo: BigLognormalDiscreteOnePlusOne
ranking_best_score: 1301.3600000000004
ranking_my_rank: 2/504 (99.8%)
ranking_my_percent: 99.8015873015873
