ConfigName: krbf__advnormalizedfitness__M4__L12__eps0p033__g0p007__ds0p15__dm0p3
Problem: QUBO
Kernel: rbf
Advantage: normalizedfitness
M: 4
lambda: 12
epsilon_svgd: 0.033
gamma: 0.007
decay_start_ratio: 0.15
decay_min_factor: 0.3
bandwith_kernel: None
no_interact: False
avg_score: -561.0800170898438
median_score: -558.5
std_score: 33.960472106933594
percentiles: 2%=-629.0399780273438, 5%=-614.1500244140625, 10%=-608.0999755859375, 25%=-587.0, 50%=-558.5, 75%=-535.0, 90%=-515.7999877929688, 95%=-506.0, 98%=-500.9599914550781
ranking_best_algo: Tabu
ranking_best_score: 588.7199999999999
ranking_my_rank: 97/503 (80.9%)
ranking_my_percent: 80.9145129224652
