ConfigName: kjsd__advperagentrankweighted__M3__L24__eps0p007__g0p0005__ds0p1__dm0p1
Problem: NK
Kernel: jsd
Advantage: peragentrankweighted
M: 3
lambda: 24
epsilon_svgd: 0.007
gamma: 0.0005
decay_start_ratio: 0.1
decay_min_factor: 0.1
bandwith_kernel: None
no_interact: False
avg_score: 0.7477096319198608
median_score: 0.7476580739021301
std_score: 0.010111733339726925
percentiles: 2%=0.7288393378257751, 5%=0.729422926902771, 10%=0.7344553470611572, 25%=0.7418488264083862, 50%=0.7476580739021301, 75%=0.7532969117164612, 90%=0.7622572779655457, 95%=0.7650776505470276, 98%=0.7676343321800232
ranking_best_algo: PBIL
ranking_best_score: 0.733570253046875
ranking_my_rank: 1/504 (100.0%)
ranking_my_percent: 100.0
