ConfigName: krbf__advnormalizedfitness__M4__L8__eps0p025__g0p007__ds0p01__dm0p01
Problem: QUBO
Kernel: rbf
Advantage: normalizedfitness
M: 4
lambda: 8
epsilon_svgd: 0.025
gamma: 0.007
decay_start_ratio: 0.01
decay_min_factor: 0.01
bandwith_kernel: None
no_interact: False
avg_score: -1544.0999755859375
median_score: -1544.0
std_score: 94.71583557128906
percentiles: 2%=-1732.06005859375, 5%=-1696.050048828125, 10%=-1665.699951171875, 25%=-1605.25, 50%=-1544.0, 75%=-1478.5, 90%=-1429.5, 95%=-1408.4000244140625, 98%=-1320.35986328125
ranking_best_algo: NLOPT_LN_PRAXIS
ranking_best_score: 1607.12
ranking_my_rank: 55/504 (89.3%)
ranking_my_percent: 89.28571428571429
