ConfigName: kjsd__advperagentrankweighted__M10__L10__eps0p008__g0p0005__ds0p3__dm0p05
Problem: QUBO
Kernel: jsd
Advantage: peragentrankweighted
M: 10
lambda: 10
epsilon_svgd: 0.008
gamma: 0.0005
decay_start_ratio: 0.3
decay_min_factor: 0.05
bandwith_kernel: None
no_interact: False
avg_score: -447.17999267578125
median_score: -447.0
std_score: 21.627012252807617
percentiles: 2%=-490.0400085449219, 5%=-483.0, 10%=-472.1000061035156, 25%=-461.25, 50%=-447.0, 75%=-434.75, 90%=-416.8999938964844, 95%=-411.79998779296875, 98%=-397.9800109863281
ranking_best_algo: CMApara
ranking_best_score: 453.82
ranking_my_rank: 2/504 (99.8%)
ranking_my_percent: 99.8015873015873
