ConfigName: kjsd__advperagentrankweighted__M4__L20__eps0p005__g0p0005__ds0p2__dm0p2
Problem: QUBO
Kernel: jsd
Advantage: peragentrankweighted
M: 4
lambda: 20
epsilon_svgd: 0.005
gamma: 0.0005
decay_start_ratio: 0.2
decay_min_factor: 0.2
bandwith_kernel: None
no_interact: False
avg_score: -939.7999877929688
median_score: -932.0
std_score: 68.58615112304688
percentiles: 2%=-1076.0400390625, 5%=-1065.050048828125, 10%=-1043.4000244140625, 25%=-988.0, 50%=-932.0, 75%=-892.0, 90%=-856.2000122070312, 95%=-833.0, 98%=-812.9199829101562
ranking_best_algo: CMApara
ranking_best_score: 964.9
ranking_my_rank: 7/504 (98.8%)
ranking_my_percent: 98.80952380952381
