ConfigName: krbf__advglobalrankweighted__M4__L10__eps0p02__g0p003__ds0p01__dm0p01
Problem: QUBO
Kernel: rbf
Advantage: globalrankweighted
M: 4
lambda: 10
epsilon_svgd: 0.02
gamma: 0.003
decay_start_ratio: 0.01
decay_min_factor: 0.01
bandwith_kernel: None
no_interact: False
avg_score: -308.82000732421875
median_score: -311.0
std_score: 38.852638244628906
percentiles: 2%=-388.0799865722656, 5%=-378.1000061035156, 10%=-358.6000061035156, 25%=-340.0, 50%=-311.0, 75%=-274.0, 90%=-264.0, 95%=-258.70001220703125, 98%=-243.95999145507812
ranking_best_algo: CMApara
ranking_best_score: 319.29999999999995
ranking_my_rank: 86/504 (83.1%)
ranking_my_percent: 83.13492063492063
