ConfigName: kjsd__advperagentrankweighted__M4__L30__eps0p01__g0p0003__ds0p05__dm0p05
Problem: NK
Kernel: jsd
Advantage: peragentrankweighted
M: 4
lambda: 30
epsilon_svgd: 0.01
gamma: 0.0003
decay_start_ratio: 0.05
decay_min_factor: 0.05
bandwith_kernel: None
no_interact: False
avg_score: 0.7350931763648987
median_score: 0.7365729808807373
std_score: 0.008217107504606247
percentiles: 2%=0.7161349654197693, 5%=0.7180619239807129, 10%=0.7248746752738953, 25%=0.7297025918960571, 50%=0.7365729808807373, 75%=0.7413250803947449, 90%=0.7439017295837402, 95%=0.7456778287887573, 98%=0.7480422258377075
ranking_best_algo: PBIL
ranking_best_score: 0.7248786399609374
ranking_my_rank: 1/504 (100.0%)
ranking_my_percent: 100.0
