ConfigName: krbf__advnormalizedfitness__M2__L8__eps0p015__g0p005__ds0p3__dm0p01
Problem: QUBO
Kernel: rbf
Advantage: normalizedfitness
M: 2
lambda: 8
epsilon_svgd: 0.015
gamma: 0.005
decay_start_ratio: 0.3
decay_min_factor: 0.01
bandwith_kernel: None
no_interact: False
avg_score: -413.32000732421875
median_score: -416.5
std_score: 26.87410545349121
percentiles: 2%=-471.1199951171875, 5%=-459.1000061035156, 10%=-446.1000061035156, 25%=-429.0, 50%=-416.5, 75%=-396.0, 90%=-379.79998779296875, 95%=-373.3999938964844, 98%=-354.0
ranking_best_algo: Tabu
ranking_best_score: 438.12
ranking_my_rank: 59/504 (88.5%)
ranking_my_percent: 88.4920634920635
