ConfigName: krbf__advnormalizedfitness__M1__L10__eps0p015__g0p007__ds0p15__dm0p01
Problem: QUBO
Kernel: rbf
Advantage: normalizedfitness
M: 1
lambda: 10
epsilon_svgd: 0.015
gamma: 0.007
decay_start_ratio: 0.15
decay_min_factor: 0.01
bandwith_kernel: None
no_interact: False
avg_score: -1272.780029296875
median_score: -1272.0
std_score: 67.77323913574219
percentiles: 2%=-1407.1800537109375, 5%=-1390.449951171875, 10%=-1365.199951171875, 25%=-1321.75, 50%=-1272.0, 75%=-1218.5, 90%=-1187.5, 95%=-1165.0, 98%=-1148.7799072265625
ranking_best_algo: BigLognormalDiscreteOnePlusOne
ranking_best_score: 1301.3600000000004
ranking_my_rank: 45/504 (91.3%)
ranking_my_percent: 91.26984126984127
