ConfigName: krbf__advnormalizedfitness__M3__L12__eps0p025__g0p01__ds0p15__dm0p01
Problem: NK
Kernel: rbf
Advantage: normalizedfitness
M: 3
lambda: 12
epsilon_svgd: 0.025
gamma: 0.01
decay_start_ratio: 0.15
decay_min_factor: 0.01
bandwith_kernel: None
no_interact: False
avg_score: 0.7331149578094482
median_score: 0.7350537776947021
std_score: 0.009432995691895485
percentiles: 2%=0.7104091644287109, 5%=0.7132870554924011, 10%=0.7202628254890442, 25%=0.727108895778656, 50%=0.7350537776947021, 75%=0.7402805089950562, 90%=0.7443050742149353, 95%=0.7452061772346497, 98%=0.7470207810401917
ranking_best_algo: PBIL
ranking_best_score: 0.7248786399609374
ranking_my_rank: 1/504 (100.0%)
ranking_my_percent: 100.0
