ConfigName: kjsd__advperagentrankweighted__M4__L8__eps0p02__g0p0005__ds0p2__dm0p05
Problem: QUBO
Kernel: jsd
Advantage: peragentrankweighted
M: 4
lambda: 8
epsilon_svgd: 0.02
gamma: 0.0005
decay_start_ratio: 0.2
decay_min_factor: 0.05
bandwith_kernel: None
no_interact: False
avg_score: -570.5599975585938
median_score: -569.5
std_score: 28.480281829833984
percentiles: 2%=-619.1599731445312, 5%=-615.0999755859375, 10%=-607.0, 25%=-594.25, 50%=-569.5, 75%=-549.75, 90%=-537.0, 95%=-524.8499755859375, 98%=-517.9600219726562
ranking_best_algo: Tabu
ranking_best_score: 588.7199999999999
ranking_my_rank: 68/503 (86.7%)
ranking_my_percent: 86.67992047713717
