ConfigName: krbf__advnormalizedfitness__M1__L8__eps0p033__g0p015__ds0p01__dm0p01
Problem: NK
Kernel: rbf
Advantage: normalizedfitness
M: 1
lambda: 8
epsilon_svgd: 0.033
gamma: 0.015
decay_start_ratio: 0.01
decay_min_factor: 0.01
bandwith_kernel: None
no_interact: False
avg_score: 0.7059223055839539
median_score: 0.7068777084350586
std_score: 0.01581285521388054
percentiles: 2%=0.663790225982666, 5%=0.6696125268936157, 10%=0.6928846836090088, 25%=0.700987696647644, 50%=0.7068777084350586, 75%=0.7165058851242065, 90%=0.7229522466659546, 95%=0.7287122011184692, 98%=0.7310775518417358
ranking_best_algo: CMApara
ranking_best_score: 0.707475975
ranking_my_rank: 6/504 (99.0%)
ranking_my_percent: 99.0079365079365
