ConfigName: kjsd__advperagentrankweighted__M3__L20__eps0p005__g0p001__ds0p05__dm0p1
Problem: QUBO
Kernel: jsd
Advantage: peragentrankweighted
M: 3
lambda: 20
epsilon_svgd: 0.005
gamma: 0.001
decay_start_ratio: 0.05
decay_min_factor: 0.1
bandwith_kernel: None
no_interact: False
avg_score: -414.5799865722656
median_score: -414.0
std_score: 28.09454917907715
percentiles: 2%=-473.0799865722656, 5%=-461.3999938964844, 10%=-454.0, 25%=-430.0, 50%=-414.0, 75%=-397.0, 90%=-380.0, 95%=-370.0, 98%=-358.0
ranking_best_algo: Tabu
ranking_best_score: 438.12
ranking_my_rank: 52/504 (89.9%)
ranking_my_percent: 89.88095238095238
