ConfigName: krbf__advnormalizedfitness__M4__L10__eps0p015__g0p007__ds0p15__dm0p01
Problem: NK
Kernel: rbf
Advantage: normalizedfitness
M: 4
lambda: 10
epsilon_svgd: 0.015
gamma: 0.007
decay_start_ratio: 0.15
decay_min_factor: 0.01
bandwith_kernel: None
no_interact: False
avg_score: 0.6586900949478149
median_score: 0.6542593240737915
std_score: 0.023823514580726624
percentiles: 2%=0.6250645518302917, 5%=0.6259049773216248, 10%=0.6299775242805481, 25%=0.6378298997879028, 50%=0.6542593240737915, 75%=0.6772412061691284, 90%=0.6943290829658508, 95%=0.698973536491394, 98%=0.7059795260429382
ranking_best_algo: Tabu
ranking_best_score: 0.7429702712499999
ranking_my_rank: 318/504 (37.1%)
ranking_my_percent: 37.1031746031746
