ConfigName: kjsd__advperagentrankweighted__M4__L12__eps0p03__g0p0005__ds0p05__dm0p05
Problem: NK
Kernel: jsd
Advantage: peragentrankweighted
M: 4
lambda: 12
epsilon_svgd: 0.03
gamma: 0.0005
decay_start_ratio: 0.05
decay_min_factor: 0.05
bandwith_kernel: None
no_interact: False
avg_score: 0.7257446050643921
median_score: 0.725732684135437
std_score: 0.008785460144281387
percentiles: 2%=0.707680881023407, 5%=0.7098497748374939, 10%=0.7141038179397583, 25%=0.7208150625228882, 50%=0.725732684135437, 75%=0.732088565826416, 90%=0.7367002367973328, 95%=0.7418321967124939, 98%=0.7424564361572266
ranking_best_algo: PBIL
ranking_best_score: 0.7248786399609374
ranking_my_rank: 1/504 (100.0%)
ranking_my_percent: 100.0
