ConfigName: kjsd__advperagentrankweighted__M5__L24__eps0p02__g0p0003__ds0p2__dm0p05
Problem: QUBO
Kernel: jsd
Advantage: peragentrankweighted
M: 5
lambda: 24
epsilon_svgd: 0.02
gamma: 0.0003
decay_start_ratio: 0.2
decay_min_factor: 0.05
bandwith_kernel: None
no_interact: False
avg_score: -330.3599853515625
median_score: -334.0
std_score: 22.238489151000977
percentiles: 2%=-372.0, 5%=-357.54998779296875, 10%=-354.29998779296875, 25%=-346.0, 50%=-334.0, 75%=-319.5, 90%=-299.79998779296875, 95%=-288.0, 98%=-280.0
ranking_best_algo: CMApara
ranking_best_score: 344.22
ranking_my_rank: 79/504 (84.5%)
ranking_my_percent: 84.52380952380952
