ConfigName: kfr__advglobalrankweighted__M1__L8__eps0p015__g0p007__ds0p01__dm0p01
Problem: QUBO
Kernel: fr
Advantage: globalrankweighted
M: 1
lambda: 8
epsilon_svgd: 0.015
gamma: 0.007
decay_start_ratio: 0.01
decay_min_factor: 0.01
bandwith_kernel: None
no_interact: False
avg_score: -1149.780029296875
median_score: -1144.0
std_score: 63.92192077636719
percentiles: 2%=-1323.0799560546875, 5%=-1258.699951171875, 10%=-1230.699951171875, 25%=-1176.75, 50%=-1144.0, 75%=-1109.25, 90%=-1088.300048828125, 95%=-1057.4500732421875, 98%=-1028.9599609375
ranking_best_algo: Tabu
ranking_best_score: 1216.16
ranking_my_rank: 144/504 (71.6%)
ranking_my_percent: 71.62698412698413
