ConfigName: krbf__advnormalizedfitness__M3__L10__eps0p033__g0p007__ds0p01__dm0p3
Problem: NK
Kernel: rbf
Advantage: normalizedfitness
M: 3
lambda: 10
epsilon_svgd: 0.033
gamma: 0.007
decay_start_ratio: 0.01
decay_min_factor: 0.3
bandwith_kernel: None
no_interact: False
avg_score: 0.7100505828857422
median_score: 0.7110060453414917
std_score: 0.015216333791613579
percentiles: 2%=0.6721042990684509, 5%=0.6736940145492554, 10%=0.6932471394538879, 25%=0.7067285776138306, 50%=0.7110060453414917, 75%=0.7185025215148926, 90%=0.7254353761672974, 95%=0.7328428626060486, 98%=0.7333236336708069
ranking_best_algo: CMApara
ranking_best_score: 0.707475975
ranking_my_rank: 1/504 (100.0%)
ranking_my_percent: 100.0
