ConfigName: krbf__advglobalrankweighted__M4__L11__eps0p015__g0p003__ds0p01__dm0p01
Problem: QUBO
Kernel: rbf
Advantage: globalrankweighted
M: 4
lambda: 11
epsilon_svgd: 0.015
gamma: 0.003
decay_start_ratio: 0.01
decay_min_factor: 0.01
bandwith_kernel: None
no_interact: False
avg_score: -1286.1199951171875
median_score: -1287.5
std_score: 63.07523727416992
percentiles: 2%=-1400.4599609375, 5%=-1385.0, 10%=-1362.0999755859375, 25%=-1337.5, 50%=-1287.5, 75%=-1237.75, 90%=-1209.5999755859375, 95%=-1194.7000732421875, 98%=-1160.5198974609375
ranking_best_algo: BigLognormalDiscreteOnePlusOne
ranking_best_score: 1301.3600000000004
ranking_my_rank: 4/504 (99.4%)
ranking_my_percent: 99.4047619047619
