ConfigName: kfr__advglobalrankweighted__M3__L8__eps0p02__g0p007__ds0p01__dm0p01
Problem: QUBO
Kernel: fr
Advantage: globalrankweighted
M: 3
lambda: 8
epsilon_svgd: 0.02
gamma: 0.007
decay_start_ratio: 0.01
decay_min_factor: 0.01
bandwith_kernel: None
no_interact: False
avg_score: -426.1199951171875
median_score: -426.5
std_score: 26.238628387451172
percentiles: 2%=-481.0, 5%=-471.1000061035156, 10%=-462.0, 25%=-441.75, 50%=-426.5, 75%=-407.75, 90%=-390.79998779296875, 95%=-384.9000244140625, 98%=-378.91998291015625
ranking_best_algo: CMAL3
ranking_best_score: 435.36
ranking_my_rank: 23/504 (95.6%)
ranking_my_percent: 95.63492063492063
