ConfigName: krbf__advnormalizedfitness__M3__L10__eps0p015__g0p007__ds0p15__dm0p01
Problem: QUBO
Kernel: rbf
Advantage: normalizedfitness
M: 3
lambda: 10
epsilon_svgd: 0.015
gamma: 0.007
decay_start_ratio: 0.15
decay_min_factor: 0.01
bandwith_kernel: None
no_interact: False
avg_score: -1252.219970703125
median_score: -1249.5
std_score: 69.41535949707031
percentiles: 2%=-1391.280029296875, 5%=-1375.0999755859375, 10%=-1340.300048828125, 25%=-1302.0, 50%=-1249.5, 75%=-1196.75, 90%=-1160.699951171875, 95%=-1145.949951171875, 98%=-1134.919921875
ranking_best_algo: BigLognormalDiscreteOnePlusOne
ranking_best_score: 1301.3600000000004
ranking_my_rank: 55/504 (89.3%)
ranking_my_percent: 89.28571428571429
