ConfigName: krbf__advnormalizedfitness__M4__L10__eps0p015__g0p015__ds0p3__dm0p3
Problem: QUBO
Kernel: rbf
Advantage: normalizedfitness
M: 4
lambda: 10
epsilon_svgd: 0.015
gamma: 0.015
decay_start_ratio: 0.3
decay_min_factor: 0.3
bandwith_kernel: None
no_interact: False
avg_score: -966.02001953125
median_score: -962.0
std_score: 70.67134857177734
percentiles: 2%=-1091.9200439453125, 5%=-1073.25, 10%=-1054.0999755859375, 25%=-1025.0, 50%=-962.0, 75%=-904.0, 90%=-876.9000244140625, 95%=-860.9000244140625, 98%=-848.7399291992188
ranking_best_algo: DiscreteLengler2OnePlusOne
ranking_best_score: 2617.04
ranking_my_rank: 396/504 (21.6%)
ranking_my_percent: 21.626984126984127
