ConfigName: kjsd__advperagentrankweighted__M5__L8__eps0p02__g0p0005__ds0p05__dm0p05
Problem: QUBO
Kernel: jsd
Advantage: peragentrankweighted
M: 5
lambda: 8
epsilon_svgd: 0.02
gamma: 0.0005
decay_start_ratio: 0.05
decay_min_factor: 0.05
bandwith_kernel: None
no_interact: False
avg_score: -148.25999450683594
median_score: -147.0
std_score: 11.771677017211914
percentiles: 2%=-179.0, 5%=-164.75, 10%=-160.0, 25%=-155.0, 50%=-147.0, 75%=-141.0, 90%=-137.0, 95%=-130.75, 98%=-121.95999908447266
ranking_best_algo: CMApara
ranking_best_score: 154.28
ranking_my_rank: 84/504 (83.5%)
ranking_my_percent: 83.53174603174604
