ConfigName: krbf__advnormalizedfitness__M2__L6__eps0p01__g0p015__ds0p01__dm0p01
Problem: QUBO
Kernel: rbf
Advantage: normalizedfitness
M: 2
lambda: 6
epsilon_svgd: 0.01
gamma: 0.015
decay_start_ratio: 0.01
decay_min_factor: 0.01
bandwith_kernel: None
no_interact: False
avg_score: -1607.719970703125
median_score: -1607.5
std_score: 71.50540161132812
percentiles: 2%=-1749.199951171875, 5%=-1731.25, 10%=-1701.4000244140625, 25%=-1654.0, 50%=-1607.5, 75%=-1566.75, 90%=-1514.5999755859375, 95%=-1484.9000244140625, 98%=-1456.9599609375
ranking_best_algo: NLOPT_LN_PRAXIS
ranking_best_score: 1607.12
ranking_my_rank: 1/504 (100.0%)
ranking_my_percent: 100.0
