ConfigName: kjsd__advperagentrankweighted__M3__L16__eps0p01__g0p001__ds0p05__dm0p2
Problem: NK
Kernel: jsd
Advantage: peragentrankweighted
M: 3
lambda: 16
epsilon_svgd: 0.01
gamma: 0.001
decay_start_ratio: 0.05
decay_min_factor: 0.2
bandwith_kernel: None
no_interact: False
avg_score: 0.7462308406829834
median_score: 0.746222972869873
std_score: 0.009284300729632378
percentiles: 2%=0.7283018231391907, 5%=0.7305113077163696, 10%=0.733781635761261, 25%=0.7404519319534302, 50%=0.746222972869873, 75%=0.7519992589950562, 90%=0.7585688233375549, 95%=0.7607255578041077, 98%=0.7668973803520203
ranking_best_algo: PBIL
ranking_best_score: 0.733570253046875
ranking_my_rank: 1/504 (100.0%)
ranking_my_percent: 100.0
