ConfigName: kjsd__advperagentrankweighted__M6__L24__eps0p005__g0p0005__ds0p3__dm0p05
Problem: QUBO
Kernel: jsd
Advantage: peragentrankweighted
M: 6
lambda: 24
epsilon_svgd: 0.005
gamma: 0.0005
decay_start_ratio: 0.3
decay_min_factor: 0.05
bandwith_kernel: None
no_interact: False
avg_score: -1078.8399658203125
median_score: -1074.5
std_score: 77.79944610595703
percentiles: 2%=-1235.0400390625, 5%=-1205.550048828125, 10%=-1190.5999755859375, 25%=-1132.5, 50%=-1074.5, 75%=-1020.5, 90%=-976.7000122070312, 95%=-964.8499755859375, 98%=-935.9199829101562
ranking_best_algo: SVMMetaModelLogNormal
ranking_best_score: 1233.7999999999997
ranking_my_rank: 177/504 (65.1%)
ranking_my_percent: 65.07936507936508
