ConfigName: krbf__advnormalizedfitness__M2__L8__eps0p015__g0p005__ds0p3__dm0p3
Problem: NK
Kernel: rbf
Advantage: normalizedfitness
M: 2
lambda: 8
epsilon_svgd: 0.015
gamma: 0.005
decay_start_ratio: 0.3
decay_min_factor: 0.3
bandwith_kernel: None
no_interact: False
avg_score: 0.7335572242736816
median_score: 0.7336715459823608
std_score: 0.010744405910372734
percentiles: 2%=0.7143946290016174, 5%=0.7178043127059937, 10%=0.7190537452697754, 25%=0.7242940664291382, 50%=0.7336715459823608, 75%=0.7414909601211548, 90%=0.7471132278442383, 95%=0.7506075501441956, 98%=0.7555384635925293
ranking_best_algo: Tabu
ranking_best_score: 0.7429702712499999
ranking_my_rank: 2/504 (99.8%)
ranking_my_percent: 99.8015873015873
