ConfigName: kfr__advglobalrankweighted__M6__L8__eps0p02__g0p005__ds0p01__dm0p01
Problem: QUBO
Kernel: fr
Advantage: globalrankweighted
M: 6
lambda: 8
epsilon_svgd: 0.02
gamma: 0.005
decay_start_ratio: 0.01
decay_min_factor: 0.01
bandwith_kernel: None
no_interact: False
avg_score: -312.0400085449219
median_score: -321.0
std_score: 39.389320373535156
percentiles: 2%=-400.0, 5%=-386.29998779296875, 10%=-359.5999755859375, 25%=-336.5, 50%=-321.0, 75%=-274.75, 90%=-265.8999938964844, 95%=-261.95001220703125, 98%=-260.94000244140625
ranking_best_algo: CMApara
ranking_best_score: 319.29999999999995
ranking_my_rank: 34/504 (93.5%)
ranking_my_percent: 93.45238095238095
