ConfigName: kfr__advglobalrankweighted__M5__L9__eps0p02__g0p005__ds0p01__dm0p01
Problem: QUBO
Kernel: fr
Advantage: globalrankweighted
M: 5
lambda: 9
epsilon_svgd: 0.02
gamma: 0.005
decay_start_ratio: 0.01
decay_min_factor: 0.01
bandwith_kernel: None
no_interact: False
avg_score: -579.219970703125
median_score: -579.5
std_score: 26.120328903198242
percentiles: 2%=-637.0, 5%=-619.5999755859375, 10%=-609.2000122070312, 25%=-598.25, 50%=-579.5, 75%=-558.5, 90%=-543.9000244140625, 95%=-539.0, 98%=-533.9599609375
ranking_best_algo: Tabu
ranking_best_score: 588.7199999999999
ranking_my_rank: 41/503 (92.0%)
ranking_my_percent: 92.04771371769384
