ConfigName: kjsd__advperagentrankweighted__M10__L10__eps0p005__g0p0005__ds0p05__dm0p05
Problem: QUBO
Kernel: jsd
Advantage: peragentrankweighted
M: 10
lambda: 10
epsilon_svgd: 0.005
gamma: 0.0005
decay_start_ratio: 0.05
decay_min_factor: 0.05
bandwith_kernel: None
no_interact: False
avg_score: -335.70001220703125
median_score: -340.0
std_score: 19.651718139648438
percentiles: 2%=-372.0, 5%=-372.0, 10%=-357.0, 25%=-346.0, 50%=-340.0, 75%=-324.0, 90%=-311.6000061035156, 95%=-299.79998779296875, 98%=-291.79998779296875
ranking_best_algo: CMApara
ranking_best_score: 344.22
ranking_my_rank: 57/504 (88.9%)
ranking_my_percent: 88.88888888888889
