ConfigName: kjsd__advperagentrankweighted__M3__L20__eps0p01__g0p0005__ds0p1__dm0p05
Problem: QUBO
Kernel: jsd
Advantage: peragentrankweighted
M: 3
lambda: 20
epsilon_svgd: 0.01
gamma: 0.0005
decay_start_ratio: 0.1
decay_min_factor: 0.05
bandwith_kernel: None
no_interact: False
avg_score: -1250.3399658203125
median_score: -1244.0
std_score: 61.085384368896484
percentiles: 2%=-1384.02001953125, 5%=-1364.5999755859375, 10%=-1328.5999755859375, 25%=-1291.25, 50%=-1244.0, 75%=-1202.5, 90%=-1184.5, 95%=-1169.0, 98%=-1142.9200439453125
ranking_best_algo: SVMMetaModelLogNormal
ranking_best_score: 1233.7999999999997
ranking_my_rank: 1/504 (100.0%)
ranking_my_percent: 100.0
