ConfigName: krbf__advnormalizedfitness__M4__L10__eps0p025__g0p01__ds0p05__dm0p05
Problem: QUBO
Kernel: rbf
Advantage: normalizedfitness
M: 4
lambda: 10
epsilon_svgd: 0.025
gamma: 0.01
decay_start_ratio: 0.05
decay_min_factor: 0.05
bandwith_kernel: None
no_interact: False
avg_score: -311.5400085449219
median_score: -316.0
std_score: 38.66766357421875
percentiles: 2%=-392.0400085449219, 5%=-386.1000061035156, 10%=-360.20001220703125, 25%=-337.0, 50%=-316.0, 75%=-275.0, 90%=-267.8999938964844, 95%=-263.79998779296875, 98%=-258.8999938964844
ranking_best_algo: CMApara
ranking_best_score: 319.29999999999995
ranking_my_rank: 38/504 (92.7%)
ranking_my_percent: 92.65873015873017
