ConfigName: kjsd__advperagentrankweighted__M3__L18__eps0p005__g0p001__ds0p2__dm0p1
Problem: QUBO
Kernel: jsd
Advantage: peragentrankweighted
M: 3
lambda: 18
epsilon_svgd: 0.005
gamma: 0.001
decay_start_ratio: 0.2
decay_min_factor: 0.1
bandwith_kernel: None
no_interact: False
avg_score: -138.5800018310547
median_score: -140.0
std_score: 11.811163902282715
percentiles: 2%=-158.02000427246094, 5%=-158.0, 10%=-155.0, 25%=-146.0, 50%=-140.0, 75%=-130.0, 90%=-123.0, 95%=-122.94999694824219, 98%=-111.0
ranking_best_algo: DiscreteDE
ranking_best_score: 143.4
ranking_my_rank: 98/504 (80.8%)
ranking_my_percent: 80.75396825396825
