ConfigName: kjsd__advperagentrankweighted__M3__L24__eps0p005__g0p0005__ds0p2__dm0p1
Problem: QUBO
Kernel: jsd
Advantage: peragentrankweighted
M: 3
lambda: 24
epsilon_svgd: 0.005
gamma: 0.0005
decay_start_ratio: 0.2
decay_min_factor: 0.1
bandwith_kernel: None
no_interact: False
avg_score: -1300.5400390625
median_score: -1289.0
std_score: 62.068092346191406
percentiles: 2%=-1429.239990234375, 5%=-1413.0999755859375, 10%=-1391.4000244140625, 25%=-1341.0, 50%=-1289.0, 75%=-1257.75, 90%=-1232.199951171875, 95%=-1215.0, 98%=-1186.9000244140625
ranking_best_algo: BigLognormalDiscreteOnePlusOne
ranking_best_score: 1301.3600000000004
ranking_my_rank: 2/504 (99.8%)
ranking_my_percent: 99.8015873015873
