ConfigName: krbf__advnormalizedfitness__M4__L10__eps0p025__g0p01__ds0p15__dm0p3
Problem: NK
Kernel: rbf
Advantage: normalizedfitness
M: 4
lambda: 10
epsilon_svgd: 0.025
gamma: 0.01
decay_start_ratio: 0.15
decay_min_factor: 0.3
bandwith_kernel: None
no_interact: False
avg_score: 0.6630684733390808
median_score: 0.6619921922683716
std_score: 0.01288331113755703
percentiles: 2%=0.6410796642303467, 5%=0.6424373984336853, 10%=0.6469222903251648, 25%=0.6543704867362976, 50%=0.6619921922683716, 75%=0.6715381741523743, 90%=0.6797969341278076, 95%=0.6820525527000427, 98%=0.6923128366470337
ranking_best_algo: PBIL
ranking_best_score: 0.733570253046875
ranking_my_rank: 271/504 (46.4%)
ranking_my_percent: 46.42857142857143
