ConfigName: krbf__advnormalizedfitness__M4__L12__eps0p033__g0p007__ds0p15__dm0p3
Problem: NK
Kernel: rbf
Advantage: normalizedfitness
M: 4
lambda: 12
epsilon_svgd: 0.033
gamma: 0.007
decay_start_ratio: 0.15
decay_min_factor: 0.3
bandwith_kernel: None
no_interact: False
avg_score: 0.6517650485038757
median_score: 0.6513286828994751
std_score: 0.020323440432548523
percentiles: 2%=0.6194275617599487, 5%=0.6217024326324463, 10%=0.6258649230003357, 25%=0.6349900960922241, 50%=0.6513286828994751, 75%=0.6649260520935059, 90%=0.6805285215377808, 95%=0.6856520175933838, 98%=0.6881561875343323
ranking_best_algo: Tabu
ranking_best_score: 0.7429702712499999
ranking_my_rank: 323/504 (36.1%)
ranking_my_percent: 36.111111111111114
