ConfigName: krbf__advnormalizedfitness__M4__L10__eps0p015__g0p01__ds0p01__dm0p01
Problem: QUBO
Kernel: rbf
Advantage: normalizedfitness
M: 4
lambda: 10
epsilon_svgd: 0.015
gamma: 0.01
decay_start_ratio: 0.01
decay_min_factor: 0.01
bandwith_kernel: None
no_interact: False
avg_score: -333.3999938964844
median_score: -335.0
std_score: 19.007366180419922
percentiles: 2%=-372.0, 5%=-362.20001220703125, 10%=-354.0, 25%=-347.25, 50%=-335.0, 75%=-321.5, 90%=-308.0, 95%=-296.95001220703125, 98%=-292.94000244140625
ranking_best_algo: CMApara
ranking_best_score: 344.22
ranking_my_rank: 67/504 (86.9%)
ranking_my_percent: 86.9047619047619
