ConfigName: krbf__advnormalizedfitness__M4__L10__eps0p015__g0p007__ds0p01__dm0p01
Problem: NK
Kernel: rbf
Advantage: normalizedfitness
M: 4
lambda: 10
epsilon_svgd: 0.015
gamma: 0.007
decay_start_ratio: 0.01
decay_min_factor: 0.01
bandwith_kernel: None
no_interact: False
avg_score: 0.7108138799667358
median_score: 0.7112364768981934
std_score: 0.01507090125232935
percentiles: 2%=0.6734298467636108, 5%=0.6737286448478699, 10%=0.6971704363822937, 25%=0.7081475853919983, 50%=0.7112364768981934, 75%=0.7197840809822083, 90%=0.7255449891090393, 95%=0.7321633696556091, 98%=0.7327537536621094
ranking_best_algo: CMApara
ranking_best_score: 0.707475975
ranking_my_rank: 1/504 (100.0%)
ranking_my_percent: 100.0
