ConfigName: kjsd__advperagentrankweighted__M3__L20__eps0p007__g0p0005__ds0p05__dm0p1
Problem: NK
Kernel: jsd
Advantage: peragentrankweighted
M: 3
lambda: 20
epsilon_svgd: 0.007
gamma: 0.0005
decay_start_ratio: 0.05
decay_min_factor: 0.1
bandwith_kernel: None
no_interact: False
avg_score: 0.7347220778465271
median_score: 0.7360242009162903
std_score: 0.008595172315835953
percentiles: 2%=0.7151269912719727, 5%=0.7191066145896912, 10%=0.722741425037384, 25%=0.7293206453323364, 50%=0.7360242009162903, 75%=0.7405182123184204, 90%=0.7455787658691406, 95%=0.7469440698623657, 98%=0.7497315406799316
ranking_best_algo: PBIL
ranking_best_score: 0.7248786399609374
ranking_my_rank: 1/504 (100.0%)
ranking_my_percent: 100.0
