ConfigName: kjsd__advperagentrankweighted__M6__L10__eps0p008__g0p0005__ds0p05__dm0p05
Problem: QUBO
Kernel: jsd
Advantage: peragentrankweighted
M: 6
lambda: 10
epsilon_svgd: 0.008
gamma: 0.0005
decay_start_ratio: 0.05
decay_min_factor: 0.05
bandwith_kernel: None
no_interact: False
avg_score: -3284.580078125
median_score: -3275.5
std_score: 120.79032897949219
percentiles: 2%=-3520.760009765625, 5%=-3502.300048828125, 10%=-3451.199951171875, 25%=-3373.25, 50%=-3275.5, 75%=-3194.75, 90%=-3121.199951171875, 95%=-3095.89990234375, 98%=-3079.919921875
ranking_best_algo: RLSOnePlusOne
ranking_best_score: 3316.5199999999995
ranking_my_rank: 3/504 (99.6%)
ranking_my_percent: 99.60317460317461
