ConfigName: kjsd__advperagentrankweighted__M5__L8__eps0p005__g0p003__ds0p4__dm0p2
Problem: NK
Kernel: jsd
Advantage: peragentrankweighted
M: 5
lambda: 8
epsilon_svgd: 0.005
gamma: 0.003
decay_start_ratio: 0.4
decay_min_factor: 0.2
bandwith_kernel: None
no_interact: False
avg_score: 0.7432934641838074
median_score: 0.7422553300857544
std_score: 0.02960570901632309
percentiles: 2%=0.6987473368644714, 5%=0.7027218341827393, 10%=0.7056215405464172, 25%=0.7176636457443237, 50%=0.7422553300857544, 75%=0.7580187320709229, 90%=0.7783373594284058, 95%=0.8044298887252808, 98%=0.808133065700531
ranking_best_algo: CMApara
ranking_best_score: 0.7459277895312499
ranking_my_rank: 12/504 (97.8%)
ranking_my_percent: 97.81746031746032
