ConfigName: kjsd__advperagentrankweighted__M4__L8__eps0p005__g0p0007__ds0p2__dm0p05
Problem: QUBO
Kernel: jsd
Advantage: peragentrankweighted
M: 4
lambda: 8
epsilon_svgd: 0.005
gamma: 0.0007
decay_start_ratio: 0.2
decay_min_factor: 0.05
bandwith_kernel: None
no_interact: False
avg_score: -138.75999450683594
median_score: -139.0
std_score: 12.187796592712402
percentiles: 2%=-158.0, 5%=-157.0500030517578, 10%=-154.0, 25%=-148.25, 50%=-139.0, 75%=-131.25, 90%=-122.80000305175781, 95%=-116.9000015258789, 98%=-114.95999908447266
ranking_best_algo: DiscreteDE
ranking_best_score: 143.4
ranking_my_rank: 96/504 (81.2%)
ranking_my_percent: 81.15079365079364
