ConfigName: krbf__advnormalizedfitness__M3__L10__eps0p033__g0p015__ds0p3__dm0p01
Problem: QUBO
Kernel: rbf
Advantage: normalizedfitness
M: 3
lambda: 10
epsilon_svgd: 0.033
gamma: 0.015
decay_start_ratio: 0.3
decay_min_factor: 0.01
bandwith_kernel: None
no_interact: False
avg_score: -310.44000244140625
median_score: -312.0
std_score: 39.741241455078125
percentiles: 2%=-396.0400085449219, 5%=-394.0, 10%=-358.3999938964844, 25%=-336.0, 50%=-312.0, 75%=-273.75, 90%=-268.0, 95%=-259.9000244140625, 98%=-250.8999786376953
ranking_best_algo: CMApara
ranking_best_score: 319.29999999999995
ranking_my_rank: 59/504 (88.5%)
ranking_my_percent: 88.4920634920635
