ConfigName: kfr__advglobalrankweighted__M2__L11__eps0p01__g0p003__ds0p01__dm0p01
Problem: QUBO
Kernel: fr
Advantage: globalrankweighted
M: 2
lambda: 11
epsilon_svgd: 0.01
gamma: 0.003
decay_start_ratio: 0.01
decay_min_factor: 0.01
bandwith_kernel: None
no_interact: False
avg_score: -1233.52001953125
median_score: -1228.0
std_score: 62.89951705932617
percentiles: 2%=-1352.1400146484375, 5%=-1345.300048828125, 10%=-1319.0999755859375, 25%=-1274.75, 50%=-1228.0, 75%=-1187.25, 90%=-1157.0, 95%=-1144.4000244140625, 98%=-1117.0
ranking_best_algo: SVMMetaModelLogNormal
ranking_best_score: 1233.7999999999997
ranking_my_rank: 8/504 (98.6%)
ranking_my_percent: 98.61111111111111
