ConfigName: krbf__advnormalizedfitness__M3__L12__eps0p015__g0p01__ds0p3__dm0p01
Problem: QUBO
Kernel: rbf
Advantage: normalizedfitness
M: 3
lambda: 12
epsilon_svgd: 0.015
gamma: 0.01
decay_start_ratio: 0.3
decay_min_factor: 0.01
bandwith_kernel: None
no_interact: False
avg_score: -332.739990234375
median_score: -338.0
std_score: 18.728918075561523
percentiles: 2%=-372.0, 5%=-354.0, 10%=-350.20001220703125, 25%=-346.0, 50%=-338.0, 75%=-321.5, 90%=-306.0, 95%=-296.0, 98%=-291.91998291015625
ranking_best_algo: CMApara
ranking_best_score: 344.22
ranking_my_rank: 70/504 (86.3%)
ranking_my_percent: 86.30952380952381
