ConfigName: kjsd__advperagentrankweighted__M3__L18__eps0p01__g0p0007__ds0p05__dm0p05
Problem: NK
Kernel: jsd
Advantage: peragentrankweighted
M: 3
lambda: 18
epsilon_svgd: 0.01
gamma: 0.0007
decay_start_ratio: 0.05
decay_min_factor: 0.05
bandwith_kernel: None
no_interact: False
avg_score: 0.7090030908584595
median_score: 0.7106606364250183
std_score: 0.01566172018647194
percentiles: 2%=0.6686694025993347, 5%=0.6709522604942322, 10%=0.6947106122970581, 25%=0.7044483423233032, 50%=0.7106606364250183, 75%=0.7180654406547546, 90%=0.7253438234329224, 95%=0.7316855788230896, 98%=0.7324312329292297
ranking_best_algo: CMApara
ranking_best_score: 0.707475975
ranking_my_rank: 1/504 (100.0%)
ranking_my_percent: 100.0
