ConfigName: kfr__advglobalrankweighted__M4__L5__eps0p05__g0p005__ds0p01__dm0p01
Problem: NK
Kernel: fr
Advantage: globalrankweighted
M: 4
lambda: 5
epsilon_svgd: 0.05
gamma: 0.005
decay_start_ratio: 0.01
decay_min_factor: 0.01
bandwith_kernel: None
no_interact: False
avg_score: 0.7357780337333679
median_score: 0.7337183356285095
std_score: 0.011756448075175285
percentiles: 2%=0.7184298634529114, 5%=0.7208011150360107, 10%=0.7227483987808228, 25%=0.7273961901664734, 50%=0.7337183356285095, 75%=0.7422850131988525, 90%=0.7494587898254395, 95%=0.7563073039054871, 98%=0.7650770545005798
ranking_best_algo: Tabu
ranking_best_score: 0.7601875690625
ranking_my_rank: 25/504 (95.2%)
ranking_my_percent: 95.23809523809524
