ConfigName: kjsd__advperagentrankweighted__M3__L16__eps0p01__g0p0005__ds0p1__dm0p1
Problem: QUBO
Kernel: jsd
Advantage: peragentrankweighted
M: 3
lambda: 16
epsilon_svgd: 0.01
gamma: 0.0005
decay_start_ratio: 0.1
decay_min_factor: 0.1
bandwith_kernel: None
no_interact: False
avg_score: -411.20001220703125
median_score: -411.0
std_score: 28.920581817626953
percentiles: 2%=-467.0799865722656, 5%=-453.29998779296875, 10%=-450.1000061035156, 25%=-430.0, 50%=-411.0, 75%=-394.0, 90%=-375.79998779296875, 95%=-362.0, 98%=-361.5199890136719
ranking_best_algo: Tabu
ranking_best_score: 438.12
ranking_my_rank: 80/504 (84.3%)
ranking_my_percent: 84.32539682539682
