ConfigName: krbf__advnormalizedfitness__M3__L8__eps0p033__g0p015__ds0p01__dm0p3
Problem: QUBO
Kernel: rbf
Advantage: normalizedfitness
M: 3
lambda: 8
epsilon_svgd: 0.033
gamma: 0.015
decay_start_ratio: 0.01
decay_min_factor: 0.3
bandwith_kernel: None
no_interact: False
avg_score: -925.719970703125
median_score: -919.5
std_score: 67.05924224853516
percentiles: 2%=-1072.0400390625, 5%=-1025.5999755859375, 10%=-1009.5999755859375, 25%=-976.25, 50%=-919.5, 75%=-880.0, 90%=-838.5999755859375, 95%=-821.0, 98%=-808.7999267578125
ranking_best_algo: CMApara
ranking_best_score: 964.9
ranking_my_rank: 21/504 (96.0%)
ranking_my_percent: 96.03174603174604
