ConfigName: krbf__advnormalizedfitness__M4__L12__eps0p025__g0p005__ds0p01__dm0p3
Problem: NK
Kernel: rbf
Advantage: normalizedfitness
M: 4
lambda: 12
epsilon_svgd: 0.025
gamma: 0.005
decay_start_ratio: 0.01
decay_min_factor: 0.3
bandwith_kernel: None
no_interact: False
avg_score: 0.7442828416824341
median_score: 0.7408133745193481
std_score: 0.028837239369750023
percentiles: 2%=0.6941176652908325, 5%=0.7076817750930786, 10%=0.7095694541931152, 25%=0.7215842008590698, 50%=0.7408133745193481, 75%=0.7580187320709229, 90%=0.7780925631523132, 95%=0.8044298887252808, 98%=0.8118547797203064
ranking_best_algo: CMApara
ranking_best_score: 0.7459277895312499
ranking_my_rank: 5/504 (99.2%)
ranking_my_percent: 99.2063492063492
