ConfigName: kjsd__advperagentrankweighted__M4__L24__eps0p008__g0p0005__ds0p05__dm0p05
Problem: QUBO
Kernel: jsd
Advantage: peragentrankweighted
M: 4
lambda: 24
epsilon_svgd: 0.008
gamma: 0.0005
decay_start_ratio: 0.05
decay_min_factor: 0.05
bandwith_kernel: None
no_interact: False
avg_score: -1194.699951171875
median_score: -1189.5
std_score: 59.72846603393555
percentiles: 2%=-1347.1199951171875, 5%=-1286.9000244140625, 10%=-1277.0999755859375, 25%=-1226.25, 50%=-1189.5, 75%=-1153.25, 90%=-1128.800048828125, 95%=-1102.8499755859375, 98%=-1089.5999755859375
ranking_best_algo: Tabu
ranking_best_score: 1216.16
ranking_my_rank: 48/504 (90.7%)
ranking_my_percent: 90.67460317460318
