ConfigName: krbf__advnormalizedfitness__M1__L8__eps0p025__g0p007__ds0p15__dm0p01
Problem: QUBO
Kernel: rbf
Advantage: normalizedfitness
M: 1
lambda: 8
epsilon_svgd: 0.025
gamma: 0.007
decay_start_ratio: 0.15
decay_min_factor: 0.01
bandwith_kernel: None
no_interact: False
avg_score: -287.7200012207031
median_score: -283.0
std_score: 48.69293212890625
percentiles: 2%=-378.1199951171875, 5%=-372.1000061035156, 10%=-339.0, 25%=-322.0, 50%=-283.0, 75%=-258.75, 90%=-241.0, 95%=-225.90000915527344, 98%=-222.53990173339844
ranking_best_algo: CMApara
ranking_best_score: 319.29999999999995
ranking_my_rank: 314/504 (37.9%)
ranking_my_percent: 37.8968253968254
