ConfigName: krbf__advnormalizedfitness__M3__L12__eps0p033__g0p007__ds0p3__dm0p01
Problem: NK
Kernel: rbf
Advantage: normalizedfitness
M: 3
lambda: 12
epsilon_svgd: 0.033
gamma: 0.007
decay_start_ratio: 0.3
decay_min_factor: 0.01
bandwith_kernel: None
no_interact: False
avg_score: 0.7376948595046997
median_score: 0.7383638620376587
std_score: 0.0086631765589118
percentiles: 2%=0.720086395740509, 5%=0.7236899733543396, 10%=0.7260888814926147, 25%=0.7321733236312866, 50%=0.7383638620376587, 75%=0.743828296661377, 90%=0.7483633160591125, 95%=0.7509215474128723, 98%=0.7528934478759766
ranking_best_algo: PBIL
ranking_best_score: 0.730509098125
ranking_my_rank: 1/504 (100.0%)
ranking_my_percent: 100.0
