ConfigName: kfr__advglobalrankweighted__M4__L5__eps0p01__g0p001__ds0p01__dm0p01
Problem: NK
Kernel: fr
Advantage: globalrankweighted
M: 4
lambda: 5
epsilon_svgd: 0.01
gamma: 0.001
decay_start_ratio: 0.01
decay_min_factor: 0.01
bandwith_kernel: None
no_interact: False
avg_score: 0.710551381111145
median_score: 0.6985580325126648
std_score: 0.031234463676810265
percentiles: 2%=0.6725643873214722, 5%=0.675126850605011, 10%=0.6757194399833679, 25%=0.6837228536605835, 50%=0.6985580325126648, 75%=0.7457537651062012, 90%=0.7532666921615601, 95%=0.7585612535476685, 98%=0.7613165378570557
ranking_best_algo: CMApara
ranking_best_score: 0.7118996098437498
ranking_my_rank: 20/504 (96.2%)
ranking_my_percent: 96.23015873015873
