ConfigName: krbf__advnormalizedfitness__M5__L24__eps0p025__g0p005__ds0p05__dm0p05
Problem: QUBO
Kernel: rbf
Advantage: normalizedfitness
M: 5
lambda: 24
epsilon_svgd: 0.025
gamma: 0.005
decay_start_ratio: 0.05
decay_min_factor: 0.05
bandwith_kernel: None
no_interact: False
avg_score: -943.1799926757812
median_score: -943.0
std_score: 91.47102355957031
percentiles: 2%=-1124.5400390625, 5%=-1073.300048828125, 10%=-1041.4000244140625, 25%=-1017.0, 50%=-943.0, 75%=-881.0, 90%=-815.2999877929688, 95%=-795.0, 98%=-763.9000244140625
ranking_best_algo: BigLognormalDiscreteOnePlusOne
ranking_best_score: 1301.3600000000004
ranking_my_rank: 293/504 (42.1%)
ranking_my_percent: 42.06349206349206
