ConfigName: kjsd__advperagentrankweighted__M3__L20__eps0p005__g0p001__ds0p05__dm0p2
Problem: QUBO
Kernel: jsd
Advantage: peragentrankweighted
M: 3
lambda: 20
epsilon_svgd: 0.005
gamma: 0.001
decay_start_ratio: 0.05
decay_min_factor: 0.2
bandwith_kernel: None
no_interact: False
avg_score: -439.739990234375
median_score: -441.0
std_score: 22.67713165283203
percentiles: 2%=-473.1600036621094, 5%=-472.04998779296875, 10%=-470.1000061035156, 25%=-457.0, 50%=-441.0, 75%=-423.0, 90%=-409.0, 95%=-406.70001220703125, 98%=-394.739990234375
ranking_best_algo: CMApara
ranking_best_score: 453.82
ranking_my_rank: 16/504 (97.0%)
ranking_my_percent: 97.02380952380952
