ConfigName: kjsd__advperagentrankweighted__M3__L24__eps0p007__g0p0005__ds0p2__dm0p2
Problem: NK
Kernel: jsd
Advantage: peragentrankweighted
M: 3
lambda: 24
epsilon_svgd: 0.007
gamma: 0.0005
decay_start_ratio: 0.2
decay_min_factor: 0.2
bandwith_kernel: None
no_interact: False
avg_score: 0.7098777890205383
median_score: 0.7113116979598999
std_score: 0.015387061983346939
percentiles: 2%=0.6694928407669067, 5%=0.6719599366188049, 10%=0.6942365765571594, 25%=0.7072609066963196, 50%=0.7113116979598999, 75%=0.7182924747467041, 90%=0.7249979972839355, 95%=0.7316129803657532, 98%=0.7326846122741699
ranking_best_algo: CMApara
ranking_best_score: 0.707475975
ranking_my_rank: 1/504 (100.0%)
ranking_my_percent: 100.0
