ConfigName: krbf__advnormalizedfitness__M4__L15__eps0p015__g0p015__ds0p01__dm0p3
Problem: NK
Kernel: rbf
Advantage: normalizedfitness
M: 4
lambda: 15
epsilon_svgd: 0.015
gamma: 0.015
decay_start_ratio: 0.01
decay_min_factor: 0.3
bandwith_kernel: None
no_interact: False
avg_score: 0.6396251320838928
median_score: 0.6383305788040161
std_score: 0.01016628835350275
percentiles: 2%=0.6229705214500427, 5%=0.62569659948349, 10%=0.6276965737342834, 25%=0.6326505541801453, 50%=0.6383305788040161, 75%=0.6434133052825928, 90%=0.653870701789856, 95%=0.65887850522995, 98%=0.6666550636291504
ranking_best_algo: Tabu
ranking_best_score: 0.7601875690625
ranking_my_rank: 397/504 (21.4%)
ranking_my_percent: 21.428571428571427
