ConfigName: kjsd__advperagentrankweighted__M5__L8__eps0p02__g0p0003__ds0p2__dm0p05
Problem: QUBO
Kernel: jsd
Advantage: peragentrankweighted
M: 5
lambda: 8
epsilon_svgd: 0.02
gamma: 0.0003
decay_start_ratio: 0.2
decay_min_factor: 0.05
bandwith_kernel: None
no_interact: False
avg_score: -325.17999267578125
median_score: -325.0
std_score: 22.200172424316406
percentiles: 2%=-372.0, 5%=-361.25, 10%=-354.1000061035156, 25%=-341.0, 50%=-325.0, 75%=-308.0, 90%=-296.0, 95%=-290.0, 98%=-285.9599914550781
ranking_best_algo: CMApara
ranking_best_score: 344.22
ranking_my_rank: 121/504 (76.2%)
ranking_my_percent: 76.19047619047619
