ConfigName: krbf__advnormalizedfitness__M3__L10__eps0p025__g0p007__ds0p3__dm0p3
Problem: QUBO
Kernel: rbf
Advantage: normalizedfitness
M: 3
lambda: 10
epsilon_svgd: 0.025
gamma: 0.007
decay_start_ratio: 0.3
decay_min_factor: 0.3
bandwith_kernel: None
no_interact: False
avg_score: -329.70001220703125
median_score: -334.0
std_score: 25.152135848999023
percentiles: 2%=-372.0, 5%=-372.0, 10%=-361.0, 25%=-346.0, 50%=-334.0, 75%=-309.5, 90%=-294.8999938964844, 95%=-287.70001220703125, 98%=-278.0
ranking_best_algo: CMApara
ranking_best_score: 344.22
ranking_my_rank: 80/504 (84.3%)
ranking_my_percent: 84.32539682539682
