ConfigName: kjsd__advperagentrankweighted__M6__L24__eps0p008__g0p0005__ds0p3__dm0p05
Problem: QUBO
Kernel: jsd
Advantage: peragentrankweighted
M: 6
lambda: 24
epsilon_svgd: 0.008
gamma: 0.0005
decay_start_ratio: 0.3
decay_min_factor: 0.05
bandwith_kernel: None
no_interact: False
avg_score: -444.44000244140625
median_score: -449.5
std_score: 26.045467376708984
percentiles: 2%=-490.1600036621094, 5%=-481.1000061035156, 10%=-474.1000061035156, 25%=-465.25, 50%=-449.5, 75%=-423.75, 90%=-407.0, 95%=-400.95001220703125, 98%=-397.8800048828125
ranking_best_algo: CMApara
ranking_best_score: 453.82
ranking_my_rank: 6/504 (99.0%)
ranking_my_percent: 99.0079365079365
