ConfigName: krbf__advnormalizedfitness__M4__L10__eps0p033__g0p015__ds0p01__dm0p3
Problem: QUBO
Kernel: rbf
Advantage: normalizedfitness
M: 4
lambda: 10
epsilon_svgd: 0.033
gamma: 0.015
decay_start_ratio: 0.01
decay_min_factor: 0.3
bandwith_kernel: None
no_interact: False
avg_score: -1001.8200073242188
median_score: -994.5
std_score: 91.91663360595703
percentiles: 2%=-1192.1800537109375, 5%=-1169.0999755859375, 10%=-1122.0, 25%=-1061.5, 50%=-994.5, 75%=-933.25, 90%=-893.4000244140625, 95%=-860.9000244140625, 98%=-854.8800048828125
ranking_best_algo: BigLognormalDiscreteOnePlusOne
ranking_best_score: 1301.3600000000004
ranking_my_rank: 277/504 (45.2%)
ranking_my_percent: 45.23809523809524
