ConfigName: krbf__advnormalizedfitness__M2__L8__eps0p025__g0p007__ds0p3__dm0p3
Problem: QUBO
Kernel: rbf
Advantage: normalizedfitness
M: 2
lambda: 8
epsilon_svgd: 0.025
gamma: 0.007
decay_start_ratio: 0.3
decay_min_factor: 0.3
bandwith_kernel: None
no_interact: False
avg_score: -302.5400085449219
median_score: -298.0
std_score: 38.26837158203125
percentiles: 2%=-384.1199951171875, 5%=-376.20001220703125, 10%=-348.20001220703125, 25%=-328.0, 50%=-298.0, 75%=-269.75, 90%=-261.79998779296875, 95%=-252.9499969482422, 98%=-240.0
ranking_best_algo: CMApara
ranking_best_score: 319.29999999999995
ranking_my_rank: 216/504 (57.3%)
ranking_my_percent: 57.34126984126984
