ConfigName: kjsd__advperagentrankweighted__M10__L28__eps0p008__g0p0005__ds0p05__dm0p05
Problem: NK
Kernel: jsd
Advantage: peragentrankweighted
M: 10
lambda: 28
epsilon_svgd: 0.008
gamma: 0.0005
decay_start_ratio: 0.05
decay_min_factor: 0.05
bandwith_kernel: None
no_interact: False
avg_score: 0.7458232045173645
median_score: 0.7459328174591064
std_score: 0.014980299398303032
percentiles: 2%=0.7124108672142029, 5%=0.7173761129379272, 10%=0.7251315712928772, 25%=0.7380194067955017, 50%=0.7459328174591064, 75%=0.7565649151802063, 90%=0.7646511793136597, 95%=0.7679605484008789, 98%=0.7695263624191284
ranking_best_algo: Tabu
ranking_best_score: 0.7657846284375001
ranking_my_rank: 42/504 (91.9%)
ranking_my_percent: 91.86507936507937
