ConfigName: krbf__advnormalizedfitness__M3__L8__eps0p025__g0p01__ds0p05__dm0p05
Problem: QUBO
Kernel: rbf
Advantage: normalizedfitness
M: 3
lambda: 8
epsilon_svgd: 0.025
gamma: 0.01
decay_start_ratio: 0.05
decay_min_factor: 0.05
bandwith_kernel: None
no_interact: False
avg_score: -443.29998779296875
median_score: -446.5
std_score: 25.608396530151367
percentiles: 2%=-489.0, 5%=-482.25, 10%=-472.1000061035156, 25%=-462.25, 50%=-446.5, 75%=-427.75, 90%=-408.8999938964844, 95%=-396.0, 98%=-388.0
ranking_best_algo: CMApara
ranking_best_score: 453.82
ranking_my_rank: 8/504 (98.6%)
ranking_my_percent: 98.61111111111111
