ConfigName: kjsd__advperagentrankweighted__M4__L10__eps0p03__g0p0003__ds0p05__dm0p05
Problem: NK
Kernel: jsd
Advantage: peragentrankweighted
M: 4
lambda: 10
epsilon_svgd: 0.03
gamma: 0.0003
decay_start_ratio: 0.05
decay_min_factor: 0.05
bandwith_kernel: None
no_interact: False
avg_score: 0.7292426228523254
median_score: 0.7275758385658264
std_score: 0.015640243887901306
percentiles: 2%=0.7021912932395935, 5%=0.7076622247695923, 10%=0.7105478644371033, 25%=0.7182391881942749, 50%=0.7275758385658264, 75%=0.7382708787918091, 90%=0.7498412728309631, 95%=0.753811776638031, 98%=0.7673105001449585
ranking_best_algo: Tabu
ranking_best_score: 0.7657846284375001
ranking_my_rank: 190/504 (62.5%)
ranking_my_percent: 62.5
