ConfigName: kjsd__advperagentrankweighted__M3__L16__eps0p007__g0p003__ds0p2__dm0p05
Problem: QUBO
Kernel: jsd
Advantage: peragentrankweighted
M: 3
lambda: 16
epsilon_svgd: 0.007
gamma: 0.003
decay_start_ratio: 0.2
decay_min_factor: 0.05
bandwith_kernel: None
no_interact: False
avg_score: -328.1400146484375
median_score: -333.0
std_score: 22.412952423095703
percentiles: 2%=-372.0, 5%=-361.54998779296875, 10%=-351.29998779296875, 25%=-342.0, 50%=-333.0, 75%=-313.5, 90%=-293.8999938964844, 95%=-290.0, 98%=-286.94000244140625
ranking_best_algo: CMApara
ranking_best_score: 344.22
ranking_my_rank: 84/504 (83.5%)
ranking_my_percent: 83.53174603174604
