ConfigName: kjsd__advperagentrankweighted__M3__L18__eps0p007__g0p0005__ds0p05__dm0p05
Problem: NK
Kernel: jsd
Advantage: peragentrankweighted
M: 3
lambda: 18
epsilon_svgd: 0.007
gamma: 0.0005
decay_start_ratio: 0.05
decay_min_factor: 0.05
bandwith_kernel: None
no_interact: False
avg_score: 0.7091005444526672
median_score: 0.7108621597290039
std_score: 0.015500604175031185
percentiles: 2%=0.669504702091217, 5%=0.6712506413459778, 10%=0.6917718648910522, 25%=0.705268144607544, 50%=0.7108621597290039, 75%=0.7185025215148926, 90%=0.7253118753433228, 95%=0.7315120697021484, 98%=0.7325958609580994
ranking_best_algo: CMApara
ranking_best_score: 0.707475975
ranking_my_rank: 1/504 (100.0%)
ranking_my_percent: 100.0
