ConfigName: krbf__advnormalizedfitness__M3__L8__eps0p025__g0p015__ds0p15__dm0p3
Problem: QUBO
Kernel: rbf
Advantage: normalizedfitness
M: 3
lambda: 8
epsilon_svgd: 0.025
gamma: 0.015
decay_start_ratio: 0.15
decay_min_factor: 0.3
bandwith_kernel: None
no_interact: False
avg_score: -2768.699951171875
median_score: -2769.5
std_score: 255.35667419433594
percentiles: 2%=-3238.179931640625, 5%=-3219.5, 10%=-3092.0, 25%=-2966.25, 50%=-2769.5, 75%=-2596.0, 90%=-2419.0, 95%=-2319.300048828125, 98%=-2262.079833984375
ranking_best_algo: RLSOnePlusOne
ranking_best_score: 3316.5199999999995
ranking_my_rank: 183/504 (63.9%)
ranking_my_percent: 63.888888888888886
