ConfigName: kjsd__advperagentrankweighted__M3__L20__eps0p007__g0p0005__ds0p1__dm0p05
Problem: QUBO
Kernel: jsd
Advantage: peragentrankweighted
M: 3
lambda: 20
epsilon_svgd: 0.007
gamma: 0.0005
decay_start_ratio: 0.1
decay_min_factor: 0.05
bandwith_kernel: None
no_interact: False
avg_score: -414.3399963378906
median_score: -414.0
std_score: 26.61586570739746
percentiles: 2%=-457.239990234375, 5%=-455.1000061035156, 10%=-452.0, 25%=-432.5, 50%=-414.0, 75%=-396.0, 90%=-381.6000061035156, 95%=-366.0, 98%=-364.0
ranking_best_algo: Tabu
ranking_best_score: 438.12
ranking_my_rank: 56/504 (89.1%)
ranking_my_percent: 89.08730158730158
