ConfigName: kjsd__advperagentrankweighted__M3__L18__eps0p005__g0p0007__ds0p1__dm0p05
Problem: QUBO
Kernel: jsd
Advantage: peragentrankweighted
M: 3
lambda: 18
epsilon_svgd: 0.005
gamma: 0.0007
decay_start_ratio: 0.1
decay_min_factor: 0.05
bandwith_kernel: None
no_interact: False
avg_score: -412.6600036621094
median_score: -410.0
std_score: 25.262706756591797
percentiles: 2%=-455.1199951171875, 5%=-454.0, 10%=-447.20001220703125, 25%=-431.0, 50%=-410.0, 75%=-392.0, 90%=-384.0, 95%=-376.0, 98%=-367.9599914550781
ranking_best_algo: Tabu
ranking_best_score: 438.12
ranking_my_rank: 66/504 (87.1%)
ranking_my_percent: 87.10317460317461
