ConfigName: krbf__advnormalizedfitness__M1__L10__eps0p015__g0p005__ds0p01__dm0p01
Problem: QUBO
Kernel: rbf
Advantage: normalizedfitness
M: 1
lambda: 10
epsilon_svgd: 0.015
gamma: 0.005
decay_start_ratio: 0.01
decay_min_factor: 0.01
bandwith_kernel: None
no_interact: False
avg_score: -133.13999938964844
median_score: -134.0
std_score: 13.376861572265625
percentiles: 2%=-158.0, 5%=-155.0500030517578, 10%=-150.10000610351562, 25%=-143.25, 50%=-134.0, 75%=-123.0, 90%=-115.0, 95%=-112.90000915527344, 98%=-106.93998718261719
ranking_best_algo: DiscreteDE
ranking_best_score: 143.4
ranking_my_rank: 313/504 (38.1%)
ranking_my_percent: 38.095238095238095
