ConfigName: kjsd__advperagentrankweighted__M4__L8__eps0p005__g0p0007__ds0p05__dm0p2
Problem: QUBO
Kernel: jsd
Advantage: peragentrankweighted
M: 4
lambda: 8
epsilon_svgd: 0.005
gamma: 0.0007
decay_start_ratio: 0.05
decay_min_factor: 0.2
bandwith_kernel: None
no_interact: False
avg_score: -441.8599853515625
median_score: -441.0
std_score: 25.1646671295166
percentiles: 2%=-487.0199890136719, 5%=-481.0, 10%=-473.3999938964844, 25%=-461.0, 50%=-441.0, 75%=-425.0, 90%=-408.0, 95%=-405.8500061035156, 98%=-387.8599853515625
ranking_best_algo: CMApara
ranking_best_score: 453.82
ranking_my_rank: 10/504 (98.2%)
ranking_my_percent: 98.21428571428571
