ConfigName: kjsd__advperagentrankweighted__M4__L10__eps0p03__g0p0007__ds0p05__dm0p05
Problem: NK
Kernel: jsd
Advantage: peragentrankweighted
M: 4
lambda: 10
epsilon_svgd: 0.03
gamma: 0.0007
decay_start_ratio: 0.05
decay_min_factor: 0.05
bandwith_kernel: None
no_interact: False
avg_score: 0.7297455668449402
median_score: 0.7316545844078064
std_score: 0.01080169714987278
percentiles: 2%=0.7105913758277893, 5%=0.7136378288269043, 10%=0.7150003910064697, 25%=0.7207460403442383, 50%=0.7316545844078064, 75%=0.7379586696624756, 90%=0.7424522042274475, 95%=0.7461277842521667, 98%=0.7469334006309509
ranking_best_algo: PBIL
ranking_best_score: 0.730509098125
ranking_my_rank: 3/504 (99.6%)
ranking_my_percent: 99.60317460317461
