ConfigName: krbf__advnormalizedfitness__M1__L8__eps0p025__g0p01__ds0p01__dm0p3
Problem: NK
Kernel: rbf
Advantage: normalizedfitness
M: 1
lambda: 8
epsilon_svgd: 0.025
gamma: 0.01
decay_start_ratio: 0.01
decay_min_factor: 0.3
bandwith_kernel: None
no_interact: False
avg_score: 0.7261984944343567
median_score: 0.7278182506561279
std_score: 0.009360103867948055
percentiles: 2%=0.705843985080719, 5%=0.7098392844200134, 10%=0.7127673029899597, 25%=0.7199548482894897, 50%=0.7278182506561279, 75%=0.733129620552063, 90%=0.737104594707489, 95%=0.7397733330726624, 98%=0.742989718914032
ranking_best_algo: PBIL
ranking_best_score: 0.7248786399609374
ranking_my_rank: 1/504 (100.0%)
ranking_my_percent: 100.0
