ConfigName: krbf__advnormalizedfitness__M2__L10__eps0p025__g0p01__ds0p3__dm0p3
Problem: QUBO
Kernel: rbf
Advantage: normalizedfitness
M: 2
lambda: 10
epsilon_svgd: 0.025
gamma: 0.01
decay_start_ratio: 0.3
decay_min_factor: 0.3
bandwith_kernel: None
no_interact: False
avg_score: -2598.800048828125
median_score: -2591.0
std_score: 118.77676391601562
percentiles: 2%=-2844.0400390625, 5%=-2792.449951171875, 10%=-2749.800048828125, 25%=-2690.0, 50%=-2591.0, 75%=-2513.75, 90%=-2450.0, 95%=-2413.5, 98%=-2385.419921875
ranking_best_algo: DiscreteLengler2OnePlusOne
ranking_best_score: 2617.04
ranking_my_rank: 10/504 (98.2%)
ranking_my_percent: 98.21428571428571
