ConfigName: kfr__advglobalrankweighted__M3__L10__eps0p02__g0p005__ds0p01__dm0p01
Problem: QUBO
Kernel: fr
Advantage: globalrankweighted
M: 3
lambda: 10
epsilon_svgd: 0.02
gamma: 0.005
decay_start_ratio: 0.01
decay_min_factor: 0.01
bandwith_kernel: None
no_interact: False
avg_score: -1617.5400390625
median_score: -1604.5
std_score: 67.27115631103516
percentiles: 2%=-1738.02001953125, 5%=-1730.199951171875, 10%=-1703.5, 25%=-1664.25, 50%=-1604.5, 75%=-1569.0, 90%=-1546.5999755859375, 95%=-1527.60009765625, 98%=-1489.0
ranking_best_algo: NLOPT_LN_PRAXIS
ranking_best_score: 1607.12
ranking_my_rank: 1/504 (100.0%)
ranking_my_percent: 100.0
