ConfigName: kjsd__advperagentrankweighted__M4__L8__eps0p005__g0p0005__ds0p4__dm0p05
Problem: QUBO
Kernel: jsd
Advantage: peragentrankweighted
M: 4
lambda: 8
epsilon_svgd: 0.005
gamma: 0.0005
decay_start_ratio: 0.4
decay_min_factor: 0.05
bandwith_kernel: None
no_interact: False
avg_score: -147.77999877929688
median_score: -146.0
std_score: 13.523002624511719
percentiles: 2%=-179.0, 5%=-179.0, 10%=-160.39999389648438, 25%=-155.0, 50%=-146.0, 75%=-140.0, 90%=-133.0, 95%=-129.0, 98%=-116.95999908447266
ranking_best_algo: CMApara
ranking_best_score: 154.28
ranking_my_rank: 91/504 (82.1%)
ranking_my_percent: 82.14285714285714
