ConfigName: krbf__advnormalizedfitness__M1__L8__eps0p015__g0p005__ds0p15__dm0p3
Problem: QUBO
Kernel: rbf
Advantage: normalizedfitness
M: 1
lambda: 8
epsilon_svgd: 0.015
gamma: 0.005
decay_start_ratio: 0.15
decay_min_factor: 0.3
bandwith_kernel: None
no_interact: False
avg_score: -192.97999572753906
median_score: -194.0
std_score: 14.129387855529785
percentiles: 2%=-222.0399932861328, 5%=-218.0, 10%=-211.0, 25%=-201.0, 50%=-194.0, 75%=-184.75, 90%=-173.8000030517578, 95%=-167.95001220703125, 98%=-164.97999572753906
ranking_best_algo: Tabu
ranking_best_score: 208.36000000000004
ranking_my_rank: 226/504 (55.4%)
ranking_my_percent: 55.357142857142854
