ConfigName: krbf__advnormalizedfitness__M3__L10__eps0p033__g0p015__ds0p01__dm0p3
Problem: QUBO
Kernel: rbf
Advantage: normalizedfitness
M: 3
lambda: 10
epsilon_svgd: 0.033
gamma: 0.015
decay_start_ratio: 0.01
decay_min_factor: 0.3
bandwith_kernel: None
no_interact: False
avg_score: -332.5799865722656
median_score: -335.0
std_score: 18.68966293334961
percentiles: 2%=-370.0, 5%=-361.0, 10%=-354.0, 25%=-343.0, 50%=-335.0, 75%=-324.0, 90%=-307.8999938964844, 95%=-295.70001220703125, 98%=-289.8799743652344
ranking_best_algo: CMApara
ranking_best_score: 344.22
ranking_my_rank: 70/504 (86.3%)
ranking_my_percent: 86.30952380952381
