ConfigName: kjsd__advperagentrankweighted__M5__L28__eps0p008__g0p0005__ds0p3__dm0p05
Problem: NK
Kernel: jsd
Advantage: peragentrankweighted
M: 5
lambda: 28
epsilon_svgd: 0.008
gamma: 0.0005
decay_start_ratio: 0.3
decay_min_factor: 0.05
bandwith_kernel: None
no_interact: False
avg_score: 0.7544732689857483
median_score: 0.7561171054840088
std_score: 0.01304763276129961
percentiles: 2%=0.7220394015312195, 5%=0.7323448061943054, 10%=0.7364271283149719, 25%=0.7472092509269714, 50%=0.7561171054840088, 75%=0.7636805772781372, 90%=0.7710807919502258, 95%=0.7721973657608032, 98%=0.7758540511131287
ranking_best_algo: Tabu
ranking_best_score: 0.7657846284375001
ranking_my_rank: 7/504 (98.8%)
ranking_my_percent: 98.80952380952381
