ConfigName: krbf__advnormalizedfitness__M3__L12__eps0p025__g0p015__ds0p15__dm0p3
Problem: QUBO
Kernel: rbf
Advantage: normalizedfitness
M: 3
lambda: 12
epsilon_svgd: 0.025
gamma: 0.015
decay_start_ratio: 0.15
decay_min_factor: 0.3
bandwith_kernel: None
no_interact: False
avg_score: -1026.219970703125
median_score: -1027.0
std_score: 115.92433166503906
percentiles: 2%=-1254.0799560546875, 5%=-1235.300048828125, 10%=-1186.0999755859375, 25%=-1097.0, 50%=-1027.0, 75%=-948.5, 90%=-886.2999877929688, 95%=-846.550048828125, 98%=-818.699951171875
ranking_best_algo: NLOPT_LN_PRAXIS
ranking_best_score: 1607.12
ranking_my_rank: 317/504 (37.3%)
ranking_my_percent: 37.301587301587304
