ConfigName: krbf__advnormalizedfitness__M3__L24__eps0p03__g0p01__ds0p15__dm0p05
Problem: QUBO
Kernel: rbf
Advantage: normalizedfitness
M: 3
lambda: 24
epsilon_svgd: 0.03
gamma: 0.01
decay_start_ratio: 0.15
decay_min_factor: 0.05
bandwith_kernel: None
no_interact: False
avg_score: -432.6199951171875
median_score: -438.0
std_score: 27.630699157714844
percentiles: 2%=-472.1400146484375, 5%=-472.0, 10%=-466.29998779296875, 25%=-454.5, 50%=-438.0, 75%=-412.0, 90%=-396.8999938964844, 95%=-384.0, 98%=-372.9599914550781
ranking_best_algo: CMApara
ranking_best_score: 453.82
ranking_my_rank: 72/504 (85.9%)
ranking_my_percent: 85.91269841269842
