ConfigName: krbf__advnormalizedfitness__M4__L10__eps0p025__g0p01__ds0p3__dm0p3
Problem: QUBO
Kernel: rbf
Advantage: normalizedfitness
M: 4
lambda: 10
epsilon_svgd: 0.025
gamma: 0.01
decay_start_ratio: 0.3
decay_min_factor: 0.3
bandwith_kernel: None
no_interact: False
avg_score: -858.5800170898438
median_score: -856.0
std_score: 85.7286605834961
percentiles: 2%=-1048.02001953125, 5%=-1006.3499755859375, 10%=-976.4000244140625, 25%=-915.0, 50%=-856.0, 75%=-791.25, 90%=-745.9000244140625, 95%=-727.0, 98%=-715.8199462890625
ranking_best_algo: CMApara
ranking_best_score: 964.9
ranking_my_rank: 252/504 (50.2%)
ranking_my_percent: 50.198412698412696
