ConfigName: krbf__advnormalizedfitness__M2__L8__eps0p015__g0p01__ds0p15__dm0p3
Problem: NK
Kernel: rbf
Advantage: normalizedfitness
M: 2
lambda: 8
epsilon_svgd: 0.015
gamma: 0.01
decay_start_ratio: 0.15
decay_min_factor: 0.3
bandwith_kernel: None
no_interact: False
avg_score: 0.707386314868927
median_score: 0.7088550329208374
std_score: 0.011863590218126774
percentiles: 2%=0.6879427433013916, 5%=0.6886158585548401, 10%=0.692227840423584, 25%=0.6959500312805176, 50%=0.7088550329208374, 75%=0.7176507711410522, 90%=0.7212984561920166, 95%=0.7238605618476868, 98%=0.724380612373352
ranking_best_algo: PBIL
ranking_best_score: 0.7013553837109374
ranking_my_rank: 1/504 (100.0%)
ranking_my_percent: 100.0
