ConfigName: krbf__advnormalizedfitness__M2__L6__eps0p01__g0p01__ds0p3__dm0p01
Problem: QUBO
Kernel: rbf
Advantage: normalizedfitness
M: 2
lambda: 6
epsilon_svgd: 0.01
gamma: 0.01
decay_start_ratio: 0.3
decay_min_factor: 0.01
bandwith_kernel: None
no_interact: False
avg_score: -929.5599975585938
median_score: -920.5
std_score: 66.20382690429688
percentiles: 2%=-1072.0400390625, 5%=-1043.0999755859375, 10%=-1015.5, 25%=-972.0, 50%=-920.5, 75%=-891.0, 90%=-843.2999877929688, 95%=-824.5000610351562, 98%=-802.9599609375
ranking_best_algo: CMApara
ranking_best_score: 964.9
ranking_my_rank: 19/504 (96.4%)
ranking_my_percent: 96.42857142857143
