ConfigName: kjsd__advperagentrankweighted__M3__L20__eps0p005__g0p0007__ds0p1__dm0p2
Problem: QUBO
Kernel: jsd
Advantage: peragentrankweighted
M: 3
lambda: 20
epsilon_svgd: 0.005
gamma: 0.0007
decay_start_ratio: 0.1
decay_min_factor: 0.2
bandwith_kernel: None
no_interact: False
avg_score: -1242.3599853515625
median_score: -1241.5
std_score: 60.86090850830078
percentiles: 2%=-1359.239990234375, 5%=-1345.1500244140625, 10%=-1325.5999755859375, 25%=-1281.5, 50%=-1241.5, 75%=-1199.0, 90%=-1168.0999755859375, 95%=-1150.4000244140625, 98%=-1114.97998046875
ranking_best_algo: SVMMetaModelLogNormal
ranking_best_score: 1233.7999999999997
ranking_my_rank: 1/504 (100.0%)
ranking_my_percent: 100.0
