ConfigName: kjsd__advperagentrankweighted__M4__L8__eps0p02__g0p0003__ds0p2__dm0p05
Problem: QUBO
Kernel: jsd
Advantage: peragentrankweighted
M: 4
lambda: 8
epsilon_svgd: 0.02
gamma: 0.0003
decay_start_ratio: 0.2
decay_min_factor: 0.05
bandwith_kernel: None
no_interact: False
avg_score: -2469.02001953125
median_score: -2460.0
std_score: 110.339111328125
percentiles: 2%=-2710.4599609375, 5%=-2680.699951171875, 10%=-2618.10009765625, 25%=-2523.5, 50%=-2460.0, 75%=-2399.25, 90%=-2340.5, 95%=-2310.35009765625, 98%=-2271.360107421875
ranking_best_algo: SVM1MetaModelLogNormal
ranking_best_score: 2605.14
ranking_my_rank: 80/504 (84.3%)
ranking_my_percent: 84.32539682539682
