ConfigName: kjsd__advperagentrankweighted__M4__L30__eps0p005__g0p0005__ds0p2__dm0p05
Problem: QUBO
Kernel: jsd
Advantage: peragentrankweighted
M: 4
lambda: 30
epsilon_svgd: 0.005
gamma: 0.0005
decay_start_ratio: 0.2
decay_min_factor: 0.05
bandwith_kernel: None
no_interact: False
avg_score: -199.39999389648438
median_score: -199.5
std_score: 12.555477142333984
percentiles: 2%=-224.0, 5%=-222.0, 10%=-217.10000610351562, 25%=-207.5, 50%=-199.5, 75%=-191.0, 90%=-182.89999389648438, 95%=-178.85000610351562, 98%=-173.97999572753906
ranking_best_algo: Tabu
ranking_best_score: 208.36000000000004
ranking_my_rank: 84/504 (83.5%)
ranking_my_percent: 83.53174603174604
