ConfigName: krbf__advnormalizedfitness__M4__L15__eps0p015__g0p01__ds0p01__dm0p01
Problem: QUBO
Kernel: rbf
Advantage: normalizedfitness
M: 4
lambda: 15
epsilon_svgd: 0.015
gamma: 0.01
decay_start_ratio: 0.01
decay_min_factor: 0.01
bandwith_kernel: None
no_interact: False
avg_score: -149.24000549316406
median_score: -149.0
std_score: 11.987593650817871
percentiles: 2%=-179.0, 5%=-175.1999969482422, 10%=-164.0, 25%=-156.0, 50%=-149.0, 75%=-141.0, 90%=-134.89999389648438, 95%=-131.95001220703125, 98%=-127.97999572753906
ranking_best_algo: CMApara
ranking_best_score: 154.28
ranking_my_rank: 78/504 (84.7%)
ranking_my_percent: 84.72222222222223
