ConfigName: kfr__advglobalrankweighted__M4__L5__eps0p05__g0p007__ds0p01__dm0p01
Problem: QUBO
Kernel: fr
Advantage: globalrankweighted
M: 4
lambda: 5
epsilon_svgd: 0.05
gamma: 0.007
decay_start_ratio: 0.01
decay_min_factor: 0.01
bandwith_kernel: None
no_interact: False
avg_score: -309.3599853515625
median_score: -304.0
std_score: 37.951419830322266
percentiles: 2%=-390.0799865722656, 5%=-386.0, 10%=-360.79998779296875, 25%=-334.0, 50%=-304.0, 75%=-275.75, 90%=-265.8999938964844, 95%=-260.8500061035156, 98%=-251.95999145507812
ranking_best_algo: CMApara
ranking_best_score: 319.29999999999995
ranking_my_rank: 80/504 (84.3%)
ranking_my_percent: 84.32539682539682
