ConfigName: krbf__advnormalizedfitness__M3__L8__eps0p033__g0p015__ds0p15__dm0p3
Problem: NK
Kernel: rbf
Advantage: normalizedfitness
M: 3
lambda: 8
epsilon_svgd: 0.033
gamma: 0.015
decay_start_ratio: 0.15
decay_min_factor: 0.3
bandwith_kernel: None
no_interact: False
avg_score: 0.7556400299072266
median_score: 0.7567808032035828
std_score: 0.012251628562808037
percentiles: 2%=0.7292764186859131, 5%=0.7348259687423706, 10%=0.7394780516624451, 25%=0.7483224868774414, 50%=0.7567808032035828, 75%=0.7648406028747559, 90%=0.7707291841506958, 95%=0.7722957134246826, 98%=0.7777854800224304
ranking_best_algo: Tabu
ranking_best_score: 0.7657846284375001
ranking_my_rank: 5/504 (99.2%)
ranking_my_percent: 99.2063492063492
