ConfigName: kjsd__advperagentrankweighted__M3__L16__eps0p007__g0p0005__ds0p1__dm0p2
Problem: QUBO
Kernel: jsd
Advantage: peragentrankweighted
M: 3
lambda: 16
epsilon_svgd: 0.007
gamma: 0.0005
decay_start_ratio: 0.1
decay_min_factor: 0.2
bandwith_kernel: None
no_interact: False
avg_score: -196.67999267578125
median_score: -197.0
std_score: 13.671050071716309
percentiles: 2%=-224.0, 5%=-221.0500030517578, 10%=-217.1999969482422, 25%=-205.0, 50%=-197.0, 75%=-186.0, 90%=-178.89999389648438, 95%=-175.9499969482422, 98%=-172.89999389648438
ranking_best_algo: Tabu
ranking_best_score: 208.36000000000004
ranking_my_rank: 171/504 (66.3%)
ranking_my_percent: 66.26984126984127
