ConfigName: krbf__advnormalizedfitness__M3__L10__eps0p02__g0p005__ds0p15__dm0p05
Problem: QUBO
Kernel: rbf
Advantage: normalizedfitness
M: 3
lambda: 10
epsilon_svgd: 0.02
gamma: 0.005
decay_start_ratio: 0.15
decay_min_factor: 0.05
bandwith_kernel: None
no_interact: False
avg_score: -577.780029296875
median_score: -574.0
std_score: 27.93191146850586
percentiles: 2%=-632.219970703125, 5%=-622.1500244140625, 10%=-619.0, 25%=-598.0, 50%=-574.0, 75%=-557.75, 90%=-545.0, 95%=-534.8499755859375, 98%=-527.9000244140625
ranking_best_algo: Tabu
ranking_best_score: 588.7199999999999
ranking_my_rank: 43/503 (91.7%)
ranking_my_percent: 91.65009940357852
