ConfigName: kjsd__advperagentrankweighted__M5__L8__eps0p02__g0p0003__ds0p2__dm0p05
Problem: NK
Kernel: jsd
Advantage: peragentrankweighted
M: 5
lambda: 8
epsilon_svgd: 0.02
gamma: 0.0003
decay_start_ratio: 0.2
decay_min_factor: 0.05
bandwith_kernel: None
no_interact: False
avg_score: 0.7380921244621277
median_score: 0.7346847057342529
std_score: 0.029220078140497208
percentiles: 2%=0.6956626176834106, 5%=0.7001032829284668, 10%=0.7053288221359253, 25%=0.7164368629455566, 50%=0.7346847057342529, 75%=0.753290593624115, 90%=0.7774414420127869, 95%=0.8039423227310181, 98%=0.8109671473503113
ranking_best_algo: CMApara
ranking_best_score: 0.7459277895312499
ranking_my_rank: 63/504 (87.7%)
ranking_my_percent: 87.6984126984127
