ConfigName: krbf__advnormalizedfitness__M4__L8__eps0p03__g0p005__ds0p15__dm0p05
Problem: QUBO
Kernel: rbf
Advantage: normalizedfitness
M: 4
lambda: 8
epsilon_svgd: 0.03
gamma: 0.005
decay_start_ratio: 0.15
decay_min_factor: 0.05
bandwith_kernel: None
no_interact: False
avg_score: -139.17999267578125
median_score: -141.0
std_score: 11.808793067932129
percentiles: 2%=-159.02000427246094, 5%=-158.0, 10%=-154.10000610351562, 25%=-146.25, 50%=-141.0, 75%=-130.75, 90%=-125.0, 95%=-118.8499984741211, 98%=-112.95999908447266
ranking_best_algo: DiscreteDE
ranking_best_score: 143.4
ranking_my_rank: 86/504 (83.1%)
ranking_my_percent: 83.13492063492063
