ConfigName: krbf__advnormalizedfitness__M1__L8__eps0p025__g0p015__ds0p15__dm0p3
Problem: QUBO
Kernel: rbf
Advantage: normalizedfitness
M: 1
lambda: 8
epsilon_svgd: 0.025
gamma: 0.015
decay_start_ratio: 0.15
decay_min_factor: 0.3
bandwith_kernel: None
no_interact: False
avg_score: -134.5800018310547
median_score: -136.0
std_score: 12.450846672058105
percentiles: 2%=-155.0399932861328, 5%=-153.0500030517578, 10%=-152.0, 25%=-144.25, 50%=-136.0, 75%=-123.75, 90%=-117.9000015258789, 95%=-114.0, 98%=-109.0
ranking_best_algo: DiscreteDE
ranking_best_score: 143.4
ranking_my_rank: 287/504 (43.3%)
ranking_my_percent: 43.25396825396825
