ConfigName: krbf__advnormalizedfitness__M4__L12__eps0p033__g0p007__ds0p3__dm0p3
Problem: QUBO
Kernel: rbf
Advantage: normalizedfitness
M: 4
lambda: 12
epsilon_svgd: 0.033
gamma: 0.007
decay_start_ratio: 0.3
decay_min_factor: 0.3
bandwith_kernel: None
no_interact: False
avg_score: -1183.8399658203125
median_score: -1191.5
std_score: 74.05130004882812
percentiles: 2%=-1342.0400390625, 5%=-1325.3499755859375, 10%=-1275.199951171875, 25%=-1226.0, 50%=-1191.5, 75%=-1136.25, 90%=-1072.800048828125, 95%=-1065.8499755859375, 98%=-1045.0
ranking_best_algo: BigLognormalDiscreteOnePlusOne
ranking_best_score: 1301.3600000000004
ranking_my_rank: 93/504 (81.7%)
ranking_my_percent: 81.74603174603175
