ConfigName: kjsd__advperagentrankweighted__M3__L24__eps0p005__g0p001__ds0p2__dm0p1
Problem: QUBO
Kernel: jsd
Advantage: peragentrankweighted
M: 3
lambda: 24
epsilon_svgd: 0.005
gamma: 0.001
decay_start_ratio: 0.2
decay_min_factor: 0.1
bandwith_kernel: None
no_interact: False
avg_score: -1589.1199951171875
median_score: -1597.0
std_score: 73.28578186035156
percentiles: 2%=-1741.0, 5%=-1696.6500244140625, 10%=-1672.300048828125, 25%=-1641.25, 50%=-1597.0, 75%=-1539.0, 90%=-1486.800048828125, 95%=-1465.0, 98%=-1454.47998046875
ranking_best_algo: NLOPT_LN_PRAXIS
ranking_best_score: 1607.12
ranking_my_rank: 39/504 (92.5%)
ranking_my_percent: 92.46031746031746
