ConfigName: kfr__advglobalrankweighted__M5__L11__eps0p02__g0p005__ds0p01__dm0p01
Problem: QUBO
Kernel: fr
Advantage: globalrankweighted
M: 5
lambda: 11
epsilon_svgd: 0.02
gamma: 0.005
decay_start_ratio: 0.01
decay_min_factor: 0.01
bandwith_kernel: None
no_interact: False
avg_score: -896.9600219726562
median_score: -887.0
std_score: 66.48802947998047
percentiles: 2%=-1028.0400390625, 5%=-1006.4500122070312, 10%=-995.0, 25%=-944.0, 50%=-887.0, 75%=-855.0, 90%=-812.1000366210938, 95%=-793.6500244140625, 98%=-778.9199829101562
ranking_best_algo: CMAL3
ranking_best_score: 928.5800000000002
ranking_my_rank: 82/504 (83.9%)
ranking_my_percent: 83.92857142857143
