ConfigName: krbf__advnormalizedfitness__M1__L10__eps0p015__g0p007__ds0p01__dm0p01
Problem: NK
Kernel: rbf
Advantage: normalizedfitness
M: 1
lambda: 10
epsilon_svgd: 0.015
gamma: 0.007
decay_start_ratio: 0.01
decay_min_factor: 0.01
bandwith_kernel: None
no_interact: False
avg_score: 0.7246673703193665
median_score: 0.7250391840934753
std_score: 0.008474142290651798
percentiles: 2%=0.7064931988716125, 5%=0.710084855556488, 10%=0.7129513621330261, 25%=0.7192634344100952, 50%=0.7250391840934753, 75%=0.7307829856872559, 90%=0.7350590229034424, 95%=0.73709636926651, 98%=0.7409470677375793
ranking_best_algo: PBIL
ranking_best_score: 0.7170882103515624
ranking_my_rank: 1/504 (100.0%)
ranking_my_percent: 100.0
