ConfigName: kfr__advglobalrankweighted__M4__L24__eps0p06__g0p001__ds0p01__dm0p01
Problem: NK
Kernel: fr
Advantage: globalrankweighted
M: 4
lambda: 24
epsilon_svgd: 0.06
gamma: 0.001
decay_start_ratio: 0.01
decay_min_factor: 0.01
bandwith_kernel: None
no_interact: False
avg_score: 0.7279773950576782
median_score: 0.7271804809570312
std_score: 0.012967527844011784
percentiles: 2%=0.707236647605896, 5%=0.7087716460227966, 10%=0.7116464972496033, 25%=0.7172935605049133, 50%=0.7271804809570312, 75%=0.7368922233581543, 90%=0.7453058958053589, 95%=0.7497993111610413, 98%=0.7520360350608826
ranking_best_algo: Tabu
ranking_best_score: 0.7601875690625
ranking_my_rank: 56/504 (89.1%)
ranking_my_percent: 89.08730158730158
