ConfigName: krbf__advnormalizedfitness__M4__L8__eps0p025__g0p005__ds0p3__dm0p3
Problem: NK
Kernel: rbf
Advantage: normalizedfitness
M: 4
lambda: 8
epsilon_svgd: 0.025
gamma: 0.005
decay_start_ratio: 0.3
decay_min_factor: 0.3
bandwith_kernel: None
no_interact: False
avg_score: 0.7546331286430359
median_score: 0.7553032636642456
std_score: 0.013016609475016594
percentiles: 2%=0.7292535305023193, 5%=0.7328255772590637, 10%=0.7378734946250916, 25%=0.7461175918579102, 50%=0.7553032636642456, 75%=0.7646028399467468, 90%=0.7712939381599426, 95%=0.7753961682319641, 98%=0.7771524786949158
ranking_best_algo: Tabu
ranking_best_score: 0.7470791764843752
ranking_my_rank: 1/504 (100.0%)
ranking_my_percent: 100.0
