ConfigName: kjsd__advperagentrankweighted__M3__L18__eps0p007__g0p003__ds0p1__dm0p2
Problem: QUBO
Kernel: jsd
Advantage: peragentrankweighted
M: 3
lambda: 18
epsilon_svgd: 0.007
gamma: 0.003
decay_start_ratio: 0.1
decay_min_factor: 0.2
bandwith_kernel: None
no_interact: False
avg_score: -150.0
median_score: -146.0
std_score: 11.976644515991211
percentiles: 2%=-179.0, 5%=-179.0, 10%=-160.39999389648438, 25%=-156.25, 50%=-146.0, 75%=-141.0, 90%=-136.0, 95%=-134.89999389648438, 98%=-130.9600067138672
ranking_best_algo: CMApara
ranking_best_score: 154.28
ranking_my_rank: 76/504 (85.1%)
ranking_my_percent: 85.11904761904762
