ConfigName: kjsd__advperagentrankweighted__M3__L18__eps0p01__g0p003__ds0p2__dm0p05
Problem: QUBO
Kernel: jsd
Advantage: peragentrankweighted
M: 3
lambda: 18
epsilon_svgd: 0.01
gamma: 0.003
decay_start_ratio: 0.2
decay_min_factor: 0.05
bandwith_kernel: None
no_interact: False
avg_score: -149.3000030517578
median_score: -146.5
std_score: 13.32629108428955
percentiles: 2%=-179.0, 5%=-179.0, 10%=-164.0, 25%=-155.25, 50%=-146.5, 75%=-141.0, 90%=-134.89999389648438, 95%=-131.0, 98%=-126.94000244140625
ranking_best_algo: CMApara
ranking_best_score: 154.28
ranking_my_rank: 77/504 (84.9%)
ranking_my_percent: 84.92063492063492
