ConfigName: kjsd__advperagentrankweighted__M3__L30__eps0p005__g0p0005__ds0p1__dm0p1
Problem: QUBO
Kernel: jsd
Advantage: peragentrankweighted
M: 3
lambda: 30
epsilon_svgd: 0.005
gamma: 0.0005
decay_start_ratio: 0.1
decay_min_factor: 0.1
bandwith_kernel: None
no_interact: False
avg_score: -1311.97998046875
median_score: -1309.0
std_score: 60.37366485595703
percentiles: 2%=-1435.0400390625, 5%=-1412.1500244140625, 10%=-1396.4000244140625, 25%=-1352.5, 50%=-1309.0, 75%=-1270.5, 90%=-1246.800048828125, 95%=-1210.9000244140625, 98%=-1190.8800048828125
ranking_best_algo: BigLognormalDiscreteOnePlusOne
ranking_best_score: 1301.3600000000004
ranking_my_rank: 1/504 (100.0%)
ranking_my_percent: 100.0
