ConfigName: kjsd__advperagentrankweighted__M3__L18__eps0p005__g0p0007__ds0p2__dm0p05
Problem: NK
Kernel: jsd
Advantage: peragentrankweighted
M: 3
lambda: 18
epsilon_svgd: 0.005
gamma: 0.0007
decay_start_ratio: 0.2
decay_min_factor: 0.05
bandwith_kernel: None
no_interact: False
avg_score: 0.7076600790023804
median_score: 0.710002064704895
std_score: 0.012050501070916653
percentiles: 2%=0.6887173652648926, 5%=0.6894559860229492, 10%=0.6912727952003479, 25%=0.695675790309906, 50%=0.710002064704895, 75%=0.7179968953132629, 90%=0.7223354578018188, 95%=0.7233180403709412, 98%=0.724022388458252
ranking_best_algo: PBIL
ranking_best_score: 0.7013553837109374
ranking_my_rank: 1/504 (100.0%)
ranking_my_percent: 100.0
