ConfigName: krbf__advnormalizedfitness__M4__L8__eps0p015__g0p015__ds0p3__dm0p01
Problem: QUBO
Kernel: rbf
Advantage: normalizedfitness
M: 4
lambda: 8
epsilon_svgd: 0.015
gamma: 0.015
decay_start_ratio: 0.3
decay_min_factor: 0.01
bandwith_kernel: None
no_interact: False
avg_score: -945.3800048828125
median_score: -943.5
std_score: 88.4006576538086
percentiles: 2%=-1102.0799560546875, 5%=-1086.300048828125, 10%=-1057.199951171875, 25%=-1013.0, 50%=-943.5, 75%=-889.0, 90%=-824.4000244140625, 95%=-798.2000732421875, 98%=-774.9599609375
ranking_best_algo: BigLognormalDiscreteOnePlusOne
ranking_best_score: 1301.3600000000004
ranking_my_rank: 293/504 (42.1%)
ranking_my_percent: 42.06349206349206
