ConfigName: krbf__advnormalizedfitness__M3__L8__eps0p03__g0p005__ds0p15__dm0p05
Problem: QUBO
Kernel: rbf
Advantage: normalizedfitness
M: 3
lambda: 8
epsilon_svgd: 0.03
gamma: 0.005
decay_start_ratio: 0.15
decay_min_factor: 0.05
bandwith_kernel: None
no_interact: False
avg_score: -3275.580078125
median_score: -3274.0
std_score: 120.9908447265625
percentiles: 2%=-3541.340087890625, 5%=-3505.550048828125, 10%=-3429.800048828125, 25%=-3364.25, 50%=-3274.0, 75%=-3182.0, 90%=-3132.5, 95%=-3084.0, 98%=-3069.800048828125
ranking_best_algo: RLSOnePlusOne
ranking_best_score: 3316.5199999999995
ranking_my_rank: 12/504 (97.8%)
ranking_my_percent: 97.81746031746032
