ConfigName: krbf__advnormalizedfitness__M3__L15__eps0p033__g0p01__ds0p15__dm0p01
Problem: QUBO
Kernel: rbf
Advantage: normalizedfitness
M: 3
lambda: 15
epsilon_svgd: 0.033
gamma: 0.01
decay_start_ratio: 0.15
decay_min_factor: 0.01
bandwith_kernel: None
no_interact: False
avg_score: -2429.219970703125
median_score: -2431.0
std_score: 174.1441650390625
percentiles: 2%=-2746.1201171875, 5%=-2718.550048828125, 10%=-2645.300048828125, 25%=-2573.75, 50%=-2431.0, 75%=-2298.0, 90%=-2197.89990234375, 95%=-2167.699951171875, 98%=-2142.2197265625
ranking_best_algo: SVM1MetaModelLogNormal
ranking_best_score: 2605.14
ranking_my_rank: 91/504 (82.1%)
ranking_my_percent: 82.14285714285714
