ConfigName: krbf__advnormalizedfitness__M3__L12__eps0p015__g0p01__ds0p3__dm0p3
Problem: QUBO
Kernel: rbf
Advantage: normalizedfitness
M: 3
lambda: 12
epsilon_svgd: 0.015
gamma: 0.01
decay_start_ratio: 0.3
decay_min_factor: 0.3
bandwith_kernel: None
no_interact: False
avg_score: -830.219970703125
median_score: -828.0
std_score: 96.62242126464844
percentiles: 2%=-1057.52001953125, 5%=-1013.0499877929688, 10%=-974.4000244140625, 25%=-879.25, 50%=-828.0, 75%=-755.75, 90%=-717.6000366210938, 95%=-680.800048828125, 98%=-660.9599609375
ranking_best_algo: NLOPT_LN_PRAXIS
ranking_best_score: 1607.12
ranking_my_rank: 337/504 (33.3%)
ranking_my_percent: 33.333333333333336
