ConfigName: kjsd__advperagentrankweighted__M5__L24__eps0p02__g0p0005__ds0p2__dm0p05
Problem: QUBO
Kernel: jsd
Advantage: peragentrankweighted
M: 5
lambda: 24
epsilon_svgd: 0.02
gamma: 0.0005
decay_start_ratio: 0.2
decay_min_factor: 0.05
bandwith_kernel: None
no_interact: False
avg_score: -3321.840087890625
median_score: -3312.0
std_score: 108.16864013671875
percentiles: 2%=-3548.159912109375, 5%=-3528.64990234375, 10%=-3466.10009765625, 25%=-3384.25, 50%=-3312.0, 75%=-3240.75, 90%=-3199.800048828125, 95%=-3152.85009765625, 98%=-3126.639892578125
ranking_best_algo: RLSOnePlusOne
ranking_best_score: 3316.5199999999995
ranking_my_rank: 1/504 (100.0%)
ranking_my_percent: 100.0
