ConfigName: krbf__advnormalizedfitness__M2__L8__eps0p015__g0p015__ds0p01__dm0p3
Problem: QUBO
Kernel: rbf
Advantage: normalizedfitness
M: 2
lambda: 8
epsilon_svgd: 0.015
gamma: 0.015
decay_start_ratio: 0.01
decay_min_factor: 0.3
bandwith_kernel: None
no_interact: False
avg_score: -148.4199981689453
median_score: -149.5
std_score: 14.743934631347656
percentiles: 2%=-179.0, 5%=-179.0, 10%=-164.0, 25%=-157.25, 50%=-149.5, 75%=-137.0, 90%=-128.89999389648438, 95%=-125.94999694824219, 98%=-124.9000015258789
ranking_best_algo: CMApara
ranking_best_score: 154.28
ranking_my_rank: 84/504 (83.5%)
ranking_my_percent: 83.53174603174604
