ConfigName: kjsd__advperagentrankweighted__M4__L10__eps0p02__g0p0005__ds0p05__dm0p05
Problem: QUBO
Kernel: jsd
Advantage: peragentrankweighted
M: 4
lambda: 10
epsilon_svgd: 0.02
gamma: 0.0005
decay_start_ratio: 0.05
decay_min_factor: 0.05
bandwith_kernel: None
no_interact: False
avg_score: -2617.139892578125
median_score: -2623.5
std_score: 119.28327941894531
percentiles: 2%=-2835.320068359375, 5%=-2807.10009765625, 10%=-2771.199951171875, 25%=-2706.25, 50%=-2623.5, 75%=-2522.5, 90%=-2461.800048828125, 95%=-2424.0, 98%=-2390.56005859375
ranking_best_algo: DiscreteLengler2OnePlusOne
ranking_best_score: 2617.04
ranking_my_rank: 1/504 (100.0%)
ranking_my_percent: 100.0
