ConfigName: kjsd__advperagentrankweighted__M6__L24__eps0p005__g0p0005__ds0p3__dm0p05
Problem: QUBO
Kernel: jsd
Advantage: peragentrankweighted
M: 6
lambda: 24
epsilon_svgd: 0.005
gamma: 0.0005
decay_start_ratio: 0.3
decay_min_factor: 0.05
bandwith_kernel: None
no_interact: False
avg_score: -2900.9599609375
median_score: -2886.0
std_score: 227.1140594482422
percentiles: 2%=-3267.0, 5%=-3248.050048828125, 10%=-3201.89990234375, 25%=-3063.0, 50%=-2886.0, 75%=-2759.75, 90%=-2578.39990234375, 95%=-2525.449951171875, 98%=-2451.760009765625
ranking_best_algo: RLSOnePlusOne
ranking_best_score: 3316.5199999999995
ranking_my_rank: 141/504 (72.2%)
ranking_my_percent: 72.22222222222223
