ConfigName: krbf__advnormalizedfitness__M2__L11__eps0p01__g0p007__ds0p01__dm0p01
Problem: QUBO
Kernel: rbf
Advantage: normalizedfitness
M: 2
lambda: 11
epsilon_svgd: 0.01
gamma: 0.007
decay_start_ratio: 0.01
decay_min_factor: 0.01
bandwith_kernel: None
no_interact: False
avg_score: -900.02001953125
median_score: -899.5
std_score: 65.68850708007812
percentiles: 2%=-1029.1400146484375, 5%=-1003.4500122070312, 10%=-979.2000122070312, 25%=-949.0, 50%=-899.5, 75%=-853.5, 90%=-818.5, 95%=-793.9500122070312, 98%=-776.5
ranking_best_algo: CMAL3
ranking_best_score: 928.5800000000002
ranking_my_rank: 70/504 (86.3%)
ranking_my_percent: 86.30952380952381
