ConfigName: kjsd__advperagentrankweighted__M3__L18__eps0p01__g0p0005__ds0p05__dm0p05
Problem: QUBO
Kernel: jsd
Advantage: peragentrankweighted
M: 3
lambda: 18
epsilon_svgd: 0.01
gamma: 0.0005
decay_start_ratio: 0.05
decay_min_factor: 0.05
bandwith_kernel: None
no_interact: False
avg_score: -306.8800048828125
median_score: -308.0
std_score: 37.0565185546875
percentiles: 2%=-390.0400085449219, 5%=-376.20001220703125, 10%=-353.6000061035156, 25%=-328.0, 50%=-308.0, 75%=-272.0, 90%=-263.0, 95%=-260.0, 98%=-252.0
ranking_best_algo: CMApara
ranking_best_score: 319.29999999999995
ranking_my_rank: 110/504 (78.4%)
ranking_my_percent: 78.37301587301587
