ConfigName: krbf__advnormalizedfitness__M3__L8__eps0p015__g0p015__ds0p3__dm0p01
Problem: QUBO
Kernel: rbf
Advantage: normalizedfitness
M: 3
lambda: 8
epsilon_svgd: 0.015
gamma: 0.015
decay_start_ratio: 0.3
decay_min_factor: 0.01
bandwith_kernel: None
no_interact: False
avg_score: -308.8599853515625
median_score: -303.0
std_score: 37.998165130615234
percentiles: 2%=-390.0799865722656, 5%=-386.1000061035156, 10%=-356.20001220703125, 25%=-334.5, 50%=-303.0, 75%=-272.0, 90%=-266.8999938964844, 95%=-264.0, 98%=-257.91998291015625
ranking_best_algo: CMApara
ranking_best_score: 319.29999999999995
ranking_my_rank: 83/504 (83.7%)
ranking_my_percent: 83.73015873015873
