ConfigName: krbf__advnormalizedfitness__M1__L10__eps0p015__g0p007__ds0p15__dm0p3
Problem: QUBO
Kernel: rbf
Advantage: normalizedfitness
M: 1
lambda: 10
epsilon_svgd: 0.015
gamma: 0.007
decay_start_ratio: 0.15
decay_min_factor: 0.3
bandwith_kernel: None
no_interact: False
avg_score: -427.2200012207031
median_score: -428.0
std_score: 28.305328369140625
percentiles: 2%=-479.0, 5%=-470.04998779296875, 10%=-465.1000061035156, 25%=-448.25, 50%=-428.0, 75%=-405.0, 90%=-388.79998779296875, 95%=-382.0, 98%=-380.8799743652344
ranking_best_algo: CMApara
ranking_best_score: 453.82
ranking_my_rank: 101/504 (80.2%)
ranking_my_percent: 80.15873015873017
