ConfigName: kjsd__advperagentrankweighted__M3__L20__eps0p005__g0p0005__ds0p05__dm0p05
Problem: NK
Kernel: jsd
Advantage: peragentrankweighted
M: 3
lambda: 20
epsilon_svgd: 0.005
gamma: 0.0005
decay_start_ratio: 0.05
decay_min_factor: 0.05
bandwith_kernel: None
no_interact: False
avg_score: 0.7505449056625366
median_score: 0.7504427433013916
std_score: 0.014644571579992771
percentiles: 2%=0.7175057530403137, 5%=0.7293103933334351, 10%=0.7322625517845154, 25%=0.738533616065979, 50%=0.7504427433013916, 75%=0.7627608180046082, 90%=0.7680258750915527, 95%=0.7707918286323547, 98%=0.7754203081130981
ranking_best_algo: Tabu
ranking_best_score: 0.7657846284375001
ranking_my_rank: 21/504 (96.0%)
ranking_my_percent: 96.03174603174604
