ConfigName: kfr__advglobalrankweighted__M2__L10__eps0p01__g0p007__ds0p01__dm0p01
Problem: QUBO
Kernel: fr
Advantage: globalrankweighted
M: 2
lambda: 10
epsilon_svgd: 0.01
gamma: 0.007
decay_start_ratio: 0.01
decay_min_factor: 0.01
bandwith_kernel: None
no_interact: False
avg_score: -2621.179931640625
median_score: -2618.0
std_score: 138.0226287841797
percentiles: 2%=-2872.419921875, 5%=-2860.300048828125, 10%=-2813.60009765625, 25%=-2699.0, 50%=-2618.0, 75%=-2516.25, 90%=-2447.199951171875, 95%=-2379.800048828125, 98%=-2367.599853515625
ranking_best_algo: DiscreteLengler2OnePlusOne
ranking_best_score: 2617.04
ranking_my_rank: 1/504 (100.0%)
ranking_my_percent: 100.0
