ConfigName: kjsd__advperagentrankweighted__M5__L8__eps0p03__g0p0007__ds0p2__dm0p05
Problem: QUBO
Kernel: jsd
Advantage: peragentrankweighted
M: 5
lambda: 8
epsilon_svgd: 0.03
gamma: 0.0007
decay_start_ratio: 0.2
decay_min_factor: 0.05
bandwith_kernel: None
no_interact: False
avg_score: -148.25999450683594
median_score: -146.0
std_score: 13.191376686096191
percentiles: 2%=-179.0, 5%=-179.0, 10%=-160.39999389648438, 25%=-155.0, 50%=-146.0, 75%=-141.0, 90%=-133.89999389648438, 95%=-127.0, 98%=-119.94000244140625
ranking_best_algo: CMApara
ranking_best_score: 154.28
ranking_my_rank: 84/504 (83.5%)
ranking_my_percent: 83.53174603174604
