ConfigName: krbf__advnormalizedfitness__M4__L8__eps0p015__g0p01__ds0p01__dm0p01
Problem: QUBO
Kernel: rbf
Advantage: normalizedfitness
M: 4
lambda: 8
epsilon_svgd: 0.015
gamma: 0.01
decay_start_ratio: 0.01
decay_min_factor: 0.01
bandwith_kernel: None
no_interact: False
avg_score: -914.97998046875
median_score: -911.0
std_score: 70.38536834716797
percentiles: 2%=-1062.1199951171875, 5%=-1058.050048828125, 10%=-1011.2000122070312, 25%=-958.0, 50%=-911.0, 75%=-870.0, 90%=-826.7000122070312, 95%=-808.0001220703125, 98%=-775.9400024414062
ranking_best_algo: CMApara
ranking_best_score: 964.9
ranking_my_rank: 72/504 (85.9%)
ranking_my_percent: 85.91269841269842
