ConfigName: kjsd__advperagentrankweighted__M5__L24__eps0p008__g0p0005__ds0p05__dm0p05
Problem: NK
Kernel: jsd
Advantage: peragentrankweighted
M: 5
lambda: 24
epsilon_svgd: 0.008
gamma: 0.0005
decay_start_ratio: 0.05
decay_min_factor: 0.05
bandwith_kernel: None
no_interact: False
avg_score: 0.7385112643241882
median_score: 0.7393170595169067
std_score: 0.008963140659034252
percentiles: 2%=0.719861626625061, 5%=0.7228282690048218, 10%=0.7248802781105042, 25%=0.7340488433837891, 50%=0.7393170595169067, 75%=0.7449066638946533, 90%=0.7503305673599243, 95%=0.7517423033714294, 98%=0.7541723251342773
ranking_best_algo: PBIL
ranking_best_score: 0.730509098125
ranking_my_rank: 1/504 (100.0%)
ranking_my_percent: 100.0
