ConfigName: krbf__advnormalizedfitness__M4__L12__eps0p025__g0p007__ds0p01__dm0p01
Problem: NK
Kernel: rbf
Advantage: normalizedfitness
M: 4
lambda: 12
epsilon_svgd: 0.025
gamma: 0.007
decay_start_ratio: 0.01
decay_min_factor: 0.01
bandwith_kernel: None
no_interact: False
avg_score: 0.7030764818191528
median_score: 0.7021749019622803
std_score: 0.01623433828353882
percentiles: 2%=0.6729905605316162, 5%=0.6782480478286743, 10%=0.6815091371536255, 25%=0.6899964213371277, 50%=0.7021749019622803, 75%=0.7146255970001221, 90%=0.7231260538101196, 95%=0.7287577986717224, 98%=0.7345518469810486
ranking_best_algo: Tabu
ranking_best_score: 0.7429702712499999
ranking_my_rank: 183/504 (63.9%)
ranking_my_percent: 63.888888888888886
