ConfigName: krbf__advnormalizedfitness__M4__L12__eps0p015__g0p01__ds0p3__dm0p3
Problem: QUBO
Kernel: rbf
Advantage: normalizedfitness
M: 4
lambda: 12
epsilon_svgd: 0.015
gamma: 0.01
decay_start_ratio: 0.3
decay_min_factor: 0.3
bandwith_kernel: None
no_interact: False
avg_score: -629.9000244140625
median_score: -623.5
std_score: 84.34221649169922
percentiles: 2%=-842.0999755859375, 5%=-788.3499755859375, 10%=-741.2999877929688, 25%=-675.25, 50%=-623.5, 75%=-578.75, 90%=-526.5999755859375, 95%=-507.8500061035156, 98%=-500.3998718261719
ranking_best_algo: CMApara
ranking_best_score: 964.9
ranking_my_rank: 346/504 (31.5%)
ranking_my_percent: 31.547619047619047
