ConfigName: kjsd__advperagentrankweighted__M4__L10__eps0p02__g0p0007__ds0p05__dm0p05
Problem: NK
Kernel: jsd
Advantage: peragentrankweighted
M: 4
lambda: 10
epsilon_svgd: 0.02
gamma: 0.0007
decay_start_ratio: 0.05
decay_min_factor: 0.05
bandwith_kernel: None
no_interact: False
avg_score: 0.7050599455833435
median_score: 0.7086160778999329
std_score: 0.011651858687400818
percentiles: 2%=0.6863969564437866, 5%=0.6878292560577393, 10%=0.6893677711486816, 25%=0.6939141154289246, 50%=0.7086160778999329, 75%=0.7154339551925659, 90%=0.7185441851615906, 95%=0.7202478647232056, 98%=0.7210140824317932
ranking_best_algo: PBIL
ranking_best_score: 0.7013553837109374
ranking_my_rank: 1/504 (100.0%)
ranking_my_percent: 100.0
