ConfigName: krbf__advnormalizedfitness__M3__L15__eps0p033__g0p007__ds0p3__dm0p3
Problem: QUBO
Kernel: rbf
Advantage: normalizedfitness
M: 3
lambda: 15
epsilon_svgd: 0.033
gamma: 0.007
decay_start_ratio: 0.3
decay_min_factor: 0.3
bandwith_kernel: None
no_interact: False
avg_score: -200.36000061035156
median_score: -201.0
std_score: 12.883726119995117
percentiles: 2%=-224.0, 5%=-224.0, 10%=-219.1999969482422, 25%=-207.0, 50%=-201.0, 75%=-193.75, 90%=-184.0, 95%=-180.7000274658203, 98%=-173.87997436523438
ranking_best_algo: Tabu
ranking_best_score: 208.36000000000004
ranking_my_rank: 47/504 (90.9%)
ranking_my_percent: 90.87301587301587
