ConfigName: kjsd__advperagentrankweighted__M3__L24__eps0p007__g0p001__ds0p2__dm0p2
Problem: QUBO
Kernel: jsd
Advantage: peragentrankweighted
M: 3
lambda: 24
epsilon_svgd: 0.007
gamma: 0.001
decay_start_ratio: 0.2
decay_min_factor: 0.2
bandwith_kernel: None
no_interact: False
avg_score: -579.8800048828125
median_score: -582.5
std_score: 27.20267677307129
percentiles: 2%=-634.02001953125, 5%=-621.0999755859375, 10%=-612.0, 25%=-597.25, 50%=-582.5, 75%=-561.0, 90%=-545.4000244140625, 95%=-526.9000244140625, 98%=-520.8800048828125
ranking_best_algo: Tabu
ranking_best_score: 588.7199999999999
ranking_my_rank: 40/503 (92.2%)
ranking_my_percent: 92.2465208747515
