ConfigName: kjsd__advperagentrankweighted__M4__L10__eps0p005__g0p0003__ds0p05__dm0p05
Problem: NK
Kernel: jsd
Advantage: peragentrankweighted
M: 4
lambda: 10
epsilon_svgd: 0.005
gamma: 0.0003
decay_start_ratio: 0.05
decay_min_factor: 0.05
bandwith_kernel: None
no_interact: False
avg_score: 0.706248939037323
median_score: 0.707932710647583
std_score: 0.011537546291947365
percentiles: 2%=0.6864742040634155, 5%=0.6876308917999268, 10%=0.6883834004402161, 25%=0.6958609223365784, 50%=0.707932710647583, 75%=0.7164795994758606, 90%=0.7197344303131104, 95%=0.7207186222076416, 98%=0.7218177318572998
ranking_best_algo: PBIL
ranking_best_score: 0.7013553837109374
ranking_my_rank: 1/504 (100.0%)
ranking_my_percent: 100.0
