ConfigName: kjsd__advperagentrankweighted__M6__L10__eps0p02__g0p0007__ds0p05__dm0p05
Problem: NK
Kernel: jsd
Advantage: peragentrankweighted
M: 6
lambda: 10
epsilon_svgd: 0.02
gamma: 0.0007
decay_start_ratio: 0.05
decay_min_factor: 0.05
bandwith_kernel: None
no_interact: False
avg_score: 0.7337248921394348
median_score: 0.7346576452255249
std_score: 0.0088701406493783
percentiles: 2%=0.7155469059944153, 5%=0.717160701751709, 10%=0.7194193005561829, 25%=0.7290867567062378, 50%=0.7346576452255249, 75%=0.7403371334075928, 90%=0.7444505095481873, 95%=0.7464785575866699, 98%=0.7476837635040283
ranking_best_algo: PBIL
ranking_best_score: 0.7248786399609374
ranking_my_rank: 1/504 (100.0%)
ranking_my_percent: 100.0
