ConfigName: kjsd__advperagentrankweighted__M3__L20__eps0p005__g0p003__ds0p2__dm0p05
Problem: NK
Kernel: jsd
Advantage: peragentrankweighted
M: 3
lambda: 20
epsilon_svgd: 0.005
gamma: 0.003
decay_start_ratio: 0.2
decay_min_factor: 0.05
bandwith_kernel: None
no_interact: False
avg_score: 0.7406880259513855
median_score: 0.7380772233009338
std_score: 0.01687389798462391
percentiles: 2%=0.70920729637146, 5%=0.7121190428733826, 10%=0.7168498635292053, 25%=0.7297239899635315, 50%=0.7380772233009338, 75%=0.7547709941864014, 90%=0.7631052136421204, 95%=0.7678221464157104, 98%=0.7712851166725159
ranking_best_algo: Tabu
ranking_best_score: 0.7470791764843752
ranking_my_rank: 6/504 (99.0%)
ranking_my_percent: 99.0079365079365
