ConfigName: krbf__advnormalizedfitness__M4__L15__eps0p015__g0p015__ds0p01__dm0p3
Problem: QUBO
Kernel: rbf
Advantage: normalizedfitness
M: 4
lambda: 15
epsilon_svgd: 0.015
gamma: 0.015
decay_start_ratio: 0.01
decay_min_factor: 0.3
bandwith_kernel: None
no_interact: False
avg_score: -464.6400146484375
median_score: -461.5
std_score: 32.73606872558594
percentiles: 2%=-533.6799926757812, 5%=-519.0499877929688, 10%=-509.20001220703125, 25%=-483.0, 50%=-461.5, 75%=-443.75, 90%=-424.6000061035156, 95%=-415.7500305175781, 98%=-406.89996337890625
ranking_best_algo: Tabu
ranking_best_score: 1216.16
ranking_my_rank: 400/504 (20.8%)
ranking_my_percent: 20.833333333333332
