ConfigName: kjsd__advperagentrankweighted__M3__L16__eps0p007__g0p0005__ds0p05__dm0p1
Problem: QUBO
Kernel: jsd
Advantage: peragentrankweighted
M: 3
lambda: 16
epsilon_svgd: 0.007
gamma: 0.0005
decay_start_ratio: 0.05
decay_min_factor: 0.1
bandwith_kernel: None
no_interact: False
avg_score: -3324.080078125
median_score: -3325.5
std_score: 114.2955551147461
percentiles: 2%=-3514.10009765625, 5%=-3496.10009765625, 10%=-3458.39990234375, 25%=-3418.75, 50%=-3325.5, 75%=-3229.75, 90%=-3176.39990234375, 95%=-3160.60009765625, 98%=-3103.56005859375
ranking_best_algo: RLSOnePlusOne
ranking_best_score: 3316.5199999999995
ranking_my_rank: 1/504 (100.0%)
ranking_my_percent: 100.0
