ConfigName: kjsd__advperagentrankweighted__M4__L8__eps0p005__g0p003__ds0p05__dm0p05
Problem: NK
Kernel: jsd
Advantage: peragentrankweighted
M: 4
lambda: 8
epsilon_svgd: 0.005
gamma: 0.003
decay_start_ratio: 0.05
decay_min_factor: 0.05
bandwith_kernel: None
no_interact: False
avg_score: 0.7329843044281006
median_score: 0.7318527102470398
std_score: 0.013057294301688671
percentiles: 2%=0.7119130492210388, 5%=0.7133328318595886, 10%=0.7180792093276978, 25%=0.7228606939315796, 50%=0.7318527102470398, 75%=0.7413830757141113, 90%=0.7519866228103638, 95%=0.7571460604667664, 98%=0.7594790458679199
ranking_best_algo: PBIL
ranking_best_score: 0.733570253046875
ranking_my_rank: 2/504 (99.8%)
ranking_my_percent: 99.8015873015873
