ConfigName: krbf__advnormalizedfitness__M3__L8__eps0p025__g0p015__ds0p15__dm0p3
Problem: NK
Kernel: rbf
Advantage: normalizedfitness
M: 3
lambda: 8
epsilon_svgd: 0.025
gamma: 0.015
decay_start_ratio: 0.15
decay_min_factor: 0.3
bandwith_kernel: None
no_interact: False
avg_score: 0.7204830050468445
median_score: 0.7234369516372681
std_score: 0.011636506766080856
percentiles: 2%=0.696150004863739, 5%=0.6983067989349365, 10%=0.7052708864212036, 25%=0.7112563848495483, 50%=0.7234369516372681, 75%=0.7298982739448547, 90%=0.7338312268257141, 95%=0.7354300022125244, 98%=0.7397894859313965
ranking_best_algo: PBIL
ranking_best_score: 0.7248786399609374
ranking_my_rank: 6/504 (99.0%)
ranking_my_percent: 99.0079365079365
