ConfigName: kjsd__advperagentrankweighted__M4__L20__eps0p005__g0p001__ds0p2__dm0p05
Problem: QUBO
Kernel: jsd
Advantage: peragentrankweighted
M: 4
lambda: 20
epsilon_svgd: 0.005
gamma: 0.001
decay_start_ratio: 0.2
decay_min_factor: 0.05
bandwith_kernel: None
no_interact: False
avg_score: -2512.659912109375
median_score: -2503.5
std_score: 144.382568359375
percentiles: 2%=-2811.0, 5%=-2759.39990234375, 10%=-2689.800048828125, 25%=-2616.5, 50%=-2503.5, 75%=-2413.75, 90%=-2346.39990234375, 95%=-2298.949951171875, 98%=-2216.580078125
ranking_best_algo: DiscreteLengler2OnePlusOne
ranking_best_score: 2617.04
ranking_my_rank: 64/504 (87.5%)
ranking_my_percent: 87.5
