ConfigName: krbf__advnormalizedfitness__M3__L15__eps0p025__g0p01__ds0p01__dm0p3
Problem: NK
Kernel: rbf
Advantage: normalizedfitness
M: 3
lambda: 15
epsilon_svgd: 0.025
gamma: 0.01
decay_start_ratio: 0.01
decay_min_factor: 0.3
bandwith_kernel: None
no_interact: False
avg_score: 0.733426570892334
median_score: 0.7340843677520752
std_score: 0.00956861861050129
percentiles: 2%=0.7110755443572998, 5%=0.7153726816177368, 10%=0.721127450466156, 25%=0.7274235486984253, 50%=0.7340843677520752, 75%=0.7386125326156616, 90%=0.7452265024185181, 95%=0.7461020350456238, 98%=0.750073254108429
ranking_best_algo: PBIL
ranking_best_score: 0.730509098125
ranking_my_rank: 1/504 (100.0%)
ranking_my_percent: 100.0
