ConfigName: krbf__advnormalizedfitness__M2__L8__eps0p015__g0p01__ds0p01__dm0p01
Problem: NK
Kernel: rbf
Advantage: normalizedfitness
M: 2
lambda: 8
epsilon_svgd: 0.015
gamma: 0.01
decay_start_ratio: 0.01
decay_min_factor: 0.01
bandwith_kernel: None
no_interact: False
avg_score: 0.7433919310569763
median_score: 0.7408133745193481
std_score: 0.028437882661819458
percentiles: 2%=0.6927154660224915, 5%=0.7042389512062073, 10%=0.7112547159194946, 25%=0.7224147319793701, 50%=0.7408133745193481, 75%=0.7580187320709229, 90%=0.7783373594284058, 95%=0.8044298887252808, 98%=0.8080617785453796
ranking_best_algo: CMApara
ranking_best_score: 0.7459277895312499
ranking_my_rank: 12/504 (97.8%)
ranking_my_percent: 97.81746031746032
