ConfigName: kjsd__advperagentrankweighted__M3__L20__eps0p005__g0p0007__ds0p1__dm0p2
Problem: QUBO
Kernel: jsd
Advantage: peragentrankweighted
M: 3
lambda: 20
epsilon_svgd: 0.005
gamma: 0.0007
decay_start_ratio: 0.1
decay_min_factor: 0.2
bandwith_kernel: None
no_interact: False
avg_score: -427.20001220703125
median_score: -428.0
std_score: 27.895517349243164
percentiles: 2%=-483.0400085449219, 5%=-471.20001220703125, 10%=-461.29998779296875, 25%=-446.25, 50%=-428.0, 75%=-409.0, 90%=-393.0, 95%=-384.8999938964844, 98%=-367.79998779296875
ranking_best_algo: CMAL3
ranking_best_score: 435.36
ranking_my_rank: 19/504 (96.4%)
ranking_my_percent: 96.42857142857143
