ConfigName: kjsd__advperagentrankweighted__M4__L30__eps0p005__g0p0003__ds0p05__dm0p05
Problem: NK
Kernel: jsd
Advantage: peragentrankweighted
M: 4
lambda: 30
epsilon_svgd: 0.005
gamma: 0.0003
decay_start_ratio: 0.05
decay_min_factor: 0.05
bandwith_kernel: None
no_interact: False
avg_score: 0.7449682354927063
median_score: 0.7461763620376587
std_score: 0.013580020517110825
percentiles: 2%=0.7203550934791565, 5%=0.7231867909431458, 10%=0.728404700756073, 25%=0.7357878684997559, 50%=0.7461763620376587, 75%=0.7541697025299072, 90%=0.7630702257156372, 95%=0.7671417593955994, 98%=0.7705669403076172
ranking_best_algo: Tabu
ranking_best_score: 0.7601875690625
ranking_my_rank: 5/504 (99.2%)
ranking_my_percent: 99.2063492063492
