ConfigName: krbf__advnormalizedfitness__M3__L12__eps0p015__g0p007__ds0p3__dm0p3
Problem: NK
Kernel: rbf
Advantage: normalizedfitness
M: 3
lambda: 12
epsilon_svgd: 0.015
gamma: 0.007
decay_start_ratio: 0.3
decay_min_factor: 0.3
bandwith_kernel: None
no_interact: False
avg_score: 0.7444376945495605
median_score: 0.7423104643821716
std_score: 0.028788099065423012
percentiles: 2%=0.7055795192718506, 5%=0.7071566581726074, 10%=0.7105557918548584, 25%=0.7182533740997314, 50%=0.7423104643821716, 75%=0.7580187320709229, 90%=0.778337299823761, 95%=0.8044700026512146, 98%=0.8095871806144714
ranking_best_algo: CMApara
ranking_best_score: 0.7459277895312499
ranking_my_rank: 3/504 (99.6%)
ranking_my_percent: 99.60317460317461
