ConfigName: krbf__advnormalizedfitness__M4__L10__eps0p025__g0p015__ds0p15__dm0p01
Problem: QUBO
Kernel: rbf
Advantage: normalizedfitness
M: 4
lambda: 10
epsilon_svgd: 0.025
gamma: 0.015
decay_start_ratio: 0.15
decay_min_factor: 0.01
bandwith_kernel: None
no_interact: False
avg_score: -1091.1600341796875
median_score: -1098.0
std_score: 86.9601821899414
percentiles: 2%=-1239.280029296875, 5%=-1233.0, 10%=-1201.9000244140625, 25%=-1147.25, 50%=-1098.0, 75%=-1035.5, 90%=-974.7000122070312, 95%=-939.9000244140625, 98%=-900.9199829101562
ranking_best_algo: BigLognormalDiscreteOnePlusOne
ranking_best_score: 1301.3600000000004
ranking_my_rank: 208/504 (58.9%)
ranking_my_percent: 58.92857142857143
