ConfigName: krbf__advnormalizedfitness__M4__L10__eps0p025__g0p005__ds0p15__dm0p3
Problem: QUBO
Kernel: rbf
Advantage: normalizedfitness
M: 4
lambda: 10
epsilon_svgd: 0.025
gamma: 0.005
decay_start_ratio: 0.15
decay_min_factor: 0.3
bandwith_kernel: None
no_interact: False
avg_score: -928.4600219726562
median_score: -926.5
std_score: 56.888736724853516
percentiles: 2%=-1034.02001953125, 5%=-1027.0999755859375, 10%=-1017.2000122070312, 25%=-964.75, 50%=-926.5, 75%=-885.25, 90%=-858.7999877929688, 95%=-850.800048828125, 98%=-838.39990234375
ranking_best_algo: CMApara
ranking_best_score: 964.9
ranking_my_rank: 21/504 (96.0%)
ranking_my_percent: 96.03174603174604
