ConfigName: kjsd__advperagentrankweighted__M4__L24__eps0p005__g0p0003__ds0p2__dm0p05
Problem: QUBO
Kernel: jsd
Advantage: peragentrankweighted
M: 4
lambda: 24
epsilon_svgd: 0.005
gamma: 0.0003
decay_start_ratio: 0.2
decay_min_factor: 0.05
bandwith_kernel: None
no_interact: False
avg_score: -140.17999267578125
median_score: -141.5
std_score: 10.12756633758545
percentiles: 2%=-158.0399932861328, 5%=-156.0, 10%=-152.10000610351562, 25%=-147.0, 50%=-141.5, 75%=-132.75, 90%=-127.0, 95%=-124.9000015258789, 98%=-119.94000244140625
ranking_best_algo: DiscreteDE
ranking_best_score: 143.4
ranking_my_rank: 78/504 (84.7%)
ranking_my_percent: 84.72222222222223
