ConfigName: krbf__advnormalizedfitness__M3__L8__eps0p033__g0p01__ds0p01__dm0p3
Problem: NK
Kernel: rbf
Advantage: normalizedfitness
M: 3
lambda: 8
epsilon_svgd: 0.033
gamma: 0.01
decay_start_ratio: 0.01
decay_min_factor: 0.3
bandwith_kernel: None
no_interact: False
avg_score: 0.7440356612205505
median_score: 0.7423104643821716
std_score: 0.02890767529606819
percentiles: 2%=0.6914326548576355, 5%=0.7056049108505249, 10%=0.7106334567070007, 25%=0.7233927249908447, 50%=0.7423104643821716, 75%=0.7585474252700806, 90%=0.778337299823761, 95%=0.8045448064804077, 98%=0.8118547797203064
ranking_best_algo: CMApara
ranking_best_score: 0.7459277895312499
ranking_my_rank: 6/504 (99.0%)
ranking_my_percent: 99.0079365079365
