ConfigName: krbf__advnormalizedfitness__M3__L15__eps0p015__g0p01__ds0p3__dm0p01
Problem: NK
Kernel: rbf
Advantage: normalizedfitness
M: 3
lambda: 15
epsilon_svgd: 0.015
gamma: 0.01
decay_start_ratio: 0.3
decay_min_factor: 0.01
bandwith_kernel: None
no_interact: False
avg_score: 0.6952694654464722
median_score: 0.6980297565460205
std_score: 0.012388831004500389
percentiles: 2%=0.672484278678894, 5%=0.6767898797988892, 10%=0.6798219084739685, 25%=0.6834579706192017, 50%=0.6980297565460205, 75%=0.7064409255981445, 90%=0.7101346850395203, 95%=0.711173415184021, 98%=0.714311957359314
ranking_best_algo: PBIL
ranking_best_score: 0.7013553837109374
ranking_my_rank: 51/504 (90.1%)
ranking_my_percent: 90.07936507936508
