ConfigName: krbf__advnormalizedfitness__M3__L10__eps0p015__g0p01__ds0p3__dm0p3
Problem: QUBO
Kernel: rbf
Advantage: normalizedfitness
M: 3
lambda: 10
epsilon_svgd: 0.015
gamma: 0.01
decay_start_ratio: 0.3
decay_min_factor: 0.3
bandwith_kernel: None
no_interact: False
avg_score: -780.1599731445312
median_score: -773.0
std_score: 89.31402587890625
percentiles: 2%=-986.239990234375, 5%=-947.2999877929688, 10%=-891.8999633789062, 25%=-840.5, 50%=-773.0, 75%=-709.0, 90%=-669.9000244140625, 95%=-656.8500366210938, 98%=-637.8999633789062
ranking_best_algo: CMAL3
ranking_best_score: 928.5800000000002
ranking_my_rank: 317/504 (37.3%)
ranking_my_percent: 37.301587301587304
