ConfigName: kjsd__advperagentrankweighted__M3__L18__eps0p007__g0p0005__ds0p2__dm0p2
Problem: NK
Kernel: jsd
Advantage: peragentrankweighted
M: 3
lambda: 18
epsilon_svgd: 0.007
gamma: 0.0005
decay_start_ratio: 0.2
decay_min_factor: 0.2
bandwith_kernel: None
no_interact: False
avg_score: 0.7359673380851746
median_score: 0.7367252707481384
std_score: 0.00911697931587696
percentiles: 2%=0.7171118855476379, 5%=0.7209060192108154, 10%=0.722977340221405, 25%=0.730222225189209, 50%=0.7367252707481384, 75%=0.7426387071609497, 90%=0.7461526989936829, 95%=0.7490978837013245, 98%=0.7518019080162048
ranking_best_algo: PBIL
ranking_best_score: 0.730509098125
ranking_my_rank: 1/504 (100.0%)
ranking_my_percent: 100.0
