ConfigName: kjsd__advperagentrankweighted__M5__L10__eps0p005__g0p003__ds0p4__dm0p05
Problem: NK
Kernel: jsd
Advantage: peragentrankweighted
M: 5
lambda: 10
epsilon_svgd: 0.005
gamma: 0.003
decay_start_ratio: 0.4
decay_min_factor: 0.05
bandwith_kernel: None
no_interact: False
avg_score: 0.6761572957038879
median_score: 0.6706371307373047
std_score: 0.025338510051369667
percentiles: 2%=0.6420533061027527, 5%=0.6446229219436646, 10%=0.6507508158683777, 25%=0.6562412977218628, 50%=0.6706371307373047, 75%=0.6914453506469727, 90%=0.7128835916519165, 95%=0.7214510440826416, 98%=0.7451632022857666
ranking_best_algo: Tabu
ranking_best_score: 0.7601875690625
ranking_my_rank: 335/504 (33.7%)
ranking_my_percent: 33.73015873015873
