ConfigName: kjsd__advperagentrankweighted__M3__L16__eps0p01__g0p003__ds0p2__dm0p1
Problem: NK
Kernel: jsd
Advantage: peragentrankweighted
M: 3
lambda: 16
epsilon_svgd: 0.01
gamma: 0.003
decay_start_ratio: 0.2
decay_min_factor: 0.1
bandwith_kernel: None
no_interact: False
avg_score: 0.7562549114227295
median_score: 0.7560035586357117
std_score: 0.013400680385529995
percentiles: 2%=0.7344090342521667, 5%=0.7361756563186646, 10%=0.7382614612579346, 25%=0.7452473640441895, 50%=0.7560035586357117, 75%=0.7649432420730591, 90%=0.776580810546875, 95%=0.7814943194389343, 98%=0.7822551727294922
ranking_best_algo: Tabu
ranking_best_score: 0.7470791764843752
ranking_my_rank: 1/504 (100.0%)
ranking_my_percent: 100.0
