ConfigName: kfr__advglobalrankweighted__M4__L10__eps0p01__g0p007__ds0p01__dm0p01
Problem: QUBO
Kernel: fr
Advantage: globalrankweighted
M: 4
lambda: 10
epsilon_svgd: 0.01
gamma: 0.007
decay_start_ratio: 0.01
decay_min_factor: 0.01
bandwith_kernel: None
no_interact: False
avg_score: -308.6600036621094
median_score: -312.0
std_score: 39.72309494018555
percentiles: 2%=-392.0, 5%=-386.1000061035156, 10%=-356.6000061035156, 25%=-334.0, 50%=-312.0, 75%=-271.75, 90%=-262.0, 95%=-258.0, 98%=-252.86000061035156
ranking_best_algo: CMApara
ranking_best_score: 319.29999999999995
ranking_my_rank: 87/504 (82.9%)
ranking_my_percent: 82.93650793650794
