ConfigName: kjsd__advperagentrankweighted__M3__L18__eps0p01__g0p003__ds0p1__dm0p2
Problem: QUBO
Kernel: jsd
Advantage: peragentrankweighted
M: 3
lambda: 18
epsilon_svgd: 0.01
gamma: 0.003
decay_start_ratio: 0.1
decay_min_factor: 0.2
bandwith_kernel: None
no_interact: False
avg_score: -309.6000061035156
median_score: -311.0
std_score: 39.962982177734375
percentiles: 2%=-394.0400085449219, 5%=-388.0, 10%=-360.0, 25%=-336.5, 50%=-311.0, 75%=-274.0, 90%=-263.0, 95%=-260.95001220703125, 98%=-256.7799987792969
ranking_best_algo: CMApara
ranking_best_score: 319.29999999999995
ranking_my_rank: 73/504 (85.7%)
ranking_my_percent: 85.71428571428571
