ConfigName: kjsd__advperagentrankweighted__M3__L16__eps0p01__g0p003__ds0p05__dm0p1
Problem: QUBO
Kernel: jsd
Advantage: peragentrankweighted
M: 3
lambda: 16
epsilon_svgd: 0.01
gamma: 0.003
decay_start_ratio: 0.05
decay_min_factor: 0.1
bandwith_kernel: None
no_interact: False
avg_score: -2606.800048828125
median_score: -2620.0
std_score: 132.5723876953125
percentiles: 2%=-2891.5, 5%=-2803.050048828125, 10%=-2753.10009765625, 25%=-2692.75, 50%=-2620.0, 75%=-2520.25, 90%=-2434.0, 95%=-2385.10009765625, 98%=-2325.699951171875
ranking_best_algo: DiscreteLengler2OnePlusOne
ranking_best_score: 2617.04
ranking_my_rank: 2/504 (99.8%)
ranking_my_percent: 99.8015873015873
