ConfigName: kjsd__advperagentrankweighted__M3__L18__eps0p007__g0p003__ds0p05__dm0p2
Problem: NK
Kernel: jsd
Advantage: peragentrankweighted
M: 3
lambda: 18
epsilon_svgd: 0.007
gamma: 0.003
decay_start_ratio: 0.05
decay_min_factor: 0.2
bandwith_kernel: None
no_interact: False
avg_score: 0.7102347016334534
median_score: 0.7109918594360352
std_score: 0.015259942971169949
percentiles: 2%=0.6713771820068359, 5%=0.6724295616149902, 10%=0.6963377594947815, 25%=0.7075608372688293, 50%=0.7109918594360352, 75%=0.7192898988723755, 90%=0.7254163026809692, 95%=0.7319466471672058, 98%=0.732555091381073
ranking_best_algo: CMApara
ranking_best_score: 0.707475975
ranking_my_rank: 1/504 (100.0%)
ranking_my_percent: 100.0
