ConfigName: krbf__advnormalizedfitness__M4__L8__eps0p033__g0p01__ds0p3__dm0p01
Problem: NK
Kernel: rbf
Advantage: normalizedfitness
M: 4
lambda: 8
epsilon_svgd: 0.033
gamma: 0.01
decay_start_ratio: 0.3
decay_min_factor: 0.01
bandwith_kernel: None
no_interact: False
avg_score: 0.756081759929657
median_score: 0.7563445568084717
std_score: 0.012453949078917503
percentiles: 2%=0.7284067869186401, 5%=0.734037458896637, 10%=0.7391155362129211, 25%=0.7466655969619751, 50%=0.7563445568084717, 75%=0.7671829462051392, 90%=0.7713013887405396, 95%=0.774763822555542, 98%=0.7753819227218628
ranking_best_algo: Tabu
ranking_best_score: 0.7657846284375001
ranking_my_rank: 3/504 (99.6%)
ranking_my_percent: 99.60317460317461
