ConfigName: kjsd__advperagentrankweighted__M5__L10__eps0p005__g0p003__ds0p4__dm0p05
Problem: QUBO
Kernel: jsd
Advantage: peragentrankweighted
M: 5
lambda: 10
epsilon_svgd: 0.005
gamma: 0.003
decay_start_ratio: 0.4
decay_min_factor: 0.05
bandwith_kernel: None
no_interact: False
avg_score: -1032.1600341796875
median_score: -1036.0
std_score: 109.29957580566406
percentiles: 2%=-1287.1600341796875, 5%=-1235.0, 10%=-1162.699951171875, 25%=-1102.0, 50%=-1036.0, 75%=-960.75, 90%=-896.0, 95%=-860.0, 98%=-837.4600219726562
ranking_best_algo: Tabu
ranking_best_score: 1216.16
ranking_my_rank: 259/504 (48.8%)
ranking_my_percent: 48.80952380952381
