ConfigName: kjsd__advperagentrankweighted__M4__L12__eps0p005__g0p0005__ds0p05__dm0p05
Problem: NK
Kernel: jsd
Advantage: peragentrankweighted
M: 4
lambda: 12
epsilon_svgd: 0.005
gamma: 0.0005
decay_start_ratio: 0.05
decay_min_factor: 0.05
bandwith_kernel: None
no_interact: False
avg_score: 0.7326352596282959
median_score: 0.7338259816169739
std_score: 0.010089880786836147
percentiles: 2%=0.7140859365463257, 5%=0.7159036993980408, 10%=0.7196440100669861, 25%=0.7243293523788452, 50%=0.7338259816169739, 75%=0.7399150133132935, 90%=0.7448641061782837, 95%=0.7491439580917358, 98%=0.7515496015548706
ranking_best_algo: Tabu
ranking_best_score: 0.7429702712499999
ranking_my_rank: 2/504 (99.8%)
ranking_my_percent: 99.8015873015873
