ConfigName: krbf__advnormalizedfitness__M1__L10__eps0p015__g0p005__ds0p3__dm0p3
Problem: NK
Kernel: rbf
Advantage: normalizedfitness
M: 1
lambda: 10
epsilon_svgd: 0.015
gamma: 0.005
decay_start_ratio: 0.3
decay_min_factor: 0.3
bandwith_kernel: None
no_interact: False
avg_score: 0.741438090801239
median_score: 0.7420204877853394
std_score: 0.013604379259049892
percentiles: 2%=0.7184637188911438, 5%=0.7210718393325806, 10%=0.7238819003105164, 25%=0.7305558919906616, 50%=0.7420204877853394, 75%=0.7507213354110718, 90%=0.7588047385215759, 95%=0.7616850137710571, 98%=0.7651273608207703
ranking_best_algo: Tabu
ranking_best_score: 0.7470791764843752
ranking_my_rank: 6/504 (99.0%)
ranking_my_percent: 99.0079365079365
