ConfigName: krbf__advnormalizedfitness__M3__L15__eps0p015__g0p01__ds0p01__dm0p01
Problem: NK
Kernel: rbf
Advantage: normalizedfitness
M: 3
lambda: 15
epsilon_svgd: 0.015
gamma: 0.01
decay_start_ratio: 0.01
decay_min_factor: 0.01
bandwith_kernel: None
no_interact: False
avg_score: 0.7105405330657959
median_score: 0.7113637924194336
std_score: 0.015212264843285084
percentiles: 2%=0.6717360019683838, 5%=0.6737082004547119, 10%=0.6956272721290588, 25%=0.707294762134552, 50%=0.7113637924194336, 75%=0.7180824279785156, 90%=0.7253985404968262, 95%=0.7321107387542725, 98%=0.733233630657196
ranking_best_algo: CMApara
ranking_best_score: 0.707475975
ranking_my_rank: 1/504 (100.0%)
ranking_my_percent: 100.0
