ConfigName: kjsd__advperagentrankweighted__M4__L28__eps0p005__g0p0005__ds0p05__dm0p05
Problem: QUBO
Kernel: jsd
Advantage: peragentrankweighted
M: 4
lambda: 28
epsilon_svgd: 0.005
gamma: 0.0005
decay_start_ratio: 0.05
decay_min_factor: 0.05
bandwith_kernel: None
no_interact: False
avg_score: -330.3999938964844
median_score: -334.0
std_score: 20.743192672729492
percentiles: 2%=-372.0, 5%=-357.75, 10%=-350.3999938964844, 25%=-343.0, 50%=-334.0, 75%=-320.0, 90%=-299.79998779296875, 95%=-292.0, 98%=-289.79998779296875
ranking_best_algo: CMApara
ranking_best_score: 344.22
ranking_my_rank: 79/504 (84.5%)
ranking_my_percent: 84.52380952380952
