ConfigName: krbf__advnormalizedfitness__M4__L8__eps0p015__g0p01__ds0p3__dm0p01
Problem: QUBO
Kernel: rbf
Advantage: normalizedfitness
M: 4
lambda: 8
epsilon_svgd: 0.015
gamma: 0.01
decay_start_ratio: 0.3
decay_min_factor: 0.01
bandwith_kernel: None
no_interact: False
avg_score: -309.5799865722656
median_score: -310.0
std_score: 37.16966247558594
percentiles: 2%=-386.1199951171875, 5%=-380.20001220703125, 10%=-352.0, 25%=-336.0, 50%=-310.0, 75%=-275.75, 90%=-264.0, 95%=-260.95001220703125, 98%=-255.95999145507812
ranking_best_algo: CMApara
ranking_best_score: 319.29999999999995
ranking_my_rank: 74/504 (85.5%)
ranking_my_percent: 85.51587301587301
