ConfigName: kjsd__advperagentrankweighted__M3__L18__eps0p01__g0p0005__ds0p2__dm0p2
Problem: NK
Kernel: jsd
Advantage: peragentrankweighted
M: 3
lambda: 18
epsilon_svgd: 0.01
gamma: 0.0005
decay_start_ratio: 0.2
decay_min_factor: 0.2
bandwith_kernel: None
no_interact: False
avg_score: 0.7195631265640259
median_score: 0.7189803123474121
std_score: 0.007752126548439264
percentiles: 2%=0.7045091390609741, 5%=0.7059426307678223, 10%=0.7108684778213501, 25%=0.7149264812469482, 50%=0.7189803123474121, 75%=0.7236951589584351, 90%=0.7309093475341797, 95%=0.7336982488632202, 98%=0.7378574013710022
ranking_best_algo: PBIL
ranking_best_score: 0.7170882103515624
ranking_my_rank: 1/504 (100.0%)
ranking_my_percent: 100.0
