ConfigName: krbf__advnormalizedfitness__M4__L8__eps0p015__g0p01__ds0p15__dm0p01
Problem: QUBO
Kernel: rbf
Advantage: normalizedfitness
M: 4
lambda: 8
epsilon_svgd: 0.015
gamma: 0.01
decay_start_ratio: 0.15
decay_min_factor: 0.01
bandwith_kernel: None
no_interact: False
avg_score: -329.9200134277344
median_score: -334.0
std_score: 23.004207611083984
percentiles: 2%=-372.0, 5%=-368.1000061035156, 10%=-354.20001220703125, 25%=-346.0, 50%=-334.0, 75%=-318.0, 90%=-296.0, 95%=-291.9000244140625, 98%=-287.679931640625
ranking_best_algo: CMApara
ranking_best_score: 344.22
ranking_my_rank: 79/504 (84.5%)
ranking_my_percent: 84.52380952380952
