ConfigName: krbf__advnormalizedfitness__M5__L8__eps0p03__g0p005__ds0p15__dm0p05
Problem: QUBO
Kernel: rbf
Advantage: normalizedfitness
M: 5
lambda: 8
epsilon_svgd: 0.03
gamma: 0.005
decay_start_ratio: 0.15
decay_min_factor: 0.05
bandwith_kernel: None
no_interact: False
avg_score: -2481.89990234375
median_score: -2478.5
std_score: 135.4965362548828
percentiles: 2%=-2754.5400390625, 5%=-2694.550048828125, 10%=-2674.300048828125, 25%=-2581.0, 50%=-2478.5, 75%=-2399.0, 90%=-2294.5, 95%=-2233.699951171875, 98%=-2207.9599609375
ranking_best_algo: DiscreteLengler2OnePlusOne
ranking_best_score: 2617.04
ranking_my_rank: 80/504 (84.3%)
ranking_my_percent: 84.32539682539682
