ConfigName: kjsd__advperagentrankweighted__M4__L30__eps0p005__g0p0005__ds0p05__dm0p05
Problem: QUBO
Kernel: jsd
Advantage: peragentrankweighted
M: 4
lambda: 30
epsilon_svgd: 0.005
gamma: 0.0005
decay_start_ratio: 0.05
decay_min_factor: 0.05
bandwith_kernel: None
no_interact: False
avg_score: -430.05999755859375
median_score: -431.0
std_score: 26.157915115356445
percentiles: 2%=-477.0, 5%=-469.20001220703125, 10%=-463.1000061035156, 25%=-450.25, 50%=-431.0, 75%=-414.5, 90%=-393.0, 95%=-384.75, 98%=-377.67999267578125
ranking_best_algo: CMAL3
ranking_best_score: 435.36
ranking_my_rank: 9/504 (98.4%)
ranking_my_percent: 98.41269841269842
