ConfigName: krbf__advnormalizedfitness__M2__L10__eps0p025__g0p015__ds0p01__dm0p01
Problem: QUBO
Kernel: rbf
Advantage: normalizedfitness
M: 2
lambda: 10
epsilon_svgd: 0.025
gamma: 0.015
decay_start_ratio: 0.01
decay_min_factor: 0.01
bandwith_kernel: None
no_interact: False
avg_score: -1627.0999755859375
median_score: -1626.0
std_score: 58.905433654785156
percentiles: 2%=-1739.3199462890625, 5%=-1726.6500244140625, 10%=-1704.9000244140625, 25%=-1667.25, 50%=-1626.0, 75%=-1587.0, 90%=-1557.800048828125, 95%=-1538.699951171875, 98%=-1523.93994140625
ranking_best_algo: NLOPT_LN_PRAXIS
ranking_best_score: 1607.12
ranking_my_rank: 1/504 (100.0%)
ranking_my_percent: 100.0
