ConfigName: kjsd__advperagentrankweighted__M3__L18__eps0p01__g0p001__ds0p05__dm0p2
Problem: NK
Kernel: jsd
Advantage: peragentrankweighted
M: 3
lambda: 18
epsilon_svgd: 0.01
gamma: 0.001
decay_start_ratio: 0.05
decay_min_factor: 0.2
bandwith_kernel: None
no_interact: False
avg_score: 0.7476524114608765
median_score: 0.7474694848060608
std_score: 0.009280761703848839
percentiles: 2%=0.7300585508346558, 5%=0.73316490650177, 10%=0.7359294295310974, 25%=0.7406181693077087, 50%=0.7474694848060608, 75%=0.7547237873077393, 90%=0.759352445602417, 95%=0.7610386610031128, 98%=0.7642806172370911
ranking_best_algo: PBIL
ranking_best_score: 0.733570253046875
ranking_my_rank: 1/504 (100.0%)
ranking_my_percent: 100.0
