ConfigName: krbf__advnormalizedfitness__M3__L10__eps0p025__g0p01__ds0p15__dm0p01
Problem: QUBO
Kernel: rbf
Advantage: normalizedfitness
M: 3
lambda: 10
epsilon_svgd: 0.025
gamma: 0.01
decay_start_ratio: 0.15
decay_min_factor: 0.01
bandwith_kernel: None
no_interact: False
avg_score: -1187.6600341796875
median_score: -1176.0
std_score: 77.09854125976562
percentiles: 2%=-1358.300048828125, 5%=-1319.0999755859375, 10%=-1293.5999755859375, 25%=-1244.25, 50%=-1176.0, 75%=-1132.5, 90%=-1092.0, 95%=-1066.9000244140625, 98%=-1049.679931640625
ranking_best_algo: SVMMetaModelLogNormal
ranking_best_score: 1233.7999999999997
ranking_my_rank: 58/504 (88.7%)
ranking_my_percent: 88.69047619047619
