ConfigName: krbf__advnormalizedfitness__M4__L15__eps0p033__g0p015__ds0p15__dm0p01
Problem: QUBO
Kernel: rbf
Advantage: normalizedfitness
M: 4
lambda: 15
epsilon_svgd: 0.033
gamma: 0.015
decay_start_ratio: 0.15
decay_min_factor: 0.01
bandwith_kernel: None
no_interact: False
avg_score: -814.3400268554688
median_score: -806.0
std_score: 79.88456726074219
percentiles: 2%=-980.0399780273438, 5%=-956.2999877929688, 10%=-923.2000122070312, 25%=-871.75, 50%=-806.0, 75%=-755.75, 90%=-720.7000122070312, 95%=-687.8500366210938, 98%=-658.8599853515625
ranking_best_algo: CMAL3
ranking_best_score: 928.5800000000002
ranking_my_rank: 264/504 (47.8%)
ranking_my_percent: 47.817460317460316
