ConfigName: krbf__advnormalizedfitness__M1__L8__eps0p033__g0p015__ds0p3__dm0p01
Problem: QUBO
Kernel: rbf
Advantage: normalizedfitness
M: 1
lambda: 8
epsilon_svgd: 0.033
gamma: 0.015
decay_start_ratio: 0.3
decay_min_factor: 0.01
bandwith_kernel: None
no_interact: False
avg_score: -1255.5799560546875
median_score: -1265.5
std_score: 62.01164627075195
percentiles: 2%=-1367.1600341796875, 5%=-1350.25, 10%=-1336.0999755859375, 25%=-1296.75, 50%=-1265.5, 75%=-1211.5, 90%=-1173.0, 95%=-1163.6500244140625, 98%=-1126.5198974609375
ranking_best_algo: BigLognormalDiscreteOnePlusOne
ranking_best_score: 1301.3600000000004
ranking_my_rank: 54/504 (89.5%)
ranking_my_percent: 89.48412698412699
