ConfigName: kjsd__advperagentrankweighted__M4__L24__eps0p005__g0p0005__ds0p4__dm0p05
Problem: NK
Kernel: jsd
Advantage: peragentrankweighted
M: 4
lambda: 24
epsilon_svgd: 0.005
gamma: 0.0005
decay_start_ratio: 0.4
decay_min_factor: 0.05
bandwith_kernel: None
no_interact: False
avg_score: 0.7348670959472656
median_score: 0.7363294959068298
std_score: 0.009589006192982197
percentiles: 2%=0.7140610814094543, 5%=0.71761554479599, 10%=0.7199673652648926, 25%=0.7296921014785767, 50%=0.7363294959068298, 75%=0.7428112030029297, 90%=0.7457525134086609, 95%=0.7467363476753235, 98%=0.7479150295257568
ranking_best_algo: PBIL
ranking_best_score: 0.7248786399609374
ranking_my_rank: 1/504 (100.0%)
ranking_my_percent: 100.0
