ConfigName: kjsd__advperagentrankweighted__M5__L8__eps0p005__g0p0003__ds0p05__dm0p05
Problem: QUBO
Kernel: jsd
Advantage: peragentrankweighted
M: 5
lambda: 8
epsilon_svgd: 0.005
gamma: 0.0003
decay_start_ratio: 0.05
decay_min_factor: 0.05
bandwith_kernel: None
no_interact: False
avg_score: -416.1400146484375
median_score: -416.0
std_score: 23.85163116455078
percentiles: 2%=-471.0400085449219, 5%=-455.5, 10%=-447.5, 25%=-430.0, 50%=-416.0, 75%=-399.0, 90%=-385.6000061035156, 95%=-380.0, 98%=-366.0
ranking_best_algo: Tabu
ranking_best_score: 438.12
ranking_my_rank: 45/504 (91.3%)
ranking_my_percent: 91.26984126984127
