ConfigName: kjsd__advperagentrankweighted__M3__L18__eps0p01__g0p001__ds0p1__dm0p2
Problem: QUBO
Kernel: jsd
Advantage: peragentrankweighted
M: 3
lambda: 18
epsilon_svgd: 0.01
gamma: 0.001
decay_start_ratio: 0.1
decay_min_factor: 0.2
bandwith_kernel: None
no_interact: False
avg_score: -414.94000244140625
median_score: -415.5
std_score: 25.38338851928711
percentiles: 2%=-461.239990234375, 5%=-454.0, 10%=-450.20001220703125, 25%=-430.25, 50%=-415.5, 75%=-392.0, 90%=-385.79998779296875, 95%=-376.0, 98%=-371.8399963378906
ranking_best_algo: Tabu
ranking_best_score: 438.12
ranking_my_rank: 51/504 (90.1%)
ranking_my_percent: 90.07936507936508
