ConfigName: krbf__advnormalizedfitness__M3__L10__eps0p033__g0p005__ds0p01__dm0p01
Problem: NK
Kernel: rbf
Advantage: normalizedfitness
M: 3
lambda: 10
epsilon_svgd: 0.033
gamma: 0.005
decay_start_ratio: 0.01
decay_min_factor: 0.01
bandwith_kernel: None
no_interact: False
avg_score: 0.7364926338195801
median_score: 0.737553596496582
std_score: 0.009066447615623474
percentiles: 2%=0.7186998724937439, 5%=0.7201846837997437, 10%=0.7231709361076355, 25%=0.7298158407211304, 50%=0.737553596496582, 75%=0.7444252967834473, 90%=0.7470978498458862, 95%=0.7490164041519165, 98%=0.7509137988090515
ranking_best_algo: PBIL
ranking_best_score: 0.730509098125
ranking_my_rank: 1/504 (100.0%)
ranking_my_percent: 100.0
