ConfigName: kjsd__advperagentrankweighted__M3__L18__eps0p007__g0p001__ds0p05__dm0p1
Problem: NK
Kernel: jsd
Advantage: peragentrankweighted
M: 3
lambda: 18
epsilon_svgd: 0.007
gamma: 0.001
decay_start_ratio: 0.05
decay_min_factor: 0.1
bandwith_kernel: None
no_interact: False
avg_score: 0.7588026523590088
median_score: 0.759596049785614
std_score: 0.011608300730586052
percentiles: 2%=0.736745297908783, 5%=0.7401383519172668, 10%=0.7441072463989258, 25%=0.7492697238922119, 50%=0.759596049785614, 75%=0.7677952647209167, 90%=0.7746237516403198, 95%=0.777849018573761, 98%=0.7797740697860718
ranking_best_algo: Tabu
ranking_best_score: 0.7470791764843752
ranking_my_rank: 1/504 (100.0%)
ranking_my_percent: 100.0
