ConfigName: kfr__advglobalrankweighted__M1__L8__eps0p01__g0p005__ds0p01__dm0p01
Problem: QUBO
Kernel: fr
Advantage: globalrankweighted
M: 1
lambda: 8
epsilon_svgd: 0.01
gamma: 0.005
decay_start_ratio: 0.01
decay_min_factor: 0.01
bandwith_kernel: None
no_interact: False
avg_score: -877.6799926757812
median_score: -870.0
std_score: 63.08151626586914
percentiles: 2%=-1014.1400146484375, 5%=-968.5, 10%=-957.4000244140625, 25%=-929.5, 50%=-870.0, 75%=-832.0, 90%=-803.0, 95%=-791.550048828125, 98%=-767.4198608398438
ranking_best_algo: CMAL3
ranking_best_score: 928.5800000000002
ranking_my_rank: 129/504 (74.6%)
ranking_my_percent: 74.60317460317461
