ConfigName: kjsd__advperagentrankweighted__M3__L16__eps0p007__g0p0007__ds0p05__dm0p1
Problem: NK
Kernel: jsd
Advantage: peragentrankweighted
M: 3
lambda: 16
epsilon_svgd: 0.007
gamma: 0.0007
decay_start_ratio: 0.05
decay_min_factor: 0.1
bandwith_kernel: None
no_interact: False
avg_score: 0.7558857798576355
median_score: 0.7568495869636536
std_score: 0.012147153727710247
percentiles: 2%=0.7281977534294128, 5%=0.732715368270874, 10%=0.7416114211082458, 25%=0.7476389408111572, 50%=0.7568495869636536, 75%=0.7648417949676514, 90%=0.770311176776886, 95%=0.7753348350524902, 98%=0.779194176197052
ranking_best_algo: Tabu
ranking_best_score: 0.7470791764843752
ranking_my_rank: 1/504 (100.0%)
ranking_my_percent: 100.0
