ConfigName: krbf__advnormalizedfitness__M4__L24__eps0p025__g0p01__ds0p05__dm0p05
Problem: QUBO
Kernel: rbf
Advantage: normalizedfitness
M: 4
lambda: 24
epsilon_svgd: 0.025
gamma: 0.01
decay_start_ratio: 0.05
decay_min_factor: 0.05
bandwith_kernel: None
no_interact: False
avg_score: -187.3800048828125
median_score: -187.0
std_score: 16.127479553222656
percentiles: 2%=-224.0, 5%=-220.10000610351562, 10%=-205.3000030517578, 25%=-199.0, 50%=-187.0, 75%=-177.5, 90%=-167.0, 95%=-161.9499969482422, 98%=-159.82000732421875
ranking_best_algo: Tabu
ranking_best_score: 208.36000000000004
ranking_my_rank: 250/504 (50.6%)
ranking_my_percent: 50.595238095238095
