ConfigName: krbf__advnormalizedfitness__M4__L15__eps0p015__g0p015__ds0p15__dm0p3
Problem: QUBO
Kernel: rbf
Advantage: normalizedfitness
M: 4
lambda: 15
epsilon_svgd: 0.015
gamma: 0.015
decay_start_ratio: 0.15
decay_min_factor: 0.3
bandwith_kernel: None
no_interact: False
avg_score: -231.55999755859375
median_score: -228.5
std_score: 19.216825485229492
percentiles: 2%=-277.0, 5%=-267.0, 10%=-261.0, 25%=-243.25, 50%=-228.5, 75%=-220.75, 90%=-207.0, 95%=-204.90000915527344, 98%=-196.95999145507812
ranking_best_algo: CMApara
ranking_best_score: 453.82
ranking_my_rank: 393/504 (22.2%)
ranking_my_percent: 22.22222222222222
