ConfigName: kjsd__advperagentrankweighted__M3__L24__eps0p007__g0p001__ds0p05__dm0p1
Problem: NK
Kernel: jsd
Advantage: peragentrankweighted
M: 3
lambda: 24
epsilon_svgd: 0.007
gamma: 0.001
decay_start_ratio: 0.05
decay_min_factor: 0.1
bandwith_kernel: None
no_interact: False
avg_score: 0.7428339123725891
median_score: 0.7424262166023254
std_score: 0.014144085347652435
percentiles: 2%=0.7168593406677246, 5%=0.7205224633216858, 10%=0.7258179783821106, 25%=0.73243647813797, 50%=0.7424262166023254, 75%=0.7527064085006714, 90%=0.7606841325759888, 95%=0.7673619389533997, 98%=0.7751989960670471
ranking_best_algo: Tabu
ranking_best_score: 0.7601875690625
ranking_my_rank: 9/504 (98.4%)
ranking_my_percent: 98.41269841269842
