ConfigName: kjsd__advperagentrankweighted__M4__L24__eps0p01__g0p0005__ds0p2__dm0p05
Problem: NK
Kernel: jsd
Advantage: peragentrankweighted
M: 4
lambda: 24
epsilon_svgd: 0.01
gamma: 0.0005
decay_start_ratio: 0.2
decay_min_factor: 0.05
bandwith_kernel: None
no_interact: False
avg_score: 0.7357444763183594
median_score: 0.7377608418464661
std_score: 0.008799204602837563
percentiles: 2%=0.7169442176818848, 5%=0.7182173132896423, 10%=0.7221542000770569, 25%=0.7314969301223755, 50%=0.7377608418464661, 75%=0.7428023815155029, 90%=0.7456760406494141, 95%=0.7479255199432373, 98%=0.7485901713371277
ranking_best_algo: PBIL
ranking_best_score: 0.7248786399609374
ranking_my_rank: 1/504 (100.0%)
ranking_my_percent: 100.0
