ConfigName: kfr__advglobalrankweighted__M4__L24__eps0p015__g0p005__ds0p01__dm0p01
Problem: QUBO
Kernel: fr
Advantage: globalrankweighted
M: 4
lambda: 24
epsilon_svgd: 0.015
gamma: 0.005
decay_start_ratio: 0.01
decay_min_factor: 0.01
bandwith_kernel: None
no_interact: False
avg_score: -413.5799865722656
median_score: -412.0
std_score: 28.84967041015625
percentiles: 2%=-463.0799865722656, 5%=-458.1499938964844, 10%=-453.1000061035156, 25%=-435.25, 50%=-412.0, 75%=-393.0, 90%=-379.0, 95%=-369.8500061035156, 98%=-352.73992919921875
ranking_best_algo: CMAL3
ranking_best_score: 435.36
ranking_my_rank: 132/504 (74.0%)
ranking_my_percent: 74.0079365079365
