ConfigName: kfr__advglobalrankweighted__M4__L24__eps0p01__g0p005__ds0p01__dm0p01
Problem: QUBO
Kernel: fr
Advantage: globalrankweighted
M: 4
lambda: 24
epsilon_svgd: 0.01
gamma: 0.005
decay_start_ratio: 0.01
decay_min_factor: 0.01
bandwith_kernel: None
no_interact: False
avg_score: -148.5399932861328
median_score: -148.0
std_score: 12.294241905212402
percentiles: 2%=-179.0, 5%=-173.1999969482422, 10%=-164.0, 25%=-155.0, 50%=-148.0, 75%=-141.0, 90%=-134.89999389648438, 95%=-128.89999389648438, 98%=-123.94000244140625
ranking_best_algo: CMApara
ranking_best_score: 154.28
ranking_my_rank: 84/504 (83.5%)
ranking_my_percent: 83.53174603174604
