ConfigName: kfr__advglobalrankweighted__M4__L24__eps0p01__g0p005__ds0p01__dm0p01
Problem: QUBO
Kernel: fr
Advantage: globalrankweighted
M: 4
lambda: 24
epsilon_svgd: 0.01
gamma: 0.005
decay_start_ratio: 0.01
decay_min_factor: 0.01
bandwith_kernel: None
no_interact: False
avg_score: -148.94000244140625
median_score: -147.0
std_score: 12.71048355102539
percentiles: 2%=-179.0, 5%=-179.0, 10%=-161.49998474121094, 25%=-155.0, 50%=-147.0, 75%=-140.0, 90%=-135.0, 95%=-133.95001220703125, 98%=-128.91998291015625
ranking_best_algo: CMApara
ranking_best_score: 154.28
ranking_my_rank: 81/504 (84.1%)
ranking_my_percent: 84.12698412698413
