ConfigName: kjsd__advperagentrankweighted__M5__L8__eps0p01__g0p0005__ds0p4__dm0p2
Problem: QUBO
Kernel: jsd
Advantage: peragentrankweighted
M: 5
lambda: 8
epsilon_svgd: 0.01
gamma: 0.0005
decay_start_ratio: 0.4
decay_min_factor: 0.2
bandwith_kernel: None
no_interact: False
avg_score: -328.6600036621094
median_score: -334.0
std_score: 22.490097045898438
percentiles: 2%=-372.0, 5%=-357.75, 10%=-350.0, 25%=-342.0, 50%=-334.0, 75%=-317.5, 90%=-294.8999938964844, 95%=-285.8999938964844, 98%=-277.8800048828125
ranking_best_algo: CMApara
ranking_best_score: 344.22
ranking_my_rank: 83/504 (83.7%)
ranking_my_percent: 83.73015873015873
