ConfigName: kjsd__advperagentrankweighted__M4__L20__eps0p005__g0p001__ds0p2__dm0p1
Problem: QUBO
Kernel: jsd
Advantage: peragentrankweighted
M: 4
lambda: 20
epsilon_svgd: 0.005
gamma: 0.001
decay_start_ratio: 0.2
decay_min_factor: 0.1
bandwith_kernel: None
no_interact: False
avg_score: -576.8599853515625
median_score: -579.5
std_score: 30.858718872070312
percentiles: 2%=-633.239990234375, 5%=-621.0999755859375, 10%=-617.0, 25%=-600.25, 50%=-579.5, 75%=-553.0, 90%=-536.0, 95%=-528.9500122070312, 98%=-521.9000244140625
ranking_best_algo: Tabu
ranking_best_score: 588.7199999999999
ranking_my_rank: 47/503 (90.9%)
ranking_my_percent: 90.85487077534792
