ConfigName: kjsd__advperagentrankweighted__M4__L12__eps0p01__g0p0005__ds0p2__dm0p05
Problem: NK
Kernel: jsd
Advantage: peragentrankweighted
M: 4
lambda: 12
epsilon_svgd: 0.01
gamma: 0.0005
decay_start_ratio: 0.2
decay_min_factor: 0.05
bandwith_kernel: None
no_interact: False
avg_score: 0.7295714020729065
median_score: 0.7300182580947876
std_score: 0.010714864358305931
percentiles: 2%=0.7116178870201111, 5%=0.7136113047599792, 10%=0.7163272500038147, 25%=0.7221046686172485, 50%=0.7300182580947876, 75%=0.735506534576416, 90%=0.7421799898147583, 95%=0.7436095476150513, 98%=0.7549556493759155
ranking_best_algo: Tabu
ranking_best_score: 0.7429702712499999
ranking_my_rank: 2/504 (99.8%)
ranking_my_percent: 99.8015873015873
