ConfigName: krbf__advnormalizedfitness__M4__L8__eps0p033__g0p01__ds0p3__dm0p01
Problem: QUBO
Kernel: rbf
Advantage: normalizedfitness
M: 4
lambda: 8
epsilon_svgd: 0.033
gamma: 0.01
decay_start_ratio: 0.3
decay_min_factor: 0.01
bandwith_kernel: None
no_interact: False
avg_score: -311.3599853515625
median_score: -314.0
std_score: 37.606788635253906
percentiles: 2%=-388.0400085449219, 5%=-386.0, 10%=-359.3999938964844, 25%=-338.0, 50%=-314.0, 75%=-276.5, 90%=-268.0, 95%=-264.0, 98%=-261.97998046875
ranking_best_algo: CMApara
ranking_best_score: 319.29999999999995
ranking_my_rank: 39/504 (92.5%)
ranking_my_percent: 92.46031746031746
