ConfigName: kjsd__advperagentrankweighted__M3__L30__eps0p005__g0p0005__ds0p1__dm0p1
Problem: NK
Kernel: jsd
Advantage: peragentrankweighted
M: 3
lambda: 30
epsilon_svgd: 0.005
gamma: 0.0005
decay_start_ratio: 0.1
decay_min_factor: 0.1
bandwith_kernel: None
no_interact: False
avg_score: 0.7441338300704956
median_score: 0.7423104643821716
std_score: 0.028099825605750084
percentiles: 2%=0.7026053071022034, 5%=0.707116961479187, 10%=0.7103453278541565, 25%=0.7193830013275146, 50%=0.7423104643821716, 75%=0.7580187320709229, 90%=0.7779470086097717, 95%=0.8044298887252808, 98%=0.8118547797203064
ranking_best_algo: CMApara
ranking_best_score: 0.7459277895312499
ranking_my_rank: 6/504 (99.0%)
ranking_my_percent: 99.0079365079365
