ConfigName: krbf__advnormalizedfitness__M4__L10__eps0p033__g0p007__ds0p15__dm0p3
Problem: QUBO
Kernel: rbf
Advantage: normalizedfitness
M: 4
lambda: 10
epsilon_svgd: 0.033
gamma: 0.007
decay_start_ratio: 0.15
decay_min_factor: 0.3
bandwith_kernel: None
no_interact: False
avg_score: -424.1000061035156
median_score: -422.5
std_score: 27.07526397705078
percentiles: 2%=-479.0400085449219, 5%=-471.1000061035156, 10%=-461.6000061035156, 25%=-442.75, 50%=-422.5, 75%=-409.0, 90%=-384.8999938964844, 95%=-378.8500061035156, 98%=-371.8599853515625
ranking_best_algo: CMAL3
ranking_best_score: 435.36
ranking_my_rank: 31/504 (94.0%)
ranking_my_percent: 94.04761904761905
