ConfigName: kjsd__advperagentrankweighted__M3__L16__eps0p005__g0p0007__ds0p05__dm0p1
Problem: NK
Kernel: jsd
Advantage: peragentrankweighted
M: 3
lambda: 16
epsilon_svgd: 0.005
gamma: 0.0007
decay_start_ratio: 0.05
decay_min_factor: 0.1
bandwith_kernel: None
no_interact: False
avg_score: 0.7209537625312805
median_score: 0.7198487520217896
std_score: 0.008675865828990936
percentiles: 2%=0.7066847681999207, 5%=0.7083351016044617, 10%=0.710247278213501, 25%=0.7151221036911011, 50%=0.7198487520217896, 75%=0.7264002561569214, 90%=0.733058512210846, 95%=0.7340115308761597, 98%=0.7387974262237549
ranking_best_algo: PBIL
ranking_best_score: 0.7170882103515624
ranking_my_rank: 1/504 (100.0%)
ranking_my_percent: 100.0
