ConfigName: kjsd__advperagentrankweighted__M5__L8__eps0p01__g0p0005__ds0p05__dm0p05
Problem: NK
Kernel: jsd
Advantage: peragentrankweighted
M: 5
lambda: 8
epsilon_svgd: 0.01
gamma: 0.0005
decay_start_ratio: 0.05
decay_min_factor: 0.05
bandwith_kernel: None
no_interact: False
avg_score: 0.7378295063972473
median_score: 0.7382819652557373
std_score: 0.014020969159901142
percentiles: 2%=0.713395893573761, 5%=0.7142112255096436, 10%=0.7195147275924683, 25%=0.726050078868866, 50%=0.7382819652557373, 75%=0.7488112449645996, 90%=0.7548069357872009, 95%=0.7596344947814941, 98%=0.7611714601516724
ranking_best_algo: Tabu
ranking_best_score: 0.7601875690625
ranking_my_rank: 19/504 (96.4%)
ranking_my_percent: 96.42857142857143
