ConfigName: krbf__advnormalizedfitness__M4__L10__eps0p02__g0p005__ds0p15__dm0p05
Problem: QUBO
Kernel: rbf
Advantage: normalizedfitness
M: 4
lambda: 10
epsilon_svgd: 0.02
gamma: 0.005
decay_start_ratio: 0.15
decay_min_factor: 0.05
bandwith_kernel: None
no_interact: False
avg_score: -445.9800109863281
median_score: -443.0
std_score: 25.731685638427734
percentiles: 2%=-496.0, 5%=-489.1499938964844, 10%=-485.0, 25%=-464.75, 50%=-443.0, 75%=-430.75, 90%=-415.8999938964844, 95%=-408.95001220703125, 98%=-396.8599853515625
ranking_best_algo: CMApara
ranking_best_score: 453.82
ranking_my_rank: 3/504 (99.6%)
ranking_my_percent: 99.60317460317461
