ConfigName: kjsd__advperagentrankweighted__M3__L16__eps0p005__g0p003__ds0p2__dm0p1
Problem: QUBO
Kernel: jsd
Advantage: peragentrankweighted
M: 3
lambda: 16
epsilon_svgd: 0.005
gamma: 0.003
decay_start_ratio: 0.2
decay_min_factor: 0.1
bandwith_kernel: None
no_interact: False
avg_score: -137.22000122070312
median_score: -138.5
std_score: 12.166823387145996
percentiles: 2%=-158.0, 5%=-156.0500030517578, 10%=-151.10000610351562, 25%=-146.0, 50%=-138.5, 75%=-129.75, 90%=-121.0, 95%=-115.94999694824219, 98%=-112.87999725341797
ranking_best_algo: DiscreteDE
ranking_best_score: 143.4
ranking_my_rank: 157/504 (69.0%)
ranking_my_percent: 69.04761904761905
