ConfigName: kfr__advglobalrankweighted__M4__L5__eps0p01__g0p001__ds0p01__dm0p01
Problem: NK
Kernel: fr
Advantage: globalrankweighted
M: 4
lambda: 5
epsilon_svgd: 0.01
gamma: 0.001
decay_start_ratio: 0.01
decay_min_factor: 0.01
bandwith_kernel: None
no_interact: False
avg_score: 0.7301526665687561
median_score: 0.7299880981445312
std_score: 0.013635404407978058
percentiles: 2%=0.7013387680053711, 5%=0.7064245343208313, 10%=0.7158530950546265, 25%=0.7217195630073547, 50%=0.7299880981445312, 75%=0.738836407661438, 90%=0.7462319135665894, 95%=0.7521759271621704, 98%=0.7578752636909485
ranking_best_algo: Tabu
ranking_best_score: 0.7601875690625
ranking_my_rank: 50/504 (90.3%)
ranking_my_percent: 90.27777777777777
