ConfigName: kjsd__advperagentrankweighted__M5__L10__eps0p005__g0p0005__ds0p2__dm0p05
Problem: QUBO
Kernel: jsd
Advantage: peragentrankweighted
M: 5
lambda: 10
epsilon_svgd: 0.005
gamma: 0.0005
decay_start_ratio: 0.2
decay_min_factor: 0.05
bandwith_kernel: None
no_interact: False
avg_score: -1245.719970703125
median_score: -1242.0
std_score: 58.23282241821289
percentiles: 2%=-1353.1800537109375, 5%=-1344.1500244140625, 10%=-1333.199951171875, 25%=-1279.25, 50%=-1242.0, 75%=-1202.5, 90%=-1170.9000244140625, 95%=-1158.800048828125, 98%=-1150.3199462890625
ranking_best_algo: SVMMetaModelLogNormal
ranking_best_score: 1233.7999999999997
ranking_my_rank: 1/504 (100.0%)
ranking_my_percent: 100.0
