ConfigName: krbf__advnormalizedfitness__M3__L12__eps0p025__g0p005__ds0p3__dm0p3
Problem: QUBO
Kernel: rbf
Advantage: normalizedfitness
M: 3
lambda: 12
epsilon_svgd: 0.025
gamma: 0.005
decay_start_ratio: 0.3
decay_min_factor: 0.3
bandwith_kernel: None
no_interact: False
avg_score: -1187.6800537109375
median_score: -1190.0
std_score: 63.88895034790039
percentiles: 2%=-1339.1600341796875, 5%=-1293.0999755859375, 10%=-1259.0, 25%=-1227.5, 50%=-1190.0, 75%=-1143.0, 90%=-1105.5, 95%=-1076.949951171875, 98%=-1053.8599853515625
ranking_best_algo: Tabu
ranking_best_score: 1216.16
ranking_my_rank: 63/504 (87.7%)
ranking_my_percent: 87.6984126984127
