ConfigName: krbf__advnormalizedfitness__M3__L10__eps0p033__g0p01__ds0p01__dm0p01
Problem: NK
Kernel: rbf
Advantage: normalizedfitness
M: 3
lambda: 10
epsilon_svgd: 0.033
gamma: 0.01
decay_start_ratio: 0.01
decay_min_factor: 0.01
bandwith_kernel: None
no_interact: False
avg_score: 0.7591415643692017
median_score: 0.7581506967544556
std_score: 0.011636733077466488
percentiles: 2%=0.7408420443534851, 5%=0.742698073387146, 10%=0.744900107383728, 25%=0.7495682835578918, 50%=0.7581506967544556, 75%=0.7661941051483154, 90%=0.7757906317710876, 95%=0.779481828212738, 98%=0.7833058834075928
ranking_best_algo: Tabu
ranking_best_score: 0.7470791764843752
ranking_my_rank: 1/504 (100.0%)
ranking_my_percent: 100.0
