ConfigName: kjsd__advperagentrankweighted__M3__L20__eps0p007__g0p003__ds0p1__dm0p1
Problem: QUBO
Kernel: jsd
Advantage: peragentrankweighted
M: 3
lambda: 20
epsilon_svgd: 0.007
gamma: 0.003
decay_start_ratio: 0.1
decay_min_factor: 0.1
bandwith_kernel: None
no_interact: False
avg_score: -308.0400085449219
median_score: -308.0
std_score: 38.44682312011719
percentiles: 2%=-386.0799865722656, 5%=-382.0, 10%=-360.20001220703125, 25%=-332.5, 50%=-308.0, 75%=-274.75, 90%=-264.8999938964844, 95%=-260.6499938964844, 98%=-241.9199981689453
ranking_best_algo: CMApara
ranking_best_score: 319.29999999999995
ranking_my_rank: 91/504 (82.1%)
ranking_my_percent: 82.14285714285714
