ConfigName: kjsd__advperagentrankweighted__M5__L10__eps0p01__g0p0005__ds0p05__dm0p05
Problem: NK
Kernel: jsd
Advantage: peragentrankweighted
M: 5
lambda: 10
epsilon_svgd: 0.01
gamma: 0.0005
decay_start_ratio: 0.05
decay_min_factor: 0.05
bandwith_kernel: None
no_interact: False
avg_score: 0.7341262102127075
median_score: 0.7352144718170166
std_score: 0.009350841864943504
percentiles: 2%=0.7136842608451843, 5%=0.7172653079032898, 10%=0.7213370203971863, 25%=0.7273705005645752, 50%=0.7352144718170166, 75%=0.741101861000061, 90%=0.7454482316970825, 95%=0.747542142868042, 98%=0.7494340538978577
ranking_best_algo: PBIL
ranking_best_score: 0.7248786399609374
ranking_my_rank: 1/504 (100.0%)
ranking_my_percent: 100.0
