ConfigName: krbf__advnormalizedfitness__M4__L10__eps0p02__g0p002__ds0p05__dm0p05
Problem: QUBO
Kernel: rbf
Advantage: normalizedfitness
M: 4
lambda: 10
epsilon_svgd: 0.02
gamma: 0.002
decay_start_ratio: 0.05
decay_min_factor: 0.05
bandwith_kernel: None
no_interact: False
avg_score: -931.239990234375
median_score: -921.0
std_score: 65.49444580078125
percentiles: 2%=-1058.06005859375, 5%=-1048.300048828125, 10%=-1042.199951171875, 25%=-974.25, 50%=-921.0, 75%=-891.5, 90%=-852.7999877929688, 95%=-830.4000244140625, 98%=-812.7999877929688
ranking_best_algo: CMApara
ranking_best_score: 964.9
ranking_my_rank: 19/504 (96.4%)
ranking_my_percent: 96.42857142857143
