ConfigName: kjsd__advperagentrankweighted__M5__L24__eps0p03__g0p0007__ds0p2__dm0p05
Problem: QUBO
Kernel: jsd
Advantage: peragentrankweighted
M: 5
lambda: 24
epsilon_svgd: 0.03
gamma: 0.0007
decay_start_ratio: 0.2
decay_min_factor: 0.05
bandwith_kernel: None
no_interact: False
avg_score: -201.8800048828125
median_score: -202.5
std_score: 12.494222640991211
percentiles: 2%=-224.0, 5%=-224.0, 10%=-219.3000030517578, 25%=-209.5, 50%=-202.5, 75%=-193.75, 90%=-184.89999389648438, 95%=-182.0, 98%=-178.9600067138672
ranking_best_algo: Tabu
ranking_best_score: 208.36000000000004
ranking_my_rank: 38/504 (92.7%)
ranking_my_percent: 92.65873015873017
