ConfigName: kjsd__advperagentrankweighted__M4__L24__eps0p01__g0p0003__ds0p05__dm0p05
Problem: NK
Kernel: jsd
Advantage: peragentrankweighted
M: 4
lambda: 24
epsilon_svgd: 0.01
gamma: 0.0003
decay_start_ratio: 0.05
decay_min_factor: 0.05
bandwith_kernel: None
no_interact: False
avg_score: 0.7457544803619385
median_score: 0.7458986639976501
std_score: 0.00868051778525114
percentiles: 2%=0.7267594337463379, 5%=0.7304753065109253, 10%=0.7329273223876953, 25%=0.7405165433883667, 50%=0.7458986639976501, 75%=0.7511425018310547, 90%=0.7576011419296265, 95%=0.7599477767944336, 98%=0.7616079449653625
ranking_best_algo: PBIL
ranking_best_score: 0.733570253046875
ranking_my_rank: 1/504 (100.0%)
ranking_my_percent: 100.0
