ConfigName: krbf__advnormalizedfitness__M5__L15__eps0p03__g0p005__ds0p05__dm0p05
Problem: NK
Kernel: rbf
Advantage: normalizedfitness
M: 5
lambda: 15
epsilon_svgd: 0.03
gamma: 0.005
decay_start_ratio: 0.05
decay_min_factor: 0.05
bandwith_kernel: None
no_interact: False
avg_score: 0.7460227012634277
median_score: 0.7413237690925598
std_score: 0.027710195630788803
percentiles: 2%=0.7077459096908569, 5%=0.7102206945419312, 10%=0.7135577201843262, 25%=0.7263967990875244, 50%=0.7413237690925598, 75%=0.7608401775360107, 90%=0.7783373594284058, 95%=0.8066499829292297, 98%=0.8118547797203064
ranking_best_algo: CMApara
ranking_best_score: 0.7459277895312499
ranking_my_rank: 1/504 (100.0%)
ranking_my_percent: 100.0
