ConfigName: krbf__advnormalizedfitness__M4__L10__eps0p025__g0p01__ds0p01__dm0p3
Problem: QUBO
Kernel: rbf
Advantage: normalizedfitness
M: 4
lambda: 10
epsilon_svgd: 0.025
gamma: 0.01
decay_start_ratio: 0.01
decay_min_factor: 0.3
bandwith_kernel: None
no_interact: False
avg_score: -332.6600036621094
median_score: -332.0
std_score: 18.710542678833008
percentiles: 2%=-372.0, 5%=-372.0, 10%=-352.0, 25%=-343.25, 50%=-332.0, 75%=-323.5, 90%=-308.0, 95%=-300.8500061035156, 98%=-295.9599914550781
ranking_best_algo: CMApara
ranking_best_score: 344.22
ranking_my_rank: 70/504 (86.3%)
ranking_my_percent: 86.30952380952381
