ConfigName: kjsd__advperagentrankweighted__M3__L20__eps0p005__g0p001__ds0p05__dm0p05
Problem: NK
Kernel: jsd
Advantage: peragentrankweighted
M: 3
lambda: 20
epsilon_svgd: 0.005
gamma: 0.001
decay_start_ratio: 0.05
decay_min_factor: 0.05
bandwith_kernel: None
no_interact: False
avg_score: 0.748871922492981
median_score: 0.749266505241394
std_score: 0.010017696768045425
percentiles: 2%=0.7311295866966248, 5%=0.7341151237487793, 10%=0.7352795004844666, 25%=0.7410514950752258, 50%=0.749266505241394, 75%=0.7559195160865784, 90%=0.7601129412651062, 95%=0.7645493745803833, 98%=0.7710589170455933
ranking_best_algo: PBIL
ranking_best_score: 0.733570253046875
ranking_my_rank: 1/504 (100.0%)
ranking_my_percent: 100.0
