ConfigName: krbf__advnormalizedfitness__M4__L10__eps0p015__g0p007__ds0p01__dm0p3
Problem: NK
Kernel: rbf
Advantage: normalizedfitness
M: 4
lambda: 10
epsilon_svgd: 0.015
gamma: 0.007
decay_start_ratio: 0.01
decay_min_factor: 0.3
bandwith_kernel: None
no_interact: False
avg_score: 0.6050503849983215
median_score: 0.6040230989456177
std_score: 0.008570490404963493
percentiles: 2%=0.5923250913619995, 5%=0.5929746627807617, 10%=0.5947253704071045, 25%=0.5985252261161804, 50%=0.6040230989456177, 75%=0.6102891564369202, 90%=0.6183268427848816, 95%=0.6213713884353638, 98%=0.6250128746032715
ranking_best_algo: Tabu
ranking_best_score: 0.7429702712499999
ranking_my_rank: 391/504 (22.6%)
ranking_my_percent: 22.61904761904762
