ConfigName: kjsd__advperagentrankweighted__M3__L20__eps0p007__g0p0005__ds0p1__dm0p1
Problem: QUBO
Kernel: jsd
Advantage: peragentrankweighted
M: 3
lambda: 20
epsilon_svgd: 0.007
gamma: 0.0005
decay_start_ratio: 0.1
decay_min_factor: 0.1
bandwith_kernel: None
no_interact: False
avg_score: -1242.3399658203125
median_score: -1236.0
std_score: 61.689414978027344
percentiles: 2%=-1399.4200439453125, 5%=-1347.199951171875, 10%=-1331.0999755859375, 25%=-1276.25, 50%=-1236.0, 75%=-1193.0, 90%=-1176.5999755859375, 95%=-1161.8499755859375, 98%=-1144.56005859375
ranking_best_algo: SVMMetaModelLogNormal
ranking_best_score: 1233.7999999999997
ranking_my_rank: 1/504 (100.0%)
ranking_my_percent: 100.0
