ConfigName: kjsd__advperagentrankweighted__M3__L24__eps0p005__g0p001__ds0p1__dm0p05
Problem: QUBO
Kernel: jsd
Advantage: peragentrankweighted
M: 3
lambda: 24
epsilon_svgd: 0.005
gamma: 0.001
decay_start_ratio: 0.1
decay_min_factor: 0.05
bandwith_kernel: None
no_interact: False
avg_score: -426.3599853515625
median_score: -428.0
std_score: 28.146589279174805
percentiles: 2%=-481.0799865722656, 5%=-473.1000061035156, 10%=-463.0, 25%=-446.5, 50%=-428.0, 75%=-403.0, 90%=-392.79998779296875, 95%=-383.95001220703125, 98%=-372.6600036621094
ranking_best_algo: CMAL3
ranking_best_score: 435.36
ranking_my_rank: 23/504 (95.6%)
ranking_my_percent: 95.63492063492063
