ConfigName: krbf__advnormalizedfitness__M4__L15__eps0p025__g0p01__ds0p15__dm0p01
Problem: NK
Kernel: rbf
Advantage: normalizedfitness
M: 4
lambda: 15
epsilon_svgd: 0.025
gamma: 0.01
decay_start_ratio: 0.15
decay_min_factor: 0.01
bandwith_kernel: None
no_interact: False
avg_score: 0.7096792459487915
median_score: 0.7106959223747253
std_score: 0.01542004942893982
percentiles: 2%=0.6703100800514221, 5%=0.6724755764007568, 10%=0.6954917907714844, 25%=0.7069709897041321, 50%=0.7106959223747253, 75%=0.7188749313354492, 90%=0.7251343727111816, 95%=0.7317230701446533, 98%=0.7325700521469116
ranking_best_algo: CMApara
ranking_best_score: 0.707475975
ranking_my_rank: 1/504 (100.0%)
ranking_my_percent: 100.0
