ConfigName: krbf__advnormalizedfitness__M3__L12__eps0p015__g0p015__ds0p3__dm0p3
Problem: QUBO
Kernel: rbf
Advantage: normalizedfitness
M: 3
lambda: 12
epsilon_svgd: 0.015
gamma: 0.015
decay_start_ratio: 0.3
decay_min_factor: 0.3
bandwith_kernel: None
no_interact: False
avg_score: -515.0399780273438
median_score: -513.0
std_score: 45.90706253051758
percentiles: 2%=-630.0599975585938, 5%=-604.25, 10%=-570.7000122070312, 25%=-543.0, 50%=-513.0, 75%=-481.75, 90%=-464.79998779296875, 95%=-446.9000244140625, 98%=-441.61993408203125
ranking_best_algo: NLOPT_LN_PRAXIS
ranking_best_score: 1607.12
ranking_my_rank: 393/504 (22.2%)
ranking_my_percent: 22.22222222222222
