ConfigName: kjsd__advperagentrankweighted__M3__L16__eps0p01__g0p001__ds0p05__dm0p1
Problem: QUBO
Kernel: jsd
Advantage: peragentrankweighted
M: 3
lambda: 16
epsilon_svgd: 0.01
gamma: 0.001
decay_start_ratio: 0.05
decay_min_factor: 0.1
bandwith_kernel: None
no_interact: False
avg_score: -942.5599975585938
median_score: -938.0
std_score: 72.94426727294922
percentiles: 2%=-1074.0400390625, 5%=-1065.3499755859375, 10%=-1040.0999755859375, 25%=-1003.5, 50%=-938.0, 75%=-880.5, 90%=-852.7999877929688, 95%=-834.7999877929688, 98%=-820.6799926757812
ranking_best_algo: CMApara
ranking_best_score: 964.9
ranking_my_rank: 3/504 (99.6%)
ranking_my_percent: 99.60317460317461
