ConfigName: kjsd__advperagentrankweighted__M5__L8__eps0p005__g0p0005__ds0p4__dm0p05
Problem: NK
Kernel: jsd
Advantage: peragentrankweighted
M: 5
lambda: 8
epsilon_svgd: 0.005
gamma: 0.0005
decay_start_ratio: 0.4
decay_min_factor: 0.05
bandwith_kernel: None
no_interact: False
avg_score: 0.7072394490242004
median_score: 0.7088265419006348
std_score: 0.011845412664115429
percentiles: 2%=0.6880623698234558, 5%=0.6892517805099487, 10%=0.6916828751564026, 25%=0.6959607601165771, 50%=0.7088265419006348, 75%=0.7172592282295227, 90%=0.7216461300849915, 95%=0.723538339138031, 98%=0.7242918014526367
ranking_best_algo: PBIL
ranking_best_score: 0.7013553837109374
ranking_my_rank: 1/504 (100.0%)
ranking_my_percent: 100.0
