ConfigName: krbf__advnormalizedfitness__M4__L15__eps0p033__g0p007__ds0p01__dm0p01
Problem: NK
Kernel: rbf
Advantage: normalizedfitness
M: 4
lambda: 15
epsilon_svgd: 0.033
gamma: 0.007
decay_start_ratio: 0.01
decay_min_factor: 0.01
bandwith_kernel: None
no_interact: False
avg_score: 0.7453305125236511
median_score: 0.7423104643821716
std_score: 0.028229521587491035
percentiles: 2%=0.7015984058380127, 5%=0.7084572911262512, 10%=0.713115394115448, 25%=0.7215350866317749, 50%=0.7423104643821716, 75%=0.7585474252700806, 90%=0.778337299823761, 95%=0.8044298887252808, 98%=0.8118547797203064
ranking_best_algo: CMApara
ranking_best_score: 0.7459277895312499
ranking_my_rank: 2/504 (99.8%)
ranking_my_percent: 99.8015873015873
