ConfigName: kjsd__advperagentrankweighted__M5__L10__eps0p03__g0p0005__ds0p05__dm0p05
Problem: NK
Kernel: jsd
Advantage: peragentrankweighted
M: 5
lambda: 10
epsilon_svgd: 0.03
gamma: 0.0005
decay_start_ratio: 0.05
decay_min_factor: 0.05
bandwith_kernel: None
no_interact: False
avg_score: 0.7175797820091248
median_score: 0.7157416939735413
std_score: 0.01005028747022152
percentiles: 2%=0.7006086111068726, 5%=0.703855037689209, 10%=0.7060950994491577, 25%=0.7101296186447144, 50%=0.7157416939735413, 75%=0.7233901023864746, 90%=0.730702817440033, 95%=0.7371640205383301, 98%=0.7386791706085205
ranking_best_algo: Tabu
ranking_best_score: 0.7429702712499999
ranking_my_rank: 62/504 (87.9%)
ranking_my_percent: 87.89682539682539
