ConfigName: kjsd__advperagentrankweighted__M6__L8__eps0p02__g0p0007__ds0p05__dm0p05
Problem: QUBO
Kernel: jsd
Advantage: peragentrankweighted
M: 6
lambda: 8
epsilon_svgd: 0.02
gamma: 0.0007
decay_start_ratio: 0.05
decay_min_factor: 0.05
bandwith_kernel: None
no_interact: False
avg_score: -334.6400146484375
median_score: -336.5
std_score: 18.256792068481445
percentiles: 2%=-372.0, 5%=-361.54998779296875, 10%=-354.0, 25%=-345.25, 50%=-336.5, 75%=-324.0, 90%=-313.79998779296875, 95%=-305.75, 98%=-294.8999938964844
ranking_best_algo: CMApara
ranking_best_score: 344.22
ranking_my_rank: 61/504 (88.1%)
ranking_my_percent: 88.0952380952381
