ConfigName: krbf__advnormalizedfitness__M1__L8__eps0p025__g0p01__ds0p15__dm0p01
Problem: NK
Kernel: rbf
Advantage: normalizedfitness
M: 1
lambda: 8
epsilon_svgd: 0.025
gamma: 0.01
decay_start_ratio: 0.15
decay_min_factor: 0.01
bandwith_kernel: None
no_interact: False
avg_score: 0.7046062350273132
median_score: 0.7062056660652161
std_score: 0.01541768480092287
percentiles: 2%=0.6658816337585449, 5%=0.6684955358505249, 10%=0.6901665329933167, 25%=0.6989343762397766, 50%=0.7062056660652161, 75%=0.711732804775238, 90%=0.7217409014701843, 95%=0.7293787002563477, 98%=0.730678141117096
ranking_best_algo: CMApara
ranking_best_score: 0.707475975
ranking_my_rank: 9/504 (98.4%)
ranking_my_percent: 98.41269841269842
