ConfigName: kfr__advglobalrankweighted__M3__L8__eps0p015__g0p003__ds0p01__dm0p01
Problem: QUBO
Kernel: fr
Advantage: globalrankweighted
M: 3
lambda: 8
epsilon_svgd: 0.015
gamma: 0.003
decay_start_ratio: 0.01
decay_min_factor: 0.01
bandwith_kernel: None
no_interact: False
avg_score: -309.8399963378906
median_score: -312.0
std_score: 39.77152633666992
percentiles: 2%=-396.0, 5%=-390.1000061035156, 10%=-358.3999938964844, 25%=-334.0, 50%=-312.0, 75%=-275.0, 90%=-262.70001220703125, 95%=-258.95001220703125, 98%=-254.97999572753906
ranking_best_algo: CMApara
ranking_best_score: 319.29999999999995
ranking_my_rank: 68/504 (86.7%)
ranking_my_percent: 86.7063492063492
