ConfigName: kjsd__advperagentrankweighted__M3__L24__eps0p007__g0p0005__ds0p2__dm0p2
Problem: NK
Kernel: jsd
Advantage: peragentrankweighted
M: 3
lambda: 24
epsilon_svgd: 0.007
gamma: 0.0005
decay_start_ratio: 0.2
decay_min_factor: 0.2
bandwith_kernel: None
no_interact: False
avg_score: 0.7197256684303284
median_score: 0.7184064984321594
std_score: 0.00801130197942257
percentiles: 2%=0.7068797945976257, 5%=0.7080926895141602, 10%=0.7102417945861816, 25%=0.714136004447937, 50%=0.7184064984321594, 75%=0.7239618301391602, 90%=0.7313263416290283, 95%=0.7339675426483154, 98%=0.7362287640571594
ranking_best_algo: PBIL
ranking_best_score: 0.7170882103515624
ranking_my_rank: 1/504 (100.0%)
ranking_my_percent: 100.0
