ConfigName: kfr__advglobalrankweighted__M4__L9__eps0p02__g0p003__ds0p01__dm0p01
Problem: QUBO
Kernel: fr
Advantage: globalrankweighted
M: 4
lambda: 9
epsilon_svgd: 0.02
gamma: 0.003
decay_start_ratio: 0.01
decay_min_factor: 0.01
bandwith_kernel: None
no_interact: False
avg_score: -426.9599914550781
median_score: -427.0
std_score: 27.764698028564453
percentiles: 2%=-479.0799865722656, 5%=-473.1000061035156, 10%=-466.1000061035156, 25%=-441.0, 50%=-427.0, 75%=-411.0, 90%=-394.79998779296875, 95%=-384.79998779296875, 98%=-369.8999938964844
ranking_best_algo: CMAL3
ranking_best_score: 435.36
ranking_my_rank: 20/504 (96.2%)
ranking_my_percent: 96.23015873015873
