ConfigName: krbf__advnormalizedfitness__M3__L15__eps0p025__g0p015__ds0p3__dm0p01
Problem: QUBO
Kernel: rbf
Advantage: normalizedfitness
M: 3
lambda: 15
epsilon_svgd: 0.025
gamma: 0.015
decay_start_ratio: 0.3
decay_min_factor: 0.01
bandwith_kernel: None
no_interact: False
avg_score: -829.3599853515625
median_score: -829.5
std_score: 75.04085540771484
percentiles: 2%=-974.4400024414062, 5%=-941.4000244140625, 10%=-925.0999755859375, 25%=-881.75, 50%=-829.5, 75%=-775.0, 90%=-730.4000244140625, 95%=-709.75, 98%=-693.5198974609375
ranking_best_algo: CMAL3
ranking_best_score: 928.5800000000002
ranking_my_rank: 253/504 (50.0%)
ranking_my_percent: 50.0
