ConfigName: kjsd__advperagentrankweighted__M5__L24__eps0p03__g0p0003__ds0p05__dm0p05
Problem: QUBO
Kernel: jsd
Advantage: peragentrankweighted
M: 5
lambda: 24
epsilon_svgd: 0.03
gamma: 0.0003
decay_start_ratio: 0.05
decay_min_factor: 0.05
bandwith_kernel: None
no_interact: False
avg_score: -1230.0400390625
median_score: -1227.0
std_score: 65.29118347167969
percentiles: 2%=-1380.0400390625, 5%=-1338.8499755859375, 10%=-1319.4000244140625, 25%=-1271.25, 50%=-1227.0, 75%=-1181.0, 90%=-1139.0, 95%=-1132.800048828125, 98%=-1123.0
ranking_best_algo: SVMMetaModelLogNormal
ranking_best_score: 1233.7999999999997
ranking_my_rank: 12/504 (97.8%)
ranking_my_percent: 97.81746031746032
