ConfigName: kjsd__advperagentrankweighted__M4__L30__eps0p005__g0p0003__ds0p2__dm0p05
Problem: NK
Kernel: jsd
Advantage: peragentrankweighted
M: 4
lambda: 30
epsilon_svgd: 0.005
gamma: 0.0003
decay_start_ratio: 0.2
decay_min_factor: 0.05
bandwith_kernel: None
no_interact: False
avg_score: 0.7494523525238037
median_score: 0.7485904693603516
std_score: 0.00956993643194437
percentiles: 2%=0.7324337363243103, 5%=0.7331677675247192, 10%=0.7359263896942139, 25%=0.7436684370040894, 50%=0.7485904693603516, 75%=0.756993293762207, 90%=0.7623424530029297, 95%=0.7649745941162109, 98%=0.7661744356155396
ranking_best_algo: PBIL
ranking_best_score: 0.733570253046875
ranking_my_rank: 1/504 (100.0%)
ranking_my_percent: 100.0
