ConfigName: krbf__advnormalizedfitness__M1__L8__eps0p025__g0p01__ds0p3__dm0p3
Problem: NK
Kernel: rbf
Advantage: normalizedfitness
M: 1
lambda: 8
epsilon_svgd: 0.025
gamma: 0.01
decay_start_ratio: 0.3
decay_min_factor: 0.3
bandwith_kernel: None
no_interact: False
avg_score: 0.7054677605628967
median_score: 0.7065479755401611
std_score: 0.01584121771156788
percentiles: 2%=0.6649004220962524, 5%=0.6671116352081299, 10%=0.6900936961174011, 25%=0.700354814529419, 50%=0.7065479755401611, 75%=0.7152544260025024, 90%=0.722423791885376, 95%=0.7289144992828369, 98%=0.731988787651062
ranking_best_algo: CMApara
ranking_best_score: 0.707475975
ranking_my_rank: 7/504 (98.8%)
ranking_my_percent: 98.80952380952381
