ConfigName: krbf__advnormalizedfitness__M4__L8__eps0p03__g0p01__ds0p15__dm0p05
Problem: NK
Kernel: rbf
Advantage: normalizedfitness
M: 4
lambda: 8
epsilon_svgd: 0.03
gamma: 0.01
decay_start_ratio: 0.15
decay_min_factor: 0.05
bandwith_kernel: None
no_interact: False
avg_score: 0.7559767961502075
median_score: 0.75636887550354
std_score: 0.013077031821012497
percentiles: 2%=0.7289775013923645, 5%=0.7366892099380493, 10%=0.7401185631752014, 25%=0.7456419467926025, 50%=0.75636887550354, 75%=0.765922486782074, 90%=0.773695707321167, 95%=0.7763622403144836, 98%=0.7802757024765015
ranking_best_algo: Tabu
ranking_best_score: 0.7470791764843752
ranking_my_rank: 1/504 (100.0%)
ranking_my_percent: 100.0
