ConfigName: kfr__advglobalrankweighted__M5__L9__eps0p015__g0p003__ds0p01__dm0p01
Problem: QUBO
Kernel: fr
Advantage: globalrankweighted
M: 5
lambda: 9
epsilon_svgd: 0.015
gamma: 0.003
decay_start_ratio: 0.01
decay_min_factor: 0.01
bandwith_kernel: None
no_interact: False
avg_score: -310.29998779296875
median_score: -311.0
std_score: 37.7331428527832
percentiles: 2%=-394.0400085449219, 5%=-392.1000061035156, 10%=-357.79998779296875, 25%=-334.0, 50%=-311.0, 75%=-275.75, 90%=-269.70001220703125, 95%=-263.8000183105469, 98%=-255.91998291015625
ranking_best_algo: CMApara
ranking_best_score: 319.29999999999995
ranking_my_rank: 62/504 (87.9%)
ranking_my_percent: 87.89682539682539
