ConfigName: kfr__advglobalrankweighted__M2__L11__eps0p02__g0p007__ds0p01__dm0p01
Problem: QUBO
Kernel: fr
Advantage: globalrankweighted
M: 2
lambda: 11
epsilon_svgd: 0.02
gamma: 0.007
decay_start_ratio: 0.01
decay_min_factor: 0.01
bandwith_kernel: None
no_interact: False
avg_score: -137.27999877929688
median_score: -139.5
std_score: 12.3661470413208
percentiles: 2%=-158.02000427246094, 5%=-156.0, 10%=-153.10000610351562, 25%=-146.0, 50%=-139.5, 75%=-129.0, 90%=-119.0, 95%=-115.90000915527344, 98%=-108.95999145507812
ranking_best_algo: DiscreteDE
ranking_best_score: 143.4
ranking_my_rank: 157/504 (69.0%)
ranking_my_percent: 69.04761904761905
