ConfigName: krbf__advnormalizedfitness__M1__L8__eps0p025__g0p01__ds0p3__dm0p3
Problem: QUBO
Kernel: rbf
Advantage: normalizedfitness
M: 1
lambda: 8
epsilon_svgd: 0.025
gamma: 0.01
decay_start_ratio: 0.3
decay_min_factor: 0.3
bandwith_kernel: None
no_interact: False
avg_score: -2595.659912109375
median_score: -2601.5
std_score: 137.05694580078125
percentiles: 2%=-2901.139892578125, 5%=-2829.64990234375, 10%=-2751.199951171875, 25%=-2676.0, 50%=-2601.5, 75%=-2516.0, 90%=-2431.0, 95%=-2363.550048828125, 98%=-2255.919921875
ranking_best_algo: DiscreteLengler2OnePlusOne
ranking_best_score: 2617.04
ranking_my_rank: 36/504 (93.1%)
ranking_my_percent: 93.05555555555556
