ConfigName: kjsd__advperagentrankweighted__M3__L24__eps0p007__g0p0005__ds0p1__dm0p05
Problem: QUBO
Kernel: jsd
Advantage: peragentrankweighted
M: 3
lambda: 24
epsilon_svgd: 0.007
gamma: 0.0005
decay_start_ratio: 0.1
decay_min_factor: 0.05
bandwith_kernel: None
no_interact: False
avg_score: -326.05999755859375
median_score: -326.0
std_score: 24.09141731262207
percentiles: 2%=-372.0, 5%=-372.0, 10%=-350.20001220703125, 25%=-343.0, 50%=-326.0, 75%=-308.0, 90%=-291.79998779296875, 95%=-280.0, 98%=-274.0
ranking_best_algo: CMApara
ranking_best_score: 344.22
ranking_my_rank: 114/504 (77.6%)
ranking_my_percent: 77.57936507936508
