ConfigName: kjsd__advperagentrankweighted__M3__L20__eps0p007__g0p0005__ds0p05__dm0p1
Problem: QUBO
Kernel: jsd
Advantage: peragentrankweighted
M: 3
lambda: 20
epsilon_svgd: 0.007
gamma: 0.0005
decay_start_ratio: 0.05
decay_min_factor: 0.1
bandwith_kernel: None
no_interact: False
avg_score: -442.260009765625
median_score: -443.0
std_score: 26.529462814331055
percentiles: 2%=-494.0, 5%=-483.1000061035156, 10%=-475.3999938964844, 25%=-462.0, 50%=-443.0, 75%=-420.5, 90%=-406.6000061035156, 95%=-401.95001220703125, 98%=-399.79998779296875
ranking_best_algo: CMApara
ranking_best_score: 453.82
ranking_my_rank: 9/504 (98.4%)
ranking_my_percent: 98.41269841269842
