ConfigName: kjsd__advperagentrankweighted__M4__L12__eps0p005__g0p0005__ds0p2__dm0p2
Problem: QUBO
Kernel: jsd
Advantage: peragentrankweighted
M: 4
lambda: 12
epsilon_svgd: 0.005
gamma: 0.0005
decay_start_ratio: 0.2
decay_min_factor: 0.2
bandwith_kernel: None
no_interact: False
avg_score: -1179.43994140625
median_score: -1174.5
std_score: 55.024959564208984
percentiles: 2%=-1297.43994140625, 5%=-1267.800048828125, 10%=-1243.0999755859375, 25%=-1219.0, 50%=-1174.5, 75%=-1141.5, 90%=-1116.800048828125, 95%=-1096.699951171875, 98%=-1079.5400390625
ranking_best_algo: Tabu
ranking_best_score: 1216.16
ranking_my_rank: 70/504 (86.3%)
ranking_my_percent: 86.30952380952381
