ConfigName: kjsd__advperagentrankweighted__M5__L10__eps0p005__g0p0005__ds0p05__dm0p05
Problem: QUBO
Kernel: jsd
Advantage: peragentrankweighted
M: 5
lambda: 10
epsilon_svgd: 0.005
gamma: 0.0005
decay_start_ratio: 0.05
decay_min_factor: 0.05
bandwith_kernel: None
no_interact: False
avg_score: -201.74000549316406
median_score: -201.0
std_score: 11.540034294128418
percentiles: 2%=-224.0, 5%=-221.0500030517578, 10%=-217.10000610351562, 25%=-210.0, 50%=-201.0, 75%=-195.0, 90%=-186.89999389648438, 95%=-180.9499969482422, 98%=-178.97999572753906
ranking_best_algo: Tabu
ranking_best_score: 208.36000000000004
ranking_my_rank: 39/504 (92.5%)
ranking_my_percent: 92.46031746031746
