ConfigName: kjsd__advperagentrankweighted__M8__L10__eps0p008__g0p0005__ds0p05__dm0p05
Problem: QUBO
Kernel: jsd
Advantage: peragentrankweighted
M: 8
lambda: 10
epsilon_svgd: 0.008
gamma: 0.0005
decay_start_ratio: 0.05
decay_min_factor: 0.05
bandwith_kernel: None
no_interact: False
avg_score: -583.219970703125
median_score: -581.5
std_score: 27.2314453125
percentiles: 2%=-633.0800170898438, 5%=-631.0, 10%=-623.0, 25%=-602.5, 50%=-581.5, 75%=-565.0, 90%=-550.9000244140625, 95%=-545.9500122070312, 98%=-532.7000122070312
ranking_best_algo: Tabu
ranking_best_score: 588.7199999999999
ranking_my_rank: 5/503 (99.2%)
ranking_my_percent: 99.20477137176938
