ConfigName: kjsd__advperagentrankweighted__M3__L24__eps0p005__g0p0005__ds0p1__dm0p1
Problem: QUBO
Kernel: jsd
Advantage: peragentrankweighted
M: 3
lambda: 24
epsilon_svgd: 0.005
gamma: 0.0005
decay_start_ratio: 0.1
decay_min_factor: 0.1
bandwith_kernel: None
no_interact: False
avg_score: -908.7999877929688
median_score: -899.0
std_score: 58.31517791748047
percentiles: 2%=-1032.1199951171875, 5%=-1024.300048828125, 10%=-989.2000122070312, 25%=-948.25, 50%=-899.0, 75%=-865.5, 90%=-836.7999877929688, 95%=-827.0, 98%=-800.9600219726562
ranking_best_algo: CMAL3
ranking_best_score: 928.5800000000002
ranking_my_rank: 29/504 (94.4%)
ranking_my_percent: 94.44444444444444
