ConfigName: krbf__advnormalizedfitness__M3__L8__eps0p025__g0p007__ds0p01__dm0p3
Problem: QUBO
Kernel: rbf
Advantage: normalizedfitness
M: 3
lambda: 8
epsilon_svgd: 0.025
gamma: 0.007
decay_start_ratio: 0.01
decay_min_factor: 0.3
bandwith_kernel: None
no_interact: False
avg_score: -199.32000732421875
median_score: -200.5
std_score: 12.96987247467041
percentiles: 2%=-224.0, 5%=-222.10000610351562, 10%=-218.0, 25%=-207.0, 50%=-200.5, 75%=-190.75, 90%=-181.89999389648438, 95%=-179.95001220703125, 98%=-169.95999145507812
ranking_best_algo: Tabu
ranking_best_score: 208.36000000000004
ranking_my_rank: 85/504 (83.3%)
ranking_my_percent: 83.33333333333333
