ConfigName: krbf__advnormalizedfitness__M3__L12__eps0p015__g0p01__ds0p3__dm0p3
Problem: NK
Kernel: rbf
Advantage: normalizedfitness
M: 3
lambda: 12
epsilon_svgd: 0.015
gamma: 0.01
decay_start_ratio: 0.3
decay_min_factor: 0.3
bandwith_kernel: None
no_interact: False
avg_score: 0.7326917052268982
median_score: 0.734624445438385
std_score: 0.019443584606051445
percentiles: 2%=0.6875355839729309, 5%=0.6935045123100281, 10%=0.7038054466247559, 25%=0.7219962477684021, 50%=0.734624445438385, 75%=0.7487668991088867, 90%=0.7547321319580078, 95%=0.7620559930801392, 98%=0.7628819346427917
ranking_best_algo: Tabu
ranking_best_score: 0.7657846284375001
ranking_my_rank: 149/504 (70.6%)
ranking_my_percent: 70.63492063492063
