ConfigName: krbf__advnormalizedfitness__M4__L8__eps0p02__g0p01__ds0p15__dm0p05
Problem: QUBO
Kernel: rbf
Advantage: normalizedfitness
M: 4
lambda: 8
epsilon_svgd: 0.02
gamma: 0.01
decay_start_ratio: 0.15
decay_min_factor: 0.05
bandwith_kernel: None
no_interact: False
avg_score: -310.79998779296875
median_score: -314.0
std_score: 38.34370803833008
percentiles: 2%=-396.0, 5%=-390.1000061035156, 10%=-354.20001220703125, 25%=-336.0, 50%=-314.0, 75%=-276.0, 90%=-263.8999938964844, 95%=-261.0, 98%=-259.8999938964844
ranking_best_algo: CMApara
ranking_best_score: 319.29999999999995
ranking_my_rank: 40/504 (92.3%)
ranking_my_percent: 92.26190476190476
