ConfigName: krbf__advnormalizedfitness__M3__L8__eps0p015__g0p007__ds0p3__dm0p01
Problem: QUBO
Kernel: rbf
Advantage: normalizedfitness
M: 3
lambda: 8
epsilon_svgd: 0.015
gamma: 0.007
decay_start_ratio: 0.3
decay_min_factor: 0.01
bandwith_kernel: None
no_interact: False
avg_score: -936.6199951171875
median_score: -928.0
std_score: 70.91597747802734
percentiles: 2%=-1076.0400390625, 5%=-1065.25, 10%=-1033.0999755859375, 25%=-984.5, 50%=-928.0, 75%=-892.5, 90%=-839.0, 95%=-820.7000122070312, 98%=-806.8800048828125
ranking_best_algo: CMApara
ranking_best_score: 964.9
ranking_my_rank: 10/504 (98.2%)
ranking_my_percent: 98.21428571428571
