ConfigName: krbf__advnormalizedfitness__M2__L10__eps0p015__g0p01__ds0p15__dm0p01
Problem: QUBO
Kernel: rbf
Advantage: normalizedfitness
M: 2
lambda: 10
epsilon_svgd: 0.015
gamma: 0.01
decay_start_ratio: 0.15
decay_min_factor: 0.01
bandwith_kernel: None
no_interact: False
avg_score: -438.32000732421875
median_score: -439.0
std_score: 26.23008918762207
percentiles: 2%=-481.0400085449219, 5%=-475.20001220703125, 10%=-470.20001220703125, 25%=-460.25, 50%=-439.0, 75%=-417.0, 90%=-405.8999938964844, 95%=-400.79998779296875, 98%=-380.8800048828125
ranking_best_algo: CMApara
ranking_best_score: 453.82
ranking_my_rank: 20/504 (96.2%)
ranking_my_percent: 96.23015873015873
