ConfigName: kfr__advglobalrankweighted__M4__L5__eps0p01__g0p003__ds0p01__dm0p01
Problem: QUBO
Kernel: fr
Advantage: globalrankweighted
M: 4
lambda: 5
epsilon_svgd: 0.01
gamma: 0.003
decay_start_ratio: 0.01
decay_min_factor: 0.01
bandwith_kernel: None
no_interact: False
avg_score: -3363.340087890625
median_score: -3367.5
std_score: 104.62947082519531
percentiles: 2%=-3569.0, 5%=-3513.699951171875, 10%=-3484.39990234375, 25%=-3431.5, 50%=-3367.5, 75%=-3294.0, 90%=-3208.60009765625, 95%=-3190.0, 98%=-3173.780029296875
ranking_best_algo: RLSOnePlusOne
ranking_best_score: 3316.5199999999995
ranking_my_rank: 1/504 (100.0%)
ranking_my_percent: 100.0
