ConfigName: kjsd__advperagentrankweighted__M5__L10__eps0p03__g0p0005__ds0p2__dm0p05
Problem: QUBO
Kernel: jsd
Advantage: peragentrankweighted
M: 5
lambda: 10
epsilon_svgd: 0.03
gamma: 0.0005
decay_start_ratio: 0.2
decay_min_factor: 0.05
bandwith_kernel: None
no_interact: False
avg_score: -905.8200073242188
median_score: -900.0
std_score: 63.665592193603516
percentiles: 2%=-1032.0400390625, 5%=-1012.9000244140625, 10%=-999.2000122070312, 25%=-947.5, 50%=-900.0, 75%=-857.5, 90%=-824.5999755859375, 95%=-807.0, 98%=-786.719970703125
ranking_best_algo: CMAL3
ranking_best_score: 928.5800000000002
ranking_my_rank: 62/504 (87.9%)
ranking_my_percent: 87.89682539682539
