ConfigName: kfr__advglobalrankweighted__M1__L11__eps0p015__g0p005__ds0p01__dm0p01
Problem: QUBO
Kernel: fr
Advantage: globalrankweighted
M: 1
lambda: 11
epsilon_svgd: 0.015
gamma: 0.005
decay_start_ratio: 0.01
decay_min_factor: 0.01
bandwith_kernel: None
no_interact: False
avg_score: -425.44000244140625
median_score: -423.0
std_score: 35.06460189819336
percentiles: 2%=-481.0400085449219, 5%=-477.1000061035156, 10%=-470.0, 25%=-456.25, 50%=-423.0, 75%=-398.5, 90%=-380.8999938964844, 95%=-368.8500061035156, 98%=-358.8799743652344
ranking_best_algo: CMApara
ranking_best_score: 453.82
ranking_my_rank: 122/504 (76.0%)
ranking_my_percent: 75.9920634920635
