ConfigName: krbf__advnormalizedfitness__M1__L8__eps0p033__g0p01__ds0p3__dm0p01
Problem: QUBO
Kernel: rbf
Advantage: normalizedfitness
M: 1
lambda: 8
epsilon_svgd: 0.033
gamma: 0.01
decay_start_ratio: 0.3
decay_min_factor: 0.01
bandwith_kernel: None
no_interact: False
avg_score: -875.9199829101562
median_score: -867.5
std_score: 73.40091705322266
percentiles: 2%=-1020.2999877929688, 5%=-1008.0, 10%=-978.9000244140625, 25%=-924.0, 50%=-867.5, 75%=-824.5, 90%=-784.9000244140625, 95%=-774.9000244140625, 98%=-760.8199462890625
ranking_best_algo: CMAL3
ranking_best_score: 928.5800000000002
ranking_my_rank: 131/504 (74.2%)
ranking_my_percent: 74.2063492063492
