ConfigName: kjsd__advperagentrankweighted__M4__L12__eps0p005__g0p0007__ds0p4__dm0p05
Problem: QUBO
Kernel: jsd
Advantage: peragentrankweighted
M: 4
lambda: 12
epsilon_svgd: 0.005
gamma: 0.0007
decay_start_ratio: 0.4
decay_min_factor: 0.05
bandwith_kernel: None
no_interact: False
avg_score: -332.7200012207031
median_score: -339.5
std_score: 21.524906158447266
percentiles: 2%=-372.0, 5%=-366.29998779296875, 10%=-354.0, 25%=-346.0, 50%=-339.5, 75%=-321.5, 90%=-303.6000061035156, 95%=-297.70001220703125, 98%=-284.0
ranking_best_algo: CMApara
ranking_best_score: 344.22
ranking_my_rank: 70/504 (86.3%)
ranking_my_percent: 86.30952380952381
