ConfigName: kfr__advglobalrankweighted__M2__L7__eps0p01__g0p003__ds0p01__dm0p01
Problem: QUBO
Kernel: fr
Advantage: globalrankweighted
M: 2
lambda: 7
epsilon_svgd: 0.01
gamma: 0.003
decay_start_ratio: 0.01
decay_min_factor: 0.01
bandwith_kernel: None
no_interact: False
avg_score: -918.719970703125
median_score: -914.5
std_score: 67.76209259033203
percentiles: 2%=-1061.300048828125, 5%=-1028.3499755859375, 10%=-1016.9000244140625, 25%=-962.25, 50%=-914.5, 75%=-869.75, 90%=-824.9000244140625, 95%=-812.5000610351562, 98%=-788.97998046875
ranking_best_algo: CMApara
ranking_best_score: 964.9
ranking_my_rank: 64/504 (87.5%)
ranking_my_percent: 87.5
