ConfigName: krbf__advnormalizedfitness__M4__L10__eps0p02__g0p01__ds0p15__dm0p05
Problem: QUBO
Kernel: rbf
Advantage: normalizedfitness
M: 4
lambda: 10
epsilon_svgd: 0.02
gamma: 0.01
decay_start_ratio: 0.15
decay_min_factor: 0.05
bandwith_kernel: None
no_interact: False
avg_score: -1018.0
median_score: -1015.5
std_score: 81.54863739013672
percentiles: 2%=-1185.02001953125, 5%=-1147.25, 10%=-1123.0, 25%=-1072.0, 50%=-1015.5, 75%=-965.75, 90%=-912.0, 95%=-872.7000122070312, 98%=-854.97998046875
ranking_best_algo: SVMMetaModelLogNormal
ranking_best_score: 1233.7999999999997
ranking_my_rank: 216/504 (57.3%)
ranking_my_percent: 57.34126984126984
