ConfigName: krbf__advnormalizedfitness__M3__L8__eps0p025__g0p015__ds0p15__dm0p01
Problem: NK
Kernel: rbf
Advantage: normalizedfitness
M: 3
lambda: 8
epsilon_svgd: 0.025
gamma: 0.015
decay_start_ratio: 0.15
decay_min_factor: 0.01
bandwith_kernel: None
no_interact: False
avg_score: 0.7378727793693542
median_score: 0.7384960055351257
std_score: 0.00878931861370802
percentiles: 2%=0.7205193638801575, 5%=0.7227600812911987, 10%=0.7243056893348694, 25%=0.7319730520248413, 50%=0.7384960055351257, 75%=0.7448074221611023, 90%=0.7467358708381653, 95%=0.7502170205116272, 98%=0.7514910697937012
ranking_best_algo: PBIL
ranking_best_score: 0.730509098125
ranking_my_rank: 1/504 (100.0%)
ranking_my_percent: 100.0
