ConfigName: krbf__advnormalizedfitness__M3__L15__eps0p015__g0p015__ds0p01__dm0p01
Problem: QUBO
Kernel: rbf
Advantage: normalizedfitness
M: 3
lambda: 15
epsilon_svgd: 0.015
gamma: 0.015
decay_start_ratio: 0.01
decay_min_factor: 0.01
bandwith_kernel: None
no_interact: False
avg_score: -406.9599914550781
median_score: -406.5
std_score: 26.22057342529297
percentiles: 2%=-454.4200134277344, 5%=-448.25, 10%=-442.20001220703125, 25%=-425.0, 50%=-406.5, 75%=-386.0, 90%=-374.8999938964844, 95%=-369.7500305175781, 98%=-359.8799743652344
ranking_best_algo: Tabu
ranking_best_score: 438.12
ranking_my_rank: 160/504 (68.5%)
ranking_my_percent: 68.45238095238095
