ConfigName: krbf__advnormalizedfitness__M4__L10__eps0p015__g0p015__ds0p15__dm0p01
Problem: NK
Kernel: rbf
Advantage: normalizedfitness
M: 4
lambda: 10
epsilon_svgd: 0.015
gamma: 0.015
decay_start_ratio: 0.15
decay_min_factor: 0.01
bandwith_kernel: None
no_interact: False
avg_score: 0.6819422245025635
median_score: 0.6831480264663696
std_score: 0.012918995693325996
percentiles: 2%=0.6591158509254456, 5%=0.6636890172958374, 10%=0.6656449437141418, 25%=0.6696813702583313, 50%=0.6831480264663696, 75%=0.6933503150939941, 90%=0.6976113319396973, 95%=0.7019451856613159, 98%=0.7046321034431458
ranking_best_algo: PBIL
ranking_best_score: 0.7013553837109374
ranking_my_rank: 108/504 (78.8%)
ranking_my_percent: 78.76984126984127
