ConfigName: krbf__advnormalizedfitness__M4__L10__eps0p025__g0p015__ds0p3__dm0p01
Problem: NK
Kernel: rbf
Advantage: normalizedfitness
M: 4
lambda: 10
epsilon_svgd: 0.025
gamma: 0.015
decay_start_ratio: 0.3
decay_min_factor: 0.01
bandwith_kernel: None
no_interact: False
avg_score: 0.6721839904785156
median_score: 0.6714260578155518
std_score: 0.012789135798811913
percentiles: 2%=0.6498737931251526, 5%=0.6537145376205444, 10%=0.6564318537712097, 25%=0.6624784469604492, 50%=0.6714260578155518, 75%=0.6802637577056885, 90%=0.689688503742218, 95%=0.6968008279800415, 98%=0.6995260715484619
ranking_best_algo: PBIL
ranking_best_score: 0.733570253046875
ranking_my_rank: 250/504 (50.6%)
ranking_my_percent: 50.595238095238095
