ConfigName: krbf__advnormalizedfitness__M2__L8__eps0p015__g0p005__ds0p15__dm0p3
Problem: QUBO
Kernel: rbf
Advantage: normalizedfitness
M: 2
lambda: 8
epsilon_svgd: 0.015
gamma: 0.005
decay_start_ratio: 0.15
decay_min_factor: 0.3
bandwith_kernel: None
no_interact: False
avg_score: -3263.139892578125
median_score: -3264.5
std_score: 124.88818359375
percentiles: 2%=-3461.260009765625, 5%=-3439.050048828125, 10%=-3419.39990234375, 25%=-3349.25, 50%=-3264.5, 75%=-3183.0, 90%=-3101.10009765625, 95%=-3060.5, 98%=-3017.699951171875
ranking_best_algo: RLSOnePlusOne
ranking_best_score: 3316.5199999999995
ranking_my_rank: 14/504 (97.4%)
ranking_my_percent: 97.42063492063492
