ConfigName: krbf__advnormalizedfitness__M4__L12__eps0p033__g0p007__ds0p01__dm0p01
Problem: QUBO
Kernel: rbf
Advantage: normalizedfitness
M: 4
lambda: 12
epsilon_svgd: 0.033
gamma: 0.007
decay_start_ratio: 0.01
decay_min_factor: 0.01
bandwith_kernel: None
no_interact: False
avg_score: -310.1400146484375
median_score: -315.0
std_score: 38.21073532104492
percentiles: 2%=-398.0400085449219, 5%=-394.20001220703125, 10%=-352.3999938964844, 25%=-332.5, 50%=-315.0, 75%=-274.0, 90%=-266.8999938964844, 95%=-259.9000244140625, 98%=-255.97999572753906
ranking_best_algo: CMApara
ranking_best_score: 319.29999999999995
ranking_my_rank: 63/504 (87.7%)
ranking_my_percent: 87.6984126984127
