ConfigName: kjsd__advperagentrankweighted__M3__L18__eps0p005__g0p001__ds0p2__dm0p05
Problem: QUBO
Kernel: jsd
Advantage: peragentrankweighted
M: 3
lambda: 18
epsilon_svgd: 0.005
gamma: 0.001
decay_start_ratio: 0.2
decay_min_factor: 0.05
bandwith_kernel: None
no_interact: False
avg_score: -1195.9200439453125
median_score: -1197.5
std_score: 63.30540084838867
percentiles: 2%=-1347.0799560546875, 5%=-1300.300048828125, 10%=-1273.800048828125, 25%=-1233.5, 50%=-1197.5, 75%=-1157.25, 90%=-1114.699951171875, 95%=-1089.9000244140625, 98%=-1084.93994140625
ranking_best_algo: Tabu
ranking_best_score: 1216.16
ranking_my_rank: 48/504 (90.7%)
ranking_my_percent: 90.67460317460318
