ConfigName: krbf__advnormalizedfitness__M4__L12__eps0p015__g0p007__ds0p3__dm0p01
Problem: NK
Kernel: rbf
Advantage: normalizedfitness
M: 4
lambda: 12
epsilon_svgd: 0.015
gamma: 0.007
decay_start_ratio: 0.3
decay_min_factor: 0.01
bandwith_kernel: None
no_interact: False
avg_score: 0.5761569738388062
median_score: 0.5753112435340881
std_score: 0.006791208405047655
percentiles: 2%=0.5656446814537048, 5%=0.5668523907661438, 10%=0.5677546262741089, 25%=0.5713908672332764, 50%=0.5753112435340881, 75%=0.5798021554946899, 90%=0.5861427187919617, 95%=0.58873450756073, 98%=0.5911379456520081
ranking_best_algo: PBIL
ranking_best_score: 0.7170882103515624
ranking_my_rank: 385/504 (23.8%)
ranking_my_percent: 23.80952380952381
