ConfigName: kjsd__advperagentrankweighted__M4__L8__eps0p005__g0p0003__ds0p4__dm0p05
Problem: QUBO
Kernel: jsd
Advantage: peragentrankweighted
M: 4
lambda: 8
epsilon_svgd: 0.005
gamma: 0.0003
decay_start_ratio: 0.4
decay_min_factor: 0.05
bandwith_kernel: None
no_interact: False
avg_score: -1239.9000244140625
median_score: -1241.0
std_score: 54.293739318847656
percentiles: 2%=-1352.0799560546875, 5%=-1334.1500244140625, 10%=-1310.5, 25%=-1285.0, 50%=-1241.0, 75%=-1196.75, 90%=-1170.5999755859375, 95%=-1158.75, 98%=-1145.0
ranking_best_algo: SVMMetaModelLogNormal
ranking_best_score: 1233.7999999999997
ranking_my_rank: 1/504 (100.0%)
ranking_my_percent: 100.0
