ConfigName: krbf__advnormalizedfitness__M4__L12__eps0p025__g0p005__ds0p15__dm0p01
Problem: QUBO
Kernel: rbf
Advantage: normalizedfitness
M: 4
lambda: 12
epsilon_svgd: 0.025
gamma: 0.005
decay_start_ratio: 0.15
decay_min_factor: 0.01
bandwith_kernel: None
no_interact: False
avg_score: -329.760009765625
median_score: -334.0
std_score: 21.307802200317383
percentiles: 2%=-372.0, 5%=-361.54998779296875, 10%=-352.20001220703125, 25%=-343.0, 50%=-334.0, 75%=-313.5, 90%=-298.0, 95%=-292.7500305175781, 98%=-285.91998291015625
ranking_best_algo: CMApara
ranking_best_score: 344.22
ranking_my_rank: 80/504 (84.3%)
ranking_my_percent: 84.32539682539682
