ConfigName: krbf__advnormalizedfitness__M4__L15__eps0p015__g0p015__ds0p3__dm0p01
Problem: QUBO
Kernel: rbf
Advantage: normalizedfitness
M: 4
lambda: 15
epsilon_svgd: 0.015
gamma: 0.015
decay_start_ratio: 0.3
decay_min_factor: 0.01
bandwith_kernel: None
no_interact: False
avg_score: -286.32000732421875
median_score: -289.0
std_score: 27.372570037841797
percentiles: 2%=-337.0199890136719, 5%=-327.20001220703125, 10%=-318.20001220703125, 25%=-307.0, 50%=-289.0, 75%=-266.75, 90%=-249.8000030517578, 95%=-241.80001831054688, 98%=-231.91998291015625
ranking_best_algo: CMApara
ranking_best_score: 344.22
ranking_my_rank: 324/504 (35.9%)
ranking_my_percent: 35.91269841269841
