ConfigName: krbf__advnormalizedfitness__M3__L15__eps0p033__g0p007__ds0p01__dm0p01
Problem: QUBO
Kernel: rbf
Advantage: normalizedfitness
M: 3
lambda: 15
epsilon_svgd: 0.033
gamma: 0.007
decay_start_ratio: 0.01
decay_min_factor: 0.01
bandwith_kernel: None
no_interact: False
avg_score: -584.5599975585938
median_score: -582.0
std_score: 30.506498336791992
percentiles: 2%=-643.1599731445312, 5%=-631.3499755859375, 10%=-623.0999755859375, 25%=-605.5, 50%=-582.0, 75%=-568.75, 90%=-545.9000244140625, 95%=-533.0, 98%=-518.8999633789062
ranking_best_algo: Tabu
ranking_best_score: 588.7199999999999
ranking_my_rank: 5/503 (99.2%)
ranking_my_percent: 99.20477137176938
