ConfigName: krbf__advnormalizedfitness__M4__L10__eps0p015__g0p015__ds0p15__dm0p3
Problem: QUBO
Kernel: rbf
Advantage: normalizedfitness
M: 4
lambda: 10
epsilon_svgd: 0.015
gamma: 0.015
decay_start_ratio: 0.15
decay_min_factor: 0.3
bandwith_kernel: None
no_interact: False
avg_score: -506.79998779296875
median_score: -499.0
std_score: 48.44935607910156
percentiles: 2%=-655.47998046875, 5%=-592.6500244140625, 10%=-565.7999877929688, 25%=-527.25, 50%=-499.0, 75%=-475.5, 90%=-457.6000061035156, 95%=-443.9000244140625, 98%=-436.0
ranking_best_algo: Tabu
ranking_best_score: 1216.16
ranking_my_rank: 393/504 (22.2%)
ranking_my_percent: 22.22222222222222
