ConfigName: krbf__advnormalizedfitness__M5__L8__eps0p03__g0p01__ds0p05__dm0p05
Problem: QUBO
Kernel: rbf
Advantage: normalizedfitness
M: 5
lambda: 8
epsilon_svgd: 0.03
gamma: 0.01
decay_start_ratio: 0.05
decay_min_factor: 0.05
bandwith_kernel: None
no_interact: False
avg_score: -1159.5400390625
median_score: -1153.0
std_score: 69.84102630615234
percentiles: 2%=-1297.56005859375, 5%=-1287.0999755859375, 10%=-1256.0999755859375, 25%=-1198.5, 50%=-1153.0, 75%=-1118.75, 90%=-1075.5, 95%=-1049.5999755859375, 98%=-1028.800048828125
ranking_best_algo: Tabu
ranking_best_score: 1216.16
ranking_my_rank: 100/504 (80.4%)
ranking_my_percent: 80.35714285714286
