ConfigName: krbf__advnormalizedfitness__M2__L9__eps0p01__g0p005__ds0p01__dm0p01
Problem: QUBO
Kernel: rbf
Advantage: normalizedfitness
M: 2
lambda: 9
epsilon_svgd: 0.01
gamma: 0.005
decay_start_ratio: 0.01
decay_min_factor: 0.01
bandwith_kernel: None
no_interact: False
avg_score: -2568.56005859375
median_score: -2569.0
std_score: 127.57823944091797
percentiles: 2%=-2791.6201171875, 5%=-2765.39990234375, 10%=-2742.10009765625, 25%=-2660.0, 50%=-2569.0, 75%=-2490.0, 90%=-2387.300048828125, 95%=-2362.75, 98%=-2311.719970703125
ranking_best_algo: SVM1MetaModelLogNormal
ranking_best_score: 2605.14
ranking_my_rank: 15/504 (97.2%)
ranking_my_percent: 97.22222222222223
