ConfigName: krbf__advnormalizedfitness__M3__L8__eps0p025__g0p005__ds0p3__dm0p3
Problem: NK
Kernel: rbf
Advantage: normalizedfitness
M: 3
lambda: 8
epsilon_svgd: 0.025
gamma: 0.005
decay_start_ratio: 0.3
decay_min_factor: 0.3
bandwith_kernel: None
no_interact: False
avg_score: 0.7298086285591125
median_score: 0.7297612428665161
std_score: 0.010673287324607372
percentiles: 2%=0.7098147869110107, 5%=0.714234471321106, 10%=0.7160108685493469, 25%=0.7232691049575806, 50%=0.7297612428665161, 75%=0.7368300557136536, 90%=0.7438438534736633, 95%=0.7474116683006287, 98%=0.7530840039253235
ranking_best_algo: Tabu
ranking_best_score: 0.7429702712499999
ranking_my_rank: 2/504 (99.8%)
ranking_my_percent: 99.8015873015873
