ConfigName: kjsd__advperagentrankweighted__M3__L24__eps0p007__g0p0005__ds0p2__dm0p2
Problem: QUBO
Kernel: jsd
Advantage: peragentrankweighted
M: 3
lambda: 24
epsilon_svgd: 0.007
gamma: 0.0005
decay_start_ratio: 0.2
decay_min_factor: 0.2
bandwith_kernel: None
no_interact: False
avg_score: -147.77999877929688
median_score: -146.0
std_score: 13.930957794189453
percentiles: 2%=-179.0, 5%=-179.0, 10%=-164.0, 25%=-155.0, 50%=-146.0, 75%=-137.0, 90%=-131.0, 95%=-127.0, 98%=-122.0
ranking_best_algo: CMApara
ranking_best_score: 154.28
ranking_my_rank: 91/504 (82.1%)
ranking_my_percent: 82.14285714285714
