ConfigName: krbf__advnormalizedfitness__M3__L10__eps0p025__g0p015__ds0p15__dm0p3
Problem: NK
Kernel: rbf
Advantage: normalizedfitness
M: 3
lambda: 10
epsilon_svgd: 0.025
gamma: 0.015
decay_start_ratio: 0.15
decay_min_factor: 0.3
bandwith_kernel: None
no_interact: False
avg_score: 0.7325029969215393
median_score: 0.7343248724937439
std_score: 0.010036276653409004
percentiles: 2%=0.7106324434280396, 5%=0.7145063281059265, 10%=0.7179537415504456, 25%=0.7261971235275269, 50%=0.7343248724937439, 75%=0.7397365570068359, 90%=0.7446190118789673, 95%=0.7466931343078613, 98%=0.7493240237236023
ranking_best_algo: PBIL
ranking_best_score: 0.730509098125
ranking_my_rank: 1/504 (100.0%)
ranking_my_percent: 100.0
