ConfigName: kfr__advglobalrankweighted__M4__L24__eps0p01__g0p005__ds0p01__dm0p01
Problem: QUBO
Kernel: fr
Advantage: globalrankweighted
M: 4
lambda: 24
epsilon_svgd: 0.01
gamma: 0.005
decay_start_ratio: 0.01
decay_min_factor: 0.01
bandwith_kernel: None
no_interact: False
avg_score: -871.5800170898438
median_score: -852.0
std_score: 68.15161895751953
percentiles: 2%=-1024.0799560546875, 5%=-1010.2000122070312, 10%=-975.0999755859375, 25%=-920.75, 50%=-852.0, 75%=-828.0, 90%=-800.2000122070312, 95%=-782.7999877929688, 98%=-764.8200073242188
ranking_best_algo: CMApara
ranking_best_score: 964.9
ranking_my_rank: 238/504 (53.0%)
ranking_my_percent: 52.976190476190474
