ConfigName: kfr__advglobalrankweighted__M4__L24__eps0p01__g0p005__ds0p01__dm0p01
Problem: QUBO
Kernel: fr
Advantage: globalrankweighted
M: 4
lambda: 24
epsilon_svgd: 0.01
gamma: 0.005
decay_start_ratio: 0.01
decay_min_factor: 0.01
bandwith_kernel: None
no_interact: False
avg_score: -862.4199829101562
median_score: -851.0
std_score: 69.61669158935547
percentiles: 2%=-1038.1600341796875, 5%=-989.0999755859375, 10%=-955.0999755859375, 25%=-900.75, 50%=-851.0, 75%=-818.0, 90%=-781.9000244140625, 95%=-763.8500366210938, 98%=-752.1998291015625
ranking_best_algo: CMApara
ranking_best_score: 964.9
ranking_my_rank: 251/504 (50.4%)
ranking_my_percent: 50.3968253968254
