ConfigName: krbf__advnormalizedfitness__M3__L8__eps0p033__g0p01__ds0p3__dm0p3
Problem: NK
Kernel: rbf
Advantage: normalizedfitness
M: 3
lambda: 8
epsilon_svgd: 0.033
gamma: 0.01
decay_start_ratio: 0.3
decay_min_factor: 0.3
bandwith_kernel: None
no_interact: False
avg_score: 0.7376509308815002
median_score: 0.7394611835479736
std_score: 0.009231767617166042
percentiles: 2%=0.7171330451965332, 5%=0.7204028964042664, 10%=0.7237346172332764, 25%=0.7326716184616089, 50%=0.7394611835479736, 75%=0.7440405488014221, 90%=0.7485108375549316, 95%=0.7512847781181335, 98%=0.7531977891921997
ranking_best_algo: PBIL
ranking_best_score: 0.730509098125
ranking_my_rank: 1/504 (100.0%)
ranking_my_percent: 100.0
