ConfigName: kjsd__advperagentrankweighted__M5__L12__eps0p008__g0p0005__ds0p05__dm0p05
Problem: QUBO
Kernel: jsd
Advantage: peragentrankweighted
M: 5
lambda: 12
epsilon_svgd: 0.008
gamma: 0.0005
decay_start_ratio: 0.05
decay_min_factor: 0.05
bandwith_kernel: None
no_interact: False
avg_score: -147.72000122070312
median_score: -145.5
std_score: 12.630186080932617
percentiles: 2%=-179.0, 5%=-179.0, 10%=-160.0, 25%=-155.0, 50%=-145.5, 75%=-139.75, 90%=-135.0, 95%=-130.8000030517578, 98%=-125.95999908447266
ranking_best_algo: CMApara
ranking_best_score: 154.28
ranking_my_rank: 93/504 (81.7%)
ranking_my_percent: 81.74603174603175
