ConfigName: krbf__advnormalizedfitness__M2__L8__eps0p015__g0p01__ds0p01__dm0p01
Problem: QUBO
Kernel: rbf
Advantage: normalizedfitness
M: 2
lambda: 8
epsilon_svgd: 0.015
gamma: 0.01
decay_start_ratio: 0.01
decay_min_factor: 0.01
bandwith_kernel: None
no_interact: False
avg_score: -425.9800109863281
median_score: -424.0
std_score: 28.39083480834961
percentiles: 2%=-483.0400085449219, 5%=-479.0, 10%=-463.6000061035156, 25%=-440.5, 50%=-424.0, 75%=-410.5, 90%=-393.79998779296875, 95%=-385.8500061035156, 98%=-368.8999938964844
ranking_best_algo: CMAL3
ranking_best_score: 435.36
ranking_my_rank: 23/504 (95.6%)
ranking_my_percent: 95.63492063492063
