step,best_fitness,avg_hamming,avg_l1,avg_entropy,mean,median,std,2%,5%,10%,25%,50%,75%,90%,95%,98%
60,-283.55999755859375,63.99662399291992,3.6851072311401367,88.55340385437012,-283.55999755859375,-276.0,61.849708557128906,-447.2799987792969,-398.8999938964844,-359.3999938964844,-313.5,-276.0,-241.5,-219.60000610351562,-195.95001220703125,-192.81996154785156
120,-304.47998046875,63.9942741394043,3.7439799308776855,88.54546928405762,-304.4800109863281,-306.0,54.651527404785156,-447.2799987792969,-398.8999938964844,-363.1000061035156,-329.25,-306.0,-265.75,-244.30001831054688,-230.90000915527344,-219.7399444580078
180,-317.2799987792969,63.99230194091797,3.7990119457244873,88.5383358001709,-317.2799987792969,-313.0,49.65986251831055,-453.1600036621094,-435.3500061035156,-373.5,-332.0,-313.0,-283.0,-258.8999938964844,-253.0,-245.8399658203125
240,-329.1000061035156,63.9904899597168,3.8462073802948,88.53210258483887,-329.1000061035156,-321.0,49.74504852294922,-453.1600036621094,-436.29998779296875,-382.1000061035156,-345.5,-321.0,-305.75,-271.8999938964844,-257.8500061035156,-252.85997009277344
300,-335.41998291015625,63.98771286010742,3.8964385986328125,88.5246353149414,-335.4200134277344,-325.0,45.7008056640625,-453.1600036621094,-436.29998779296875,-383.1000061035156,-353.0,-325.0,-311.5,-289.70001220703125,-278.95001220703125,-268.91998291015625
360,-345.97998046875,63.98572540283203,3.9382588863372803,88.51848030090332,-345.9800109863281,-332.0,42.95322799682617,-453.1600036621094,-436.29998779296875,-401.5,-365.5,-332.0,-318.75,-306.0,-289.95001220703125,-281.0
420,-351.8999938964844,63.98328399658203,3.977027416229248,88.5121841430664,-351.8999938964844,-344.0,42.787498474121094,-453.1600036621094,-436.29998779296875,-413.20001220703125,-370.0,-344.0,-322.75,-311.79998779296875,-305.550048828125,-286.8799743652344
480,-357.7599792480469,63.9812126159668,4.0209808349609375,88.5058536529541,-357.760009765625,-345.5,43.08088302612305,-453.1600036621094,-442.25,-416.8999938964844,-380.5,-345.5,-325.75,-314.79998779296875,-307.9000244140625,-298.7999572753906
540,-361.6199951171875,63.97956466674805,4.061326026916504,88.50010108947754,-361.6199951171875,-352.0,42.56895446777344,-453.1600036621094,-442.25,-429.5,-382.25,-352.0,-331.0,-318.79998779296875,-307.9000244140625,-298.7999572753906
600,-366.8399963378906,63.9775390625,4.103366374969482,88.49373817443848,-366.8399963378906,-359.0,42.49510955810547,-458.05999755859375,-447.29998779296875,-434.1000061035156,-387.0,-359.0,-335.75,-321.8999938964844,-309.9000244140625,-305.8599853515625
660,-369.1999816894531,63.97538375854492,4.148554801940918,88.4870834350586,-369.20001220703125,-359.0,42.618072509765625,-461.239990234375,-453.0,-434.1000061035156,-393.25,-359.0,-337.0,-323.8999938964844,-311.9000244140625,-305.8599853515625
720,-371.2200012207031,63.9734001159668,4.188357353210449,88.48113822937012,-371.2200012207031,-361.0,41.562137603759766,-461.239990234375,-453.0,-434.1000061035156,-396.25,-361.0,-339.75,-326.79998779296875,-321.95001220703125,-307.9599914550781
780,-372.8399963378906,63.97141647338867,4.228516578674316,88.47487449645996,-372.8399963378906,-363.0,41.71276092529297,-461.239990234375,-453.0,-435.1000061035156,-397.25,-363.0,-340.75,-327.0,-321.95001220703125,-307.9599914550781
840,-374.739990234375,63.96940231323242,4.269469261169434,88.46842193603516,-374.739990234375,-366.0,40.95891189575195,-461.239990234375,-453.0,-435.1000061035156,-398.0,-366.0,-342.5,-331.79998779296875,-323.95001220703125,-319.7199401855469
900,-379.1999816894531,63.967830657958984,4.310072898864746,88.46228218078613,-379.20001220703125,-378.0,40.88251495361328,-470.05999755859375,-453.0,-436.20001220703125,-406.0,-378.0,-346.0,-334.0,-323.95001220703125,-319.8399658203125
960,-381.7200012207031,63.96580123901367,4.343011856079102,88.45647430419922,-381.7200012207031,-379.0,42.102989196777344,-473.29998779296875,-453.3999938964844,-438.1000061035156,-409.25,-379.0,-346.75,-334.8999938964844,-330.8000183105469,-319.8399658203125
1020,-384.0799865722656,63.96390914916992,4.377311706542969,88.4508228302002,-384.0799865722656,-382.5,40.984066009521484,-473.29998779296875,-453.3999938964844,-438.1000061035156,-409.25,-382.5,-349.75,-335.0,-331.95001220703125,-323.75994873046875
1080,-385.41998291015625,63.962257385253906,4.4171881675720215,88.44475555419922,-385.4200134277344,-383.0,40.82307815551758,-473.29998779296875,-453.3999938964844,-438.1000061035156,-410.75,-383.0,-352.75,-335.0,-331.95001220703125,-325.7199401855469
1140,-386.1999816894531,63.9607048034668,4.454543113708496,88.4393138885498,-386.20001220703125,-383.5,40.31005096435547,-473.29998779296875,-453.3999938964844,-438.1000061035156,-410.75,-383.5,-357.25,-338.6000061035156,-333.9000244140625,-325.7199401855469
1200,-386.91998291015625,63.95863342285156,4.491203308105469,88.43301963806152,-386.9200134277344,-383.5,39.44634246826172,-473.29998779296875,-453.3999938964844,-438.1000061035156,-410.75,-383.5,-359.0,-339.0,-334.0,-330.89996337890625
1260,-387.7200012207031,63.956722259521484,4.529077529907227,88.42692184448242,-387.7200012207031,-384.0,39.18751907348633,-473.29998779296875,-453.3999938964844,-438.1000061035156,-413.25,-384.0,-359.0,-339.0,-334.0,-331.97998046875
1320,-388.97998046875,63.954368591308594,4.564523220062256,88.4205265045166,-388.9800109863281,-384.0,38.87183380126953,-473.29998779296875,-453.3999938964844,-438.1000061035156,-414.0,-384.0,-359.0,-342.70001220703125,-334.95001220703125,-331.97998046875
1380,-390.0,63.952293395996094,4.604820251464844,88.4141674041748,-390.0,-385.0,38.12007522583008,-473.29998779296875,-453.3999938964844,-438.1000061035156,-414.0,-385.0,-361.75,-344.79998779296875,-335.0,-331.97998046875
1440,-391.7200012207031,63.95001220703125,4.642816543579102,88.40732765197754,-391.7200012207031,-386.5,38.01922607421875,-473.29998779296875,-461.3500061035156,-439.20001220703125,-414.25,-386.5,-362.75,-345.8999938964844,-338.8500061035156,-334.94000244140625
1500,-393.8999938964844,63.948150634765625,4.678959846496582,88.40141868591309,-393.8999938964844,-387.5,39.379817962646484,-488.0199890136719,-468.1000061035156,-443.0,-419.5,-387.5,-363.0,-345.8999938964844,-338.8500061035156,-334.94000244140625
1560,-396.739990234375,63.946067810058594,4.719172954559326,88.39472961425781,-396.739990234375,-393.0,39.07009506225586,-488.0199890136719,-468.1000061035156,-443.0,-426.0,-393.0,-364.0,-347.79998779296875,-339.95001220703125,-335.97998046875
1620,-397.79998779296875,63.94350814819336,4.756635665893555,88.38769721984863,-397.79998779296875,-394.0,38.459590911865234,-488.0199890136719,-468.1000061035156,-443.0,-426.0,-394.0,-368.0,-348.0,-339.95001220703125,-335.97998046875
1680,-400.3999938964844,63.941646575927734,4.794259071350098,88.3813362121582,-400.3999938964844,-395.0,39.22932434082031,-488.0199890136719,-470.1499938964844,-453.0,-429.0,-395.0,-372.75,-353.70001220703125,-340.0,-338.91998291015625
1740,-402.5,63.939697265625,4.831538200378418,88.3748836517334,-402.5,-397.0,38.12308883666992,-488.0199890136719,-470.1499938964844,-453.0,-429.0,-397.0,-377.5,-358.0,-342.8500061035156,-339.0
1800,-402.94000244140625,63.937042236328125,4.867631435394287,88.36789321899414,-402.94000244140625,-397.0,37.924346923828125,-488.0199890136719,-473.0,-453.0,-429.0,-397.0,-377.5,-358.8999938964844,-344.9000244140625,-339.97998046875
1860,-403.03997802734375,63.934059143066406,4.904248237609863,88.3602352142334,-403.0400085449219,-397.0,37.84518814086914,-488.0199890136719,-473.0,-453.0,-429.0,-397.0,-377.5,-358.8999938964844,-344.9000244140625,-339.97998046875
1920,-403.5199890136719,63.931976318359375,4.94127082824707,88.35337829589844,-403.5199890136719,-397.0,37.227806091308594,-488.0199890136719,-473.0,-453.0,-429.0,-397.0,-378.0,-359.0,-347.8500061035156,-340.0
1980,-403.79998779296875,63.92950439453125,4.9798197746276855,88.34660720825195,-403.79998779296875,-397.0,36.93318176269531,-488.0199890136719,-473.0,-453.0,-429.0,-397.0,-378.0,-363.0,-347.8500061035156,-340.0
2040,-405.05999755859375,63.926692962646484,5.019290924072266,88.33895301818848,-405.05999755859375,-397.5,38.36061096191406,-489.4200134277344,-473.75,-454.3999938964844,-429.25,-397.5,-378.0,-363.0,-347.8500061035156,-340.0
2100,-406.47998046875,63.924163818359375,5.058695316314697,88.33148956298828,-406.4800109863281,-399.0,37.795631408691406,-489.4200134277344,-473.75,-454.3999938964844,-429.25,-399.0,-379.0,-363.8999938964844,-347.8500061035156,-340.0
2160,-406.5199890136719,63.92159652709961,5.099706649780273,88.32373809814453,-406.5199890136719,-399.0,37.8342399597168,-489.4200134277344,-473.75,-454.3999938964844,-429.25,-399.0,-379.0,-363.8999938964844,-347.8500061035156,-340.0
2220,-406.6999816894531,63.91851806640625,5.13884162902832,88.31588363647461,-406.70001220703125,-399.0,37.755130767822266,-489.4200134277344,-473.75,-454.3999938964844,-429.25,-399.0,-379.0,-363.8999938964844,-347.8500061035156,-340.0
2280,-407.91998291015625,63.91559982299805,5.183038234710693,88.30748558044434,-407.9200134277344,-404.5,37.16737365722656,-489.4200134277344,-473.75,-454.3999938964844,-429.25,-404.5,-381.75,-364.8999938964844,-347.8500061035156,-340.0
2340,-409.3199768066406,63.9126091003418,5.222985744476318,88.29943084716797,-409.32000732421875,-407.5,36.04383087158203,-489.4200134277344,-473.75,-454.3999938964844,-429.25,-407.5,-382.0,-368.8999938964844,-362.7500305175781,-344.89996337890625
2400,-409.5999755859375,63.90977478027344,5.259495735168457,88.2917308807373,-409.6000061035156,-407.5,35.8884391784668,-489.4200134277344,-473.75,-454.3999938964844,-429.25,-407.5,-382.0,-368.8999938964844,-362.8500061035156,-344.89996337890625
2460,-410.9599914550781,63.90679168701172,5.297755718231201,88.28353309631348,-410.9599914550781,-408.5,34.84046936035156,-489.4200134277344,-473.75,-454.3999938964844,-429.25,-408.5,-383.75,-375.79998779296875,-364.95001220703125,-344.89996337890625
2520,-411.94000244140625,63.90387725830078,5.334095001220703,88.27537155151367,-411.94000244140625,-409.0,34.16923141479492,-489.4200134277344,-473.75,-454.3999938964844,-430.5,-409.0,-385.5,-376.0,-367.8500061035156,-362.6399230957031
2580,-412.03997802734375,63.90055465698242,5.3710246086120605,88.26748657226562,-412.0400085449219,-409.5,34.15579605102539,-489.4200134277344,-473.75,-454.3999938964844,-430.5,-409.5,-385.5,-376.0,-367.8500061035156,-362.6399230957031
2640,-413.03997802734375,63.89789962768555,5.415024757385254,88.25908851623535,-413.0400085449219,-410.5,33.585391998291016,-489.4200134277344,-473.75,-454.3999938964844,-430.5,-410.5,-387.0,-376.8999938964844,-368.95001220703125,-363.61993408203125
2700,-414.1199951171875,63.894775390625,5.448808670043945,88.2513599395752,-414.1199951171875,-412.0,33.02068328857422,-489.4200134277344,-473.75,-454.3999938964844,-432.5,-412.0,-389.25,-377.8999938964844,-369.0,-364.97998046875
2760,-415.91998291015625,63.890926361083984,5.485340118408203,88.24249267578125,-415.9200134277344,-414.0,33.44329071044922,-493.3399963378906,-488.0,-467.1000061035156,-434.25,-414.0,-391.0,-378.0,-373.7500305175781,-364.97998046875
2820,-415.9599914550781,63.8874626159668,5.530566215515137,88.23307037353516,-415.9599914550781,-414.0,33.40386962890625,-493.3399963378906,-488.0,-467.1000061035156,-434.25,-414.0,-391.0,-378.0,-373.7500305175781,-364.97998046875
2880,-415.9599914550781,63.884124755859375,5.5766730308532715,88.22362899780273,-415.9599914550781,-414.0,33.40386962890625,-493.3399963378906,-488.0,-467.1000061035156,-434.25,-414.0,-391.0,-378.0,-373.7500305175781,-364.97998046875
2940,-416.0,63.88184356689453,5.618178367614746,88.21553993225098,-416.0,-414.0,33.36195373535156,-493.3399963378906,-488.0,-467.1000061035156,-434.25,-414.0,-391.0,-378.0,-373.7500305175781,-364.97998046875
3000,-419.1399841308594,63.8780517578125,5.657996654510498,88.20599174499512,-419.1400146484375,-414.0,40.759788513183594,-513.0,-489.20001220703125,-472.1000061035156,-435.25,-414.0,-391.0,-378.0,-373.7500305175781,-364.97998046875
3060,-419.6999816894531,63.874359130859375,5.698004722595215,88.19664573669434,-419.70001220703125,-414.0,40.543434143066406,-513.0,-489.20001220703125,-472.1000061035156,-436.25,-414.0,-391.0,-378.0,-373.7500305175781,-364.97998046875
3120,-421.1199951171875,63.8709716796875,5.7444682121276855,88.18678283691406,-421.1199951171875,-414.5,40.254756927490234,-513.0,-489.20001220703125,-472.1000061035156,-437.25,-414.5,-392.5,-378.8999938964844,-375.9000244140625,-364.97998046875
3180,-421.3199768066406,63.867095947265625,5.790008544921875,88.17613983154297,-421.32000732421875,-415.0,40.2685661315918,-513.0,-489.20001220703125,-472.1000061035156,-437.25,-415.0,-392.5,-378.8999938964844,-375.9000244140625,-364.97998046875
3240,-421.3199768066406,63.86332321166992,5.832510948181152,88.16610145568848,-421.32000732421875,-415.0,40.2685661315918,-513.0,-489.20001220703125,-472.1000061035156,-437.25,-415.0,-392.5,-378.8999938964844,-375.9000244140625,-364.97998046875
3300,-422.1399841308594,63.858943939208984,5.871459007263184,88.15597343444824,-422.1400146484375,-416.0,39.76078796386719,-513.0,-489.20001220703125,-472.1000061035156,-437.25,-416.0,-395.5,-379.8999938964844,-376.95001220703125,-364.97998046875
3360,-423.0999755859375,63.85451889038086,5.915013790130615,88.14495849609375,-423.1000061035156,-416.5,39.483795166015625,-513.0,-489.20001220703125,-472.1000061035156,-438.75,-416.5,-396.75,-380.8999938964844,-377.95001220703125,-364.97998046875
3420,-423.0999755859375,63.850685119628906,5.959573268890381,88.1346206665039,-423.1000061035156,-416.5,39.483795166015625,-513.0,-489.20001220703125,-472.1000061035156,-438.75,-416.5,-396.75,-380.8999938964844,-377.95001220703125,-364.97998046875
3480,-423.6600036621094,63.846458435058594,5.997108459472656,88.12420654296875,-423.6600036621094,-418.0,39.16049575805664,-513.0,-489.20001220703125,-472.1000061035156,-438.75,-418.0,-398.0,-380.8999938964844,-377.95001220703125,-364.97998046875
3540,-424.3199768066406,63.84095001220703,6.037491798400879,88.11257553100586,-424.32000732421875,-419.0,39.09319305419922,-513.0,-489.20001220703125,-472.1000061035156,-441.25,-419.0,-398.0,-380.8999938964844,-377.95001220703125,-364.97998046875
3600,-424.3199768066406,63.83543395996094,6.078027248382568,88.10099029541016,-424.32000732421875,-419.0,39.09319305419922,-513.0,-489.20001220703125,-472.1000061035156,-441.25,-419.0,-398.0,-380.8999938964844,-377.95001220703125,-364.97998046875
3660,-424.7200012207031,63.8309326171875,6.124650478363037,88.08945083618164,-424.7200012207031,-419.0,39.14922332763672,-513.0,-489.20001220703125,-472.1000061035156,-442.5,-419.0,-398.0,-380.8999938964844,-377.95001220703125,-364.97998046875
3720,-425.239990234375,63.825984954833984,6.163821697235107,88.0782241821289,-425.239990234375,-419.0,38.709720611572266,-513.0,-489.20001220703125,-472.1000061035156,-442.5,-419.0,-398.0,-382.79998779296875,-378.0,-375.77996826171875
3780,-425.6999816894531,63.8213005065918,6.211339473724365,88.06605339050293,-425.70001220703125,-419.0,38.4178352355957,-513.0,-489.20001220703125,-472.1000061035156,-442.5,-419.0,-398.0,-383.0,-378.0,-375.77996826171875
3840,-427.0,63.81532287597656,6.260505676269531,88.05263328552246,-427.0,-421.5,39.031524658203125,-513.0,-493.04998779296875,-473.0,-445.25,-421.5,-401.75,-383.0,-378.0,-375.77996826171875
3900,-427.4599914550781,63.80963897705078,6.307147026062012,88.0388412475586,-427.4599914550781,-422.5,38.752140045166016,-513.0,-493.04998779296875,-473.0,-445.25,-422.5,-404.75,-383.0,-378.0,-375.77996826171875
3960,-428.6600036621094,63.804927825927734,6.356310844421387,88.02613067626953,-428.6600036621094,-424.0,38.50434494018555,-513.0,-493.04998779296875,-473.0,-447.25,-424.0,-406.75,-385.70001220703125,-378.0,-375.77996826171875
4020,-428.67999267578125,63.798179626464844,6.407214164733887,88.01096153259277,-428.67999267578125,-424.0,38.483211517333984,-513.0,-493.04998779296875,-473.0,-447.25,-424.0,-406.75,-385.70001220703125,-378.0,-375.77996826171875
4080,-428.67999267578125,63.79229736328125,6.454107284545898,87.99758911132812,-428.67999267578125,-424.0,38.483211517333984,-513.0,-493.04998779296875,-473.0,-447.25,-424.0,-406.75,-385.70001220703125,-378.0,-375.77996826171875
4140,-430.91998291015625,63.78529357910156,6.507486343383789,87.98210334777832,-430.9200134277344,-424.5,38.27811050415039,-513.0,-493.04998779296875,-474.5,-448.0,-424.5,-408.75,-387.79998779296875,-378.95001220703125,-376.75994873046875
4200,-431.2599792480469,63.777915954589844,6.562071800231934,87.96558952331543,-431.260009765625,-425.5,38.2428092956543,-513.0,-493.04998779296875,-474.5,-448.0,-425.5,-408.75,-387.79998779296875,-378.95001220703125,-376.75994873046875
4260,-431.3599853515625,63.77155303955078,6.61260986328125,87.95055961608887,-431.3599853515625,-425.5,38.14249801635742,-513.0,-493.04998779296875,-474.5,-448.0,-425.5,-408.75,-388.70001220703125,-378.95001220703125,-376.75994873046875
4320,-431.6600036621094,63.76527404785156,6.673699855804443,87.93474388122559,-431.6600036621094,-425.5,38.2735481262207,-513.0,-493.04998779296875,-474.5,-448.75,-425.5,-408.75,-388.70001220703125,-378.95001220703125,-376.75994873046875
4380,-432.6999816894531,63.75730514526367,6.72380256652832,87.9178466796875,-432.70001220703125,-428.5,38.135154724121094,-513.0,-493.04998779296875,-475.3999938964844,-451.25,-428.5,-409.0,-389.8999938964844,-378.95001220703125,-376.75994873046875
4440,-433.0199890136719,63.749977111816406,6.778156280517578,87.90157127380371,-433.0199890136719,-428.5,38.3616943359375,-513.0,-493.04998779296875,-480.79998779296875,-451.25,-428.5,-409.0,-390.79998779296875,-378.95001220703125,-376.75994873046875
4500,-433.1600036621094,63.741477966308594,6.838451385498047,87.88262367248535,-433.1600036621094,-428.5,38.185791015625,-513.0,-493.04998779296875,-480.79998779296875,-451.25,-428.5,-409.0,-391.8999938964844,-380.9000244140625,-376.75994873046875
4560,-433.1600036621094,63.734352111816406,6.893355846405029,87.86630058288574,-433.1600036621094,-428.5,38.185791015625,-513.0,-493.04998779296875,-480.79998779296875,-451.25,-428.5,-409.0,-391.8999938964844,-380.9000244140625,-376.75994873046875
4620,-433.1600036621094,63.72391891479492,6.9523725509643555,87.84559440612793,-433.1600036621094,-428.5,38.185791015625,-513.0,-493.04998779296875,-480.79998779296875,-451.25,-428.5,-409.0,-391.8999938964844,-380.9000244140625,-376.75994873046875
4680,-433.8399963378906,63.71381759643555,7.006185531616211,87.82562065124512,-433.8399963378906,-428.5,37.47578430175781,-513.0,-493.04998779296875,-480.79998779296875,-451.25,-428.5,-409.75,-392.0,-382.9000244140625,-377.97998046875
4740,-433.8599853515625,63.702388763427734,7.060641288757324,87.80452346801758,-433.8599853515625,-428.5,37.457183837890625,-513.0,-493.04998779296875,-480.79998779296875,-451.25,-428.5,-409.75,-392.0,-382.9000244140625,-377.97998046875
4800,-433.8599853515625,63.691253662109375,7.114049911499023,87.78400993347168,-433.8599853515625,-428.5,37.457183837890625,-513.0,-493.04998779296875,-480.79998779296875,-451.25,-428.5,-409.75,-392.0,-382.9000244140625,-377.97998046875
4860,-434.739990234375,63.6820068359375,7.175782203674316,87.7634220123291,-434.739990234375,-429.0,37.06092834472656,-513.0,-493.04998779296875,-480.79998779296875,-451.25,-429.0,-410.75,-393.79998779296875,-382.9000244140625,-377.97998046875
4920,-434.739990234375,63.669891357421875,7.229310989379883,87.74146270751953,-434.739990234375,-429.0,37.06092834472656,-513.0,-493.04998779296875,-480.79998779296875,-451.25,-429.0,-410.75,-393.79998779296875,-382.9000244140625,-377.97998046875
4980,-436.1199951171875,63.65801239013672,7.289058685302734,87.71769523620605,-436.1199951171875,-431.5,36.80442428588867,-513.0,-493.04998779296875,-480.79998779296875,-453.0,-431.5,-414.0,-395.6000061035156,-382.9000244140625,-377.97998046875
5040,-436.3599853515625,63.6464958190918,7.340054988861084,87.69622611999512,-436.3599853515625,-431.5,36.6656608581543,-513.0,-493.04998779296875,-480.79998779296875,-453.0,-431.5,-414.0,-395.6000061035156,-382.9000244140625,-377.97998046875
5100,-437.1399841308594,63.63552474975586,7.396235942840576,87.67449378967285,-437.1400146484375,-432.5,36.26679229736328,-513.0,-493.04998779296875,-480.79998779296875,-453.0,-432.5,-414.75,-397.79998779296875,-385.95001220703125,-377.97998046875
5160,-437.5999755859375,63.61975860595703,7.4617767333984375,87.64603042602539,-437.6000061035156,-432.5,36.32217025756836,-513.0,-494.04998779296875,-488.0,-453.0,-432.5,-415.0,-398.0,-385.95001220703125,-377.97998046875
5220,-437.5999755859375,63.60797119140625,7.518110275268555,87.62337875366211,-437.6000061035156,-432.5,36.32217025756836,-513.0,-494.04998779296875,-488.0,-453.0,-432.5,-415.0,-398.0,-385.95001220703125,-377.97998046875
5280,-437.5999755859375,63.59334945678711,7.587754249572754,87.5955810546875,-437.6000061035156,-432.5,36.32217025756836,-513.0,-494.04998779296875,-488.0,-453.0,-432.5,-415.0,-398.0,-385.95001220703125,-377.97998046875
5340,-438.6199951171875,63.579376220703125,7.6543288230896,87.5687255859375,-438.6199951171875,-434.5,36.088722229003906,-513.0,-494.04998779296875,-488.0,-453.0,-434.5,-415.75,-399.79998779296875,-385.95001220703125,-377.97998046875
5400,-438.91998291015625,63.56565856933594,7.715684413909912,87.54197120666504,-438.9200134277344,-435.0,36.00741195678711,-513.0,-494.04998779296875,-488.0,-453.0,-435.0,-416.0,-399.79998779296875,-385.95001220703125,-377.97998046875
5460,-438.91998291015625,63.54962921142578,7.789159774780273,87.51193046569824,-438.9200134277344,-435.0,36.00741195678711,-513.0,-494.04998779296875,-488.0,-453.0,-435.0,-416.0,-399.79998779296875,-385.95001220703125,-377.97998046875
5520,-439.3999938964844,63.53269577026367,7.853100776672363,87.48115348815918,-439.3999938964844,-435.0,35.521541595458984,-513.0,-494.04998779296875,-488.0,-453.0,-435.0,-416.75,-403.6000061035156,-388.8500061035156,-377.97998046875
5580,-439.3999938964844,63.515926361083984,7.916070461273193,87.45168113708496,-439.3999938964844,-435.0,35.521541595458984,-513.0,-494.04998779296875,-488.0,-453.0,-435.0,-416.75,-403.6000061035156,-388.8500061035156,-377.97998046875
5640,-439.5,63.49822998046875,7.987695217132568,87.4184513092041,-439.5,-435.0,35.490421295166016,-513.0,-494.04998779296875,-488.0,-453.0,-435.0,-416.75,-404.5,-388.8500061035156,-377.97998046875
5700,-439.8999938964844,63.47828674316406,8.056039810180664,87.38379669189453,-439.8999938964844,-435.0,35.005855560302734,-513.0,-494.04998779296875,-488.0,-453.0,-435.0,-417.0,-405.8999938964844,-395.6500244140625,-384.8599853515625
5760,-440.0199890136719,63.459495544433594,8.140506744384766,87.34740829467773,-440.0199890136719,-435.0,34.9648323059082,-513.0,-494.04998779296875,-488.0,-453.0,-435.0,-417.0,-405.8999938964844,-395.6500244140625,-384.8599853515625
5820,-441.2599792480469,63.43900680541992,8.217108726501465,87.31031227111816,-441.260009765625,-435.5,34.11674499511719,-513.0,-494.04998779296875,-488.0,-453.75,-435.5,-419.0,-407.8999938964844,-398.0,-385.97998046875
5880,-442.2599792480469,63.420188903808594,8.294188499450684,87.27543640136719,-442.260009765625,-436.0,33.5623664855957,-513.0,-494.04998779296875,-488.0,-456.25,-436.0,-419.0,-408.0,-399.9000244140625,-395.7999572753906
5940,-442.2599792480469,63.397216796875,8.370959281921387,87.23633575439453,-442.260009765625,-436.0,33.5623664855957,-513.0,-494.04998779296875,-488.0,-456.25,-436.0,-419.0,-408.0,-399.9000244140625,-395.7999572753906
6000,-442.2599792480469,63.373085021972656,8.458126068115234,87.19325637817383,-442.260009765625,-436.0,33.5623664855957,-513.0,-494.04998779296875,-488.0,-456.25,-436.0,-419.0,-408.0,-399.9000244140625,-395.7999572753906
6060,-442.2599792480469,63.351905822753906,8.54380989074707,87.15240478515625,-442.260009765625,-436.0,33.5623664855957,-513.0,-494.04998779296875,-488.0,-456.25,-436.0,-419.0,-408.0,-399.9000244140625,-395.7999572753906
6120,-443.4599914550781,63.3213005065918,8.625897407531738,87.10235404968262,-443.4599914550781,-436.5,33.99129867553711,-513.0,-495.75,-488.0,-458.0,-436.5,-419.0,-409.8999938964844,-399.9000244140625,-395.7999572753906
6180,-444.3199768066406,63.291526794433594,8.711954116821289,87.05227851867676,-444.32000732421875,-436.5,33.50458908081055,-513.0,-495.75,-488.0,-461.75,-436.5,-420.5,-410.8999938964844,-406.8500061035156,-398.0
6240,-444.7200012207031,63.26420593261719,8.796831130981445,87.00434875488281,-444.7200012207031,-436.5,33.19731521606445,-513.0,-495.75,-488.0,-461.75,-436.5,-424.0,-411.0,-407.95001220703125,-398.0
6300,-445.1199951171875,63.23398971557617,8.88785171508789,86.95195198059082,-445.1199951171875,-437.0,32.955204010009766,-513.0,-495.75,-488.0,-461.75,-437.0,-425.0,-411.0,-407.95001220703125,-398.0
6360,-445.2200012207031,63.20215606689453,8.979782104492188,86.89889144897461,-445.2200012207031,-437.5,32.91825866699219,-513.0,-495.75,-488.0,-461.75,-437.5,-425.0,-411.0,-407.95001220703125,-398.0
6420,-447.1399841308594,63.16642379760742,9.071495056152344,86.84023666381836,-447.1400146484375,-438.0,34.24091720581055,-513.97998046875,-510.1000061035156,-488.1000061035156,-464.0,-438.0,-426.75,-414.8999938964844,-407.95001220703125,-399.9599914550781
6480,-447.47998046875,63.129791259765625,9.180959701538086,86.7771110534668,-447.4800109863281,-439.0,34.30728530883789,-513.97998046875,-510.1000061035156,-488.1000061035156,-464.25,-439.0,-426.75,-414.8999938964844,-407.95001220703125,-399.9599914550781
6540,-448.05999755859375,63.09132385253906,9.277732849121094,86.71520042419434,-448.05999755859375,-440.5,34.31117248535156,-513.97998046875,-510.1000061035156,-488.1000061035156,-465.0,-440.5,-427.0,-414.8999938964844,-407.95001220703125,-399.9599914550781
6600,-448.05999755859375,63.04869079589844,9.371310234069824,86.64842414855957,-448.05999755859375,-440.5,34.31117248535156,-513.97998046875,-510.1000061035156,-488.1000061035156,-465.0,-440.5,-427.0,-414.8999938964844,-407.95001220703125,-399.9599914550781
6660,-449.3599853515625,63.00873565673828,9.473104476928711,86.58180809020996,-449.3599853515625,-441.5,34.71786880493164,-513.97998046875,-512.0499877929688,-489.3999938964844,-467.25,-441.5,-427.75,-415.8999938964844,-407.95001220703125,-399.9599914550781
6720,-449.44000244140625,62.96271514892578,9.581939697265625,86.50742721557617,-449.44000244140625,-441.5,34.6315803527832,-513.97998046875,-512.0499877929688,-489.3999938964844,-467.25,-441.5,-427.75,-416.0,-410.8000183105469,-399.9599914550781
6780,-449.5,62.91920471191406,9.683568954467773,86.43500328063965,-449.5,-441.5,34.60939407348633,-513.97998046875,-512.0499877929688,-489.3999938964844,-467.25,-441.5,-427.75,-416.0,-410.8000183105469,-399.9599914550781
6840,-449.5,62.867462158203125,9.799825668334961,86.35262870788574,-449.5,-441.5,34.60939407348633,-513.97998046875,-512.0499877929688,-489.3999938964844,-467.25,-441.5,-427.75,-416.0,-410.8000183105469,-399.9599914550781
6900,-451.3399963378906,62.81144332885742,9.906499862670898,86.26525115966797,-451.3399963378906,-441.5,36.66039276123047,-562.0399780273438,-513.0,-494.1000061035156,-469.25,-441.5,-427.75,-416.0,-410.8000183105469,-401.9599914550781
6960,-452.67999267578125,62.751068115234375,10.017740249633789,86.17254829406738,-452.67999267578125,-443.0,37.77561950683594,-562.0399780273438,-513.0,-500.79998779296875,-470.5,-443.0,-427.75,-416.0,-410.8000183105469,-401.9599914550781
7020,-453.3399963378906,62.68287658691406,10.14596939086914,86.0673885345459,-453.3399963378906,-445.5,37.68533706665039,-562.0399780273438,-513.0,-500.79998779296875,-470.5,-445.5,-427.75,-416.0,-410.8000183105469,-401.9599914550781
7080,-453.5,62.61236572265625,10.266190528869629,85.9603271484375,-453.5,-445.5,37.61555480957031,-562.0399780273438,-513.0,-500.79998779296875,-470.5,-445.5,-427.75,-416.0,-410.8000183105469,-401.9599914550781
7140,-455.7799987792969,62.53965377807617,10.38137149810791,85.85085105895996,-455.7799987792969,-446.5,39.27660369873047,-562.0399780273438,-529.7999877929688,-510.20001220703125,-472.25,-446.5,-429.75,-416.0,-410.8000183105469,-401.9599914550781
7200,-458.1999816894531,62.4659423828125,10.499646186828613,85.73821067810059,-458.20001220703125,-446.5,43.15901184082031,-583.47998046875,-546.7999877929688,-512.0999755859375,-473.0,-446.5,-430.75,-416.0,-410.8000183105469,-401.9599914550781
7260,-459.2599792480469,62.376686096191406,10.625164031982422,85.60839653015137,-459.260009765625,-448.5,42.9957275390625,-583.47998046875,-546.7999877929688,-512.0999755859375,-474.25,-448.5,-431.75,-416.0,-410.8000183105469,-401.9599914550781
7320,-461.8399963378906,62.2891845703125,10.778510093688965,85.47172737121582,-461.8399963378906,-450.5,42.17670440673828,-583.47998046875,-546.7999877929688,-513.0,-475.25,-450.5,-434.75,-420.79998779296875,-414.95001220703125,-406.9599914550781
7380,-462.9599914550781,62.193626403808594,10.92552375793457,85.32755851745605,-462.9599914550781,-451.5,41.539119720458984,-583.47998046875,-546.7999877929688,-513.0,-476.5,-451.5,-435.75,-423.79998779296875,-416.0,-410.91998291015625
7440,-463.3399963378906,62.09341049194336,11.065794944763184,85.17760276794434,-463.3399963378906,-452.5,41.38724899291992,-583.47998046875,-546.7999877929688,-513.0,-476.5,-452.5,-436.0,-423.79998779296875,-416.0,-411.0
7500,-466.5999755859375,61.9912223815918,11.203842163085938,85.02628517150879,-466.6000061035156,-453.0,43.467918395996094,-589.3599853515625,-562.0999755859375,-517.0,-488.0,-453.0,-436.75,-424.0,-418.8500061035156,-411.0
7560,-468.8199768066406,61.87180709838867,11.357001304626465,84.8502197265625,-468.82000732421875,-456.5,43.60811233520508,-589.3599853515625,-562.0999755859375,-517.2999877929688,-489.0,-456.5,-439.5,-424.8999938964844,-419.0,-414.91998291015625
7620,-472.03997802734375,61.745758056640625,11.517126083374023,84.66858291625977,-472.0400085449219,-465.0,43.212711334228516,-589.3599853515625,-562.0999755859375,-520.9000244140625,-494.25,-465.0,-441.0,-427.79998779296875,-420.9000244140625,-415.89996337890625
7680,-473.44000244140625,61.60465621948242,11.6738920211792,84.46438598632812,-473.44000244140625,-467.0,44.267215728759766,-607.3800048828125,-562.0999755859375,-520.9000244140625,-494.25,-467.0,-444.0,-427.79998779296875,-420.9000244140625,-415.89996337890625
7740,-474.2200012207031,61.46031951904297,11.852010726928711,84.25280380249023,-474.2200012207031,-467.5,44.170257568359375,-607.3800048828125,-562.0999755859375,-520.9000244140625,-494.25,-467.5,-444.0,-427.79998779296875,-420.9000244140625,-416.97998046875
7800,-476.67999267578125,61.30535125732422,12.028905868530273,84.0269603729248,-476.67999267578125,-468.5,43.94994354248047,-607.3800048828125,-562.0999755859375,-529.9000244140625,-496.0,-468.5,-445.0,-430.8999938964844,-424.8000183105469,-418.9599914550781
7860,-478.41998291015625,61.139434814453125,12.214422225952148,83.7859115600586,-478.4200134277344,-469.5,44.33332443237305,-607.3800048828125,-564.0999755859375,-538.7000122070312,-499.0,-469.5,-445.75,-431.8999938964844,-425.95001220703125,-418.9599914550781
7920,-482.0999755859375,60.958412170410156,12.396507263183594,83.52565002441406,-482.1000061035156,-473.5,44.3424186706543,-607.3800048828125,-564.0999755859375,-543.2000122070312,-504.25,-473.5,-448.5,-433.79998779296875,-429.95001220703125,-418.9599914550781
7980,-486.5,60.75506591796875,12.589838981628418,83.2315845489502,-486.5,-478.0,44.200565338134766,-607.3800048828125,-564.0999755859375,-543.2000122070312,-511.0,-478.0,-452.75,-433.79998779296875,-429.95001220703125,-418.9599914550781
8040,-491.47998046875,60.55280685424805,12.78706169128418,82.93950080871582,-491.4800109863281,-488.0,45.1002197265625,-619.1400146484375,-567.1499633789062,-545.0999755859375,-514.0,-488.0,-462.0,-435.8999938964844,-430.95001220703125,-425.8599853515625
8100,-495.97998046875,60.31814193725586,12.98862075805664,82.6057186126709,-495.9800109863281,-488.5,48.635169982910156,-626.02001953125,-589.9000244140625,-562.2000122070312,-518.25,-488.5,-462.75,-442.70001220703125,-431.95001220703125,-429.91998291015625
8160,-500.1600036621094,60.06420135498047,13.18497371673584,82.24830055236816,-500.1600036621094,-491.5,51.338043212890625,-626.02001953125,-607.2999877929688,-579.0,-529.25,-491.5,-463.75,-443.8999938964844,-433.8500061035156,-430.0
8220,-504.8999938964844,59.79667282104492,13.387853622436523,81.87318229675293,-504.8999938964844,-497.0,56.66824722290039,-626.02001953125,-607.2999877929688,-579.0,-539.25,-497.0,-464.75,-443.8999938964844,-433.8500061035156,-430.0
8280,-510.29998779296875,59.49446105957031,13.613670349121094,81.44383811950684,-510.29998779296875,-500.5,57.017982482910156,-626.02001953125,-617.0499877929688,-579.9000244140625,-543.5,-500.5,-468.0,-447.0,-434.95001220703125,-430.97998046875
8340,-518.6599731445312,59.188987731933594,13.842460632324219,81.00429916381836,-518.6599731445312,-511.0,59.30046081542969,-627.4400024414062,-618.0499877929688,-590.0999755859375,-551.25,-511.0,-469.75,-448.79998779296875,-435.9000244140625,-430.97998046875
8400,-527.1400146484375,58.865020751953125,14.081371307373047,80.54131126403809,-527.1400146484375,-517.5,65.39908599853516,-677.9000244140625,-649.5,-617.0999755859375,-562.5,-517.5,-475.75,-451.0,-443.95001220703125,-430.97998046875
8460,-533.219970703125,58.491119384765625,14.329646110534668,80.00732612609863,-533.219970703125,-529.5,66.3141860961914,-699.4600219726562,-659.4000244140625,-619.7000122070312,-566.25,-529.5,-480.0,-455.6000061035156,-446.8500061035156,-435.89996337890625
8520,-542.1799926757812,58.0858268737793,14.563100814819336,79.43641471862793,-542.1799926757812,-538.0,68.1174545288086,-711.219970703125,-677.8499755859375,-629.0,-584.25,-538.0,-491.0,-468.5,-451.0,-446.679931640625
8580,-549.219970703125,57.63652038574219,14.795225143432617,78.81807136535645,-549.219970703125,-543.0,68.14199829101562,-711.219970703125,-694.25,-640.7999877929688,-588.25,-543.0,-495.75,-469.0,-451.95001220703125,-447.0
8640,-556.3800048828125,57.14841842651367,15.06496810913086,78.12854385375977,-556.3800048828125,-546.5,71.38960266113281,-747.02001953125,-699.2000122070312,-650.0,-593.25,-546.5,-502.25,-477.4000244140625,-455.7500305175781,-447.0
8700,-570.0800170898438,56.66761779785156,15.328125,77.44051361083984,-570.0800170898438,-559.5,75.06805419921875,-748.3200073242188,-717.25,-676.0999755859375,-608.25,-559.5,-517.25,-479.79998779296875,-468.3500671386719,-450.91998291015625
8760,-581.2999877929688,56.142005920410156,15.59779167175293,76.68325233459473,-581.2999877929688,-570.0,75.39927673339844,-748.3200073242188,-727.9000244140625,-702.0999755859375,-620.75,-570.0,-529.25,-491.8999938964844,-471.8500061035156,-468.73992919921875
8820,-593.760009765625,55.57334518432617,15.909505844116211,75.84018898010254,-593.760009765625,-591.0,77.984375,-764.1199951171875,-745.1500244140625,-703.7999877929688,-640.5,-591.0,-538.0,-502.1000061035156,-478.6500244140625,-469.0
8880,-603.3999633789062,54.93769836425781,16.21535873413086,74.91465950012207,-603.4000244140625,-593.5,76.73004150390625,-770.1400146484375,-745.4500122070312,-711.5999755859375,-655.25,-593.5,-542.75,-511.0,-490.50006103515625,-469.0
8940,-620.6199951171875,54.26647186279297,16.535259246826172,73.92189025878906,-620.6199951171875,-620.5,84.88224792480469,-815.5599975585938,-770.3499755859375,-724.2999877929688,-670.75,-620.5,-550.5,-520.2999877929688,-508.3500671386719,-490.5599060058594
9000,-636.1799926757812,53.55666732788086,16.843849182128906,72.8650131225586,-636.1799926757812,-626.0,89.73621368408203,-845.0599975585938,-815.0,-755.2999877929688,-689.0,-626.0,-570.5,-529.7000122070312,-513.9500122070312,-510.1598205566406
9060,-651.3999633789062,52.80725860595703,17.200931549072266,71.71554756164551,-651.4000244140625,-641.0,91.9990234375,-854.0999755859375,-815.0,-782.4000244140625,-704.75,-641.0,-581.0,-539.7999877929688,-520.6500244140625,-512.9599609375
9120,-659.4199829101562,51.955528259277344,17.54865264892578,70.4395809173584,-659.4199829101562,-646.0,94.6602554321289,-872.1599731445312,-816.5,-793.0999755859375,-724.25,-646.0,-585.5,-546.4000244140625,-532.8500366210938,-513.9400024414062
9180,-676.0,51.09222412109375,17.943954467773438,69.0721206665039,-676.0,-658.5,96.57152557373047,-894.3200073242188,-846.2999877929688,-805.0,-745.25,-658.5,-602.25,-570.2999877929688,-534.9000244140625,-520.7999267578125
9240,-694.0599975585938,50.17069625854492,18.317026138305664,67.60996055603027,-694.0599975585938,-679.5,95.39022827148438,-894.3200073242188,-848.2000122070312,-829.0999755859375,-759.75,-679.5,-626.0,-575.5999755859375,-562.85009765625,-529.8199462890625
9300,-713.8599853515625,49.19651412963867,18.720788955688477,66.05341148376465,-713.8599853515625,-704.5,96.32217407226562,-923.280029296875,-894.4500122070312,-841.2000122070312,-783.0,-704.5,-640.0,-600.5,-571.0,-557.2598266601562
9360,-737.8200073242188,48.102149963378906,19.10298728942871,64.3066635131836,-737.8200073242188,-727.5,100.64347076416016,-973.260009765625,-937.0,-871.9000244140625,-799.0,-727.5,-660.25,-622.7000122070312,-600.4000244140625,-570.4798583984375
9420,-758.0999755859375,46.95774459838867,19.533720016479492,62.387789726257324,-758.0999755859375,-748.0,102.74439239501953,-993.1599731445312,-941.1499633789062,-892.0999755859375,-826.25,-748.0,-677.75,-631.7999877929688,-612.6000366210938,-598.7999267578125
9480,-780.3599853515625,45.71508026123047,19.96224594116211,60.266263008117676,-780.3599853515625,-768.5,104.39027404785156,-1017.1400146484375,-982.8499755859375,-916.7000122070312,-841.75,-768.5,-702.0,-648.7999877929688,-631.8500366210938,-604.679931640625
9540,-801.2000122070312,44.407745361328125,20.490337371826172,57.905171394348145,-801.2000122070312,-801.0,106.4701919555664,-1043.239990234375,-993.2999877929688,-935.2000122070312,-873.25,-801.0,-724.75,-666.7999877929688,-636.9500122070312,-628.4198608398438
9600,-817.6199951171875,42.92839813232422,20.98253631591797,55.22804260253906,-817.6199951171875,-801.5,103.71516418457031,-1057.0999755859375,-994.0,-947.2000122070312,-887.0,-801.5,-743.75,-687.9000244140625,-666.9000244140625,-649.9797973632812
9660,-842.260009765625,41.31023025512695,21.54121971130371,52.12363529205322,-842.260009765625,-830.0,103.65689849853516,-1106.0400390625,-1031.800048828125,-969.0999755859375,-913.0,-830.0,-768.0,-724.5999755859375,-702.6000366210938,-664.8800048828125
9720,-865.6799926757812,39.710689544677734,22.125804901123047,48.8440523147583,-865.6799926757812,-849.5,108.25061798095703,-1108.300048828125,-1095.5,-1000.2999877929688,-936.75,-849.5,-795.75,-740.4000244140625,-708.7000122070312,-666.8399658203125
9780,-889.4199829101562,37.879966735839844,22.769981384277344,44.922221183776855,-889.4199829101562,-884.0,111.40324401855469,-1145.0999755859375,-1097.449951171875,-1023.7999877929688,-963.75,-884.0,-809.75,-749.1000366210938,-728.0001220703125,-700.699951171875
9840,-909.8800048828125,35.962684631347656,23.553966522216797,40.2355432510376,-909.8800048828125,-894.5,114.41716003417969,-1150.699951171875,-1113.4000244140625,-1060.5999755859375,-993.75,-894.5,-829.5,-768.5,-734.800048828125,-723.699951171875
9900,-935.3200073242188,33.55900955200195,24.08180809020996,34.58155632019043,-935.3200073242188,-927.5,109.52696990966797,-1156.780029296875,-1139.050048828125,-1075.199951171875,-1001.0,-927.5,-857.75,-799.7000122070312,-775.2000732421875,-744.9199829101562
9960,-954.3999633789062,31.376583099365234,25.007823944091797,27.609779834747314,-954.4000244140625,-940.5,103.47840118408203,-1190.300048828125,-1147.300048828125,-1081.9000244140625,-1022.75,-940.5,-883.25,-827.5999755859375,-812.9000244140625,-794.6199340820312
