ConfigName: kjsd__advperagentrankweighted__M5__L8__eps0p03__g0p0005__ds0p05__dm0p05
Problem: QUBO
Kernel: jsd
Advantage: peragentrankweighted
M: 5
lambda: 8
epsilon_svgd: 0.03
gamma: 0.0005
decay_start_ratio: 0.05
decay_min_factor: 0.05
bandwith_kernel: None
no_interact: False
avg_score: -919.5399780273438
median_score: -919.0
std_score: 66.71947479248047
percentiles: 2%=-1070.0799560546875, 5%=-1047.3499755859375, 10%=-1012.5999755859375, 25%=-953.25, 50%=-919.0, 75%=-869.25, 90%=-829.0, 95%=-820.9000244140625, 98%=-816.8400268554688
ranking_best_algo: CMApara
ranking_best_score: 964.9
ranking_my_rank: 61/504 (88.1%)
ranking_my_percent: 88.0952380952381
