ConfigName: kjsd__advperagentrankweighted__M3__L18__eps0p005__g0p001__ds0p05__dm0p05
Problem: QUBO
Kernel: jsd
Advantage: peragentrankweighted
M: 3
lambda: 18
epsilon_svgd: 0.005
gamma: 0.001
decay_start_ratio: 0.05
decay_min_factor: 0.05
bandwith_kernel: None
no_interact: False
avg_score: -138.8000030517578
median_score: -140.5
std_score: 10.772187232971191
percentiles: 2%=-160.0, 5%=-158.0500030517578, 10%=-152.10000610351562, 25%=-146.0, 50%=-140.5, 75%=-129.0, 90%=-125.0, 95%=-120.94999694824219, 98%=-119.9800033569336
ranking_best_algo: DiscreteDE
ranking_best_score: 143.4
ranking_my_rank: 96/504 (81.2%)
ranking_my_percent: 81.15079365079364
