ConfigName: kjsd__advperagentrankweighted__M3__L16__eps0p005__g0p0005__ds0p1__dm0p05
Problem: NK
Kernel: jsd
Advantage: peragentrankweighted
M: 3
lambda: 16
epsilon_svgd: 0.005
gamma: 0.0005
decay_start_ratio: 0.1
decay_min_factor: 0.05
bandwith_kernel: None
no_interact: False
avg_score: 0.7562723755836487
median_score: 0.7563344240188599
std_score: 0.012459216639399529
percentiles: 2%=0.7352240085601807, 5%=0.7376981377601624, 10%=0.7398921847343445, 25%=0.7466998100280762, 50%=0.7563344240188599, 75%=0.764198899269104, 90%=0.7733210921287537, 95%=0.7770390510559082, 98%=0.7850567102432251
ranking_best_algo: Tabu
ranking_best_score: 0.7470791764843752
ranking_my_rank: 1/504 (100.0%)
ranking_my_percent: 100.0
