ConfigName: krbf__advnormalizedfitness__M4__L8__eps0p015__g0p005__ds0p01__dm0p01
Problem: NK
Kernel: rbf
Advantage: normalizedfitness
M: 4
lambda: 8
epsilon_svgd: 0.015
gamma: 0.005
decay_start_ratio: 0.01
decay_min_factor: 0.01
bandwith_kernel: None
no_interact: False
avg_score: 0.7552904486656189
median_score: 0.7556620240211487
std_score: 0.013111688196659088
percentiles: 2%=0.727836549282074, 5%=0.7299869060516357, 10%=0.7367088794708252, 25%=0.7460617423057556, 50%=0.7556620240211487, 75%=0.7660150527954102, 90%=0.7714261412620544, 95%=0.7723118662834167, 98%=0.7808501124382019
ranking_best_algo: Tabu
ranking_best_score: 0.7657846284375001
ranking_my_rank: 5/504 (99.2%)
ranking_my_percent: 99.2063492063492
