ConfigName: kjsd__advperagentrankweighted__M3__L18__eps0p007__g0p0007__ds0p1__dm0p1
Problem: QUBO
Kernel: jsd
Advantage: peragentrankweighted
M: 3
lambda: 18
epsilon_svgd: 0.007
gamma: 0.0007
decay_start_ratio: 0.1
decay_min_factor: 0.1
bandwith_kernel: None
no_interact: False
avg_score: -1628.56005859375
median_score: -1627.0
std_score: 59.559600830078125
percentiles: 2%=-1733.5999755859375, 5%=-1728.0, 10%=-1699.4000244140625, 25%=-1673.0, 50%=-1627.0, 75%=-1586.5, 90%=-1548.5999755859375, 95%=-1530.800048828125, 98%=-1506.800048828125
ranking_best_algo: NLOPT_LN_PRAXIS
ranking_best_score: 1607.12
ranking_my_rank: 1/504 (100.0%)
ranking_my_percent: 100.0
