ConfigName: kfr__advglobalrankweighted__M1__L9__eps0p02__g0p003__ds0p01__dm0p01
Problem: QUBO
Kernel: fr
Advantage: globalrankweighted
M: 1
lambda: 9
epsilon_svgd: 0.02
gamma: 0.003
decay_start_ratio: 0.01
decay_min_factor: 0.01
bandwith_kernel: None
no_interact: False
avg_score: -400.29998779296875
median_score: -399.0
std_score: 29.642366409301758
percentiles: 2%=-459.239990234375, 5%=-449.0, 10%=-437.3999938964844, 25%=-419.25, 50%=-399.0, 75%=-377.75, 90%=-363.0, 95%=-354.8500061035156, 98%=-343.97998046875
ranking_best_algo: CMAL3
ranking_best_score: 435.36
ranking_my_rank: 233/504 (54.0%)
ranking_my_percent: 53.96825396825397
