ConfigName: krbf__advnormalizedfitness__M3__L8__eps0p025__g0p01__ds0p01__dm0p01
Problem: QUBO
Kernel: rbf
Advantage: normalizedfitness
M: 3
lambda: 8
epsilon_svgd: 0.025
gamma: 0.01
decay_start_ratio: 0.01
decay_min_factor: 0.01
bandwith_kernel: None
no_interact: False
avg_score: -2583.0400390625
median_score: -2584.5
std_score: 137.8567352294922
percentiles: 2%=-2841.260009765625, 5%=-2815.300048828125, 10%=-2777.39990234375, 25%=-2679.0, 50%=-2584.5, 75%=-2481.0, 90%=-2409.300048828125, 95%=-2352.60009765625, 98%=-2305.93994140625
ranking_best_algo: DiscreteLengler2OnePlusOne
ranking_best_score: 2617.04
ranking_my_rank: 47/504 (90.9%)
ranking_my_percent: 90.87301587301587
