ConfigName: krbf__advnormalizedfitness__M4__L10__eps0p025__g0p007__ds0p01__dm0p3
Problem: QUBO
Kernel: rbf
Advantage: normalizedfitness
M: 4
lambda: 10
epsilon_svgd: 0.025
gamma: 0.007
decay_start_ratio: 0.01
decay_min_factor: 0.3
bandwith_kernel: None
no_interact: False
avg_score: -1152.9200439453125
median_score: -1142.0
std_score: 71.80510711669922
percentiles: 2%=-1323.0400390625, 5%=-1307.4000244140625, 10%=-1239.0999755859375, 25%=-1205.5, 50%=-1142.0, 75%=-1099.5, 90%=-1067.9000244140625, 95%=-1050.0, 98%=-1043.8399658203125
ranking_best_algo: Tabu
ranking_best_score: 1216.16
ranking_my_rank: 108/504 (78.8%)
ranking_my_percent: 78.76984126984127
