ConfigName: krbf__advnormalizedfitness__M4__L12__eps0p015__g0p005__ds0p3__dm0p01
Problem: QUBO
Kernel: rbf
Advantage: normalizedfitness
M: 4
lambda: 12
epsilon_svgd: 0.015
gamma: 0.005
decay_start_ratio: 0.3
decay_min_factor: 0.01
bandwith_kernel: None
no_interact: False
avg_score: -1351.760009765625
median_score: -1339.0
std_score: 132.22164916992188
percentiles: 2%=-1600.43994140625, 5%=-1590.0999755859375, 10%=-1532.0999755859375, 25%=-1443.0, 50%=-1339.0, 75%=-1270.75, 90%=-1180.5999755859375, 95%=-1136.75, 98%=-1076.679931640625
ranking_best_algo: NLOPT_LN_PRAXIS
ranking_best_score: 1607.12
ranking_my_rank: 177/504 (65.1%)
ranking_my_percent: 65.07936507936508
