ConfigName: kjsd__advperagentrankweighted__M3__L18__eps0p005__g0p0007__ds0p1__dm0p1
Problem: NK
Kernel: jsd
Advantage: peragentrankweighted
M: 3
lambda: 18
epsilon_svgd: 0.005
gamma: 0.0007
decay_start_ratio: 0.1
decay_min_factor: 0.1
bandwith_kernel: None
no_interact: False
avg_score: 0.7351093292236328
median_score: 0.7352551221847534
std_score: 0.01095595769584179
percentiles: 2%=0.7152798175811768, 5%=0.7182537913322449, 10%=0.7227560877799988, 25%=0.7271711230278015, 50%=0.7352551221847534, 75%=0.7415351867675781, 90%=0.7467778325080872, 95%=0.751514732837677, 98%=0.7567296028137207
ranking_best_algo: Tabu
ranking_best_score: 0.7429702712499999
ranking_my_rank: 2/504 (99.8%)
ranking_my_percent: 99.8015873015873
