ConfigName: kjsd__advperagentrankweighted__M3__L24__eps0p005__g0p0005__ds0p2__dm0p05
Problem: QUBO
Kernel: jsd
Advantage: peragentrankweighted
M: 3
lambda: 24
epsilon_svgd: 0.005
gamma: 0.0005
decay_start_ratio: 0.2
decay_min_factor: 0.05
bandwith_kernel: None
no_interact: False
avg_score: -139.05999755859375
median_score: -140.5
std_score: 12.011510848999023
percentiles: 2%=-159.0, 5%=-158.0, 10%=-154.10000610351562, 25%=-146.25, 50%=-140.5, 75%=-131.0, 90%=-125.0, 95%=-118.9000015258789, 98%=-108.95999908447266
ranking_best_algo: DiscreteDE
ranking_best_score: 143.4
ranking_my_rank: 93/504 (81.7%)
ranking_my_percent: 81.74603174603175
