ConfigName: krbf__advnormalizedfitness__M4__L15__eps0p025__g0p015__ds0p15__dm0p01
Problem: QUBO
Kernel: rbf
Advantage: normalizedfitness
M: 4
lambda: 15
epsilon_svgd: 0.025
gamma: 0.015
decay_start_ratio: 0.15
decay_min_factor: 0.01
bandwith_kernel: None
no_interact: False
avg_score: -328.82000732421875
median_score: -333.0
std_score: 21.171857833862305
percentiles: 2%=-370.0400085449219, 5%=-357.25, 10%=-350.1000061035156, 25%=-343.0, 50%=-333.0, 75%=-317.5, 90%=-297.79998779296875, 95%=-291.95001220703125, 98%=-280.0
ranking_best_algo: CMApara
ranking_best_score: 344.22
ranking_my_rank: 83/504 (83.7%)
ranking_my_percent: 83.73015873015873
