ConfigName: krbf__advnormalizedfitness__M4__L15__eps0p025__g0p015__ds0p15__dm0p3
Problem: NK
Kernel: rbf
Advantage: normalizedfitness
M: 4
lambda: 15
epsilon_svgd: 0.025
gamma: 0.015
decay_start_ratio: 0.15
decay_min_factor: 0.3
bandwith_kernel: None
no_interact: False
avg_score: 0.6430533528327942
median_score: 0.6434553861618042
std_score: 0.010380011983215809
percentiles: 2%=0.6258695125579834, 5%=0.6272697448730469, 10%=0.6306760311126709, 25%=0.6355991959571838, 50%=0.6434553861618042, 75%=0.6482820510864258, 90%=0.6560312509536743, 95%=0.6625716686248779, 98%=0.6674955487251282
ranking_best_algo: Tabu
ranking_best_score: 0.7601875690625
ranking_my_rank: 391/504 (22.6%)
ranking_my_percent: 22.61904761904762
