ConfigName: kjsd__advperagentrankweighted__M5__L10__eps0p005__g0p0003__ds0p05__dm0p05
Problem: QUBO
Kernel: jsd
Advantage: peragentrankweighted
M: 5
lambda: 10
epsilon_svgd: 0.005
gamma: 0.0003
decay_start_ratio: 0.05
decay_min_factor: 0.05
bandwith_kernel: None
no_interact: False
avg_score: -332.760009765625
median_score: -336.0
std_score: 18.674646377563477
percentiles: 2%=-372.0, 5%=-357.20001220703125, 10%=-354.0, 25%=-343.0, 50%=-336.0, 75%=-323.5, 90%=-306.0, 95%=-299.8999938964844, 98%=-292.8599853515625
ranking_best_algo: CMApara
ranking_best_score: 344.22
ranking_my_rank: 70/504 (86.3%)
ranking_my_percent: 86.30952380952381
