ConfigName: krbf__advnormalizedfitness__M3__L8__eps0p03__g0p001__ds0p05__dm0p05
Problem: QUBO
Kernel: rbf
Advantage: normalizedfitness
M: 3
lambda: 8
epsilon_svgd: 0.03
gamma: 0.001
decay_start_ratio: 0.05
decay_min_factor: 0.05
bandwith_kernel: None
no_interact: False
avg_score: -143.52000427246094
median_score: -143.0
std_score: 15.060197830200195
percentiles: 2%=-179.0, 5%=-175.0, 10%=-158.0, 25%=-152.0, 50%=-143.0, 75%=-135.75, 90%=-124.9000015258789, 95%=-122.94999694824219, 98%=-110.77999877929688
ranking_best_algo: CMApara
ranking_best_score: 154.28
ranking_my_rank: 198/504 (60.9%)
ranking_my_percent: 60.91269841269841
