ConfigName: krbf__advnormalizedfitness__M4__L15__eps0p015__g0p007__ds0p3__dm0p3
Problem: NK
Kernel: rbf
Advantage: normalizedfitness
M: 4
lambda: 15
epsilon_svgd: 0.015
gamma: 0.007
decay_start_ratio: 0.3
decay_min_factor: 0.3
bandwith_kernel: None
no_interact: False
avg_score: 0.6922293901443481
median_score: 0.6933859586715698
std_score: 0.01610366813838482
percentiles: 2%=0.6491052508354187, 5%=0.6557282209396362, 10%=0.673924446105957, 25%=0.6869381070137024, 50%=0.6933859586715698, 75%=0.7008363008499146, 90%=0.712913990020752, 95%=0.7156245708465576, 98%=0.7165527939796448
ranking_best_algo: CMApara
ranking_best_score: 0.707475975
ranking_my_rank: 237/504 (53.2%)
ranking_my_percent: 53.17460317460318
