ConfigName: krbf__advnormalizedfitness__M1__L8__eps0p033__g0p01__ds0p3__dm0p01
Problem: QUBO
Kernel: rbf
Advantage: normalizedfitness
M: 1
lambda: 8
epsilon_svgd: 0.033
gamma: 0.01
decay_start_ratio: 0.3
decay_min_factor: 0.01
bandwith_kernel: None
no_interact: False
avg_score: -1139.93994140625
median_score: -1144.0
std_score: 72.87123107910156
percentiles: 2%=-1280.4200439453125, 5%=-1250.300048828125, 10%=-1227.199951171875, 25%=-1187.5, 50%=-1144.0, 75%=-1087.75, 90%=-1041.300048828125, 95%=-1023.9000244140625, 98%=-1007.679931640625
ranking_best_algo: Tabu
ranking_best_score: 1216.16
ranking_my_rank: 152/504 (70.0%)
ranking_my_percent: 70.03968253968254
