ConfigName: kjsd__advperagentrankweighted__M10__L28__eps0p008__g0p0005__ds0p05__dm0p05
Problem: QUBO
Kernel: jsd
Advantage: peragentrankweighted
M: 10
lambda: 28
epsilon_svgd: 0.008
gamma: 0.0005
decay_start_ratio: 0.05
decay_min_factor: 0.05
bandwith_kernel: None
no_interact: False
avg_score: -515.5999755859375
median_score: -516.5
std_score: 40.90036392211914
percentiles: 2%=-597.280029296875, 5%=-581.2000122070312, 10%=-573.2000122070312, 25%=-541.75, 50%=-516.5, 75%=-481.75, 90%=-462.8999938964844, 95%=-457.0, 98%=-440.67999267578125
ranking_best_algo: Tabu
ranking_best_score: 588.7199999999999
ranking_my_rank: 227/503 (55.1%)
ranking_my_percent: 55.06958250497018
