ConfigName: kjsd__advperagentrankweighted__M3__L16__eps0p005__g0p0007__ds0p2__dm0p05
Problem: QUBO
Kernel: jsd
Advantage: peragentrankweighted
M: 3
lambda: 16
epsilon_svgd: 0.005
gamma: 0.0007
decay_start_ratio: 0.2
decay_min_factor: 0.05
bandwith_kernel: None
no_interact: False
avg_score: -1194.3599853515625
median_score: -1193.0
std_score: 54.42509078979492
percentiles: 2%=-1315.52001953125, 5%=-1301.4000244140625, 10%=-1267.300048828125, 25%=-1219.25, 50%=-1193.0, 75%=-1153.25, 90%=-1126.9000244140625, 95%=-1115.0, 98%=-1101.97998046875
ranking_best_algo: Tabu
ranking_best_score: 1216.16
ranking_my_rank: 48/504 (90.7%)
ranking_my_percent: 90.67460317460318
