ConfigName: krbf__advnormalizedfitness__M2__L14__eps0p025__g0p007__ds0p15__dm0p01
Problem: QUBO
Kernel: rbf
Advantage: normalizedfitness
M: 2
lambda: 14
epsilon_svgd: 0.025
gamma: 0.007
decay_start_ratio: 0.15
decay_min_factor: 0.01
bandwith_kernel: None
no_interact: False
avg_score: -1247.239990234375
median_score: -1237.0
std_score: 65.08918762207031
percentiles: 2%=-1382.239990234375, 5%=-1367.4000244140625, 10%=-1328.4000244140625, 25%=-1292.25, 50%=-1237.0, 75%=-1200.75, 90%=-1174.0, 95%=-1148.949951171875, 98%=-1140.8199462890625
ranking_best_algo: SVMMetaModelLogNormal
ranking_best_score: 1233.7999999999997
ranking_my_rank: 1/504 (100.0%)
ranking_my_percent: 100.0
