ConfigName: krbf__advnormalizedfitness__M3__L8__eps0p03__g0p001__ds0p05__dm0p05
Problem: QUBO
Kernel: rbf
Advantage: normalizedfitness
M: 3
lambda: 8
epsilon_svgd: 0.03
gamma: 0.001
decay_start_ratio: 0.05
decay_min_factor: 0.05
bandwith_kernel: None
no_interact: False
avg_score: -192.67999267578125
median_score: -194.0
std_score: 14.3922758102417
percentiles: 2%=-222.0, 5%=-220.0, 10%=-211.1999969482422, 25%=-201.25, 50%=-194.0, 75%=-182.75, 90%=-173.6999969482422, 95%=-166.0, 98%=-163.0
ranking_best_algo: Tabu
ranking_best_score: 208.36000000000004
ranking_my_rank: 227/504 (55.2%)
ranking_my_percent: 55.15873015873016
