ConfigName: krbf__advnormalizedfitness__M5__L24__eps0p025__g0p005__ds0p05__dm0p05
Problem: QUBO
Kernel: rbf
Advantage: normalizedfitness
M: 5
lambda: 24
epsilon_svgd: 0.025
gamma: 0.005
decay_start_ratio: 0.05
decay_min_factor: 0.05
bandwith_kernel: None
no_interact: False
avg_score: -931.239990234375
median_score: -923.0
std_score: 124.8503189086914
percentiles: 2%=-1208.02001953125, 5%=-1145.25, 10%=-1113.4000244140625, 25%=-992.5, 50%=-923.0, 75%=-844.0, 90%=-790.5999755859375, 95%=-750.4000244140625, 98%=-717.9600219726562
ranking_best_algo: NLOPT_LN_PRAXIS
ranking_best_score: 1607.12
ranking_my_rank: 324/504 (35.9%)
ranking_my_percent: 35.91269841269841
