ConfigName: kfr__advglobalrankweighted__M3__L11__eps0p02__g0p007__ds0p01__dm0p01
Problem: QUBO
Kernel: fr
Advantage: globalrankweighted
M: 3
lambda: 11
epsilon_svgd: 0.02
gamma: 0.007
decay_start_ratio: 0.01
decay_min_factor: 0.01
bandwith_kernel: None
no_interact: False
avg_score: -138.94000244140625
median_score: -140.0
std_score: 12.150571823120117
percentiles: 2%=-159.0, 5%=-158.0, 10%=-156.0, 25%=-147.0, 50%=-140.0, 75%=-130.0, 90%=-124.9000015258789, 95%=-118.90000915527344, 98%=-113.95999145507812
ranking_best_algo: DiscreteDE
ranking_best_score: 143.4
ranking_my_rank: 94/504 (81.5%)
ranking_my_percent: 81.54761904761905
