ConfigName: kjsd__advperagentrankweighted__M4__L12__eps0p005__g0p0005__ds0p2__dm0p2
Problem: QUBO
Kernel: jsd
Advantage: peragentrankweighted
M: 4
lambda: 12
epsilon_svgd: 0.005
gamma: 0.0005
decay_start_ratio: 0.2
decay_min_factor: 0.2
bandwith_kernel: None
no_interact: False
avg_score: -447.3399963378906
median_score: -452.0
std_score: 25.002487182617188
percentiles: 2%=-496.0400085449219, 5%=-479.5, 10%=-473.0, 25%=-467.0, 50%=-452.0, 75%=-431.75, 90%=-412.0, 95%=-399.95001220703125, 98%=-393.8599853515625
ranking_best_algo: CMApara
ranking_best_score: 453.82
ranking_my_rank: 2/504 (99.8%)
ranking_my_percent: 99.8015873015873
