ConfigName: kjsd__advperagentrankweighted__M4__L30__eps0p01__g0p0003__ds0p05__dm0p05
Problem: NK
Kernel: jsd
Advantage: peragentrankweighted
M: 4
lambda: 30
epsilon_svgd: 0.01
gamma: 0.0003
decay_start_ratio: 0.05
decay_min_factor: 0.05
bandwith_kernel: None
no_interact: False
avg_score: 0.754916250705719
median_score: 0.7539607286453247
std_score: 0.011535740457475185
percentiles: 2%=0.7332298755645752, 5%=0.7369974255561829, 10%=0.7417091727256775, 25%=0.7471587657928467, 50%=0.7539607286453247, 75%=0.7631527781486511, 90%=0.7706567049026489, 95%=0.7749512791633606, 98%=0.7761252522468567
ranking_best_algo: Tabu
ranking_best_score: 0.7470791764843752
ranking_my_rank: 1/504 (100.0%)
ranking_my_percent: 100.0
