ConfigName: krbf__advnormalizedfitness__M4__L8__eps0p03__g0p01__ds0p15__dm0p05
Problem: QUBO
Kernel: rbf
Advantage: normalizedfitness
M: 4
lambda: 8
epsilon_svgd: 0.03
gamma: 0.01
decay_start_ratio: 0.15
decay_min_factor: 0.05
bandwith_kernel: None
no_interact: False
avg_score: -331.17999267578125
median_score: -334.0
std_score: 21.16146469116211
percentiles: 2%=-372.0, 5%=-361.0, 10%=-354.0, 25%=-346.0, 50%=-334.0, 75%=-318.0, 90%=-301.8999938964844, 95%=-297.5, 98%=-285.8399963378906
ranking_best_algo: CMApara
ranking_best_score: 344.22
ranking_my_rank: 77/504 (84.9%)
ranking_my_percent: 84.92063492063492
