ConfigName: kjsd__advperagentrankweighted__M3__L16__eps0p005__g0p0007__ds0p2__dm0p2
Problem: NK
Kernel: jsd
Advantage: peragentrankweighted
M: 3
lambda: 16
epsilon_svgd: 0.005
gamma: 0.0007
decay_start_ratio: 0.2
decay_min_factor: 0.2
bandwith_kernel: None
no_interact: False
avg_score: 0.735028862953186
median_score: 0.7370181679725647
std_score: 0.009461709298193455
percentiles: 2%=0.7155713438987732, 5%=0.7167887687683105, 10%=0.7210519909858704, 25%=0.7292460203170776, 50%=0.7370181679725647, 75%=0.7422325015068054, 90%=0.7457844614982605, 95%=0.7472422122955322, 98%=0.7498105764389038
ranking_best_algo: PBIL
ranking_best_score: 0.7248786399609374
ranking_my_rank: 1/504 (100.0%)
ranking_my_percent: 100.0
