ConfigName: krbf__advnormalizedfitness__M4__L8__eps0p025__g0p01__ds0p05__dm0p05
Problem: NK
Kernel: rbf
Advantage: normalizedfitness
M: 4
lambda: 8
epsilon_svgd: 0.025
gamma: 0.01
decay_start_ratio: 0.05
decay_min_factor: 0.05
bandwith_kernel: None
no_interact: False
avg_score: 0.710914134979248
median_score: 0.7114298343658447
std_score: 0.015134197659790516
percentiles: 2%=0.6725212335586548, 5%=0.6739634275436401, 10%=0.6959580183029175, 25%=0.7093377709388733, 50%=0.7114298343658447, 75%=0.7199404239654541, 90%=0.7254841327667236, 95%=0.7318933010101318, 98%=0.7337667346000671
ranking_best_algo: CMApara
ranking_best_score: 0.707475975
ranking_my_rank: 1/504 (100.0%)
ranking_my_percent: 100.0
