ConfigName: krbf__advnormalizedfitness__M2__L6__eps0p01__g0p01__ds0p3__dm0p01
Problem: QUBO
Kernel: rbf
Advantage: normalizedfitness
M: 2
lambda: 6
epsilon_svgd: 0.01
gamma: 0.01
decay_start_ratio: 0.3
decay_min_factor: 0.01
bandwith_kernel: None
no_interact: False
avg_score: -200.05999755859375
median_score: -200.5
std_score: 12.897921562194824
percentiles: 2%=-224.0, 5%=-222.10000610351562, 10%=-219.10000610351562, 25%=-208.0, 50%=-200.5, 75%=-190.75, 90%=-182.89999389648438, 95%=-179.0, 98%=-175.97999572753906
ranking_best_algo: Tabu
ranking_best_score: 208.36000000000004
ranking_my_rank: 54/504 (89.5%)
ranking_my_percent: 89.48412698412699
