ConfigName: krbf__advnormalizedfitness__M4__L8__eps0p025__g0p007__ds0p01__dm0p3
Problem: QUBO
Kernel: rbf
Advantage: normalizedfitness
M: 4
lambda: 8
epsilon_svgd: 0.025
gamma: 0.007
decay_start_ratio: 0.01
decay_min_factor: 0.3
bandwith_kernel: None
no_interact: False
avg_score: -574.0399780273438
median_score: -575.0
std_score: 29.25608253479004
percentiles: 2%=-638.02001953125, 5%=-620.0999755859375, 10%=-606.9000244140625, 25%=-597.0, 50%=-575.0, 75%=-552.75, 90%=-538.7999877929688, 95%=-530.550048828125, 98%=-519.9199829101562
ranking_best_algo: Tabu
ranking_best_score: 588.7199999999999
ranking_my_rank: 57/503 (88.9%)
ranking_my_percent: 88.86679920477137
