ConfigName: krbf__advnormalizedfitness__M3__L15__eps0p033__g0p005__ds0p01__dm0p3
Problem: NK
Kernel: rbf
Advantage: normalizedfitness
M: 3
lambda: 15
epsilon_svgd: 0.033
gamma: 0.005
decay_start_ratio: 0.01
decay_min_factor: 0.3
bandwith_kernel: None
no_interact: False
avg_score: 0.6866924166679382
median_score: 0.6854525804519653
std_score: 0.018950488418340683
percentiles: 2%=0.6568028926849365, 5%=0.6592548489570618, 10%=0.6631709337234497, 25%=0.6715198755264282, 50%=0.6854525804519653, 75%=0.7017500996589661, 90%=0.7113285660743713, 95%=0.7150620222091675, 98%=0.7301899194717407
ranking_best_algo: PBIL
ranking_best_score: 0.7170882103515624
ranking_my_rank: 131/504 (74.2%)
ranking_my_percent: 74.2063492063492
