ConfigName: kjsd__advperagentrankweighted__M4__L12__eps0p005__g0p0003__ds0p05__dm0p05
Problem: NK
Kernel: jsd
Advantage: peragentrankweighted
M: 4
lambda: 12
epsilon_svgd: 0.005
gamma: 0.0003
decay_start_ratio: 0.05
decay_min_factor: 0.05
bandwith_kernel: None
no_interact: False
avg_score: 0.734531581401825
median_score: 0.7363883256912231
std_score: 0.008275243453681469
percentiles: 2%=0.7162112593650818, 5%=0.7185006141662598, 10%=0.7229147553443909, 25%=0.7294750809669495, 50%=0.7363883256912231, 75%=0.7400369644165039, 90%=0.7444891333580017, 95%=0.7452218532562256, 98%=0.7487698197364807
ranking_best_algo: PBIL
ranking_best_score: 0.7248786399609374
ranking_my_rank: 1/504 (100.0%)
ranking_my_percent: 100.0
