ConfigName: krbf__advnormalizedfitness__M2__L8__eps0p033__g0p005__ds0p01__dm0p3
Problem: QUBO
Kernel: rbf
Advantage: normalizedfitness
M: 2
lambda: 8
epsilon_svgd: 0.033
gamma: 0.005
decay_start_ratio: 0.01
decay_min_factor: 0.3
bandwith_kernel: None
no_interact: False
avg_score: -911.6599731445312
median_score: -902.5
std_score: 65.35614013671875
percentiles: 2%=-1058.1199951171875, 5%=-1036.0999755859375, 10%=-997.5999755859375, 25%=-956.5, 50%=-902.5, 75%=-867.0, 90%=-828.9000244140625, 95%=-810.7999877929688, 98%=-802.739990234375
ranking_best_algo: CMApara
ranking_best_score: 964.9
ranking_my_rank: 84/504 (83.5%)
ranking_my_percent: 83.53174603174604
