ConfigName: kjsd__advperagentrankweighted__M4__L12__eps0p01__g0p0005__ds0p05__dm0p05
Problem: NK
Kernel: jsd
Advantage: peragentrankweighted
M: 4
lambda: 12
epsilon_svgd: 0.01
gamma: 0.0005
decay_start_ratio: 0.05
decay_min_factor: 0.05
bandwith_kernel: None
no_interact: False
avg_score: 0.7535984516143799
median_score: 0.7516363263130188
std_score: 0.012789048254489899
percentiles: 2%=0.7321155667304993, 5%=0.7357415556907654, 10%=0.7392148375511169, 25%=0.744873583316803, 50%=0.7516363263130188, 75%=0.7617557048797607, 90%=0.770882785320282, 95%=0.7775697112083435, 98%=0.7800388932228088
ranking_best_algo: Tabu
ranking_best_score: 0.7470791764843752
ranking_my_rank: 1/504 (100.0%)
ranking_my_percent: 100.0
