ConfigName: kjsd__advperagentrankweighted__M3__L20__eps0p005__g0p003__ds0p1__dm0p1
Problem: QUBO
Kernel: jsd
Advantage: peragentrankweighted
M: 3
lambda: 20
epsilon_svgd: 0.005
gamma: 0.003
decay_start_ratio: 0.1
decay_min_factor: 0.1
bandwith_kernel: None
no_interact: False
avg_score: -2672.679931640625
median_score: -2644.0
std_score: 226.40939331054688
percentiles: 2%=-3127.340087890625, 5%=-3019.300048828125, 10%=-2979.699951171875, 25%=-2860.5, 50%=-2644.0, 75%=-2508.25, 90%=-2400.60009765625, 95%=-2343.0, 98%=-2253.97998046875
ranking_best_algo: RLSOnePlusOne
ranking_best_score: 3316.5199999999995
ranking_my_rank: 195/504 (61.5%)
ranking_my_percent: 61.507936507936506
