ConfigName: kfr__advglobalrankweighted__M4__L5__eps0p03__g0p005__ds0p01__dm0p01
Problem: NK
Kernel: fr
Advantage: globalrankweighted
M: 4
lambda: 5
epsilon_svgd: 0.03
gamma: 0.005
decay_start_ratio: 0.01
decay_min_factor: 0.01
bandwith_kernel: None
no_interact: False
avg_score: 0.7062761187553406
median_score: 0.708810567855835
std_score: 0.012010493315756321
percentiles: 2%=0.6856476664543152, 5%=0.6867157816886902, 10%=0.690210223197937, 25%=0.6958574652671814, 50%=0.708810567855835, 75%=0.717255175113678, 90%=0.7201218008995056, 95%=0.721759557723999, 98%=0.7226006984710693
ranking_best_algo: PBIL
ranking_best_score: 0.7013553837109374
ranking_my_rank: 1/504 (100.0%)
ranking_my_percent: 100.0
