ConfigName: kjsd__advperagentrankweighted__M3__L16__eps0p007__g0p0007__ds0p2__dm0p05
Problem: NK
Kernel: jsd
Advantage: peragentrankweighted
M: 3
lambda: 16
epsilon_svgd: 0.007
gamma: 0.0007
decay_start_ratio: 0.2
decay_min_factor: 0.05
bandwith_kernel: None
no_interact: False
avg_score: 0.7505132555961609
median_score: 0.7506130933761597
std_score: 0.013381486758589745
percentiles: 2%=0.7263222336769104, 5%=0.7301838994026184, 10%=0.7333824038505554, 25%=0.7394586205482483, 50%=0.7506130933761597, 75%=0.7607239484786987, 90%=0.767484188079834, 95%=0.7699947953224182, 98%=0.772005558013916
ranking_best_algo: Tabu
ranking_best_score: 0.7657846284375001
ranking_my_rank: 21/504 (96.0%)
ranking_my_percent: 96.03174603174604
