ConfigName: krbf__advnormalizedfitness__M5__L10__eps0p03__g0p005__ds0p05__dm0p05
Problem: QUBO
Kernel: rbf
Advantage: normalizedfitness
M: 5
lambda: 10
epsilon_svgd: 0.03
gamma: 0.005
decay_start_ratio: 0.05
decay_min_factor: 0.05
bandwith_kernel: None
no_interact: False
avg_score: -569.8599853515625
median_score: -565.0
std_score: 28.180498123168945
percentiles: 2%=-627.0800170898438, 5%=-617.4000244140625, 10%=-610.4000244140625, 25%=-585.0, 50%=-565.0, 75%=-553.75, 90%=-537.0, 95%=-530.7000122070312, 98%=-509.8599853515625
ranking_best_algo: Tabu
ranking_best_score: 588.7199999999999
ranking_my_rank: 71/503 (86.1%)
ranking_my_percent: 86.08349900596421
