ConfigName: kjsd__advperagentrankweighted__M3__L20__eps0p007__g0p0007__ds0p2__dm0p05
Problem: QUBO
Kernel: jsd
Advantage: peragentrankweighted
M: 3
lambda: 20
epsilon_svgd: 0.007
gamma: 0.0007
decay_start_ratio: 0.2
decay_min_factor: 0.05
bandwith_kernel: None
no_interact: False
avg_score: -933.3200073242188
median_score: -922.5
std_score: 68.54573059082031
percentiles: 2%=-1078.0, 5%=-1065.0, 10%=-1037.4000244140625, 25%=-970.5, 50%=-922.5, 75%=-880.5, 90%=-859.7000122070312, 95%=-842.7999877929688, 98%=-834.47998046875
ranking_best_algo: CMApara
ranking_best_score: 964.9
ranking_my_rank: 19/504 (96.4%)
ranking_my_percent: 96.42857142857143
