ConfigName: kjsd__advperagentrankweighted__M3__L24__eps0p007__g0p001__ds0p2__dm0p05
Problem: QUBO
Kernel: jsd
Advantage: peragentrankweighted
M: 3
lambda: 24
epsilon_svgd: 0.007
gamma: 0.001
decay_start_ratio: 0.2
decay_min_factor: 0.05
bandwith_kernel: None
no_interact: False
avg_score: -1241.780029296875
median_score: -1239.0
std_score: 58.209373474121094
percentiles: 2%=-1367.1600341796875, 5%=-1336.8499755859375, 10%=-1315.199951171875, 25%=-1286.0, 50%=-1239.0, 75%=-1206.0, 90%=-1159.9000244140625, 95%=-1148.5999755859375, 98%=-1136.93994140625
ranking_best_algo: SVMMetaModelLogNormal
ranking_best_score: 1233.7999999999997
ranking_my_rank: 1/504 (100.0%)
ranking_my_percent: 100.0
