ConfigName: kjsd__advperagentrankweighted__M3__L20__eps0p007__g0p003__ds0p1__dm0p05
Problem: NK
Kernel: jsd
Advantage: peragentrankweighted
M: 3
lambda: 20
epsilon_svgd: 0.007
gamma: 0.003
decay_start_ratio: 0.1
decay_min_factor: 0.05
bandwith_kernel: None
no_interact: False
avg_score: 0.7536574006080627
median_score: 0.7570866346359253
std_score: 0.012441420927643776
percentiles: 2%=0.725005567073822, 5%=0.7338177561759949, 10%=0.7374171018600464, 25%=0.7448272705078125, 50%=0.7570866346359253, 75%=0.7603173851966858, 90%=0.7697489857673645, 95%=0.7719643712043762, 98%=0.7741066217422485
ranking_best_algo: Tabu
ranking_best_score: 0.7657846284375001
ranking_my_rank: 9/504 (98.4%)
ranking_my_percent: 98.41269841269842
