ConfigName: kfr__advglobalrankweighted__M5__L8__eps0p015__g0p003__ds0p01__dm0p01
Problem: QUBO
Kernel: fr
Advantage: globalrankweighted
M: 5
lambda: 8
epsilon_svgd: 0.015
gamma: 0.003
decay_start_ratio: 0.01
decay_min_factor: 0.01
bandwith_kernel: None
no_interact: False
avg_score: -327.6400146484375
median_score: -332.0
std_score: 21.74282455444336
percentiles: 2%=-364.1600036621094, 5%=-361.0, 10%=-354.0, 25%=-342.0, 50%=-332.0, 75%=-315.5, 90%=-292.8999938964844, 95%=-289.9000244140625, 98%=-283.89996337890625
ranking_best_algo: CMApara
ranking_best_score: 344.22
ranking_my_rank: 86/504 (83.1%)
ranking_my_percent: 83.13492063492063
