ConfigName: krbf__advnormalizedfitness__M2__L10__eps0p033__g0p005__ds0p3__dm0p01
Problem: QUBO
Kernel: rbf
Advantage: normalizedfitness
M: 2
lambda: 10
epsilon_svgd: 0.033
gamma: 0.005
decay_start_ratio: 0.3
decay_min_factor: 0.01
bandwith_kernel: None
no_interact: False
avg_score: -2547.97998046875
median_score: -2551.5
std_score: 122.92013549804688
percentiles: 2%=-2840.0400390625, 5%=-2759.050048828125, 10%=-2731.10009765625, 25%=-2614.0, 50%=-2551.5, 75%=-2455.5, 90%=-2385.60009765625, 95%=-2355.75, 98%=-2343.919921875
ranking_best_algo: SVM1MetaModelLogNormal
ranking_best_score: 2605.14
ranking_my_rank: 42/504 (91.9%)
ranking_my_percent: 91.86507936507937
