ConfigName: kjsd__advperagentrankweighted__M3__L20__eps0p005__g0p001__ds0p1__dm0p05
Problem: QUBO
Kernel: jsd
Advantage: peragentrankweighted
M: 3
lambda: 20
epsilon_svgd: 0.005
gamma: 0.001
decay_start_ratio: 0.1
decay_min_factor: 0.05
bandwith_kernel: None
no_interact: False
avg_score: -137.83999633789062
median_score: -139.0
std_score: 12.520957946777344
percentiles: 2%=-160.0, 5%=-158.0, 10%=-156.0, 25%=-146.0, 50%=-139.0, 75%=-129.0, 90%=-123.0, 95%=-116.80000305175781, 98%=-108.95999908447266
ranking_best_algo: DiscreteDE
ranking_best_score: 143.4
ranking_my_rank: 117/504 (77.0%)
ranking_my_percent: 76.98412698412699
