ConfigName: kjsd__advperagentrankweighted__M3__L24__eps0p005__g0p0005__ds0p05__dm0p05
Problem: NK
Kernel: jsd
Advantage: peragentrankweighted
M: 3
lambda: 24
epsilon_svgd: 0.005
gamma: 0.0005
decay_start_ratio: 0.05
decay_min_factor: 0.05
bandwith_kernel: None
no_interact: False
avg_score: 0.7355765700340271
median_score: 0.7378338575363159
std_score: 0.008575057610869408
percentiles: 2%=0.7160671353340149, 5%=0.7177594900131226, 10%=0.7214118242263794, 25%=0.7315956950187683, 50%=0.7378338575363159, 75%=0.7417616844177246, 90%=0.7450559139251709, 95%=0.7463419437408447, 98%=0.7472341656684875
ranking_best_algo: PBIL
ranking_best_score: 0.7248786399609374
ranking_my_rank: 1/504 (100.0%)
ranking_my_percent: 100.0
