ConfigName: krbf__advnormalizedfitness__M1__L8__eps0p015__g0p007__ds0p01__dm0p01
Problem: QUBO
Kernel: rbf
Advantage: normalizedfitness
M: 1
lambda: 8
epsilon_svgd: 0.015
gamma: 0.007
decay_start_ratio: 0.01
decay_min_factor: 0.01
bandwith_kernel: None
no_interact: False
avg_score: -300.2200012207031
median_score: -299.0
std_score: 42.232112884521484
percentiles: 2%=-396.0400085449219, 5%=-374.1000061035156, 10%=-358.79998779296875, 25%=-326.5, 50%=-299.0, 75%=-263.5, 90%=-249.89999389648438, 95%=-245.85000610351562, 98%=-241.87997436523438
ranking_best_algo: CMApara
ranking_best_score: 319.29999999999995
ranking_my_rank: 228/504 (55.0%)
ranking_my_percent: 54.96031746031746
