ConfigName: krbf__advnormalizedfitness__M3__L12__eps0p033__g0p01__ds0p01__dm0p3
Problem: QUBO
Kernel: rbf
Advantage: normalizedfitness
M: 3
lambda: 12
epsilon_svgd: 0.033
gamma: 0.01
decay_start_ratio: 0.01
decay_min_factor: 0.3
bandwith_kernel: None
no_interact: False
avg_score: -311.760009765625
median_score: -310.0
std_score: 38.0870361328125
percentiles: 2%=-392.1199951171875, 5%=-382.1000061035156, 10%=-355.0, 25%=-338.5, 50%=-310.0, 75%=-278.25, 90%=-264.0, 95%=-260.0, 98%=-258.97998046875
ranking_best_algo: CMApara
ranking_best_score: 319.29999999999995
ranking_my_rank: 36/504 (93.1%)
ranking_my_percent: 93.05555555555556
