ConfigName: kjsd__advperagentrankweighted__M3__L20__eps0p01__g0p0005__ds0p1__dm0p2
Problem: QUBO
Kernel: jsd
Advantage: peragentrankweighted
M: 3
lambda: 20
epsilon_svgd: 0.01
gamma: 0.0005
decay_start_ratio: 0.1
decay_min_factor: 0.2
bandwith_kernel: None
no_interact: False
avg_score: -574.780029296875
median_score: -575.0
std_score: 28.569067001342773
percentiles: 2%=-631.0999755859375, 5%=-619.2000122070312, 10%=-613.0, 25%=-592.5, 50%=-575.0, 75%=-556.75, 90%=-539.7000122070312, 95%=-525.9000244140625, 98%=-510.9800109863281
ranking_best_algo: Tabu
ranking_best_score: 588.7199999999999
ranking_my_rank: 57/503 (88.9%)
ranking_my_percent: 88.86679920477137
