ConfigName: kjsd__advperagentrankweighted__M3__L16__eps0p005__g0p0005__ds0p2__dm0p2
Problem: NK
Kernel: jsd
Advantage: peragentrankweighted
M: 3
lambda: 16
epsilon_svgd: 0.005
gamma: 0.0005
decay_start_ratio: 0.2
decay_min_factor: 0.2
bandwith_kernel: None
no_interact: False
avg_score: 0.7344499826431274
median_score: 0.7354762554168701
std_score: 0.00859589409083128
percentiles: 2%=0.7181066274642944, 5%=0.7204765677452087, 10%=0.7214325666427612, 25%=0.7279263734817505, 50%=0.7354762554168701, 75%=0.7406085729598999, 90%=0.7456204891204834, 95%=0.746779203414917, 98%=0.7472952008247375
ranking_best_algo: PBIL
ranking_best_score: 0.7248786399609374
ranking_my_rank: 1/504 (100.0%)
ranking_my_percent: 100.0
