ConfigName: krbf__advnormalizedfitness__M4__L12__eps0p015__g0p005__ds0p3__dm0p01
Problem: NK
Kernel: rbf
Advantage: normalizedfitness
M: 4
lambda: 12
epsilon_svgd: 0.015
gamma: 0.005
decay_start_ratio: 0.3
decay_min_factor: 0.01
bandwith_kernel: None
no_interact: False
avg_score: 0.6519200205802917
median_score: 0.6480758190155029
std_score: 0.022835228592157364
percentiles: 2%=0.6176899075508118, 5%=0.618870735168457, 10%=0.6280333399772644, 25%=0.6351220607757568, 50%=0.6480758190155029, 75%=0.6634868383407593, 90%=0.6819214820861816, 95%=0.7033761739730835, 98%=0.7103506922721863
ranking_best_algo: Tabu
ranking_best_score: 0.7429702712499999
ranking_my_rank: 323/504 (36.1%)
ranking_my_percent: 36.111111111111114
