ConfigName: kfr__advglobalrankweighted__M3__L10__eps0p02__g0p003__ds0p01__dm0p01
Problem: QUBO
Kernel: fr
Advantage: globalrankweighted
M: 3
lambda: 10
epsilon_svgd: 0.02
gamma: 0.003
decay_start_ratio: 0.01
decay_min_factor: 0.01
bandwith_kernel: None
no_interact: False
avg_score: -406.2200012207031
median_score: -405.5
std_score: 27.069385528564453
percentiles: 2%=-459.0400085449219, 5%=-453.0, 10%=-443.1000061035156, 25%=-424.0, 50%=-405.5, 75%=-384.0, 90%=-372.0, 95%=-365.9000244140625, 98%=-357.679931640625
ranking_best_algo: Tabu
ranking_best_score: 438.12
ranking_my_rank: 163/504 (67.9%)
ranking_my_percent: 67.85714285714286
