ConfigName: krbf__advnormalizedfitness__M4__L15__eps0p033__g0p005__ds0p15__dm0p3
Problem: NK
Kernel: rbf
Advantage: normalizedfitness
M: 4
lambda: 15
epsilon_svgd: 0.033
gamma: 0.005
decay_start_ratio: 0.15
decay_min_factor: 0.3
bandwith_kernel: None
no_interact: False
avg_score: 0.7544195652008057
median_score: 0.7569186091423035
std_score: 0.012904118746519089
percentiles: 2%=0.7256132960319519, 5%=0.734505832195282, 10%=0.7384446859359741, 25%=0.7454640865325928, 50%=0.7569186091423035, 75%=0.7628710269927979, 90%=0.7694019079208374, 95%=0.7706634402275085, 98%=0.7754717469215393
ranking_best_algo: Tabu
ranking_best_score: 0.7657846284375001
ranking_my_rank: 7/504 (98.8%)
ranking_my_percent: 98.80952380952381
