ConfigName: kjsd__advperagentrankweighted__M4__L12__eps0p005__g0p0005__ds0p05__dm0p05
Problem: NK
Kernel: jsd
Advantage: peragentrankweighted
M: 4
lambda: 12
epsilon_svgd: 0.005
gamma: 0.0005
decay_start_ratio: 0.05
decay_min_factor: 0.05
bandwith_kernel: None
no_interact: False
avg_score: 0.737761914730072
median_score: 0.7386896014213562
std_score: 0.009453377686440945
percentiles: 2%=0.7185673713684082, 5%=0.7216534614562988, 10%=0.7234550714492798, 25%=0.7324360609054565, 50%=0.7386896014213562, 75%=0.7450970411300659, 90%=0.7479012608528137, 95%=0.7502260208129883, 98%=0.7544026374816895
ranking_best_algo: PBIL
ranking_best_score: 0.730509098125
ranking_my_rank: 1/504 (100.0%)
ranking_my_percent: 100.0
