ConfigName: kjsd__advperagentrankweighted__M5__L10__eps0p005__g0p0007__ds0p2__dm0p05
Problem: NK
Kernel: jsd
Advantage: peragentrankweighted
M: 5
lambda: 10
epsilon_svgd: 0.005
gamma: 0.0007
decay_start_ratio: 0.2
decay_min_factor: 0.05
bandwith_kernel: None
no_interact: False
avg_score: 0.737995982170105
median_score: 0.738813579082489
std_score: 0.008689330890774727
percentiles: 2%=0.7217913269996643, 5%=0.7236894369125366, 10%=0.7243977785110474, 25%=0.7326498031616211, 50%=0.738813579082489, 75%=0.7444320321083069, 90%=0.7480418682098389, 95%=0.7504301071166992, 98%=0.7543878555297852
ranking_best_algo: PBIL
ranking_best_score: 0.730509098125
ranking_my_rank: 1/504 (100.0%)
ranking_my_percent: 100.0
