ConfigName: krbf__advnormalizedfitness__M3__L8__eps0p033__g0p01__ds0p15__dm0p3
Problem: NK
Kernel: rbf
Advantage: normalizedfitness
M: 3
lambda: 8
epsilon_svgd: 0.033
gamma: 0.01
decay_start_ratio: 0.15
decay_min_factor: 0.3
bandwith_kernel: None
no_interact: False
avg_score: 0.7530276775360107
median_score: 0.7535111904144287
std_score: 0.014191096648573875
percentiles: 2%=0.7252664566040039, 5%=0.7289391756057739, 10%=0.7321492433547974, 25%=0.7434136867523193, 50%=0.7535111904144287, 75%=0.7631380558013916, 90%=0.7706480026245117, 95%=0.7754333019256592, 98%=0.7816595435142517
ranking_best_algo: Tabu
ranking_best_score: 0.7657846284375001
ranking_my_rank: 9/504 (98.4%)
ranking_my_percent: 98.41269841269842
