ConfigName: kfr__advglobalrankweighted__M2__L7__eps0p02__g0p005__ds0p01__dm0p01
Problem: QUBO
Kernel: fr
Advantage: globalrankweighted
M: 2
lambda: 7
epsilon_svgd: 0.02
gamma: 0.005
decay_start_ratio: 0.01
decay_min_factor: 0.01
bandwith_kernel: None
no_interact: False
avg_score: -400.05999755859375
median_score: -404.0
std_score: 27.160934448242188
percentiles: 2%=-455.0, 5%=-440.1000061035156, 10%=-434.1000061035156, 25%=-420.0, 50%=-404.0, 75%=-380.0, 90%=-360.0, 95%=-353.9000244140625, 98%=-349.91998291015625
ranking_best_algo: Tabu
ranking_best_score: 438.12
ranking_my_rank: 226/504 (55.4%)
ranking_my_percent: 55.357142857142854
