ConfigName: kjsd__advperagentrankweighted__M4__L20__eps0p005__g0p0005__ds0p05__dm0p2
Problem: NK
Kernel: jsd
Advantage: peragentrankweighted
M: 4
lambda: 20
epsilon_svgd: 0.005
gamma: 0.0005
decay_start_ratio: 0.05
decay_min_factor: 0.2
bandwith_kernel: None
no_interact: False
avg_score: 0.7458379864692688
median_score: 0.7459126710891724
std_score: 0.009854053147137165
percentiles: 2%=0.72416090965271, 5%=0.7317168116569519, 10%=0.7345288991928101, 25%=0.7386198043823242, 50%=0.7459126710891724, 75%=0.7539100050926208, 90%=0.7582285404205322, 95%=0.7622986435890198, 98%=0.7635510563850403
ranking_best_algo: PBIL
ranking_best_score: 0.733570253046875
ranking_my_rank: 1/504 (100.0%)
ranking_my_percent: 100.0
