ConfigName: kjsd__advperagentrankweighted__M3__L16__eps0p005__g0p003__ds0p1__dm0p2
Problem: NK
Kernel: jsd
Advantage: peragentrankweighted
M: 3
lambda: 16
epsilon_svgd: 0.005
gamma: 0.003
decay_start_ratio: 0.1
decay_min_factor: 0.2
bandwith_kernel: None
no_interact: False
avg_score: 0.7094058394432068
median_score: 0.7105817794799805
std_score: 0.015253601595759392
percentiles: 2%=0.6714380979537964, 5%=0.67210453748703, 10%=0.6945319175720215, 25%=0.7056808471679688, 50%=0.7105817794799805, 75%=0.7183780670166016, 90%=0.72533118724823, 95%=0.7306543588638306, 98%=0.7319309115409851
ranking_best_algo: CMApara
ranking_best_score: 0.707475975
ranking_my_rank: 1/504 (100.0%)
ranking_my_percent: 100.0
