ConfigName: krbf__advnormalizedfitness__M2__L8__eps0p015__g0p01__ds0p01__dm0p3
Problem: NK
Kernel: rbf
Advantage: normalizedfitness
M: 2
lambda: 8
epsilon_svgd: 0.015
gamma: 0.01
decay_start_ratio: 0.01
decay_min_factor: 0.3
bandwith_kernel: None
no_interact: False
avg_score: 0.711505115032196
median_score: 0.6994725465774536
std_score: 0.031555019319057465
percentiles: 2%=0.6734704971313477, 5%=0.6735892295837402, 10%=0.6785765886306763, 25%=0.6826531887054443, 50%=0.6994725465774536, 75%=0.7474179267883301, 90%=0.7526217103004456, 95%=0.7613165378570557, 98%=0.7613165378570557
ranking_best_algo: CMApara
ranking_best_score: 0.7118996098437498
ranking_my_rank: 2/504 (99.8%)
ranking_my_percent: 99.8015873015873
