ConfigName: krbf__advnormalizedfitness__M2__L10__eps0p01__g0p005__ds0p01__dm0p01
Problem: NK
Kernel: rbf
Advantage: normalizedfitness
M: 2
lambda: 10
epsilon_svgd: 0.01
gamma: 0.005
decay_start_ratio: 0.01
decay_min_factor: 0.01
bandwith_kernel: None
no_interact: False
avg_score: 0.7554106116294861
median_score: 0.7546335458755493
std_score: 0.012742847204208374
percentiles: 2%=0.734939455986023, 5%=0.7377564907073975, 10%=0.7406495809555054, 25%=0.7458562254905701, 50%=0.7546335458755493, 75%=0.763445258140564, 90%=0.7741951942443848, 95%=0.7783688902854919, 98%=0.7805799841880798
ranking_best_algo: Tabu
ranking_best_score: 0.7470791764843752
ranking_my_rank: 1/504 (100.0%)
ranking_my_percent: 100.0
