ConfigName: kjsd__advperagentrankweighted__M6__L24__eps0p005__g0p0005__ds0p3__dm0p05
Problem: NK
Kernel: jsd
Advantage: peragentrankweighted
M: 6
lambda: 24
epsilon_svgd: 0.005
gamma: 0.0005
decay_start_ratio: 0.3
decay_min_factor: 0.05
bandwith_kernel: None
no_interact: False
avg_score: 0.7251200079917908
median_score: 0.7273430824279785
std_score: 0.012192674912512302
percentiles: 2%=0.6987988352775574, 5%=0.7010567784309387, 10%=0.7052308320999146, 25%=0.7168958783149719, 50%=0.7273430824279785, 75%=0.7351118326187134, 90%=0.739203929901123, 95%=0.7399501204490662, 98%=0.7440329790115356
ranking_best_algo: PBIL
ranking_best_score: 0.7248786399609374
ranking_my_rank: 1/504 (100.0%)
ranking_my_percent: 100.0
