ConfigName: kjsd__advperagentrankweighted__M4__L8__eps0p03__g0p0003__ds0p2__dm0p05
Problem: QUBO
Kernel: jsd
Advantage: peragentrankweighted
M: 4
lambda: 8
epsilon_svgd: 0.03
gamma: 0.0003
decay_start_ratio: 0.2
decay_min_factor: 0.05
bandwith_kernel: None
no_interact: False
avg_score: -881.260009765625
median_score: -889.5
std_score: 63.59553909301758
percentiles: 2%=-1015.02001953125, 5%=-988.1500244140625, 10%=-958.2000122070312, 25%=-928.5, 50%=-889.5, 75%=-833.0, 90%=-796.5999755859375, 95%=-780.9000244140625, 98%=-768.5599975585938
ranking_best_algo: CMApara
ranking_best_score: 964.9
ranking_my_rank: 202/504 (60.1%)
ranking_my_percent: 60.11904761904762
