ConfigName: kfr__advglobalrankweighted__M1__L8__eps0p015__g0p003__ds0p01__dm0p01
Problem: QUBO
Kernel: fr
Advantage: globalrankweighted
M: 1
lambda: 8
epsilon_svgd: 0.015
gamma: 0.003
decay_start_ratio: 0.01
decay_min_factor: 0.01
bandwith_kernel: None
no_interact: False
avg_score: -856.760009765625
median_score: -848.0
std_score: 74.52544403076172
percentiles: 2%=-1000.3200073242188, 5%=-982.5499877929688, 10%=-971.2000122070312, 25%=-904.5, 50%=-848.0, 75%=-812.75, 90%=-759.0, 95%=-749.0001220703125, 98%=-718.8199462890625
ranking_best_algo: CMAL3
ranking_best_score: 928.5800000000002
ranking_my_rank: 204/504 (59.7%)
ranking_my_percent: 59.72222222222222
