ConfigName: kjsd__advperagentrankweighted__M6__L8__eps0p02__g0p0007__ds0p2__dm0p05
Problem: NK
Kernel: jsd
Advantage: peragentrankweighted
M: 6
lambda: 8
epsilon_svgd: 0.02
gamma: 0.0007
decay_start_ratio: 0.2
decay_min_factor: 0.05
bandwith_kernel: None
no_interact: False
avg_score: 0.7106130719184875
median_score: 0.7098841667175293
std_score: 0.006818430032581091
percentiles: 2%=0.6986769437789917, 5%=0.6999395489692688, 10%=0.7016262412071228, 25%=0.7063406705856323, 50%=0.7098841667175293, 75%=0.7144737839698792, 90%=0.7203633785247803, 95%=0.722385048866272, 98%=0.7259219288825989
ranking_best_algo: PBIL
ranking_best_score: 0.7170882103515624
ranking_my_rank: 46/504 (91.1%)
ranking_my_percent: 91.07142857142857
