ConfigName: kjsd__advperagentrankweighted__M3__L16__eps0p01__g0p0005__ds0p1__dm0p1
Problem: QUBO
Kernel: jsd
Advantage: peragentrankweighted
M: 3
lambda: 16
epsilon_svgd: 0.01
gamma: 0.0005
decay_start_ratio: 0.1
decay_min_factor: 0.1
bandwith_kernel: None
no_interact: False
avg_score: -907.6400146484375
median_score: -895.0
std_score: 61.585472106933594
percentiles: 2%=-1018.1799926757812, 5%=-1012.0499877929688, 10%=-996.4000244140625, 25%=-947.5, 50%=-895.0, 75%=-866.25, 90%=-827.7000122070312, 95%=-804.8499755859375, 98%=-796.8400268554688
ranking_best_algo: CMAL3
ranking_best_score: 928.5800000000002
ranking_my_rank: 53/504 (89.7%)
ranking_my_percent: 89.68253968253968
