ConfigName: krbf__advnormalizedfitness__M4__L8__eps0p015__g0p005__ds0p3__dm0p3
Problem: NK
Kernel: rbf
Advantage: normalizedfitness
M: 4
lambda: 8
epsilon_svgd: 0.015
gamma: 0.005
decay_start_ratio: 0.3
decay_min_factor: 0.3
bandwith_kernel: None
no_interact: False
avg_score: 0.7187033295631409
median_score: 0.718475341796875
std_score: 0.010387521237134933
percentiles: 2%=0.7006740570068359, 5%=0.70171719789505, 10%=0.7049157619476318, 25%=0.7120168805122375, 50%=0.718475341796875, 75%=0.7271414995193481, 90%=0.731974720954895, 95%=0.7339538335800171, 98%=0.7361142635345459
ranking_best_algo: PBIL
ranking_best_score: 0.7248786399609374
ranking_my_rank: 8/504 (98.6%)
ranking_my_percent: 98.61111111111111
