ConfigName: krbf__advglobalrankweighted__M4__L11__eps0p01__g0p003__ds0p01__dm0p01
Problem: QUBO
Kernel: rbf
Advantage: globalrankweighted
M: 4
lambda: 11
epsilon_svgd: 0.01
gamma: 0.003
decay_start_ratio: 0.01
decay_min_factor: 0.01
bandwith_kernel: None
no_interact: False
avg_score: -200.22000122070312
median_score: -201.0
std_score: 12.077731132507324
percentiles: 2%=-224.0, 5%=-221.0500030517578, 10%=-217.10000610351562, 25%=-207.0, 50%=-201.0, 75%=-194.0, 90%=-183.8000030517578, 95%=-179.85000610351562, 98%=-174.0
ranking_best_algo: Tabu
ranking_best_score: 208.36000000000004
ranking_my_rank: 50/504 (90.3%)
ranking_my_percent: 90.27777777777777
