ConfigName: kjsd__advperagentrankweighted__M3__L16__eps0p005__g0p0005__ds0p05__dm0p1
Problem: QUBO
Kernel: jsd
Advantage: peragentrankweighted
M: 3
lambda: 16
epsilon_svgd: 0.005
gamma: 0.0005
decay_start_ratio: 0.05
decay_min_factor: 0.1
bandwith_kernel: None
no_interact: False
avg_score: -2619.02001953125
median_score: -2617.0
std_score: 117.93132781982422
percentiles: 2%=-2853.8798828125, 5%=-2830.449951171875, 10%=-2779.39990234375, 25%=-2690.0, 50%=-2617.0, 75%=-2535.5, 90%=-2464.89990234375, 95%=-2436.0, 98%=-2418.6201171875
ranking_best_algo: SVM1MetaModelLogNormal
ranking_best_score: 2605.14
ranking_my_rank: 1/504 (100.0%)
ranking_my_percent: 100.0
