ConfigName: kjsd__advperagentrankweighted__M4__L20__eps0p007__g0p0005__ds0p1__dm0p2
Problem: QUBO
Kernel: jsd
Advantage: peragentrankweighted
M: 4
lambda: 20
epsilon_svgd: 0.007
gamma: 0.0005
decay_start_ratio: 0.1
decay_min_factor: 0.2
bandwith_kernel: None
no_interact: False
avg_score: -311.2200012207031
median_score: -307.0
std_score: 38.4732551574707
percentiles: 2%=-396.0, 5%=-388.0, 10%=-359.79998779296875, 25%=-334.0, 50%=-307.0, 75%=-276.0, 90%=-264.0, 95%=-262.95001220703125, 98%=-259.8399963378906
ranking_best_algo: CMApara
ranking_best_score: 319.29999999999995
ranking_my_rank: 39/504 (92.5%)
ranking_my_percent: 92.46031746031746
