ConfigName: kjsd__advperagentrankweighted__M4__L12__eps0p01__g0p0007__ds0p05__dm0p05
Problem: NK
Kernel: jsd
Advantage: peragentrankweighted
M: 4
lambda: 12
epsilon_svgd: 0.01
gamma: 0.0007
decay_start_ratio: 0.05
decay_min_factor: 0.05
bandwith_kernel: None
no_interact: False
avg_score: 0.7461169362068176
median_score: 0.7455979585647583
std_score: 0.008007237687706947
percentiles: 2%=0.7317789793014526, 5%=0.7338104248046875, 10%=0.7364086508750916, 25%=0.7412976622581482, 50%=0.7455979585647583, 75%=0.7515524625778198, 90%=0.7565169334411621, 95%=0.757459282875061, 98%=0.7623403072357178
ranking_best_algo: PBIL
ranking_best_score: 0.733570253046875
ranking_my_rank: 1/504 (100.0%)
ranking_my_percent: 100.0
