ConfigName: kjsd__advperagentrankweighted__M3__L16__eps0p007__g0p001__ds0p1__dm0p2
Problem: QUBO
Kernel: jsd
Advantage: peragentrankweighted
M: 3
lambda: 16
epsilon_svgd: 0.007
gamma: 0.001
decay_start_ratio: 0.1
decay_min_factor: 0.2
bandwith_kernel: None
no_interact: False
avg_score: -327.5400085449219
median_score: -331.0
std_score: 25.066879272460938
percentiles: 2%=-372.0, 5%=-361.54998779296875, 10%=-357.0, 25%=-342.25, 50%=-331.0, 75%=-314.0, 90%=-295.8999938964844, 95%=-284.0, 98%=-277.5199890136719
ranking_best_algo: CMApara
ranking_best_score: 344.22
ranking_my_rank: 86/504 (83.1%)
ranking_my_percent: 83.13492063492063
