ConfigName: krbf__advnormalizedfitness__M2__L8__eps0p015__g0p015__ds0p01__dm0p01
Problem: NK
Kernel: rbf
Advantage: normalizedfitness
M: 2
lambda: 8
epsilon_svgd: 0.015
gamma: 0.015
decay_start_ratio: 0.01
decay_min_factor: 0.01
bandwith_kernel: None
no_interact: False
avg_score: 0.7376306653022766
median_score: 0.7395141124725342
std_score: 0.008818008936941624
percentiles: 2%=0.7203407287597656, 5%=0.7208235263824463, 10%=0.7256666421890259, 25%=0.7313532829284668, 50%=0.7395141124725342, 75%=0.7429735064506531, 90%=0.7478000521659851, 95%=0.7513124942779541, 98%=0.7535082101821899
ranking_best_algo: PBIL
ranking_best_score: 0.730509098125
ranking_my_rank: 1/504 (100.0%)
ranking_my_percent: 100.0
