ConfigName: kjsd__advperagentrankweighted__M4__L8__eps0p02__g0p0005__ds0p2__dm0p05
Problem: QUBO
Kernel: jsd
Advantage: peragentrankweighted
M: 4
lambda: 8
epsilon_svgd: 0.02
gamma: 0.0005
decay_start_ratio: 0.2
decay_min_factor: 0.05
bandwith_kernel: None
no_interact: False
avg_score: -2530.679931640625
median_score: -2531.0
std_score: 127.46818542480469
percentiles: 2%=-2788.3798828125, 5%=-2739.0, 10%=-2676.39990234375, 25%=-2624.75, 50%=-2531.0, 75%=-2435.5, 90%=-2366.0, 95%=-2333.10009765625, 98%=-2301.320068359375
ranking_best_algo: SVM1MetaModelLogNormal
ranking_best_score: 2605.14
ranking_my_rank: 52/504 (89.9%)
ranking_my_percent: 89.88095238095238
