ConfigName: kjsd__advperagentrankweighted__M5__L10__eps0p005__g0p003__ds0p05__dm0p05
Problem: QUBO
Kernel: jsd
Advantage: peragentrankweighted
M: 5
lambda: 10
epsilon_svgd: 0.005
gamma: 0.003
decay_start_ratio: 0.05
decay_min_factor: 0.05
bandwith_kernel: None
no_interact: False
avg_score: -989.7999877929688
median_score: -982.5
std_score: 70.09893035888672
percentiles: 2%=-1137.3800048828125, 5%=-1107.3499755859375, 10%=-1084.800048828125, 25%=-1040.25, 50%=-982.5, 75%=-945.25, 90%=-899.7000122070312, 95%=-886.7999877929688, 98%=-869.0
ranking_best_algo: SVMMetaModelLogNormal
ranking_best_score: 1233.7999999999997
ranking_my_rank: 258/504 (49.0%)
ranking_my_percent: 49.007936507936506
