ConfigName: kjsd__advperagentrankweighted__M3__L18__eps0p01__g0p001__ds0p05__dm0p05
Problem: NK
Kernel: jsd
Advantage: peragentrankweighted
M: 3
lambda: 18
epsilon_svgd: 0.01
gamma: 0.001
decay_start_ratio: 0.05
decay_min_factor: 0.05
bandwith_kernel: None
no_interact: False
avg_score: 0.7355543375015259
median_score: 0.7371052503585815
std_score: 0.00869653932750225
percentiles: 2%=0.7187235355377197, 5%=0.7201656103134155, 10%=0.722158670425415, 25%=0.7298301458358765, 50%=0.7371052503585815, 75%=0.741485595703125, 90%=0.7460324764251709, 95%=0.7478747367858887, 98%=0.7505308389663696
ranking_best_algo: PBIL
ranking_best_score: 0.730509098125
ranking_my_rank: 1/504 (100.0%)
ranking_my_percent: 100.0
