ConfigName: kjsd__advperagentrankweighted__M3__L18__eps0p007__g0p0005__ds0p1__dm0p05
Problem: QUBO
Kernel: jsd
Advantage: peragentrankweighted
M: 3
lambda: 18
epsilon_svgd: 0.007
gamma: 0.0005
decay_start_ratio: 0.1
decay_min_factor: 0.05
bandwith_kernel: None
no_interact: False
avg_score: -932.5800170898438
median_score: -931.0
std_score: 67.89730072021484
percentiles: 2%=-1074.0400390625, 5%=-1055.550048828125, 10%=-1026.0, 25%=-972.25, 50%=-931.0, 75%=-881.0, 90%=-850.4000244140625, 95%=-834.7999877929688, 98%=-804.9199829101562
ranking_best_algo: CMApara
ranking_best_score: 964.9
ranking_my_rank: 19/504 (96.4%)
ranking_my_percent: 96.42857142857143
