ConfigName: kjsd__advperagentrankweighted__M5__L10__eps0p01__g0p0005__ds0p05__dm0p05
Problem: NK
Kernel: jsd
Advantage: peragentrankweighted
M: 5
lambda: 10
epsilon_svgd: 0.01
gamma: 0.0005
decay_start_ratio: 0.05
decay_min_factor: 0.05
bandwith_kernel: None
no_interact: False
avg_score: 0.7533997297286987
median_score: 0.7543407678604126
std_score: 0.013271020725369453
percentiles: 2%=0.7250580191612244, 5%=0.7298867702484131, 10%=0.7371566295623779, 25%=0.7444841265678406, 50%=0.7543407678604126, 75%=0.7614046335220337, 90%=0.7694551348686218, 95%=0.7755534052848816, 98%=0.7811944484710693
ranking_best_algo: Tabu
ranking_best_score: 0.7657846284375001
ranking_my_rank: 9/504 (98.4%)
ranking_my_percent: 98.41269841269842
