ConfigName: krbf__advnormalizedfitness__M5__L15__eps0p03__g0p01__ds0p05__dm0p05
Problem: NK
Kernel: rbf
Advantage: normalizedfitness
M: 5
lambda: 15
epsilon_svgd: 0.03
gamma: 0.01
decay_start_ratio: 0.05
decay_min_factor: 0.05
bandwith_kernel: None
no_interact: False
avg_score: 0.7441515922546387
median_score: 0.741736650466919
std_score: 0.029056118801236153
percentiles: 2%=0.7009933590888977, 5%=0.7053629755973816, 10%=0.7082949876785278, 25%=0.7208938598632812, 50%=0.741736650466919, 75%=0.7580187320709229, 90%=0.777429461479187, 95%=0.8047558665275574, 98%=0.8118547797203064
ranking_best_algo: CMApara
ranking_best_score: 0.7459277895312499
ranking_my_rank: 6/504 (99.0%)
ranking_my_percent: 99.0079365079365
