ConfigName: kjsd__advperagentrankweighted__M3__L24__eps0p007__g0p0005__ds0p05__dm0p05
Problem: QUBO
Kernel: jsd
Advantage: peragentrankweighted
M: 3
lambda: 24
epsilon_svgd: 0.007
gamma: 0.0005
decay_start_ratio: 0.05
decay_min_factor: 0.05
bandwith_kernel: None
no_interact: False
avg_score: -1197.56005859375
median_score: -1192.0
std_score: 63.1527214050293
percentiles: 2%=-1343.239990234375, 5%=-1321.800048828125, 10%=-1274.0999755859375, 25%=-1238.25, 50%=-1192.0, 75%=-1154.0, 90%=-1128.9000244140625, 95%=-1100.800048828125, 98%=-1076.5999755859375
ranking_best_algo: Tabu
ranking_best_score: 1216.16
ranking_my_rank: 44/504 (91.5%)
ranking_my_percent: 91.46825396825396
