ConfigName: kjsd__advperagentrankweighted__M4__L10__eps0p01__g0p0005__ds0p2__dm0p05
Problem: QUBO
Kernel: jsd
Advantage: peragentrankweighted
M: 4
lambda: 10
epsilon_svgd: 0.01
gamma: 0.0005
decay_start_ratio: 0.2
decay_min_factor: 0.05
bandwith_kernel: None
no_interact: False
avg_score: -2591.89990234375
median_score: -2583.5
std_score: 122.62572479248047
percentiles: 2%=-2857.139892578125, 5%=-2811.300048828125, 10%=-2782.199951171875, 25%=-2660.0, 50%=-2583.5, 75%=-2505.5, 90%=-2457.300048828125, 95%=-2409.300048828125, 98%=-2361.9599609375
ranking_best_algo: SVM1MetaModelLogNormal
ranking_best_score: 2605.14
ranking_my_rank: 11/504 (98.0%)
ranking_my_percent: 98.01587301587301
