ConfigName: krbf__advnormalizedfitness__M2__L8__eps0p015__g0p015__ds0p3__dm0p3
Problem: QUBO
Kernel: rbf
Advantage: normalizedfitness
M: 2
lambda: 8
epsilon_svgd: 0.015
gamma: 0.015
decay_start_ratio: 0.3
decay_min_factor: 0.3
bandwith_kernel: None
no_interact: False
avg_score: -410.8599853515625
median_score: -416.0
std_score: 27.63440704345703
percentiles: 2%=-455.32000732421875, 5%=-452.0, 10%=-446.0, 25%=-430.0, 50%=-416.0, 75%=-390.0, 90%=-372.0, 95%=-368.0, 98%=-357.8800048828125
ranking_best_algo: Tabu
ranking_best_score: 438.12
ranking_my_rank: 84/504 (83.5%)
ranking_my_percent: 83.53174603174604
