ConfigName: kjsd__advperagentrankweighted__M3__L16__eps0p01__g0p0007__ds0p1__dm0p05
Problem: QUBO
Kernel: jsd
Advantage: peragentrankweighted
M: 3
lambda: 16
epsilon_svgd: 0.01
gamma: 0.0007
decay_start_ratio: 0.1
decay_min_factor: 0.05
bandwith_kernel: None
no_interact: False
avg_score: -1627.760009765625
median_score: -1634.0
std_score: 61.1732177734375
percentiles: 2%=-1740.1199951171875, 5%=-1722.050048828125, 10%=-1701.300048828125, 25%=-1667.25, 50%=-1634.0, 75%=-1573.75, 90%=-1548.9000244140625, 95%=-1526.5, 98%=-1512.800048828125
ranking_best_algo: NLOPT_LN_PRAXIS
ranking_best_score: 1607.12
ranking_my_rank: 1/504 (100.0%)
ranking_my_percent: 100.0
