ConfigName: kfr__advglobalrankweighted__M4__L5__eps0p05__g0p003__ds0p01__dm0p01
Problem: QUBO
Kernel: fr
Advantage: globalrankweighted
M: 4
lambda: 5
epsilon_svgd: 0.05
gamma: 0.003
decay_start_ratio: 0.01
decay_min_factor: 0.01
bandwith_kernel: None
no_interact: False
avg_score: -431.55999755859375
median_score: -430.0
std_score: 27.46354866027832
percentiles: 2%=-485.0199890136719, 5%=-473.0, 10%=-468.1000061035156, 25%=-451.25, 50%=-430.0, 75%=-411.75, 90%=-396.70001220703125, 95%=-391.95001220703125, 98%=-385.89996337890625
ranking_best_algo: CMApara
ranking_best_score: 453.82
ranking_my_rank: 77/504 (84.9%)
ranking_my_percent: 84.92063492063492
