ConfigName: kjsd__advperagentrankweighted__M3__L20__eps0p005__g0p001__ds0p2__dm0p1
Problem: NK
Kernel: jsd
Advantage: peragentrankweighted
M: 3
lambda: 20
epsilon_svgd: 0.005
gamma: 0.001
decay_start_ratio: 0.2
decay_min_factor: 0.1
bandwith_kernel: None
no_interact: False
avg_score: 0.7353417277336121
median_score: 0.7372700572013855
std_score: 0.009234592318534851
percentiles: 2%=0.7153984308242798, 5%=0.7177032828330994, 10%=0.721422553062439, 25%=0.7298325300216675, 50%=0.7372700572013855, 75%=0.742672860622406, 90%=0.7459344863891602, 95%=0.7466869950294495, 98%=0.7473935484886169
ranking_best_algo: PBIL
ranking_best_score: 0.7248786399609374
ranking_my_rank: 1/504 (100.0%)
ranking_my_percent: 100.0
