ConfigName: kjsd__advperagentrankweighted__M3__L18__eps0p01__g0p0007__ds0p05__dm0p2
Problem: QUBO
Kernel: jsd
Advantage: peragentrankweighted
M: 3
lambda: 18
epsilon_svgd: 0.01
gamma: 0.0007
decay_start_ratio: 0.05
decay_min_factor: 0.2
bandwith_kernel: None
no_interact: False
avg_score: -933.219970703125
median_score: -919.5
std_score: 63.80009460449219
percentiles: 2%=-1056.1400146484375, 5%=-1050.0, 10%=-1035.199951171875, 25%=-984.5, 50%=-919.5, 75%=-887.0, 90%=-865.7000122070312, 95%=-848.75, 98%=-816.9600219726562
ranking_best_algo: CMApara
ranking_best_score: 964.9
ranking_my_rank: 19/504 (96.4%)
ranking_my_percent: 96.42857142857143
