ConfigName: krbf__advnormalizedfitness__M4__L10__eps0p03__g0p005__ds0p05__dm0p05
Problem: NK
Kernel: rbf
Advantage: normalizedfitness
M: 4
lambda: 10
epsilon_svgd: 0.03
gamma: 0.005
decay_start_ratio: 0.05
decay_min_factor: 0.05
bandwith_kernel: None
no_interact: False
avg_score: 0.7524667382240295
median_score: 0.7526698112487793
std_score: 0.014223705977201462
percentiles: 2%=0.7222872972488403, 5%=0.7281537055969238, 10%=0.732719898223877, 25%=0.7431514859199524, 50%=0.7526698112487793, 75%=0.7628674507141113, 90%=0.7702216506004333, 95%=0.7738422751426697, 98%=0.7788426280021667
ranking_best_algo: Tabu
ranking_best_score: 0.7657846284375001
ranking_my_rank: 10/504 (98.2%)
ranking_my_percent: 98.21428571428571
