ConfigName: kfr__advglobalrankweighted__M5__L9__eps0p01__g0p003__ds0p01__dm0p01
Problem: QUBO
Kernel: fr
Advantage: globalrankweighted
M: 5
lambda: 9
epsilon_svgd: 0.01
gamma: 0.003
decay_start_ratio: 0.01
decay_min_factor: 0.01
bandwith_kernel: None
no_interact: False
avg_score: -894.9400024414062
median_score: -887.0
std_score: 67.43987274169922
percentiles: 2%=-1028.239990234375, 5%=-1005.7000122070312, 10%=-990.0999755859375, 25%=-942.25, 50%=-887.0, 75%=-849.75, 90%=-808.0, 95%=-786.7000122070312, 98%=-777.7399291992188
ranking_best_algo: CMAL3
ranking_best_score: 928.5800000000002
ranking_my_rank: 87/504 (82.9%)
ranking_my_percent: 82.93650793650794
