ConfigName: kjsd__advperagentrankweighted__M3__L24__eps0p005__g0p001__ds0p05__dm0p2
Problem: QUBO
Kernel: jsd
Advantage: peragentrankweighted
M: 3
lambda: 24
epsilon_svgd: 0.005
gamma: 0.001
decay_start_ratio: 0.05
decay_min_factor: 0.2
bandwith_kernel: None
no_interact: False
avg_score: -931.8400268554688
median_score: -924.0
std_score: 67.76012420654297
percentiles: 2%=-1070.0799560546875, 5%=-1043.199951171875, 10%=-1015.2000122070312, 25%=-982.0, 50%=-924.0, 75%=-881.0, 90%=-851.7000122070312, 95%=-840.5, 98%=-794.6799926757812
ranking_best_algo: CMApara
ranking_best_score: 964.9
ranking_my_rank: 19/504 (96.4%)
ranking_my_percent: 96.42857142857143
