ConfigName: kjsd__advperagentrankweighted__M3__L16__eps0p01__g0p001__ds0p1__dm0p05
Problem: NK
Kernel: jsd
Advantage: peragentrankweighted
M: 3
lambda: 16
epsilon_svgd: 0.01
gamma: 0.001
decay_start_ratio: 0.1
decay_min_factor: 0.05
bandwith_kernel: None
no_interact: False
avg_score: 0.709941565990448
median_score: 0.7112208008766174
std_score: 0.01533888466656208
percentiles: 2%=0.6712902188301086, 5%=0.6724730134010315, 10%=0.6949828863143921, 25%=0.7059146165847778, 50%=0.7112208008766174, 75%=0.7188064455986023, 90%=0.7252360582351685, 95%=0.7324236035346985, 98%=0.7328581213951111
ranking_best_algo: CMApara
ranking_best_score: 0.707475975
ranking_my_rank: 1/504 (100.0%)
ranking_my_percent: 100.0
