ConfigName: kjsd__advperagentrankweighted__M3__L18__eps0p005__g0p003__ds0p05__dm0p1
Problem: QUBO
Kernel: jsd
Advantage: peragentrankweighted
M: 3
lambda: 18
epsilon_svgd: 0.005
gamma: 0.003
decay_start_ratio: 0.05
decay_min_factor: 0.1
bandwith_kernel: None
no_interact: False
avg_score: -138.77999877929688
median_score: -141.0
std_score: 11.603086471557617
percentiles: 2%=-158.0, 5%=-156.0500030517578, 10%=-152.1999969482422, 25%=-146.25, 50%=-141.0, 75%=-130.0, 90%=-124.80000305175781, 95%=-117.94999694824219, 98%=-112.83999633789062
ranking_best_algo: DiscreteDE
ranking_best_score: 143.4
ranking_my_rank: 96/504 (81.2%)
ranking_my_percent: 81.15079365079364
