ConfigName: kjsd__advperagentrankweighted__M4__L30__eps0p005__g0p0007__ds0p2__dm0p05
Problem: NK
Kernel: jsd
Advantage: peragentrankweighted
M: 4
lambda: 30
epsilon_svgd: 0.005
gamma: 0.0007
decay_start_ratio: 0.2
decay_min_factor: 0.05
bandwith_kernel: None
no_interact: False
avg_score: 0.7109980583190918
median_score: 0.7117677330970764
std_score: 0.0151852210983634
percentiles: 2%=0.6735840439796448, 5%=0.6736738085746765, 10%=0.6964112520217896, 25%=0.7077601552009583, 50%=0.7117677330970764, 75%=0.7196811437606812, 90%=0.7254353165626526, 95%=0.7333096265792847, 98%=0.7340112924575806
ranking_best_algo: CMApara
ranking_best_score: 0.707475975
ranking_my_rank: 1/504 (100.0%)
ranking_my_percent: 100.0
