ConfigName: kjsd__advperagentrankweighted__M5__L28__eps0p008__g0p0005__ds0p05__dm0p05
Problem: QUBO
Kernel: jsd
Advantage: peragentrankweighted
M: 5
lambda: 28
epsilon_svgd: 0.008
gamma: 0.0005
decay_start_ratio: 0.05
decay_min_factor: 0.05
bandwith_kernel: None
no_interact: False
avg_score: -2538.43994140625
median_score: -2540.5
std_score: 131.34019470214844
percentiles: 2%=-2818.10009765625, 5%=-2782.0, 10%=-2708.5, 25%=-2626.25, 50%=-2540.5, 75%=-2454.5, 90%=-2365.39990234375, 95%=-2310.0, 98%=-2283.800048828125
ranking_best_algo: SVM1MetaModelLogNormal
ranking_best_score: 2605.14
ranking_my_rank: 44/504 (91.5%)
ranking_my_percent: 91.46825396825396
