ConfigName: krbf__advglobalrankweighted__M4__L9__eps0p02__g0p005__ds0p01__dm0p01
Problem: QUBO
Kernel: rbf
Advantage: globalrankweighted
M: 4
lambda: 9
epsilon_svgd: 0.02
gamma: 0.005
decay_start_ratio: 0.01
decay_min_factor: 0.01
bandwith_kernel: None
no_interact: False
avg_score: -439.9599914550781
median_score: -439.0
std_score: 25.806171417236328
percentiles: 2%=-483.1199951171875, 5%=-477.20001220703125, 10%=-472.20001220703125, 25%=-458.25, 50%=-439.0, 75%=-425.75, 90%=-407.8999938964844, 95%=-389.0, 98%=-383.7999572753906
ranking_best_algo: CMApara
ranking_best_score: 453.82
ranking_my_rank: 16/504 (97.0%)
ranking_my_percent: 97.02380952380952
