ConfigName: kjsd__advperagentrankweighted__M4__L20__eps0p005__g0p001__ds0p2__dm0p2
Problem: NK
Kernel: jsd
Advantage: peragentrankweighted
M: 4
lambda: 20
epsilon_svgd: 0.005
gamma: 0.001
decay_start_ratio: 0.2
decay_min_factor: 0.2
bandwith_kernel: None
no_interact: False
avg_score: 0.7450549602508545
median_score: 0.7411027550697327
std_score: 0.02829575166106224
percentiles: 2%=0.7050816416740417, 5%=0.7057748436927795, 10%=0.7101190686225891, 25%=0.7237350940704346, 50%=0.7411027550697327, 75%=0.7580187320709229, 90%=0.7783358693122864, 95%=0.8044298887252808, 98%=0.8118547797203064
ranking_best_algo: CMApara
ranking_best_score: 0.7459277895312499
ranking_my_rank: 2/504 (99.8%)
ranking_my_percent: 99.8015873015873
