ConfigName: krbf__advnormalizedfitness__M3__L15__eps0p033__g0p005__ds0p01__dm0p3
Problem: QUBO
Kernel: rbf
Advantage: normalizedfitness
M: 3
lambda: 15
epsilon_svgd: 0.033
gamma: 0.005
decay_start_ratio: 0.01
decay_min_factor: 0.3
bandwith_kernel: None
no_interact: False
avg_score: -2494.820068359375
median_score: -2471.0
std_score: 146.56468200683594
percentiles: 2%=-2801.419921875, 5%=-2748.10009765625, 10%=-2683.60009765625, 25%=-2596.25, 50%=-2471.0, 75%=-2397.25, 90%=-2310.39990234375, 95%=-2276.75, 98%=-2230.599853515625
ranking_best_algo: SVM1MetaModelLogNormal
ranking_best_score: 2605.14
ranking_my_rank: 65/504 (87.3%)
ranking_my_percent: 87.3015873015873
