ConfigName: krbf__advnormalizedfitness__M2__L10__eps0p033__g0p007__ds0p01__dm0p3
Problem: QUBO
Kernel: rbf
Advantage: normalizedfitness
M: 2
lambda: 10
epsilon_svgd: 0.033
gamma: 0.007
decay_start_ratio: 0.01
decay_min_factor: 0.3
bandwith_kernel: None
no_interact: False
avg_score: -1175.5999755859375
median_score: -1174.5
std_score: 54.23448944091797
percentiles: 2%=-1311.02001953125, 5%=-1273.6500244140625, 10%=-1237.199951171875, 25%=-1209.75, 50%=-1174.5, 75%=-1133.5, 90%=-1104.5999755859375, 95%=-1093.8499755859375, 98%=-1074.97998046875
ranking_best_algo: Tabu
ranking_best_score: 1216.16
ranking_my_rank: 82/504 (83.9%)
ranking_my_percent: 83.92857142857143
