ConfigName: krbf__advnormalizedfitness__M3__L8__eps0p025__g0p007__ds0p3__dm0p3
Problem: QUBO
Kernel: rbf
Advantage: normalizedfitness
M: 3
lambda: 8
epsilon_svgd: 0.025
gamma: 0.007
decay_start_ratio: 0.3
decay_min_factor: 0.3
bandwith_kernel: None
no_interact: False
avg_score: -3192.4599609375
median_score: -3212.5
std_score: 167.52334594726562
percentiles: 2%=-3554.0, 5%=-3468.699951171875, 10%=-3379.10009765625, 25%=-3305.25, 50%=-3212.5, 75%=-3059.0, 90%=-2983.699951171875, 95%=-2928.699951171875, 98%=-2875.599853515625
ranking_best_algo: RLSOnePlusOne
ranking_best_score: 3316.5199999999995
ranking_my_rank: 57/504 (88.9%)
ranking_my_percent: 88.88888888888889
