ConfigName: kjsd__advperagentrankweighted__M3__L16__eps0p005__g0p0005__ds0p05__dm0p2
Problem: QUBO
Kernel: jsd
Advantage: peragentrankweighted
M: 3
lambda: 16
epsilon_svgd: 0.005
gamma: 0.0005
decay_start_ratio: 0.05
decay_min_factor: 0.2
bandwith_kernel: None
no_interact: False
avg_score: -307.260009765625
median_score: -307.0
std_score: 40.879974365234375
percentiles: 2%=-390.0400085449219, 5%=-380.1000061035156, 10%=-359.79998779296875, 25%=-334.5, 50%=-307.0, 75%=-273.5, 90%=-255.60000610351562, 95%=-247.89999389648438, 98%=-243.0
ranking_best_algo: CMApara
ranking_best_score: 319.29999999999995
ranking_my_rank: 99/504 (80.6%)
ranking_my_percent: 80.55555555555556
