ConfigName: kjsd__advperagentrankweighted__M5__L8__eps0p02__g0p0007__ds0p2__dm0p05
Problem: QUBO
Kernel: jsd
Advantage: peragentrankweighted
M: 5
lambda: 8
epsilon_svgd: 0.02
gamma: 0.0007
decay_start_ratio: 0.2
decay_min_factor: 0.05
bandwith_kernel: None
no_interact: False
avg_score: -415.20001220703125
median_score: -414.0
std_score: 26.178617477416992
percentiles: 2%=-469.0400085449219, 5%=-457.0, 10%=-449.1000061035156, 25%=-434.0, 50%=-414.0, 75%=-396.0, 90%=-379.79998779296875, 95%=-370.0, 98%=-367.9599914550781
ranking_best_algo: Tabu
ranking_best_score: 438.12
ranking_my_rank: 50/504 (90.3%)
ranking_my_percent: 90.27777777777777
