ConfigName: kfr__advglobalrankweighted__M2__L11__eps0p02__g0p007__ds0p01__dm0p01
Problem: NK
Kernel: fr
Advantage: globalrankweighted
M: 2
lambda: 11
epsilon_svgd: 0.02
gamma: 0.007
decay_start_ratio: 0.01
decay_min_factor: 0.01
bandwith_kernel: None
no_interact: False
avg_score: 0.7534076571464539
median_score: 0.7532062530517578
std_score: 0.013384178280830383
percentiles: 2%=0.7286170721054077, 5%=0.7319980263710022, 10%=0.7362603545188904, 25%=0.7440671324729919, 50%=0.7532062530517578, 75%=0.763028621673584, 90%=0.770419180393219, 95%=0.7759345769882202, 98%=0.778388261795044
ranking_best_algo: Tabu
ranking_best_score: 0.7470791764843752
ranking_my_rank: 1/504 (100.0%)
ranking_my_percent: 100.0
