ConfigName: krbf__advnormalizedfitness__M4__L12__eps0p025__g0p005__ds0p3__dm0p3
Problem: NK
Kernel: rbf
Advantage: normalizedfitness
M: 4
lambda: 12
epsilon_svgd: 0.025
gamma: 0.005
decay_start_ratio: 0.3
decay_min_factor: 0.3
bandwith_kernel: None
no_interact: False
avg_score: 0.7464906573295593
median_score: 0.74614417552948
std_score: 0.014971322380006313
percentiles: 2%=0.72174072265625, 5%=0.7230055332183838, 10%=0.7290584444999695, 25%=0.7359727025032043, 50%=0.74614417552948, 75%=0.758314847946167, 90%=0.7656071186065674, 95%=0.7710990905761719, 98%=0.7765486836433411
ranking_best_algo: Tabu
ranking_best_score: 0.7470791764843752
ranking_my_rank: 2/504 (99.8%)
ranking_my_percent: 99.8015873015873
