ConfigName: kjsd__advperagentrankweighted__M5__L10__eps0p01__g0p0007__ds0p05__dm0p05
Problem: QUBO
Kernel: jsd
Advantage: peragentrankweighted
M: 5
lambda: 10
epsilon_svgd: 0.01
gamma: 0.0007
decay_start_ratio: 0.05
decay_min_factor: 0.05
bandwith_kernel: None
no_interact: False
avg_score: -1311.8599853515625
median_score: -1312.5
std_score: 54.39228057861328
percentiles: 2%=-1402.219970703125, 5%=-1392.0999755859375, 10%=-1378.0, 25%=-1354.25, 50%=-1312.5, 75%=-1273.75, 90%=-1241.5999755859375, 95%=-1215.449951171875, 98%=-1198.6400146484375
ranking_best_algo: BigLognormalDiscreteOnePlusOne
ranking_best_score: 1301.3600000000004
ranking_my_rank: 1/504 (100.0%)
ranking_my_percent: 100.0
