ConfigName: kjsd__advperagentrankweighted__M5__L10__eps0p01__g0p0005__ds0p05__dm0p2
Problem: QUBO
Kernel: jsd
Advantage: peragentrankweighted
M: 5
lambda: 10
epsilon_svgd: 0.01
gamma: 0.0005
decay_start_ratio: 0.05
decay_min_factor: 0.2
bandwith_kernel: None
no_interact: False
avg_score: -1204.0799560546875
median_score: -1195.0
std_score: 56.125694274902344
percentiles: 2%=-1335.5999755859375, 5%=-1286.300048828125, 10%=-1279.199951171875, 25%=-1241.0, 50%=-1195.0, 75%=-1160.75, 90%=-1139.9000244140625, 95%=-1125.949951171875, 98%=-1121.9000244140625
ranking_best_algo: Tabu
ranking_best_score: 1216.16
ranking_my_rank: 38/504 (92.7%)
ranking_my_percent: 92.65873015873017
