ConfigName: kjsd__advperagentrankweighted__M5__L8__eps0p005__g0p003__ds0p05__dm0p2
Problem: NK
Kernel: jsd
Advantage: peragentrankweighted
M: 5
lambda: 8
epsilon_svgd: 0.005
gamma: 0.003
decay_start_ratio: 0.05
decay_min_factor: 0.2
bandwith_kernel: None
no_interact: False
avg_score: 0.7487406730651855
median_score: 0.750157356262207
std_score: 0.015940267592668533
percentiles: 2%=0.7140859961509705, 5%=0.7212878465652466, 10%=0.7244160175323486, 25%=0.7380537986755371, 50%=0.750157356262207, 75%=0.7592308521270752, 90%=0.7688928246498108, 95%=0.771950900554657, 98%=0.7730161547660828
ranking_best_algo: Tabu
ranking_best_score: 0.7657846284375001
ranking_my_rank: 30/504 (94.2%)
ranking_my_percent: 94.24603174603175
