ConfigName: kjsd__advperagentrankweighted__M4__L12__eps0p03__g0p0003__ds0p05__dm0p05
Problem: QUBO
Kernel: jsd
Advantage: peragentrankweighted
M: 4
lambda: 12
epsilon_svgd: 0.03
gamma: 0.0003
decay_start_ratio: 0.05
decay_min_factor: 0.05
bandwith_kernel: None
no_interact: False
avg_score: -906.9600219726562
median_score: -907.0
std_score: 67.77328491210938
percentiles: 2%=-1026.1400146484375, 5%=-1018.25, 10%=-998.4000244140625, 25%=-956.25, 50%=-907.0, 75%=-860.75, 90%=-807.0, 95%=-802.9000244140625, 98%=-792.8800048828125
ranking_best_algo: CMApara
ranking_best_score: 964.9
ranking_my_rank: 101/504 (80.2%)
ranking_my_percent: 80.15873015873017
