ConfigName: kjsd__advperagentrankweighted__M5__L8__eps0p03__g0p0005__ds0p05__dm0p05
Problem: QUBO
Kernel: jsd
Advantage: peragentrankweighted
M: 5
lambda: 8
epsilon_svgd: 0.03
gamma: 0.0005
decay_start_ratio: 0.05
decay_min_factor: 0.05
bandwith_kernel: None
no_interact: False
avg_score: -417.739990234375
median_score: -418.0
std_score: 27.98879051208496
percentiles: 2%=-475.0400085449219, 5%=-467.20001220703125, 10%=-455.20001220703125, 25%=-435.0, 50%=-418.0, 75%=-399.75, 90%=-383.0, 95%=-376.54998779296875, 98%=-360.0
ranking_best_algo: CMAL3
ranking_best_score: 435.36
ranking_my_rank: 99/504 (80.6%)
ranking_my_percent: 80.55555555555556
