ConfigName: krbf__advnormalizedfitness__M4__L10__eps0p025__g0p015__ds0p01__dm0p01
Problem: NK
Kernel: rbf
Advantage: normalizedfitness
M: 4
lambda: 10
epsilon_svgd: 0.025
gamma: 0.015
decay_start_ratio: 0.01
decay_min_factor: 0.01
bandwith_kernel: None
no_interact: False
avg_score: 0.7102774977684021
median_score: 0.7108398675918579
std_score: 0.015112794004380703
percentiles: 2%=0.67237788438797, 5%=0.6735244989395142, 10%=0.6965895295143127, 25%=0.7070034742355347, 50%=0.7108398675918579, 75%=0.7187746167182922, 90%=0.7253614664077759, 95%=0.7314419150352478, 98%=0.7327058911323547
ranking_best_algo: CMApara
ranking_best_score: 0.707475975
ranking_my_rank: 1/504 (100.0%)
ranking_my_percent: 100.0
