ConfigName: krbf__advnormalizedfitness__M1__L8__eps0p033__g0p007__ds0p01__dm0p01
Problem: NK
Kernel: rbf
Advantage: normalizedfitness
M: 1
lambda: 8
epsilon_svgd: 0.033
gamma: 0.007
decay_start_ratio: 0.01
decay_min_factor: 0.01
bandwith_kernel: None
no_interact: False
avg_score: 0.7154902815818787
median_score: 0.7145644426345825
std_score: 0.01183497067540884
percentiles: 2%=0.6932751536369324, 5%=0.6955896615982056, 10%=0.700597882270813, 25%=0.7068532705307007, 50%=0.7145644426345825, 75%=0.7243185639381409, 90%=0.7306762933731079, 95%=0.7341573238372803, 98%=0.7378594875335693
ranking_best_algo: Tabu
ranking_best_score: 0.7429702712499999
ranking_my_rank: 85/504 (83.3%)
ranking_my_percent: 83.33333333333333
