ConfigName: kjsd__advperagentrankweighted__M4__L12__eps0p01__g0p0003__ds0p2__dm0p05
Problem: QUBO
Kernel: jsd
Advantage: peragentrankweighted
M: 4
lambda: 12
epsilon_svgd: 0.01
gamma: 0.0003
decay_start_ratio: 0.2
decay_min_factor: 0.05
bandwith_kernel: None
no_interact: False
avg_score: -146.55999755859375
median_score: -146.0
std_score: 13.90993881225586
percentiles: 2%=-179.0, 5%=-175.1999969482422, 10%=-164.0, 25%=-155.0, 50%=-146.0, 75%=-137.0, 90%=-131.89999389648438, 95%=-126.0, 98%=-115.95999908447266
ranking_best_algo: CMApara
ranking_best_score: 154.28
ranking_my_rank: 110/504 (78.4%)
ranking_my_percent: 78.37301587301587
