ConfigName: krbf__advnormalizedfitness__M1__L8__eps0p033__g0p005__ds0p3__dm0p01
Problem: NK
Kernel: rbf
Advantage: normalizedfitness
M: 1
lambda: 8
epsilon_svgd: 0.033
gamma: 0.005
decay_start_ratio: 0.3
decay_min_factor: 0.01
bandwith_kernel: None
no_interact: False
avg_score: 0.710552990436554
median_score: 0.7107303142547607
std_score: 0.00879859458655119
percentiles: 2%=0.6902227401733398, 5%=0.6934105753898621, 10%=0.6988825798034668, 25%=0.7064094543457031, 50%=0.7107303142547607, 75%=0.7156252264976501, 90%=0.7212026715278625, 95%=0.7247175574302673, 98%=0.7282289266586304
ranking_best_algo: PBIL
ranking_best_score: 0.7170882103515624
ranking_my_rank: 48/504 (90.7%)
ranking_my_percent: 90.67460317460318
