ConfigName: kfr__advglobalrankweighted__M4__L24__eps0p06__g0p005__ds0p01__dm0p01
Problem: QUBO
Kernel: fr
Advantage: globalrankweighted
M: 4
lambda: 24
epsilon_svgd: 0.06
gamma: 0.005
decay_start_ratio: 0.01
decay_min_factor: 0.01
bandwith_kernel: None
no_interact: False
avg_score: -1586.3800048828125
median_score: -1587.5
std_score: 56.99188995361328
percentiles: 2%=-1700.219970703125, 5%=-1676.3499755859375, 10%=-1668.300048828125, 25%=-1625.5, 50%=-1587.5, 75%=-1547.75, 90%=-1508.800048828125, 95%=-1493.8499755859375, 98%=-1478.800048828125
ranking_best_algo: NLOPT_LN_PRAXIS
ranking_best_score: 1607.12
ranking_my_rank: 41/504 (92.1%)
ranking_my_percent: 92.06349206349206
