ConfigName: krbf__advnormalizedfitness__M3__L15__eps0p025__g0p007__ds0p3__dm0p01
Problem: QUBO
Kernel: rbf
Advantage: normalizedfitness
M: 3
lambda: 15
epsilon_svgd: 0.025
gamma: 0.007
decay_start_ratio: 0.3
decay_min_factor: 0.01
bandwith_kernel: None
no_interact: False
avg_score: -3109.679931640625
median_score: -3127.5
std_score: 199.91622924804688
percentiles: 2%=-3494.39990234375, 5%=-3403.60009765625, 10%=-3369.300048828125, 25%=-3239.75, 50%=-3127.5, 75%=-2981.0, 90%=-2878.10009765625, 95%=-2754.050048828125, 98%=-2711.93994140625
ranking_best_algo: RLSOnePlusOne
ranking_best_score: 3316.5199999999995
ranking_my_rank: 81/504 (84.1%)
ranking_my_percent: 84.12698412698413
