ConfigName: krbf__advnormalizedfitness__M3__L15__eps0p033__g0p015__ds0p15__dm0p01
Problem: QUBO
Kernel: rbf
Advantage: normalizedfitness
M: 3
lambda: 15
epsilon_svgd: 0.033
gamma: 0.015
decay_start_ratio: 0.15
decay_min_factor: 0.01
bandwith_kernel: None
no_interact: False
avg_score: -415.8599853515625
median_score: -414.0
std_score: 25.513532638549805
percentiles: 2%=-475.0400085449219, 5%=-459.29998779296875, 10%=-450.20001220703125, 25%=-434.0, 50%=-414.0, 75%=-396.0, 90%=-384.0, 95%=-377.9000244140625, 98%=-373.8799743652344
ranking_best_algo: Tabu
ranking_best_score: 438.12
ranking_my_rank: 45/504 (91.3%)
ranking_my_percent: 91.26984126984127
