ConfigName: kjsd__advperagentrankweighted__M3__L18__eps0p01__g0p0005__ds0p2__dm0p2
Problem: NK
Kernel: jsd
Advantage: peragentrankweighted
M: 3
lambda: 18
epsilon_svgd: 0.01
gamma: 0.0005
decay_start_ratio: 0.2
decay_min_factor: 0.2
bandwith_kernel: None
no_interact: False
avg_score: 0.7105717658996582
median_score: 0.70106041431427
std_score: 0.03179916366934776
percentiles: 2%=0.673082172870636, 5%=0.6734704971313477, 10%=0.6747940182685852, 25%=0.6820777654647827, 50%=0.70106041431427, 75%=0.7457116842269897, 90%=0.7523034811019897, 95%=0.7613165378570557, 98%=0.7613165378570557
ranking_best_algo: CMApara
ranking_best_score: 0.7118996098437498
ranking_my_rank: 20/504 (96.2%)
ranking_my_percent: 96.23015873015873
