ConfigName: krbf__advnormalizedfitness__M3__L10__eps0p033__g0p015__ds0p01__dm0p3
Problem: QUBO
Kernel: rbf
Advantage: normalizedfitness
M: 3
lambda: 10
epsilon_svgd: 0.033
gamma: 0.015
decay_start_ratio: 0.01
decay_min_factor: 0.3
bandwith_kernel: None
no_interact: False
avg_score: -1207.0400390625
median_score: -1204.0
std_score: 70.96208953857422
percentiles: 2%=-1339.1199951171875, 5%=-1330.25, 10%=-1315.300048828125, 25%=-1251.75, 50%=-1204.0, 75%=-1160.5, 90%=-1117.4000244140625, 95%=-1083.0, 98%=-1074.599853515625
ranking_best_algo: BigLognormalDiscreteOnePlusOne
ranking_best_score: 1301.3600000000004
ranking_my_rank: 83/504 (83.7%)
ranking_my_percent: 83.73015873015873
