ConfigName: krbf__advnormalizedfitness__M4__L12__eps0p033__g0p007__ds0p3__dm0p3
Problem: NK
Kernel: rbf
Advantage: normalizedfitness
M: 4
lambda: 12
epsilon_svgd: 0.033
gamma: 0.007
decay_start_ratio: 0.3
decay_min_factor: 0.3
bandwith_kernel: None
no_interact: False
avg_score: 0.7464171051979065
median_score: 0.748916745185852
std_score: 0.016383571550250053
percentiles: 2%=0.7146643400192261, 5%=0.7200083136558533, 10%=0.7251467108726501, 25%=0.7331503629684448, 50%=0.748916745185852, 75%=0.7593014240264893, 90%=0.766460657119751, 95%=0.7712864875793457, 98%=0.7774226665496826
ranking_best_algo: Tabu
ranking_best_score: 0.7470791764843752
ranking_my_rank: 3/504 (99.6%)
ranking_my_percent: 99.60317460317461
