ConfigName: kjsd__advperagentrankweighted__M3__L30__eps0p005__g0p001__ds0p05__dm0p2
Problem: QUBO
Kernel: jsd
Advantage: peragentrankweighted
M: 3
lambda: 30
epsilon_svgd: 0.005
gamma: 0.001
decay_start_ratio: 0.05
decay_min_factor: 0.2
bandwith_kernel: None
no_interact: False
avg_score: -434.8999938964844
median_score: -434.0
std_score: 27.315013885498047
percentiles: 2%=-487.0, 5%=-475.20001220703125, 10%=-468.29998779296875, 25%=-457.25, 50%=-434.0, 75%=-413.0, 90%=-400.8999938964844, 95%=-387.8500061035156, 98%=-379.8999938964844
ranking_best_algo: CMApara
ranking_best_score: 453.82
ranking_my_rank: 38/504 (92.7%)
ranking_my_percent: 92.65873015873017
