ConfigName: krbf__advnormalizedfitness__M1__L8__eps0p015__g0p015__ds0p3__dm0p3
Problem: QUBO
Kernel: rbf
Advantage: normalizedfitness
M: 1
lambda: 8
epsilon_svgd: 0.015
gamma: 0.015
decay_start_ratio: 0.3
decay_min_factor: 0.3
bandwith_kernel: None
no_interact: False
avg_score: -572.6599731445312
median_score: -568.0
std_score: 28.107017517089844
percentiles: 2%=-629.0800170898438, 5%=-615.2000122070312, 10%=-613.0, 25%=-593.75, 50%=-568.0, 75%=-552.0, 90%=-542.7999877929688, 95%=-533.9000244140625, 98%=-520.8599853515625
ranking_best_algo: Tabu
ranking_best_score: 588.7199999999999
ranking_my_rank: 62/503 (87.9%)
ranking_my_percent: 87.8727634194831
