ConfigName: kjsd__advperagentrankweighted__M4__L12__eps0p005__g0p0005__ds0p05__dm0p2
Problem: QUBO
Kernel: jsd
Advantage: peragentrankweighted
M: 4
lambda: 12
epsilon_svgd: 0.005
gamma: 0.0005
decay_start_ratio: 0.05
decay_min_factor: 0.2
bandwith_kernel: None
no_interact: False
avg_score: -417.1600036621094
median_score: -415.5
std_score: 25.182819366455078
percentiles: 2%=-471.0400085449219, 5%=-469.0, 10%=-446.0, 25%=-434.5, 50%=-415.5, 75%=-400.0, 90%=-389.79998779296875, 95%=-378.0, 98%=-370.0
ranking_best_algo: Tabu
ranking_best_score: 438.12
ranking_my_rank: 41/504 (92.1%)
ranking_my_percent: 92.06349206349206
