ConfigName: krbf__advnormalizedfitness__M3__L10__eps0p015__g0p005__ds0p01__dm0p01
Problem: QUBO
Kernel: rbf
Advantage: normalizedfitness
M: 3
lambda: 10
epsilon_svgd: 0.015
gamma: 0.005
decay_start_ratio: 0.01
decay_min_factor: 0.01
bandwith_kernel: None
no_interact: False
avg_score: -330.760009765625
median_score: -334.0
std_score: 19.00585174560547
percentiles: 2%=-361.1400146484375, 5%=-357.0, 10%=-350.0, 25%=-343.0, 50%=-334.0, 75%=-320.0, 90%=-305.8999938964844, 95%=-290.0, 98%=-287.91998291015625
ranking_best_algo: CMApara
ranking_best_score: 344.22
ranking_my_rank: 77/504 (84.9%)
ranking_my_percent: 84.92063492063492
