ConfigName: kjsd__advperagentrankweighted__M5__L24__eps0p03__g0p0007__ds0p05__dm0p05
Problem: QUBO
Kernel: jsd
Advantage: peragentrankweighted
M: 5
lambda: 24
epsilon_svgd: 0.03
gamma: 0.0007
decay_start_ratio: 0.05
decay_min_factor: 0.05
bandwith_kernel: None
no_interact: False
avg_score: -138.5800018310547
median_score: -139.5
std_score: 11.895528793334961
percentiles: 2%=-159.02000427246094, 5%=-157.0, 10%=-156.0, 25%=-146.0, 50%=-139.5, 75%=-131.0, 90%=-120.80000305175781, 95%=-118.9000015258789, 98%=-115.0
ranking_best_algo: DiscreteDE
ranking_best_score: 143.4
ranking_my_rank: 98/504 (80.8%)
ranking_my_percent: 80.75396825396825
