ConfigName: krbf__advnormalizedfitness__M3__L10__eps0p025__g0p005__ds0p15__dm0p3
Problem: NK
Kernel: rbf
Advantage: normalizedfitness
M: 3
lambda: 10
epsilon_svgd: 0.025
gamma: 0.005
decay_start_ratio: 0.15
decay_min_factor: 0.3
bandwith_kernel: None
no_interact: False
avg_score: 0.6953394412994385
median_score: 0.6922299861907959
std_score: 0.016287297010421753
percentiles: 2%=0.6663551330566406, 5%=0.6717502474784851, 10%=0.6769383549690247, 25%=0.6840300559997559, 50%=0.6922299861907959, 75%=0.7051838636398315, 90%=0.7197075486183167, 95%=0.7266914248466492, 98%=0.7285732626914978
ranking_best_algo: PBIL
ranking_best_score: 0.7170882103515624
ranking_my_rank: 85/504 (83.3%)
ranking_my_percent: 83.33333333333333
