ConfigName: krbf__advnormalizedfitness__M3__L8__eps0p033__g0p01__ds0p3__dm0p3
Problem: QUBO
Kernel: rbf
Advantage: normalizedfitness
M: 3
lambda: 8
epsilon_svgd: 0.033
gamma: 0.01
decay_start_ratio: 0.3
decay_min_factor: 0.3
bandwith_kernel: None
no_interact: False
avg_score: -146.63999938964844
median_score: -146.0
std_score: 12.67084789276123
percentiles: 2%=-179.0, 5%=-164.75, 10%=-158.0, 25%=-154.25, 50%=-146.0, 75%=-139.75, 90%=-133.0, 95%=-128.80001831054688, 98%=-114.0
ranking_best_algo: CMApara
ranking_best_score: 154.28
ranking_my_rank: 110/504 (78.4%)
ranking_my_percent: 78.37301587301587
