ConfigName: kjsd__advperagentrankweighted__M5__L8__eps0p03__g0p0003__ds0p05__dm0p05
Problem: NK
Kernel: jsd
Advantage: peragentrankweighted
M: 5
lambda: 8
epsilon_svgd: 0.03
gamma: 0.0003
decay_start_ratio: 0.05
decay_min_factor: 0.05
bandwith_kernel: None
no_interact: False
avg_score: 0.6998835802078247
median_score: 0.700981616973877
std_score: 0.012366840615868568
percentiles: 2%=0.6788478493690491, 5%=0.6802065372467041, 10%=0.6825112104415894, 25%=0.6900001764297485, 50%=0.700981616973877, 75%=0.7104774713516235, 90%=0.7153863906860352, 95%=0.7167812585830688, 98%=0.718679666519165
ranking_best_algo: PBIL
ranking_best_score: 0.7013553837109374
ranking_my_rank: 2/504 (99.8%)
ranking_my_percent: 99.8015873015873
