ConfigName: krbf__advnormalizedfitness__M1__L8__eps0p025__g0p005__ds0p01__dm0p01
Problem: QUBO
Kernel: rbf
Advantage: normalizedfitness
M: 1
lambda: 8
epsilon_svgd: 0.025
gamma: 0.005
decay_start_ratio: 0.01
decay_min_factor: 0.01
bandwith_kernel: None
no_interact: False
avg_score: -185.27999877929688
median_score: -185.0
std_score: 21.750438690185547
percentiles: 2%=-222.0399932861328, 5%=-219.10000610351562, 10%=-208.10000610351562, 25%=-200.25, 50%=-185.0, 75%=-172.0, 90%=-165.89999389648438, 95%=-156.80001831054688, 98%=-143.97999572753906
ranking_best_algo: Tabu
ranking_best_score: 208.36000000000004
ranking_my_rank: 267/504 (47.2%)
ranking_my_percent: 47.22222222222222
