ConfigName: kfr__advglobalrankweighted__M1__L11__eps0p015__g0p003__ds0p01__dm0p01
Problem: QUBO
Kernel: fr
Advantage: globalrankweighted
M: 1
lambda: 11
epsilon_svgd: 0.015
gamma: 0.003
decay_start_ratio: 0.01
decay_min_factor: 0.01
bandwith_kernel: None
no_interact: False
avg_score: -1264.719970703125
median_score: -1260.0
std_score: 68.19429779052734
percentiles: 2%=-1406.4200439453125, 5%=-1385.5, 10%=-1354.0999755859375, 25%=-1314.75, 50%=-1260.0, 75%=-1216.5, 90%=-1175.9000244140625, 95%=-1151.0, 98%=-1148.679931640625
ranking_best_algo: BigLognormalDiscreteOnePlusOne
ranking_best_score: 1301.3600000000004
ranking_my_rank: 50/504 (90.3%)
ranking_my_percent: 90.27777777777777
