ConfigName: krbf__advnormalizedfitness__M4__L10__eps0p01__g0p0005__ds0p05__dm0p05
Problem: NK
Kernel: rbf
Advantage: normalizedfitness
M: 4
lambda: 10
epsilon_svgd: 0.01
gamma: 0.0005
decay_start_ratio: 0.05
decay_min_factor: 0.05
bandwith_kernel: None
no_interact: False
avg_score: 0.70819091796875
median_score: 0.7095311880111694
std_score: 0.01568673551082611
percentiles: 2%=0.6678960919380188, 5%=0.670319139957428, 10%=0.6928722262382507, 25%=0.7056110501289368, 50%=0.7095311880111694, 75%=0.7170078158378601, 90%=0.725173830986023, 95%=0.7316775918006897, 98%=0.7330409288406372
ranking_best_algo: CMApara
ranking_best_score: 0.707475975
ranking_my_rank: 1/504 (100.0%)
ranking_my_percent: 100.0
