ConfigName: kjsd__advperagentrankweighted__M3__L18__eps0p005__g0p003__ds0p1__dm0p1
Problem: NK
Kernel: jsd
Advantage: peragentrankweighted
M: 3
lambda: 18
epsilon_svgd: 0.005
gamma: 0.003
decay_start_ratio: 0.1
decay_min_factor: 0.1
bandwith_kernel: None
no_interact: False
avg_score: 0.7439312934875488
median_score: 0.7422863841056824
std_score: 0.01702270284295082
percentiles: 2%=0.713051438331604, 5%=0.7189584970474243, 10%=0.721530556678772, 25%=0.7324081659317017, 50%=0.7422863841056824, 75%=0.7562031745910645, 90%=0.7670997977256775, 95%=0.7714458107948303, 98%=0.7753119468688965
ranking_best_algo: Tabu
ranking_best_score: 0.7470791764843752
ranking_my_rank: 3/504 (99.6%)
ranking_my_percent: 99.60317460317461
