ConfigName: krbf__advnormalizedfitness__M3__L12__eps0p033__g0p007__ds0p15__dm0p3
Problem: NK
Kernel: rbf
Advantage: normalizedfitness
M: 3
lambda: 12
epsilon_svgd: 0.033
gamma: 0.007
decay_start_ratio: 0.15
decay_min_factor: 0.3
bandwith_kernel: None
no_interact: False
avg_score: 0.737060010433197
median_score: 0.7385574579238892
std_score: 0.008270940743386745
percentiles: 2%=0.7187212705612183, 5%=0.72316974401474, 10%=0.7246488928794861, 25%=0.7304733395576477, 50%=0.7385574579238892, 75%=0.7431924343109131, 90%=0.7458013296127319, 95%=0.7468821406364441, 98%=0.7527275085449219
ranking_best_algo: PBIL
ranking_best_score: 0.730509098125
ranking_my_rank: 1/504 (100.0%)
ranking_my_percent: 100.0
