ConfigName: kjsd__advperagentrankweighted__M3__L18__eps0p01__g0p001__ds0p1__dm0p1
Problem: NK
Kernel: jsd
Advantage: peragentrankweighted
M: 3
lambda: 18
epsilon_svgd: 0.01
gamma: 0.001
decay_start_ratio: 0.1
decay_min_factor: 0.1
bandwith_kernel: None
no_interact: False
avg_score: 0.7435571551322937
median_score: 0.741966962814331
std_score: 0.027924401685595512
percentiles: 2%=0.6981501579284668, 5%=0.705349862575531, 10%=0.7101755142211914, 25%=0.7249639630317688, 50%=0.741966962814331, 75%=0.7580187320709229, 90%=0.777646005153656, 95%=0.8044298887252808, 98%=0.8044298887252808
ranking_best_algo: CMApara
ranking_best_score: 0.7459277895312499
ranking_my_rank: 8/504 (98.6%)
ranking_my_percent: 98.61111111111111
