ConfigName: krbf__advnormalizedfitness__M3__L15__eps0p033__g0p01__ds0p3__dm0p01
Problem: QUBO
Kernel: rbf
Advantage: normalizedfitness
M: 3
lambda: 15
epsilon_svgd: 0.033
gamma: 0.01
decay_start_ratio: 0.3
decay_min_factor: 0.01
bandwith_kernel: None
no_interact: False
avg_score: -927.780029296875
median_score: -921.5
std_score: 60.3474235534668
percentiles: 2%=-1068.1600341796875, 5%=-1030.9000244140625, 10%=-1013.0, 25%=-966.5, 50%=-921.5, 75%=-883.75, 90%=-850.7999877929688, 95%=-838.9000244140625, 98%=-830.8999633789062
ranking_best_algo: CMApara
ranking_best_score: 964.9
ranking_my_rank: 21/504 (96.0%)
ranking_my_percent: 96.03174603174604
