ConfigName: kjsd__advperagentrankweighted__M3__L18__eps0p007__g0p0005__ds0p2__dm0p1
Problem: QUBO
Kernel: jsd
Advantage: peragentrankweighted
M: 3
lambda: 18
epsilon_svgd: 0.007
gamma: 0.0005
decay_start_ratio: 0.2
decay_min_factor: 0.1
bandwith_kernel: None
no_interact: False
avg_score: -2609.3798828125
median_score: -2609.0
std_score: 115.71937561035156
percentiles: 2%=-2852.139892578125, 5%=-2805.949951171875, 10%=-2758.10009765625, 25%=-2686.75, 50%=-2609.0, 75%=-2530.0, 90%=-2458.699951171875, 95%=-2426.64990234375, 98%=-2379.9599609375
ranking_best_algo: SVM1MetaModelLogNormal
ranking_best_score: 2605.14
ranking_my_rank: 1/504 (100.0%)
ranking_my_percent: 100.0
