ConfigName: kjsd__advperagentrankweighted__M4__L20__eps0p005__g0p0005__ds0p05__dm0p05
Problem: QUBO
Kernel: jsd
Advantage: peragentrankweighted
M: 4
lambda: 20
epsilon_svgd: 0.005
gamma: 0.0005
decay_start_ratio: 0.05
decay_min_factor: 0.05
bandwith_kernel: None
no_interact: False
avg_score: -441.3999938964844
median_score: -440.5
std_score: 26.390905380249023
percentiles: 2%=-487.0400085449219, 5%=-475.1499938964844, 10%=-472.1000061035156, 25%=-465.0, 50%=-440.5, 75%=-420.5, 90%=-404.0, 95%=-397.95001220703125, 98%=-389.9800109863281
ranking_best_algo: CMApara
ranking_best_score: 453.82
ranking_my_rank: 11/504 (98.0%)
ranking_my_percent: 98.01587301587301
