ConfigName: kjsd__advperagentrankweighted__M3__L24__eps0p005__g0p0005__ds0p05__dm0p05
Problem: NK
Kernel: jsd
Advantage: peragentrankweighted
M: 3
lambda: 24
epsilon_svgd: 0.005
gamma: 0.0005
decay_start_ratio: 0.05
decay_min_factor: 0.05
bandwith_kernel: None
no_interact: False
avg_score: 0.7569656372070312
median_score: 0.7571761608123779
std_score: 0.012864897958934307
percentiles: 2%=0.7315680384635925, 5%=0.7377878427505493, 10%=0.7415059804916382, 25%=0.7474398612976074, 50%=0.7571761608123779, 75%=0.7669106721878052, 90%=0.7720537781715393, 95%=0.774478554725647, 98%=0.7819337844848633
ranking_best_algo: Tabu
ranking_best_score: 0.7470791764843752
ranking_my_rank: 1/504 (100.0%)
ranking_my_percent: 100.0
