ConfigName: kjsd__advperagentrankweighted__M6__L12__eps0p008__g0p0005__ds0p05__dm0p05
Problem: QUBO
Kernel: jsd
Advantage: peragentrankweighted
M: 6
lambda: 12
epsilon_svgd: 0.008
gamma: 0.0005
decay_start_ratio: 0.05
decay_min_factor: 0.05
bandwith_kernel: None
no_interact: False
avg_score: -1242.4599609375
median_score: -1243.0
std_score: 58.15538024902344
percentiles: 2%=-1363.6400146484375, 5%=-1345.5, 10%=-1317.199951171875, 25%=-1274.0, 50%=-1243.0, 75%=-1205.5, 90%=-1170.5999755859375, 95%=-1155.949951171875, 98%=-1126.800048828125
ranking_best_algo: SVMMetaModelLogNormal
ranking_best_score: 1233.7999999999997
ranking_my_rank: 1/504 (100.0%)
ranking_my_percent: 100.0
