ConfigName: kjsd__advperagentrankweighted__M3__L24__eps0p007__g0p001__ds0p2__dm0p05
Problem: NK
Kernel: jsd
Advantage: peragentrankweighted
M: 3
lambda: 24
epsilon_svgd: 0.007
gamma: 0.001
decay_start_ratio: 0.2
decay_min_factor: 0.05
bandwith_kernel: None
no_interact: False
avg_score: 0.7350703477859497
median_score: 0.7338519096374512
std_score: 0.010807538405060768
percentiles: 2%=0.7199881672859192, 5%=0.7216660976409912, 10%=0.7234686613082886, 25%=0.7264895439147949, 50%=0.7338519096374512, 75%=0.7425684928894043, 90%=0.7493599653244019, 95%=0.7516403794288635, 98%=0.7565563917160034
ranking_best_algo: Tabu
ranking_best_score: 0.7429702712499999
ranking_my_rank: 2/504 (99.8%)
ranking_my_percent: 99.8015873015873
