ConfigName: kjsd__advperagentrankweighted__M3__L20__eps0p005__g0p001__ds0p1__dm0p05
Problem: NK
Kernel: jsd
Advantage: peragentrankweighted
M: 3
lambda: 20
epsilon_svgd: 0.005
gamma: 0.001
decay_start_ratio: 0.1
decay_min_factor: 0.05
bandwith_kernel: None
no_interact: False
avg_score: 0.7362577319145203
median_score: 0.7377527952194214
std_score: 0.008506239391863346
percentiles: 2%=0.7128554582595825, 5%=0.718893826007843, 10%=0.723580002784729, 25%=0.732367753982544, 50%=0.7377527952194214, 75%=0.7425770163536072, 90%=0.7451697587966919, 95%=0.7460320591926575, 98%=0.748060405254364
ranking_best_algo: PBIL
ranking_best_score: 0.7248786399609374
ranking_my_rank: 1/504 (100.0%)
ranking_my_percent: 100.0
