ConfigName: kjsd__advperagentrankweighted__M4__L10__eps0p02__g0p0005__ds0p2__dm0p05
Problem: NK
Kernel: jsd
Advantage: peragentrankweighted
M: 4
lambda: 10
epsilon_svgd: 0.02
gamma: 0.0005
decay_start_ratio: 0.2
decay_min_factor: 0.05
bandwith_kernel: None
no_interact: False
avg_score: 0.7108861804008484
median_score: 0.7107563614845276
std_score: 0.007492697797715664
percentiles: 2%=0.6970948576927185, 5%=0.69857257604599, 10%=0.7005755305290222, 25%=0.7051808834075928, 50%=0.7107563614845276, 75%=0.7173598408699036, 90%=0.7192222476005554, 95%=0.7212145328521729, 98%=0.7239463925361633
ranking_best_algo: PBIL
ranking_best_score: 0.7170882103515624
ranking_my_rank: 44/504 (91.5%)
ranking_my_percent: 91.46825396825396
