ConfigName: kfr__advglobalrankweighted__M5__L9__eps0p02__g0p005__ds0p01__dm0p01
Problem: QUBO
Kernel: fr
Advantage: globalrankweighted
M: 5
lambda: 9
epsilon_svgd: 0.02
gamma: 0.005
decay_start_ratio: 0.01
decay_min_factor: 0.01
bandwith_kernel: None
no_interact: False
avg_score: -139.44000244140625
median_score: -141.0
std_score: 11.276808738708496
percentiles: 2%=-159.0, 5%=-158.0500030517578, 10%=-152.1999969482422, 25%=-147.0, 50%=-141.0, 75%=-130.0, 90%=-125.0, 95%=-121.0, 98%=-117.0
ranking_best_algo: DiscreteDE
ranking_best_score: 143.4
ranking_my_rank: 85/504 (83.3%)
ranking_my_percent: 83.33333333333333
