ConfigName: krbf__advnormalizedfitness__M3__L10__eps0p025__g0p005__ds0p01__dm0p01
Problem: QUBO
Kernel: rbf
Advantage: normalizedfitness
M: 3
lambda: 10
epsilon_svgd: 0.025
gamma: 0.005
decay_start_ratio: 0.01
decay_min_factor: 0.01
bandwith_kernel: None
no_interact: False
avg_score: -437.32000732421875
median_score: -443.0
std_score: 27.54737091064453
percentiles: 2%=-484.0799865722656, 5%=-477.20001220703125, 10%=-472.0, 25%=-459.0, 50%=-443.0, 75%=-418.5, 90%=-398.6000061035156, 95%=-387.95001220703125, 98%=-384.8199462890625
ranking_best_algo: CMApara
ranking_best_score: 453.82
ranking_my_rank: 28/504 (94.6%)
ranking_my_percent: 94.64285714285714
