ConfigName: krbf__advnormalizedfitness__M4__L8__eps0p033__g0p01__ds0p3__dm0p3
Problem: QUBO
Kernel: rbf
Advantage: normalizedfitness
M: 4
lambda: 8
epsilon_svgd: 0.033
gamma: 0.01
decay_start_ratio: 0.3
decay_min_factor: 0.3
bandwith_kernel: None
no_interact: False
avg_score: -436.3999938964844
median_score: -440.5
std_score: 25.775959014892578
percentiles: 2%=-484.0799865722656, 5%=-472.04998779296875, 10%=-468.0, 25%=-455.0, 50%=-440.5, 75%=-419.75, 90%=-402.79998779296875, 95%=-393.0, 98%=-377.8399658203125
ranking_best_algo: CMApara
ranking_best_score: 453.82
ranking_my_rank: 30/504 (94.2%)
ranking_my_percent: 94.24603174603175
