ConfigName: krbf__advnormalizedfitness__M4__L10__eps0p015__g0p005__ds0p01__dm0p3
Problem: NK
Kernel: rbf
Advantage: normalizedfitness
M: 4
lambda: 10
epsilon_svgd: 0.015
gamma: 0.005
decay_start_ratio: 0.01
decay_min_factor: 0.3
bandwith_kernel: None
no_interact: False
avg_score: 0.6257924437522888
median_score: 0.621008038520813
std_score: 0.016261771321296692
percentiles: 2%=0.6061280965805054, 5%=0.6081738471984863, 10%=0.6101335883140564, 25%=0.6152592301368713, 50%=0.621008038520813, 75%=0.632046103477478, 90%=0.6470271944999695, 95%=0.6607297658920288, 98%=0.6693773865699768
ranking_best_algo: Tabu
ranking_best_score: 0.7429702712499999
ranking_my_rank: 367/504 (27.4%)
ranking_my_percent: 27.38095238095238
