ConfigName: kfr__advglobalrankweighted__M4__L5__eps0p01__g0p001__ds0p01__dm0p01
Problem: NK
Kernel: fr
Advantage: globalrankweighted
M: 4
lambda: 5
epsilon_svgd: 0.01
gamma: 0.001
decay_start_ratio: 0.01
decay_min_factor: 0.01
bandwith_kernel: None
no_interact: False
avg_score: 0.745802104473114
median_score: 0.7439906597137451
std_score: 0.011965629644691944
percentiles: 2%=0.7224438786506653, 5%=0.7260581254959106, 10%=0.7310659885406494, 25%=0.7379778623580933, 50%=0.7439906597137451, 75%=0.7551009058952332, 90%=0.7622668743133545, 95%=0.7648627161979675, 98%=0.7676010727882385
ranking_best_algo: Tabu
ranking_best_score: 0.7470791764843752
ranking_my_rank: 3/504 (99.6%)
ranking_my_percent: 99.60317460317461
