ConfigName: kjsd__advperagentrankweighted__M3__L24__eps0p005__g0p0005__ds0p1__dm0p2
Problem: QUBO
Kernel: jsd
Advantage: peragentrankweighted
M: 3
lambda: 24
epsilon_svgd: 0.005
gamma: 0.0005
decay_start_ratio: 0.1
decay_min_factor: 0.2
bandwith_kernel: None
no_interact: False
avg_score: -426.260009765625
median_score: -426.5
std_score: 29.85787010192871
percentiles: 2%=-479.0400085449219, 5%=-477.1000061035156, 10%=-463.20001220703125, 25%=-451.25, 50%=-426.5, 75%=-406.0, 90%=-388.6000061035156, 95%=-373.75, 98%=-366.9800109863281
ranking_best_algo: CMAL3
ranking_best_score: 435.36
ranking_my_rank: 23/504 (95.6%)
ranking_my_percent: 95.63492063492063
