ConfigName: krbf__advnormalizedfitness__M2__L8__eps0p015__g0p015__ds0p3__dm0p01
Problem: NK
Kernel: rbf
Advantage: normalizedfitness
M: 2
lambda: 8
epsilon_svgd: 0.015
gamma: 0.015
decay_start_ratio: 0.3
decay_min_factor: 0.01
bandwith_kernel: None
no_interact: False
avg_score: 0.7443366050720215
median_score: 0.7423104643821716
std_score: 0.028851492330431938
percentiles: 2%=0.6998164057731628, 5%=0.705699622631073, 10%=0.7114495635032654, 25%=0.7219505310058594, 50%=0.7423104643821716, 75%=0.7593508958816528, 90%=0.7783373594284058, 95%=0.8044605851173401, 98%=0.8118547797203064
ranking_best_algo: CMApara
ranking_best_score: 0.7459277895312499
ranking_my_rank: 5/504 (99.2%)
ranking_my_percent: 99.2063492063492
