ConfigName: kjsd__advperagentrankweighted__M3__L20__eps0p007__g0p003__ds0p05__dm0p2
Problem: NK
Kernel: jsd
Advantage: peragentrankweighted
M: 3
lambda: 20
epsilon_svgd: 0.007
gamma: 0.003
decay_start_ratio: 0.05
decay_min_factor: 0.2
bandwith_kernel: None
no_interact: False
avg_score: 0.6603275537490845
median_score: 0.6556833386421204
std_score: 0.02370920218527317
percentiles: 2%=0.6204161047935486, 5%=0.6285288333892822, 10%=0.6318870782852173, 25%=0.6441516876220703, 50%=0.6556833386421204, 75%=0.6757775545120239, 90%=0.6908422708511353, 95%=0.7038342952728271, 98%=0.7166395783424377
ranking_best_algo: Tabu
ranking_best_score: 0.7429702712499999
ranking_my_rank: 317/504 (37.3%)
ranking_my_percent: 37.301587301587304
