ConfigName: kjsd__advperagentrankweighted__M3__L20__eps0p007__g0p003__ds0p2__dm0p1
Problem: QUBO
Kernel: jsd
Advantage: peragentrankweighted
M: 3
lambda: 20
epsilon_svgd: 0.007
gamma: 0.003
decay_start_ratio: 0.2
decay_min_factor: 0.1
bandwith_kernel: None
no_interact: False
avg_score: -412.3999938964844
median_score: -410.5
std_score: 24.94634437561035
percentiles: 2%=-469.0799865722656, 5%=-454.04998779296875, 10%=-449.0, 25%=-429.25, 50%=-410.5, 75%=-391.5, 90%=-384.0, 95%=-375.8999938964844, 98%=-371.9599914550781
ranking_best_algo: Tabu
ranking_best_score: 438.12
ranking_my_rank: 67/504 (86.9%)
ranking_my_percent: 86.9047619047619
