ConfigName: krbf__advnormalizedfitness__M4__L15__eps0p025__g0p01__ds0p15__dm0p3
Problem: QUBO
Kernel: rbf
Advantage: normalizedfitness
M: 4
lambda: 15
epsilon_svgd: 0.025
gamma: 0.01
decay_start_ratio: 0.15
decay_min_factor: 0.3
bandwith_kernel: None
no_interact: False
avg_score: -797.7999877929688
median_score: -786.0
std_score: 96.70894622802734
percentiles: 2%=-1028.3800048828125, 5%=-982.2999877929688, 10%=-912.9000244140625, 25%=-860.0, 50%=-786.0, 75%=-730.0, 90%=-689.5, 95%=-663.0, 98%=-635.659912109375
ranking_best_algo: Tabu
ranking_best_score: 1216.16
ranking_my_rank: 332/504 (34.3%)
ranking_my_percent: 34.32539682539682
