ConfigName: kjsd__advperagentrankweighted__M5__L10__eps0p005__g0p003__ds0p2__dm0p05
Problem: NK
Kernel: jsd
Advantage: peragentrankweighted
M: 5
lambda: 10
epsilon_svgd: 0.005
gamma: 0.003
decay_start_ratio: 0.2
decay_min_factor: 0.05
bandwith_kernel: None
no_interact: False
avg_score: 0.698652446269989
median_score: 0.6968932151794434
std_score: 0.025241171941161156
percentiles: 2%=0.6520274877548218, 5%=0.6582387089729309, 10%=0.670077919960022, 25%=0.6813887357711792, 50%=0.6968932151794434, 75%=0.7160771489143372, 90%=0.7312291264533997, 95%=0.7389482259750366, 98%=0.744539737701416
ranking_best_algo: Tabu
ranking_best_score: 0.7601875690625
ranking_my_rank: 305/504 (39.7%)
ranking_my_percent: 39.682539682539684
