ConfigName: kfr__advglobalrankweighted__M3__L8__eps0p02__g0p007__ds0p01__dm0p01
Problem: QUBO
Kernel: fr
Advantage: globalrankweighted
M: 3
lambda: 8
epsilon_svgd: 0.02
gamma: 0.007
decay_start_ratio: 0.01
decay_min_factor: 0.01
bandwith_kernel: None
no_interact: False
avg_score: -1617.719970703125
median_score: -1616.5
std_score: 67.2801742553711
percentiles: 2%=-1746.0999755859375, 5%=-1728.3499755859375, 10%=-1711.5, 25%=-1659.5, 50%=-1616.5, 75%=-1574.25, 90%=-1539.0, 95%=-1514.4000244140625, 98%=-1460.5198974609375
ranking_best_algo: NLOPT_LN_PRAXIS
ranking_best_score: 1607.12
ranking_my_rank: 1/504 (100.0%)
ranking_my_percent: 100.0
