ConfigName: krbf__advnormalizedfitness__M4__L10__eps0p033__g0p005__ds0p01__dm0p01
Problem: NK
Kernel: rbf
Advantage: normalizedfitness
M: 4
lambda: 10
epsilon_svgd: 0.033
gamma: 0.005
decay_start_ratio: 0.01
decay_min_factor: 0.01
bandwith_kernel: None
no_interact: False
avg_score: 0.7107723355293274
median_score: 0.712287962436676
std_score: 0.015414363704621792
percentiles: 2%=0.6713823676109314, 5%=0.673244833946228, 10%=0.6963765621185303, 25%=0.7091641426086426, 50%=0.712287962436676, 75%=0.7196334600448608, 90%=0.725537896156311, 95%=0.7326390743255615, 98%=0.7333112359046936
ranking_best_algo: CMApara
ranking_best_score: 0.707475975
ranking_my_rank: 1/504 (100.0%)
ranking_my_percent: 100.0
