ConfigName: kjsd__advperagentrankweighted__M5__L8__eps0p005__g0p0005__ds0p2__dm0p05
Problem: QUBO
Kernel: jsd
Advantage: peragentrankweighted
M: 5
lambda: 8
epsilon_svgd: 0.005
gamma: 0.0005
decay_start_ratio: 0.2
decay_min_factor: 0.05
bandwith_kernel: None
no_interact: False
avg_score: -149.0800018310547
median_score: -149.0
std_score: 12.468904495239258
percentiles: 2%=-179.0, 5%=-179.0, 10%=-158.1999969482422, 25%=-155.0, 50%=-149.0, 75%=-140.75, 90%=-135.0, 95%=-130.9499969482422, 98%=-128.9600067138672
ranking_best_algo: CMApara
ranking_best_score: 154.28
ranking_my_rank: 79/504 (84.5%)
ranking_my_percent: 84.52380952380952
