ConfigName: kjsd__advperagentrankweighted__M3__L16__eps0p005__g0p0007__ds0p2__dm0p2
Problem: NK
Kernel: jsd
Advantage: peragentrankweighted
M: 3
lambda: 16
epsilon_svgd: 0.005
gamma: 0.0007
decay_start_ratio: 0.2
decay_min_factor: 0.2
bandwith_kernel: None
no_interact: False
avg_score: 0.7426801919937134
median_score: 0.7408133745193481
std_score: 0.02858903631567955
percentiles: 2%=0.6977185606956482, 5%=0.7053991556167603, 10%=0.7097973823547363, 25%=0.7201067209243774, 50%=0.7408133745193481, 75%=0.7585474252700806, 90%=0.7737435698509216, 95%=0.8044298887252808, 98%=0.8083791136741638
ranking_best_algo: CMApara
ranking_best_score: 0.7459277895312499
ranking_my_rank: 17/504 (96.8%)
ranking_my_percent: 96.82539682539682
