ConfigName: kjsd__advperagentrankweighted__M5__L10__eps0p01__g0p0005__ds0p4__dm0p2
Problem: QUBO
Kernel: jsd
Advantage: peragentrankweighted
M: 5
lambda: 10
epsilon_svgd: 0.01
gamma: 0.0005
decay_start_ratio: 0.4
decay_min_factor: 0.2
bandwith_kernel: None
no_interact: False
avg_score: -915.3599853515625
median_score: -910.0
std_score: 60.60470962524414
percentiles: 2%=-1040.0400390625, 5%=-1010.4000244140625, 10%=-994.2000122070312, 25%=-970.0, 50%=-910.0, 75%=-874.25, 90%=-835.9000244140625, 95%=-812.9500122070312, 98%=-808.8800048828125
ranking_best_algo: CMAL3
ranking_best_score: 928.5800000000002
ranking_my_rank: 17/504 (96.8%)
ranking_my_percent: 96.82539682539682
