ConfigName: krbf__advnormalizedfitness__M3__L8__eps0p025__g0p015__ds0p01__dm0p01
Problem: QUBO
Kernel: rbf
Advantage: normalizedfitness
M: 3
lambda: 8
epsilon_svgd: 0.025
gamma: 0.015
decay_start_ratio: 0.01
decay_min_factor: 0.01
bandwith_kernel: None
no_interact: False
avg_score: -417.239990234375
median_score: -420.0
std_score: 27.098751068115234
percentiles: 2%=-469.0400085449219, 5%=-457.6000061035156, 10%=-451.1000061035156, 25%=-433.25, 50%=-420.0, 75%=-402.0, 90%=-386.0, 95%=-367.9000244140625, 98%=-357.75994873046875
ranking_best_algo: Tabu
ranking_best_score: 438.12
ranking_my_rank: 41/504 (92.1%)
ranking_my_percent: 92.06349206349206
