ConfigName: krbf__advnormalizedfitness__M2__L8__eps0p025__g0p007__ds0p3__dm0p01
Problem: QUBO
Kernel: rbf
Advantage: normalizedfitness
M: 2
lambda: 8
epsilon_svgd: 0.025
gamma: 0.007
decay_start_ratio: 0.3
decay_min_factor: 0.01
bandwith_kernel: None
no_interact: False
avg_score: -3261.919921875
median_score: -3273.5
std_score: 116.78609466552734
percentiles: 2%=-3512.43994140625, 5%=-3426.75, 10%=-3412.0, 25%=-3332.0, 50%=-3273.5, 75%=-3181.75, 90%=-3117.300048828125, 95%=-3045.199951171875, 98%=-3005.9599609375
ranking_best_algo: RLSOnePlusOne
ranking_best_score: 3316.5199999999995
ranking_my_rank: 14/504 (97.4%)
ranking_my_percent: 97.42063492063492
