ConfigName: krbf__advnormalizedfitness__M2__L8__eps0p025__g0p015__ds0p01__dm0p3
Problem: QUBO
Kernel: rbf
Advantage: normalizedfitness
M: 2
lambda: 8
epsilon_svgd: 0.025
gamma: 0.015
decay_start_ratio: 0.01
decay_min_factor: 0.3
bandwith_kernel: None
no_interact: False
avg_score: -1217.56005859375
median_score: -1212.0
std_score: 69.51133728027344
percentiles: 2%=-1345.02001953125, 5%=-1329.300048828125, 10%=-1311.5999755859375, 25%=-1274.25, 50%=-1212.0, 75%=-1166.75, 90%=-1129.0, 95%=-1107.3499755859375, 98%=-1092.8800048828125
ranking_best_algo: SVMMetaModelLogNormal
ranking_best_score: 1233.7999999999997
ranking_my_rank: 40/504 (92.3%)
ranking_my_percent: 92.26190476190476
