ConfigName: kfr__advglobalrankweighted__M4__L15__eps0p01__g0p003__ds0p01__dm0p01
Problem: QUBO
Kernel: fr
Advantage: globalrankweighted
M: 4
lambda: 15
epsilon_svgd: 0.01
gamma: 0.003
decay_start_ratio: 0.01
decay_min_factor: 0.01
bandwith_kernel: None
no_interact: False
avg_score: -309.8800048828125
median_score: -312.0
std_score: 38.188289642333984
percentiles: 2%=-392.1199951171875, 5%=-386.20001220703125, 10%=-359.5999755859375, 25%=-334.5, 50%=-312.0, 75%=-275.5, 90%=-267.8999938964844, 95%=-262.0, 98%=-255.0
ranking_best_algo: CMApara
ranking_best_score: 319.29999999999995
ranking_my_rank: 68/504 (86.7%)
ranking_my_percent: 86.7063492063492
