ConfigName: krbf__advnormalizedfitness__M3__L10__eps0p033__g0p01__ds0p3__dm0p3
Problem: NK
Kernel: rbf
Advantage: normalizedfitness
M: 3
lambda: 10
epsilon_svgd: 0.033
gamma: 0.01
decay_start_ratio: 0.3
decay_min_factor: 0.3
bandwith_kernel: None
no_interact: False
avg_score: 0.7374414205551147
median_score: 0.7379169464111328
std_score: 0.015344223938882351
percentiles: 2%=0.7074292302131653, 5%=0.7155954837799072, 10%=0.7179298400878906, 25%=0.7266496419906616, 50%=0.7379169464111328, 75%=0.747627854347229, 90%=0.754528820514679, 95%=0.7604638934135437, 98%=0.7687610983848572
ranking_best_algo: Tabu
ranking_best_score: 0.7601875690625
ranking_my_rank: 20/504 (96.2%)
ranking_my_percent: 96.23015873015873
