ConfigName: krbf__advnormalizedfitness__M3__L12__eps0p025__g0p007__ds0p01__dm0p3
Problem: NK
Kernel: rbf
Advantage: normalizedfitness
M: 3
lambda: 12
epsilon_svgd: 0.025
gamma: 0.007
decay_start_ratio: 0.01
decay_min_factor: 0.3
bandwith_kernel: None
no_interact: False
avg_score: 0.7561089992523193
median_score: 0.7558414936065674
std_score: 0.013214734382927418
percentiles: 2%=0.7348286509513855, 5%=0.7367750406265259, 10%=0.738945722579956, 25%=0.7452972531318665, 50%=0.7558414936065674, 75%=0.7649767398834229, 90%=0.7731677889823914, 95%=0.7788363695144653, 98%=0.7824500203132629
ranking_best_algo: Tabu
ranking_best_score: 0.7470791764843752
ranking_my_rank: 1/504 (100.0%)
ranking_my_percent: 100.0
