ConfigName: kjsd__advperagentrankweighted__M3__L30__eps0p007__g0p0005__ds0p2__dm0p2
Problem: NK
Kernel: jsd
Advantage: peragentrankweighted
M: 3
lambda: 30
epsilon_svgd: 0.007
gamma: 0.0005
decay_start_ratio: 0.2
decay_min_factor: 0.2
bandwith_kernel: None
no_interact: False
avg_score: 0.7354055047035217
median_score: 0.7370274066925049
std_score: 0.008541988208889961
percentiles: 2%=0.7171900272369385, 5%=0.7205416560173035, 10%=0.7214990854263306, 25%=0.7313965559005737, 50%=0.7370274066925049, 75%=0.741568922996521, 90%=0.745913028717041, 95%=0.7476415634155273, 98%=0.7487686276435852
ranking_best_algo: PBIL
ranking_best_score: 0.7248786399609374
ranking_my_rank: 1/504 (100.0%)
ranking_my_percent: 100.0
