ConfigName: krbf__advnormalizedfitness__M4__L15__eps0p03__g0p01__ds0p05__dm0p05
Problem: NK
Kernel: rbf
Advantage: normalizedfitness
M: 4
lambda: 15
epsilon_svgd: 0.03
gamma: 0.01
decay_start_ratio: 0.05
decay_min_factor: 0.05
bandwith_kernel: None
no_interact: False
avg_score: 0.7019898295402527
median_score: 0.7015892267227173
std_score: 0.022344030439853668
percentiles: 2%=0.6624284982681274, 5%=0.6689597368240356, 10%=0.675230085849762, 25%=0.6855892539024353, 50%=0.7015892267227173, 75%=0.7220661640167236, 90%=0.7284395098686218, 95%=0.7348248958587646, 98%=0.7401942014694214
ranking_best_algo: Tabu
ranking_best_score: 0.7601875690625
ranking_my_rank: 302/504 (40.3%)
ranking_my_percent: 40.27777777777778
