ConfigName: krbf__advnormalizedfitness__M3__L8__eps0p033__g0p01__ds0p15__dm0p3
Problem: QUBO
Kernel: rbf
Advantage: normalizedfitness
M: 3
lambda: 8
epsilon_svgd: 0.033
gamma: 0.01
decay_start_ratio: 0.15
decay_min_factor: 0.3
bandwith_kernel: None
no_interact: False
avg_score: -1586.8800048828125
median_score: -1588.0
std_score: 72.24711608886719
percentiles: 2%=-1731.6400146484375, 5%=-1704.6500244140625, 10%=-1677.9000244140625, 25%=-1626.0, 50%=-1588.0, 75%=-1539.0, 90%=-1500.5, 95%=-1460.949951171875, 98%=-1437.0
ranking_best_algo: NLOPT_LN_PRAXIS
ranking_best_score: 1607.12
ranking_my_rank: 41/504 (92.1%)
ranking_my_percent: 92.06349206349206
