ConfigName: kjsd__advperagentrankweighted__M3__L18__eps0p005__g0p0007__ds0p05__dm0p1
Problem: NK
Kernel: jsd
Advantage: peragentrankweighted
M: 3
lambda: 18
epsilon_svgd: 0.005
gamma: 0.0007
decay_start_ratio: 0.05
decay_min_factor: 0.1
bandwith_kernel: None
no_interact: False
avg_score: 0.7332015037536621
median_score: 0.7311486005783081
std_score: 0.01037047803401947
percentiles: 2%=0.7120636701583862, 5%=0.7164766192436218, 10%=0.7222301959991455, 25%=0.7270973324775696, 50%=0.7311486005783081, 75%=0.7388961911201477, 90%=0.7465206980705261, 95%=0.7506197094917297, 98%=0.7552827596664429
ranking_best_algo: Tabu
ranking_best_score: 0.7429702712499999
ranking_my_rank: 2/504 (99.8%)
ranking_my_percent: 99.8015873015873
