ConfigName: kjsd__advperagentrankweighted__M4__L12__eps0p03__g0p0005__ds0p2__dm0p05
Problem: NK
Kernel: jsd
Advantage: peragentrankweighted
M: 4
lambda: 12
epsilon_svgd: 0.03
gamma: 0.0005
decay_start_ratio: 0.2
decay_min_factor: 0.05
bandwith_kernel: None
no_interact: False
avg_score: 0.7067633867263794
median_score: 0.7085524797439575
std_score: 0.015454296953976154
percentiles: 2%=0.6668182015419006, 5%=0.668556272983551, 10%=0.6899609565734863, 25%=0.7032766342163086, 50%=0.7085524797439575, 75%=0.7153000831604004, 90%=0.7248421311378479, 95%=0.730094313621521, 98%=0.7310856580734253
ranking_best_algo: CMApara
ranking_best_score: 0.707475975
ranking_my_rank: 2/504 (99.8%)
ranking_my_percent: 99.8015873015873
