ConfigName: kjsd__advperagentrankweighted__M3__L30__eps0p007__g0p0005__ds0p1__dm0p2
Problem: QUBO
Kernel: jsd
Advantage: peragentrankweighted
M: 3
lambda: 30
epsilon_svgd: 0.007
gamma: 0.0005
decay_start_ratio: 0.1
decay_min_factor: 0.2
bandwith_kernel: None
no_interact: False
avg_score: -305.8999938964844
median_score: -304.0
std_score: 40.37363052368164
percentiles: 2%=-394.0400085449219, 5%=-388.1000061035156, 10%=-358.0, 25%=-330.5, 50%=-304.0, 75%=-271.75, 90%=-263.8999938964844, 95%=-260.95001220703125, 98%=-239.9199981689453
ranking_best_algo: CMApara
ranking_best_score: 319.29999999999995
ranking_my_rank: 121/504 (76.2%)
ranking_my_percent: 76.19047619047619
