ConfigName: krbf__advnormalizedfitness__M2__L9__eps0p02__g0p005__ds0p01__dm0p01
Problem: QUBO
Kernel: rbf
Advantage: normalizedfitness
M: 2
lambda: 9
epsilon_svgd: 0.02
gamma: 0.005
decay_start_ratio: 0.01
decay_min_factor: 0.01
bandwith_kernel: None
no_interact: False
avg_score: -2557.340087890625
median_score: -2545.5
std_score: 121.76766204833984
percentiles: 2%=-2816.39990234375, 5%=-2759.050048828125, 10%=-2732.10009765625, 25%=-2633.0, 50%=-2545.5, 75%=-2483.75, 90%=-2423.60009765625, 95%=-2377.0, 98%=-2315.5
ranking_best_algo: SVM1MetaModelLogNormal
ranking_best_score: 2605.14
ranking_my_rank: 40/504 (92.3%)
ranking_my_percent: 92.26190476190476
