ConfigName: kjsd__advperagentrankweighted__M3__L18__eps0p01__g0p003__ds0p05__dm0p1
Problem: QUBO
Kernel: jsd
Advantage: peragentrankweighted
M: 3
lambda: 18
epsilon_svgd: 0.01
gamma: 0.003
decay_start_ratio: 0.05
decay_min_factor: 0.1
bandwith_kernel: None
no_interact: False
avg_score: -424.3599853515625
median_score: -427.0
std_score: 30.812179565429688
percentiles: 2%=-481.0400085449219, 5%=-477.1000061035156, 10%=-468.29998779296875, 25%=-441.5, 50%=-427.0, 75%=-401.75, 90%=-387.0, 95%=-381.6000061035156, 98%=-357.760009765625
ranking_best_algo: CMAL3
ranking_best_score: 435.36
ranking_my_rank: 30/504 (94.2%)
ranking_my_percent: 94.24603174603175
