ConfigName: krbf__advnormalizedfitness__M1__L10__eps0p015__g0p005__ds0p3__dm0p3
Problem: NK
Kernel: rbf
Advantage: normalizedfitness
M: 1
lambda: 10
epsilon_svgd: 0.015
gamma: 0.005
decay_start_ratio: 0.3
decay_min_factor: 0.3
bandwith_kernel: None
no_interact: False
avg_score: 0.7079942226409912
median_score: 0.6954540610313416
std_score: 0.03111562691628933
percentiles: 2%=0.6694152355194092, 5%=0.6722069382667542, 10%=0.6743952035903931, 25%=0.6803237795829773, 50%=0.6954540610313416, 75%=0.7439686059951782, 90%=0.7515096068382263, 95%=0.7566894888877869, 98%=0.7584580183029175
ranking_best_algo: CMApara
ranking_best_score: 0.7118996098437498
ranking_my_rank: 82/504 (83.9%)
ranking_my_percent: 83.92857142857143
