ConfigName: krbf__advnormalizedfitness__M4__L15__eps0p033__g0p015__ds0p15__dm0p01
Problem: NK
Kernel: rbf
Advantage: normalizedfitness
M: 4
lambda: 15
epsilon_svgd: 0.033
gamma: 0.015
decay_start_ratio: 0.15
decay_min_factor: 0.01
bandwith_kernel: None
no_interact: False
avg_score: 0.7058168053627014
median_score: 0.7068543434143066
std_score: 0.009908435866236687
percentiles: 2%=0.6832558512687683, 5%=0.6880132555961609, 10%=0.6903456449508667, 25%=0.7011121511459351, 50%=0.7068543434143066, 75%=0.7123905420303345, 90%=0.7171193361282349, 95%=0.7186285853385925, 98%=0.7232101559638977
ranking_best_algo: PBIL
ranking_best_score: 0.7248786399609374
ranking_my_rank: 85/504 (83.3%)
ranking_my_percent: 83.33333333333333
