ConfigName: kjsd__advperagentrankweighted__M5__L8__eps0p005__g0p0005__ds0p4__dm0p2
Problem: NK
Kernel: jsd
Advantage: peragentrankweighted
M: 5
lambda: 8
epsilon_svgd: 0.005
gamma: 0.0005
decay_start_ratio: 0.4
decay_min_factor: 0.2
bandwith_kernel: None
no_interact: False
avg_score: 0.7071757316589355
median_score: 0.7093186378479004
std_score: 0.0119821447879076
percentiles: 2%=0.6874945163726807, 5%=0.687974750995636, 10%=0.6906823515892029, 25%=0.695906400680542, 50%=0.7093186378479004, 75%=0.7175732851028442, 90%=0.7202165126800537, 95%=0.7239940166473389, 98%=0.7246977686882019
ranking_best_algo: PBIL
ranking_best_score: 0.7013553837109374
ranking_my_rank: 1/504 (100.0%)
ranking_my_percent: 100.0
