ConfigName: krbf__advnormalizedfitness__M4__L12__eps0p033__g0p01__ds0p3__dm0p3
Problem: NK
Kernel: rbf
Advantage: normalizedfitness
M: 4
lambda: 12
epsilon_svgd: 0.033
gamma: 0.01
decay_start_ratio: 0.3
decay_min_factor: 0.3
bandwith_kernel: None
no_interact: False
avg_score: 0.5748515129089355
median_score: 0.5747328400611877
std_score: 0.005790919531136751
percentiles: 2%=0.5656130313873291, 5%=0.5666734576225281, 10%=0.5681739449501038, 25%=0.5704131126403809, 50%=0.5747328400611877, 75%=0.5780289173126221, 90%=0.5831320285797119, 95%=0.5846894979476929, 98%=0.5874804854393005
ranking_best_algo: PBIL
ranking_best_score: 0.7170882103515624
ranking_my_rank: 388/504 (23.2%)
ranking_my_percent: 23.214285714285715
