ConfigName: krbf__advnormalizedfitness__M3__L8__eps0p025__g0p007__ds0p15__dm0p01
Problem: QUBO
Kernel: rbf
Advantage: normalizedfitness
M: 3
lambda: 8
epsilon_svgd: 0.025
gamma: 0.007
decay_start_ratio: 0.15
decay_min_factor: 0.01
bandwith_kernel: None
no_interact: False
avg_score: -414.6199951171875
median_score: -416.0
std_score: 23.93941307067871
percentiles: 2%=-467.0400085449219, 5%=-455.1000061035156, 10%=-444.20001220703125, 25%=-432.0, 50%=-416.0, 75%=-394.75, 90%=-387.8999938964844, 95%=-379.9000244140625, 98%=-373.91998291015625
ranking_best_algo: Tabu
ranking_best_score: 438.12
ranking_my_rank: 52/504 (89.9%)
ranking_my_percent: 89.88095238095238
