ConfigName: kjsd__advperagentrankweighted__M3__L20__eps0p005__g0p0007__ds0p2__dm0p1
Problem: QUBO
Kernel: jsd
Advantage: peragentrankweighted
M: 3
lambda: 20
epsilon_svgd: 0.005
gamma: 0.0007
decay_start_ratio: 0.2
decay_min_factor: 0.1
bandwith_kernel: None
no_interact: False
avg_score: -578.0399780273438
median_score: -579.0
std_score: 29.02410125732422
percentiles: 2%=-631.0, 5%=-626.25, 10%=-621.0, 25%=-598.0, 50%=-579.0, 75%=-559.0, 90%=-542.5999755859375, 95%=-528.75, 98%=-520.97998046875
ranking_best_algo: Tabu
ranking_best_score: 588.7199999999999
ranking_my_rank: 42/503 (91.8%)
ranking_my_percent: 91.84890656063618
