ConfigName: kjsd__advperagentrankweighted__M3__L20__eps0p007__g0p001__ds0p1__dm0p05
Problem: QUBO
Kernel: jsd
Advantage: peragentrankweighted
M: 3
lambda: 20
epsilon_svgd: 0.007
gamma: 0.001
decay_start_ratio: 0.1
decay_min_factor: 0.05
bandwith_kernel: None
no_interact: False
avg_score: -2630.639892578125
median_score: -2638.0
std_score: 117.17759704589844
percentiles: 2%=-2803.10009765625, 5%=-2791.25, 10%=-2766.39990234375, 25%=-2717.5, 50%=-2638.0, 75%=-2551.5, 90%=-2460.699951171875, 95%=-2424.89990234375, 98%=-2392.89990234375
ranking_best_algo: DiscreteLengler2OnePlusOne
ranking_best_score: 2617.04
ranking_my_rank: 1/504 (100.0%)
ranking_my_percent: 100.0
