ConfigName: kjsd__advperagentrankweighted__M5__L10__eps0p01__g0p0007__ds0p2__dm0p05
Problem: QUBO
Kernel: jsd
Advantage: peragentrankweighted
M: 5
lambda: 10
epsilon_svgd: 0.01
gamma: 0.0007
decay_start_ratio: 0.2
decay_min_factor: 0.05
bandwith_kernel: None
no_interact: False
avg_score: -1312.1400146484375
median_score: -1307.5
std_score: 56.275753021240234
percentiles: 2%=-1436.02001953125, 5%=-1411.800048828125, 10%=-1384.300048828125, 25%=-1347.5, 50%=-1307.5, 75%=-1267.75, 90%=-1250.9000244140625, 95%=-1227.0, 98%=-1222.5999755859375
ranking_best_algo: BigLognormalDiscreteOnePlusOne
ranking_best_score: 1301.3600000000004
ranking_my_rank: 1/504 (100.0%)
ranking_my_percent: 100.0
