ConfigName: kfr__advglobalrankweighted__M4__L24__eps0p06__g0p001__ds0p01__dm0p01
Problem: NK
Kernel: fr
Advantage: globalrankweighted
M: 4
lambda: 24
epsilon_svgd: 0.06
gamma: 0.001
decay_start_ratio: 0.01
decay_min_factor: 0.01
bandwith_kernel: None
no_interact: False
avg_score: 0.7331283688545227
median_score: 0.7341853976249695
std_score: 0.010093830525875092
percentiles: 2%=0.7104299068450928, 5%=0.714816153049469, 10%=0.7174414396286011, 25%=0.726601779460907, 50%=0.7341853976249695, 75%=0.740391731262207, 90%=0.7451983690261841, 95%=0.7468617558479309, 98%=0.7527536749839783
ranking_best_algo: PBIL
ranking_best_score: 0.730509098125
ranking_my_rank: 1/504 (100.0%)
ranking_my_percent: 100.0
