ConfigName: kfr__advglobalrankweighted__M1__L10__eps0p015__g0p007__ds0p01__dm0p01
Problem: QUBO
Kernel: fr
Advantage: globalrankweighted
M: 1
lambda: 10
epsilon_svgd: 0.015
gamma: 0.007
decay_start_ratio: 0.01
decay_min_factor: 0.01
bandwith_kernel: None
no_interact: False
avg_score: -908.4000244140625
median_score: -906.0
std_score: 71.32418823242188
percentiles: 2%=-1061.260009765625, 5%=-1036.3499755859375, 10%=-1004.2000122070312, 25%=-949.0, 50%=-906.0, 75%=-865.0, 90%=-828.7999877929688, 95%=-794.9000244140625, 98%=-764.7999267578125
ranking_best_algo: CMApara
ranking_best_score: 964.9
ranking_my_rank: 94/504 (81.5%)
ranking_my_percent: 81.54761904761905
