ConfigName: krbf__advnormalizedfitness__M3__L12__eps0p015__g0p007__ds0p01__dm0p01
Problem: QUBO
Kernel: rbf
Advantage: normalizedfitness
M: 3
lambda: 12
epsilon_svgd: 0.015
gamma: 0.007
decay_start_ratio: 0.01
decay_min_factor: 0.01
bandwith_kernel: None
no_interact: False
avg_score: -902.6599731445312
median_score: -895.0
std_score: 67.05986022949219
percentiles: 2%=-1020.47998046875, 5%=-1010.1500244140625, 10%=-994.4000244140625, 25%=-955.0, 50%=-895.0, 75%=-852.5, 90%=-825.2999877929688, 95%=-797.6500244140625, 98%=-772.8199462890625
ranking_best_algo: CMAL3
ranking_best_score: 928.5800000000002
ranking_my_rank: 66/504 (87.1%)
ranking_my_percent: 87.10317460317461
