ConfigName: krbf__advglobalrankweighted__M4__L11__eps0p01__g0p005__ds0p01__dm0p01
Problem: QUBO
Kernel: rbf
Advantage: globalrankweighted
M: 4
lambda: 11
epsilon_svgd: 0.01
gamma: 0.005
decay_start_ratio: 0.01
decay_min_factor: 0.01
bandwith_kernel: None
no_interact: False
avg_score: -926.7999877929688
median_score: -920.0
std_score: 74.45092010498047
percentiles: 2%=-1074.0400390625, 5%=-1063.050048828125, 10%=-1029.0999755859375, 25%=-973.25, 50%=-920.0, 75%=-874.75, 90%=-840.4000244140625, 95%=-814.7000122070312, 98%=-782.9199829101562
ranking_best_algo: CMApara
ranking_best_score: 964.9
ranking_my_rank: 21/504 (96.0%)
ranking_my_percent: 96.03174603174604
