ConfigName: krbf__advnormalizedfitness__M4__L24__eps0p01__g0p0005__ds0p05__dm0p05
Problem: QUBO
Kernel: rbf
Advantage: normalizedfitness
M: 4
lambda: 24
epsilon_svgd: 0.01
gamma: 0.0005
decay_start_ratio: 0.05
decay_min_factor: 0.05
bandwith_kernel: None
no_interact: False
avg_score: -579.2000122070312
median_score: -578.5
std_score: 29.5052547454834
percentiles: 2%=-633.02001953125, 5%=-628.0499877929688, 10%=-614.2999877929688, 25%=-599.25, 50%=-578.5, 75%=-562.75, 90%=-543.7000122070312, 95%=-527.9500122070312, 98%=-509.8599853515625
ranking_best_algo: Tabu
ranking_best_score: 588.7199999999999
ranking_my_rank: 41/503 (92.0%)
ranking_my_percent: 92.04771371769384
