ConfigName: kjsd__advperagentrankweighted__M3__L20__eps0p005__g0p0007__ds0p1__dm0p2
Problem: NK
Kernel: jsd
Advantage: peragentrankweighted
M: 3
lambda: 20
epsilon_svgd: 0.005
gamma: 0.0007
decay_start_ratio: 0.1
decay_min_factor: 0.2
bandwith_kernel: None
no_interact: False
avg_score: 0.7366507053375244
median_score: 0.7375300526618958
std_score: 0.008413398638367653
percentiles: 2%=0.7178533673286438, 5%=0.7212309241294861, 10%=0.7249548435211182, 25%=0.7321274876594543, 50%=0.7375300526618958, 75%=0.7425005435943604, 90%=0.7461819648742676, 95%=0.74896639585495, 98%=0.7530842423439026
ranking_best_algo: PBIL
ranking_best_score: 0.730509098125
ranking_my_rank: 1/504 (100.0%)
ranking_my_percent: 100.0
