ConfigName: kjsd__advperagentrankweighted__M3__L18__eps0p007__g0p0007__ds0p1__dm0p1
Problem: QUBO
Kernel: jsd
Advantage: peragentrankweighted
M: 3
lambda: 18
epsilon_svgd: 0.007
gamma: 0.0007
decay_start_ratio: 0.1
decay_min_factor: 0.1
bandwith_kernel: None
no_interact: False
avg_score: -578.5399780273438
median_score: -576.0
std_score: 29.2134952545166
percentiles: 2%=-631.0800170898438, 5%=-629.0, 10%=-621.0, 25%=-600.0, 50%=-576.0, 75%=-559.0, 90%=-545.5999755859375, 95%=-527.0, 98%=-517.9600219726562
ranking_best_algo: Tabu
ranking_best_score: 588.7199999999999
ranking_my_rank: 42/503 (91.8%)
ranking_my_percent: 91.84890656063618
