ConfigName: krbf__advnormalizedfitness__M4__L12__eps0p015__g0p005__ds0p15__dm0p3
Problem: NK
Kernel: rbf
Advantage: normalizedfitness
M: 4
lambda: 12
epsilon_svgd: 0.015
gamma: 0.005
decay_start_ratio: 0.15
decay_min_factor: 0.3
bandwith_kernel: None
no_interact: False
avg_score: 0.7442492842674255
median_score: 0.742239773273468
std_score: 0.028367498889565468
percentiles: 2%=0.699150800704956, 5%=0.7047487497329712, 10%=0.7101879715919495, 25%=0.7220910787582397, 50%=0.742239773273468, 75%=0.7580187320709229, 90%=0.777946949005127, 95%=0.8044298887252808, 98%=0.8045487999916077
ranking_best_algo: CMApara
ranking_best_score: 0.7459277895312499
ranking_my_rank: 5/504 (99.2%)
ranking_my_percent: 99.2063492063492
