ConfigName: kjsd__advperagentrankweighted__M3__L30__eps0p005__g0p001__ds0p2__dm0p05
Problem: QUBO
Kernel: jsd
Advantage: peragentrankweighted
M: 3
lambda: 30
epsilon_svgd: 0.005
gamma: 0.001
decay_start_ratio: 0.2
decay_min_factor: 0.05
bandwith_kernel: None
no_interact: False
avg_score: -1274.9200439453125
median_score: -1270.5
std_score: 60.92071533203125
percentiles: 2%=-1429.1199951171875, 5%=-1375.75, 10%=-1348.300048828125, 25%=-1305.0, 50%=-1270.5, 75%=-1235.5, 90%=-1208.5999755859375, 95%=-1188.050048828125, 98%=-1154.760009765625
ranking_best_algo: BigLognormalDiscreteOnePlusOne
ranking_best_score: 1301.3600000000004
ranking_my_rank: 34/504 (93.5%)
ranking_my_percent: 93.45238095238095
