ConfigName: krbf__advnormalizedfitness__M2__L8__eps0p025__g0p015__ds0p3__dm0p3
Problem: QUBO
Kernel: rbf
Advantage: normalizedfitness
M: 2
lambda: 8
epsilon_svgd: 0.025
gamma: 0.015
decay_start_ratio: 0.3
decay_min_factor: 0.3
bandwith_kernel: None
no_interact: False
avg_score: -574.0399780273438
median_score: -573.0
std_score: 29.819429397583008
percentiles: 2%=-631.02001953125, 5%=-623.0999755859375, 10%=-617.0, 25%=-592.25, 50%=-573.0, 75%=-556.0, 90%=-535.7999877929688, 95%=-531.9000244140625, 98%=-510.7200012207031
ranking_best_algo: Tabu
ranking_best_score: 588.7199999999999
ranking_my_rank: 57/503 (88.9%)
ranking_my_percent: 88.86679920477137
