ConfigName: krbf__advnormalizedfitness__M4__L8__eps0p033__g0p01__ds0p3__dm0p01
Problem: NK
Kernel: rbf
Advantage: normalizedfitness
M: 4
lambda: 8
epsilon_svgd: 0.033
gamma: 0.01
decay_start_ratio: 0.3
decay_min_factor: 0.01
bandwith_kernel: None
no_interact: False
avg_score: 0.7421476244926453
median_score: 0.742360532283783
std_score: 0.01569039560854435
percentiles: 2%=0.7098283767700195, 5%=0.714411199092865, 10%=0.7230743765830994, 25%=0.7316574454307556, 50%=0.742360532283783, 75%=0.7515852451324463, 90%=0.7602830529212952, 95%=0.7676693797111511, 98%=0.7734435200691223
ranking_best_algo: Tabu
ranking_best_score: 0.7601875690625
ranking_my_rank: 11/504 (98.0%)
ranking_my_percent: 98.01587301587301
