ConfigName: kjsd__advperagentrankweighted__M3__L30__eps0p007__g0p0005__ds0p2__dm0p2
Problem: QUBO
Kernel: jsd
Advantage: peragentrankweighted
M: 3
lambda: 30
epsilon_svgd: 0.007
gamma: 0.0005
decay_start_ratio: 0.2
decay_min_factor: 0.2
bandwith_kernel: None
no_interact: False
avg_score: -199.9199981689453
median_score: -201.0
std_score: 12.65043830871582
percentiles: 2%=-224.0, 5%=-222.0, 10%=-218.10000610351562, 25%=-207.0, 50%=-201.0, 75%=-192.0, 90%=-182.0, 95%=-176.9499969482422, 98%=-174.97999572753906
ranking_best_algo: Tabu
ranking_best_score: 208.36000000000004
ranking_my_rank: 59/504 (88.5%)
ranking_my_percent: 88.4920634920635
