ConfigName: kjsd__advperagentrankweighted__M5__L8__eps0p005__g0p0007__ds0p2__dm0p05
Problem: NK
Kernel: jsd
Advantage: peragentrankweighted
M: 5
lambda: 8
epsilon_svgd: 0.005
gamma: 0.0007
decay_start_ratio: 0.2
decay_min_factor: 0.05
bandwith_kernel: None
no_interact: False
avg_score: 0.7315974235534668
median_score: 0.732314944267273
std_score: 0.01006222888827324
percentiles: 2%=0.7155576348304749, 5%=0.7160040140151978, 10%=0.719639241695404, 25%=0.7233394384384155, 50%=0.732314944267273, 75%=0.737647533416748, 90%=0.7432344555854797, 95%=0.7472423315048218, 98%=0.7547748684883118
ranking_best_algo: Tabu
ranking_best_score: 0.7429702712499999
ranking_my_rank: 2/504 (99.8%)
ranking_my_percent: 99.8015873015873
