ConfigName: krbf__advnormalizedfitness__M3__L8__eps0p033__g0p015__ds0p3__dm0p01
Problem: QUBO
Kernel: rbf
Advantage: normalizedfitness
M: 3
lambda: 8
epsilon_svgd: 0.033
gamma: 0.015
decay_start_ratio: 0.3
decay_min_factor: 0.01
bandwith_kernel: None
no_interact: False
avg_score: -1256.6199951171875
median_score: -1252.5
std_score: 65.2520980834961
percentiles: 2%=-1383.199951171875, 5%=-1368.25, 10%=-1331.4000244140625, 25%=-1298.5, 50%=-1252.5, 75%=-1215.0, 90%=-1172.800048828125, 95%=-1137.75, 98%=-1128.8399658203125
ranking_best_algo: BigLognormalDiscreteOnePlusOne
ranking_best_score: 1301.3600000000004
ranking_my_rank: 54/504 (89.5%)
ranking_my_percent: 89.48412698412699
