ConfigName: kjsd__advperagentrankweighted__M4__L10__eps0p005__g0p0003__ds0p4__dm0p05
Problem: QUBO
Kernel: jsd
Advantage: peragentrankweighted
M: 4
lambda: 10
epsilon_svgd: 0.005
gamma: 0.0003
decay_start_ratio: 0.4
decay_min_factor: 0.05
bandwith_kernel: None
no_interact: False
avg_score: -1304.43994140625
median_score: -1295.0
std_score: 52.322330474853516
percentiles: 2%=-1415.1199951171875, 5%=-1395.0, 10%=-1377.300048828125, 25%=-1338.5, 50%=-1295.0, 75%=-1273.5, 90%=-1240.9000244140625, 95%=-1229.0, 98%=-1222.4200439453125
ranking_best_algo: BigLognormalDiscreteOnePlusOne
ranking_best_score: 1301.3600000000004
ranking_my_rank: 1/504 (100.0%)
ranking_my_percent: 100.0
