ConfigName: kjsd__advperagentrankweighted__M4__L10__eps0p03__g0p0003__ds0p05__dm0p05
Problem: QUBO
Kernel: jsd
Advantage: peragentrankweighted
M: 4
lambda: 10
epsilon_svgd: 0.03
gamma: 0.0003
decay_start_ratio: 0.05
decay_min_factor: 0.05
bandwith_kernel: None
no_interact: False
avg_score: -886.7000122070312
median_score: -880.5
std_score: 66.7707290649414
percentiles: 2%=-1026.1600341796875, 5%=-1002.0499877929688, 10%=-985.2000122070312, 25%=-920.0, 50%=-880.5, 75%=-837.25, 90%=-804.7999877929688, 95%=-790.9000244140625, 98%=-770.8800048828125
ranking_best_algo: CMApara
ranking_best_score: 964.9
ranking_my_rank: 195/504 (61.5%)
ranking_my_percent: 61.507936507936506
