ConfigName: krbf__advnormalizedfitness__M3__L8__eps0p033__g0p01__ds0p01__dm0p01
Problem: QUBO
Kernel: rbf
Advantage: normalizedfitness
M: 3
lambda: 8
epsilon_svgd: 0.033
gamma: 0.01
decay_start_ratio: 0.01
decay_min_factor: 0.01
bandwith_kernel: None
no_interact: False
avg_score: -413.1000061035156
median_score: -414.5
std_score: 28.666183471679688
percentiles: 2%=-475.0400085449219, 5%=-457.29998779296875, 10%=-452.0, 25%=-431.25, 50%=-414.5, 75%=-392.0, 90%=-374.0, 95%=-367.8000183105469, 98%=-359.91998291015625
ranking_best_algo: Tabu
ranking_best_score: 438.12
ranking_my_rank: 59/504 (88.5%)
ranking_my_percent: 88.4920634920635
