ConfigName: krbf__advnormalizedfitness__M3__L15__eps0p025__g0p01__ds0p05__dm0p05
Problem: QUBO
Kernel: rbf
Advantage: normalizedfitness
M: 3
lambda: 15
epsilon_svgd: 0.025
gamma: 0.01
decay_start_ratio: 0.05
decay_min_factor: 0.05
bandwith_kernel: None
no_interact: False
avg_score: -2994.840087890625
median_score: -2992.5
std_score: 197.3854522705078
percentiles: 2%=-3371.0400390625, 5%=-3280.35009765625, 10%=-3250.0, 25%=-3131.5, 50%=-2992.5, 75%=-2862.75, 90%=-2737.699951171875, 95%=-2669.35009765625, 98%=-2579.52001953125
ranking_best_algo: RLSOnePlusOne
ranking_best_score: 3316.5199999999995
ranking_my_rank: 130/504 (74.4%)
ranking_my_percent: 74.4047619047619
