ConfigName: kjsd__advperagentrankweighted__M3__L18__eps0p005__g0p0005__ds0p05__dm0p1
Problem: QUBO
Kernel: jsd
Advantage: peragentrankweighted
M: 3
lambda: 18
epsilon_svgd: 0.005
gamma: 0.0005
decay_start_ratio: 0.05
decay_min_factor: 0.1
bandwith_kernel: None
no_interact: False
avg_score: -137.8800048828125
median_score: -141.0
std_score: 12.626384735107422
percentiles: 2%=-158.02000427246094, 5%=-158.0, 10%=-155.0, 25%=-146.0, 50%=-141.0, 75%=-129.75, 90%=-121.0, 95%=-116.80000305175781, 98%=-109.0
ranking_best_algo: DiscreteDE
ranking_best_score: 143.4
ranking_my_rank: 117/504 (77.0%)
ranking_my_percent: 76.98412698412699
