ConfigName: kjsd__advperagentrankweighted__M3__L18__eps0p007__g0p001__ds0p2__dm0p2
Problem: QUBO
Kernel: jsd
Advantage: peragentrankweighted
M: 3
lambda: 18
epsilon_svgd: 0.007
gamma: 0.001
decay_start_ratio: 0.2
decay_min_factor: 0.2
bandwith_kernel: None
no_interact: False
avg_score: -1178.260009765625
median_score: -1171.5
std_score: 56.655731201171875
percentiles: 2%=-1315.02001953125, 5%=-1274.050048828125, 10%=-1253.199951171875, 25%=-1214.0, 50%=-1171.5, 75%=-1139.0, 90%=-1112.5999755859375, 95%=-1093.949951171875, 98%=-1082.9599609375
ranking_best_algo: Tabu
ranking_best_score: 1216.16
ranking_my_rank: 74/504 (85.5%)
ranking_my_percent: 85.51587301587301
