ConfigName: krbf__advnormalizedfitness__M4__L10__eps0p015__g0p015__ds0p3__dm0p3
Problem: NK
Kernel: rbf
Advantage: normalizedfitness
M: 4
lambda: 10
epsilon_svgd: 0.015
gamma: 0.015
decay_start_ratio: 0.3
decay_min_factor: 0.3
bandwith_kernel: None
no_interact: False
avg_score: 0.667949378490448
median_score: 0.6692221164703369
std_score: 0.010360617190599442
percentiles: 2%=0.6481613516807556, 5%=0.6524747610092163, 10%=0.654137909412384, 25%=0.6610371470451355, 50%=0.6692221164703369, 75%=0.6740447282791138, 90%=0.6786767840385437, 95%=0.6835432052612305, 98%=0.692112147808075
ranking_best_algo: PBIL
ranking_best_score: 0.730509098125
ranking_my_rank: 322/504 (36.3%)
ranking_my_percent: 36.30952380952381
