ConfigName: kjsd__advperagentrankweighted__M5__L12__eps0p008__g0p0005__ds0p05__dm0p05
Problem: QUBO
Kernel: jsd
Advantage: peragentrankweighted
M: 5
lambda: 12
epsilon_svgd: 0.008
gamma: 0.0005
decay_start_ratio: 0.05
decay_min_factor: 0.05
bandwith_kernel: None
no_interact: False
avg_score: -2666.760009765625
median_score: -2666.0
std_score: 110.55181121826172
percentiles: 2%=-2864.10009765625, 5%=-2830.0, 10%=-2808.5, 25%=-2744.0, 50%=-2666.0, 75%=-2588.75, 90%=-2537.300048828125, 95%=-2475.699951171875, 98%=-2437.60009765625
ranking_best_algo: DiscreteLengler2OnePlusOne
ranking_best_score: 2617.04
ranking_my_rank: 1/504 (100.0%)
ranking_my_percent: 100.0
