ConfigName: krbf__advnormalizedfitness__M3__L10__eps0p015__g0p007__ds0p01__dm0p3
Problem: NK
Kernel: rbf
Advantage: normalizedfitness
M: 3
lambda: 10
epsilon_svgd: 0.015
gamma: 0.007
decay_start_ratio: 0.01
decay_min_factor: 0.3
bandwith_kernel: None
no_interact: False
avg_score: 0.7118269205093384
median_score: 0.6987258791923523
std_score: 0.03132281079888344
percentiles: 2%=0.6735868453979492, 5%=0.6751645803451538, 10%=0.6783800721168518, 25%=0.6834686994552612, 50%=0.6987258791923523, 75%=0.7469885945320129, 90%=0.7525893449783325, 95%=0.7613165378570557, 98%=0.7613165378570557
ranking_best_algo: CMApara
ranking_best_score: 0.7118996098437498
ranking_my_rank: 2/504 (99.8%)
ranking_my_percent: 99.8015873015873
