ConfigName: krbf__advnormalizedfitness__M3__L12__eps0p033__g0p015__ds0p15__dm0p3
Problem: NK
Kernel: rbf
Advantage: normalizedfitness
M: 3
lambda: 12
epsilon_svgd: 0.033
gamma: 0.015
decay_start_ratio: 0.15
decay_min_factor: 0.3
bandwith_kernel: None
no_interact: False
avg_score: 0.7500154972076416
median_score: 0.7523956298828125
std_score: 0.013884533196687698
percentiles: 2%=0.7234113216400146, 5%=0.7286682724952698, 10%=0.7311325669288635, 25%=0.7403380870819092, 50%=0.7523956298828125, 75%=0.7591081261634827, 90%=0.7663207650184631, 95%=0.7691817879676819, 98%=0.7707895636558533
ranking_best_algo: Tabu
ranking_best_score: 0.7657846284375001
ranking_my_rank: 24/504 (95.4%)
ranking_my_percent: 95.43650793650794
