ConfigName: kjsd__advperagentrankweighted__M5__L24__eps0p02__g0p0003__ds0p05__dm0p05
Problem: QUBO
Kernel: jsd
Advantage: peragentrankweighted
M: 5
lambda: 24
epsilon_svgd: 0.02
gamma: 0.0003
decay_start_ratio: 0.05
decay_min_factor: 0.05
bandwith_kernel: None
no_interact: False
avg_score: -442.79998779296875
median_score: -447.0
std_score: 24.42375946044922
percentiles: 2%=-487.0400085449219, 5%=-475.20001220703125, 10%=-472.0, 25%=-460.0, 50%=-447.0, 75%=-425.75, 90%=-404.0, 95%=-399.0, 98%=-397.9599914550781
ranking_best_algo: CMApara
ranking_best_score: 453.82
ranking_my_rank: 9/504 (98.4%)
ranking_my_percent: 98.41269841269842
