ConfigName: kjsd__advperagentrankweighted__M4__L20__eps0p007__g0p0005__ds0p05__dm0p2
Problem: QUBO
Kernel: jsd
Advantage: peragentrankweighted
M: 4
lambda: 20
epsilon_svgd: 0.007
gamma: 0.0005
decay_start_ratio: 0.05
decay_min_factor: 0.2
bandwith_kernel: None
no_interact: False
avg_score: -430.9800109863281
median_score: -425.5
std_score: 25.93221092224121
percentiles: 2%=-477.0400085449219, 5%=-475.1000061035156, 10%=-475.0, 25%=-449.25, 50%=-425.5, 75%=-413.0, 90%=-402.5, 95%=-392.95001220703125, 98%=-384.9800109863281
ranking_best_algo: CMAL3
ranking_best_score: 435.36
ranking_my_rank: 8/504 (98.6%)
ranking_my_percent: 98.61111111111111
