ConfigName: kjsd__advperagentrankweighted__M5__L8__eps0p01__g0p0007__ds0p05__dm0p05
Problem: NK
Kernel: jsd
Advantage: peragentrankweighted
M: 5
lambda: 8
epsilon_svgd: 0.01
gamma: 0.0007
decay_start_ratio: 0.05
decay_min_factor: 0.05
bandwith_kernel: None
no_interact: False
avg_score: 0.7568485736846924
median_score: 0.7558568716049194
std_score: 0.013073262758553028
percentiles: 2%=0.7264479398727417, 5%=0.7374677062034607, 10%=0.7410184741020203, 25%=0.7481406927108765, 50%=0.7558568716049194, 75%=0.7663756608963013, 90%=0.7740519642829895, 95%=0.7800778150558472, 98%=0.7822872996330261
ranking_best_algo: Tabu
ranking_best_score: 0.7470791764843752
ranking_my_rank: 1/504 (100.0%)
ranking_my_percent: 100.0
