ConfigName: krbf__advglobalrankweighted__M4__L10__eps0p015__g0p007__ds0p01__dm0p01
Problem: QUBO
Kernel: rbf
Advantage: globalrankweighted
M: 4
lambda: 10
epsilon_svgd: 0.015
gamma: 0.007
decay_start_ratio: 0.01
decay_min_factor: 0.01
bandwith_kernel: None
no_interact: False
avg_score: -201.5399932861328
median_score: -202.0
std_score: 11.912530899047852
percentiles: 2%=-224.0, 5%=-224.0, 10%=-219.0, 25%=-207.5, 50%=-202.0, 75%=-195.0, 90%=-187.0, 95%=-183.85000610351562, 98%=-173.9399871826172
ranking_best_algo: Tabu
ranking_best_score: 208.36000000000004
ranking_my_rank: 40/504 (92.3%)
ranking_my_percent: 92.26190476190476
