ConfigName: kjsd__advperagentrankweighted__M6__L10__eps0p02__g0p0005__ds0p2__dm0p05
Problem: QUBO
Kernel: jsd
Advantage: peragentrankweighted
M: 6
lambda: 10
epsilon_svgd: 0.02
gamma: 0.0005
decay_start_ratio: 0.2
decay_min_factor: 0.05
bandwith_kernel: None
no_interact: False
avg_score: -1618.1199951171875
median_score: -1611.5
std_score: 60.48276901245117
percentiles: 2%=-1750.219970703125, 5%=-1727.300048828125, 10%=-1693.300048828125, 25%=-1657.0, 50%=-1611.5, 75%=-1574.5, 90%=-1545.5, 95%=-1522.800048828125, 98%=-1497.0
ranking_best_algo: NLOPT_LN_PRAXIS
ranking_best_score: 1607.12
ranking_my_rank: 1/504 (100.0%)
ranking_my_percent: 100.0
