ConfigName: kjsd__advperagentrankweighted__M5__L10__eps0p01__g0p003__ds0p05__dm0p05
Problem: QUBO
Kernel: jsd
Advantage: peragentrankweighted
M: 5
lambda: 10
epsilon_svgd: 0.01
gamma: 0.003
decay_start_ratio: 0.05
decay_min_factor: 0.05
bandwith_kernel: None
no_interact: False
avg_score: -1168.9599609375
median_score: -1166.5
std_score: 76.15705871582031
percentiles: 2%=-1336.52001953125, 5%=-1296.050048828125, 10%=-1281.9000244140625, 25%=-1213.0, 50%=-1166.5, 75%=-1116.75, 90%=-1071.0, 95%=-1063.949951171875, 98%=-1050.800048828125
ranking_best_algo: SVMMetaModelLogNormal
ranking_best_score: 1233.7999999999997
ranking_my_rank: 83/504 (83.7%)
ranking_my_percent: 83.73015873015873
