ConfigName: krbf__advnormalizedfitness__M3__L10__eps0p015__g0p005__ds0p3__dm0p3
Problem: QUBO
Kernel: rbf
Advantage: normalizedfitness
M: 3
lambda: 10
epsilon_svgd: 0.015
gamma: 0.005
decay_start_ratio: 0.3
decay_min_factor: 0.3
bandwith_kernel: None
no_interact: False
avg_score: -884.4199829101562
median_score: -878.5
std_score: 60.54719924926758
percentiles: 2%=-1020.0599975585938, 5%=-983.6500244140625, 10%=-966.0, 25%=-923.0, 50%=-878.5, 75%=-846.5, 90%=-809.0, 95%=-790.7000122070312, 98%=-776.9199829101562
ranking_best_algo: CMAL3
ranking_best_score: 928.5800000000002
ranking_my_rank: 106/504 (79.2%)
ranking_my_percent: 79.16666666666667
