ConfigName: kjsd__advperagentrankweighted__M5__L24__eps0p03__g0p0003__ds0p05__dm0p05
Problem: QUBO
Kernel: jsd
Advantage: peragentrankweighted
M: 5
lambda: 24
epsilon_svgd: 0.03
gamma: 0.0003
decay_start_ratio: 0.05
decay_min_factor: 0.05
bandwith_kernel: None
no_interact: False
avg_score: -2616.360107421875
median_score: -2619.5
std_score: 114.68561553955078
percentiles: 2%=-2841.300048828125, 5%=-2826.35009765625, 10%=-2763.89990234375, 25%=-2693.5, 50%=-2619.5, 75%=-2541.25, 90%=-2471.89990234375, 95%=-2425.949951171875, 98%=-2407.360107421875
ranking_best_algo: DiscreteLengler2OnePlusOne
ranking_best_score: 2617.04
ranking_my_rank: 2/504 (99.8%)
ranking_my_percent: 99.8015873015873
