ConfigName: krbf__advnormalizedfitness__M3__L12__eps0p025__g0p01__ds0p3__dm0p3
Problem: NK
Kernel: rbf
Advantage: normalizedfitness
M: 3
lambda: 12
epsilon_svgd: 0.025
gamma: 0.01
decay_start_ratio: 0.3
decay_min_factor: 0.3
bandwith_kernel: None
no_interact: False
avg_score: 0.7441291809082031
median_score: 0.7419590950012207
std_score: 0.02858923375606537
percentiles: 2%=0.6983983516693115, 5%=0.7042062282562256, 10%=0.7095417380332947, 25%=0.7203243970870972, 50%=0.7419590950012207, 75%=0.7580187320709229, 90%=0.778337299823761, 95%=0.8044298887252808, 98%=0.8094862103462219
ranking_best_algo: CMApara
ranking_best_score: 0.7459277895312499
ranking_my_rank: 6/504 (99.0%)
ranking_my_percent: 99.0079365079365
