ConfigName: krbf__advnormalizedfitness__M4__L10__eps0p015__g0p005__ds0p15__dm0p3
Problem: QUBO
Kernel: rbf
Advantage: normalizedfitness
M: 4
lambda: 10
epsilon_svgd: 0.015
gamma: 0.005
decay_start_ratio: 0.15
decay_min_factor: 0.3
bandwith_kernel: None
no_interact: False
avg_score: -999.4400024414062
median_score: -998.0
std_score: 93.94416046142578
percentiles: 2%=-1174.9599609375, 5%=-1153.0999755859375, 10%=-1122.4000244140625, 25%=-1068.0, 50%=-998.0, 75%=-932.75, 90%=-895.9000244140625, 95%=-858.300048828125, 98%=-836.639892578125
ranking_best_algo: SVMMetaModelLogNormal
ranking_best_score: 1233.7999999999997
ranking_my_rank: 241/504 (52.4%)
ranking_my_percent: 52.38095238095238
