ConfigName: krbf__advnormalizedfitness__M3__L12__eps0p025__g0p01__ds0p3__dm0p3
Problem: QUBO
Kernel: rbf
Advantage: normalizedfitness
M: 3
lambda: 12
epsilon_svgd: 0.025
gamma: 0.01
decay_start_ratio: 0.3
decay_min_factor: 0.3
bandwith_kernel: None
no_interact: False
avg_score: -1325.56005859375
median_score: -1318.0
std_score: 128.70643615722656
percentiles: 2%=-1555.219970703125, 5%=-1529.4000244140625, 10%=-1506.199951171875, 25%=-1413.0, 50%=-1318.0, 75%=-1234.0, 90%=-1154.800048828125, 95%=-1100.7000732421875, 98%=-1085.959716796875
ranking_best_algo: NLOPT_LN_PRAXIS
ranking_best_score: 1607.12
ranking_my_rank: 198/504 (60.9%)
ranking_my_percent: 60.91269841269841
