ConfigName: krbf__advnormalizedfitness__M4__L12__eps0p033__g0p007__ds0p3__dm0p01
Problem: NK
Kernel: rbf
Advantage: normalizedfitness
M: 4
lambda: 12
epsilon_svgd: 0.033
gamma: 0.007
decay_start_ratio: 0.3
decay_min_factor: 0.01
bandwith_kernel: None
no_interact: False
avg_score: 0.7284170389175415
median_score: 0.7284508943557739
std_score: 0.014341454952955246
percentiles: 2%=0.7036044597625732, 5%=0.7050790190696716, 10%=0.7093633413314819, 25%=0.7185528874397278, 50%=0.7284508943557739, 75%=0.7375797033309937, 90%=0.7469696402549744, 95%=0.7543594241142273, 98%=0.7571898698806763
ranking_best_algo: PBIL
ranking_best_score: 0.733570253046875
ranking_my_rank: 3/504 (99.6%)
ranking_my_percent: 99.60317460317461
