ConfigName: kjsd__advperagentrankweighted__M5__L8__eps0p005__g0p0003__ds0p2__dm0p05
Problem: NK
Kernel: jsd
Advantage: peragentrankweighted
M: 5
lambda: 8
epsilon_svgd: 0.005
gamma: 0.0003
decay_start_ratio: 0.2
decay_min_factor: 0.05
bandwith_kernel: None
no_interact: False
avg_score: 0.7331001162528992
median_score: 0.7349849939346313
std_score: 0.008577494882047176
percentiles: 2%=0.7173632979393005, 5%=0.7184261083602905, 10%=0.7191574573516846, 25%=0.7269572019577026, 50%=0.7349849939346313, 75%=0.739192008972168, 90%=0.7427791357040405, 95%=0.746480405330658, 98%=0.7476577162742615
ranking_best_algo: PBIL
ranking_best_score: 0.7248786399609374
ranking_my_rank: 1/504 (100.0%)
ranking_my_percent: 100.0
