ConfigName: kjsd__advperagentrankweighted__M5__L10__eps0p03__g0p0005__ds0p05__dm0p05
Problem: QUBO
Kernel: jsd
Advantage: peragentrankweighted
M: 5
lambda: 10
epsilon_svgd: 0.03
gamma: 0.0005
decay_start_ratio: 0.05
decay_min_factor: 0.05
bandwith_kernel: None
no_interact: False
avg_score: -1277.8800048828125
median_score: -1273.0
std_score: 49.521366119384766
percentiles: 2%=-1364.8800048828125, 5%=-1359.050048828125, 10%=-1350.0, 25%=-1312.5, 50%=-1273.0, 75%=-1243.0, 90%=-1222.9000244140625, 95%=-1192.9000244140625, 98%=-1187.0
ranking_best_algo: BigLognormalDiscreteOnePlusOne
ranking_best_score: 1301.3600000000004
ranking_my_rank: 32/504 (93.8%)
ranking_my_percent: 93.84920634920636
