ConfigName: krbf__advnormalizedfitness__M1__L10__eps0p015__g0p005__ds0p15__dm0p3
Problem: NK
Kernel: rbf
Advantage: normalizedfitness
M: 1
lambda: 10
epsilon_svgd: 0.015
gamma: 0.005
decay_start_ratio: 0.15
decay_min_factor: 0.3
bandwith_kernel: None
no_interact: False
avg_score: 0.7265995144844055
median_score: 0.7267346978187561
std_score: 0.009289977140724659
percentiles: 2%=0.7092054486274719, 5%=0.7111672163009644, 10%=0.7142404913902283, 25%=0.7206753492355347, 50%=0.7267346978187561, 75%=0.7326951622962952, 90%=0.7380516529083252, 95%=0.7413015961647034, 98%=0.7457478642463684
ranking_best_algo: PBIL
ranking_best_score: 0.7248786399609374
ranking_my_rank: 1/504 (100.0%)
ranking_my_percent: 100.0
