ConfigName: kjsd__advperagentrankweighted__M4__L10__eps0p01__g0p0003__ds0p05__dm0p05
Problem: QUBO
Kernel: jsd
Advantage: peragentrankweighted
M: 4
lambda: 10
epsilon_svgd: 0.01
gamma: 0.0003
decay_start_ratio: 0.05
decay_min_factor: 0.05
bandwith_kernel: None
no_interact: False
avg_score: -932.8400268554688
median_score: -931.0
std_score: 69.72198486328125
percentiles: 2%=-1074.0, 5%=-1050.0999755859375, 10%=-1031.0, 25%=-979.0, 50%=-931.0, 75%=-889.75, 90%=-846.7999877929688, 95%=-812.75, 98%=-800.1599731445312
ranking_best_algo: CMApara
ranking_best_score: 964.9
ranking_my_rank: 19/504 (96.4%)
ranking_my_percent: 96.42857142857143
