ConfigName: kjsd__advperagentrankweighted__M3__L18__eps0p007__g0p0007__ds0p2__dm0p1
Problem: QUBO
Kernel: jsd
Advantage: peragentrankweighted
M: 3
lambda: 18
epsilon_svgd: 0.007
gamma: 0.0007
decay_start_ratio: 0.2
decay_min_factor: 0.1
bandwith_kernel: None
no_interact: False
avg_score: -426.1600036621094
median_score: -427.0
std_score: 28.51972007751465
percentiles: 2%=-481.0400085449219, 5%=-479.0, 10%=-463.1000061035156, 25%=-441.0, 50%=-427.0, 75%=-410.75, 90%=-390.8999938964844, 95%=-379.54998779296875, 98%=-363.9599914550781
ranking_best_algo: CMAL3
ranking_best_score: 435.36
ranking_my_rank: 23/504 (95.6%)
ranking_my_percent: 95.63492063492063
