ConfigName: kjsd__advperagentrankweighted__M3__L16__eps0p01__g0p0007__ds0p2__dm0p2
Problem: NK
Kernel: jsd
Advantage: peragentrankweighted
M: 3
lambda: 16
epsilon_svgd: 0.01
gamma: 0.0007
decay_start_ratio: 0.2
decay_min_factor: 0.2
bandwith_kernel: None
no_interact: False
avg_score: 0.7389090061187744
median_score: 0.7393125295639038
std_score: 0.015239334665238857
percentiles: 2%=0.7095516920089722, 5%=0.7139170169830322, 10%=0.7188858985900879, 25%=0.7277280688285828, 50%=0.7393125295639038, 75%=0.7496751546859741, 90%=0.7582458853721619, 95%=0.764432966709137, 98%=0.7706600427627563
ranking_best_algo: Tabu
ranking_best_score: 0.7601875690625
ranking_my_rank: 16/504 (97.0%)
ranking_my_percent: 97.02380952380952
