ConfigName: kjsd__advperagentrankweighted__M10__L10__eps0p005__g0p0005__ds0p3__dm0p05
Problem: QUBO
Kernel: jsd
Advantage: peragentrankweighted
M: 10
lambda: 10
epsilon_svgd: 0.005
gamma: 0.0005
decay_start_ratio: 0.3
decay_min_factor: 0.05
bandwith_kernel: None
no_interact: False
avg_score: -417.9800109863281
median_score: -420.0
std_score: 24.778207778930664
percentiles: 2%=-463.1199951171875, 5%=-457.0, 10%=-450.20001220703125, 25%=-435.75, 50%=-420.0, 75%=-399.5, 90%=-385.6000061035156, 95%=-376.0, 98%=-373.9599914550781
ranking_best_algo: Tabu
ranking_best_score: 438.12
ranking_my_rank: 40/504 (92.3%)
ranking_my_percent: 92.26190476190476
