ConfigName: krbf__advnormalizedfitness__M4__L15__eps0p033__g0p005__ds0p15__dm0p01
Problem: NK
Kernel: rbf
Advantage: normalizedfitness
M: 4
lambda: 15
epsilon_svgd: 0.033
gamma: 0.005
decay_start_ratio: 0.15
decay_min_factor: 0.01
bandwith_kernel: None
no_interact: False
avg_score: 0.7367490530014038
median_score: 0.7374902963638306
std_score: 0.013416578061878681
percentiles: 2%=0.7119225263595581, 5%=0.7124525308609009, 10%=0.716878354549408, 25%=0.7275092601776123, 50%=0.7374902963638306, 75%=0.7461196184158325, 90%=0.7529322504997253, 95%=0.7554135322570801, 98%=0.7635535597801208
ranking_best_algo: PBIL
ranking_best_score: 0.733570253046875
ranking_my_rank: 1/504 (100.0%)
ranking_my_percent: 100.0
