ConfigName: kjsd__advperagentrankweighted__M3__L16__eps0p005__g0p0007__ds0p2__dm0p1
Problem: QUBO
Kernel: jsd
Advantage: peragentrankweighted
M: 3
lambda: 16
epsilon_svgd: 0.005
gamma: 0.0007
decay_start_ratio: 0.2
decay_min_factor: 0.1
bandwith_kernel: None
no_interact: False
avg_score: -1307.5799560546875
median_score: -1312.5
std_score: 62.55176544189453
percentiles: 2%=-1426.0999755859375, 5%=-1416.050048828125, 10%=-1398.0999755859375, 25%=-1349.0, 50%=-1312.5, 75%=-1257.0, 90%=-1222.9000244140625, 95%=-1206.800048828125, 98%=-1198.93994140625
ranking_best_algo: BigLognormalDiscreteOnePlusOne
ranking_best_score: 1301.3600000000004
ranking_my_rank: 1/504 (100.0%)
ranking_my_percent: 100.0
