ConfigName: krbf__advnormalizedfitness__M4__L15__eps0p025__g0p005__ds0p3__dm0p3
Problem: QUBO
Kernel: rbf
Advantage: normalizedfitness
M: 4
lambda: 15
epsilon_svgd: 0.025
gamma: 0.005
decay_start_ratio: 0.3
decay_min_factor: 0.3
bandwith_kernel: None
no_interact: False
avg_score: -542.47998046875
median_score: -541.5
std_score: 39.87843704223633
percentiles: 2%=-617.2999877929688, 5%=-601.4000244140625, 10%=-597.0, 25%=-575.0, 50%=-541.5, 75%=-511.0, 90%=-489.79998779296875, 95%=-482.95001220703125, 98%=-480.8399658203125
ranking_best_algo: Tabu
ranking_best_score: 588.7199999999999
ranking_my_rank: 164/503 (67.6%)
ranking_my_percent: 67.59443339960238
