ConfigName: kjsd__advperagentrankweighted__M4__L10__eps0p005__g0p0005__ds0p4__dm0p05
Problem: QUBO
Kernel: jsd
Advantage: peragentrankweighted
M: 4
lambda: 10
epsilon_svgd: 0.005
gamma: 0.0005
decay_start_ratio: 0.4
decay_min_factor: 0.05
bandwith_kernel: None
no_interact: False
avg_score: -2597.699951171875
median_score: -2607.0
std_score: 111.48161315917969
percentiles: 2%=-2824.159912109375, 5%=-2782.89990234375, 10%=-2746.0, 25%=-2660.0, 50%=-2607.0, 75%=-2522.0, 90%=-2457.300048828125, 95%=-2409.60009765625, 98%=-2388.8798828125
ranking_best_algo: SVM1MetaModelLogNormal
ranking_best_score: 2605.14
ranking_my_rank: 3/504 (99.6%)
ranking_my_percent: 99.60317460317461
