ConfigName: krbf__advnormalizedfitness__M4__L10__eps0p033__g0p01__ds0p01__dm0p01
Problem: QUBO
Kernel: rbf
Advantage: normalizedfitness
M: 4
lambda: 10
epsilon_svgd: 0.033
gamma: 0.01
decay_start_ratio: 0.01
decay_min_factor: 0.01
bandwith_kernel: None
no_interact: False
avg_score: -141.02000427246094
median_score: -142.0
std_score: 10.465161323547363
percentiles: 2%=-159.0, 5%=-158.0, 10%=-156.0, 25%=-149.0, 50%=-142.0, 75%=-130.0, 90%=-127.0, 95%=-125.0, 98%=-125.0
ranking_best_algo: DiscreteDE
ranking_best_score: 143.4
ranking_my_rank: 74/504 (85.5%)
ranking_my_percent: 85.51587301587301
