ConfigName: kjsd__advperagentrankweighted__M8__L24__eps0p005__g0p0005__ds0p3__dm0p05
Problem: QUBO
Kernel: jsd
Advantage: peragentrankweighted
M: 8
lambda: 24
epsilon_svgd: 0.005
gamma: 0.0005
decay_start_ratio: 0.3
decay_min_factor: 0.05
bandwith_kernel: None
no_interact: False
avg_score: -407.760009765625
median_score: -406.5
std_score: 26.49344253540039
percentiles: 2%=-457.239990234375, 5%=-453.1000061035156, 10%=-447.0, 25%=-426.5, 50%=-406.5, 75%=-387.5, 90%=-374.0, 95%=-370.0, 98%=-361.9200134277344
ranking_best_algo: Tabu
ranking_best_score: 438.12
ranking_my_rank: 155/504 (69.4%)
ranking_my_percent: 69.44444444444444
