ConfigName: kfr__advglobalrankweighted__M6__L9__eps0p015__g0p007__ds0p01__dm0p01
Problem: QUBO
Kernel: fr
Advantage: globalrankweighted
M: 6
lambda: 9
epsilon_svgd: 0.015
gamma: 0.007
decay_start_ratio: 0.01
decay_min_factor: 0.01
bandwith_kernel: None
no_interact: False
avg_score: -410.4599914550781
median_score: -410.0
std_score: 25.952810287475586
percentiles: 2%=-457.1600036621094, 5%=-454.04998779296875, 10%=-447.29998779296875, 25%=-428.5, 50%=-410.0, 75%=-392.0, 90%=-376.0, 95%=-371.9000244140625, 98%=-363.8399658203125
ranking_best_algo: Tabu
ranking_best_score: 438.12
ranking_my_rank: 89/504 (82.5%)
ranking_my_percent: 82.53968253968254
