ConfigName: kfr__advglobalrankweighted__M1__L8__eps0p02__g0p007__ds0p01__dm0p01
Problem: QUBO
Kernel: fr
Advantage: globalrankweighted
M: 1
lambda: 8
epsilon_svgd: 0.02
gamma: 0.007
decay_start_ratio: 0.01
decay_min_factor: 0.01
bandwith_kernel: None
no_interact: False
avg_score: -900.52001953125
median_score: -894.5
std_score: 73.23926544189453
percentiles: 2%=-1045.0799560546875, 5%=-1034.1500244140625, 10%=-994.0999755859375, 25%=-943.25, 50%=-894.5, 75%=-853.25, 90%=-810.9000244140625, 95%=-794.5000610351562, 98%=-764.1198120117188
ranking_best_algo: CMApara
ranking_best_score: 964.9
ranking_my_rank: 119/504 (76.6%)
ranking_my_percent: 76.58730158730158
