ConfigName: krbf__advnormalizedfitness__M4__L12__eps0p015__g0p015__ds0p15__dm0p3
Problem: QUBO
Kernel: rbf
Advantage: normalizedfitness
M: 4
lambda: 12
epsilon_svgd: 0.015
gamma: 0.015
decay_start_ratio: 0.15
decay_min_factor: 0.3
bandwith_kernel: None
no_interact: False
avg_score: -501.2200012207031
median_score: -485.0
std_score: 65.04714965820312
percentiles: 2%=-649.8200073242188, 5%=-617.1500244140625, 10%=-587.2999877929688, 25%=-539.25, 50%=-485.0, 75%=-455.25, 90%=-429.79998779296875, 95%=-416.95001220703125, 98%=-408.73992919921875
ranking_best_algo: CMAL3
ranking_best_score: 928.5800000000002
ranking_my_rank: 392/504 (22.4%)
ranking_my_percent: 22.42063492063492
