ConfigName: kjsd__advperagentrankweighted__M3__L30__eps0p007__g0p001__ds0p1__dm0p05
Problem: QUBO
Kernel: jsd
Advantage: peragentrankweighted
M: 3
lambda: 30
epsilon_svgd: 0.007
gamma: 0.001
decay_start_ratio: 0.1
decay_min_factor: 0.05
bandwith_kernel: None
no_interact: False
avg_score: -2559.580078125
median_score: -2566.5
std_score: 119.3129653930664
percentiles: 2%=-2834.360107421875, 5%=-2733.60009765625, 10%=-2693.5, 25%=-2642.25, 50%=-2566.5, 75%=-2466.75, 90%=-2407.60009765625, 95%=-2388.949951171875, 98%=-2339.679931640625
ranking_best_algo: SVM1MetaModelLogNormal
ranking_best_score: 2605.14
ranking_my_rank: 40/504 (92.3%)
ranking_my_percent: 92.26190476190476
