ConfigName: krbf__advnormalizedfitness__M1__L8__eps0p033__g0p007__ds0p01__dm0p3
Problem: QUBO
Kernel: rbf
Advantage: normalizedfitness
M: 1
lambda: 8
epsilon_svgd: 0.033
gamma: 0.007
decay_start_ratio: 0.01
decay_min_factor: 0.3
bandwith_kernel: None
no_interact: False
avg_score: -863.760009765625
median_score: -855.0
std_score: 69.31062316894531
percentiles: 2%=-1026.199951171875, 5%=-994.2999877929688, 10%=-953.5999755859375, 25%=-908.5, 50%=-855.0, 75%=-814.0, 90%=-779.7999877929688, 95%=-752.8500366210938, 98%=-734.679931640625
ranking_best_algo: CMAL3
ranking_best_score: 928.5800000000002
ranking_my_rank: 179/504 (64.7%)
ranking_my_percent: 64.68253968253968
