ConfigName: kjsd__advperagentrankweighted__M4__L12__eps0p008__g0p0005__ds0p05__dm0p05
Problem: QUBO
Kernel: jsd
Advantage: peragentrankweighted
M: 4
lambda: 12
epsilon_svgd: 0.008
gamma: 0.0005
decay_start_ratio: 0.05
decay_min_factor: 0.05
bandwith_kernel: None
no_interact: False
avg_score: -918.6599731445312
median_score: -920.0
std_score: 61.32360076904297
percentiles: 2%=-1052.0, 5%=-1030.199951171875, 10%=-997.5, 25%=-955.25, 50%=-920.0, 75%=-870.0, 90%=-840.0, 95%=-821.8499755859375, 98%=-804.8800048828125
ranking_best_algo: CMAL3
ranking_best_score: 928.5800000000002
ranking_my_rank: 10/504 (98.2%)
ranking_my_percent: 98.21428571428571
