ConfigName: kjsd__advperagentrankweighted__M5__L8__eps0p01__g0p0007__ds0p4__dm0p2
Problem: QUBO
Kernel: jsd
Advantage: peragentrankweighted
M: 5
lambda: 8
epsilon_svgd: 0.01
gamma: 0.0007
decay_start_ratio: 0.4
decay_min_factor: 0.2
bandwith_kernel: None
no_interact: False
avg_score: -201.63999938964844
median_score: -202.0
std_score: 10.84022045135498
percentiles: 2%=-224.0, 5%=-222.0, 10%=-217.0, 25%=-208.0, 50%=-202.0, 75%=-195.0, 90%=-186.89999389648438, 95%=-184.0, 98%=-178.0
ranking_best_algo: Tabu
ranking_best_score: 208.36000000000004
ranking_my_rank: 39/504 (92.5%)
ranking_my_percent: 92.46031746031746
