ConfigName: kjsd__advperagentrankweighted__M3__L18__eps0p007__g0p003__ds0p05__dm0p1
Problem: QUBO
Kernel: jsd
Advantage: peragentrankweighted
M: 3
lambda: 18
epsilon_svgd: 0.007
gamma: 0.003
decay_start_ratio: 0.05
decay_min_factor: 0.1
bandwith_kernel: None
no_interact: False
avg_score: -424.8999938964844
median_score: -424.5
std_score: 26.25928497314453
percentiles: 2%=-477.0400085449219, 5%=-473.20001220703125, 10%=-463.1000061035156, 25%=-440.25, 50%=-424.5, 75%=-405.75, 90%=-394.0, 95%=-387.8500061035156, 98%=-377.8999938964844
ranking_best_algo: CMAL3
ranking_best_score: 435.36
ranking_my_rank: 29/504 (94.4%)
ranking_my_percent: 94.44444444444444
