ConfigName: kjsd__advperagentrankweighted__M4__L20__eps0p007__g0p0005__ds0p1__dm0p2
Problem: QUBO
Kernel: jsd
Advantage: peragentrankweighted
M: 4
lambda: 20
epsilon_svgd: 0.007
gamma: 0.0005
decay_start_ratio: 0.1
decay_min_factor: 0.2
bandwith_kernel: None
no_interact: False
avg_score: -1306.719970703125
median_score: -1306.0
std_score: 51.39359664916992
percentiles: 2%=-1389.0799560546875, 5%=-1384.0, 10%=-1373.300048828125, 25%=-1347.25, 50%=-1306.0, 75%=-1275.0, 90%=-1252.5999755859375, 95%=-1210.699951171875, 98%=-1195.0
ranking_best_algo: BigLognormalDiscreteOnePlusOne
ranking_best_score: 1301.3600000000004
ranking_my_rank: 1/504 (100.0%)
ranking_my_percent: 100.0
