ConfigName: kjsd__advperagentrankweighted__M4__L10__eps0p02__g0p0003__ds0p2__dm0p05
Problem: QUBO
Kernel: jsd
Advantage: peragentrankweighted
M: 4
lambda: 10
epsilon_svgd: 0.02
gamma: 0.0003
decay_start_ratio: 0.2
decay_min_factor: 0.05
bandwith_kernel: None
no_interact: False
avg_score: -1265.02001953125
median_score: -1261.5
std_score: 50.824989318847656
percentiles: 2%=-1374.02001953125, 5%=-1359.0, 10%=-1336.5, 25%=-1301.5, 50%=-1261.5, 75%=-1228.75, 90%=-1200.5999755859375, 95%=-1185.949951171875, 98%=-1182.9200439453125
ranking_best_algo: BigLognormalDiscreteOnePlusOne
ranking_best_score: 1301.3600000000004
ranking_my_rank: 50/504 (90.3%)
ranking_my_percent: 90.27777777777777
