ConfigName: krbf__advglobalrankweighted__M4__L10__eps0p015__g0p003__ds0p01__dm0p01
Problem: QUBO
Kernel: rbf
Advantage: globalrankweighted
M: 4
lambda: 10
epsilon_svgd: 0.015
gamma: 0.003
decay_start_ratio: 0.01
decay_min_factor: 0.01
bandwith_kernel: None
no_interact: False
avg_score: -911.4000244140625
median_score: -907.0
std_score: 54.341697692871094
percentiles: 2%=-1034.1600341796875, 5%=-1001.7999877929688, 10%=-975.2000122070312, 25%=-947.0, 50%=-907.0, 75%=-873.0, 90%=-849.7000122070312, 95%=-815.8500366210938, 98%=-804.9599609375
ranking_best_algo: CMAL3
ranking_best_score: 928.5800000000002
ranking_my_rank: 20/504 (96.2%)
ranking_my_percent: 96.23015873015873
