ConfigName: kfr__advglobalrankweighted__M4__L9__eps0p015__g0p005__ds0p01__dm0p01
Problem: QUBO
Kernel: fr
Advantage: globalrankweighted
M: 4
lambda: 9
epsilon_svgd: 0.015
gamma: 0.005
decay_start_ratio: 0.01
decay_min_factor: 0.01
bandwith_kernel: None
no_interact: False
avg_score: -443.9200134277344
median_score: -446.5
std_score: 24.058961868286133
percentiles: 2%=-486.1199951171875, 5%=-475.0, 10%=-472.0, 25%=-464.25, 50%=-446.5, 75%=-423.75, 90%=-415.8999938964844, 95%=-402.79998779296875, 98%=-390.8999938964844
ranking_best_algo: CMApara
ranking_best_score: 453.82
ranking_my_rank: 6/504 (99.0%)
ranking_my_percent: 99.0079365079365
