ConfigName: kjsd__advperagentrankweighted__M10__L28__eps0p005__g0p0005__ds0p3__dm0p05
Problem: NK
Kernel: jsd
Advantage: peragentrankweighted
M: 10
lambda: 28
epsilon_svgd: 0.005
gamma: 0.0005
decay_start_ratio: 0.3
decay_min_factor: 0.05
bandwith_kernel: None
no_interact: False
avg_score: 0.6420686841011047
median_score: 0.640511691570282
std_score: 0.01125985849648714
percentiles: 2%=0.6263656616210938, 5%=0.6281149983406067, 10%=0.6310102343559265, 25%=0.6346862316131592, 50%=0.640511691570282, 75%=0.6472008228302002, 90%=0.65472811460495, 95%=0.6625782251358032, 98%=0.6723374128341675
ranking_best_algo: Tabu
ranking_best_score: 0.7601875690625
ranking_my_rank: 391/504 (22.6%)
ranking_my_percent: 22.61904761904762
