ConfigName: krbf__advnormalizedfitness__M4__L15__eps0p033__g0p01__ds0p01__dm0p01
Problem: QUBO
Kernel: rbf
Advantage: normalizedfitness
M: 4
lambda: 15
epsilon_svgd: 0.033
gamma: 0.01
decay_start_ratio: 0.01
decay_min_factor: 0.01
bandwith_kernel: None
no_interact: False
avg_score: -876.0
median_score: -871.0
std_score: 66.57551574707031
percentiles: 2%=-1007.5599975585938, 5%=-986.0499877929688, 10%=-959.5, 25%=-929.5, 50%=-871.0, 75%=-825.75, 90%=-797.7000122070312, 95%=-768.0, 98%=-760.9199829101562
ranking_best_algo: CMAL3
ranking_best_score: 928.5800000000002
ranking_my_rank: 131/504 (74.2%)
ranking_my_percent: 74.2063492063492
