ConfigName: krbf__advnormalizedfitness__M1__L8__eps0p015__g0p005__ds0p01__dm0p3
Problem: QUBO
Kernel: rbf
Advantage: normalizedfitness
M: 1
lambda: 8
epsilon_svgd: 0.015
gamma: 0.005
decay_start_ratio: 0.01
decay_min_factor: 0.3
bandwith_kernel: None
no_interact: False
avg_score: -554.4199829101562
median_score: -556.5
std_score: 32.306400299072266
percentiles: 2%=-615.0800170898438, 5%=-611.0499877929688, 10%=-599.0, 25%=-574.0, 50%=-556.5, 75%=-531.0, 90%=-517.5, 95%=-501.95001220703125, 98%=-486.97998046875
ranking_best_algo: Tabu
ranking_best_score: 588.7199999999999
ranking_my_rank: 150/503 (70.4%)
ranking_my_percent: 70.37773359840955
