ConfigName: krbf__advnormalizedfitness__M3__L8__eps0p025__g0p007__ds0p3__dm0p01
Problem: QUBO
Kernel: rbf
Advantage: normalizedfitness
M: 3
lambda: 8
epsilon_svgd: 0.025
gamma: 0.007
decay_start_ratio: 0.3
decay_min_factor: 0.01
bandwith_kernel: None
no_interact: False
avg_score: -2515.97998046875
median_score: -2510.5
std_score: 128.8072967529297
percentiles: 2%=-2758.260009765625, 5%=-2701.550048828125, 10%=-2675.39990234375, 25%=-2619.0, 50%=-2510.5, 75%=-2442.5, 90%=-2340.89990234375, 95%=-2315.85009765625, 98%=-2257.760009765625
ranking_best_algo: SVM1MetaModelLogNormal
ranking_best_score: 2605.14
ranking_my_rank: 60/504 (88.3%)
ranking_my_percent: 88.2936507936508
