ConfigName: kjsd__advperagentrankweighted__M3__L16__eps0p005__g0p0007__ds0p1__dm0p05
Problem: QUBO
Kernel: jsd
Advantage: peragentrankweighted
M: 3
lambda: 16
epsilon_svgd: 0.005
gamma: 0.0007
decay_start_ratio: 0.1
decay_min_factor: 0.05
bandwith_kernel: None
no_interact: False
avg_score: -1252.260009765625
median_score: -1250.0
std_score: 64.3722915649414
percentiles: 2%=-1376.0400390625, 5%=-1363.0, 10%=-1339.699951171875, 25%=-1294.25, 50%=-1250.0, 75%=-1208.75, 90%=-1170.5999755859375, 95%=-1159.949951171875, 98%=-1131.8199462890625
ranking_best_algo: SVMMetaModelLogNormal
ranking_best_score: 1233.7999999999997
ranking_my_rank: 1/504 (100.0%)
ranking_my_percent: 100.0
