ConfigName: krbf__advnormalizedfitness__M4__L10__eps0p025__g0p005__ds0p01__dm0p01
Problem: NK
Kernel: rbf
Advantage: normalizedfitness
M: 4
lambda: 10
epsilon_svgd: 0.025
gamma: 0.005
decay_start_ratio: 0.01
decay_min_factor: 0.01
bandwith_kernel: None
no_interact: False
avg_score: 0.7245664000511169
median_score: 0.7240601778030396
std_score: 0.011303741484880447
percentiles: 2%=0.7049044370651245, 5%=0.708299994468689, 10%=0.7123550176620483, 25%=0.7175580263137817, 50%=0.7240601778030396, 75%=0.7294594645500183, 90%=0.7399488091468811, 95%=0.7431123852729797, 98%=0.7525690793991089
ranking_best_algo: Tabu
ranking_best_score: 0.7429702712499999
ranking_my_rank: 4/504 (99.4%)
ranking_my_percent: 99.4047619047619
