ConfigName: krbf__advnormalizedfitness__M4__L10__eps0p025__g0p01__ds0p05__dm0p05
Problem: NK
Kernel: rbf
Advantage: normalizedfitness
M: 4
lambda: 10
epsilon_svgd: 0.025
gamma: 0.01
decay_start_ratio: 0.05
decay_min_factor: 0.05
bandwith_kernel: None
no_interact: False
avg_score: 0.7506542205810547
median_score: 0.7520115971565247
std_score: 0.014282597228884697
percentiles: 2%=0.7217898964881897, 5%=0.7254481911659241, 10%=0.7324969172477722, 25%=0.7395705580711365, 50%=0.7520115971565247, 75%=0.763604998588562, 90%=0.7681229114532471, 95%=0.7715466618537903, 98%=0.7747023701667786
ranking_best_algo: Tabu
ranking_best_score: 0.7470791764843752
ranking_my_rank: 1/504 (100.0%)
ranking_my_percent: 100.0
