ConfigName: kjsd__advperagentrankweighted__M3__L20__eps0p007__g0p001__ds0p1__dm0p2
Problem: QUBO
Kernel: jsd
Advantage: peragentrankweighted
M: 3
lambda: 20
epsilon_svgd: 0.007
gamma: 0.001
decay_start_ratio: 0.1
decay_min_factor: 0.2
bandwith_kernel: None
no_interact: False
avg_score: -307.4800109863281
median_score: -303.0
std_score: 37.05630111694336
percentiles: 2%=-392.0799865722656, 5%=-388.0, 10%=-352.20001220703125, 25%=-330.0, 50%=-303.0, 75%=-275.5, 90%=-265.8999938964844, 95%=-262.8500061035156, 98%=-252.94000244140625
ranking_best_algo: CMApara
ranking_best_score: 319.29999999999995
ranking_my_rank: 96/504 (81.2%)
ranking_my_percent: 81.15079365079364
