ConfigName: krbf__advnormalizedfitness__M4__L24__eps0p02__g0p01__ds0p15__dm0p05
Problem: NK
Kernel: rbf
Advantage: normalizedfitness
M: 4
lambda: 24
epsilon_svgd: 0.02
gamma: 0.01
decay_start_ratio: 0.15
decay_min_factor: 0.05
bandwith_kernel: None
no_interact: False
avg_score: 0.733436644077301
median_score: 0.7343019247055054
std_score: 0.033116716891527176
percentiles: 2%=0.6817582249641418, 5%=0.6833988428115845, 10%=0.6929041147232056, 25%=0.7019966840744019, 50%=0.7343019247055054, 75%=0.748616635799408, 90%=0.773384690284729, 95%=0.8043570518493652, 98%=0.8044298887252808
ranking_best_algo: CMApara
ranking_best_score: 0.7459277895312499
ranking_my_rank: 109/504 (78.6%)
ranking_my_percent: 78.57142857142857
