ConfigName: kfr__advglobalrankweighted__M4__L24__eps0p06__g0p001__ds0p01__dm0p01
Problem: QUBO
Kernel: fr
Advantage: globalrankweighted
M: 4
lambda: 24
epsilon_svgd: 0.06
gamma: 0.001
decay_start_ratio: 0.01
decay_min_factor: 0.01
bandwith_kernel: None
no_interact: False
avg_score: -2432.639892578125
median_score: -2424.5
std_score: 111.0606689453125
percentiles: 2%=-2668.300048828125, 5%=-2608.10009765625, 10%=-2581.5, 25%=-2511.5, 50%=-2424.5, 75%=-2351.0, 90%=-2296.0, 95%=-2281.89990234375, 98%=-2271.739990234375
ranking_best_algo: SVM1MetaModelLogNormal
ranking_best_score: 2605.14
ranking_my_rank: 89/504 (82.5%)
ranking_my_percent: 82.53968253968254
