ConfigName: krbf__advnormalizedfitness__M4__L12__eps0p015__g0p007__ds0p01__dm0p01
Problem: QUBO
Kernel: rbf
Advantage: normalizedfitness
M: 4
lambda: 12
epsilon_svgd: 0.015
gamma: 0.007
decay_start_ratio: 0.01
decay_min_factor: 0.01
bandwith_kernel: None
no_interact: False
avg_score: -2145.199951171875
median_score: -2102.5
std_score: 175.6284637451172
percentiles: 2%=-2513.239990234375, 5%=-2397.39990234375, 10%=-2353.5, 25%=-2279.0, 50%=-2102.5, 75%=-2020.0, 90%=-1953.199951171875, 95%=-1897.800048828125, 98%=-1851.079833984375
ranking_best_algo: SVM1MetaModelLogNormal
ranking_best_score: 2605.14
ranking_my_rank: 198/504 (60.9%)
ranking_my_percent: 60.91269841269841
