ConfigName: kjsd__advperagentrankweighted__M4__L8__eps0p005__g0p0007__ds0p05__dm0p05
Problem: QUBO
Kernel: jsd
Advantage: peragentrankweighted
M: 4
lambda: 8
epsilon_svgd: 0.005
gamma: 0.0007
decay_start_ratio: 0.05
decay_min_factor: 0.05
bandwith_kernel: None
no_interact: False
avg_score: -430.79998779296875
median_score: -433.0
std_score: 28.374635696411133
percentiles: 2%=-483.0400085449219, 5%=-475.1000061035156, 10%=-469.1000061035156, 25%=-447.75, 50%=-433.0, 75%=-413.0, 90%=-401.0, 95%=-381.79998779296875, 98%=-359.8800048828125
ranking_best_algo: CMAL3
ranking_best_score: 435.36
ranking_my_rank: 8/504 (98.6%)
ranking_my_percent: 98.61111111111111
