ConfigName: kjsd__advperagentrankweighted__M4__L28__eps0p005__g0p0005__ds0p05__dm0p05
Problem: QUBO
Kernel: jsd
Advantage: peragentrankweighted
M: 4
lambda: 28
epsilon_svgd: 0.005
gamma: 0.0005
decay_start_ratio: 0.05
decay_min_factor: 0.05
bandwith_kernel: None
no_interact: False
avg_score: -201.10000610351562
median_score: -202.5
std_score: 12.577361106872559
percentiles: 2%=-224.0, 5%=-221.0500030517578, 10%=-215.0, 25%=-210.25, 50%=-202.5, 75%=-193.0, 90%=-183.0, 95%=-178.9499969482422, 98%=-173.9199981689453
ranking_best_algo: Tabu
ranking_best_score: 208.36000000000004
ranking_my_rank: 42/504 (91.9%)
ranking_my_percent: 91.86507936507937
