ConfigName: krbf__advnormalizedfitness__M3__L8__eps0p025__g0p007__ds0p3__dm0p01
Problem: QUBO
Kernel: rbf
Advantage: normalizedfitness
M: 3
lambda: 8
epsilon_svgd: 0.025
gamma: 0.007
decay_start_ratio: 0.3
decay_min_factor: 0.01
bandwith_kernel: None
no_interact: False
avg_score: -423.8399963378906
median_score: -423.5
std_score: 29.993572235107422
percentiles: 2%=-479.0400085449219, 5%=-477.0, 10%=-463.20001220703125, 25%=-443.25, 50%=-423.5, 75%=-402.75, 90%=-383.8999938964844, 95%=-377.9000244140625, 98%=-372.8199462890625
ranking_best_algo: CMAL3
ranking_best_score: 435.36
ranking_my_rank: 31/504 (94.0%)
ranking_my_percent: 94.04761904761905
