ConfigName: krbf__advnormalizedfitness__M3__L10__eps0p025__g0p005__ds0p15__dm0p3
Problem: QUBO
Kernel: rbf
Advantage: normalizedfitness
M: 3
lambda: 10
epsilon_svgd: 0.025
gamma: 0.005
decay_start_ratio: 0.15
decay_min_factor: 0.3
bandwith_kernel: None
no_interact: False
avg_score: -411.2200012207031
median_score: -410.0
std_score: 25.53255844116211
percentiles: 2%=-469.1600036621094, 5%=-452.45001220703125, 10%=-446.0, 25%=-428.0, 50%=-410.0, 75%=-392.0, 90%=-380.0, 95%=-371.8000183105469, 98%=-366.0
ranking_best_algo: Tabu
ranking_best_score: 438.12
ranking_my_rank: 80/504 (84.3%)
ranking_my_percent: 84.32539682539682
