ConfigName: kjsd__advperagentrankweighted__M3__L30__eps0p007__g0p0005__ds0p2__dm0p05
Problem: QUBO
Kernel: jsd
Advantage: peragentrankweighted
M: 3
lambda: 30
epsilon_svgd: 0.007
gamma: 0.0005
decay_start_ratio: 0.2
decay_min_factor: 0.05
bandwith_kernel: None
no_interact: False
avg_score: -1249.5799560546875
median_score: -1239.5
std_score: 55.66474533081055
percentiles: 2%=-1357.0799560546875, 5%=-1350.199951171875, 10%=-1325.5, 25%=-1291.0, 50%=-1239.5, 75%=-1206.75, 90%=-1181.0, 95%=-1164.9000244140625, 98%=-1150.9599609375
ranking_best_algo: SVMMetaModelLogNormal
ranking_best_score: 1233.7999999999997
ranking_my_rank: 1/504 (100.0%)
ranking_my_percent: 100.0
