ConfigName: kjsd__advperagentrankweighted__M3__L18__eps0p005__g0p0005__ds0p1__dm0p05
Problem: NK
Kernel: jsd
Advantage: peragentrankweighted
M: 3
lambda: 18
epsilon_svgd: 0.005
gamma: 0.0005
decay_start_ratio: 0.1
decay_min_factor: 0.05
bandwith_kernel: None
no_interact: False
avg_score: 0.7110249996185303
median_score: 0.6987258791923523
std_score: 0.03144454583525658
percentiles: 2%=0.6727179884910583, 5%=0.6748283505439758, 10%=0.6783457398414612, 25%=0.6820634007453918, 50%=0.6987258791923523, 75%=0.7467129230499268, 90%=0.7532666921615601, 95%=0.7613165378570557, 98%=0.7613165378570557
ranking_best_algo: CMApara
ranking_best_score: 0.7118996098437498
ranking_my_rank: 7/504 (98.8%)
ranking_my_percent: 98.80952380952381
