ConfigName: krbf__advnormalizedfitness__M2__L10__eps0p025__g0p005__ds0p15__dm0p01
Problem: QUBO
Kernel: rbf
Advantage: normalizedfitness
M: 2
lambda: 10
epsilon_svgd: 0.025
gamma: 0.005
decay_start_ratio: 0.15
decay_min_factor: 0.01
bandwith_kernel: None
no_interact: False
avg_score: -1608.739990234375
median_score: -1607.0
std_score: 62.35825729370117
percentiles: 2%=-1732.0, 5%=-1713.0, 10%=-1686.0999755859375, 25%=-1664.0, 50%=-1607.0, 75%=-1566.5, 90%=-1525.0, 95%=-1517.0, 98%=-1502.5999755859375
ranking_best_algo: NLOPT_LN_PRAXIS
ranking_best_score: 1607.12
ranking_my_rank: 1/504 (100.0%)
ranking_my_percent: 100.0
