ConfigName: kjsd__advperagentrankweighted__M4__L24__eps0p005__g0p0007__ds0p4__dm0p05
Problem: NK
Kernel: jsd
Advantage: peragentrankweighted
M: 4
lambda: 24
epsilon_svgd: 0.005
gamma: 0.0007
decay_start_ratio: 0.4
decay_min_factor: 0.05
bandwith_kernel: None
no_interact: False
avg_score: 0.7318240404129028
median_score: 0.7330132722854614
std_score: 0.010336605831980705
percentiles: 2%=0.7077121734619141, 5%=0.7131049633026123, 10%=0.7156484723091125, 25%=0.7265809774398804, 50%=0.7330132722854614, 75%=0.7397710680961609, 90%=0.7437189817428589, 95%=0.7457758188247681, 98%=0.7465568780899048
ranking_best_algo: PBIL
ranking_best_score: 0.7248786399609374
ranking_my_rank: 1/504 (100.0%)
ranking_my_percent: 100.0
