ConfigName: kjsd__advperagentrankweighted__M6__L8__eps0p03__g0p0007__ds0p2__dm0p05
Problem: NK
Kernel: jsd
Advantage: peragentrankweighted
M: 6
lambda: 8
epsilon_svgd: 0.03
gamma: 0.0007
decay_start_ratio: 0.2
decay_min_factor: 0.05
bandwith_kernel: None
no_interact: False
avg_score: 0.7075451016426086
median_score: 0.7076537609100342
std_score: 0.005668883211910725
percentiles: 2%=0.6959646344184875, 5%=0.6985006332397461, 10%=0.7011614441871643, 25%=0.703930139541626, 50%=0.7076537609100342, 75%=0.7107795476913452, 90%=0.7144075036048889, 95%=0.7172613143920898, 98%=0.7192621827125549
ranking_best_algo: PBIL
ranking_best_score: 0.7170882103515624
ranking_my_rank: 57/504 (88.9%)
ranking_my_percent: 88.88888888888889
