ConfigName: kjsd__advperagentrankweighted__M3__L30__eps0p005__g0p001__ds0p2__dm0p05
Problem: QUBO
Kernel: jsd
Advantage: peragentrankweighted
M: 3
lambda: 30
epsilon_svgd: 0.005
gamma: 0.001
decay_start_ratio: 0.2
decay_min_factor: 0.05
bandwith_kernel: None
no_interact: False
avg_score: -1197.3199462890625
median_score: -1200.0
std_score: 67.63369750976562
percentiles: 2%=-1334.0799560546875, 5%=-1319.300048828125, 10%=-1289.0999755859375, 25%=-1242.25, 50%=-1200.0, 75%=-1145.0, 90%=-1110.4000244140625, 95%=-1091.949951171875, 98%=-1082.8399658203125
ranking_best_algo: SVMMetaModelLogNormal
ranking_best_score: 1233.7999999999997
ranking_my_rank: 58/504 (88.7%)
ranking_my_percent: 88.69047619047619
