ConfigName: kjsd__advperagentrankweighted__M4__L8__eps0p005__g0p0003__ds0p05__dm0p05
Problem: NK
Kernel: jsd
Advantage: peragentrankweighted
M: 4
lambda: 8
epsilon_svgd: 0.005
gamma: 0.0003
decay_start_ratio: 0.05
decay_min_factor: 0.05
bandwith_kernel: None
no_interact: False
avg_score: 0.7395035624504089
median_score: 0.7391244173049927
std_score: 0.010279462672770023
percentiles: 2%=0.7216771245002747, 5%=0.7227078676223755, 10%=0.7266868948936462, 25%=0.7338598370552063, 50%=0.7391244173049927, 75%=0.7455137968063354, 90%=0.751977264881134, 95%=0.7569515705108643, 98%=0.7595196962356567
ranking_best_algo: PBIL
ranking_best_score: 0.733570253046875
ranking_my_rank: 1/504 (100.0%)
ranking_my_percent: 100.0
