ConfigName: krbf__advnormalizedfitness__M3__L8__eps0p025__g0p005__ds0p15__dm0p01
Problem: QUBO
Kernel: rbf
Advantage: normalizedfitness
M: 3
lambda: 8
epsilon_svgd: 0.025
gamma: 0.005
decay_start_ratio: 0.15
decay_min_factor: 0.01
bandwith_kernel: None
no_interact: False
avg_score: -1274.3599853515625
median_score: -1264.5
std_score: 54.90874481201172
percentiles: 2%=-1407.199951171875, 5%=-1378.5, 10%=-1339.0999755859375, 25%=-1309.25, 50%=-1264.5, 75%=-1239.0, 90%=-1212.199951171875, 95%=-1191.949951171875, 98%=-1160.919921875
ranking_best_algo: BigLognormalDiscreteOnePlusOne
ranking_best_score: 1301.3600000000004
ranking_my_rank: 41/504 (92.1%)
ranking_my_percent: 92.06349206349206
