ConfigName: kjsd__advperagentrankweighted__M2__L20__eps0p005__g0p0005__ds0p05__dm0p05
Problem: QUBO
Kernel: jsd
Advantage: peragentrankweighted
M: 2
lambda: 20
epsilon_svgd: 0.005
gamma: 0.0005
decay_start_ratio: 0.05
decay_min_factor: 0.05
bandwith_kernel: None
no_interact: False
avg_score: -145.3000030517578
median_score: -145.0
std_score: 14.627029418945312
percentiles: 2%=-179.0, 5%=-179.0, 10%=-160.0, 25%=-154.0, 50%=-145.0, 75%=-137.0, 90%=-127.0, 95%=-122.69999694824219, 98%=-114.9800033569336
ranking_best_algo: CMApara
ranking_best_score: 154.28
ranking_my_rank: 141/504 (72.2%)
ranking_my_percent: 72.22222222222223
