ConfigName: kjsd__advperagentrankweighted__M3__L16__eps0p005__g0p0005__ds0p05__dm0p2
Problem: NK
Kernel: jsd
Advantage: peragentrankweighted
M: 3
lambda: 16
epsilon_svgd: 0.005
gamma: 0.0005
decay_start_ratio: 0.05
decay_min_factor: 0.2
bandwith_kernel: None
no_interact: False
avg_score: 0.7346248626708984
median_score: 0.7365526556968689
std_score: 0.008918318897485733
percentiles: 2%=0.7133844494819641, 5%=0.7185750007629395, 10%=0.7207726836204529, 25%=0.7299045920372009, 50%=0.7365526556968689, 75%=0.7414353489875793, 90%=0.7449721097946167, 95%=0.746527910232544, 98%=0.7479099631309509
ranking_best_algo: PBIL
ranking_best_score: 0.7248786399609374
ranking_my_rank: 1/504 (100.0%)
ranking_my_percent: 100.0
