ConfigName: kfr__advglobalrankweighted__M4__L11__eps0p02__g0p007__ds0p01__dm0p01
Problem: QUBO
Kernel: fr
Advantage: globalrankweighted
M: 4
lambda: 11
epsilon_svgd: 0.02
gamma: 0.007
decay_start_ratio: 0.01
decay_min_factor: 0.01
bandwith_kernel: None
no_interact: False
avg_score: -330.44000244140625
median_score: -334.0
std_score: 20.21104621887207
percentiles: 2%=-361.2200012207031, 5%=-357.0, 10%=-354.0, 25%=-343.0, 50%=-334.0, 75%=-320.0, 90%=-298.0, 95%=-291.8999938964844, 98%=-286.8599853515625
ranking_best_algo: CMApara
ranking_best_score: 344.22
ranking_my_rank: 78/504 (84.7%)
ranking_my_percent: 84.72222222222223
