ConfigName: krbf__advnormalizedfitness__M5__L15__eps0p03__g0p01__ds0p05__dm0p05
Problem: QUBO
Kernel: rbf
Advantage: normalizedfitness
M: 5
lambda: 15
epsilon_svgd: 0.03
gamma: 0.01
decay_start_ratio: 0.05
decay_min_factor: 0.05
bandwith_kernel: None
no_interact: False
avg_score: -1749.3399658203125
median_score: -1742.5
std_score: 182.6007843017578
percentiles: 2%=-2100.89990234375, 5%=-2064.89990234375, 10%=-1974.300048828125, 25%=-1864.0, 50%=-1742.5, 75%=-1614.0, 90%=-1535.5, 95%=-1446.0, 98%=-1360.8399658203125
ranking_best_algo: SVM1MetaModelLogNormal
ranking_best_score: 2605.14
ranking_my_rank: 322/504 (36.3%)
ranking_my_percent: 36.30952380952381
