ConfigName: krbf__advnormalizedfitness__M3__L12__eps0p033__g0p005__ds0p15__dm0p01
Problem: QUBO
Kernel: rbf
Advantage: normalizedfitness
M: 3
lambda: 12
epsilon_svgd: 0.033
gamma: 0.005
decay_start_ratio: 0.15
decay_min_factor: 0.01
bandwith_kernel: None
no_interact: False
avg_score: -310.1199951171875
median_score: -314.0
std_score: 39.602848052978516
percentiles: 2%=-396.0, 5%=-388.0, 10%=-360.3999938964844, 25%=-335.0, 50%=-314.0, 75%=-276.0, 90%=-264.8999938964844, 95%=-259.8000183105469, 98%=-245.9399871826172
ranking_best_algo: CMApara
ranking_best_score: 319.29999999999995
ranking_my_rank: 64/504 (87.5%)
ranking_my_percent: 87.5
