ConfigName: kjsd__advperagentrankweighted__M5__L12__eps0p005__g0p0005__ds0p05__dm0p05
Problem: QUBO
Kernel: jsd
Advantage: peragentrankweighted
M: 5
lambda: 12
epsilon_svgd: 0.005
gamma: 0.0005
decay_start_ratio: 0.05
decay_min_factor: 0.05
bandwith_kernel: None
no_interact: False
avg_score: -2643.52001953125
median_score: -2635.5
std_score: 105.36322784423828
percentiles: 2%=-2849.1201171875, 5%=-2817.75, 10%=-2786.199951171875, 25%=-2716.5, 50%=-2635.5, 75%=-2575.0, 90%=-2518.0, 95%=-2463.949951171875, 98%=-2445.56005859375
ranking_best_algo: DiscreteLengler2OnePlusOne
ranking_best_score: 2617.04
ranking_my_rank: 1/504 (100.0%)
ranking_my_percent: 100.0
