ConfigName: krbf__advnormalizedfitness__M4__L8__eps0p025__g0p015__ds0p01__dm0p3
Problem: NK
Kernel: rbf
Advantage: normalizedfitness
M: 4
lambda: 8
epsilon_svgd: 0.025
gamma: 0.015
decay_start_ratio: 0.01
decay_min_factor: 0.3
bandwith_kernel: None
no_interact: False
avg_score: 0.6498684883117676
median_score: 0.6475986242294312
std_score: 0.013910026289522648
percentiles: 2%=0.6269528269767761, 5%=0.6294227242469788, 10%=0.6314221620559692, 25%=0.6396728754043579, 50%=0.6475986242294312, 75%=0.659338653087616, 90%=0.6695544719696045, 95%=0.6736443042755127, 98%=0.6747599840164185
ranking_best_algo: PBIL
ranking_best_score: 0.733570253046875
ranking_my_rank: 300/504 (40.7%)
ranking_my_percent: 40.67460317460318
