ConfigName: krbf__advnormalizedfitness__M3__L12__eps0p033__g0p007__ds0p3__dm0p3
Problem: QUBO
Kernel: rbf
Advantage: normalizedfitness
M: 3
lambda: 12
epsilon_svgd: 0.033
gamma: 0.007
decay_start_ratio: 0.3
decay_min_factor: 0.3
bandwith_kernel: None
no_interact: False
avg_score: -1553.9200439453125
median_score: -1554.5
std_score: 83.53833770751953
percentiles: 2%=-1709.1400146484375, 5%=-1697.1500244140625, 10%=-1659.300048828125, 25%=-1615.0, 50%=-1554.5, 75%=-1498.75, 90%=-1440.800048828125, 95%=-1424.60009765625, 98%=-1396.039794921875
ranking_best_algo: NLOPT_LN_PRAXIS
ranking_best_score: 1607.12
ranking_my_rank: 51/504 (90.1%)
ranking_my_percent: 90.07936507936508
