ConfigName: kjsd__advperagentrankweighted__M3__L30__eps0p005__g0p0005__ds0p05__dm0p2
Problem: NK
Kernel: jsd
Advantage: peragentrankweighted
M: 3
lambda: 30
epsilon_svgd: 0.005
gamma: 0.0005
decay_start_ratio: 0.05
decay_min_factor: 0.2
bandwith_kernel: None
no_interact: False
avg_score: 0.7433426380157471
median_score: 0.7421742677688599
std_score: 0.012033329345285892
percentiles: 2%=0.722965657711029, 5%=0.7248731255531311, 10%=0.7284238934516907, 25%=0.734149158000946, 50%=0.7421742677688599, 75%=0.7507075071334839, 90%=0.7578743696212769, 95%=0.7665239572525024, 98%=0.7714272141456604
ranking_best_algo: Tabu
ranking_best_score: 0.7601875690625
ranking_my_rank: 8/504 (98.6%)
ranking_my_percent: 98.61111111111111
