ConfigName: krbf__advnormalizedfitness__M3__L15__eps0p025__g0p005__ds0p15__dm0p01
Problem: NK
Kernel: rbf
Advantage: normalizedfitness
M: 3
lambda: 15
epsilon_svgd: 0.025
gamma: 0.005
decay_start_ratio: 0.15
decay_min_factor: 0.01
bandwith_kernel: None
no_interact: False
avg_score: 0.7378898859024048
median_score: 0.7398288249969482
std_score: 0.008508436381816864
percentiles: 2%=0.7201308608055115, 5%=0.7235915660858154, 10%=0.7256526350975037, 25%=0.7319971919059753, 50%=0.7398288249969482, 75%=0.7443439960479736, 90%=0.7477200627326965, 95%=0.7500577569007874, 98%=0.7522097229957581
ranking_best_algo: PBIL
ranking_best_score: 0.730509098125
ranking_my_rank: 1/504 (100.0%)
ranking_my_percent: 100.0
