ConfigName: krbf__advnormalizedfitness__M2__L11__eps0p01__g0p003__ds0p01__dm0p01
Problem: QUBO
Kernel: rbf
Advantage: normalizedfitness
M: 2
lambda: 11
epsilon_svgd: 0.01
gamma: 0.003
decay_start_ratio: 0.01
decay_min_factor: 0.01
bandwith_kernel: None
no_interact: False
avg_score: -905.0399780273438
median_score: -897.0
std_score: 64.92163848876953
percentiles: 2%=-1040.1600341796875, 5%=-1001.7000122070312, 10%=-989.0999755859375, 25%=-954.0, 50%=-897.0, 75%=-861.25, 90%=-814.0, 95%=-794.8499755859375, 98%=-790.9000244140625
ranking_best_algo: CMAL3
ranking_best_score: 928.5800000000002
ranking_my_rank: 64/504 (87.5%)
ranking_my_percent: 87.5
