ConfigName: kjsd__advperagentrankweighted__M3__L18__eps0p005__g0p0007__ds0p05__dm0p1
Problem: NK
Kernel: jsd
Advantage: peragentrankweighted
M: 3
lambda: 18
epsilon_svgd: 0.005
gamma: 0.0007
decay_start_ratio: 0.05
decay_min_factor: 0.1
bandwith_kernel: None
no_interact: False
avg_score: 0.7103142738342285
median_score: 0.7115908861160278
std_score: 0.015209515579044819
percentiles: 2%=0.6720407605171204, 5%=0.6725872159004211, 10%=0.6938685178756714, 25%=0.7075759172439575, 50%=0.7115908861160278, 75%=0.7200835943222046, 90%=0.725165069103241, 95%=0.7317647337913513, 98%=0.7320709824562073
ranking_best_algo: CMApara
ranking_best_score: 0.707475975
ranking_my_rank: 1/504 (100.0%)
ranking_my_percent: 100.0
