ConfigName: kjsd__advperagentrankweighted__M10__L24__eps0p005__g0p0005__ds0p05__dm0p05
Problem: QUBO
Kernel: jsd
Advantage: peragentrankweighted
M: 10
lambda: 24
epsilon_svgd: 0.005
gamma: 0.0005
decay_start_ratio: 0.05
decay_min_factor: 0.05
bandwith_kernel: None
no_interact: False
avg_score: -808.8599853515625
median_score: -810.0
std_score: 72.39945220947266
percentiles: 2%=-937.0999755859375, 5%=-931.0999755859375, 10%=-903.2999877929688, 25%=-861.5, 50%=-810.0, 75%=-751.75, 90%=-715.0, 95%=-702.5, 98%=-674.739990234375
ranking_best_algo: SVMMetaModelLogNormal
ranking_best_score: 1233.7999999999997
ranking_my_rank: 324/504 (35.9%)
ranking_my_percent: 35.91269841269841
