ConfigName: krbf__advnormalizedfitness__M3__L24__eps0p02__g0p005__ds0p15__dm0p05
Problem: QUBO
Kernel: rbf
Advantage: normalizedfitness
M: 3
lambda: 24
epsilon_svgd: 0.02
gamma: 0.005
decay_start_ratio: 0.15
decay_min_factor: 0.05
bandwith_kernel: None
no_interact: False
avg_score: -309.4800109863281
median_score: -303.0
std_score: 38.62343215942383
percentiles: 2%=-392.0400085449219, 5%=-382.1000061035156, 10%=-361.3999938964844, 25%=-333.5, 50%=-303.0, 75%=-277.75, 90%=-265.0, 95%=-261.8999938964844, 98%=-247.8000030517578
ranking_best_algo: CMApara
ranking_best_score: 319.29999999999995
ranking_my_rank: 76/504 (85.1%)
ranking_my_percent: 85.11904761904762
