ConfigName: kjsd__advperagentrankweighted__M8__L12__eps0p005__g0p0005__ds0p3__dm0p05
Problem: NK
Kernel: jsd
Advantage: peragentrankweighted
M: 8
lambda: 12
epsilon_svgd: 0.005
gamma: 0.0005
decay_start_ratio: 0.3
decay_min_factor: 0.05
bandwith_kernel: None
no_interact: False
avg_score: 0.752912700176239
median_score: 0.752632737159729
std_score: 0.014904611743986607
percentiles: 2%=0.7217758297920227, 5%=0.7275189757347107, 10%=0.7333934903144836, 25%=0.7432478666305542, 50%=0.752632737159729, 75%=0.7644628882408142, 90%=0.7735136151313782, 95%=0.7752441763877869, 98%=0.7791191339492798
ranking_best_algo: Tabu
ranking_best_score: 0.7470791764843752
ranking_my_rank: 1/504 (100.0%)
ranking_my_percent: 100.0
