ConfigName: krbf__advnormalizedfitness__M3__L12__eps0p025__g0p01__ds0p3__dm0p01
Problem: NK
Kernel: rbf
Advantage: normalizedfitness
M: 3
lambda: 12
epsilon_svgd: 0.025
gamma: 0.01
decay_start_ratio: 0.3
decay_min_factor: 0.01
bandwith_kernel: None
no_interact: False
avg_score: 0.7309921383857727
median_score: 0.7325738072395325
std_score: 0.009848532266914845
percentiles: 2%=0.7091974020004272, 5%=0.7137980461120605, 10%=0.7162744402885437, 25%=0.7244082689285278, 50%=0.7325738072395325, 75%=0.7389848232269287, 90%=0.7424267530441284, 95%=0.7440124154090881, 98%=0.7453991770744324
ranking_best_algo: PBIL
ranking_best_score: 0.7248786399609374
ranking_my_rank: 1/504 (100.0%)
ranking_my_percent: 100.0
