ConfigName: kjsd__advperagentrankweighted__M3__L16__eps0p007__g0p003__ds0p2__dm0p2
Problem: NK
Kernel: jsd
Advantage: peragentrankweighted
M: 3
lambda: 16
epsilon_svgd: 0.007
gamma: 0.003
decay_start_ratio: 0.2
decay_min_factor: 0.2
bandwith_kernel: None
no_interact: False
avg_score: 0.7495337128639221
median_score: 0.7500271797180176
std_score: 0.014635101892054081
percentiles: 2%=0.716871440410614, 5%=0.724157989025116, 10%=0.7289667725563049, 25%=0.7398453950881958, 50%=0.7500271797180176, 75%=0.7598515748977661, 90%=0.7674813866615295, 95%=0.7708195447921753, 98%=0.7740747332572937
ranking_best_algo: Tabu
ranking_best_score: 0.7657846284375001
ranking_my_rank: 26/504 (95.0%)
ranking_my_percent: 95.03968253968254
