ConfigName: kjsd__advperagentrankweighted__M3__L18__eps0p01__g0p003__ds0p1__dm0p05
Problem: NK
Kernel: jsd
Advantage: peragentrankweighted
M: 3
lambda: 18
epsilon_svgd: 0.01
gamma: 0.003
decay_start_ratio: 0.1
decay_min_factor: 0.05
bandwith_kernel: None
no_interact: False
avg_score: 0.7452654242515564
median_score: 0.744135856628418
std_score: 0.009955450892448425
percentiles: 2%=0.7287690043449402, 5%=0.7315592765808105, 10%=0.731941819190979, 25%=0.7375707626342773, 50%=0.744135856628418, 75%=0.7529174089431763, 90%=0.7580757141113281, 95%=0.7623650431632996, 98%=0.7646179795265198
ranking_best_algo: PBIL
ranking_best_score: 0.733570253046875
ranking_my_rank: 1/504 (100.0%)
ranking_my_percent: 100.0
