ConfigName: kjsd__advperagentrankweighted__M4__L12__eps0p005__g0p0005__ds0p05__dm0p05
Problem: NK
Kernel: jsd
Advantage: peragentrankweighted
M: 4
lambda: 12
epsilon_svgd: 0.005
gamma: 0.0005
decay_start_ratio: 0.05
decay_min_factor: 0.05
bandwith_kernel: None
no_interact: False
avg_score: 0.7584406137466431
median_score: 0.7590949535369873
std_score: 0.012140299193561077
percentiles: 2%=0.7362836599349976, 5%=0.7378891706466675, 10%=0.7424088716506958, 25%=0.7499101758003235, 50%=0.7590949535369873, 75%=0.767738938331604, 90%=0.7748419642448425, 95%=0.7786955237388611, 98%=0.7817579507827759
ranking_best_algo: Tabu
ranking_best_score: 0.7470791764843752
ranking_my_rank: 1/504 (100.0%)
ranking_my_percent: 100.0
