ConfigName: kfr__advglobalrankweighted__M6__L8__eps0p02__g0p005__ds0p01__dm0p01
Problem: QUBO
Kernel: fr
Advantage: globalrankweighted
M: 6
lambda: 8
epsilon_svgd: 0.02
gamma: 0.005
decay_start_ratio: 0.01
decay_min_factor: 0.01
bandwith_kernel: None
no_interact: False
avg_score: -2446.860107421875
median_score: -2421.5
std_score: 157.67161560058594
percentiles: 2%=-2772.10009765625, 5%=-2687.85009765625, 10%=-2666.60009765625, 25%=-2569.25, 50%=-2421.5, 75%=-2346.0, 90%=-2246.89990234375, 95%=-2196.449951171875, 98%=-2176.93994140625
ranking_best_algo: DiscreteLengler2OnePlusOne
ranking_best_score: 2617.04
ranking_my_rank: 92/504 (81.9%)
ranking_my_percent: 81.94444444444444
