ConfigName: kjsd__advperagentrankweighted__M3__L18__eps0p005__g0p003__ds0p05__dm0p1
Problem: NK
Kernel: jsd
Advantage: peragentrankweighted
M: 3
lambda: 18
epsilon_svgd: 0.005
gamma: 0.003
decay_start_ratio: 0.05
decay_min_factor: 0.1
bandwith_kernel: None
no_interact: False
avg_score: 0.7099534869194031
median_score: 0.7110258340835571
std_score: 0.015154280699789524
percentiles: 2%=0.6720982193946838, 5%=0.6730494499206543, 10%=0.6962118148803711, 25%=0.706610918045044, 50%=0.7110258340835571, 75%=0.7194701433181763, 90%=0.7253457903862, 95%=0.7307693958282471, 98%=0.7318041920661926
ranking_best_algo: CMApara
ranking_best_score: 0.707475975
ranking_my_rank: 1/504 (100.0%)
ranking_my_percent: 100.0
