ConfigName: kjsd__advperagentrankweighted__M3__L20__eps0p005__g0p0005__ds0p05__dm0p05
Problem: QUBO
Kernel: jsd
Advantage: peragentrankweighted
M: 3
lambda: 20
epsilon_svgd: 0.005
gamma: 0.0005
decay_start_ratio: 0.05
decay_min_factor: 0.05
bandwith_kernel: None
no_interact: False
avg_score: -138.5
median_score: -141.0
std_score: 11.784311294555664
percentiles: 2%=-158.02000427246094, 5%=-158.0, 10%=-152.3000030517578, 25%=-146.25, 50%=-141.0, 75%=-131.0, 90%=-121.0, 95%=-119.0, 98%=-113.9000015258789
ranking_best_algo: DiscreteDE
ranking_best_score: 143.4
ranking_my_rank: 100/504 (80.4%)
ranking_my_percent: 80.35714285714286
