ConfigName: kjsd__advperagentrankweighted__M4__L12__eps0p005__g0p0005__ds0p2__dm0p2
Problem: NK
Kernel: jsd
Advantage: peragentrankweighted
M: 4
lambda: 12
epsilon_svgd: 0.005
gamma: 0.0005
decay_start_ratio: 0.2
decay_min_factor: 0.2
bandwith_kernel: None
no_interact: False
avg_score: 0.710249125957489
median_score: 0.7110594511032104
std_score: 0.015469545498490334
percentiles: 2%=0.6713826060295105, 5%=0.6721810102462769, 10%=0.695823609828949, 25%=0.7074266076087952, 50%=0.7110594511032104, 75%=0.7196811437606812, 90%=0.7251020669937134, 95%=0.7332538366317749, 98%=0.7339410185813904
ranking_best_algo: CMApara
ranking_best_score: 0.707475975
ranking_my_rank: 1/504 (100.0%)
ranking_my_percent: 100.0
