ConfigName: kfr__advglobalrankweighted__M5__L11__eps0p015__g0p003__ds0p01__dm0p01
Problem: QUBO
Kernel: fr
Advantage: globalrankweighted
M: 5
lambda: 11
epsilon_svgd: 0.015
gamma: 0.003
decay_start_ratio: 0.01
decay_min_factor: 0.01
bandwith_kernel: None
no_interact: False
avg_score: -1256.199951171875
median_score: -1261.5
std_score: 62.17121505737305
percentiles: 2%=-1377.219970703125, 5%=-1349.5, 10%=-1329.0, 25%=-1297.75, 50%=-1261.5, 75%=-1207.75, 90%=-1172.800048828125, 95%=-1160.7000732421875, 98%=-1136.5599365234375
ranking_best_algo: BigLognormalDiscreteOnePlusOne
ranking_best_score: 1301.3600000000004
ranking_my_rank: 54/504 (89.5%)
ranking_my_percent: 89.48412698412699
