ConfigName: kjsd__advperagentrankweighted__M3__L20__eps0p007__g0p003__ds0p1__dm0p2
Problem: NK
Kernel: jsd
Advantage: peragentrankweighted
M: 3
lambda: 20
epsilon_svgd: 0.007
gamma: 0.003
decay_start_ratio: 0.1
decay_min_factor: 0.2
bandwith_kernel: None
no_interact: False
avg_score: 0.5961865186691284
median_score: 0.5953482985496521
std_score: 0.010068743489682674
percentiles: 2%=0.5798177123069763, 5%=0.5832014679908752, 10%=0.5846660137176514, 25%=0.5886580944061279, 50%=0.5953482985496521, 75%=0.6021361947059631, 90%=0.6072374582290649, 95%=0.6108938455581665, 98%=0.623260498046875
ranking_best_algo: PBIL
ranking_best_score: 0.7170882103515624
ranking_my_rank: 363/504 (28.2%)
ranking_my_percent: 28.174603174603174
