ConfigName: krbf__advnormalizedfitness__M2__L12__eps0p025__g0p01__ds0p15__dm0p05
Problem: QUBO
Kernel: rbf
Advantage: normalizedfitness
M: 2
lambda: 12
epsilon_svgd: 0.025
gamma: 0.01
decay_start_ratio: 0.15
decay_min_factor: 0.05
bandwith_kernel: None
no_interact: False
avg_score: -585.9199829101562
median_score: -587.5
std_score: 27.958425521850586
percentiles: 2%=-641.0800170898438, 5%=-633.2000122070312, 10%=-620.2000122070312, 25%=-605.0, 50%=-587.5, 75%=-562.0, 90%=-546.0, 95%=-543.0, 98%=-532.9600219726562
ranking_best_algo: Tabu
ranking_best_score: 588.7199999999999
ranking_my_rank: 5/503 (99.2%)
ranking_my_percent: 99.20477137176938
