ConfigName: kjsd__advperagentrankweighted__M3__L18__eps0p01__g0p0005__ds0p1__dm0p2
Problem: QUBO
Kernel: jsd
Advantage: peragentrankweighted
M: 3
lambda: 18
epsilon_svgd: 0.01
gamma: 0.0005
decay_start_ratio: 0.1
decay_min_factor: 0.2
bandwith_kernel: None
no_interact: False
avg_score: -407.32000732421875
median_score: -407.0
std_score: 29.119367599487305
percentiles: 2%=-473.0400085449219, 5%=-455.1000061035156, 10%=-442.0, 25%=-428.0, 50%=-407.0, 75%=-387.5, 90%=-370.0, 95%=-361.8999938964844, 98%=-339.9800109863281
ranking_best_algo: Tabu
ranking_best_score: 438.12
ranking_my_rank: 160/504 (68.5%)
ranking_my_percent: 68.45238095238095
