ConfigName: krbf__advnormalizedfitness__M3__L8__eps0p033__g0p007__ds0p01__dm0p01
Problem: QUBO
Kernel: rbf
Advantage: normalizedfitness
M: 3
lambda: 8
epsilon_svgd: 0.033
gamma: 0.007
decay_start_ratio: 0.01
decay_min_factor: 0.01
bandwith_kernel: None
no_interact: False
avg_score: -899.5599975585938
median_score: -900.5
std_score: 59.74970245361328
percentiles: 2%=-1018.219970703125, 5%=-1001.5999755859375, 10%=-981.9000244140625, 25%=-938.0, 50%=-900.5, 75%=-859.0, 90%=-819.0, 95%=-812.9000244140625, 98%=-806.659912109375
ranking_best_algo: CMAL3
ranking_best_score: 928.5800000000002
ranking_my_rank: 70/504 (86.3%)
ranking_my_percent: 86.30952380952381
