ConfigName: kjsd__advperagentrankweighted__M4__L30__eps0p01__g0p0003__ds0p4__dm0p05
Problem: QUBO
Kernel: jsd
Advantage: peragentrankweighted
M: 4
lambda: 30
epsilon_svgd: 0.01
gamma: 0.0003
decay_start_ratio: 0.4
decay_min_factor: 0.05
bandwith_kernel: None
no_interact: False
avg_score: -1186.02001953125
median_score: -1177.5
std_score: 61.720821380615234
percentiles: 2%=-1345.0400390625, 5%=-1288.050048828125, 10%=-1264.5, 25%=-1227.5, 50%=-1177.5, 75%=-1144.0, 90%=-1110.0, 95%=-1093.5999755859375, 98%=-1080.9000244140625
ranking_best_algo: Tabu
ranking_best_score: 1216.16
ranking_my_rank: 64/504 (87.5%)
ranking_my_percent: 87.5
