ConfigName: krbf__advnormalizedfitness__M1__L8__eps0p033__g0p005__ds0p3__dm0p3
Problem: QUBO
Kernel: rbf
Advantage: normalizedfitness
M: 1
lambda: 8
epsilon_svgd: 0.033
gamma: 0.005
decay_start_ratio: 0.3
decay_min_factor: 0.3
bandwith_kernel: None
no_interact: False
avg_score: -185.0800018310547
median_score: -187.0
std_score: 22.630809783935547
percentiles: 2%=-218.0399932861328, 5%=-211.10000610351562, 10%=-207.0, 25%=-199.25, 50%=-187.0, 75%=-173.75, 90%=-164.8000030517578, 95%=-158.80001831054688, 98%=-152.85997009277344
ranking_best_algo: Tabu
ranking_best_score: 208.36000000000004
ranking_my_rank: 267/504 (47.2%)
ranking_my_percent: 47.22222222222222
