ConfigName: kjsd__advperagentrankweighted__M3__L20__eps0p007__g0p001__ds0p05__dm0p1
Problem: QUBO
Kernel: jsd
Advantage: peragentrankweighted
M: 3
lambda: 20
epsilon_svgd: 0.007
gamma: 0.001
decay_start_ratio: 0.05
decay_min_factor: 0.1
bandwith_kernel: None
no_interact: False
avg_score: -1307.02001953125
median_score: -1306.5
std_score: 54.56500244140625
percentiles: 2%=-1409.0, 5%=-1400.0, 10%=-1379.699951171875, 25%=-1349.0, 50%=-1306.5, 75%=-1271.0, 90%=-1228.800048828125, 95%=-1216.699951171875, 98%=-1207.8599853515625
ranking_best_algo: BigLognormalDiscreteOnePlusOne
ranking_best_score: 1301.3600000000004
ranking_my_rank: 1/504 (100.0%)
ranking_my_percent: 100.0
