ConfigName: kjsd__advperagentrankweighted__M5__L10__eps0p005__g0p003__ds0p2__dm0p05
Problem: QUBO
Kernel: jsd
Advantage: peragentrankweighted
M: 5
lambda: 10
epsilon_svgd: 0.005
gamma: 0.003
decay_start_ratio: 0.2
decay_min_factor: 0.05
bandwith_kernel: None
no_interact: False
avg_score: -876.97998046875
median_score: -870.5
std_score: 76.02223205566406
percentiles: 2%=-1031.260009765625, 5%=-1007.25, 10%=-990.7000122070312, 25%=-926.25, 50%=-870.5, 75%=-822.75, 90%=-784.9000244140625, 95%=-764.9500122070312, 98%=-734.8400268554688
ranking_best_algo: CMApara
ranking_best_score: 964.9
ranking_my_rank: 222/504 (56.2%)
ranking_my_percent: 56.15079365079365
