ConfigName: krbf__advnormalizedfitness__M1__L8__eps0p015__g0p01__ds0p01__dm0p01
Problem: NK
Kernel: rbf
Advantage: normalizedfitness
M: 1
lambda: 8
epsilon_svgd: 0.015
gamma: 0.01
decay_start_ratio: 0.01
decay_min_factor: 0.01
bandwith_kernel: None
no_interact: False
avg_score: 0.7043283581733704
median_score: 0.7074017524719238
std_score: 0.011954290792346
percentiles: 2%=0.6844145655632019, 5%=0.6859570741653442, 10%=0.6885268688201904, 25%=0.6931438446044922, 50%=0.7074017524719238, 75%=0.7144325971603394, 90%=0.7187014222145081, 95%=0.7208888530731201, 98%=0.7214438319206238
ranking_best_algo: PBIL
ranking_best_score: 0.7013553837109374
ranking_my_rank: 1/504 (100.0%)
ranking_my_percent: 100.0
