ConfigName: kjsd__advperagentrankweighted__M5__L10__eps0p005__g0p0007__ds0p4__dm0p05
Problem: NK
Kernel: jsd
Advantage: peragentrankweighted
M: 5
lambda: 10
epsilon_svgd: 0.005
gamma: 0.0007
decay_start_ratio: 0.4
decay_min_factor: 0.05
bandwith_kernel: None
no_interact: False
avg_score: 0.7072713971138
median_score: 0.7097238898277283
std_score: 0.011846357025206089
percentiles: 2%=0.6890153884887695, 5%=0.6900116205215454, 10%=0.6923064589500427, 25%=0.695663332939148, 50%=0.7097238898277283, 75%=0.7179049253463745, 90%=0.7221283316612244, 95%=0.7234124541282654, 98%=0.7253490090370178
ranking_best_algo: PBIL
ranking_best_score: 0.7013553837109374
ranking_my_rank: 1/504 (100.0%)
ranking_my_percent: 100.0
