ConfigName: kjsd__advperagentrankweighted__M4__L10__eps0p01__g0p0007__ds0p4__dm0p05
Problem: QUBO
Kernel: jsd
Advantage: peragentrankweighted
M: 4
lambda: 10
epsilon_svgd: 0.01
gamma: 0.0007
decay_start_ratio: 0.4
decay_min_factor: 0.05
bandwith_kernel: None
no_interact: False
avg_score: -428.32000732421875
median_score: -428.0
std_score: 25.08660316467285
percentiles: 2%=-477.20001220703125, 5%=-473.1000061035156, 10%=-460.1000061035156, 25%=-445.0, 50%=-428.0, 75%=-410.25, 90%=-395.0, 95%=-390.8999938964844, 98%=-382.8999938964844
ranking_best_algo: CMAL3
ranking_best_score: 435.36
ranking_my_rank: 15/504 (97.2%)
ranking_my_percent: 97.22222222222223
