ConfigName: kjsd__advperagentrankweighted__M3__L16__eps0p007__g0p001__ds0p2__dm0p2
Problem: NK
Kernel: jsd
Advantage: peragentrankweighted
M: 3
lambda: 16
epsilon_svgd: 0.007
gamma: 0.001
decay_start_ratio: 0.2
decay_min_factor: 0.2
bandwith_kernel: None
no_interact: False
avg_score: 0.7467936873435974
median_score: 0.7466473579406738
std_score: 0.009340723045170307
percentiles: 2%=0.7266259789466858, 5%=0.732785165309906, 10%=0.735756516456604, 25%=0.7409560680389404, 50%=0.7466473579406738, 75%=0.7530955076217651, 90%=0.7580381035804749, 95%=0.7629835605621338, 98%=0.76426762342453
ranking_best_algo: PBIL
ranking_best_score: 0.733570253046875
ranking_my_rank: 1/504 (100.0%)
ranking_my_percent: 100.0
