ConfigName: kjsd__advperagentrankweighted__M8__L10__eps0p005__g0p0005__ds0p05__dm0p05
Problem: NK
Kernel: jsd
Advantage: peragentrankweighted
M: 8
lambda: 10
epsilon_svgd: 0.005
gamma: 0.0005
decay_start_ratio: 0.05
decay_min_factor: 0.05
bandwith_kernel: None
no_interact: False
avg_score: 0.740969717502594
median_score: 0.7404163479804993
std_score: 0.012227865867316723
percentiles: 2%=0.7185888290405273, 5%=0.7224944829940796, 10%=0.7250888347625732, 25%=0.7331171631813049, 50%=0.7404163479804993, 75%=0.75065678358078, 90%=0.7561885714530945, 95%=0.7616171836853027, 98%=0.7649680376052856
ranking_best_algo: Tabu
ranking_best_score: 0.7601875690625
ranking_my_rank: 12/504 (97.8%)
ranking_my_percent: 97.81746031746032
