ConfigName: krbf__advnormalizedfitness__M1__L10__eps0p015__g0p007__ds0p01__dm0p3
Problem: QUBO
Kernel: rbf
Advantage: normalizedfitness
M: 1
lambda: 10
epsilon_svgd: 0.015
gamma: 0.007
decay_start_ratio: 0.01
decay_min_factor: 0.3
bandwith_kernel: None
no_interact: False
avg_score: -1157.5400390625
median_score: -1157.5
std_score: 65.33550262451172
percentiles: 2%=-1297.199951171875, 5%=-1252.199951171875, 10%=-1230.300048828125, 25%=-1200.0, 50%=-1157.5, 75%=-1118.0, 90%=-1066.9000244140625, 95%=-1048.8499755859375, 98%=-1039.5399169921875
ranking_best_algo: Tabu
ranking_best_score: 1216.16
ranking_my_rank: 100/504 (80.4%)
ranking_my_percent: 80.35714285714286
