ConfigName: krbf__advnormalizedfitness__M2__L10__eps0p025__g0p007__ds0p3__dm0p01
Problem: QUBO
Kernel: rbf
Advantage: normalizedfitness
M: 2
lambda: 10
epsilon_svgd: 0.025
gamma: 0.007
decay_start_ratio: 0.3
decay_min_factor: 0.01
bandwith_kernel: None
no_interact: False
avg_score: -573.219970703125
median_score: -573.5
std_score: 25.136262893676758
percentiles: 2%=-631.0, 5%=-621.0999755859375, 10%=-603.7999877929688, 25%=-587.0, 50%=-573.5, 75%=-560.0, 90%=-536.9000244140625, 95%=-531.0, 98%=-527.0
ranking_best_algo: Tabu
ranking_best_score: 588.7199999999999
ranking_my_rank: 61/503 (88.1%)
ranking_my_percent: 88.07157057654075
