ConfigName: kfr__advglobalrankweighted__M4__L12__eps0p01__g0p007__ds0p01__dm0p01
Problem: QUBO
Kernel: fr
Advantage: globalrankweighted
M: 4
lambda: 12
epsilon_svgd: 0.01
gamma: 0.007
decay_start_ratio: 0.01
decay_min_factor: 0.01
bandwith_kernel: None
no_interact: False
avg_score: -1157.5799560546875
median_score: -1161.0
std_score: 69.0423355102539
percentiles: 2%=-1296.1400146484375, 5%=-1276.25, 10%=-1239.4000244140625, 25%=-1197.5, 50%=-1161.0, 75%=-1111.75, 90%=-1070.9000244140625, 95%=-1035.1500244140625, 98%=-1007.0
ranking_best_algo: BigLognormalDiscreteOnePlusOne
ranking_best_score: 1301.3600000000004
ranking_my_rank: 114/504 (77.6%)
ranking_my_percent: 77.57936507936508
