ConfigName: kjsd__advperagentrankweighted__M3__L16__eps0p01__g0p0005__ds0p2__dm0p05
Problem: QUBO
Kernel: jsd
Advantage: peragentrankweighted
M: 3
lambda: 16
epsilon_svgd: 0.01
gamma: 0.0005
decay_start_ratio: 0.2
decay_min_factor: 0.05
bandwith_kernel: None
no_interact: False
avg_score: -425.20001220703125
median_score: -426.0
std_score: 25.95996856689453
percentiles: 2%=-475.0799865722656, 5%=-469.20001220703125, 10%=-455.0, 25%=-441.75, 50%=-426.0, 75%=-410.0, 90%=-388.0, 95%=-384.0, 98%=-379.94000244140625
ranking_best_algo: CMAL3
ranking_best_score: 435.36
ranking_my_rank: 29/504 (94.4%)
ranking_my_percent: 94.44444444444444
