ConfigName: kfr__advglobalrankweighted__M4__L11__eps0p015__g0p007__ds0p01__dm0p01
Problem: QUBO
Kernel: fr
Advantage: globalrankweighted
M: 4
lambda: 11
epsilon_svgd: 0.015
gamma: 0.007
decay_start_ratio: 0.01
decay_min_factor: 0.01
bandwith_kernel: None
no_interact: False
avg_score: -576.4199829101562
median_score: -574.0
std_score: 29.367050170898438
percentiles: 2%=-635.0800170898438, 5%=-629.1500244140625, 10%=-614.2999877929688, 25%=-598.75, 50%=-574.0, 75%=-558.0, 90%=-539.0, 95%=-527.7999877929688, 98%=-517.9400024414062
ranking_best_algo: Tabu
ranking_best_score: 588.7199999999999
ranking_my_rank: 55/503 (89.3%)
ranking_my_percent: 89.26441351888668
