ConfigName: krbf__advnormalizedfitness__M4__L8__eps0p033__g0p007__ds0p15__dm0p01
Problem: QUBO
Kernel: rbf
Advantage: normalizedfitness
M: 4
lambda: 8
epsilon_svgd: 0.033
gamma: 0.007
decay_start_ratio: 0.15
decay_min_factor: 0.01
bandwith_kernel: None
no_interact: False
avg_score: -936.6799926757812
median_score: -938.5
std_score: 64.1239242553711
percentiles: 2%=-1065.0, 5%=-1046.0999755859375, 10%=-1016.2999877929688, 25%=-980.0, 50%=-938.5, 75%=-884.0, 90%=-851.7000122070312, 95%=-838.9000244140625, 98%=-834.5999145507812
ranking_best_algo: CMApara
ranking_best_score: 964.9
ranking_my_rank: 10/504 (98.2%)
ranking_my_percent: 98.21428571428571
