ConfigName: krbf__advnormalizedfitness__M2__L6__eps0p01__g0p006__ds0p3__dm0p3
Problem: QUBO
Kernel: rbf
Advantage: normalizedfitness
M: 2
lambda: 6
epsilon_svgd: 0.01
gamma: 0.006
decay_start_ratio: 0.3
decay_min_factor: 0.3
bandwith_kernel: None
no_interact: False
avg_score: -901.3200073242188
median_score: -902.0
std_score: 66.3602066040039
percentiles: 2%=-1034.0799560546875, 5%=-1010.5499877929688, 10%=-993.4000244140625, 25%=-947.5, 50%=-902.0, 75%=-855.75, 90%=-812.1000366210938, 95%=-798.9000244140625, 98%=-788.7399291992188
ranking_best_algo: CMAL3
ranking_best_score: 928.5800000000002
ranking_my_rank: 68/504 (86.7%)
ranking_my_percent: 86.7063492063492
