ConfigName: krbf__advnormalizedfitness__M4__L24__eps0p025__g0p005__ds0p05__dm0p05
Problem: QUBO
Kernel: rbf
Advantage: normalizedfitness
M: 4
lambda: 24
epsilon_svgd: 0.025
gamma: 0.005
decay_start_ratio: 0.05
decay_min_factor: 0.05
bandwith_kernel: None
no_interact: False
avg_score: -1132.6199951171875
median_score: -1131.0
std_score: 76.03206634521484
percentiles: 2%=-1304.5, 5%=-1260.5, 10%=-1217.4000244140625, 25%=-1181.25, 50%=-1131.0, 75%=-1085.25, 90%=-1027.699951171875, 95%=-1007.75, 98%=-996.8400268554688
ranking_best_algo: Tabu
ranking_best_score: 1216.16
ranking_my_rank: 156/504 (69.2%)
ranking_my_percent: 69.24603174603175
