ConfigName: krbf__advnormalizedfitness__M1__L8__eps0p033__g0p005__ds0p01__dm0p3
Problem: QUBO
Kernel: rbf
Advantage: normalizedfitness
M: 1
lambda: 8
epsilon_svgd: 0.033
gamma: 0.005
decay_start_ratio: 0.01
decay_min_factor: 0.3
bandwith_kernel: None
no_interact: False
avg_score: -1096.5999755859375
median_score: -1098.0
std_score: 73.05573272705078
percentiles: 2%=-1271.280029296875, 5%=-1231.0, 10%=-1169.699951171875, 25%=-1138.25, 50%=-1098.0, 75%=-1045.25, 90%=-1001.9000244140625, 95%=-981.9500122070312, 98%=-968.9199829101562
ranking_best_algo: Tabu
ranking_best_score: 1216.16
ranking_my_rank: 208/504 (58.9%)
ranking_my_percent: 58.92857142857143
