ConfigName: krbf__advnormalizedfitness__M3__L15__eps0p03__g0p01__ds0p15__dm0p05
Problem: NK
Kernel: rbf
Advantage: normalizedfitness
M: 3
lambda: 15
epsilon_svgd: 0.03
gamma: 0.01
decay_start_ratio: 0.15
decay_min_factor: 0.05
bandwith_kernel: None
no_interact: False
avg_score: 0.7541517615318298
median_score: 0.7536188364028931
std_score: 0.013973362743854523
percentiles: 2%=0.7267071604728699, 5%=0.733106791973114, 10%=0.7368642091751099, 25%=0.7445048689842224, 50%=0.7536188364028931, 75%=0.7654680013656616, 90%=0.7730655670166016, 95%=0.7769874334335327, 98%=0.7794564962387085
ranking_best_algo: Tabu
ranking_best_score: 0.7470791764843752
ranking_my_rank: 1/504 (100.0%)
ranking_my_percent: 100.0
