ConfigName: krbf__advnormalizedfitness__M1__L8__eps0p033__g0p015__ds0p3__dm0p01
Problem: QUBO
Kernel: rbf
Advantage: normalizedfitness
M: 1
lambda: 8
epsilon_svgd: 0.033
gamma: 0.015
decay_start_ratio: 0.3
decay_min_factor: 0.01
bandwith_kernel: None
no_interact: False
avg_score: -144.3800048828125
median_score: -142.5
std_score: 15.241246223449707
percentiles: 2%=-179.0, 5%=-179.0, 10%=-158.1999969482422, 25%=-154.0, 50%=-142.5, 75%=-135.0, 90%=-125.9000015258789, 95%=-121.90000915527344, 98%=-109.95999145507812
ranking_best_algo: CMApara
ranking_best_score: 154.28
ranking_my_rank: 182/504 (64.1%)
ranking_my_percent: 64.08730158730158
