ConfigName: kfr__advglobalrankweighted__M3__L10__eps0p015__g0p007__ds0p01__dm0p01
Problem: QUBO
Kernel: fr
Advantage: globalrankweighted
M: 3
lambda: 10
epsilon_svgd: 0.015
gamma: 0.007
decay_start_ratio: 0.01
decay_min_factor: 0.01
bandwith_kernel: None
no_interact: False
avg_score: -926.219970703125
median_score: -921.5
std_score: 64.65023040771484
percentiles: 2%=-1065.1400146484375, 5%=-1050.199951171875, 10%=-1009.0, 25%=-974.25, 50%=-921.5, 75%=-883.75, 90%=-848.2000122070312, 95%=-826.800048828125, 98%=-797.0
ranking_best_algo: CMApara
ranking_best_score: 964.9
ranking_my_rank: 21/504 (96.0%)
ranking_my_percent: 96.03174603174604
