ConfigName: kjsd__advperagentrankweighted__M5__L10__eps0p01__g0p003__ds0p05__dm0p05
Problem: QUBO
Kernel: jsd
Advantage: peragentrankweighted
M: 5
lambda: 10
epsilon_svgd: 0.01
gamma: 0.003
decay_start_ratio: 0.05
decay_min_factor: 0.05
bandwith_kernel: None
no_interact: False
avg_score: -1542.43994140625
median_score: -1544.5
std_score: 95.11585998535156
percentiles: 2%=-1721.4200439453125, 5%=-1692.1500244140625, 10%=-1684.199951171875, 25%=-1599.0, 50%=-1544.5, 75%=-1481.0, 90%=-1413.5999755859375, 95%=-1387.300048828125, 98%=-1338.9599609375
ranking_best_algo: NLOPT_LN_PRAXIS
ranking_best_score: 1607.12
ranking_my_rank: 55/504 (89.3%)
ranking_my_percent: 89.28571428571429
