ConfigName: kfr__advglobalrankweighted__M2__L11__eps0p01__g0p007__ds0p01__dm0p01
Problem: QUBO
Kernel: fr
Advantage: globalrankweighted
M: 2
lambda: 11
epsilon_svgd: 0.01
gamma: 0.007
decay_start_ratio: 0.01
decay_min_factor: 0.01
bandwith_kernel: None
no_interact: False
avg_score: -919.9600219726562
median_score: -915.0
std_score: 55.509803771972656
percentiles: 2%=-1048.239990234375, 5%=-1020.5499877929688, 10%=-998.2999877929688, 25%=-947.25, 50%=-915.0, 75%=-889.75, 90%=-856.7999877929688, 95%=-831.0, 98%=-820.9199829101562
ranking_best_algo: CMApara
ranking_best_score: 964.9
ranking_my_rank: 61/504 (88.1%)
ranking_my_percent: 88.0952380952381
