ConfigName: kjsd__advperagentrankweighted__M3__L20__eps0p005__g0p0007__ds0p05__dm0p2
Problem: QUBO
Kernel: jsd
Advantage: peragentrankweighted
M: 3
lambda: 20
epsilon_svgd: 0.005
gamma: 0.0007
decay_start_ratio: 0.05
decay_min_factor: 0.2
bandwith_kernel: None
no_interact: False
avg_score: -309.6400146484375
median_score: -304.0
std_score: 38.63975143432617
percentiles: 2%=-394.0400085449219, 5%=-388.1000061035156, 10%=-358.20001220703125, 25%=-336.0, 50%=-304.0, 75%=-275.0, 90%=-266.0, 95%=-262.54998779296875, 98%=-244.97999572753906
ranking_best_algo: CMApara
ranking_best_score: 319.29999999999995
ranking_my_rank: 73/504 (85.7%)
ranking_my_percent: 85.71428571428571
