ConfigName: kjsd__advperagentrankweighted__M3__L24__eps0p007__g0p001__ds0p1__dm0p1
Problem: QUBO
Kernel: jsd
Advantage: peragentrankweighted
M: 3
lambda: 24
epsilon_svgd: 0.007
gamma: 0.001
decay_start_ratio: 0.1
decay_min_factor: 0.1
bandwith_kernel: None
no_interact: False
avg_score: -1186.02001953125
median_score: -1179.0
std_score: 62.35879898071289
percentiles: 2%=-1345.0799560546875, 5%=-1337.300048828125, 10%=-1257.199951171875, 25%=-1212.25, 50%=-1179.0, 75%=-1146.0, 90%=-1112.9000244140625, 95%=-1094.0, 98%=-1086.8800048828125
ranking_best_algo: Tabu
ranking_best_score: 1216.16
ranking_my_rank: 64/504 (87.5%)
ranking_my_percent: 87.5
