ConfigName: kjsd__advperagentrankweighted__M3__L16__eps0p005__g0p0005__ds0p1__dm0p1
Problem: NK
Kernel: jsd
Advantage: peragentrankweighted
M: 3
lambda: 16
epsilon_svgd: 0.005
gamma: 0.0005
decay_start_ratio: 0.1
decay_min_factor: 0.1
bandwith_kernel: None
no_interact: False
avg_score: 0.7341005802154541
median_score: 0.7357934713363647
std_score: 0.008665883913636208
percentiles: 2%=0.7147002220153809, 5%=0.7179538011550903, 10%=0.7213998436927795, 25%=0.7284119129180908, 50%=0.7357934713363647, 75%=0.7411394119262695, 90%=0.7440937757492065, 95%=0.7453531622886658, 98%=0.7462838292121887
ranking_best_algo: PBIL
ranking_best_score: 0.7248786399609374
ranking_my_rank: 1/504 (100.0%)
ranking_my_percent: 100.0
