ConfigName: kjsd__advperagentrankweighted__M3__L30__eps0p005__g0p001__ds0p2__dm0p05
Problem: QUBO
Kernel: jsd
Advantage: peragentrankweighted
M: 3
lambda: 30
epsilon_svgd: 0.005
gamma: 0.001
decay_start_ratio: 0.2
decay_min_factor: 0.05
bandwith_kernel: None
no_interact: False
avg_score: -576.9000244140625
median_score: -573.5
std_score: 28.56903839111328
percentiles: 2%=-629.239990234375, 5%=-627.0, 10%=-615.5999755859375, 25%=-596.5, 50%=-573.5, 75%=-559.0, 90%=-542.7000122070312, 95%=-529.75, 98%=-524.8800048828125
ranking_best_algo: Tabu
ranking_best_score: 588.7199999999999
ranking_my_rank: 47/503 (90.9%)
ranking_my_percent: 90.85487077534792
