ConfigName: kjsd__advperagentrankweighted__M3__L18__eps0p007__g0p0005__ds0p05__dm0p1
Problem: QUBO
Kernel: jsd
Advantage: peragentrankweighted
M: 3
lambda: 18
epsilon_svgd: 0.007
gamma: 0.0005
decay_start_ratio: 0.05
decay_min_factor: 0.1
bandwith_kernel: None
no_interact: False
avg_score: -329.4200134277344
median_score: -335.5
std_score: 22.68267250061035
percentiles: 2%=-372.0, 5%=-361.0, 10%=-351.29998779296875, 25%=-342.0, 50%=-335.5, 75%=-319.75, 90%=-296.0, 95%=-287.8500061035156, 98%=-281.67999267578125
ranking_best_algo: CMApara
ranking_best_score: 344.22
ranking_my_rank: 81/504 (84.1%)
ranking_my_percent: 84.12698412698413
