ConfigName: kfr__advglobalrankweighted__M6__L8__eps0p02__g0p007__ds0p01__dm0p01
Problem: QUBO
Kernel: fr
Advantage: globalrankweighted
M: 6
lambda: 8
epsilon_svgd: 0.02
gamma: 0.007
decay_start_ratio: 0.01
decay_min_factor: 0.01
bandwith_kernel: None
no_interact: False
avg_score: -139.02000427246094
median_score: -139.0
std_score: 11.050773620605469
percentiles: 2%=-158.0, 5%=-157.0, 10%=-155.10000610351562, 25%=-146.25, 50%=-139.0, 75%=-130.0, 90%=-127.0, 95%=-120.95000457763672, 98%=-116.95999145507812
ranking_best_algo: DiscreteDE
ranking_best_score: 143.4
ranking_my_rank: 93/504 (81.7%)
ranking_my_percent: 81.74603174603175
