ConfigName: krbf__advnormalizedfitness__M2__L8__eps0p025__g0p007__ds0p15__dm0p01
Problem: QUBO
Kernel: rbf
Advantage: normalizedfitness
M: 2
lambda: 8
epsilon_svgd: 0.025
gamma: 0.007
decay_start_ratio: 0.15
decay_min_factor: 0.01
bandwith_kernel: None
no_interact: False
avg_score: -2536.919921875
median_score: -2546.0
std_score: 121.66656494140625
percentiles: 2%=-2759.5400390625, 5%=-2748.39990234375, 10%=-2682.10009765625, 25%=-2625.25, 50%=-2546.0, 75%=-2443.0, 90%=-2394.300048828125, 95%=-2338.89990234375, 98%=-2301.239990234375
ranking_best_algo: SVM1MetaModelLogNormal
ranking_best_score: 2605.14
ranking_my_rank: 44/504 (91.5%)
ranking_my_percent: 91.46825396825396
