ConfigName: kfr__advglobalrankweighted__M4__L9__eps0p01__g0p003__ds0p01__dm0p01
Problem: QUBO
Kernel: fr
Advantage: globalrankweighted
M: 4
lambda: 9
epsilon_svgd: 0.01
gamma: 0.003
decay_start_ratio: 0.01
decay_min_factor: 0.01
bandwith_kernel: None
no_interact: False
avg_score: -933.5
median_score: -933.0
std_score: 64.4609146118164
percentiles: 2%=-1066.1600341796875, 5%=-1048.0, 10%=-1020.5, 25%=-979.25, 50%=-933.0, 75%=-883.0, 90%=-856.7000122070312, 95%=-826.7999877929688, 98%=-812.8400268554688
ranking_best_algo: CMApara
ranking_best_score: 964.9
ranking_my_rank: 19/504 (96.4%)
ranking_my_percent: 96.42857142857143
