ConfigName: kjsd__advperagentrankweighted__M6__L10__eps0p008__g0p0005__ds0p05__dm0p05
Problem: QUBO
Kernel: jsd
Advantage: peragentrankweighted
M: 6
lambda: 10
epsilon_svgd: 0.008
gamma: 0.0005
decay_start_ratio: 0.05
decay_min_factor: 0.05
bandwith_kernel: None
no_interact: False
avg_score: -954.0800170898438
median_score: -948.0
std_score: 66.46874237060547
percentiles: 2%=-1074.0400390625, 5%=-1060.0999755859375, 10%=-1048.0, 25%=-999.0, 50%=-948.0, 75%=-906.75, 90%=-870.7999877929688, 95%=-842.5999755859375, 98%=-825.7000122070312
ranking_best_algo: CMApara
ranking_best_score: 964.9
ranking_my_rank: 2/504 (99.8%)
ranking_my_percent: 99.8015873015873
