ConfigName: kjsd__advperagentrankweighted__M4__L20__eps0p005__g0p0005__ds0p2__dm0p2
Problem: QUBO
Kernel: jsd
Advantage: peragentrankweighted
M: 4
lambda: 20
epsilon_svgd: 0.005
gamma: 0.0005
decay_start_ratio: 0.2
decay_min_factor: 0.2
bandwith_kernel: None
no_interact: False
avg_score: -199.0399932861328
median_score: -201.0
std_score: 12.961420059204102
percentiles: 2%=-224.0, 5%=-218.10000610351562, 10%=-213.1999969482422, 25%=-207.0, 50%=-201.0, 75%=-190.75, 90%=-180.0, 95%=-177.9499969482422, 98%=-171.89999389648438
ranking_best_algo: Tabu
ranking_best_score: 208.36000000000004
ranking_my_rank: 88/504 (82.7%)
ranking_my_percent: 82.73809523809524
