ConfigName: kjsd__advperagentrankweighted__M3__L30__eps0p007__g0p0005__ds0p05__dm0p2
Problem: QUBO
Kernel: jsd
Advantage: peragentrankweighted
M: 3
lambda: 30
epsilon_svgd: 0.007
gamma: 0.0005
decay_start_ratio: 0.05
decay_min_factor: 0.2
bandwith_kernel: None
no_interact: False
avg_score: -3311.919921875
median_score: -3305.0
std_score: 126.48633575439453
percentiles: 2%=-3592.93994140625, 5%=-3513.5, 10%=-3492.0, 25%=-3393.5, 50%=-3305.0, 75%=-3221.0, 90%=-3171.60009765625, 95%=-3128.85009765625, 98%=-3064.919921875
ranking_best_algo: RLSOnePlusOne
ranking_best_score: 3316.5199999999995
ranking_my_rank: 2/504 (99.8%)
ranking_my_percent: 99.8015873015873
