ConfigName: kjsd__advperagentrankweighted__M4__L24__eps0p01__g0p0003__ds0p2__dm0p05
Problem: NK
Kernel: jsd
Advantage: peragentrankweighted
M: 4
lambda: 24
epsilon_svgd: 0.01
gamma: 0.0003
decay_start_ratio: 0.2
decay_min_factor: 0.05
bandwith_kernel: None
no_interact: False
avg_score: 0.7354807257652283
median_score: 0.7372245788574219
std_score: 0.009459065273404121
percentiles: 2%=0.7165782451629639, 5%=0.7193376421928406, 10%=0.7211115956306458, 25%=0.728946328163147, 50%=0.7372245788574219, 75%=0.7413336634635925, 90%=0.7463756799697876, 95%=0.7493767738342285, 98%=0.7527357339859009
ranking_best_algo: PBIL
ranking_best_score: 0.730509098125
ranking_my_rank: 1/504 (100.0%)
ranking_my_percent: 100.0
