ConfigName: kjsd__advperagentrankweighted__M3__L16__eps0p007__g0p001__ds0p1__dm0p2
Problem: QUBO
Kernel: jsd
Advantage: peragentrankweighted
M: 3
lambda: 16
epsilon_svgd: 0.007
gamma: 0.001
decay_start_ratio: 0.1
decay_min_factor: 0.2
bandwith_kernel: None
no_interact: False
avg_score: -909.780029296875
median_score: -907.0
std_score: 55.36616134643555
percentiles: 2%=-1018.1199951171875, 5%=-1010.2000122070312, 10%=-982.5999755859375, 25%=-942.75, 50%=-907.0, 75%=-867.5, 90%=-837.0, 95%=-827.0, 98%=-815.7000122070312
ranking_best_algo: CMAL3
ranking_best_score: 928.5800000000002
ranking_my_rank: 28/504 (94.6%)
ranking_my_percent: 94.64285714285714
