ConfigName: kjsd__advperagentrankweighted__M4__L8__eps0p03__g0p0007__ds0p05__dm0p05
Problem: QUBO
Kernel: jsd
Advantage: peragentrankweighted
M: 4
lambda: 8
epsilon_svgd: 0.03
gamma: 0.0007
decay_start_ratio: 0.05
decay_min_factor: 0.05
bandwith_kernel: None
no_interact: False
avg_score: -1272.47998046875
median_score: -1266.0
std_score: 55.82426834106445
percentiles: 2%=-1379.0400390625, 5%=-1373.0999755859375, 10%=-1364.4000244140625, 25%=-1310.5, 50%=-1266.0, 75%=-1228.5, 90%=-1199.0, 95%=-1193.0, 98%=-1182.8399658203125
ranking_best_algo: BigLognormalDiscreteOnePlusOne
ranking_best_score: 1301.3600000000004
ranking_my_rank: 45/504 (91.3%)
ranking_my_percent: 91.26984126984127
