ConfigName: kjsd__advperagentrankweighted__M3__L16__eps0p01__g0p0007__ds0p1__dm0p2
Problem: QUBO
Kernel: jsd
Advantage: peragentrankweighted
M: 3
lambda: 16
epsilon_svgd: 0.01
gamma: 0.0007
decay_start_ratio: 0.1
decay_min_factor: 0.2
bandwith_kernel: None
no_interact: False
avg_score: -924.7999877929688
median_score: -925.5
std_score: 69.0505599975586
percentiles: 2%=-1063.0400390625, 5%=-1049.550048828125, 10%=-1004.5999755859375, 25%=-973.5, 50%=-925.5, 75%=-879.75, 90%=-840.4000244140625, 95%=-808.5999755859375, 98%=-784.9199829101562
ranking_best_algo: CMApara
ranking_best_score: 964.9
ranking_my_rank: 21/504 (96.0%)
ranking_my_percent: 96.03174603174604
