ConfigName: kjsd__advperagentrankweighted__M3__L20__eps0p01__g0p0005__ds0p05__dm0p05
Problem: NK
Kernel: jsd
Advantage: peragentrankweighted
M: 3
lambda: 20
epsilon_svgd: 0.01
gamma: 0.0005
decay_start_ratio: 0.05
decay_min_factor: 0.05
bandwith_kernel: None
no_interact: False
avg_score: 0.7106785774230957
median_score: 0.6980005502700806
std_score: 0.031242800876498222
percentiles: 2%=0.6735876798629761, 5%=0.6751344799995422, 10%=0.6761248111724854, 25%=0.6824496388435364, 50%=0.6980005502700806, 75%=0.7467129230499268, 90%=0.7523034811019897, 95%=0.7613165378570557, 98%=0.7613165378570557
ranking_best_algo: CMApara
ranking_best_score: 0.7118996098437498
ranking_my_rank: 18/504 (96.6%)
ranking_my_percent: 96.62698412698413
