ConfigName: krbf__advnormalizedfitness__M3__L8__eps0p033__g0p005__ds0p15__dm0p01
Problem: QUBO
Kernel: rbf
Advantage: normalizedfitness
M: 3
lambda: 8
epsilon_svgd: 0.033
gamma: 0.005
decay_start_ratio: 0.15
decay_min_factor: 0.01
bandwith_kernel: None
no_interact: False
avg_score: -2530.679931640625
median_score: -2528.0
std_score: 142.9730682373047
percentiles: 2%=-2839.1201171875, 5%=-2789.699951171875, 10%=-2708.199951171875, 25%=-2627.25, 50%=-2528.0, 75%=-2411.75, 90%=-2361.199951171875, 95%=-2289.650146484375, 98%=-2276.820068359375
ranking_best_algo: SVM1MetaModelLogNormal
ranking_best_score: 2605.14
ranking_my_rank: 52/504 (89.9%)
ranking_my_percent: 89.88095238095238
