ConfigName: kjsd__advperagentrankweighted__M3__L20__eps0p005__g0p0005__ds0p2__dm0p1
Problem: NK
Kernel: jsd
Advantage: peragentrankweighted
M: 3
lambda: 20
epsilon_svgd: 0.005
gamma: 0.0005
decay_start_ratio: 0.2
decay_min_factor: 0.1
bandwith_kernel: None
no_interact: False
avg_score: 0.7100117206573486
median_score: 0.7110776901245117
std_score: 0.015297455713152885
percentiles: 2%=0.6707252860069275, 5%=0.6722036004066467, 10%=0.6962795853614807, 25%=0.7066961526870728, 50%=0.7110776901245117, 75%=0.718713104724884, 90%=0.7253337502479553, 95%=0.731954038143158, 98%=0.7329102158546448
ranking_best_algo: CMApara
ranking_best_score: 0.707475975
ranking_my_rank: 1/504 (100.0%)
ranking_my_percent: 100.0
