ConfigName: kfr__advglobalrankweighted__M2__L8__eps0p02__g0p003__ds0p01__dm0p01
Problem: QUBO
Kernel: fr
Advantage: globalrankweighted
M: 2
lambda: 8
epsilon_svgd: 0.02
gamma: 0.003
decay_start_ratio: 0.01
decay_min_factor: 0.01
bandwith_kernel: None
no_interact: False
avg_score: -1151.8800048828125
median_score: -1146.0
std_score: 64.86051177978516
percentiles: 2%=-1287.199951171875, 5%=-1267.5999755859375, 10%=-1235.0, 25%=-1204.0, 50%=-1146.0, 75%=-1100.75, 90%=-1072.0, 95%=-1069.0, 98%=-1036.93994140625
ranking_best_algo: Tabu
ranking_best_score: 1216.16
ranking_my_rank: 142/504 (72.0%)
ranking_my_percent: 72.02380952380952
