ConfigName: kjsd__advperagentrankweighted__M3__L24__eps0p005__g0p0005__ds0p05__dm0p2
Problem: QUBO
Kernel: jsd
Advantage: peragentrankweighted
M: 3
lambda: 24
epsilon_svgd: 0.005
gamma: 0.0005
decay_start_ratio: 0.05
decay_min_factor: 0.2
bandwith_kernel: None
no_interact: False
avg_score: -936.719970703125
median_score: -936.0
std_score: 66.08465576171875
percentiles: 2%=-1074.0400390625, 5%=-1049.3499755859375, 10%=-1025.4000244140625, 25%=-977.0, 50%=-936.0, 75%=-888.75, 90%=-848.2000122070312, 95%=-831.0, 98%=-821.7000122070312
ranking_best_algo: CMApara
ranking_best_score: 964.9
ranking_my_rank: 10/504 (98.2%)
ranking_my_percent: 98.21428571428571
