ConfigName: kfr__advglobalrankweighted__M4__L13__eps0p03__g0p007__ds0p01__dm0p01
Problem: QUBO
Kernel: fr
Advantage: globalrankweighted
M: 4
lambda: 13
epsilon_svgd: 0.03
gamma: 0.007
decay_start_ratio: 0.01
decay_min_factor: 0.01
bandwith_kernel: None
no_interact: False
avg_score: -1183.219970703125
median_score: -1178.0
std_score: 63.198509216308594
percentiles: 2%=-1351.1600341796875, 5%=-1316.699951171875, 10%=-1253.0999755859375, 25%=-1212.75, 50%=-1178.0, 75%=-1144.25, 90%=-1105.800048828125, 95%=-1099.75, 98%=-1086.8399658203125
ranking_best_algo: Tabu
ranking_best_score: 1216.16
ranking_my_rank: 65/504 (87.3%)
ranking_my_percent: 87.3015873015873
