ConfigName: krbf__advnormalizedfitness__M1__L8__eps0p025__g0p015__ds0p3__dm0p01
Problem: QUBO
Kernel: rbf
Advantage: normalizedfitness
M: 1
lambda: 8
epsilon_svgd: 0.025
gamma: 0.015
decay_start_ratio: 0.3
decay_min_factor: 0.01
bandwith_kernel: None
no_interact: False
avg_score: -566.8599853515625
median_score: -569.0
std_score: 33.27853012084961
percentiles: 2%=-625.0, 5%=-613.0, 10%=-607.0999755859375, 25%=-593.0, 50%=-569.0, 75%=-545.25, 90%=-524.0, 95%=-505.95001220703125, 98%=-485.89996337890625
ranking_best_algo: Tabu
ranking_best_score: 588.7199999999999
ranking_my_rank: 86/503 (83.1%)
ranking_my_percent: 83.1013916500994
