ConfigName: krbf__advnormalizedfitness__M3__L15__eps0p015__g0p01__ds0p3__dm0p3
Problem: QUBO
Kernel: rbf
Advantage: normalizedfitness
M: 3
lambda: 15
epsilon_svgd: 0.015
gamma: 0.01
decay_start_ratio: 0.3
decay_min_factor: 0.3
bandwith_kernel: None
no_interact: False
avg_score: -650.9000244140625
median_score: -640.0
std_score: 81.4179916381836
percentiles: 2%=-889.1799926757812, 5%=-763.0499877929688, 10%=-745.0999755859375, 25%=-702.0, 50%=-640.0, 75%=-592.75, 90%=-562.5999755859375, 95%=-539.9500122070312, 98%=-524.5399169921875
ranking_best_algo: NLOPT_LN_PRAXIS
ranking_best_score: 1607.12
ranking_my_rank: 379/504 (25.0%)
ranking_my_percent: 25.0
