ConfigName: krbf__advnormalizedfitness__M4__L8__eps0p033__g0p007__ds0p15__dm0p01
Problem: NK
Kernel: rbf
Advantage: normalizedfitness
M: 4
lambda: 8
epsilon_svgd: 0.033
gamma: 0.007
decay_start_ratio: 0.15
decay_min_factor: 0.01
bandwith_kernel: None
no_interact: False
avg_score: 0.7389748096466064
median_score: 0.7402008771896362
std_score: 0.009434470906853676
percentiles: 2%=0.7207618355751038, 5%=0.7218917608261108, 10%=0.7249101400375366, 25%=0.7345057725906372, 50%=0.7402008771896362, 75%=0.7452417612075806, 90%=0.7489144206047058, 95%=0.7542269229888916, 98%=0.7557517886161804
ranking_best_algo: PBIL
ranking_best_score: 0.730509098125
ranking_my_rank: 1/504 (100.0%)
ranking_my_percent: 100.0
