ConfigName: kjsd__advperagentrankweighted__M6__L10__eps0p008__g0p0005__ds0p3__dm0p05
Problem: NK
Kernel: jsd
Advantage: peragentrankweighted
M: 6
lambda: 10
epsilon_svgd: 0.008
gamma: 0.0005
decay_start_ratio: 0.3
decay_min_factor: 0.05
bandwith_kernel: None
no_interact: False
avg_score: 0.7284963130950928
median_score: 0.7278502583503723
std_score: 0.009121416136622429
percentiles: 2%=0.7120117545127869, 5%=0.7172290682792664, 10%=0.718576967716217, 25%=0.7219117879867554, 50%=0.7278502583503723, 75%=0.7340566515922546, 90%=0.7393066883087158, 95%=0.742397665977478, 98%=0.7475038170814514
ranking_best_algo: Tabu
ranking_best_score: 0.7429702712499999
ranking_my_rank: 2/504 (99.8%)
ranking_my_percent: 99.8015873015873
