ConfigName: krbf__advnormalizedfitness__M3__L12__eps0p015__g0p01__ds0p15__dm0p01
Problem: QUBO
Kernel: rbf
Advantage: normalizedfitness
M: 3
lambda: 12
epsilon_svgd: 0.015
gamma: 0.01
decay_start_ratio: 0.15
decay_min_factor: 0.01
bandwith_kernel: None
no_interact: False
avg_score: -1156.9599609375
median_score: -1155.5
std_score: 76.4262924194336
percentiles: 2%=-1329.1600341796875, 5%=-1282.25, 10%=-1265.800048828125, 25%=-1204.75, 50%=-1155.5, 75%=-1097.75, 90%=-1059.800048828125, 95%=-1039.6500244140625, 98%=-1021.699951171875
ranking_best_algo: Tabu
ranking_best_score: 1216.16
ranking_my_rank: 101/504 (80.2%)
ranking_my_percent: 80.15873015873017
