ConfigName: kjsd__advperagentrankweighted__M3__L16__eps0p005__g0p003__ds0p1__dm0p1
Problem: NK
Kernel: jsd
Advantage: peragentrankweighted
M: 3
lambda: 16
epsilon_svgd: 0.005
gamma: 0.003
decay_start_ratio: 0.1
decay_min_factor: 0.1
bandwith_kernel: None
no_interact: False
avg_score: 0.7237502336502075
median_score: 0.7246142625808716
std_score: 0.009916113689541817
percentiles: 2%=0.7022244930267334, 5%=0.7080731987953186, 10%=0.7102791666984558, 25%=0.7173563838005066, 50%=0.7246142625808716, 75%=0.7310213446617126, 90%=0.73634934425354, 95%=0.7377492785453796, 98%=0.7385958433151245
ranking_best_algo: PBIL
ranking_best_score: 0.7248786399609374
ranking_my_rank: 2/504 (99.8%)
ranking_my_percent: 99.8015873015873
