ConfigName: krbf__advnormalizedfitness__M3__L10__eps0p03__g0p005__ds0p05__dm0p05
Problem: QUBO
Kernel: rbf
Advantage: normalizedfitness
M: 3
lambda: 10
epsilon_svgd: 0.03
gamma: 0.005
decay_start_ratio: 0.05
decay_min_factor: 0.05
bandwith_kernel: None
no_interact: False
avg_score: -138.74000549316406
median_score: -139.5
std_score: 12.252853393554688
percentiles: 2%=-158.0, 5%=-158.0, 10%=-155.0, 25%=-148.25, 50%=-139.5, 75%=-128.75, 90%=-122.9000015258789, 95%=-120.9000015258789, 98%=-114.86000061035156
ranking_best_algo: DiscreteDE
ranking_best_score: 143.4
ranking_my_rank: 96/504 (81.2%)
ranking_my_percent: 81.15079365079364
