ConfigName: kjsd__advperagentrankweighted__M5__L8__eps0p01__g0p0005__ds0p4__dm0p2
Problem: NK
Kernel: jsd
Advantage: peragentrankweighted
M: 5
lambda: 8
epsilon_svgd: 0.01
gamma: 0.0005
decay_start_ratio: 0.4
decay_min_factor: 0.2
bandwith_kernel: None
no_interact: False
avg_score: 0.7539095878601074
median_score: 0.754005491733551
std_score: 0.012562564574182034
percentiles: 2%=0.7274386882781982, 5%=0.7319961786270142, 10%=0.7353588342666626, 25%=0.7479084134101868, 50%=0.754005491733551, 75%=0.7616718411445618, 90%=0.7700586915016174, 95%=0.7745550870895386, 98%=0.7771360874176025
ranking_best_algo: Tabu
ranking_best_score: 0.7657846284375001
ranking_my_rank: 9/504 (98.4%)
ranking_my_percent: 98.41269841269842
