ConfigName: kjsd__advperagentrankweighted__M3__L18__eps0p005__g0p0005__ds0p05__dm0p2
Problem: QUBO
Kernel: jsd
Advantage: peragentrankweighted
M: 3
lambda: 18
epsilon_svgd: 0.005
gamma: 0.0005
decay_start_ratio: 0.05
decay_min_factor: 0.2
bandwith_kernel: None
no_interact: False
avg_score: -325.79998779296875
median_score: -328.0
std_score: 26.25718879699707
percentiles: 2%=-372.0, 5%=-361.0, 10%=-354.0, 25%=-343.0, 50%=-328.0, 75%=-311.0, 90%=-290.0, 95%=-272.0, 98%=-263.9599914550781
ranking_best_algo: CMApara
ranking_best_score: 344.22
ranking_my_rank: 116/504 (77.2%)
ranking_my_percent: 77.18253968253968
