ConfigName: kjsd__advperagentrankweighted__M3__L18__eps0p005__g0p003__ds0p05__dm0p1
Problem: QUBO
Kernel: jsd
Advantage: peragentrankweighted
M: 3
lambda: 18
epsilon_svgd: 0.005
gamma: 0.003
decay_start_ratio: 0.05
decay_min_factor: 0.1
bandwith_kernel: None
no_interact: False
avg_score: -309.5
median_score: -311.0
std_score: 37.77552032470703
percentiles: 2%=-386.0799865722656, 5%=-382.1000061035156, 10%=-359.20001220703125, 25%=-330.5, 50%=-311.0, 75%=-275.75, 90%=-262.8999938964844, 95%=-256.95001220703125, 98%=-254.9600067138672
ranking_best_algo: CMApara
ranking_best_score: 319.29999999999995
ranking_my_rank: 76/504 (85.1%)
ranking_my_percent: 85.11904761904762
