ConfigName: kjsd__advperagentrankweighted__M5__L10__eps0p01__g0p0005__ds0p2__dm0p2
Problem: NK
Kernel: jsd
Advantage: peragentrankweighted
M: 5
lambda: 10
epsilon_svgd: 0.01
gamma: 0.0005
decay_start_ratio: 0.2
decay_min_factor: 0.2
bandwith_kernel: None
no_interact: False
avg_score: 0.7112091183662415
median_score: 0.6985580325126648
std_score: 0.03146149218082428
percentiles: 2%=0.6735892295837402, 5%=0.6744096279144287, 10%=0.6785662770271301, 25%=0.6824496388435364, 50%=0.6985580325126648, 75%=0.747138500213623, 90%=0.7534111738204956, 95%=0.7613165378570557, 98%=0.7613165378570557
ranking_best_algo: CMApara
ranking_best_score: 0.7118996098437498
ranking_my_rank: 3/504 (99.6%)
ranking_my_percent: 99.60317460317461
