ConfigName: kjsd__advperagentrankweighted__M6__L8__eps0p03__g0p0005__ds0p2__dm0p05
Problem: QUBO
Kernel: jsd
Advantage: peragentrankweighted
M: 6
lambda: 8
epsilon_svgd: 0.03
gamma: 0.0005
decay_start_ratio: 0.2
decay_min_factor: 0.05
bandwith_kernel: None
no_interact: False
avg_score: -148.0800018310547
median_score: -149.0
std_score: 12.475318908691406
percentiles: 2%=-179.0, 5%=-169.10000610351562, 10%=-160.0, 25%=-155.0, 50%=-149.0, 75%=-141.0, 90%=-131.89999389648438, 95%=-125.0, 98%=-119.87999725341797
ranking_best_algo: CMApara
ranking_best_score: 154.28
ranking_my_rank: 86/504 (83.1%)
ranking_my_percent: 83.13492063492063
