ConfigName: krbf__advnormalizedfitness__M3__L12__eps0p033__g0p01__ds0p3__dm0p01
Problem: QUBO
Kernel: rbf
Advantage: normalizedfitness
M: 3
lambda: 12
epsilon_svgd: 0.033
gamma: 0.01
decay_start_ratio: 0.3
decay_min_factor: 0.01
bandwith_kernel: None
no_interact: False
avg_score: -2435.47998046875
median_score: -2414.0
std_score: 158.24932861328125
percentiles: 2%=-2778.199951171875, 5%=-2718.10009765625, 10%=-2633.199951171875, 25%=-2549.25, 50%=-2414.0, 75%=-2314.0, 90%=-2249.800048828125, 95%=-2210.85009765625, 98%=-2161.820068359375
ranking_best_algo: SVM1MetaModelLogNormal
ranking_best_score: 2605.14
ranking_my_rank: 89/504 (82.5%)
ranking_my_percent: 82.53968253968254
