ConfigName: kjsd__advperagentrankweighted__M6__L10__eps0p02__g0p0007__ds0p2__dm0p05
Problem: NK
Kernel: jsd
Advantage: peragentrankweighted
M: 6
lambda: 10
epsilon_svgd: 0.02
gamma: 0.0007
decay_start_ratio: 0.2
decay_min_factor: 0.05
bandwith_kernel: None
no_interact: False
avg_score: 0.7525249719619751
median_score: 0.7540454268455505
std_score: 0.013747117482125759
percentiles: 2%=0.7265515327453613, 5%=0.7310068607330322, 10%=0.7346620559692383, 25%=0.7410024404525757, 50%=0.7540454268455505, 75%=0.7619187831878662, 90%=0.769749104976654, 95%=0.7721025943756104, 98%=0.7757363319396973
ranking_best_algo: Tabu
ranking_best_score: 0.7657846284375001
ranking_my_rank: 10/504 (98.2%)
ranking_my_percent: 98.21428571428571
