ConfigName: kjsd__advperagentrankweighted__M4__L24__eps0p03__g0p0005__ds0p05__dm0p05
Problem: NK
Kernel: jsd
Advantage: peragentrankweighted
M: 4
lambda: 24
epsilon_svgd: 0.03
gamma: 0.0005
decay_start_ratio: 0.05
decay_min_factor: 0.05
bandwith_kernel: None
no_interact: False
avg_score: 0.7109408378601074
median_score: 0.6996403932571411
std_score: 0.031151220202445984
percentiles: 2%=0.6744014620780945, 5%=0.6751561164855957, 10%=0.6778339147567749, 25%=0.6824496388435364, 50%=0.6996403932571411, 75%=0.7467129230499268, 90%=0.7534111738204956, 95%=0.7586009502410889, 98%=0.7613165378570557
ranking_best_algo: CMApara
ranking_best_score: 0.7118996098437498
ranking_my_rank: 8/504 (98.6%)
ranking_my_percent: 98.61111111111111
