ConfigName: kjsd__advperagentrankweighted__M3__L16__eps0p005__g0p0005__ds0p2__dm0p2
Problem: NK
Kernel: jsd
Advantage: peragentrankweighted
M: 3
lambda: 16
epsilon_svgd: 0.005
gamma: 0.0005
decay_start_ratio: 0.2
decay_min_factor: 0.2
bandwith_kernel: None
no_interact: False
avg_score: 0.7095043659210205
median_score: 0.7108535766601562
std_score: 0.01590222306549549
percentiles: 2%=0.6682118773460388, 5%=0.6710156202316284, 10%=0.6938287615776062, 25%=0.7056660652160645, 50%=0.7108535766601562, 75%=0.7188433408737183, 90%=0.7254350185394287, 95%=0.732877254486084, 98%=0.7340807914733887
ranking_best_algo: CMApara
ranking_best_score: 0.707475975
ranking_my_rank: 1/504 (100.0%)
ranking_my_percent: 100.0
