ConfigName: krbf__advnormalizedfitness__M3__L12__eps0p033__g0p005__ds0p3__dm0p01
Problem: QUBO
Kernel: rbf
Advantage: normalizedfitness
M: 3
lambda: 12
epsilon_svgd: 0.033
gamma: 0.005
decay_start_ratio: 0.3
decay_min_factor: 0.01
bandwith_kernel: None
no_interact: False
avg_score: -1276.6199951171875
median_score: -1273.0
std_score: 65.20549011230469
percentiles: 2%=-1397.06005859375, 5%=-1388.1500244140625, 10%=-1359.199951171875, 25%=-1326.25, 50%=-1273.0, 75%=-1225.75, 90%=-1182.9000244140625, 95%=-1177.800048828125, 98%=-1170.919921875
ranking_best_algo: BigLognormalDiscreteOnePlusOne
ranking_best_score: 1301.3600000000004
ranking_my_rank: 33/504 (93.7%)
ranking_my_percent: 93.65079365079364
