ConfigName: kjsd__advperagentrankweighted__M3__L18__eps0p01__g0p003__ds0p1__dm0p1
Problem: QUBO
Kernel: jsd
Advantage: peragentrankweighted
M: 3
lambda: 18
epsilon_svgd: 0.01
gamma: 0.003
decay_start_ratio: 0.1
decay_min_factor: 0.1
bandwith_kernel: None
no_interact: False
avg_score: -200.66000366210938
median_score: -201.0
std_score: 13.200165748596191
percentiles: 2%=-224.0, 5%=-222.0, 10%=-217.0, 25%=-211.0, 50%=-201.0, 75%=-191.0, 90%=-183.0, 95%=-178.9499969482422, 98%=-175.9600067138672
ranking_best_algo: Tabu
ranking_best_score: 208.36000000000004
ranking_my_rank: 45/504 (91.3%)
ranking_my_percent: 91.26984126984127
