ConfigName: kjsd__advperagentrankweighted__M4__L30__eps0p005__g0p0005__ds0p4__dm0p05
Problem: QUBO
Kernel: jsd
Advantage: peragentrankweighted
M: 4
lambda: 30
epsilon_svgd: 0.005
gamma: 0.0005
decay_start_ratio: 0.4
decay_min_factor: 0.05
bandwith_kernel: None
no_interact: False
avg_score: -938.260009765625
median_score: -927.5
std_score: 70.68629455566406
percentiles: 2%=-1076.0400390625, 5%=-1066.199951171875, 10%=-1025.9000244140625, 25%=-992.0, 50%=-927.5, 75%=-892.25, 90%=-852.5999755859375, 95%=-828.8499755859375, 98%=-801.0
ranking_best_algo: CMApara
ranking_best_score: 964.9
ranking_my_rank: 7/504 (98.8%)
ranking_my_percent: 98.80952380952381
