ConfigName: kjsd__advperagentrankweighted__M6__L8__eps0p02__g0p0003__ds0p2__dm0p05
Problem: QUBO
Kernel: jsd
Advantage: peragentrankweighted
M: 6
lambda: 8
epsilon_svgd: 0.02
gamma: 0.0003
decay_start_ratio: 0.2
decay_min_factor: 0.05
bandwith_kernel: None
no_interact: False
avg_score: -310.0
median_score: -313.0
std_score: 40.124305725097656
percentiles: 2%=-396.0799865722656, 5%=-392.0, 10%=-360.3999938964844, 25%=-332.0, 50%=-313.0, 75%=-273.0, 90%=-264.8999938964844, 95%=-258.0, 98%=-252.86000061035156
ranking_best_algo: CMApara
ranking_best_score: 319.29999999999995
ranking_my_rank: 65/504 (87.3%)
ranking_my_percent: 87.3015873015873
