ConfigName: kfr__advglobalrankweighted__M4__L5__eps0p03__g0p007__ds0p01__dm0p01
Problem: QUBO
Kernel: fr
Advantage: globalrankweighted
M: 4
lambda: 5
epsilon_svgd: 0.03
gamma: 0.007
decay_start_ratio: 0.01
decay_min_factor: 0.01
bandwith_kernel: None
no_interact: False
avg_score: -1222.3800048828125
median_score: -1215.5
std_score: 60.316463470458984
percentiles: 2%=-1338.9200439453125, 5%=-1324.25, 10%=-1304.800048828125, 25%=-1262.0, 50%=-1215.5, 75%=-1179.75, 90%=-1150.9000244140625, 95%=-1129.0, 98%=-1114.8199462890625
ranking_best_algo: SVMMetaModelLogNormal
ranking_best_score: 1233.7999999999997
ranking_my_rank: 16/504 (97.0%)
ranking_my_percent: 97.02380952380952
