ConfigName: kjsd__advperagentrankweighted__M3__L24__eps0p005__g0p0005__ds0p1__dm0p05
Problem: QUBO
Kernel: jsd
Advantage: peragentrankweighted
M: 3
lambda: 24
epsilon_svgd: 0.005
gamma: 0.0005
decay_start_ratio: 0.1
decay_min_factor: 0.05
bandwith_kernel: None
no_interact: False
avg_score: -148.24000549316406
median_score: -148.0
std_score: 11.868546485900879
percentiles: 2%=-179.0, 5%=-164.75, 10%=-160.0, 25%=-155.0, 50%=-148.0, 75%=-140.75, 90%=-133.0, 95%=-129.0, 98%=-128.94000244140625
ranking_best_algo: CMApara
ranking_best_score: 154.28
ranking_my_rank: 84/504 (83.5%)
ranking_my_percent: 83.53174603174604
