ConfigName: kfr__advglobalrankweighted__M4__L9__eps0p02__g0p005__ds0p01__dm0p01
Problem: QUBO
Kernel: fr
Advantage: globalrankweighted
M: 4
lambda: 9
epsilon_svgd: 0.02
gamma: 0.005
decay_start_ratio: 0.01
decay_min_factor: 0.01
bandwith_kernel: None
no_interact: False
avg_score: -139.1199951171875
median_score: -139.0
std_score: 11.707501411437988
percentiles: 2%=-160.0, 5%=-158.0, 10%=-157.0, 25%=-146.25, 50%=-139.0, 75%=-130.0, 90%=-125.0, 95%=-122.9000015258789, 98%=-111.9800033569336
ranking_best_algo: DiscreteDE
ranking_best_score: 143.4
ranking_my_rank: 88/504 (82.7%)
ranking_my_percent: 82.73809523809524
