ConfigName: krbf__advnormalizedfitness__M3__L8__eps0p033__g0p007__ds0p15__dm0p01
Problem: NK
Kernel: rbf
Advantage: normalizedfitness
M: 3
lambda: 8
epsilon_svgd: 0.033
gamma: 0.007
decay_start_ratio: 0.15
decay_min_factor: 0.01
bandwith_kernel: None
no_interact: False
avg_score: 0.7101110219955444
median_score: 0.711643636226654
std_score: 0.015288964845240116
percentiles: 2%=0.6708502173423767, 5%=0.6718149781227112, 10%=0.6971549987792969, 25%=0.7068713307380676, 50%=0.711643636226654, 75%=0.7195075750350952, 90%=0.7243294715881348, 95%=0.7316985726356506, 98%=0.7333957552909851
ranking_best_algo: CMApara
ranking_best_score: 0.707475975
ranking_my_rank: 1/504 (100.0%)
ranking_my_percent: 100.0
