ConfigName: kfr__advglobalrankweighted__M6__L9__eps0p02__g0p007__ds0p01__dm0p01
Problem: QUBO
Kernel: fr
Advantage: globalrankweighted
M: 6
lambda: 9
epsilon_svgd: 0.02
gamma: 0.007
decay_start_ratio: 0.01
decay_min_factor: 0.01
bandwith_kernel: None
no_interact: False
avg_score: -1396.0
median_score: -1393.0
std_score: 83.82612609863281
percentiles: 2%=-1533.280029296875, 5%=-1525.050048828125, 10%=-1505.5, 25%=-1470.25, 50%=-1393.0, 75%=-1336.5, 90%=-1291.0, 95%=-1260.75, 98%=-1246.5198974609375
ranking_best_algo: NLOPT_LN_PRAXIS
ranking_best_score: 1607.12
ranking_my_rank: 155/504 (69.4%)
ranking_my_percent: 69.44444444444444
