ConfigName: kjsd__advperagentrankweighted__M4__L12__eps0p03__g0p0007__ds0p2__dm0p05
Problem: NK
Kernel: jsd
Advantage: peragentrankweighted
M: 4
lambda: 12
epsilon_svgd: 0.03
gamma: 0.0007
decay_start_ratio: 0.2
decay_min_factor: 0.05
bandwith_kernel: None
no_interact: False
avg_score: 0.7221536040306091
median_score: 0.7214324474334717
std_score: 0.009549975395202637
percentiles: 2%=0.7048628330230713, 5%=0.7057914733886719, 10%=0.7103371024131775, 25%=0.7167690992355347, 50%=0.7214324474334717, 75%=0.7283788919448853, 90%=0.7321436405181885, 95%=0.7359620928764343, 98%=0.7395596504211426
ranking_best_algo: Tabu
ranking_best_score: 0.7429702712499999
ranking_my_rank: 6/504 (99.0%)
ranking_my_percent: 99.0079365079365
