ConfigName: krbf__advnormalizedfitness__M2__L10__eps0p025__g0p01__ds0p3__dm0p01
Problem: QUBO
Kernel: rbf
Advantage: normalizedfitness
M: 2
lambda: 10
epsilon_svgd: 0.025
gamma: 0.01
decay_start_ratio: 0.3
decay_min_factor: 0.01
bandwith_kernel: None
no_interact: False
avg_score: -1290.300048828125
median_score: -1286.5
std_score: 59.020076751708984
percentiles: 2%=-1414.0999755859375, 5%=-1379.199951171875, 10%=-1369.0, 25%=-1333.0, 50%=-1286.5, 75%=-1249.25, 90%=-1213.9000244140625, 95%=-1203.8499755859375, 98%=-1160.8399658203125
ranking_best_algo: BigLognormalDiscreteOnePlusOne
ranking_best_score: 1301.3600000000004
ranking_my_rank: 3/504 (99.6%)
ranking_my_percent: 99.60317460317461
