ConfigName: kjsd__advperagentrankweighted__M3__L20__eps0p007__g0p0007__ds0p2__dm0p1
Problem: NK
Kernel: jsd
Advantage: peragentrankweighted
M: 3
lambda: 20
epsilon_svgd: 0.007
gamma: 0.0007
decay_start_ratio: 0.2
decay_min_factor: 0.1
bandwith_kernel: None
no_interact: False
avg_score: 0.7356377243995667
median_score: 0.7360920906066895
std_score: 0.01084305439144373
percentiles: 2%=0.7157728672027588, 5%=0.7171902656555176, 10%=0.722240149974823, 25%=0.7276309728622437, 50%=0.7360920906066895, 75%=0.7425625324249268, 90%=0.7509716749191284, 95%=0.7539839148521423, 98%=0.7565891742706299
ranking_best_algo: Tabu
ranking_best_score: 0.7429702712499999
ranking_my_rank: 2/504 (99.8%)
ranking_my_percent: 99.8015873015873
