ConfigName: kfr__advglobalrankweighted__M5__L8__eps0p015__g0p007__ds0p01__dm0p01
Problem: QUBO
Kernel: fr
Advantage: globalrankweighted
M: 5
lambda: 8
epsilon_svgd: 0.015
gamma: 0.007
decay_start_ratio: 0.01
decay_min_factor: 0.01
bandwith_kernel: None
no_interact: False
avg_score: -2935.02001953125
median_score: -2924.0
std_score: 169.65377807617188
percentiles: 2%=-3316.919921875, 5%=-3207.39990234375, 10%=-3133.5, 25%=-3052.0, 50%=-2924.0, 75%=-2798.5, 90%=-2747.60009765625, 95%=-2689.650146484375, 98%=-2599.9599609375
ranking_best_algo: RLSOnePlusOne
ranking_best_score: 3316.5199999999995
ranking_my_rank: 140/504 (72.4%)
ranking_my_percent: 72.42063492063492
