ConfigName: krbf__advnormalizedfitness__M4__L10__eps0p03__g0p005__ds0p15__dm0p05
Problem: NK
Kernel: rbf
Advantage: normalizedfitness
M: 4
lambda: 10
epsilon_svgd: 0.03
gamma: 0.005
decay_start_ratio: 0.15
decay_min_factor: 0.05
bandwith_kernel: None
no_interact: False
avg_score: 0.7258970737457275
median_score: 0.725779116153717
std_score: 0.012126830406486988
percentiles: 2%=0.703282356262207, 5%=0.7058022022247314, 10%=0.7106013298034668, 25%=0.717775285243988, 50%=0.725779116153717, 75%=0.7339770793914795, 90%=0.7424423694610596, 95%=0.745145857334137, 98%=0.751005232334137
ranking_best_algo: Tabu
ranking_best_score: 0.7429702712499999
ranking_my_rank: 3/504 (99.6%)
ranking_my_percent: 99.60317460317461
