ConfigName: kjsd__advperagentrankweighted__M6__L8__eps0p02__g0p0005__ds0p05__dm0p05
Problem: NK
Kernel: jsd
Advantage: peragentrankweighted
M: 6
lambda: 8
epsilon_svgd: 0.02
gamma: 0.0005
decay_start_ratio: 0.05
decay_min_factor: 0.05
bandwith_kernel: None
no_interact: False
avg_score: 0.7053220868110657
median_score: 0.7067134976387024
std_score: 0.01169368252158165
percentiles: 2%=0.6847803592681885, 5%=0.687674343585968, 10%=0.689307451248169, 25%=0.6946585178375244, 50%=0.7067134976387024, 75%=0.7156515121459961, 90%=0.7193978428840637, 95%=0.7214064002037048, 98%=0.7223262786865234
ranking_best_algo: PBIL
ranking_best_score: 0.7013553837109374
ranking_my_rank: 1/504 (100.0%)
ranking_my_percent: 100.0
