ConfigName: krbf__advnormalizedfitness__M3__L12__eps0p025__g0p007__ds0p3__dm0p01
Problem: NK
Kernel: rbf
Advantage: normalizedfitness
M: 3
lambda: 12
epsilon_svgd: 0.025
gamma: 0.007
decay_start_ratio: 0.3
decay_min_factor: 0.01
bandwith_kernel: None
no_interact: False
avg_score: 0.6725567579269409
median_score: 0.6682386994361877
std_score: 0.020756930112838745
percentiles: 2%=0.6371645927429199, 5%=0.6451060771942139, 10%=0.6514422297477722, 25%=0.6601539850234985, 50%=0.6682386994361877, 75%=0.6817706823348999, 90%=0.7014742493629456, 95%=0.7201463580131531, 98%=0.7244299054145813
ranking_best_algo: PBIL
ranking_best_score: 0.7170882103515624
ranking_my_rank: 182/504 (64.1%)
ranking_my_percent: 64.08730158730158
