ConfigName: krbf__advnormalizedfitness__M3__L8__eps0p015__g0p015__ds0p15__dm0p01
Problem: QUBO
Kernel: rbf
Advantage: normalizedfitness
M: 3
lambda: 8
epsilon_svgd: 0.015
gamma: 0.015
decay_start_ratio: 0.15
decay_min_factor: 0.01
bandwith_kernel: None
no_interact: False
avg_score: -1405.3800048828125
median_score: -1414.0
std_score: 129.09063720703125
percentiles: 2%=-1647.1600341796875, 5%=-1595.4000244140625, 10%=-1560.199951171875, 25%=-1508.0, 50%=-1414.0, 75%=-1290.25, 90%=-1234.9000244140625, 95%=-1206.9000244140625, 98%=-1201.999755859375
ranking_best_algo: NLOPT_LN_PRAXIS
ranking_best_score: 1607.12
ranking_my_rank: 144/504 (71.6%)
ranking_my_percent: 71.62698412698413
