ConfigName: krbf__advnormalizedfitness__M4__L24__eps0p02__g0p005__ds0p15__dm0p05
Problem: QUBO
Kernel: rbf
Advantage: normalizedfitness
M: 4
lambda: 24
epsilon_svgd: 0.02
gamma: 0.005
decay_start_ratio: 0.15
decay_min_factor: 0.05
bandwith_kernel: None
no_interact: False
avg_score: -919.739990234375
median_score: -913.0
std_score: 74.57903289794922
percentiles: 2%=-1062.1800537109375, 5%=-1036.1500244140625, 10%=-1021.0, 25%=-963.5, 50%=-913.0, 75%=-875.5, 90%=-830.0, 95%=-800.7999877929688, 98%=-794.4400024414062
ranking_best_algo: SVMMetaModelLogNormal
ranking_best_score: 1233.7999999999997
ranking_my_rank: 313/504 (38.1%)
ranking_my_percent: 38.095238095238095
