ConfigName: krbf__advnormalizedfitness__M4__L15__eps0p015__g0p007__ds0p01__dm0p3
Problem: QUBO
Kernel: rbf
Advantage: normalizedfitness
M: 4
lambda: 15
epsilon_svgd: 0.015
gamma: 0.007
decay_start_ratio: 0.01
decay_min_factor: 0.3
bandwith_kernel: None
no_interact: False
avg_score: -1471.1199951171875
median_score: -1460.0
std_score: 174.6232147216797
percentiles: 2%=-1791.6199951171875, 5%=-1773.199951171875, 10%=-1648.699951171875, 25%=-1579.75, 50%=-1460.0, 75%=-1355.0, 90%=-1249.4000244140625, 95%=-1210.60009765625, 98%=-1123.2998046875
ranking_best_algo: DiscreteLengler2OnePlusOne
ranking_best_score: 2617.04
ranking_my_rank: 333/504 (34.1%)
ranking_my_percent: 34.12698412698413
