ConfigName: kjsd__advperagentrankweighted__M3__L18__eps0p005__g0p001__ds0p2__dm0p1
Problem: NK
Kernel: jsd
Advantage: peragentrankweighted
M: 3
lambda: 18
epsilon_svgd: 0.005
gamma: 0.001
decay_start_ratio: 0.2
decay_min_factor: 0.1
bandwith_kernel: None
no_interact: False
avg_score: 0.7357022762298584
median_score: 0.7379964590072632
std_score: 0.00854529533535242
percentiles: 2%=0.7178013920783997, 5%=0.720320999622345, 10%=0.7224315404891968, 25%=0.7306314706802368, 50%=0.7379964590072632, 75%=0.7417933940887451, 90%=0.7460166215896606, 95%=0.7468224167823792, 98%=0.7484861612319946
ranking_best_algo: PBIL
ranking_best_score: 0.7248786399609374
ranking_my_rank: 1/504 (100.0%)
ranking_my_percent: 100.0
