ConfigName: krbf__advnormalizedfitness__M3__L8__eps0p015__g0p01__ds0p3__dm0p3
Problem: NK
Kernel: rbf
Advantage: normalizedfitness
M: 3
lambda: 8
epsilon_svgd: 0.015
gamma: 0.01
decay_start_ratio: 0.3
decay_min_factor: 0.3
bandwith_kernel: None
no_interact: False
avg_score: 0.709452748298645
median_score: 0.7104160785675049
std_score: 0.015197444707155228
percentiles: 2%=0.671320915222168, 5%=0.6727417707443237, 10%=0.6955413818359375, 25%=0.7054373025894165, 50%=0.7104160785675049, 75%=0.7189135551452637, 90%=0.7249468564987183, 95%=0.7307500243186951, 98%=0.7316683530807495
ranking_best_algo: CMApara
ranking_best_score: 0.707475975
ranking_my_rank: 1/504 (100.0%)
ranking_my_percent: 100.0
