ConfigName: krbf__advnormalizedfitness__M4__L8__eps0p025__g0p01__ds0p15__dm0p01
Problem: QUBO
Kernel: rbf
Advantage: normalizedfitness
M: 4
lambda: 8
epsilon_svgd: 0.025
gamma: 0.01
decay_start_ratio: 0.15
decay_min_factor: 0.01
bandwith_kernel: None
no_interact: False
avg_score: -890.6799926757812
median_score: -887.0
std_score: 66.91455841064453
percentiles: 2%=-1048.1199951171875, 5%=-1018.2999877929688, 10%=-971.7999877929688, 25%=-930.0, 50%=-887.0, 75%=-847.25, 90%=-803.9000244140625, 95%=-793.8500366210938, 98%=-764.9400024414062
ranking_best_algo: CMAL3
ranking_best_score: 928.5800000000002
ranking_my_rank: 98/504 (80.8%)
ranking_my_percent: 80.75396825396825
