ConfigName: krbf__advnormalizedfitness__M2__L8__eps0p025__g0p005__ds0p3__dm0p01
Problem: NK
Kernel: rbf
Advantage: normalizedfitness
M: 2
lambda: 8
epsilon_svgd: 0.025
gamma: 0.005
decay_start_ratio: 0.3
decay_min_factor: 0.01
bandwith_kernel: None
no_interact: False
avg_score: 0.7239547967910767
median_score: 0.7242431640625
std_score: 0.008999229408800602
percentiles: 2%=0.7077847123146057, 5%=0.709438681602478, 10%=0.7128987312316895, 25%=0.7177237272262573, 50%=0.7242431640625, 75%=0.729704737663269, 90%=0.7345646619796753, 95%=0.7401524186134338, 98%=0.7420071363449097
ranking_best_algo: PBIL
ranking_best_score: 0.7170882103515624
ranking_my_rank: 1/504 (100.0%)
ranking_my_percent: 100.0
