ConfigName: krbf__advnormalizedfitness__M3__L10__eps0p033__g0p007__ds0p01__dm0p3
Problem: QUBO
Kernel: rbf
Advantage: normalizedfitness
M: 3
lambda: 10
epsilon_svgd: 0.033
gamma: 0.007
decay_start_ratio: 0.01
decay_min_factor: 0.3
bandwith_kernel: None
no_interact: False
avg_score: -444.82000732421875
median_score: -448.5
std_score: 28.353614807128906
percentiles: 2%=-494.0400085449219, 5%=-487.25, 10%=-481.0, 25%=-466.25, 50%=-448.5, 75%=-423.0, 90%=-403.79998779296875, 95%=-395.9000244140625, 98%=-386.94000244140625
ranking_best_algo: CMApara
ranking_best_score: 453.82
ranking_my_rank: 6/504 (99.0%)
ranking_my_percent: 99.0079365079365
