ConfigName: kjsd__advperagentrankweighted__M3__L24__eps0p005__g0p001__ds0p05__dm0p2
Problem: QUBO
Kernel: jsd
Advantage: peragentrankweighted
M: 3
lambda: 24
epsilon_svgd: 0.005
gamma: 0.001
decay_start_ratio: 0.05
decay_min_factor: 0.2
bandwith_kernel: None
no_interact: False
avg_score: -3184.639892578125
median_score: -3169.5
std_score: 132.03677368164062
percentiles: 2%=-3493.06005859375, 5%=-3397.949951171875, 10%=-3364.699951171875, 25%=-3274.0, 50%=-3169.5, 75%=-3097.25, 90%=-3028.699951171875, 95%=-3008.75, 98%=-2974.340087890625
ranking_best_algo: RLSOnePlusOne
ranking_best_score: 3316.5199999999995
ranking_my_rank: 57/504 (88.9%)
ranking_my_percent: 88.88888888888889
