ConfigName: kjsd__advperagentrankweighted__M4__L8__eps0p005__g0p0007__ds0p05__dm0p2
Problem: NK
Kernel: jsd
Advantage: peragentrankweighted
M: 4
lambda: 8
epsilon_svgd: 0.005
gamma: 0.0007
decay_start_ratio: 0.05
decay_min_factor: 0.2
bandwith_kernel: None
no_interact: False
avg_score: 0.7512428164482117
median_score: 0.7536803483963013
std_score: 0.013466166332364082
percentiles: 2%=0.7273777723312378, 5%=0.7298502922058105, 10%=0.7332165837287903, 25%=0.7410941123962402, 50%=0.7536803483963013, 75%=0.7609151005744934, 90%=0.7664375305175781, 95%=0.7707971930503845, 98%=0.7752705216407776
ranking_best_algo: Tabu
ranking_best_score: 0.7657846284375001
ranking_my_rank: 18/504 (96.6%)
ranking_my_percent: 96.62698412698413
