ConfigName: kjsd__advperagentrankweighted__M4__L20__eps0p005__g0p0005__ds0p05__dm0p2
Problem: QUBO
Kernel: jsd
Advantage: peragentrankweighted
M: 4
lambda: 20
epsilon_svgd: 0.005
gamma: 0.0005
decay_start_ratio: 0.05
decay_min_factor: 0.2
bandwith_kernel: None
no_interact: False
avg_score: -445.5400085449219
median_score: -447.0
std_score: 23.32270050048828
percentiles: 2%=-484.1000061035156, 5%=-479.0, 10%=-472.1000061035156, 25%=-463.0, 50%=-447.0, 75%=-430.0, 90%=-415.6000061035156, 95%=-402.0, 98%=-391.9800109863281
ranking_best_algo: CMApara
ranking_best_score: 453.82
ranking_my_rank: 3/504 (99.6%)
ranking_my_percent: 99.60317460317461
