ConfigName: kjsd__advperagentrankweighted__M8__L24__eps0p008__g0p0005__ds0p3__dm0p05
Problem: NK
Kernel: jsd
Advantage: peragentrankweighted
M: 8
lambda: 24
epsilon_svgd: 0.008
gamma: 0.0005
decay_start_ratio: 0.3
decay_min_factor: 0.05
bandwith_kernel: None
no_interact: False
avg_score: 0.6995270848274231
median_score: 0.7002032995223999
std_score: 0.014688502065837383
percentiles: 2%=0.6715131998062134, 5%=0.6754321455955505, 10%=0.6793588399887085, 25%=0.6876108646392822, 50%=0.7002032995223999, 75%=0.7106368541717529, 90%=0.7189266681671143, 95%=0.7209465503692627, 98%=0.7228061556816101
ranking_best_algo: PBIL
ranking_best_score: 0.733570253046875
ranking_my_rank: 115/504 (77.4%)
ranking_my_percent: 77.38095238095238
