ConfigName: kjsd__advperagentrankweighted__M3__L20__eps0p007__g0p0005__ds0p2__dm0p05
Problem: QUBO
Kernel: jsd
Advantage: peragentrankweighted
M: 3
lambda: 20
epsilon_svgd: 0.007
gamma: 0.0005
decay_start_ratio: 0.2
decay_min_factor: 0.05
bandwith_kernel: None
no_interact: False
avg_score: -2645.6201171875
median_score: -2635.0
std_score: 111.74298858642578
percentiles: 2%=-2862.0400390625, 5%=-2847.25, 10%=-2818.60009765625, 25%=-2720.5, 50%=-2635.0, 75%=-2552.75, 90%=-2517.89990234375, 95%=-2477.800048828125, 98%=-2471.820068359375
ranking_best_algo: DiscreteLengler2OnePlusOne
ranking_best_score: 2617.04
ranking_my_rank: 1/504 (100.0%)
ranking_my_percent: 100.0
