ConfigName: kjsd__advperagentrankweighted__M4__L12__eps0p005__g0p0003__ds0p4__dm0p05
Problem: NK
Kernel: jsd
Advantage: peragentrankweighted
M: 4
lambda: 12
epsilon_svgd: 0.005
gamma: 0.0003
decay_start_ratio: 0.4
decay_min_factor: 0.05
bandwith_kernel: None
no_interact: False
avg_score: 0.7393287420272827
median_score: 0.7379666566848755
std_score: 0.015465964563190937
percentiles: 2%=0.708055853843689, 5%=0.7167313694953918, 10%=0.7214598655700684, 25%=0.728387713432312, 50%=0.7379666566848755, 75%=0.7489023208618164, 90%=0.7609474658966064, 95%=0.770409107208252, 98%=0.7707390785217285
ranking_best_algo: Tabu
ranking_best_score: 0.7601875690625
ranking_my_rank: 16/504 (97.0%)
ranking_my_percent: 97.02380952380952
