ConfigName: kjsd__advperagentrankweighted__M4__L12__eps0p02__g0p0005__ds0p2__dm0p05
Problem: QUBO
Kernel: jsd
Advantage: peragentrankweighted
M: 4
lambda: 12
epsilon_svgd: 0.02
gamma: 0.0005
decay_start_ratio: 0.2
decay_min_factor: 0.05
bandwith_kernel: None
no_interact: False
avg_score: -196.16000366210938
median_score: -197.0
std_score: 13.375141143798828
percentiles: 2%=-224.0, 5%=-219.0500030517578, 10%=-213.1999969482422, 25%=-205.0, 50%=-197.0, 75%=-187.0, 90%=-180.8000030517578, 95%=-174.89999389648438, 98%=-167.97999572753906
ranking_best_algo: Tabu
ranking_best_score: 208.36000000000004
ranking_my_rank: 202/504 (60.1%)
ranking_my_percent: 60.11904761904762
