ConfigName: kjsd__advperagentrankweighted__M3__L18__eps0p007__g0p003__ds0p2__dm0p1
Problem: QUBO
Kernel: jsd
Advantage: peragentrankweighted
M: 3
lambda: 18
epsilon_svgd: 0.007
gamma: 0.003
decay_start_ratio: 0.2
decay_min_factor: 0.1
bandwith_kernel: None
no_interact: False
avg_score: -876.4400024414062
median_score: -871.5
std_score: 63.482173919677734
percentiles: 2%=-1006.239990234375, 5%=-985.2999877929688, 10%=-969.5, 25%=-919.5, 50%=-871.5, 75%=-822.75, 90%=-796.5999755859375, 95%=-786.9500122070312, 98%=-779.97998046875
ranking_best_algo: CMAL3
ranking_best_score: 928.5800000000002
ranking_my_rank: 131/504 (74.2%)
ranking_my_percent: 74.2063492063492
