ConfigName: kfr__advglobalrankweighted__M1__L10__eps0p01__g0p007__ds0p01__dm0p01
Problem: QUBO
Kernel: fr
Advantage: globalrankweighted
M: 1
lambda: 10
epsilon_svgd: 0.01
gamma: 0.007
decay_start_ratio: 0.01
decay_min_factor: 0.01
bandwith_kernel: None
no_interact: False
avg_score: -1166.52001953125
median_score: -1165.0
std_score: 67.31083679199219
percentiles: 2%=-1283.3599853515625, 5%=-1269.5, 10%=-1250.0, 25%=-1219.25, 50%=-1165.0, 75%=-1122.0, 90%=-1071.0, 95%=-1051.6500244140625, 98%=-1042.97998046875
ranking_best_algo: Tabu
ranking_best_score: 1216.16
ranking_my_rank: 94/504 (81.5%)
ranking_my_percent: 81.54761904761905
