ConfigName: kfr__advglobalrankweighted__M4__L11__eps0p01__g0p005__ds0p01__dm0p01
Problem: QUBO
Kernel: fr
Advantage: globalrankweighted
M: 4
lambda: 11
epsilon_svgd: 0.01
gamma: 0.005
decay_start_ratio: 0.01
decay_min_factor: 0.01
bandwith_kernel: None
no_interact: False
avg_score: -2319.159912109375
median_score: -2303.5
std_score: 135.63397216796875
percentiles: 2%=-2564.080078125, 5%=-2527.10009765625, 10%=-2489.60009765625, 25%=-2415.0, 50%=-2303.5, 75%=-2219.0, 90%=-2161.39990234375, 95%=-2112.800048828125, 98%=-2078.0
ranking_best_algo: SVM1MetaModelLogNormal
ranking_best_score: 2605.14
ranking_my_rank: 152/504 (70.0%)
ranking_my_percent: 70.03968253968254
