ConfigName: kjsd__advperagentrankweighted__M10__L24__eps0p008__g0p0005__ds0p3__dm0p05
Problem: NK
Kernel: jsd
Advantage: peragentrankweighted
M: 10
lambda: 24
epsilon_svgd: 0.008
gamma: 0.0005
decay_start_ratio: 0.3
decay_min_factor: 0.05
bandwith_kernel: None
no_interact: False
avg_score: 0.7078271508216858
median_score: 0.7093308568000793
std_score: 0.0161268450319767
percentiles: 2%=0.6661396622657776, 5%=0.6704833507537842, 10%=0.6924288272857666, 25%=0.7001872658729553, 50%=0.7093308568000793, 75%=0.7173284292221069, 90%=0.7248927354812622, 95%=0.7301484942436218, 98%=0.7305694818496704
ranking_best_algo: CMApara
ranking_best_score: 0.707475975
ranking_my_rank: 1/504 (100.0%)
ranking_my_percent: 100.0
