ConfigName: kjsd__advperagentrankweighted__M5__L12__eps0p008__g0p0005__ds0p3__dm0p05
Problem: QUBO
Kernel: jsd
Advantage: peragentrankweighted
M: 5
lambda: 12
epsilon_svgd: 0.008
gamma: 0.0005
decay_start_ratio: 0.3
decay_min_factor: 0.05
bandwith_kernel: None
no_interact: False
avg_score: -1252.06005859375
median_score: -1255.0
std_score: 61.782657623291016
percentiles: 2%=-1385.260009765625, 5%=-1355.199951171875, 10%=-1328.4000244140625, 25%=-1285.25, 50%=-1255.0, 75%=-1214.0, 90%=-1166.9000244140625, 95%=-1156.699951171875, 98%=-1140.9000244140625
ranking_best_algo: SVMMetaModelLogNormal
ranking_best_score: 1233.7999999999997
ranking_my_rank: 1/504 (100.0%)
ranking_my_percent: 100.0
