ConfigName: kjsd__advperagentrankweighted__M4__L10__eps0p03__g0p0003__ds0p2__dm0p05
Problem: QUBO
Kernel: jsd
Advantage: peragentrankweighted
M: 4
lambda: 10
epsilon_svgd: 0.03
gamma: 0.0003
decay_start_ratio: 0.2
decay_min_factor: 0.05
bandwith_kernel: None
no_interact: False
avg_score: -2439.760009765625
median_score: -2437.0
std_score: 123.77892303466797
percentiles: 2%=-2720.60009765625, 5%=-2649.10009765625, 10%=-2601.10009765625, 25%=-2506.25, 50%=-2437.0, 75%=-2359.0, 90%=-2293.0, 95%=-2256.14990234375, 98%=-2204.3798828125
ranking_best_algo: SVM1MetaModelLogNormal
ranking_best_score: 2605.14
ranking_my_rank: 89/504 (82.5%)
ranking_my_percent: 82.53968253968254
