ConfigName: krbf__advnormalizedfitness__M4__L12__eps0p025__g0p005__ds0p15__dm0p01
Problem: NK
Kernel: rbf
Advantage: normalizedfitness
M: 4
lambda: 12
epsilon_svgd: 0.025
gamma: 0.005
decay_start_ratio: 0.15
decay_min_factor: 0.01
bandwith_kernel: None
no_interact: False
avg_score: 0.712710440158844
median_score: 0.7131268978118896
std_score: 0.014247662387788296
percentiles: 2%=0.6837874054908752, 5%=0.6896046996116638, 10%=0.6943362951278687, 25%=0.7021960616111755, 50%=0.7131268978118896, 75%=0.7237898707389832, 90%=0.7308099865913391, 95%=0.735008716583252, 98%=0.740189790725708
ranking_best_algo: Tabu
ranking_best_score: 0.7429702712499999
ranking_my_rank: 140/504 (72.4%)
ranking_my_percent: 72.42063492063492
