ConfigName: krbf__advnormalizedfitness__M4__L15__eps0p033__g0p007__ds0p3__dm0p3
Problem: QUBO
Kernel: rbf
Advantage: normalizedfitness
M: 4
lambda: 15
epsilon_svgd: 0.033
gamma: 0.007
decay_start_ratio: 0.3
decay_min_factor: 0.3
bandwith_kernel: None
no_interact: False
avg_score: -1217.0400390625
median_score: -1224.5
std_score: 137.34474182128906
percentiles: 2%=-1469.300048828125, 5%=-1427.8499755859375, 10%=-1382.9000244140625, 25%=-1329.5, 50%=-1224.5, 75%=-1114.5, 90%=-1036.4000244140625, 95%=-1010.9500122070312, 98%=-956.7999267578125
ranking_best_algo: NLOPT_LN_PRAXIS
ranking_best_score: 1607.12
ranking_my_rank: 239/504 (52.8%)
ranking_my_percent: 52.77777777777778
