ConfigName: krbf__advnormalizedfitness__M3__L15__eps0p033__g0p01__ds0p3__dm0p3
Problem: QUBO
Kernel: rbf
Advantage: normalizedfitness
M: 3
lambda: 15
epsilon_svgd: 0.033
gamma: 0.01
decay_start_ratio: 0.3
decay_min_factor: 0.3
bandwith_kernel: None
no_interact: False
avg_score: -150.02000427246094
median_score: -151.0
std_score: 13.093494415283203
percentiles: 2%=-179.0, 5%=-179.0, 10%=-165.29998779296875, 25%=-155.0, 50%=-151.0, 75%=-140.0, 90%=-135.0, 95%=-130.90000915527344, 98%=-126.91998291015625
ranking_best_algo: CMApara
ranking_best_score: 154.28
ranking_my_rank: 76/504 (85.1%)
ranking_my_percent: 85.11904761904762
