ConfigName: krbf__advnormalizedfitness__M3__L10__eps0p033__g0p007__ds0p3__dm0p3
Problem: QUBO
Kernel: rbf
Advantage: normalizedfitness
M: 3
lambda: 10
epsilon_svgd: 0.033
gamma: 0.007
decay_start_ratio: 0.3
decay_min_factor: 0.3
bandwith_kernel: None
no_interact: False
avg_score: -903.9400024414062
median_score: -910.5
std_score: 65.60836029052734
percentiles: 2%=-1038.1199951171875, 5%=-1007.5499877929688, 10%=-980.0999755859375, 25%=-946.0, 50%=-910.5, 75%=-861.5, 90%=-819.1000366210938, 95%=-804.800048828125, 98%=-772.5599365234375
ranking_best_algo: CMAL3
ranking_best_score: 928.5800000000002
ranking_my_rank: 66/504 (87.1%)
ranking_my_percent: 87.10317460317461
