ConfigName: kjsd__advperagentrankweighted__M3__L20__eps0p005__g0p0005__ds0p1__dm0p2
Problem: QUBO
Kernel: jsd
Advantage: peragentrankweighted
M: 3
lambda: 20
epsilon_svgd: 0.005
gamma: 0.0005
decay_start_ratio: 0.1
decay_min_factor: 0.2
bandwith_kernel: None
no_interact: False
avg_score: -941.3200073242188
median_score: -941.0
std_score: 64.69341278076172
percentiles: 2%=-1068.0799560546875, 5%=-1045.1500244140625, 10%=-1028.0999755859375, 25%=-988.75, 50%=-941.0, 75%=-892.5, 90%=-860.4000244140625, 95%=-828.7999877929688, 98%=-820.8400268554688
ranking_best_algo: CMApara
ranking_best_score: 964.9
ranking_my_rank: 5/504 (99.2%)
ranking_my_percent: 99.2063492063492
