ConfigName: krbf__advnormalizedfitness__M3__L8__eps0p025__g0p005__ds0p3__dm0p01
Problem: NK
Kernel: rbf
Advantage: normalizedfitness
M: 3
lambda: 8
epsilon_svgd: 0.025
gamma: 0.005
decay_start_ratio: 0.3
decay_min_factor: 0.01
bandwith_kernel: None
no_interact: False
avg_score: 0.7096941471099854
median_score: 0.7110311985015869
std_score: 0.015552937053143978
percentiles: 2%=0.6697437763214111, 5%=0.6708182692527771, 10%=0.6963964700698853, 25%=0.7056877613067627, 50%=0.7110311985015869, 75%=0.7180639505386353, 90%=0.7255381345748901, 95%=0.7326647639274597, 98%=0.7332882285118103
ranking_best_algo: CMApara
ranking_best_score: 0.707475975
ranking_my_rank: 1/504 (100.0%)
ranking_my_percent: 100.0
