ConfigName: kjsd__advperagentrankweighted__M3__L24__eps0p005__g0p001__ds0p1__dm0p1
Problem: QUBO
Kernel: jsd
Advantage: peragentrankweighted
M: 3
lambda: 24
epsilon_svgd: 0.005
gamma: 0.001
decay_start_ratio: 0.1
decay_min_factor: 0.1
bandwith_kernel: None
no_interact: False
avg_score: -578.5599975585938
median_score: -578.0
std_score: 28.968368530273438
percentiles: 2%=-641.0800170898438, 5%=-629.0499877929688, 10%=-617.2000122070312, 25%=-599.0, 50%=-578.0, 75%=-553.75, 90%=-544.7000122070312, 95%=-537.0, 98%=-526.9400024414062
ranking_best_algo: Tabu
ranking_best_score: 588.7199999999999
ranking_my_rank: 42/503 (91.8%)
ranking_my_percent: 91.84890656063618
