ConfigName: kjsd__advperagentrankweighted__M3__L16__eps0p01__g0p003__ds0p1__dm0p2
Problem: NK
Kernel: jsd
Advantage: peragentrankweighted
M: 3
lambda: 16
epsilon_svgd: 0.01
gamma: 0.003
decay_start_ratio: 0.1
decay_min_factor: 0.2
bandwith_kernel: None
no_interact: False
avg_score: 0.674037754535675
median_score: 0.6726557016372681
std_score: 0.01938205026090145
percentiles: 2%=0.6429359316825867, 5%=0.64869225025177, 10%=0.6500348448753357, 25%=0.6599770188331604, 50%=0.6726557016372681, 75%=0.6851221919059753, 90%=0.6987413167953491, 95%=0.7134913206100464, 98%=0.7187624573707581
ranking_best_algo: PBIL
ranking_best_score: 0.7170882103515624
ranking_my_rank: 180/504 (64.5%)
ranking_my_percent: 64.48412698412699
