ConfigName: kjsd__advperagentrankweighted__M3__L20__eps0p007__g0p001__ds0p1__dm0p05
Problem: NK
Kernel: jsd
Advantage: peragentrankweighted
M: 3
lambda: 20
epsilon_svgd: 0.007
gamma: 0.001
decay_start_ratio: 0.1
decay_min_factor: 0.05
bandwith_kernel: None
no_interact: False
avg_score: 0.7102094292640686
median_score: 0.7111225128173828
std_score: 0.015271378681063652
percentiles: 2%=0.6713402271270752, 5%=0.6736133098602295, 10%=0.6962490081787109, 25%=0.7068178057670593, 50%=0.7111225128173828, 75%=0.7185391187667847, 90%=0.725558340549469, 95%=0.7330176830291748, 98%=0.7333329916000366
ranking_best_algo: CMApara
ranking_best_score: 0.707475975
ranking_my_rank: 1/504 (100.0%)
ranking_my_percent: 100.0
