ConfigName: krbf__advnormalizedfitness__M3__L15__eps0p015__g0p005__ds0p3__dm0p3
Problem: QUBO
Kernel: rbf
Advantage: normalizedfitness
M: 3
lambda: 15
epsilon_svgd: 0.015
gamma: 0.005
decay_start_ratio: 0.3
decay_min_factor: 0.3
bandwith_kernel: None
no_interact: False
avg_score: -2073.699951171875
median_score: -2045.0
std_score: 192.22640991210938
percentiles: 2%=-2474.179931640625, 5%=-2444.050048828125, 10%=-2349.0, 25%=-2198.5, 50%=-2045.0, 75%=-1930.25, 90%=-1843.4000244140625, 95%=-1822.7000732421875, 98%=-1745.8599853515625
ranking_best_algo: SVM1MetaModelLogNormal
ranking_best_score: 2605.14
ranking_my_rank: 220/504 (56.5%)
ranking_my_percent: 56.54761904761905
