ConfigName: krbf__advnormalizedfitness__M4__L12__eps0p025__g0p01__ds0p15__dm0p3
Problem: NK
Kernel: rbf
Advantage: normalizedfitness
M: 4
lambda: 12
epsilon_svgd: 0.025
gamma: 0.01
decay_start_ratio: 0.15
decay_min_factor: 0.3
bandwith_kernel: None
no_interact: False
avg_score: 0.5734398365020752
median_score: 0.5727967023849487
std_score: 0.005784088280051947
percentiles: 2%=0.5625056028366089, 5%=0.564319908618927, 10%=0.5654332041740417, 25%=0.5694488883018494, 50%=0.5727967023849487, 75%=0.5774413347244263, 90%=0.5807480812072754, 95%=0.5839660167694092, 98%=0.5859501361846924
ranking_best_algo: PBIL
ranking_best_score: 0.7170882103515624
ranking_my_rank: 389/504 (23.0%)
ranking_my_percent: 23.015873015873016
