ConfigName: krbf__advnormalizedfitness__M4__L8__eps0p015__g0p007__ds0p01__dm0p3
Problem: QUBO
Kernel: rbf
Advantage: normalizedfitness
M: 4
lambda: 8
epsilon_svgd: 0.015
gamma: 0.007
decay_start_ratio: 0.01
decay_min_factor: 0.3
bandwith_kernel: None
no_interact: False
avg_score: -1088.0999755859375
median_score: -1086.0
std_score: 107.73844146728516
percentiles: 2%=-1267.300048828125, 5%=-1259.0999755859375, 10%=-1238.9000244140625, 25%=-1175.5, 50%=-1086.0, 75%=-993.0, 90%=-956.7999877929688, 95%=-941.2001953125, 98%=-899.7799682617188
ranking_best_algo: BigLognormalDiscreteOnePlusOne
ranking_best_score: 1301.3600000000004
ranking_my_rank: 208/504 (58.9%)
ranking_my_percent: 58.92857142857143
