ConfigName: kfr__advglobalrankweighted__M1__L11__eps0p02__g0p005__ds0p01__dm0p01
Problem: QUBO
Kernel: fr
Advantage: globalrankweighted
M: 1
lambda: 11
epsilon_svgd: 0.02
gamma: 0.005
decay_start_ratio: 0.01
decay_min_factor: 0.01
bandwith_kernel: None
no_interact: False
avg_score: -405.4599914550781
median_score: -405.0
std_score: 29.116119384765625
percentiles: 2%=-465.0400085449219, 5%=-459.1000061035156, 10%=-441.20001220703125, 25%=-425.5, 50%=-405.0, 75%=-387.75, 90%=-364.8999938964844, 95%=-355.7500305175781, 98%=-345.89996337890625
ranking_best_algo: CMAL3
ranking_best_score: 435.36
ranking_my_rank: 219/504 (56.7%)
ranking_my_percent: 56.74603174603175
