ConfigName: krbf__advnormalizedfitness__M3__L10__eps0p033__g0p01__ds0p3__dm0p01
Problem: QUBO
Kernel: rbf
Advantage: normalizedfitness
M: 3
lambda: 10
epsilon_svgd: 0.033
gamma: 0.01
decay_start_ratio: 0.3
decay_min_factor: 0.01
bandwith_kernel: None
no_interact: False
avg_score: -578.3200073242188
median_score: -575.5
std_score: 25.1192684173584
percentiles: 2%=-625.0399780273438, 5%=-619.0, 10%=-614.0, 25%=-599.0, 50%=-575.5, 75%=-562.75, 90%=-545.9000244140625, 95%=-536.800048828125, 98%=-530.9400024414062
ranking_best_algo: Tabu
ranking_best_score: 588.7199999999999
ranking_my_rank: 42/503 (91.8%)
ranking_my_percent: 91.84890656063618
