ConfigName: kfr__advglobalrankweighted__M1__L9__eps0p02__g0p005__ds0p01__dm0p01
Problem: QUBO
Kernel: fr
Advantage: globalrankweighted
M: 1
lambda: 9
epsilon_svgd: 0.02
gamma: 0.005
decay_start_ratio: 0.01
decay_min_factor: 0.01
bandwith_kernel: None
no_interact: False
avg_score: -2471.919921875
median_score: -2472.0
std_score: 116.75270080566406
percentiles: 2%=-2722.159912109375, 5%=-2693.10009765625, 10%=-2613.89990234375, 25%=-2543.0, 50%=-2472.0, 75%=-2392.75, 90%=-2330.89990234375, 95%=-2302.5, 98%=-2235.119873046875
ranking_best_algo: SVM1MetaModelLogNormal
ranking_best_score: 2605.14
ranking_my_rank: 80/504 (84.3%)
ranking_my_percent: 84.32539682539682
