ConfigName: krbf__advnormalizedfitness__M4__L12__eps0p025__g0p015__ds0p3__dm0p3
Problem: NK
Kernel: rbf
Advantage: normalizedfitness
M: 4
lambda: 12
epsilon_svgd: 0.025
gamma: 0.015
decay_start_ratio: 0.3
decay_min_factor: 0.3
bandwith_kernel: None
no_interact: False
avg_score: 0.6499388813972473
median_score: 0.6504579782485962
std_score: 0.009218156337738037
percentiles: 2%=0.632512629032135, 5%=0.6351192593574524, 10%=0.6383971571922302, 25%=0.6436294317245483, 50%=0.6504579782485962, 75%=0.6557407975196838, 90%=0.6595167517662048, 95%=0.6654908657073975, 98%=0.6701118350028992
ranking_best_algo: PBIL
ranking_best_score: 0.7248786399609374
ranking_my_rank: 302/504 (40.3%)
ranking_my_percent: 40.27777777777778
