ConfigName: kjsd__advperagentrankweighted__M3__L16__eps0p01__g0p001__ds0p05__dm0p1
Problem: NK
Kernel: jsd
Advantage: peragentrankweighted
M: 3
lambda: 16
epsilon_svgd: 0.01
gamma: 0.001
decay_start_ratio: 0.05
decay_min_factor: 0.1
bandwith_kernel: None
no_interact: False
avg_score: 0.7369334697723389
median_score: 0.7372912168502808
std_score: 0.012671110220253468
percentiles: 2%=0.7090449333190918, 5%=0.7154752612113953, 10%=0.7219921350479126, 25%=0.727711021900177, 50%=0.7372912168502808, 75%=0.7455921769142151, 90%=0.7518230080604553, 95%=0.7544445991516113, 98%=0.7599297761917114
ranking_best_algo: Tabu
ranking_best_score: 0.7601875690625
ranking_my_rank: 20/504 (96.2%)
ranking_my_percent: 96.23015873015873
