ConfigName: kjsd__advperagentrankweighted__M4__L10__eps0p02__g0p0005__ds0p2__dm0p05
Problem: QUBO
Kernel: jsd
Advantage: peragentrankweighted
M: 4
lambda: 10
epsilon_svgd: 0.02
gamma: 0.0005
decay_start_ratio: 0.2
decay_min_factor: 0.05
bandwith_kernel: None
no_interact: False
avg_score: -308.32000732421875
median_score: -310.0
std_score: 39.27159118652344
percentiles: 2%=-390.0799865722656, 5%=-388.1000061035156, 10%=-354.0, 25%=-334.5, 50%=-310.0, 75%=-273.75, 90%=-260.70001220703125, 95%=-254.0, 98%=-249.9199981689453
ranking_best_algo: CMApara
ranking_best_score: 319.29999999999995
ranking_my_rank: 89/504 (82.5%)
ranking_my_percent: 82.53968253968254
