ConfigName: krbf__advnormalizedfitness__M2__L8__eps0p025__g0p007__ds0p01__dm0p01
Problem: QUBO
Kernel: rbf
Advantage: normalizedfitness
M: 2
lambda: 8
epsilon_svgd: 0.025
gamma: 0.007
decay_start_ratio: 0.01
decay_min_factor: 0.01
bandwith_kernel: None
no_interact: False
avg_score: -923.4000244140625
median_score: -918.5
std_score: 66.32571411132812
percentiles: 2%=-1058.1600341796875, 5%=-1046.199951171875, 10%=-1025.0, 25%=-968.0, 50%=-918.5, 75%=-872.75, 90%=-837.0, 95%=-821.0, 98%=-816.6799926757812
ranking_best_algo: CMApara
ranking_best_score: 964.9
ranking_my_rank: 23/504 (95.6%)
ranking_my_percent: 95.63492063492063
