ConfigName: kjsd__advperagentrankweighted__M10__L10__eps0p008__g0p0005__ds0p05__dm0p05
Problem: QUBO
Kernel: jsd
Advantage: peragentrankweighted
M: 10
lambda: 10
epsilon_svgd: 0.008
gamma: 0.0005
decay_start_ratio: 0.05
decay_min_factor: 0.05
bandwith_kernel: None
no_interact: False
avg_score: -909.719970703125
median_score: -902.5
std_score: 62.0633659362793
percentiles: 2%=-1038.4000244140625, 5%=-1017.5999755859375, 10%=-995.0999755859375, 25%=-945.75, 50%=-902.5, 75%=-874.0, 90%=-827.7000122070312, 95%=-814.9000244140625, 98%=-795.9600219726562
ranking_best_algo: CMAL3
ranking_best_score: 928.5800000000002
ranking_my_rank: 28/504 (94.6%)
ranking_my_percent: 94.64285714285714
