ConfigName: krbf__advnormalizedfitness__M1__L8__eps0p015__g0p007__ds0p01__dm0p3
Problem: NK
Kernel: rbf
Advantage: normalizedfitness
M: 1
lambda: 8
epsilon_svgd: 0.015
gamma: 0.007
decay_start_ratio: 0.01
decay_min_factor: 0.3
bandwith_kernel: None
no_interact: False
avg_score: 0.7058918476104736
median_score: 0.7075920701026917
std_score: 0.01603487692773342
percentiles: 2%=0.6639818549156189, 5%=0.6682944297790527, 10%=0.6892081499099731, 25%=0.7013899683952332, 50%=0.7075920701026917, 75%=0.7156929969787598, 90%=0.7217850685119629, 95%=0.7301040291786194, 98%=0.7320676445960999
ranking_best_algo: CMApara
ranking_best_score: 0.707475975
ranking_my_rank: 6/504 (99.0%)
ranking_my_percent: 99.0079365079365
