ConfigName: krbf__advnormalizedfitness__M3__L10__eps0p033__g0p005__ds0p01__dm0p01
Problem: NK
Kernel: rbf
Advantage: normalizedfitness
M: 3
lambda: 10
epsilon_svgd: 0.033
gamma: 0.005
decay_start_ratio: 0.01
decay_min_factor: 0.01
bandwith_kernel: None
no_interact: False
avg_score: 0.7391178011894226
median_score: 0.7397103309631348
std_score: 0.01320509985089302
percentiles: 2%=0.7148514986038208, 5%=0.720280110836029, 10%=0.722131609916687, 25%=0.7302153706550598, 50%=0.7397103309631348, 75%=0.7487744092941284, 90%=0.7542297840118408, 95%=0.7622183561325073, 98%=0.7652118802070618
ranking_best_algo: Tabu
ranking_best_score: 0.7601875690625
ranking_my_rank: 16/504 (97.0%)
ranking_my_percent: 97.02380952380952
