ConfigName: krbf__advnormalizedfitness__M4__L12__eps0p015__g0p01__ds0p01__dm0p01
Problem: NK
Kernel: rbf
Advantage: normalizedfitness
M: 4
lambda: 12
epsilon_svgd: 0.015
gamma: 0.01
decay_start_ratio: 0.01
decay_min_factor: 0.01
bandwith_kernel: None
no_interact: False
avg_score: 0.6742643117904663
median_score: 0.6728346347808838
std_score: 0.021378425881266594
percentiles: 2%=0.639678955078125, 5%=0.6416977643966675, 10%=0.6466534733772278, 25%=0.6584757566452026, 50%=0.6728346347808838, 75%=0.6880723834037781, 90%=0.7037068605422974, 95%=0.7088702917098999, 98%=0.7201571464538574
ranking_best_algo: Tabu
ranking_best_score: 0.7601875690625
ranking_my_rank: 347/504 (31.3%)
ranking_my_percent: 31.349206349206348
