ConfigName: kjsd__advperagentrankweighted__M5__L8__eps0p005__g0p0007__ds0p4__dm0p05
Problem: NK
Kernel: jsd
Advantage: peragentrankweighted
M: 5
lambda: 8
epsilon_svgd: 0.005
gamma: 0.0007
decay_start_ratio: 0.4
decay_min_factor: 0.05
bandwith_kernel: None
no_interact: False
avg_score: 0.7448686361312866
median_score: 0.7444283962249756
std_score: 0.013042456470429897
percentiles: 2%=0.7229666113853455, 5%=0.7259518504142761, 10%=0.7291674613952637, 25%=0.7360767722129822, 50%=0.7444283962249756, 75%=0.7511342763900757, 90%=0.7636069059371948, 95%=0.7688655853271484, 98%=0.7730666399002075
ranking_best_algo: Tabu
ranking_best_score: 0.7601875690625
ranking_my_rank: 5/504 (99.2%)
ranking_my_percent: 99.2063492063492
