ConfigName: kjsd__advperagentrankweighted__M4__L24__eps0p005__g0p0005__ds0p4__dm0p05
Problem: QUBO
Kernel: jsd
Advantage: peragentrankweighted
M: 4
lambda: 24
epsilon_svgd: 0.005
gamma: 0.0005
decay_start_ratio: 0.4
decay_min_factor: 0.05
bandwith_kernel: None
no_interact: False
avg_score: -442.79998779296875
median_score: -443.0
std_score: 25.657747268676758
percentiles: 2%=-494.0799865722656, 5%=-483.20001220703125, 10%=-472.0, 25%=-462.0, 50%=-443.0, 75%=-424.75, 90%=-404.8999938964844, 95%=-400.8500061035156, 98%=-395.9599914550781
ranking_best_algo: CMApara
ranking_best_score: 453.82
ranking_my_rank: 9/504 (98.4%)
ranking_my_percent: 98.41269841269842
