ConfigName: kjsd__advperagentrankweighted__M5__L12__eps0p03__g0p0005__ds0p2__dm0p05
Problem: QUBO
Kernel: jsd
Advantage: peragentrankweighted
M: 5
lambda: 12
epsilon_svgd: 0.03
gamma: 0.0005
decay_start_ratio: 0.2
decay_min_factor: 0.05
bandwith_kernel: None
no_interact: False
avg_score: -310.0
median_score: -312.0
std_score: 37.62977600097656
percentiles: 2%=-400.0, 5%=-382.1000061035156, 10%=-352.20001220703125, 25%=-333.0, 50%=-312.0, 75%=-274.75, 90%=-264.0, 95%=-261.95001220703125, 98%=-258.9800109863281
ranking_best_algo: CMApara
ranking_best_score: 319.29999999999995
ranking_my_rank: 65/504 (87.3%)
ranking_my_percent: 87.3015873015873
