ConfigName: kfr__advglobalrankweighted__M1__L11__eps0p01__g0p005__ds0p01__dm0p01
Problem: QUBO
Kernel: fr
Advantage: globalrankweighted
M: 1
lambda: 11
epsilon_svgd: 0.01
gamma: 0.005
decay_start_ratio: 0.01
decay_min_factor: 0.01
bandwith_kernel: None
no_interact: False
avg_score: -416.2200012207031
median_score: -415.0
std_score: 30.781675338745117
percentiles: 2%=-473.0400085449219, 5%=-469.20001220703125, 10%=-461.0, 25%=-437.25, 50%=-415.0, 75%=-395.75, 90%=-375.79998779296875, 95%=-367.8000183105469, 98%=-357.75994873046875
ranking_best_algo: CMAL3
ranking_best_score: 435.36
ranking_my_rank: 106/504 (79.2%)
ranking_my_percent: 79.16666666666667
