ConfigName: kjsd__advperagentrankweighted__M3__L18__eps0p007__g0p0007__ds0p05__dm0p1
Problem: QUBO
Kernel: jsd
Advantage: peragentrankweighted
M: 3
lambda: 18
epsilon_svgd: 0.007
gamma: 0.0007
decay_start_ratio: 0.05
decay_min_factor: 0.1
bandwith_kernel: None
no_interact: False
avg_score: -441.0400085449219
median_score: -442.5
std_score: 25.03514289855957
percentiles: 2%=-487.0400085449219, 5%=-483.0, 10%=-472.29998779296875, 25%=-460.25, 50%=-442.5, 75%=-423.0, 90%=-407.8999938964844, 95%=-398.79998779296875, 98%=-389.94000244140625
ranking_best_algo: CMApara
ranking_best_score: 453.82
ranking_my_rank: 12/504 (97.8%)
ranking_my_percent: 97.81746031746032
