ConfigName: kjsd__advperagentrankweighted__M3__L16__eps0p01__g0p003__ds0p1__dm0p1
Problem: QUBO
Kernel: jsd
Advantage: peragentrankweighted
M: 3
lambda: 16
epsilon_svgd: 0.01
gamma: 0.003
decay_start_ratio: 0.1
decay_min_factor: 0.1
bandwith_kernel: None
no_interact: False
avg_score: -574.5
median_score: -576.5
std_score: 26.849021911621094
percentiles: 2%=-619.239990234375, 5%=-613.0499877929688, 10%=-609.0999755859375, 25%=-592.25, 50%=-576.5, 75%=-558.5, 90%=-536.9000244140625, 95%=-528.7000122070312, 98%=-519.8599853515625
ranking_best_algo: Tabu
ranking_best_score: 588.7199999999999
ranking_my_rank: 57/503 (88.9%)
ranking_my_percent: 88.86679920477137
