ConfigName: kfr__advglobalrankweighted__M4__L13__eps0p01__g0p007__ds0p01__dm0p01
Problem: NK
Kernel: fr
Advantage: globalrankweighted
M: 4
lambda: 13
epsilon_svgd: 0.01
gamma: 0.007
decay_start_ratio: 0.01
decay_min_factor: 0.01
bandwith_kernel: None
no_interact: False
avg_score: 0.7519776821136475
median_score: 0.7561205625534058
std_score: 0.015436987392604351
percentiles: 2%=0.7217910289764404, 5%=0.7243285179138184, 10%=0.7280011773109436, 25%=0.7424472570419312, 50%=0.7561205625534058, 75%=0.7653960585594177, 90%=0.7707527875900269, 95%=0.7722206711769104, 98%=0.7729071378707886
ranking_best_algo: Tabu
ranking_best_score: 0.7657846284375001
ranking_my_rank: 14/504 (97.4%)
ranking_my_percent: 97.42063492063492
