ConfigName: krbf__advnormalizedfitness__M4__L10__eps0p033__g0p015__ds0p3__dm0p01
Problem: NK
Kernel: rbf
Advantage: normalizedfitness
M: 4
lambda: 10
epsilon_svgd: 0.033
gamma: 0.015
decay_start_ratio: 0.3
decay_min_factor: 0.01
bandwith_kernel: None
no_interact: False
avg_score: 0.7107824087142944
median_score: 0.713275671005249
std_score: 0.020729657262563705
percentiles: 2%=0.6598138213157654, 5%=0.6755029559135437, 10%=0.6848248243331909, 25%=0.6967306733131409, 50%=0.713275671005249, 75%=0.7255300283432007, 90%=0.7344936728477478, 95%=0.737362265586853, 98%=0.7452313899993896
ranking_best_algo: Tabu
ranking_best_score: 0.7601875690625
ranking_my_rank: 253/504 (50.0%)
ranking_my_percent: 50.0
