ConfigName: kjsd__advperagentrankweighted__M4__L8__eps0p02__g0p0005__ds0p2__dm0p05
Problem: NK
Kernel: jsd
Advantage: peragentrankweighted
M: 4
lambda: 8
epsilon_svgd: 0.02
gamma: 0.0005
decay_start_ratio: 0.2
decay_min_factor: 0.05
bandwith_kernel: None
no_interact: False
avg_score: 0.7076653242111206
median_score: 0.707713782787323
std_score: 0.006456275470554829
percentiles: 2%=0.6952409744262695, 5%=0.6975992321968079, 10%=0.6994009017944336, 25%=0.7037085890769958, 50%=0.707713782787323, 75%=0.7112215161323547, 90%=0.7158657908439636, 95%=0.7184101939201355, 98%=0.7228974103927612
ranking_best_algo: PBIL
ranking_best_score: 0.7170882103515624
ranking_my_rank: 57/504 (88.9%)
ranking_my_percent: 88.88888888888889
