ConfigName: kjsd__advperagentrankweighted__M3__L16__eps0p007__g0p0005__ds0p1__dm0p2
Problem: QUBO
Kernel: jsd
Advantage: peragentrankweighted
M: 3
lambda: 16
epsilon_svgd: 0.007
gamma: 0.0005
decay_start_ratio: 0.1
decay_min_factor: 0.2
bandwith_kernel: None
no_interact: False
avg_score: -330.239990234375
median_score: -334.0
std_score: 22.943899154663086
percentiles: 2%=-372.0, 5%=-372.0, 10%=-354.0, 25%=-346.0, 50%=-334.0, 75%=-314.0, 90%=-299.3999938964844, 95%=-290.0, 98%=-278.9800109863281
ranking_best_algo: CMApara
ranking_best_score: 344.22
ranking_my_rank: 79/504 (84.5%)
ranking_my_percent: 84.52380952380952
