ConfigName: kjsd__advperagentrankweighted__M4__L10__eps0p015__g0p0005__ds0p05__dm0p05
Problem: QUBO
Kernel: jsd
Advantage: peragentrankweighted
M: 4
lambda: 10
epsilon_svgd: 0.015
gamma: 0.0005
decay_start_ratio: 0.05
decay_min_factor: 0.05
bandwith_kernel: None
no_interact: False
avg_score: -574.6799926757812
median_score: -576.5
std_score: 27.771522521972656
percentiles: 2%=-633.02001953125, 5%=-617.25, 10%=-606.0999755859375, 25%=-593.25, 50%=-576.5, 75%=-554.0, 90%=-539.9000244140625, 95%=-527.0, 98%=-523.9400024414062
ranking_best_algo: Tabu
ranking_best_score: 588.7199999999999
ranking_my_rank: 57/503 (88.9%)
ranking_my_percent: 88.86679920477137
