ConfigName: kjsd__advperagentrankweighted__M3__L20__eps0p007__g0p0005__ds0p05__dm0p1
Problem: QUBO
Kernel: jsd
Advantage: peragentrankweighted
M: 3
lambda: 20
epsilon_svgd: 0.007
gamma: 0.0005
decay_start_ratio: 0.05
decay_min_factor: 0.1
bandwith_kernel: None
no_interact: False
avg_score: -2644.139892578125
median_score: -2655.0
std_score: 122.57643127441406
percentiles: 2%=-2896.5, 5%=-2815.300048828125, 10%=-2789.60009765625, 25%=-2732.25, 50%=-2655.0, 75%=-2552.25, 90%=-2487.60009765625, 95%=-2425.75, 98%=-2405.919921875
ranking_best_algo: DiscreteLengler2OnePlusOne
ranking_best_score: 2617.04
ranking_my_rank: 1/504 (100.0%)
ranking_my_percent: 100.0
