ConfigName: kfr__advglobalrankweighted__M2__L8__eps0p02__g0p003__ds0p01__dm0p01
Problem: QUBO
Kernel: fr
Advantage: globalrankweighted
M: 2
lambda: 8
epsilon_svgd: 0.02
gamma: 0.003
decay_start_ratio: 0.01
decay_min_factor: 0.01
bandwith_kernel: None
no_interact: False
avg_score: -2564.97998046875
median_score: -2559.0
std_score: 134.80059814453125
percentiles: 2%=-2844.580078125, 5%=-2802.25, 10%=-2756.0, 25%=-2642.5, 50%=-2559.0, 75%=-2468.0, 90%=-2413.800048828125, 95%=-2357.35009765625, 98%=-2307.83984375
ranking_best_algo: DiscreteLengler2OnePlusOne
ranking_best_score: 2617.04
ranking_my_rank: 51/504 (90.1%)
ranking_my_percent: 90.07936507936508
