ConfigName: kjsd__advperagentrankweighted__M3__L16__eps0p007__g0p0007__ds0p2__dm0p05
Problem: QUBO
Kernel: jsd
Advantage: peragentrankweighted
M: 3
lambda: 16
epsilon_svgd: 0.007
gamma: 0.0007
decay_start_ratio: 0.2
decay_min_factor: 0.05
bandwith_kernel: None
no_interact: False
avg_score: -411.6600036621094
median_score: -410.5
std_score: 28.371896743774414
percentiles: 2%=-459.20001220703125, 5%=-455.0, 10%=-450.20001220703125, 25%=-434.0, 50%=-410.5, 75%=-391.5, 90%=-372.0, 95%=-365.8500061035156, 98%=-357.9200134277344
ranking_best_algo: Tabu
ranking_best_score: 438.12
ranking_my_rank: 77/504 (84.9%)
ranking_my_percent: 84.92063492063492
