ConfigName: krbf__advnormalizedfitness__M3__L8__eps0p015__g0p007__ds0p01__dm0p01
Problem: QUBO
Kernel: rbf
Advantage: normalizedfitness
M: 3
lambda: 8
epsilon_svgd: 0.015
gamma: 0.007
decay_start_ratio: 0.01
decay_min_factor: 0.01
bandwith_kernel: None
no_interact: False
avg_score: -578.5599975585938
median_score: -576.5
std_score: 28.845905303955078
percentiles: 2%=-631.0399780273438, 5%=-628.0499877929688, 10%=-621.0, 25%=-603.0, 50%=-576.5, 75%=-555.75, 90%=-543.9000244140625, 95%=-534.9500122070312, 98%=-526.9599609375
ranking_best_algo: Tabu
ranking_best_score: 588.7199999999999
ranking_my_rank: 42/503 (91.8%)
ranking_my_percent: 91.84890656063618
