ConfigName: kjsd__advperagentrankweighted__M5__L24__eps0p005__g0p0005__ds0p3__dm0p05
Problem: QUBO
Kernel: jsd
Advantage: peragentrankweighted
M: 5
lambda: 24
epsilon_svgd: 0.005
gamma: 0.0005
decay_start_ratio: 0.3
decay_min_factor: 0.05
bandwith_kernel: None
no_interact: False
avg_score: -416.8800048828125
median_score: -416.0
std_score: 24.037172317504883
percentiles: 2%=-467.0400085449219, 5%=-455.1000061035156, 10%=-452.1000061035156, 25%=-431.5, 50%=-416.0, 75%=-398.0, 90%=-388.0, 95%=-379.8999938964844, 98%=-371.9599914550781
ranking_best_algo: Tabu
ranking_best_score: 438.12
ranking_my_rank: 41/504 (92.1%)
ranking_my_percent: 92.06349206349206
