ConfigName: kjsd__advperagentrankweighted__M3__L20__eps0p005__g0p001__ds0p05__dm0p05
Problem: QUBO
Kernel: jsd
Advantage: peragentrankweighted
M: 3
lambda: 20
epsilon_svgd: 0.005
gamma: 0.001
decay_start_ratio: 0.05
decay_min_factor: 0.05
bandwith_kernel: None
no_interact: False
avg_score: -201.25999450683594
median_score: -202.0
std_score: 13.071051597595215
percentiles: 2%=-224.0, 5%=-224.0, 10%=-220.10000610351562, 25%=-210.0, 50%=-202.0, 75%=-191.75, 90%=-184.0, 95%=-180.89999389648438, 98%=-176.0
ranking_best_algo: Tabu
ranking_best_score: 208.36000000000004
ranking_my_rank: 41/504 (92.1%)
ranking_my_percent: 92.06349206349206
