ConfigName: kjsd__advperagentrankweighted__M8__L12__eps0p005__g0p0005__ds0p3__dm0p05
Problem: QUBO
Kernel: jsd
Advantage: peragentrankweighted
M: 8
lambda: 12
epsilon_svgd: 0.005
gamma: 0.0005
decay_start_ratio: 0.3
decay_min_factor: 0.05
bandwith_kernel: None
no_interact: False
avg_score: -1197.0400390625
median_score: -1194.5
std_score: 84.23477935791016
percentiles: 2%=-1384.1600341796875, 5%=-1343.5, 10%=-1314.0, 25%=-1257.0, 50%=-1194.5, 75%=-1130.75, 90%=-1082.800048828125, 95%=-1069.0, 98%=-1064.6600341796875
ranking_best_algo: BigLognormalDiscreteOnePlusOne
ranking_best_score: 1301.3600000000004
ranking_my_rank: 91/504 (82.1%)
ranking_my_percent: 82.14285714285714
