ConfigName: kjsd__advperagentrankweighted__M3__L18__eps0p007__g0p0005__ds0p2__dm0p2
Problem: QUBO
Kernel: jsd
Advantage: peragentrankweighted
M: 3
lambda: 18
epsilon_svgd: 0.007
gamma: 0.0005
decay_start_ratio: 0.2
decay_min_factor: 0.2
bandwith_kernel: None
no_interact: False
avg_score: -1241.9200439453125
median_score: -1233.5
std_score: 60.19878387451172
percentiles: 2%=-1372.0, 5%=-1367.050048828125, 10%=-1311.0, 25%=-1286.5, 50%=-1233.5, 75%=-1199.0, 90%=-1166.5, 95%=-1149.0, 98%=-1141.8399658203125
ranking_best_algo: SVMMetaModelLogNormal
ranking_best_score: 1233.7999999999997
ranking_my_rank: 1/504 (100.0%)
ranking_my_percent: 100.0
