ConfigName: kjsd__advperagentrankweighted__M3__L16__eps0p01__g0p0005__ds0p1__dm0p2
Problem: NK
Kernel: jsd
Advantage: peragentrankweighted
M: 3
lambda: 16
epsilon_svgd: 0.01
gamma: 0.0005
decay_start_ratio: 0.1
decay_min_factor: 0.2
bandwith_kernel: None
no_interact: False
avg_score: 0.7511366009712219
median_score: 0.7500219345092773
std_score: 0.012065665796399117
percentiles: 2%=0.7262414693832397, 5%=0.7300907373428345, 10%=0.7365022897720337, 25%=0.744575560092926, 50%=0.7500219345092773, 75%=0.7583364248275757, 90%=0.7662819623947144, 95%=0.7737529873847961, 98%=0.7798267006874084
ranking_best_algo: Tabu
ranking_best_score: 0.7470791764843752
ranking_my_rank: 1/504 (100.0%)
ranking_my_percent: 100.0
