ConfigName: kfr__advglobalrankweighted__M4__L13__eps0p03__g0p001__ds0p01__dm0p01
Problem: NK
Kernel: fr
Advantage: globalrankweighted
M: 4
lambda: 13
epsilon_svgd: 0.03
gamma: 0.001
decay_start_ratio: 0.01
decay_min_factor: 0.01
bandwith_kernel: None
no_interact: False
avg_score: 0.7450723052024841
median_score: 0.7455408573150635
std_score: 0.012663611210882664
percentiles: 2%=0.7240173816680908, 5%=0.7249305248260498, 10%=0.7289630174636841, 25%=0.7356967926025391, 50%=0.7455408573150635, 75%=0.753423273563385, 90%=0.7628397941589355, 95%=0.7681323289871216, 98%=0.7728652954101562
ranking_best_algo: Tabu
ranking_best_score: 0.7470791764843752
ranking_my_rank: 3/504 (99.6%)
ranking_my_percent: 99.60317460317461
