ConfigName: krbf__advnormalizedfitness__M3__L10__eps0p033__g0p015__ds0p3__dm0p3
Problem: NK
Kernel: rbf
Advantage: normalizedfitness
M: 3
lambda: 10
epsilon_svgd: 0.033
gamma: 0.015
decay_start_ratio: 0.3
decay_min_factor: 0.3
bandwith_kernel: None
no_interact: False
avg_score: 0.7206844091415405
median_score: 0.7220596075057983
std_score: 0.011086517944931984
percentiles: 2%=0.7000036239624023, 5%=0.7002946138381958, 10%=0.7055761814117432, 25%=0.7134317755699158, 50%=0.7220596075057983, 75%=0.7288501262664795, 90%=0.7352745532989502, 95%=0.7371979355812073, 98%=0.7396979928016663
ranking_best_algo: PBIL
ranking_best_score: 0.7248786399609374
ranking_my_rank: 5/504 (99.2%)
ranking_my_percent: 99.2063492063492
