ConfigName: krbf__advnormalizedfitness__M4__L8__eps0p033__g0p01__ds0p01__dm0p01
Problem: QUBO
Kernel: rbf
Advantage: normalizedfitness
M: 4
lambda: 8
epsilon_svgd: 0.033
gamma: 0.01
decay_start_ratio: 0.01
decay_min_factor: 0.01
bandwith_kernel: None
no_interact: False
avg_score: -1541.5400390625
median_score: -1529.0
std_score: 75.43533325195312
percentiles: 2%=-1691.02001953125, 5%=-1680.1500244140625, 10%=-1646.699951171875, 25%=-1596.75, 50%=-1529.0, 75%=-1483.0, 90%=-1450.5999755859375, 95%=-1427.0, 98%=-1416.8800048828125
ranking_best_algo: NLOPT_LN_PRAXIS
ranking_best_score: 1607.12
ranking_my_rank: 55/504 (89.3%)
ranking_my_percent: 89.28571428571429
