ConfigName: kjsd__advperagentrankweighted__M5__L10__eps0p01__g0p003__ds0p2__dm0p2
Problem: NK
Kernel: jsd
Advantage: peragentrankweighted
M: 5
lambda: 10
epsilon_svgd: 0.01
gamma: 0.003
decay_start_ratio: 0.2
decay_min_factor: 0.2
bandwith_kernel: None
no_interact: False
avg_score: 0.7064924836158752
median_score: 0.7076528668403625
std_score: 0.01466896291822195
percentiles: 2%=0.678216278553009, 5%=0.683722734451294, 10%=0.6860378980636597, 25%=0.6975862979888916, 50%=0.7076528668403625, 75%=0.7159949541091919, 90%=0.7259761691093445, 95%=0.729591965675354, 98%=0.7370166182518005
ranking_best_algo: PBIL
ranking_best_score: 0.733570253046875
ranking_my_rank: 82/504 (83.9%)
ranking_my_percent: 83.92857142857143
