ConfigName: kfr__advglobalrankweighted__M4__L15__eps0p02__g0p005__ds0p01__dm0p01
Problem: QUBO
Kernel: fr
Advantage: globalrankweighted
M: 4
lambda: 15
epsilon_svgd: 0.02
gamma: 0.005
decay_start_ratio: 0.01
decay_min_factor: 0.01
bandwith_kernel: None
no_interact: False
avg_score: -414.2799987792969
median_score: -414.0
std_score: 27.499847412109375
percentiles: 2%=-475.0400085449219, 5%=-453.6999816894531, 10%=-452.0, 25%=-430.25, 50%=-414.0, 75%=-393.5, 90%=-379.79998779296875, 95%=-369.9000244140625, 98%=-361.8799743652344
ranking_best_algo: Tabu
ranking_best_score: 438.12
ranking_my_rank: 57/504 (88.9%)
ranking_my_percent: 88.88888888888889
