ConfigName: kjsd__advperagentrankweighted__M3__L16__eps0p01__g0p001__ds0p2__dm0p05
Problem: QUBO
Kernel: jsd
Advantage: peragentrankweighted
M: 3
lambda: 16
epsilon_svgd: 0.01
gamma: 0.001
decay_start_ratio: 0.2
decay_min_factor: 0.05
bandwith_kernel: None
no_interact: False
avg_score: -1305.739990234375
median_score: -1298.0
std_score: 55.8328971862793
percentiles: 2%=-1427.280029296875, 5%=-1423.1500244140625, 10%=-1381.300048828125, 25%=-1335.0, 50%=-1298.0, 75%=-1266.75, 90%=-1238.9000244140625, 95%=-1226.800048828125, 98%=-1212.9200439453125
ranking_best_algo: BigLognormalDiscreteOnePlusOne
ranking_best_score: 1301.3600000000004
ranking_my_rank: 1/504 (100.0%)
ranking_my_percent: 100.0
