ConfigName: kjsd__advperagentrankweighted__M4__L12__eps0p005__g0p001__ds0p1__dm0p05
Problem: QUBO
Kernel: jsd
Advantage: peragentrankweighted
M: 4
lambda: 12
epsilon_svgd: 0.005
gamma: 0.001
decay_start_ratio: 0.1
decay_min_factor: 0.05
bandwith_kernel: None
no_interact: False
avg_score: -2574.43994140625
median_score: -2580.5
std_score: 117.49010467529297
percentiles: 2%=-2800.199951171875, 5%=-2749.449951171875, 10%=-2734.199951171875, 25%=-2663.75, 50%=-2580.5, 75%=-2496.75, 90%=-2416.800048828125, 95%=-2386.0, 98%=-2363.760009765625
ranking_best_algo: SVM1MetaModelLogNormal
ranking_best_score: 2605.14
ranking_my_rank: 14/504 (97.4%)
ranking_my_percent: 97.42063492063492
