ConfigName: krbf__advnormalizedfitness__M4__L10__eps0p03__g0p0005__ds0p05__dm0p05
Problem: QUBO
Kernel: rbf
Advantage: normalizedfitness
M: 4
lambda: 10
epsilon_svgd: 0.03
gamma: 0.0005
decay_start_ratio: 0.05
decay_min_factor: 0.05
bandwith_kernel: None
no_interact: False
avg_score: -1079.219970703125
median_score: -1081.5
std_score: 66.51234436035156
percentiles: 2%=-1240.1400146484375, 5%=-1198.8499755859375, 10%=-1160.699951171875, 25%=-1113.25, 50%=-1081.5, 75%=-1029.0, 90%=-1001.4000244140625, 95%=-980.8499755859375, 98%=-960.760009765625
ranking_best_algo: Tabu
ranking_best_score: 1216.16
ranking_my_rank: 224/504 (55.8%)
ranking_my_percent: 55.75396825396825
