ConfigName: krbf__advnormalizedfitness__M2__L10__eps0p015__g0p005__ds0p3__dm0p3
Problem: QUBO
Kernel: rbf
Advantage: normalizedfitness
M: 2
lambda: 10
epsilon_svgd: 0.015
gamma: 0.005
decay_start_ratio: 0.3
decay_min_factor: 0.3
bandwith_kernel: None
no_interact: False
avg_score: -580.5800170898438
median_score: -582.0
std_score: 27.850019454956055
percentiles: 2%=-639.0800170898438, 5%=-625.2000122070312, 10%=-611.5999755859375, 25%=-598.25, 50%=-582.0, 75%=-559.75, 90%=-545.0, 95%=-537.8499755859375, 98%=-522.9600219726562
ranking_best_algo: Tabu
ranking_best_score: 588.7199999999999
ranking_my_rank: 37/503 (92.8%)
ranking_my_percent: 92.84294234592446
