ConfigName: krbf__advnormalizedfitness__M1__L8__eps0p015__g0p01__ds0p3__dm0p3
Problem: QUBO
Kernel: rbf
Advantage: normalizedfitness
M: 1
lambda: 8
epsilon_svgd: 0.015
gamma: 0.01
decay_start_ratio: 0.3
decay_min_factor: 0.3
bandwith_kernel: None
no_interact: False
avg_score: -2561.719970703125
median_score: -2561.0
std_score: 136.78785705566406
percentiles: 2%=-2816.580078125, 5%=-2811.10009765625, 10%=-2762.699951171875, 25%=-2625.0, 50%=-2561.0, 75%=-2485.25, 90%=-2383.199951171875, 95%=-2359.5, 98%=-2259.97998046875
ranking_best_algo: SVM1MetaModelLogNormal
ranking_best_score: 2605.14
ranking_my_rank: 39/504 (92.5%)
ranking_my_percent: 92.46031746031746
