ConfigName: kjsd__advperagentrankweighted__M3__L18__eps0p01__g0p001__ds0p2__dm0p05
Problem: QUBO
Kernel: jsd
Advantage: peragentrankweighted
M: 3
lambda: 18
epsilon_svgd: 0.01
gamma: 0.001
decay_start_ratio: 0.2
decay_min_factor: 0.05
bandwith_kernel: None
no_interact: False
avg_score: -936.5399780273438
median_score: -934.0
std_score: 67.90823364257812
percentiles: 2%=-1076.0400390625, 5%=-1049.5, 10%=-1037.5, 25%=-972.5, 50%=-934.0, 75%=-888.75, 90%=-850.7999877929688, 95%=-824.6500244140625, 98%=-809.8599853515625
ranking_best_algo: CMApara
ranking_best_score: 964.9
ranking_my_rank: 10/504 (98.2%)
ranking_my_percent: 98.21428571428571
