ConfigName: krbf__advnormalizedfitness__M2__L6__eps0p01__g0p015__ds0p01__dm0p01
Problem: QUBO
Kernel: rbf
Advantage: normalizedfitness
M: 2
lambda: 6
epsilon_svgd: 0.01
gamma: 0.015
decay_start_ratio: 0.01
decay_min_factor: 0.01
bandwith_kernel: None
no_interact: False
avg_score: -308.0799865722656
median_score: -308.0
std_score: 39.52510070800781
percentiles: 2%=-390.0, 5%=-388.1000061035156, 10%=-355.5999755859375, 25%=-335.0, 50%=-308.0, 75%=-271.75, 90%=-261.79998779296875, 95%=-256.8500061035156, 98%=-246.95999145507812
ranking_best_algo: CMApara
ranking_best_score: 319.29999999999995
ranking_my_rank: 91/504 (82.1%)
ranking_my_percent: 82.14285714285714
