ConfigName: kjsd__advperagentrankweighted__M5__L10__eps0p005__g0p0005__ds0p2__dm0p2
Problem: QUBO
Kernel: jsd
Advantage: peragentrankweighted
M: 5
lambda: 10
epsilon_svgd: 0.005
gamma: 0.0005
decay_start_ratio: 0.2
decay_min_factor: 0.2
bandwith_kernel: None
no_interact: False
avg_score: -313.739990234375
median_score: -320.0
std_score: 38.20068359375
percentiles: 2%=-396.0400085449219, 5%=-384.20001220703125, 10%=-359.6000061035156, 25%=-340.0, 50%=-320.0, 75%=-278.25, 90%=-267.8999938964844, 95%=-265.8999938964844, 98%=-263.8599853515625
ranking_best_algo: CMApara
ranking_best_score: 319.29999999999995
ranking_my_rank: 27/504 (94.8%)
ranking_my_percent: 94.84126984126983
