ConfigName: kjsd__advperagentrankweighted__M5__L8__eps0p005__g0p0003__ds0p2__dm0p05
Problem: NK
Kernel: jsd
Advantage: peragentrankweighted
M: 5
lambda: 8
epsilon_svgd: 0.005
gamma: 0.0003
decay_start_ratio: 0.2
decay_min_factor: 0.05
bandwith_kernel: None
no_interact: False
avg_score: 0.7540203332901001
median_score: 0.7530996799468994
std_score: 0.01075531542301178
percentiles: 2%=0.7315211296081543, 5%=0.7347199320793152, 10%=0.7400636076927185, 25%=0.747787356376648, 50%=0.7530996799468994, 75%=0.7599125504493713, 90%=0.7679893970489502, 95%=0.7732812166213989, 98%=0.7768553495407104
ranking_best_algo: Tabu
ranking_best_score: 0.7470791764843752
ranking_my_rank: 1/504 (100.0%)
ranking_my_percent: 100.0
