ConfigName: kjsd__advperagentrankweighted__M5__L10__eps0p02__g0p0007__ds0p05__dm0p05
Problem: NK
Kernel: jsd
Advantage: peragentrankweighted
M: 5
lambda: 10
epsilon_svgd: 0.02
gamma: 0.0007
decay_start_ratio: 0.05
decay_min_factor: 0.05
bandwith_kernel: None
no_interact: False
avg_score: 0.738203763961792
median_score: 0.7380921840667725
std_score: 0.008488846011459827
percentiles: 2%=0.7221823930740356, 5%=0.7248562574386597, 10%=0.727229654788971, 25%=0.7321860194206238, 50%=0.7380921840667725, 75%=0.7442824244499207, 90%=0.7485044598579407, 95%=0.7527767419815063, 98%=0.753760814666748
ranking_best_algo: PBIL
ranking_best_score: 0.733570253046875
ranking_my_rank: 1/504 (100.0%)
ranking_my_percent: 100.0
