ConfigName: kjsd__advperagentrankweighted__M4__L20__eps0p005__g0p0005__ds0p05__dm0p1
Problem: QUBO
Kernel: jsd
Advantage: peragentrankweighted
M: 4
lambda: 20
epsilon_svgd: 0.005
gamma: 0.0005
decay_start_ratio: 0.05
decay_min_factor: 0.1
bandwith_kernel: None
no_interact: False
avg_score: -1302.97998046875
median_score: -1303.0
std_score: 53.241519927978516
percentiles: 2%=-1416.1199951171875, 5%=-1396.25, 10%=-1369.4000244140625, 25%=-1337.0, 50%=-1303.0, 75%=-1264.5, 90%=-1229.9000244140625, 95%=-1226.9000244140625, 98%=-1214.9599609375
ranking_best_algo: BigLognormalDiscreteOnePlusOne
ranking_best_score: 1301.3600000000004
ranking_my_rank: 1/504 (100.0%)
ranking_my_percent: 100.0
