ConfigName: kjsd__advperagentrankweighted__M5__L10__eps0p02__g0p0007__ds0p05__dm0p05
Problem: NK
Kernel: jsd
Advantage: peragentrankweighted
M: 5
lambda: 10
epsilon_svgd: 0.02
gamma: 0.0007
decay_start_ratio: 0.05
decay_min_factor: 0.05
bandwith_kernel: None
no_interact: False
avg_score: 0.7413890361785889
median_score: 0.7389274835586548
std_score: 0.027789529412984848
percentiles: 2%=0.7002846002578735, 5%=0.7049235701560974, 10%=0.7120323181152344, 25%=0.7192866206169128, 50%=0.7389274835586548, 75%=0.7509545683860779, 90%=0.7768632769584656, 95%=0.8044298887252808, 98%=0.8045783638954163
ranking_best_algo: CMApara
ranking_best_score: 0.7459277895312499
ranking_my_rank: 26/504 (95.0%)
ranking_my_percent: 95.03968253968254
