ConfigName: krbf__advnormalizedfitness__M4__L15__eps0p015__g0p007__ds0p15__dm0p01
Problem: QUBO
Kernel: rbf
Advantage: normalizedfitness
M: 4
lambda: 15
epsilon_svgd: 0.015
gamma: 0.007
decay_start_ratio: 0.15
decay_min_factor: 0.01
bandwith_kernel: None
no_interact: False
avg_score: -1106.3399658203125
median_score: -1090.5
std_score: 143.33969116210938
percentiles: 2%=-1391.1400146484375, 5%=-1358.550048828125, 10%=-1300.300048828125, 25%=-1227.25, 50%=-1090.5, 75%=-998.5, 90%=-913.5, 95%=-883.0, 98%=-866.4798583984375
ranking_best_algo: NLOPT_LN_PRAXIS
ranking_best_score: 1607.12
ranking_my_rank: 286/504 (43.5%)
ranking_my_percent: 43.45238095238095
