ConfigName: krbf__advnormalizedfitness__M4__L8__eps0p015__g0p005__ds0p01__dm0p01
Problem: NK
Kernel: rbf
Advantage: normalizedfitness
M: 4
lambda: 8
epsilon_svgd: 0.015
gamma: 0.005
decay_start_ratio: 0.01
decay_min_factor: 0.01
bandwith_kernel: None
no_interact: False
avg_score: 0.7375509142875671
median_score: 0.7388558983802795
std_score: 0.008481276221573353
percentiles: 2%=0.7198575139045715, 5%=0.7215553522109985, 10%=0.7244419455528259, 25%=0.7330793142318726, 50%=0.7388558983802795, 75%=0.7432418465614319, 90%=0.7468807101249695, 95%=0.750465452671051, 98%=0.7510883808135986
ranking_best_algo: PBIL
ranking_best_score: 0.730509098125
ranking_my_rank: 1/504 (100.0%)
ranking_my_percent: 100.0
