ConfigName: kjsd__advperagentrankweighted__M4__L24__eps0p01__g0p0003__ds0p05__dm0p05
Problem: QUBO
Kernel: jsd
Advantage: peragentrankweighted
M: 4
lambda: 24
epsilon_svgd: 0.01
gamma: 0.0003
decay_start_ratio: 0.05
decay_min_factor: 0.05
bandwith_kernel: None
no_interact: False
avg_score: -327.6400146484375
median_score: -328.0
std_score: 21.342689514160156
percentiles: 2%=-372.0, 5%=-360.04998779296875, 10%=-350.0, 25%=-342.25, 50%=-328.0, 75%=-315.5, 90%=-297.79998779296875, 95%=-290.0, 98%=-283.9599914550781
ranking_best_algo: CMApara
ranking_best_score: 344.22
ranking_my_rank: 86/504 (83.1%)
ranking_my_percent: 83.13492063492063
