ConfigName: krbf__advnormalizedfitness__M1__L8__eps0p015__g0p007__ds0p15__dm0p01
Problem: NK
Kernel: rbf
Advantage: normalizedfitness
M: 1
lambda: 8
epsilon_svgd: 0.015
gamma: 0.007
decay_start_ratio: 0.15
decay_min_factor: 0.01
bandwith_kernel: None
no_interact: False
avg_score: 0.7274289727210999
median_score: 0.7277830243110657
std_score: 0.010383049957454205
percentiles: 2%=0.7097294330596924, 5%=0.7126842141151428, 10%=0.714972734451294, 25%=0.7192818522453308, 50%=0.7277830243110657, 75%=0.7357540130615234, 90%=0.7404210567474365, 95%=0.7428538203239441, 98%=0.7482531666755676
ranking_best_algo: PBIL
ranking_best_score: 0.730509098125
ranking_my_rank: 8/504 (98.6%)
ranking_my_percent: 98.61111111111111
