ConfigName: krbf__advnormalizedfitness__M3__L15__eps0p015__g0p007__ds0p3__dm0p01
Problem: QUBO
Kernel: rbf
Advantage: normalizedfitness
M: 3
lambda: 15
epsilon_svgd: 0.015
gamma: 0.007
decay_start_ratio: 0.3
decay_min_factor: 0.01
bandwith_kernel: None
no_interact: False
avg_score: -416.9800109863281
median_score: -419.0
std_score: 22.19548797607422
percentiles: 2%=-461.0400085449219, 5%=-452.25, 10%=-447.0, 25%=-430.5, 50%=-419.0, 75%=-404.0, 90%=-387.79998779296875, 95%=-375.9000244140625, 98%=-369.9599914550781
ranking_best_algo: Tabu
ranking_best_score: 438.12
ranking_my_rank: 41/504 (92.1%)
ranking_my_percent: 92.06349206349206
