ConfigName: kjsd__advperagentrankweighted__M3__L20__eps0p01__g0p0005__ds0p1__dm0p1
Problem: NK
Kernel: jsd
Advantage: peragentrankweighted
M: 3
lambda: 20
epsilon_svgd: 0.01
gamma: 0.0005
decay_start_ratio: 0.1
decay_min_factor: 0.1
bandwith_kernel: None
no_interact: False
avg_score: 0.7325224876403809
median_score: 0.7333966493606567
std_score: 0.008520614355802536
percentiles: 2%=0.7172009348869324, 5%=0.7175877094268799, 10%=0.7193960547447205, 25%=0.7264361381530762, 50%=0.7333966493606567, 75%=0.7387431859970093, 90%=0.7430717945098877, 95%=0.7444489598274231, 98%=0.7467479705810547
ranking_best_algo: PBIL
ranking_best_score: 0.7248786399609374
ranking_my_rank: 1/504 (100.0%)
ranking_my_percent: 100.0
