ConfigName: kjsd__advperagentrankweighted__M3__L20__eps0p007__g0p0007__ds0p2__dm0p2
Problem: QUBO
Kernel: jsd
Advantage: peragentrankweighted
M: 3
lambda: 20
epsilon_svgd: 0.007
gamma: 0.0007
decay_start_ratio: 0.2
decay_min_factor: 0.2
bandwith_kernel: None
no_interact: False
avg_score: -2577.4599609375
median_score: -2579.5
std_score: 117.76123046875
percentiles: 2%=-2810.219970703125, 5%=-2770.050048828125, 10%=-2728.800048828125, 25%=-2660.25, 50%=-2579.5, 75%=-2497.75, 90%=-2433.800048828125, 95%=-2378.449951171875, 98%=-2347.43994140625
ranking_best_algo: SVM1MetaModelLogNormal
ranking_best_score: 2605.14
ranking_my_rank: 14/504 (97.4%)
ranking_my_percent: 97.42063492063492
