ConfigName: kjsd__advperagentrankweighted__M4__L10__eps0p02__g0p0003__ds0p2__dm0p05
Problem: NK
Kernel: jsd
Advantage: peragentrankweighted
M: 4
lambda: 10
epsilon_svgd: 0.02
gamma: 0.0003
decay_start_ratio: 0.2
decay_min_factor: 0.05
bandwith_kernel: None
no_interact: False
avg_score: 0.7224423885345459
median_score: 0.7229870557785034
std_score: 0.0086778299883008
percentiles: 2%=0.7054084539413452, 5%=0.7080417275428772, 10%=0.7104228138923645, 25%=0.7166844606399536, 50%=0.7229870557785034, 75%=0.7294217348098755, 90%=0.733112096786499, 95%=0.7366241812705994, 98%=0.7386717796325684
ranking_best_algo: PBIL
ranking_best_score: 0.7248786399609374
ranking_my_rank: 2/504 (99.8%)
ranking_my_percent: 99.8015873015873
