ConfigName: kjsd__advperagentrankweighted__M3__L18__eps0p01__g0p0007__ds0p05__dm0p2
Problem: NK
Kernel: jsd
Advantage: peragentrankweighted
M: 3
lambda: 18
epsilon_svgd: 0.01
gamma: 0.0007
decay_start_ratio: 0.05
decay_min_factor: 0.2
bandwith_kernel: None
no_interact: False
avg_score: 0.7214203476905823
median_score: 0.7208705544471741
std_score: 0.007602542173117399
percentiles: 2%=0.7071536183357239, 5%=0.7101092338562012, 10%=0.7125256061553955, 25%=0.7161173224449158, 50%=0.7208705544471741, 75%=0.7254326343536377, 90%=0.7320507764816284, 95%=0.7350055575370789, 98%=0.7386199831962585
ranking_best_algo: PBIL
ranking_best_score: 0.7170882103515624
ranking_my_rank: 1/504 (100.0%)
ranking_my_percent: 100.0
