ConfigName: kjsd__advperagentrankweighted__M4__L10__eps0p005__g0p0007__ds0p2__dm0p05
Problem: QUBO
Kernel: jsd
Advantage: peragentrankweighted
M: 4
lambda: 10
epsilon_svgd: 0.005
gamma: 0.0007
decay_start_ratio: 0.2
decay_min_factor: 0.05
bandwith_kernel: None
no_interact: False
avg_score: -913.8200073242188
median_score: -896.5
std_score: 64.46385192871094
percentiles: 2%=-1044.0400390625, 5%=-1037.0, 10%=-1015.2000122070312, 25%=-963.25, 50%=-896.5, 75%=-868.25, 90%=-842.7999877929688, 95%=-830.75, 98%=-808.5599975585938
ranking_best_algo: CMAL3
ranking_best_score: 928.5800000000002
ranking_my_rank: 18/504 (96.6%)
ranking_my_percent: 96.62698412698413
