ConfigName: kjsd__advperagentrankweighted__M4__L10__eps0p03__g0p0005__ds0p05__dm0p05
Problem: QUBO
Kernel: jsd
Advantage: peragentrankweighted
M: 4
lambda: 10
epsilon_svgd: 0.03
gamma: 0.0005
decay_start_ratio: 0.05
decay_min_factor: 0.05
bandwith_kernel: None
no_interact: False
avg_score: -195.0800018310547
median_score: -196.5
std_score: 13.402745246887207
percentiles: 2%=-222.0399932861328, 5%=-218.1999969482422, 10%=-209.10000610351562, 25%=-205.0, 50%=-196.5, 75%=-185.0, 90%=-178.8000030517578, 95%=-173.0, 98%=-169.97999572753906
ranking_best_algo: Tabu
ranking_best_score: 208.36000000000004
ranking_my_rank: 215/504 (57.5%)
ranking_my_percent: 57.53968253968254
