ConfigName: kfr__advglobalrankweighted__M2__L11__eps0p01__g0p005__ds0p01__dm0p01
Problem: QUBO
Kernel: fr
Advantage: globalrankweighted
M: 2
lambda: 11
epsilon_svgd: 0.01
gamma: 0.005
decay_start_ratio: 0.01
decay_min_factor: 0.01
bandwith_kernel: None
no_interact: False
avg_score: -1297.5
median_score: -1298.0
std_score: 61.1778564453125
percentiles: 2%=-1424.0999755859375, 5%=-1407.0, 10%=-1376.5, 25%=-1334.5, 50%=-1298.0, 75%=-1258.75, 90%=-1228.800048828125, 95%=-1210.9000244140625, 98%=-1158.719970703125
ranking_best_algo: BigLognormalDiscreteOnePlusOne
ranking_best_score: 1301.3600000000004
ranking_my_rank: 2/504 (99.8%)
ranking_my_percent: 99.8015873015873
