ConfigName: kfr__advglobalrankweighted__M4__L15__eps0p015__g0p005__ds0p01__dm0p01
Problem: QUBO
Kernel: fr
Advantage: globalrankweighted
M: 4
lambda: 15
epsilon_svgd: 0.015
gamma: 0.005
decay_start_ratio: 0.01
decay_min_factor: 0.01
bandwith_kernel: None
no_interact: False
avg_score: -2358.320068359375
median_score: -2340.5
std_score: 150.28086853027344
percentiles: 2%=-2626.1201171875, 5%=-2596.89990234375, 10%=-2576.39990234375, 25%=-2464.5, 50%=-2340.5, 75%=-2261.25, 90%=-2177.60009765625, 95%=-2127.80029296875, 98%=-2012.419921875
ranking_best_algo: SVM1MetaModelLogNormal
ranking_best_score: 2605.14
ranking_my_rank: 136/504 (73.2%)
ranking_my_percent: 73.21428571428571
