ConfigName: kjsd__advperagentrankweighted__M5__L10__eps0p005__g0p0005__ds0p05__dm0p2
Problem: NK
Kernel: jsd
Advantage: peragentrankweighted
M: 5
lambda: 10
epsilon_svgd: 0.005
gamma: 0.0005
decay_start_ratio: 0.05
decay_min_factor: 0.2
bandwith_kernel: None
no_interact: False
avg_score: 0.7569635510444641
median_score: 0.7559201121330261
std_score: 0.013128629885613918
percentiles: 2%=0.7366567254066467, 5%=0.7387162446975708, 10%=0.739852786064148, 25%=0.7473299503326416, 50%=0.7559201121330261, 75%=0.7659734487533569, 90%=0.7763030529022217, 95%=0.7788706421852112, 98%=0.783225417137146
ranking_best_algo: Tabu
ranking_best_score: 0.7470791764843752
ranking_my_rank: 1/504 (100.0%)
ranking_my_percent: 100.0
