ConfigName: krbf__advnormalizedfitness__M4__L10__eps0p033__g0p007__ds0p3__dm0p3
Problem: QUBO
Kernel: rbf
Advantage: normalizedfitness
M: 4
lambda: 10
epsilon_svgd: 0.033
gamma: 0.007
decay_start_ratio: 0.3
decay_min_factor: 0.3
bandwith_kernel: None
no_interact: False
avg_score: -570.5399780273438
median_score: -566.5
std_score: 30.41427993774414
percentiles: 2%=-627.1199951171875, 5%=-619.0, 10%=-609.4000244140625, 25%=-599.0, 50%=-566.5, 75%=-547.5, 90%=-533.9000244140625, 95%=-519.9000244140625, 98%=-515.97998046875
ranking_best_algo: Tabu
ranking_best_score: 588.7199999999999
ranking_my_rank: 68/503 (86.7%)
ranking_my_percent: 86.67992047713717
