ConfigName: krbf__advnormalizedfitness__M4__L12__eps0p025__g0p01__ds0p15__dm0p3
Problem: NK
Kernel: rbf
Advantage: normalizedfitness
M: 4
lambda: 12
epsilon_svgd: 0.025
gamma: 0.01
decay_start_ratio: 0.15
decay_min_factor: 0.3
bandwith_kernel: None
no_interact: False
avg_score: 0.7062571048736572
median_score: 0.7080778479576111
std_score: 0.015703996643424034
percentiles: 2%=0.6634816527366638, 5%=0.6670869588851929, 10%=0.6926454901695251, 25%=0.7025333642959595, 50%=0.7080778479576111, 75%=0.7152747511863708, 90%=0.7248222827911377, 95%=0.7265706658363342, 98%=0.728115975856781
ranking_best_algo: CMApara
ranking_best_score: 0.707475975
ranking_my_rank: 2/504 (99.8%)
ranking_my_percent: 99.8015873015873
