ConfigName: kjsd__advperagentrankweighted__M5__L28__eps0p005__g0p0005__ds0p05__dm0p05
Problem: QUBO
Kernel: jsd
Advantage: peragentrankweighted
M: 5
lambda: 28
epsilon_svgd: 0.005
gamma: 0.0005
decay_start_ratio: 0.05
decay_min_factor: 0.05
bandwith_kernel: None
no_interact: False
avg_score: -149.5
median_score: -149.0
std_score: 11.290261268615723
percentiles: 2%=-179.0, 5%=-179.0, 10%=-158.1999969482422, 25%=-155.0, 50%=-149.0, 75%=-141.0, 90%=-135.89999389648438, 95%=-135.0, 98%=-130.9199981689453
ranking_best_algo: CMApara
ranking_best_score: 154.28
ranking_my_rank: 77/504 (84.9%)
ranking_my_percent: 84.92063492063492
