ConfigName: krbf__advnormalizedfitness__M3__L12__eps0p015__g0p005__ds0p15__dm0p3
Problem: QUBO
Kernel: rbf
Advantage: normalizedfitness
M: 3
lambda: 12
epsilon_svgd: 0.015
gamma: 0.005
decay_start_ratio: 0.15
decay_min_factor: 0.3
bandwith_kernel: None
no_interact: False
avg_score: -920.4600219726562
median_score: -918.0
std_score: 75.14604949951172
percentiles: 2%=-1074.0, 5%=-1030.199951171875, 10%=-1020.2000122070312, 25%=-967.5, 50%=-918.0, 75%=-867.75, 90%=-811.0, 95%=-792.9000244140625, 98%=-786.4798583984375
ranking_best_algo: CMApara
ranking_best_score: 964.9
ranking_my_rank: 59/504 (88.5%)
ranking_my_percent: 88.4920634920635
