ConfigName: kjsd__advperagentrankweighted__M5__L8__eps0p03__g0p0003__ds0p05__dm0p05
Problem: QUBO
Kernel: jsd
Advantage: peragentrankweighted
M: 5
lambda: 8
epsilon_svgd: 0.03
gamma: 0.0003
decay_start_ratio: 0.05
decay_min_factor: 0.05
bandwith_kernel: None
no_interact: False
avg_score: -299.44000244140625
median_score: -301.0
std_score: 38.057411193847656
percentiles: 2%=-388.0, 5%=-380.0, 10%=-346.20001220703125, 25%=-322.5, 50%=-301.0, 75%=-267.0, 90%=-256.79998779296875, 95%=-247.89999389648438, 98%=-240.89999389648438
ranking_best_algo: CMApara
ranking_best_score: 319.29999999999995
ranking_my_rank: 234/504 (53.8%)
ranking_my_percent: 53.76984126984127
