ConfigName: krbf__advnormalizedfitness__M3__L8__eps0p015__g0p015__ds0p3__dm0p01
Problem: QUBO
Kernel: rbf
Advantage: normalizedfitness
M: 3
lambda: 8
epsilon_svgd: 0.015
gamma: 0.015
decay_start_ratio: 0.3
decay_min_factor: 0.01
bandwith_kernel: None
no_interact: False
avg_score: -412.67999267578125
median_score: -411.0
std_score: 24.452762603759766
percentiles: 2%=-455.2799987792969, 5%=-452.0, 10%=-445.1000061035156, 25%=-430.0, 50%=-411.0, 75%=-397.5, 90%=-381.79998779296875, 95%=-373.8000183105469, 98%=-362.94000244140625
ranking_best_algo: Tabu
ranking_best_score: 438.12
ranking_my_rank: 66/504 (87.1%)
ranking_my_percent: 87.10317460317461
