ConfigName: kjsd__advperagentrankweighted__M3__L16__eps0p01__g0p001__ds0p2__dm0p1
Problem: NK
Kernel: jsd
Advantage: peragentrankweighted
M: 3
lambda: 16
epsilon_svgd: 0.01
gamma: 0.001
decay_start_ratio: 0.2
decay_min_factor: 0.1
bandwith_kernel: None
no_interact: False
avg_score: 0.738675594329834
median_score: 0.7408314943313599
std_score: 0.015603679232299328
percentiles: 2%=0.7098586559295654, 5%=0.7129789590835571, 10%=0.7171683311462402, 25%=0.7266165018081665, 50%=0.7408314943313599, 75%=0.7491518259048462, 90%=0.7580297589302063, 95%=0.7631977796554565, 98%=0.7692415118217468
ranking_best_algo: Tabu
ranking_best_score: 0.7601875690625
ranking_my_rank: 19/504 (96.4%)
ranking_my_percent: 96.42857142857143
