ConfigName: kjsd__advperagentrankweighted__M4__L10__eps0p01__g0p0005__ds0p4__dm0p05
Problem: NK
Kernel: jsd
Advantage: peragentrankweighted
M: 4
lambda: 10
epsilon_svgd: 0.01
gamma: 0.0005
decay_start_ratio: 0.4
decay_min_factor: 0.05
bandwith_kernel: None
no_interact: False
avg_score: 0.7404788136482239
median_score: 0.7400454878807068
std_score: 0.009482646360993385
percentiles: 2%=0.7261126637458801, 5%=0.7277443408966064, 10%=0.7291268110275269, 25%=0.7342678904533386, 50%=0.7400454878807068, 75%=0.7458149790763855, 90%=0.7500795722007751, 95%=0.7552464604377747, 98%=0.7696577906608582
ranking_best_algo: PBIL
ranking_best_score: 0.733570253046875
ranking_my_rank: 1/504 (100.0%)
ranking_my_percent: 100.0
