ConfigName: kjsd__advperagentrankweighted__M5__L8__eps0p005__g0p0007__ds0p4__dm0p05
Problem: QUBO
Kernel: jsd
Advantage: peragentrankweighted
M: 5
lambda: 8
epsilon_svgd: 0.005
gamma: 0.0007
decay_start_ratio: 0.4
decay_min_factor: 0.05
bandwith_kernel: None
no_interact: False
avg_score: -917.7000122070312
median_score: -919.0
std_score: 61.10032653808594
percentiles: 2%=-1036.1800537109375, 5%=-1014.0999755859375, 10%=-994.5999755859375, 25%=-966.0, 50%=-919.0, 75%=-875.0, 90%=-830.9000244140625, 95%=-814.7999877929688, 98%=-805.9400024414062
ranking_best_algo: CMAL3
ranking_best_score: 928.5800000000002
ranking_my_rank: 13/504 (97.6%)
ranking_my_percent: 97.61904761904762
