ConfigName: krbf__advnormalizedfitness__M3__L8__eps0p025__g0p01__ds0p15__dm0p01
Problem: NK
Kernel: rbf
Advantage: normalizedfitness
M: 3
lambda: 8
epsilon_svgd: 0.025
gamma: 0.01
decay_start_ratio: 0.15
decay_min_factor: 0.01
bandwith_kernel: None
no_interact: False
avg_score: 0.7443488240242004
median_score: 0.7454830408096313
std_score: 0.010479708202183247
percentiles: 2%=0.719534695148468, 5%=0.7237235307693481, 10%=0.7303109765052795, 25%=0.737991213798523, 50%=0.7454830408096313, 75%=0.7510849833488464, 90%=0.7564747929573059, 95%=0.7590935230255127, 98%=0.7648851275444031
ranking_best_algo: PBIL
ranking_best_score: 0.733570253046875
ranking_my_rank: 1/504 (100.0%)
ranking_my_percent: 100.0
