ConfigName: krbf__advnormalizedfitness__M4__L10__eps0p033__g0p01__ds0p15__dm0p3
Problem: QUBO
Kernel: rbf
Advantage: normalizedfitness
M: 4
lambda: 10
epsilon_svgd: 0.033
gamma: 0.01
decay_start_ratio: 0.15
decay_min_factor: 0.3
bandwith_kernel: None
no_interact: False
avg_score: -417.739990234375
median_score: -420.0
std_score: 29.438282012939453
percentiles: 2%=-477.0400085449219, 5%=-473.1000061035156, 10%=-455.20001220703125, 25%=-434.0, 50%=-420.0, 75%=-395.75, 90%=-379.0, 95%=-372.60003662109375, 98%=-357.97998046875
ranking_best_algo: CMAL3
ranking_best_score: 435.36
ranking_my_rank: 99/504 (80.6%)
ranking_my_percent: 80.55555555555556
