ConfigName: kjsd__advperagentrankweighted__M6__L8__eps0p02__g0p0003__ds0p05__dm0p05
Problem: QUBO
Kernel: jsd
Advantage: peragentrankweighted
M: 6
lambda: 8
epsilon_svgd: 0.02
gamma: 0.0003
decay_start_ratio: 0.05
decay_min_factor: 0.05
bandwith_kernel: None
no_interact: False
avg_score: -306.4800109863281
median_score: -309.0
std_score: 38.03432083129883
percentiles: 2%=-388.0400085449219, 5%=-380.1000061035156, 10%=-352.6000061035156, 25%=-332.0, 50%=-309.0, 75%=-271.0, 90%=-263.79998779296875, 95%=-256.95001220703125, 98%=-252.94000244140625
ranking_best_algo: CMApara
ranking_best_score: 319.29999999999995
ranking_my_rank: 113/504 (77.8%)
ranking_my_percent: 77.77777777777777
