ConfigName: kfr__advglobalrankweighted__M4__L24__eps0p06__g0p005__ds0p01__dm0p01
Problem: QUBO
Kernel: fr
Advantage: globalrankweighted
M: 4
lambda: 24
epsilon_svgd: 0.06
gamma: 0.005
decay_start_ratio: 0.01
decay_min_factor: 0.01
bandwith_kernel: None
no_interact: False
avg_score: -149.83999633789062
median_score: -149.0
std_score: 13.182351112365723
percentiles: 2%=-179.0, 5%=-179.0, 10%=-164.3000030517578, 25%=-156.25, 50%=-149.0, 75%=-141.0, 90%=-137.8000030517578, 95%=-133.0, 98%=-123.81999969482422
ranking_best_algo: CMApara
ranking_best_score: 154.28
ranking_my_rank: 76/504 (85.1%)
ranking_my_percent: 85.11904761904762
