ConfigName: kjsd__advperagentrankweighted__M3__L16__eps0p01__g0p0007__ds0p2__dm0p2
Problem: NK
Kernel: jsd
Advantage: peragentrankweighted
M: 3
lambda: 16
epsilon_svgd: 0.01
gamma: 0.0007
decay_start_ratio: 0.2
decay_min_factor: 0.2
bandwith_kernel: None
no_interact: False
avg_score: 0.7066622376441956
median_score: 0.7094999551773071
std_score: 0.011664011515676975
percentiles: 2%=0.6871269345283508, 5%=0.6893395185470581, 10%=0.6905087828636169, 25%=0.6957657337188721, 50%=0.7094999551773071, 75%=0.7163873314857483, 90%=0.720386803150177, 95%=0.7222884297370911, 98%=0.7236098051071167
ranking_best_algo: PBIL
ranking_best_score: 0.7013553837109374
ranking_my_rank: 1/504 (100.0%)
ranking_my_percent: 100.0
