ConfigName: krbf__advnormalizedfitness__M4__L12__eps0p033__g0p01__ds0p15__dm0p3
Problem: QUBO
Kernel: rbf
Advantage: normalizedfitness
M: 4
lambda: 12
epsilon_svgd: 0.033
gamma: 0.01
decay_start_ratio: 0.15
decay_min_factor: 0.3
bandwith_kernel: None
no_interact: False
avg_score: -411.9599914550781
median_score: -411.0
std_score: 26.96068572998047
percentiles: 2%=-469.0400085449219, 5%=-457.0, 10%=-449.1000061035156, 25%=-430.0, 50%=-411.0, 75%=-392.0, 90%=-381.79998779296875, 95%=-371.9000244140625, 98%=-361.9599914550781
ranking_best_algo: Tabu
ranking_best_score: 438.12
ranking_my_rank: 72/504 (85.9%)
ranking_my_percent: 85.91269841269842
