ConfigName: kjsd__advperagentrankweighted__M4__L8__eps0p01__g0p0005__ds0p2__dm0p05
Problem: NK
Kernel: jsd
Advantage: peragentrankweighted
M: 4
lambda: 8
epsilon_svgd: 0.01
gamma: 0.0005
decay_start_ratio: 0.2
decay_min_factor: 0.05
bandwith_kernel: None
no_interact: False
avg_score: 0.7484855055809021
median_score: 0.7480335235595703
std_score: 0.01449982263147831
percentiles: 2%=0.7207642197608948, 5%=0.7256133556365967, 10%=0.7290194630622864, 25%=0.7390168309211731, 50%=0.7480335235595703, 75%=0.7569360733032227, 90%=0.7669346928596497, 95%=0.7721760869026184, 98%=0.7795620560646057
ranking_best_algo: Tabu
ranking_best_score: 0.7657846284375001
ranking_my_rank: 31/504 (94.0%)
ranking_my_percent: 94.04761904761905
