ConfigName: kjsd__advperagentrankweighted__M4__L20__eps0p007__g0p0005__ds0p05__dm0p05
Problem: QUBO
Kernel: jsd
Advantage: peragentrankweighted
M: 4
lambda: 20
epsilon_svgd: 0.007
gamma: 0.0005
decay_start_ratio: 0.05
decay_min_factor: 0.05
bandwith_kernel: None
no_interact: False
avg_score: -139.1999969482422
median_score: -141.0
std_score: 11.837228775024414
percentiles: 2%=-159.0, 5%=-158.0, 10%=-157.0, 25%=-146.0, 50%=-141.0, 75%=-131.0, 90%=-125.0, 95%=-119.8499984741211, 98%=-112.87999725341797
ranking_best_algo: DiscreteDE
ranking_best_score: 143.4
ranking_my_rank: 86/504 (83.1%)
ranking_my_percent: 83.13492063492063
