ConfigName: krbf__advnormalizedfitness__M4__L10__eps0p033__g0p01__ds0p01__dm0p3
Problem: NK
Kernel: rbf
Advantage: normalizedfitness
M: 4
lambda: 10
epsilon_svgd: 0.033
gamma: 0.01
decay_start_ratio: 0.01
decay_min_factor: 0.3
bandwith_kernel: None
no_interact: False
avg_score: 0.7200214862823486
median_score: 0.7225853204727173
std_score: 0.01103055477142334
percentiles: 2%=0.6935968995094299, 5%=0.6980540156364441, 10%=0.705520510673523, 25%=0.7128067016601562, 50%=0.7225853204727173, 75%=0.7277067303657532, 90%=0.7335137724876404, 95%=0.735837996006012, 98%=0.7373113036155701
ranking_best_algo: PBIL
ranking_best_score: 0.7248786399609374
ranking_my_rank: 6/504 (99.0%)
ranking_my_percent: 99.0079365079365
