ConfigName: kjsd__advperagentrankweighted__M4__L8__eps0p01__g0p0005__ds0p05__dm0p05
Problem: QUBO
Kernel: jsd
Advantage: peragentrankweighted
M: 4
lambda: 8
epsilon_svgd: 0.01
gamma: 0.0005
decay_start_ratio: 0.05
decay_min_factor: 0.05
bandwith_kernel: None
no_interact: False
avg_score: -578.5399780273438
median_score: -579.5
std_score: 26.202831268310547
percentiles: 2%=-638.0599975585938, 5%=-628.25, 10%=-607.2999877929688, 25%=-593.25, 50%=-579.5, 75%=-562.75, 90%=-547.9000244140625, 95%=-537.8499755859375, 98%=-516.9600219726562
ranking_best_algo: Tabu
ranking_best_score: 588.7199999999999
ranking_my_rank: 42/503 (91.8%)
ranking_my_percent: 91.84890656063618
