ConfigName: kfr__advglobalrankweighted__M5__L8__eps0p015__g0p003__ds0p01__dm0p01
Problem: QUBO
Kernel: fr
Advantage: globalrankweighted
M: 5
lambda: 8
epsilon_svgd: 0.015
gamma: 0.003
decay_start_ratio: 0.01
decay_min_factor: 0.01
bandwith_kernel: None
no_interact: False
avg_score: -426.29998779296875
median_score: -426.0
std_score: 26.900371551513672
percentiles: 2%=-481.0799865722656, 5%=-477.20001220703125, 10%=-458.1000061035156, 25%=-443.5, 50%=-426.0, 75%=-407.0, 90%=-392.79998779296875, 95%=-385.95001220703125, 98%=-373.8799743652344
ranking_best_algo: CMAL3
ranking_best_score: 435.36
ranking_my_rank: 23/504 (95.6%)
ranking_my_percent: 95.63492063492063
