ConfigName: kjsd__advperagentrankweighted__M3__L16__eps0p007__g0p0005__ds0p1__dm0p1
Problem: QUBO
Kernel: jsd
Advantage: peragentrankweighted
M: 3
lambda: 16
epsilon_svgd: 0.007
gamma: 0.0005
decay_start_ratio: 0.1
decay_min_factor: 0.1
bandwith_kernel: None
no_interact: False
avg_score: -407.05999755859375
median_score: -410.0
std_score: 26.900489807128906
percentiles: 2%=-451.0400085449219, 5%=-446.04998779296875, 10%=-440.1000061035156, 25%=-430.0, 50%=-410.0, 75%=-385.5, 90%=-370.0, 95%=-363.8999938964844, 98%=-349.9200134277344
ranking_best_algo: Tabu
ranking_best_score: 438.12
ranking_my_rank: 160/504 (68.5%)
ranking_my_percent: 68.45238095238095
