ConfigName: krbf__advnormalizedfitness__M3__L8__eps0p025__g0p015__ds0p15__dm0p3
Problem: NK
Kernel: rbf
Advantage: normalizedfitness
M: 3
lambda: 8
epsilon_svgd: 0.025
gamma: 0.015
decay_start_ratio: 0.15
decay_min_factor: 0.3
bandwith_kernel: None
no_interact: False
avg_score: 0.7101686000823975
median_score: 0.7108174562454224
std_score: 0.015189972706139088
percentiles: 2%=0.6718180179595947, 5%=0.6736159920692444, 10%=0.6971420645713806, 25%=0.7070440053939819, 50%=0.7108174562454224, 75%=0.7201693654060364, 90%=0.7254044413566589, 95%=0.7319256067276001, 98%=0.7327319383621216
ranking_best_algo: CMApara
ranking_best_score: 0.707475975
ranking_my_rank: 1/504 (100.0%)
ranking_my_percent: 100.0
