ConfigName: krbf__advnormalizedfitness__M4__L15__eps0p033__g0p015__ds0p01__dm0p01
Problem: QUBO
Kernel: rbf
Advantage: normalizedfitness
M: 4
lambda: 15
epsilon_svgd: 0.033
gamma: 0.015
decay_start_ratio: 0.01
decay_min_factor: 0.01
bandwith_kernel: None
no_interact: False
avg_score: -1094.800048828125
median_score: -1094.5
std_score: 86.12838745117188
percentiles: 2%=-1265.0400390625, 5%=-1245.5999755859375, 10%=-1216.4000244140625, 25%=-1149.25, 50%=-1094.5, 75%=-1037.5, 90%=-974.9000244140625, 95%=-944.6000366210938, 98%=-930.9199829101562
ranking_best_algo: Tabu
ranking_best_score: 1216.16
ranking_my_rank: 208/504 (58.9%)
ranking_my_percent: 58.92857142857143
