ConfigName: kjsd__advperagentrankweighted__M5__L24__eps0p02__g0p0007__ds0p05__dm0p05
Problem: QUBO
Kernel: jsd
Advantage: peragentrankweighted
M: 5
lambda: 24
epsilon_svgd: 0.02
gamma: 0.0007
decay_start_ratio: 0.05
decay_min_factor: 0.05
bandwith_kernel: None
no_interact: False
avg_score: -2603.0400390625
median_score: -2597.0
std_score: 113.28864288330078
percentiles: 2%=-2810.199951171875, 5%=-2793.050048828125, 10%=-2759.699951171875, 25%=-2685.75, 50%=-2597.0, 75%=-2517.5, 90%=-2467.800048828125, 95%=-2449.550048828125, 98%=-2401.56005859375
ranking_best_algo: SVM1MetaModelLogNormal
ranking_best_score: 2605.14
ranking_my_rank: 2/504 (99.8%)
ranking_my_percent: 99.8015873015873
