ConfigName: kjsd__advperagentrankweighted__M5__L10__eps0p005__g0p0005__ds0p4__dm0p05
Problem: QUBO
Kernel: jsd
Advantage: peragentrankweighted
M: 5
lambda: 10
epsilon_svgd: 0.005
gamma: 0.0005
decay_start_ratio: 0.4
decay_min_factor: 0.05
bandwith_kernel: None
no_interact: False
avg_score: -416.79998779296875
median_score: -418.0
std_score: 26.161039352416992
percentiles: 2%=-469.0400085449219, 5%=-461.3999938964844, 10%=-452.1000061035156, 25%=-432.0, 50%=-418.0, 75%=-396.0, 90%=-383.79998779296875, 95%=-375.8999938964844, 98%=-365.9200134277344
ranking_best_algo: Tabu
ranking_best_score: 438.12
ranking_my_rank: 43/504 (91.7%)
ranking_my_percent: 91.66666666666667
