ConfigName: krbf__advnormalizedfitness__M4__L8__eps0p033__g0p007__ds0p3__dm0p01
Problem: QUBO
Kernel: rbf
Advantage: normalizedfitness
M: 4
lambda: 8
epsilon_svgd: 0.033
gamma: 0.007
decay_start_ratio: 0.3
decay_min_factor: 0.01
bandwith_kernel: None
no_interact: False
avg_score: -577.5599975585938
median_score: -575.5
std_score: 25.510122299194336
percentiles: 2%=-623.0399780273438, 5%=-620.1500244140625, 10%=-615.0, 25%=-594.25, 50%=-575.5, 75%=-557.0, 90%=-546.7999877929688, 95%=-537.9500122070312, 98%=-531.7399291992188
ranking_best_algo: Tabu
ranking_best_score: 588.7199999999999
ranking_my_rank: 44/503 (91.5%)
ranking_my_percent: 91.45129224652088
