ConfigName: krbf__advnormalizedfitness__M2__L11__eps0p01__g0p005__ds0p01__dm0p01
Problem: QUBO
Kernel: rbf
Advantage: normalizedfitness
M: 2
lambda: 11
epsilon_svgd: 0.01
gamma: 0.005
decay_start_ratio: 0.01
decay_min_factor: 0.01
bandwith_kernel: None
no_interact: False
avg_score: -1614.4200439453125
median_score: -1624.0
std_score: 51.43193054199219
percentiles: 2%=-1694.1800537109375, 5%=-1690.0999755859375, 10%=-1673.199951171875, 25%=-1653.0, 50%=-1624.0, 75%=-1577.0, 90%=-1545.5999755859375, 95%=-1525.0, 98%=-1502.5799560546875
ranking_best_algo: NLOPT_LN_PRAXIS
ranking_best_score: 1607.12
ranking_my_rank: 1/504 (100.0%)
ranking_my_percent: 100.0
