ConfigName: kjsd__advperagentrankweighted__M3__L16__eps0p007__g0p0007__ds0p2__dm0p2
Problem: NK
Kernel: jsd
Advantage: peragentrankweighted
M: 3
lambda: 16
epsilon_svgd: 0.007
gamma: 0.0007
decay_start_ratio: 0.2
decay_min_factor: 0.2
bandwith_kernel: None
no_interact: False
avg_score: 0.7096901535987854
median_score: 0.7110033631324768
std_score: 0.015112116932868958
percentiles: 2%=0.6717379093170166, 5%=0.6734145879745483, 10%=0.6940992474555969, 25%=0.706606924533844, 50%=0.7110033631324768, 75%=0.7182924747467041, 90%=0.7252817749977112, 95%=0.7321144342422485, 98%=0.7329196929931641
ranking_best_algo: CMApara
ranking_best_score: 0.707475975
ranking_my_rank: 1/504 (100.0%)
ranking_my_percent: 100.0
