ConfigName: kjsd__advperagentrankweighted__M4__L8__eps0p005__g0p0003__ds0p05__dm0p05
Problem: NK
Kernel: jsd
Advantage: peragentrankweighted
M: 4
lambda: 8
epsilon_svgd: 0.005
gamma: 0.0003
decay_start_ratio: 0.05
decay_min_factor: 0.05
bandwith_kernel: None
no_interact: False
avg_score: 0.7508338689804077
median_score: 0.7491803169250488
std_score: 0.013332272879779339
percentiles: 2%=0.7252826690673828, 5%=0.7309531569480896, 10%=0.7347481846809387, 25%=0.7428193092346191, 50%=0.7491803169250488, 75%=0.7593162655830383, 90%=0.7688303589820862, 95%=0.7749897241592407, 98%=0.778468132019043
ranking_best_algo: Tabu
ranking_best_score: 0.7470791764843752
ranking_my_rank: 1/504 (100.0%)
ranking_my_percent: 100.0
