ConfigName: krbf__advnormalizedfitness__M3__L24__eps0p02__g0p01__ds0p15__dm0p05
Problem: QUBO
Kernel: rbf
Advantage: normalizedfitness
M: 3
lambda: 24
epsilon_svgd: 0.02
gamma: 0.01
decay_start_ratio: 0.15
decay_min_factor: 0.05
bandwith_kernel: None
no_interact: False
avg_score: -965.3800048828125
median_score: -959.5
std_score: 92.71049499511719
percentiles: 2%=-1169.43994140625, 5%=-1125.050048828125, 10%=-1085.5, 25%=-1019.25, 50%=-959.5, 75%=-905.5, 90%=-854.0999755859375, 95%=-804.5, 98%=-788.5800170898438
ranking_best_algo: Tabu
ranking_best_score: 1216.16
ranking_my_rank: 320/504 (36.7%)
ranking_my_percent: 36.70634920634921
