ConfigName: kjsd__advperagentrankweighted__M3__L18__eps0p01__g0p0007__ds0p05__dm0p1
Problem: QUBO
Kernel: jsd
Advantage: peragentrankweighted
M: 3
lambda: 18
epsilon_svgd: 0.01
gamma: 0.0007
decay_start_ratio: 0.05
decay_min_factor: 0.1
bandwith_kernel: None
no_interact: False
avg_score: -441.8599853515625
median_score: -442.0
std_score: 25.170228958129883
percentiles: 2%=-487.0400085449219, 5%=-479.20001220703125, 10%=-472.1000061035156, 25%=-459.25, 50%=-442.0, 75%=-428.0, 90%=-407.79998779296875, 95%=-398.95001220703125, 98%=-387.82000732421875
ranking_best_algo: CMApara
ranking_best_score: 453.82
ranking_my_rank: 10/504 (98.2%)
ranking_my_percent: 98.21428571428571
