ConfigName: krbf__advnormalizedfitness__M4__L8__eps0p03__g0p005__ds0p15__dm0p05
Problem: QUBO
Kernel: rbf
Advantage: normalizedfitness
M: 4
lambda: 8
epsilon_svgd: 0.03
gamma: 0.005
decay_start_ratio: 0.15
decay_min_factor: 0.05
bandwith_kernel: None
no_interact: False
avg_score: -443.3999938964844
median_score: -445.0
std_score: 23.453784942626953
percentiles: 2%=-477.0799865722656, 5%=-472.04998779296875, 10%=-470.1000061035156, 25%=-462.0, 50%=-445.0, 75%=-431.0, 90%=-408.0, 95%=-402.75, 98%=-383.9599914550781
ranking_best_algo: CMApara
ranking_best_score: 453.82
ranking_my_rank: 7/504 (98.8%)
ranking_my_percent: 98.80952380952381
