ConfigName: kjsd__advperagentrankweighted__M3__L30__eps0p007__g0p001__ds0p1__dm0p05
Problem: QUBO
Kernel: jsd
Advantage: peragentrankweighted
M: 3
lambda: 30
epsilon_svgd: 0.007
gamma: 0.001
decay_start_ratio: 0.1
decay_min_factor: 0.05
bandwith_kernel: None
no_interact: False
avg_score: -307.1000061035156
median_score: -302.0
std_score: 38.59054183959961
percentiles: 2%=-392.0799865722656, 5%=-382.20001220703125, 10%=-359.20001220703125, 25%=-332.0, 50%=-302.0, 75%=-272.75, 90%=-264.8999938964844, 95%=-259.8999938964844, 98%=-247.9199981689453
ranking_best_algo: CMApara
ranking_best_score: 319.29999999999995
ranking_my_rank: 103/504 (79.8%)
ranking_my_percent: 79.76190476190476
