ConfigName: kjsd__advperagentrankweighted__M3__L16__eps0p01__g0p0007__ds0p1__dm0p05
Problem: QUBO
Kernel: jsd
Advantage: peragentrankweighted
M: 3
lambda: 16
epsilon_svgd: 0.01
gamma: 0.0007
decay_start_ratio: 0.1
decay_min_factor: 0.05
bandwith_kernel: None
no_interact: False
avg_score: -3329.199951171875
median_score: -3318.0
std_score: 113.78154754638672
percentiles: 2%=-3591.02001953125, 5%=-3502.89990234375, 10%=-3469.199951171875, 25%=-3405.25, 50%=-3318.0, 75%=-3253.75, 90%=-3185.60009765625, 95%=-3143.89990234375, 98%=-3091.820068359375
ranking_best_algo: RLSOnePlusOne
ranking_best_score: 3316.5199999999995
ranking_my_rank: 1/504 (100.0%)
ranking_my_percent: 100.0
