ConfigName: kjsd__advperagentrankweighted__M3__L20__eps0p005__g0p0007__ds0p05__dm0p2
Problem: QUBO
Kernel: jsd
Advantage: peragentrankweighted
M: 3
lambda: 20
epsilon_svgd: 0.005
gamma: 0.0007
decay_start_ratio: 0.05
decay_min_factor: 0.2
bandwith_kernel: None
no_interact: False
avg_score: -1237.699951171875
median_score: -1233.0
std_score: 65.00899505615234
percentiles: 2%=-1362.219970703125, 5%=-1351.25, 10%=-1328.9000244140625, 25%=-1281.25, 50%=-1233.0, 75%=-1192.5, 90%=-1156.699951171875, 95%=-1138.9000244140625, 98%=-1120.8399658203125
ranking_best_algo: SVMMetaModelLogNormal
ranking_best_score: 1233.7999999999997
ranking_my_rank: 1/504 (100.0%)
ranking_my_percent: 100.0
