ConfigName: kjsd__advperagentrankweighted__M3__L20__eps0p005__g0p003__ds0p2__dm0p1
Problem: NK
Kernel: jsd
Advantage: peragentrankweighted
M: 3
lambda: 20
epsilon_svgd: 0.005
gamma: 0.003
decay_start_ratio: 0.2
decay_min_factor: 0.1
bandwith_kernel: None
no_interact: False
avg_score: 0.5815867185592651
median_score: 0.5810116529464722
std_score: 0.006980645935982466
percentiles: 2%=0.5691637396812439, 5%=0.572269856929779, 10%=0.5741244554519653, 25%=0.5766041874885559, 50%=0.5810116529464722, 75%=0.58455491065979, 90%=0.5901669859886169, 95%=0.5941016674041748, 98%=0.6006081104278564
ranking_best_algo: PBIL
ranking_best_score: 0.7170882103515624
ranking_my_rank: 384/504 (24.0%)
ranking_my_percent: 24.00793650793651
