ConfigName: kjsd__advperagentrankweighted__M5__L12__eps0p02__g0p0007__ds0p2__dm0p05
Problem: NK
Kernel: jsd
Advantage: peragentrankweighted
M: 5
lambda: 12
epsilon_svgd: 0.02
gamma: 0.0007
decay_start_ratio: 0.2
decay_min_factor: 0.05
bandwith_kernel: None
no_interact: False
avg_score: 0.7340143322944641
median_score: 0.7356142997741699
std_score: 0.009031185880303383
percentiles: 2%=0.7136046290397644, 5%=0.7161247730255127, 10%=0.721062183380127, 25%=0.727794885635376, 50%=0.7356142997741699, 75%=0.7406064867973328, 90%=0.7454538941383362, 95%=0.7479283809661865, 98%=0.7492475509643555
ranking_best_algo: PBIL
ranking_best_score: 0.7248786399609374
ranking_my_rank: 1/504 (100.0%)
ranking_my_percent: 100.0
