ConfigName: krbf__advnormalizedfitness__M2__L9__eps0p015__g0p007__ds0p01__dm0p01
Problem: QUBO
Kernel: rbf
Advantage: normalizedfitness
M: 2
lambda: 9
epsilon_svgd: 0.015
gamma: 0.007
decay_start_ratio: 0.01
decay_min_factor: 0.01
bandwith_kernel: None
no_interact: False
avg_score: -897.5800170898438
median_score: -897.5
std_score: 62.90662384033203
percentiles: 2%=-1007.4600219726562, 5%=-992.2999877929688, 10%=-984.0999755859375, 25%=-940.0, 50%=-897.5, 75%=-849.5, 90%=-818.9000244140625, 95%=-798.9000244140625, 98%=-768.8800048828125
ranking_best_algo: CMAL3
ranking_best_score: 928.5800000000002
ranking_my_rank: 80/504 (84.3%)
ranking_my_percent: 84.32539682539682
