ConfigName: krbf__advnormalizedfitness__M4__L15__eps0p02__g0p001__ds0p05__dm0p05
Problem: QUBO
Kernel: rbf
Advantage: normalizedfitness
M: 4
lambda: 15
epsilon_svgd: 0.02
gamma: 0.001
decay_start_ratio: 0.05
decay_min_factor: 0.05
bandwith_kernel: None
no_interact: False
avg_score: -2523.60009765625
median_score: -2515.5
std_score: 133.2093048095703
percentiles: 2%=-2752.4599609375, 5%=-2716.699951171875, 10%=-2705.199951171875, 25%=-2624.25, 50%=-2515.5, 75%=-2445.75, 90%=-2369.5, 95%=-2325.800048828125, 98%=-2202.56005859375
ranking_best_algo: DiscreteLengler2OnePlusOne
ranking_best_score: 2617.04
ranking_my_rank: 61/504 (88.1%)
ranking_my_percent: 88.0952380952381
