ConfigName: kjsd__advperagentrankweighted__M4__L30__eps0p005__g0p0003__ds0p2__dm0p05
Problem: NK
Kernel: jsd
Advantage: peragentrankweighted
M: 4
lambda: 30
epsilon_svgd: 0.005
gamma: 0.0003
decay_start_ratio: 0.2
decay_min_factor: 0.05
bandwith_kernel: None
no_interact: False
avg_score: 0.7081528306007385
median_score: 0.7110393047332764
std_score: 0.011627629399299622
percentiles: 2%=0.6901177167892456, 5%=0.6906318664550781, 10%=0.692261815071106, 25%=0.6964112520217896, 50%=0.7110393047332764, 75%=0.718713104724884, 90%=0.7214465737342834, 95%=0.724021852016449, 98%=0.7247334122657776
ranking_best_algo: PBIL
ranking_best_score: 0.7013553837109374
ranking_my_rank: 1/504 (100.0%)
ranking_my_percent: 100.0
