ConfigName: krbf__advnormalizedfitness__M1__L10__eps0p015__g0p005__ds0p3__dm0p01
Problem: NK
Kernel: rbf
Advantage: normalizedfitness
M: 1
lambda: 10
epsilon_svgd: 0.015
gamma: 0.005
decay_start_ratio: 0.3
decay_min_factor: 0.01
bandwith_kernel: None
no_interact: False
avg_score: 0.7429332137107849
median_score: 0.7426463961601257
std_score: 0.013575431890785694
percentiles: 2%=0.7163070440292358, 5%=0.7198347449302673, 10%=0.725372850894928, 25%=0.7347139120101929, 50%=0.7426463961601257, 75%=0.7520427703857422, 90%=0.7606678605079651, 95%=0.768091082572937, 98%=0.7721045017242432
ranking_best_algo: Tabu
ranking_best_score: 0.7470791764843752
ranking_my_rank: 4/504 (99.4%)
ranking_my_percent: 99.4047619047619
