ConfigName: kjsd__advperagentrankweighted__M3__L24__eps0p007__g0p0005__ds0p05__dm0p05
Problem: QUBO
Kernel: jsd
Advantage: peragentrankweighted
M: 3
lambda: 24
epsilon_svgd: 0.007
gamma: 0.0005
decay_start_ratio: 0.05
decay_min_factor: 0.05
bandwith_kernel: None
no_interact: False
avg_score: -145.63999938964844
median_score: -145.5
std_score: 13.565780639648438
percentiles: 2%=-179.0, 5%=-164.75, 10%=-160.0, 25%=-154.25, 50%=-145.5, 75%=-138.0, 90%=-129.89999389648438, 95%=-120.0, 98%=-114.9800033569336
ranking_best_algo: CMApara
ranking_best_score: 154.28
ranking_my_rank: 136/504 (73.2%)
ranking_my_percent: 73.21428571428571
