ConfigName: kjsd__advperagentrankweighted__M5__L10__eps0p005__g0p0003__ds0p2__dm0p05
Problem: NK
Kernel: jsd
Advantage: peragentrankweighted
M: 5
lambda: 10
epsilon_svgd: 0.005
gamma: 0.0003
decay_start_ratio: 0.2
decay_min_factor: 0.05
bandwith_kernel: None
no_interact: False
avg_score: 0.736641526222229
median_score: 0.7376331686973572
std_score: 0.008362892083823681
percentiles: 2%=0.7178510427474976, 5%=0.7215051054954529, 10%=0.7244434356689453, 25%=0.7309353947639465, 50%=0.7376331686973572, 75%=0.7415503263473511, 90%=0.7466750144958496, 95%=0.7489348649978638, 98%=0.752946674823761
ranking_best_algo: PBIL
ranking_best_score: 0.730509098125
ranking_my_rank: 1/504 (100.0%)
ranking_my_percent: 100.0
