ConfigName: kjsd__advperagentrankweighted__M4__L28__eps0p005__g0p0005__ds0p05__dm0p05
Problem: QUBO
Kernel: jsd
Advantage: peragentrankweighted
M: 4
lambda: 28
epsilon_svgd: 0.005
gamma: 0.0005
decay_start_ratio: 0.05
decay_min_factor: 0.05
bandwith_kernel: None
no_interact: False
avg_score: -584.4600219726562
median_score: -586.0
std_score: 26.825143814086914
percentiles: 2%=-637.1599731445312, 5%=-635.0499877929688, 10%=-625.0, 25%=-597.25, 50%=-586.0, 75%=-567.0, 90%=-551.9000244140625, 95%=-545.8499755859375, 98%=-538.760009765625
ranking_best_algo: Tabu
ranking_best_score: 588.7199999999999
ranking_my_rank: 5/503 (99.2%)
ranking_my_percent: 99.20477137176938
