ConfigName: krbf__advnormalizedfitness__M4__L8__eps0p033__g0p007__ds0p3__dm0p3
Problem: QUBO
Kernel: rbf
Advantage: normalizedfitness
M: 4
lambda: 8
epsilon_svgd: 0.033
gamma: 0.007
decay_start_ratio: 0.3
decay_min_factor: 0.3
bandwith_kernel: None
no_interact: False
avg_score: -139.22000122070312
median_score: -141.0
std_score: 10.416889190673828
percentiles: 2%=-157.02000427246094, 5%=-156.0, 10%=-152.0, 25%=-146.0, 50%=-141.0, 75%=-130.0, 90%=-125.0, 95%=-122.90000915527344, 98%=-118.93998718261719
ranking_best_algo: DiscreteDE
ranking_best_score: 143.4
ranking_my_rank: 86/504 (83.1%)
ranking_my_percent: 83.13492063492063
