ConfigName: krbf__advnormalizedfitness__M3__L12__eps0p015__g0p007__ds0p01__dm0p01
Problem: QUBO
Kernel: rbf
Advantage: normalizedfitness
M: 3
lambda: 12
epsilon_svgd: 0.015
gamma: 0.007
decay_start_ratio: 0.01
decay_min_factor: 0.01
bandwith_kernel: None
no_interact: False
avg_score: -1172.1600341796875
median_score: -1169.0
std_score: 75.47711181640625
percentiles: 2%=-1310.1600341796875, 5%=-1298.1500244140625, 10%=-1271.4000244140625, 25%=-1238.75, 50%=-1169.0, 75%=-1120.0, 90%=-1066.5999755859375, 95%=-1050.949951171875, 98%=-1035.97998046875
ranking_best_algo: SVMMetaModelLogNormal
ranking_best_score: 1233.7999999999997
ranking_my_rank: 78/504 (84.7%)
ranking_my_percent: 84.72222222222223
