ConfigName: krbf__advnormalizedfitness__M4__L15__eps0p033__g0p005__ds0p15__dm0p3
Problem: QUBO
Kernel: rbf
Advantage: normalizedfitness
M: 4
lambda: 15
epsilon_svgd: 0.033
gamma: 0.005
decay_start_ratio: 0.15
decay_min_factor: 0.3
bandwith_kernel: None
no_interact: False
avg_score: -1215.0
median_score: -1202.5
std_score: 70.18475341796875
percentiles: 2%=-1344.02001953125, 5%=-1337.0999755859375, 10%=-1323.300048828125, 25%=-1264.75, 50%=-1202.5, 75%=-1163.75, 90%=-1126.5999755859375, 95%=-1116.9000244140625, 98%=-1098.760009765625
ranking_best_algo: BigLognormalDiscreteOnePlusOne
ranking_best_score: 1301.3600000000004
ranking_my_rank: 79/504 (84.5%)
ranking_my_percent: 84.52380952380952
