ConfigName: krbf__advnormalizedfitness__M1__L10__eps0p015__g0p005__ds0p3__dm0p01
Problem: NK
Kernel: rbf
Advantage: normalizedfitness
M: 1
lambda: 10
epsilon_svgd: 0.015
gamma: 0.005
decay_start_ratio: 0.3
decay_min_factor: 0.01
bandwith_kernel: None
no_interact: False
avg_score: 0.7059991359710693
median_score: 0.7071176767349243
std_score: 0.0160641111433506
percentiles: 2%=0.6645699739456177, 5%=0.6688984632492065, 10%=0.691554069519043, 25%=0.7009199857711792, 50%=0.7071176767349243, 75%=0.7159750461578369, 90%=0.7234438061714172, 95%=0.7299349308013916, 98%=0.732677698135376
ranking_best_algo: CMApara
ranking_best_score: 0.707475975
ranking_my_rank: 5/504 (99.2%)
ranking_my_percent: 99.2063492063492
