ConfigName: krbf__advnormalizedfitness__M3__L8__eps0p033__g0p01__ds0p3__dm0p3
Problem: QUBO
Kernel: rbf
Advantage: normalizedfitness
M: 3
lambda: 8
epsilon_svgd: 0.033
gamma: 0.01
decay_start_ratio: 0.3
decay_min_factor: 0.3
bandwith_kernel: None
no_interact: False
avg_score: -578.2000122070312
median_score: -576.0
std_score: 26.6480770111084
percentiles: 2%=-635.0, 5%=-619.1500244140625, 10%=-610.0, 25%=-597.0, 50%=-576.0, 75%=-562.0, 90%=-548.9000244140625, 95%=-532.9000244140625, 98%=-527.0
ranking_best_algo: Tabu
ranking_best_score: 588.7199999999999
ranking_my_rank: 42/503 (91.8%)
ranking_my_percent: 91.84890656063618
