ConfigName: kjsd__advperagentrankweighted__M3__L16__eps0p005__g0p001__ds0p05__dm0p1
Problem: QUBO
Kernel: jsd
Advantage: peragentrankweighted
M: 3
lambda: 16
epsilon_svgd: 0.005
gamma: 0.001
decay_start_ratio: 0.05
decay_min_factor: 0.1
bandwith_kernel: None
no_interact: False
avg_score: -422.4599914550781
median_score: -420.5
std_score: 29.94508934020996
percentiles: 2%=-481.0400085449219, 5%=-479.0, 10%=-463.20001220703125, 25%=-439.25, 50%=-420.5, 75%=-403.0, 90%=-388.79998779296875, 95%=-369.8999938964844, 98%=-359.9599914550781
ranking_best_algo: CMAL3
ranking_best_score: 435.36
ranking_my_rank: 35/504 (93.3%)
ranking_my_percent: 93.25396825396825
