ConfigName: krbf__advnormalizedfitness__M4__L12__eps0p015__g0p007__ds0p01__dm0p01
Problem: QUBO
Kernel: rbf
Advantage: normalizedfitness
M: 4
lambda: 12
epsilon_svgd: 0.015
gamma: 0.007
decay_start_ratio: 0.01
decay_min_factor: 0.01
bandwith_kernel: None
no_interact: False
avg_score: -436.8599853515625
median_score: -442.0
std_score: 26.417804718017578
percentiles: 2%=-484.0199890136719, 5%=-477.1000061035156, 10%=-469.1000061035156, 25%=-453.25, 50%=-442.0, 75%=-415.0, 90%=-400.8999938964844, 95%=-393.95001220703125, 98%=-381.94000244140625
ranking_best_algo: CMApara
ranking_best_score: 453.82
ranking_my_rank: 30/504 (94.2%)
ranking_my_percent: 94.24603174603175
