ConfigName: krbf__advnormalizedfitness__M4__L12__eps0p025__g0p007__ds0p3__dm0p3
Problem: QUBO
Kernel: rbf
Advantage: normalizedfitness
M: 4
lambda: 12
epsilon_svgd: 0.025
gamma: 0.007
decay_start_ratio: 0.3
decay_min_factor: 0.3
bandwith_kernel: None
no_interact: False
avg_score: -892.1599731445312
median_score: -880.0
std_score: 72.87382507324219
percentiles: 2%=-1044.1199951171875, 5%=-1019.5, 10%=-995.4000244140625, 25%=-951.5, 50%=-880.0, 75%=-840.75, 90%=-803.7000122070312, 95%=-794.9000244140625, 98%=-760.719970703125
ranking_best_algo: CMApara
ranking_best_score: 964.9
ranking_my_rank: 184/504 (63.7%)
ranking_my_percent: 63.69047619047619
