ConfigName: krbf__advnormalizedfitness__M3__L15__eps0p033__g0p01__ds0p3__dm0p01
Problem: QUBO
Kernel: rbf
Advantage: normalizedfitness
M: 3
lambda: 15
epsilon_svgd: 0.033
gamma: 0.01
decay_start_ratio: 0.3
decay_min_factor: 0.01
bandwith_kernel: None
no_interact: False
avg_score: -310.239990234375
median_score: -314.0
std_score: 38.930484771728516
percentiles: 2%=-392.0400085449219, 5%=-384.20001220703125, 10%=-358.6000061035156, 25%=-336.0, 50%=-314.0, 75%=-274.75, 90%=-263.8999938964844, 95%=-255.90000915527344, 98%=-241.91998291015625
ranking_best_algo: CMApara
ranking_best_score: 319.29999999999995
ranking_my_rank: 62/504 (87.9%)
ranking_my_percent: 87.89682539682539
