ConfigName: krbf__advnormalizedfitness__M4__L8__eps0p033__g0p007__ds0p15__dm0p01
Problem: QUBO
Kernel: rbf
Advantage: normalizedfitness
M: 4
lambda: 8
epsilon_svgd: 0.033
gamma: 0.007
decay_start_ratio: 0.15
decay_min_factor: 0.01
bandwith_kernel: None
no_interact: False
avg_score: -902.3400268554688
median_score: -899.0
std_score: 61.30240249633789
percentiles: 2%=-1026.0799560546875, 5%=-1001.2999877929688, 10%=-989.2999877929688, 25%=-957.0, 50%=-899.0, 75%=-851.25, 90%=-819.0, 95%=-813.800048828125, 98%=-796.9599609375
ranking_best_algo: CMAL3
ranking_best_score: 928.5800000000002
ranking_my_rank: 67/504 (86.9%)
ranking_my_percent: 86.9047619047619
