ConfigName: kjsd__advperagentrankweighted__M4__L12__eps0p03__g0p0007__ds0p2__dm0p05
Problem: QUBO
Kernel: jsd
Advantage: peragentrankweighted
M: 4
lambda: 12
epsilon_svgd: 0.03
gamma: 0.0007
decay_start_ratio: 0.2
decay_min_factor: 0.05
bandwith_kernel: None
no_interact: False
avg_score: -305.7799987792969
median_score: -304.0
std_score: 39.98539352416992
percentiles: 2%=-394.1199951171875, 5%=-388.1000061035156, 10%=-356.79998779296875, 25%=-330.5, 50%=-304.0, 75%=-271.75, 90%=-260.8999938964844, 95%=-254.85000610351562, 98%=-247.9600067138672
ranking_best_algo: CMApara
ranking_best_score: 319.29999999999995
ranking_my_rank: 124/504 (75.6%)
ranking_my_percent: 75.5952380952381
