ConfigName: kjsd__advperagentrankweighted__M4__L12__eps0p005__g0p0007__ds0p05__dm0p2
Problem: QUBO
Kernel: jsd
Advantage: peragentrankweighted
M: 4
lambda: 12
epsilon_svgd: 0.005
gamma: 0.0007
decay_start_ratio: 0.05
decay_min_factor: 0.2
bandwith_kernel: None
no_interact: False
avg_score: -3267.9599609375
median_score: -3273.5
std_score: 121.1356201171875
percentiles: 2%=-3520.580078125, 5%=-3462.25, 10%=-3416.39990234375, 25%=-3335.75, 50%=-3273.5, 75%=-3182.75, 90%=-3113.39990234375, 95%=-3076.60009765625, 98%=-3035.9599609375
ranking_best_algo: RLSOnePlusOne
ranking_best_score: 3316.5199999999995
ranking_my_rank: 12/504 (97.8%)
ranking_my_percent: 97.81746031746032
