ConfigName: krbf__advnormalizedfitness__M1__L8__eps0p033__g0p01__ds0p15__dm0p01
Problem: NK
Kernel: rbf
Advantage: normalizedfitness
M: 1
lambda: 8
epsilon_svgd: 0.033
gamma: 0.01
decay_start_ratio: 0.15
decay_min_factor: 0.01
bandwith_kernel: None
no_interact: False
avg_score: 0.733557939529419
median_score: 0.7349679470062256
std_score: 0.010580712929368019
percentiles: 2%=0.712856113910675, 5%=0.715264618396759, 10%=0.71954745054245, 25%=0.7266563773155212, 50%=0.7349679470062256, 75%=0.7401992082595825, 90%=0.7455887198448181, 95%=0.7525816559791565, 98%=0.7552182078361511
ranking_best_algo: PBIL
ranking_best_score: 0.733570253046875
ranking_my_rank: 2/504 (99.8%)
ranking_my_percent: 99.8015873015873
