ConfigName: kfr__advglobalrankweighted__M2__L10__eps0p02__g0p003__ds0p01__dm0p01
Problem: QUBO
Kernel: fr
Advantage: globalrankweighted
M: 2
lambda: 10
epsilon_svgd: 0.02
gamma: 0.003
decay_start_ratio: 0.01
decay_min_factor: 0.01
bandwith_kernel: None
no_interact: False
avg_score: -563.0
median_score: -559.5
std_score: 27.900537490844727
percentiles: 2%=-617.3200073242188, 5%=-609.0999755859375, 10%=-603.2000122070312, 25%=-582.75, 50%=-559.5, 75%=-545.0, 90%=-530.7999877929688, 95%=-516.0, 98%=-511.8199462890625
ranking_best_algo: Tabu
ranking_best_score: 588.7199999999999
ranking_my_rank: 94/503 (81.5%)
ranking_my_percent: 81.51093439363817
