ConfigName: krbf__advnormalizedfitness__M3__L8__eps0p033__g0p01__ds0p01__dm0p3
Problem: NK
Kernel: rbf
Advantage: normalizedfitness
M: 3
lambda: 8
epsilon_svgd: 0.033
gamma: 0.01
decay_start_ratio: 0.01
decay_min_factor: 0.3
bandwith_kernel: None
no_interact: False
avg_score: 0.7116766571998596
median_score: 0.70106041431427
std_score: 0.03150875121355057
percentiles: 2%=0.6734376549720764, 5%=0.6735892295837402, 10%=0.6757414937019348, 25%=0.6835266351699829, 50%=0.70106041431427, 75%=0.7474179267883301, 90%=0.7534023523330688, 95%=0.7613165378570557, 98%=0.7613165378570557
ranking_best_algo: CMApara
ranking_best_score: 0.7118996098437498
ranking_my_rank: 2/504 (99.8%)
ranking_my_percent: 99.8015873015873
