ConfigName: kjsd__advperagentrankweighted__M3__L18__eps0p007__g0p0005__ds0p1__dm0p1
Problem: QUBO
Kernel: jsd
Advantage: peragentrankweighted
M: 3
lambda: 18
epsilon_svgd: 0.007
gamma: 0.0005
decay_start_ratio: 0.1
decay_min_factor: 0.1
bandwith_kernel: None
no_interact: False
avg_score: -198.74000549316406
median_score: -198.0
std_score: 13.479331970214844
percentiles: 2%=-224.0, 5%=-222.10000610351562, 10%=-216.3000030517578, 25%=-207.25, 50%=-198.0, 75%=-189.0, 90%=-180.89999389648438, 95%=-174.89999389648438, 98%=-170.97999572753906
ranking_best_algo: Tabu
ranking_best_score: 208.36000000000004
ranking_my_rank: 91/504 (82.1%)
ranking_my_percent: 82.14285714285714
