ConfigName: kjsd__advperagentrankweighted__M4__L12__eps0p03__g0p0003__ds0p2__dm0p05
Problem: QUBO
Kernel: jsd
Advantage: peragentrankweighted
M: 4
lambda: 12
epsilon_svgd: 0.03
gamma: 0.0003
decay_start_ratio: 0.2
decay_min_factor: 0.05
bandwith_kernel: None
no_interact: False
avg_score: -1530.52001953125
median_score: -1534.0
std_score: 68.80458068847656
percentiles: 2%=-1663.0400390625, 5%=-1636.0, 10%=-1621.4000244140625, 25%=-1584.5, 50%=-1534.0, 75%=-1482.5, 90%=-1448.4000244140625, 95%=-1428.0999755859375, 98%=-1384.97998046875
ranking_best_algo: NLOPT_LN_PRAXIS
ranking_best_score: 1607.12
ranking_my_rank: 57/504 (88.9%)
ranking_my_percent: 88.88888888888889
