ConfigName: kjsd__advperagentrankweighted__M3__L18__eps0p005__g0p003__ds0p2__dm0p05
Problem: QUBO
Kernel: jsd
Advantage: peragentrankweighted
M: 3
lambda: 18
epsilon_svgd: 0.005
gamma: 0.003
decay_start_ratio: 0.2
decay_min_factor: 0.05
bandwith_kernel: None
no_interact: False
avg_score: -2171.300048828125
median_score: -2175.5
std_score: 143.61264038085938
percentiles: 2%=-2524.02001953125, 5%=-2409.300048828125, 10%=-2344.39990234375, 25%=-2265.75, 50%=-2175.5, 75%=-2046.0, 90%=-1992.5, 95%=-1966.550048828125, 98%=-1943.52001953125
ranking_best_algo: SVM1MetaModelLogNormal
ranking_best_score: 2605.14
ranking_my_rank: 196/504 (61.3%)
ranking_my_percent: 61.30952380952381
