ConfigName: krbf__advnormalizedfitness__M3__L8__eps0p025__g0p015__ds0p3__dm0p3
Problem: QUBO
Kernel: rbf
Advantage: normalizedfitness
M: 3
lambda: 8
epsilon_svgd: 0.025
gamma: 0.015
decay_start_ratio: 0.3
decay_min_factor: 0.3
bandwith_kernel: None
no_interact: False
avg_score: -332.0199890136719
median_score: -335.0
std_score: 19.340103149414062
percentiles: 2%=-370.0400085449219, 5%=-361.0, 10%=-350.0, 25%=-343.0, 50%=-335.0, 75%=-322.0, 90%=-304.0, 95%=-297.8500061035156, 98%=-283.91998291015625
ranking_best_algo: CMApara
ranking_best_score: 344.22
ranking_my_rank: 75/504 (85.3%)
ranking_my_percent: 85.31746031746032
