ConfigName: krbf__advnormalizedfitness__M3__L10__eps0p033__g0p01__ds0p01__dm0p01
Problem: QUBO
Kernel: rbf
Advantage: normalizedfitness
M: 3
lambda: 10
epsilon_svgd: 0.033
gamma: 0.01
decay_start_ratio: 0.01
decay_min_factor: 0.01
bandwith_kernel: None
no_interact: False
avg_score: -201.4199981689453
median_score: -202.5
std_score: 12.492541313171387
percentiles: 2%=-222.0399932861328, 5%=-221.0500030517578, 10%=-218.0, 25%=-210.0, 50%=-202.5, 75%=-196.5, 90%=-183.0, 95%=-178.85000610351562, 98%=-173.87997436523438
ranking_best_algo: Tabu
ranking_best_score: 208.36000000000004
ranking_my_rank: 40/504 (92.3%)
ranking_my_percent: 92.26190476190476
