ConfigName: kjsd__advperagentrankweighted__M6__L8__eps0p03__g0p0003__ds0p2__dm0p05
Problem: NK
Kernel: jsd
Advantage: peragentrankweighted
M: 6
lambda: 8
epsilon_svgd: 0.03
gamma: 0.0003
decay_start_ratio: 0.2
decay_min_factor: 0.05
bandwith_kernel: None
no_interact: False
avg_score: 0.7333168983459473
median_score: 0.7333226203918457
std_score: 0.014206180348992348
percentiles: 2%=0.7072430849075317, 5%=0.7105817198753357, 10%=0.7153779864311218, 25%=0.7228001356124878, 50%=0.7333226203918457, 75%=0.7410250306129456, 90%=0.7543888092041016, 95%=0.7579066157341003, 98%=0.7612476944923401
ranking_best_algo: Tabu
ranking_best_score: 0.7470791764843752
ranking_my_rank: 23/504 (95.6%)
ranking_my_percent: 95.63492063492063
