ConfigName: kjsd__advperagentrankweighted__M3__L16__eps0p005__g0p003__ds0p05__dm0p1
Problem: QUBO
Kernel: jsd
Advantage: peragentrankweighted
M: 3
lambda: 16
epsilon_svgd: 0.005
gamma: 0.003
decay_start_ratio: 0.05
decay_min_factor: 0.1
bandwith_kernel: None
no_interact: False
avg_score: -2429.340087890625
median_score: -2417.5
std_score: 148.8865509033203
percentiles: 2%=-2688.239990234375, 5%=-2641.35009765625, 10%=-2628.0, 25%=-2556.0, 50%=-2417.5, 75%=-2321.5, 90%=-2244.800048828125, 95%=-2180.25, 98%=-2139.47998046875
ranking_best_algo: DiscreteLengler2OnePlusOne
ranking_best_score: 2617.04
ranking_my_rank: 127/504 (75.0%)
ranking_my_percent: 75.0
