ConfigName: kjsd__advperagentrankweighted__M3__L18__eps0p007__g0p0005__ds0p1__dm0p1
Problem: QUBO
Kernel: jsd
Advantage: peragentrankweighted
M: 3
lambda: 18
epsilon_svgd: 0.007
gamma: 0.0005
decay_start_ratio: 0.1
decay_min_factor: 0.1
bandwith_kernel: None
no_interact: False
avg_score: -2641.419921875
median_score: -2644.0
std_score: 132.18527221679688
percentiles: 2%=-2895.699951171875, 5%=-2860.5, 10%=-2810.199951171875, 25%=-2729.25, 50%=-2644.0, 75%=-2554.75, 90%=-2498.10009765625, 95%=-2388.0, 98%=-2382.659912109375
ranking_best_algo: DiscreteLengler2OnePlusOne
ranking_best_score: 2617.04
ranking_my_rank: 1/504 (100.0%)
ranking_my_percent: 100.0
