ConfigName: kjsd__advperagentrankweighted__M3__L18__eps0p01__g0p001__ds0p05__dm0p2
Problem: NK
Kernel: jsd
Advantage: peragentrankweighted
M: 3
lambda: 18
epsilon_svgd: 0.01
gamma: 0.001
decay_start_ratio: 0.05
decay_min_factor: 0.2
bandwith_kernel: None
no_interact: False
avg_score: 0.7540839314460754
median_score: 0.7543701529502869
std_score: 0.012407871894538403
percentiles: 2%=0.7326823472976685, 5%=0.7352076768875122, 10%=0.738379955291748, 25%=0.743606686592102, 50%=0.7543701529502869, 75%=0.7640899419784546, 90%=0.7712135314941406, 95%=0.7729216814041138, 98%=0.779296875
ranking_best_algo: Tabu
ranking_best_score: 0.7470791764843752
ranking_my_rank: 1/504 (100.0%)
ranking_my_percent: 100.0
