ConfigName: kjsd__advperagentrankweighted__M4__L12__eps0p02__g0p0005__ds0p05__dm0p05
Problem: NK
Kernel: jsd
Advantage: peragentrankweighted
M: 4
lambda: 12
epsilon_svgd: 0.02
gamma: 0.0005
decay_start_ratio: 0.05
decay_min_factor: 0.05
bandwith_kernel: None
no_interact: False
avg_score: 0.7213886380195618
median_score: 0.7212947010993958
std_score: 0.010648188181221485
percentiles: 2%=0.7034707069396973, 5%=0.7056997418403625, 10%=0.7082614302635193, 25%=0.7126426100730896, 50%=0.7212947010993958, 75%=0.7286679148674011, 90%=0.7349926829338074, 95%=0.7395697236061096, 98%=0.743639349937439
ranking_best_algo: Tabu
ranking_best_score: 0.7429702712499999
ranking_my_rank: 8/504 (98.6%)
ranking_my_percent: 98.61111111111111
