ConfigName: kjsd__advperagentrankweighted__M3__L18__eps0p005__g0p001__ds0p05__dm0p05
Problem: NK
Kernel: jsd
Advantage: peragentrankweighted
M: 3
lambda: 18
epsilon_svgd: 0.005
gamma: 0.001
decay_start_ratio: 0.05
decay_min_factor: 0.05
bandwith_kernel: None
no_interact: False
avg_score: 0.7412480115890503
median_score: 0.7406086325645447
std_score: 0.0139160742983222
percentiles: 2%=0.71949702501297, 5%=0.7208587527275085, 10%=0.7232641577720642, 25%=0.7291812896728516, 50%=0.7406086325645447, 75%=0.7498366236686707, 90%=0.7594406604766846, 95%=0.7666038870811462, 98%=0.7712565064430237
ranking_best_algo: Tabu
ranking_best_score: 0.7601875690625
ranking_my_rank: 12/504 (97.8%)
ranking_my_percent: 97.81746031746032
