ConfigName: kjsd__advperagentrankweighted__M5__L12__eps0p03__g0p0005__ds0p05__dm0p05
Problem: QUBO
Kernel: jsd
Advantage: peragentrankweighted
M: 5
lambda: 12
epsilon_svgd: 0.03
gamma: 0.0005
decay_start_ratio: 0.05
decay_min_factor: 0.05
bandwith_kernel: None
no_interact: False
avg_score: -2555.97998046875
median_score: -2528.5
std_score: 122.82246398925781
percentiles: 2%=-2850.080078125, 5%=-2784.050048828125, 10%=-2736.10009765625, 25%=-2646.25, 50%=-2528.5, 75%=-2467.0, 90%=-2425.0, 95%=-2400.64990234375, 98%=-2377.419921875
ranking_best_algo: SVM1MetaModelLogNormal
ranking_best_score: 2605.14
ranking_my_rank: 41/504 (92.1%)
ranking_my_percent: 92.06349206349206
