ConfigName: kfr__advglobalrankweighted__M2__L7__eps0p015__g0p005__ds0p01__dm0p01
Problem: QUBO
Kernel: fr
Advantage: globalrankweighted
M: 2
lambda: 7
epsilon_svgd: 0.015
gamma: 0.005
decay_start_ratio: 0.01
decay_min_factor: 0.01
bandwith_kernel: None
no_interact: False
avg_score: -135.82000732421875
median_score: -138.0
std_score: 12.445384979248047
percentiles: 2%=-158.0, 5%=-154.0500030517578, 10%=-150.10000610351562, 25%=-146.0, 50%=-138.0, 75%=-125.75, 90%=-118.9000015258789, 95%=-115.0, 98%=-109.97999572753906
ranking_best_algo: DiscreteDE
ranking_best_score: 143.4
ranking_my_rank: 238/504 (53.0%)
ranking_my_percent: 52.976190476190474
