ConfigName: kjsd__advperagentrankweighted__M3__L16__eps0p01__g0p0005__ds0p05__dm0p2
Problem: QUBO
Kernel: jsd
Advantage: peragentrankweighted
M: 3
lambda: 16
epsilon_svgd: 0.01
gamma: 0.0005
decay_start_ratio: 0.05
decay_min_factor: 0.2
bandwith_kernel: None
no_interact: False
avg_score: -2613.0400390625
median_score: -2607.0
std_score: 119.0960922241211
percentiles: 2%=-2872.1201171875, 5%=-2794.25, 10%=-2748.39990234375, 25%=-2693.5, 50%=-2607.0, 75%=-2538.75, 90%=-2453.800048828125, 95%=-2434.25, 98%=-2370.5
ranking_best_algo: SVM1MetaModelLogNormal
ranking_best_score: 2605.14
ranking_my_rank: 1/504 (100.0%)
ranking_my_percent: 100.0
