ConfigName: krbf__advnormalizedfitness__M4__L24__eps0p02__g0p005__ds0p15__dm0p05
Problem: NK
Kernel: rbf
Advantage: normalizedfitness
M: 4
lambda: 24
epsilon_svgd: 0.02
gamma: 0.005
decay_start_ratio: 0.15
decay_min_factor: 0.05
bandwith_kernel: None
no_interact: False
avg_score: 0.7471147179603577
median_score: 0.7502323389053345
std_score: 0.016370663419365883
percentiles: 2%=0.7089712619781494, 5%=0.7191845178604126, 10%=0.7258560657501221, 25%=0.7355221509933472, 50%=0.7502323389053345, 75%=0.7592762112617493, 90%=0.7659409642219543, 95%=0.7695768475532532, 98%=0.7717230319976807
ranking_best_algo: Tabu
ranking_best_score: 0.7657846284375001
ranking_my_rank: 35/504 (93.3%)
ranking_my_percent: 93.25396825396825
