ConfigName: kjsd__advperagentrankweighted__M4__L30__eps0p005__g0p0007__ds0p4__dm0p05
Problem: QUBO
Kernel: jsd
Advantage: peragentrankweighted
M: 4
lambda: 30
epsilon_svgd: 0.005
gamma: 0.0007
decay_start_ratio: 0.4
decay_min_factor: 0.05
bandwith_kernel: None
no_interact: False
avg_score: -1479.43994140625
median_score: -1479.5
std_score: 92.6916732788086
percentiles: 2%=-1665.0400390625, 5%=-1620.949951171875, 10%=-1603.300048828125, 25%=-1545.25, 50%=-1479.5, 75%=-1412.5, 90%=-1356.800048828125, 95%=-1331.8499755859375, 98%=-1280.9200439453125
ranking_best_algo: NLOPT_LN_PRAXIS
ranking_best_score: 1607.12
ranking_my_rank: 83/504 (83.7%)
ranking_my_percent: 83.73015873015873
