ConfigName: krbf__advnormalizedfitness__M2__L8__eps0p015__g0p007__ds0p01__dm0p01
Problem: NK
Kernel: rbf
Advantage: normalizedfitness
M: 2
lambda: 8
epsilon_svgd: 0.015
gamma: 0.007
decay_start_ratio: 0.01
decay_min_factor: 0.01
bandwith_kernel: None
no_interact: False
avg_score: 0.7428684830665588
median_score: 0.7408133745193481
std_score: 0.0284173171967268
percentiles: 2%=0.6997202038764954, 5%=0.7019244432449341, 10%=0.7083671689033508, 25%=0.7202661037445068, 50%=0.7408133745193481, 75%=0.7601335048675537, 90%=0.7739955186843872, 95%=0.8044298887252808, 98%=0.8056409358978271
ranking_best_algo: CMApara
ranking_best_score: 0.7459277895312499
ranking_my_rank: 14/504 (97.4%)
ranking_my_percent: 97.42063492063492
