ConfigName: krbf__advnormalizedfitness__M4__L15__eps0p033__g0p01__ds0p3__dm0p3
Problem: QUBO
Kernel: rbf
Advantage: normalizedfitness
M: 4
lambda: 15
epsilon_svgd: 0.033
gamma: 0.01
decay_start_ratio: 0.3
decay_min_factor: 0.3
bandwith_kernel: None
no_interact: False
avg_score: -377.0799865722656
median_score: -372.5
std_score: 36.75151062011719
percentiles: 2%=-451.1600036621094, 5%=-438.3500061035156, 10%=-429.0, 25%=-402.0, 50%=-372.5, 75%=-354.75, 90%=-327.8999938964844, 95%=-319.95001220703125, 98%=-313.77996826171875
ranking_best_algo: CMAL3
ranking_best_score: 435.36
ranking_my_rank: 316/504 (37.5%)
ranking_my_percent: 37.5
