ConfigName: krbf__advnormalizedfitness__M4__L24__eps0p02__g0p01__ds0p15__dm0p05
Problem: NK
Kernel: rbf
Advantage: normalizedfitness
M: 4
lambda: 24
epsilon_svgd: 0.02
gamma: 0.01
decay_start_ratio: 0.15
decay_min_factor: 0.05
bandwith_kernel: None
no_interact: False
avg_score: 0.652848482131958
median_score: 0.6506332755088806
std_score: 0.01624923199415207
percentiles: 2%=0.6231135129928589, 5%=0.6298831105232239, 10%=0.631574273109436, 25%=0.6408480405807495, 50%=0.6506332755088806, 75%=0.6646339893341064, 90%=0.6736278533935547, 95%=0.6768604516983032, 98%=0.684731662273407
ranking_best_algo: Tabu
ranking_best_score: 0.7470791764843752
ranking_my_rank: 336/504 (33.5%)
ranking_my_percent: 33.53174603174603
