ConfigName: krbf__advnormalizedfitness__M4__L15__eps0p03__g0p002__ds0p05__dm0p05
Problem: QUBO
Kernel: rbf
Advantage: normalizedfitness
M: 4
lambda: 15
epsilon_svgd: 0.03
gamma: 0.002
decay_start_ratio: 0.05
decay_min_factor: 0.05
bandwith_kernel: None
no_interact: False
avg_score: -575.219970703125
median_score: -575.0
std_score: 22.889116287231445
percentiles: 2%=-625.0800170898438, 5%=-615.1500244140625, 10%=-603.2999877929688, 25%=-590.25, 50%=-575.0, 75%=-559.0, 90%=-545.9000244140625, 95%=-538.9500122070312, 98%=-534.9600219726562
ranking_best_algo: Tabu
ranking_best_score: 588.7199999999999
ranking_my_rank: 57/503 (88.9%)
ranking_my_percent: 88.86679920477137
