ConfigName: kjsd__advperagentrankweighted__M4__L8__eps0p005__g0p003__ds0p05__dm0p05
Problem: QUBO
Kernel: jsd
Advantage: peragentrankweighted
M: 4
lambda: 8
epsilon_svgd: 0.005
gamma: 0.003
decay_start_ratio: 0.05
decay_min_factor: 0.05
bandwith_kernel: None
no_interact: False
avg_score: -2387.080078125
median_score: -2378.0
std_score: 165.24827575683594
percentiles: 2%=-2716.239990234375, 5%=-2654.449951171875, 10%=-2592.10009765625, 25%=-2507.75, 50%=-2378.0, 75%=-2268.0, 90%=-2205.300048828125, 95%=-2101.550048828125, 98%=-2065.860107421875
ranking_best_algo: SVM1MetaModelLogNormal
ranking_best_score: 2605.14
ranking_my_rank: 132/504 (74.0%)
ranking_my_percent: 74.0079365079365
