ConfigName: kjsd__advperagentrankweighted__M3__L30__eps0p005__g0p0005__ds0p2__dm0p1
Problem: QUBO
Kernel: jsd
Advantage: peragentrankweighted
M: 3
lambda: 30
epsilon_svgd: 0.005
gamma: 0.0005
decay_start_ratio: 0.2
decay_min_factor: 0.1
bandwith_kernel: None
no_interact: False
avg_score: -147.5399932861328
median_score: -147.0
std_score: 12.397918701171875
percentiles: 2%=-179.0, 5%=-177.0, 10%=-158.0, 25%=-155.0, 50%=-147.0, 75%=-140.75, 90%=-134.0, 95%=-129.85000610351562, 98%=-120.91999816894531
ranking_best_algo: CMApara
ranking_best_score: 154.28
ranking_my_rank: 95/504 (81.3%)
ranking_my_percent: 81.34920634920636
