ConfigName: krbf__advnormalizedfitness__M3__L10__eps0p025__g0p007__ds0p01__dm0p3
Problem: NK
Kernel: rbf
Advantage: normalizedfitness
M: 3
lambda: 10
epsilon_svgd: 0.025
gamma: 0.007
decay_start_ratio: 0.01
decay_min_factor: 0.3
bandwith_kernel: None
no_interact: False
avg_score: 0.7116783857345581
median_score: 0.70106041431427
std_score: 0.031559791415929794
percentiles: 2%=0.6734704971313477, 5%=0.675126850605011, 10%=0.6774763464927673, 25%=0.6824496388435364, 50%=0.70106041431427, 75%=0.7473976612091064, 90%=0.7540167570114136, 95%=0.7613165378570557, 98%=0.7613165378570557
ranking_best_algo: CMApara
ranking_best_score: 0.7118996098437498
ranking_my_rank: 2/504 (99.8%)
ranking_my_percent: 99.8015873015873
