ConfigName: krbf__advnormalizedfitness__M1__L8__eps0p033__g0p005__ds0p01__dm0p3
Problem: NK
Kernel: rbf
Advantage: normalizedfitness
M: 1
lambda: 8
epsilon_svgd: 0.033
gamma: 0.005
decay_start_ratio: 0.01
decay_min_factor: 0.3
bandwith_kernel: None
no_interact: False
avg_score: 0.7151139974594116
median_score: 0.714055597782135
std_score: 0.018533995375037193
percentiles: 2%=0.6822515726089478, 5%=0.6886104941368103, 10%=0.6906636357307434, 25%=0.7020167112350464, 50%=0.714055597782135, 75%=0.7277575135231018, 90%=0.7417255640029907, 95%=0.7462165951728821, 98%=0.7516527771949768
ranking_best_algo: Tabu
ranking_best_score: 0.7601875690625
ranking_my_rank: 229/504 (54.8%)
ranking_my_percent: 54.76190476190476
