ConfigName: krbf__advnormalizedfitness__M1__L8__eps0p025__g0p005__ds0p01__dm0p3
Problem: QUBO
Kernel: rbf
Advantage: normalizedfitness
M: 1
lambda: 8
epsilon_svgd: 0.025
gamma: 0.005
decay_start_ratio: 0.01
decay_min_factor: 0.3
bandwith_kernel: None
no_interact: False
avg_score: -131.94000244140625
median_score: -132.0
std_score: 16.292219161987305
percentiles: 2%=-157.02000427246094, 5%=-155.0, 10%=-150.10000610351562, 25%=-143.0, 50%=-132.0, 75%=-122.75, 90%=-118.9000015258789, 95%=-114.7500228881836, 98%=-106.91998291015625
ranking_best_algo: DiscreteDE
ranking_best_score: 143.4
ranking_my_rank: 318/504 (37.1%)
ranking_my_percent: 37.1031746031746
