ConfigName: krbf__advnormalizedfitness__M3__L10__eps0p033__g0p01__ds0p15__dm0p01
Problem: NK
Kernel: rbf
Advantage: normalizedfitness
M: 3
lambda: 10
epsilon_svgd: 0.033
gamma: 0.01
decay_start_ratio: 0.15
decay_min_factor: 0.01
bandwith_kernel: None
no_interact: False
avg_score: 0.7351024150848389
median_score: 0.7375249862670898
std_score: 0.009202254004776478
percentiles: 2%=0.7147679328918457, 5%=0.7171980738639832, 10%=0.7201374173164368, 25%=0.7303699851036072, 50%=0.7375249862670898, 75%=0.7419706583023071, 90%=0.7450941801071167, 95%=0.7475230693817139, 98%=0.747982919216156
ranking_best_algo: PBIL
ranking_best_score: 0.7248786399609374
ranking_my_rank: 1/504 (100.0%)
ranking_my_percent: 100.0
