ConfigName: kjsd__advperagentrankweighted__M4__L10__eps0p01__g0p0003__ds0p2__dm0p05
Problem: QUBO
Kernel: jsd
Advantage: peragentrankweighted
M: 4
lambda: 10
epsilon_svgd: 0.01
gamma: 0.0003
decay_start_ratio: 0.2
decay_min_factor: 0.05
bandwith_kernel: None
no_interact: False
avg_score: -572.280029296875
median_score: -565.5
std_score: 28.818771362304688
percentiles: 2%=-627.1199951171875, 5%=-623.0999755859375, 10%=-615.0, 25%=-590.25, 50%=-565.5, 75%=-556.0, 90%=-531.7000122070312, 95%=-521.0, 98%=-520.97998046875
ranking_best_algo: Tabu
ranking_best_score: 588.7199999999999
ranking_my_rank: 62/503 (87.9%)
ranking_my_percent: 87.8727634194831
