ConfigName: krbf__advnormalizedfitness__M4__L10__eps0p03__g0p01__ds0p15__dm0p05
Problem: NK
Kernel: rbf
Advantage: normalizedfitness
M: 4
lambda: 10
epsilon_svgd: 0.03
gamma: 0.01
decay_start_ratio: 0.15
decay_min_factor: 0.05
bandwith_kernel: None
no_interact: False
avg_score: 0.7280937433242798
median_score: 0.7300450801849365
std_score: 0.010617909021675587
percentiles: 2%=0.7024745345115662, 5%=0.7096089124679565, 10%=0.7122394442558289, 25%=0.7206208109855652, 50%=0.7300450801849365, 75%=0.7369081974029541, 90%=0.7399104237556458, 95%=0.7411288022994995, 98%=0.7444868087768555
ranking_best_algo: PBIL
ranking_best_score: 0.7248786399609374
ranking_my_rank: 1/504 (100.0%)
ranking_my_percent: 100.0
