ConfigName: kjsd__advperagentrankweighted__M4__L28__eps0p008__g0p0005__ds0p05__dm0p05
Problem: NK
Kernel: jsd
Advantage: peragentrankweighted
M: 4
lambda: 28
epsilon_svgd: 0.008
gamma: 0.0005
decay_start_ratio: 0.05
decay_min_factor: 0.05
bandwith_kernel: None
no_interact: False
avg_score: 0.7479090094566345
median_score: 0.7482231855392456
std_score: 0.008978587575256824
percentiles: 2%=0.732243001461029, 5%=0.7341967225074768, 10%=0.7359797954559326, 25%=0.7406808733940125, 50%=0.7482231855392456, 75%=0.7559605836868286, 90%=0.7603434324264526, 95%=0.7614556550979614, 98%=0.7630090713500977
ranking_best_algo: PBIL
ranking_best_score: 0.733570253046875
ranking_my_rank: 1/504 (100.0%)
ranking_my_percent: 100.0
