ConfigName: krbf__advglobalrankweighted__M4__L11__eps0p01__g0p003__ds0p01__dm0p01
Problem: QUBO
Kernel: rbf
Advantage: globalrankweighted
M: 4
lambda: 11
epsilon_svgd: 0.01
gamma: 0.003
decay_start_ratio: 0.01
decay_min_factor: 0.01
bandwith_kernel: None
no_interact: False
avg_score: -147.55999755859375
median_score: -145.0
std_score: 12.167431831359863
percentiles: 2%=-179.0, 5%=-179.0, 10%=-160.0, 25%=-155.0, 50%=-145.0, 75%=-139.0, 90%=-135.0, 95%=-131.0, 98%=-128.95999145507812
ranking_best_algo: CMApara
ranking_best_score: 154.28
ranking_my_rank: 94/504 (81.5%)
ranking_my_percent: 81.54761904761905
