ConfigName: kjsd__advperagentrankweighted__M6__L12__eps0p008__g0p0005__ds0p05__dm0p05
Problem: NK
Kernel: jsd
Advantage: peragentrankweighted
M: 6
lambda: 12
epsilon_svgd: 0.008
gamma: 0.0005
decay_start_ratio: 0.05
decay_min_factor: 0.05
bandwith_kernel: None
no_interact: False
avg_score: 0.7567100524902344
median_score: 0.7559157013893127
std_score: 0.012756407260894775
percentiles: 2%=0.7347227334976196, 5%=0.737179696559906, 10%=0.7406147122383118, 25%=0.7473353147506714, 50%=0.7559157013893127, 75%=0.7649219632148743, 90%=0.7759986519813538, 95%=0.7787175178527832, 98%=0.7829772233963013
ranking_best_algo: Tabu
ranking_best_score: 0.7657846284375001
ranking_my_rank: 2/504 (99.8%)
ranking_my_percent: 99.8015873015873
