ConfigName: kjsd__advperagentrankweighted__M5__L8__eps0p01__g0p0003__ds0p2__dm0p05
Problem: QUBO
Kernel: jsd
Advantage: peragentrankweighted
M: 5
lambda: 8
epsilon_svgd: 0.01
gamma: 0.0003
decay_start_ratio: 0.2
decay_min_factor: 0.05
bandwith_kernel: None
no_interact: False
avg_score: -308.739990234375
median_score: -311.0
std_score: 38.807891845703125
percentiles: 2%=-392.0400085449219, 5%=-388.0, 10%=-354.79998779296875, 25%=-332.5, 50%=-311.0, 75%=-272.75, 90%=-262.8999938964844, 95%=-256.0, 98%=-251.83999633789062
ranking_best_algo: CMApara
ranking_best_score: 319.29999999999995
ranking_my_rank: 87/504 (82.9%)
ranking_my_percent: 82.93650793650794
