ConfigName: kjsd__advperagentrankweighted__M3__L18__eps0p01__g0p003__ds0p2__dm0p1
Problem: QUBO
Kernel: jsd
Advantage: peragentrankweighted
M: 3
lambda: 18
epsilon_svgd: 0.01
gamma: 0.003
decay_start_ratio: 0.2
decay_min_factor: 0.1
bandwith_kernel: None
no_interact: False
avg_score: -329.0
median_score: -335.0
std_score: 26.465072631835938
percentiles: 2%=-372.0, 5%=-372.0, 10%=-357.0, 25%=-349.25, 50%=-335.0, 75%=-308.0, 90%=-290.0, 95%=-280.0, 98%=-273.8399963378906
ranking_best_algo: CMApara
ranking_best_score: 344.22
ranking_my_rank: 83/504 (83.7%)
ranking_my_percent: 83.73015873015873
