ConfigName: kjsd__advperagentrankweighted__M4__L8__eps0p006__g0p0005__ds0p05__dm0p05
Problem: NK
Kernel: jsd
Advantage: peragentrankweighted
M: 4
lambda: 8
epsilon_svgd: 0.006
gamma: 0.0005
decay_start_ratio: 0.05
decay_min_factor: 0.05
bandwith_kernel: None
no_interact: False
avg_score: 0.7092078328132629
median_score: 0.7105222344398499
std_score: 0.015710635110735893
percentiles: 2%=0.6693727970123291, 5%=0.6700999736785889, 10%=0.6941625475883484, 25%=0.7059427499771118, 50%=0.7105222344398499, 75%=0.7191159725189209, 90%=0.7253097891807556, 95%=0.7322229146957397, 98%=0.7332637310028076
ranking_best_algo: CMApara
ranking_best_score: 0.707475975
ranking_my_rank: 1/504 (100.0%)
ranking_my_percent: 100.0
