ConfigName: kjsd__advperagentrankweighted__M5__L10__eps0p005__g0p003__ds0p4__dm0p2
Problem: QUBO
Kernel: jsd
Advantage: peragentrankweighted
M: 5
lambda: 10
epsilon_svgd: 0.005
gamma: 0.003
decay_start_ratio: 0.4
decay_min_factor: 0.2
bandwith_kernel: None
no_interact: False
avg_score: -902.1199951171875
median_score: -905.0
std_score: 121.55644226074219
percentiles: 2%=-1179.8800048828125, 5%=-1104.5, 10%=-1042.699951171875, 25%=-964.75, 50%=-905.0, 75%=-825.5, 90%=-738.0, 95%=-718.6500244140625, 98%=-689.6400146484375
ranking_best_algo: Tabu
ranking_best_score: 1216.16
ranking_my_rank: 327/504 (35.3%)
ranking_my_percent: 35.317460317460316
