ConfigName: kjsd__advperagentrankweighted__M4__L12__eps0p03__g0p0005__ds0p05__dm0p05
Problem: QUBO
Kernel: jsd
Advantage: peragentrankweighted
M: 4
lambda: 12
epsilon_svgd: 0.03
gamma: 0.0005
decay_start_ratio: 0.05
decay_min_factor: 0.05
bandwith_kernel: None
no_interact: False
avg_score: -422.1000061035156
median_score: -421.0
std_score: 29.183387756347656
percentiles: 2%=-477.0799865722656, 5%=-473.0, 10%=-467.0, 25%=-438.0, 50%=-421.0, 75%=-402.75, 90%=-394.5, 95%=-379.8999938964844, 98%=-355.9599914550781
ranking_best_algo: CMAL3
ranking_best_score: 435.36
ranking_my_rank: 46/504 (91.1%)
ranking_my_percent: 91.07142857142857
