ConfigName: kjsd__advperagentrankweighted__M4__L8__eps0p01__g0p0003__ds0p4__dm0p05
Problem: QUBO
Kernel: jsd
Advantage: peragentrankweighted
M: 4
lambda: 8
epsilon_svgd: 0.01
gamma: 0.0003
decay_start_ratio: 0.4
decay_min_factor: 0.05
bandwith_kernel: None
no_interact: False
avg_score: -138.27999877929688
median_score: -139.0
std_score: 10.917948722839355
percentiles: 2%=-159.0, 5%=-155.0500030517578, 10%=-151.1999969482422, 25%=-146.0, 50%=-139.0, 75%=-130.0, 90%=-125.0, 95%=-119.0, 98%=-113.0
ranking_best_algo: DiscreteDE
ranking_best_score: 143.4
ranking_my_rank: 108/504 (78.8%)
ranking_my_percent: 78.76984126984127
