ConfigName: kjsd__advperagentrankweighted__M4__L24__eps0p005__g0p0005__ds0p2__dm0p05
Problem: QUBO
Kernel: jsd
Advantage: peragentrankweighted
M: 4
lambda: 24
epsilon_svgd: 0.005
gamma: 0.0005
decay_start_ratio: 0.2
decay_min_factor: 0.05
bandwith_kernel: None
no_interact: False
avg_score: -1299.9200439453125
median_score: -1295.0
std_score: 63.50443649291992
percentiles: 2%=-1449.0, 5%=-1417.550048828125, 10%=-1386.0, 25%=-1337.5, 50%=-1295.0, 75%=-1259.0, 90%=-1220.9000244140625, 95%=-1196.5999755859375, 98%=-1180.8399658203125
ranking_best_algo: BigLognormalDiscreteOnePlusOne
ranking_best_score: 1301.3600000000004
ranking_my_rank: 2/504 (99.8%)
ranking_my_percent: 99.8015873015873
