ConfigName: kfr__advglobalrankweighted__M3__L8__eps0p015__g0p007__ds0p01__dm0p01
Problem: QUBO
Kernel: fr
Advantage: globalrankweighted
M: 3
lambda: 8
epsilon_svgd: 0.015
gamma: 0.007
decay_start_ratio: 0.01
decay_min_factor: 0.01
bandwith_kernel: None
no_interact: False
avg_score: -327.5199890136719
median_score: -327.0
std_score: 23.87403678894043
percentiles: 2%=-372.0, 5%=-361.54998779296875, 10%=-354.29998779296875, 25%=-343.25, 50%=-327.0, 75%=-309.5, 90%=-292.0, 95%=-287.9000244140625, 98%=-280.0
ranking_best_algo: CMApara
ranking_best_score: 344.22
ranking_my_rank: 86/504 (83.1%)
ranking_my_percent: 83.13492063492063
