ConfigName: kjsd__advperagentrankweighted__M4__L20__eps0p005__g0p001__ds0p2__dm0p05
Problem: NK
Kernel: jsd
Advantage: peragentrankweighted
M: 4
lambda: 20
epsilon_svgd: 0.005
gamma: 0.001
decay_start_ratio: 0.2
decay_min_factor: 0.05
bandwith_kernel: None
no_interact: False
avg_score: 0.7131102085113525
median_score: 0.7174668908119202
std_score: 0.01675017923116684
percentiles: 2%=0.678056538105011, 5%=0.6853994131088257, 10%=0.6889318227767944, 25%=0.6974156498908997, 50%=0.7174668908119202, 75%=0.7255576848983765, 90%=0.7325227856636047, 95%=0.7352845072746277, 98%=0.7389885187149048
ranking_best_algo: Tabu
ranking_best_score: 0.7429702712499999
ranking_my_rank: 138/504 (72.8%)
ranking_my_percent: 72.81746031746032
