ConfigName: kjsd__advperagentrankweighted__M4__L10__eps0p03__g0p0007__ds0p05__dm0p05
Problem: QUBO
Kernel: jsd
Advantage: peragentrankweighted
M: 4
lambda: 10
epsilon_svgd: 0.03
gamma: 0.0007
decay_start_ratio: 0.05
decay_min_factor: 0.05
bandwith_kernel: None
no_interact: False
avg_score: -306.0
median_score: -310.0
std_score: 41.471920013427734
percentiles: 2%=-390.0, 5%=-386.1000061035156, 10%=-357.0, 25%=-332.5, 50%=-310.0, 75%=-268.5, 90%=-255.8000030517578, 95%=-246.0, 98%=-243.97999572753906
ranking_best_algo: CMApara
ranking_best_score: 319.29999999999995
ranking_my_rank: 121/504 (76.2%)
ranking_my_percent: 76.19047619047619
