ConfigName: kjsd__advperagentrankweighted__M2__L20__eps0p005__g0p0005__ds0p1__dm0p05
Problem: QUBO
Kernel: jsd
Advantage: peragentrankweighted
M: 2
lambda: 20
epsilon_svgd: 0.005
gamma: 0.0005
decay_start_ratio: 0.1
decay_min_factor: 0.05
bandwith_kernel: None
no_interact: False
avg_score: -1298.6600341796875
median_score: -1294.0
std_score: 58.12834930419922
percentiles: 2%=-1405.0400390625, 5%=-1386.1500244140625, 10%=-1377.199951171875, 25%=-1349.25, 50%=-1294.0, 75%=-1256.5, 90%=-1222.199951171875, 95%=-1204.9000244140625, 98%=-1184.719970703125
ranking_best_algo: BigLognormalDiscreteOnePlusOne
ranking_best_score: 1301.3600000000004
ranking_my_rank: 2/504 (99.8%)
ranking_my_percent: 99.8015873015873
