ConfigName: krbf__advnormalizedfitness__M4__L12__eps0p025__g0p007__ds0p15__dm0p3
Problem: NK
Kernel: rbf
Advantage: normalizedfitness
M: 4
lambda: 12
epsilon_svgd: 0.025
gamma: 0.007
decay_start_ratio: 0.15
decay_min_factor: 0.3
bandwith_kernel: None
no_interact: False
avg_score: 0.7446536421775818
median_score: 0.7413945198059082
std_score: 0.028586214408278465
percentiles: 2%=0.7008944749832153, 5%=0.7073050141334534, 10%=0.7114036083221436, 25%=0.7229837775230408, 50%=0.7413945198059082, 75%=0.7580187320709229, 90%=0.778337299823761, 95%=0.8069629073143005, 98%=0.8109671473503113
ranking_best_algo: CMApara
ranking_best_score: 0.7459277895312499
ranking_my_rank: 3/504 (99.6%)
ranking_my_percent: 99.60317460317461
