ConfigName: kjsd__advperagentrankweighted__M4__L24__eps0p005__g0p0003__ds0p2__dm0p05
Problem: NK
Kernel: jsd
Advantage: peragentrankweighted
M: 4
lambda: 24
epsilon_svgd: 0.005
gamma: 0.0003
decay_start_ratio: 0.2
decay_min_factor: 0.05
bandwith_kernel: None
no_interact: False
avg_score: 0.7528318762779236
median_score: 0.7522444725036621
std_score: 0.012158012017607689
percentiles: 2%=0.7291744947433472, 5%=0.7316755056381226, 10%=0.7364270091056824, 25%=0.744002103805542, 50%=0.7522444725036621, 75%=0.7614340782165527, 90%=0.7672356963157654, 95%=0.7738826274871826, 98%=0.7789093852043152
ranking_best_algo: Tabu
ranking_best_score: 0.7657846284375001
ranking_my_rank: 9/504 (98.4%)
ranking_my_percent: 98.41269841269842
