ConfigName: krbf__advnormalizedfitness__M4__L15__eps0p025__g0p005__ds0p3__dm0p01
Problem: NK
Kernel: rbf
Advantage: normalizedfitness
M: 4
lambda: 15
epsilon_svgd: 0.025
gamma: 0.005
decay_start_ratio: 0.3
decay_min_factor: 0.01
bandwith_kernel: None
no_interact: False
avg_score: 0.7106896042823792
median_score: 0.7115803360939026
std_score: 0.015011153183877468
percentiles: 2%=0.6735194325447083, 5%=0.6736777424812317, 10%=0.6971611380577087, 25%=0.7077368497848511, 50%=0.7115803360939026, 75%=0.7193042039871216, 90%=0.7253996133804321, 95%=0.7327393889427185, 98%=0.7332742214202881
ranking_best_algo: CMApara
ranking_best_score: 0.707475975
ranking_my_rank: 1/504 (100.0%)
ranking_my_percent: 100.0
