ConfigName: kjsd__advperagentrankweighted__M4__L12__eps0p008__g0p0005__ds0p05__dm0p05
Problem: QUBO
Kernel: jsd
Advantage: peragentrankweighted
M: 4
lambda: 12
epsilon_svgd: 0.008
gamma: 0.0005
decay_start_ratio: 0.05
decay_min_factor: 0.05
bandwith_kernel: None
no_interact: False
avg_score: -438.94000244140625
median_score: -441.0
std_score: 27.66796875
percentiles: 2%=-481.1199951171875, 5%=-476.04998779296875, 10%=-472.1000061035156, 25%=-461.0, 50%=-441.0, 75%=-416.0, 90%=-404.79998779296875, 95%=-394.79998779296875, 98%=-381.0
ranking_best_algo: CMApara
ranking_best_score: 453.82
ranking_my_rank: 19/504 (96.4%)
ranking_my_percent: 96.42857142857143
