ConfigName: kjsd__advperagentrankweighted__M3__L30__eps0p005__g0p0005__ds0p2__dm0p2
Problem: QUBO
Kernel: jsd
Advantage: peragentrankweighted
M: 3
lambda: 30
epsilon_svgd: 0.005
gamma: 0.0005
decay_start_ratio: 0.2
decay_min_factor: 0.2
bandwith_kernel: None
no_interact: False
avg_score: -438.9800109863281
median_score: -439.0
std_score: 27.3100643157959
percentiles: 2%=-487.0199890136719, 5%=-481.20001220703125, 10%=-473.20001220703125, 25%=-461.0, 50%=-439.0, 75%=-421.5, 90%=-398.8999938964844, 95%=-394.8500061035156, 98%=-386.9800109863281
ranking_best_algo: CMApara
ranking_best_score: 453.82
ranking_my_rank: 19/504 (96.4%)
ranking_my_percent: 96.42857142857143
