ConfigName: krbf__advnormalizedfitness__M3__L15__eps0p025__g0p007__ds0p15__dm0p3
Problem: QUBO
Kernel: rbf
Advantage: normalizedfitness
M: 3
lambda: 15
epsilon_svgd: 0.025
gamma: 0.007
decay_start_ratio: 0.15
decay_min_factor: 0.3
bandwith_kernel: None
no_interact: False
avg_score: -421.8999938964844
median_score: -421.0
std_score: 28.884424209594727
percentiles: 2%=-477.1199951171875, 5%=-469.29998779296875, 10%=-463.1000061035156, 25%=-441.0, 50%=-421.0, 75%=-402.0, 90%=-383.8999938964844, 95%=-374.95001220703125, 98%=-369.91998291015625
ranking_best_algo: CMAL3
ranking_best_score: 435.36
ranking_my_rank: 46/504 (91.1%)
ranking_my_percent: 91.07142857142857
