ConfigName: kjsd__advperagentrankweighted__M3__L30__eps0p005__g0p001__ds0p05__dm0p1
Problem: NK
Kernel: jsd
Advantage: peragentrankweighted
M: 3
lambda: 30
epsilon_svgd: 0.005
gamma: 0.001
decay_start_ratio: 0.05
decay_min_factor: 0.1
bandwith_kernel: None
no_interact: False
avg_score: 0.7376348376274109
median_score: 0.7389264106750488
std_score: 0.008799460716545582
percentiles: 2%=0.7196301817893982, 5%=0.7206846475601196, 10%=0.7241355180740356, 25%=0.7319202423095703, 50%=0.7389264106750488, 75%=0.7450165152549744, 90%=0.7479504942893982, 95%=0.7492899894714355, 98%=0.7505712509155273
ranking_best_algo: PBIL
ranking_best_score: 0.730509098125
ranking_my_rank: 1/504 (100.0%)
ranking_my_percent: 100.0
