ConfigName: kfr__advglobalrankweighted__M2__L8__eps0p01__g0p005__ds0p01__dm0p01
Problem: QUBO
Kernel: fr
Advantage: globalrankweighted
M: 2
lambda: 8
epsilon_svgd: 0.01
gamma: 0.005
decay_start_ratio: 0.01
decay_min_factor: 0.01
bandwith_kernel: None
no_interact: False
avg_score: -2584.840087890625
median_score: -2581.5
std_score: 107.0198745727539
percentiles: 2%=-2806.199951171875, 5%=-2786.10009765625, 10%=-2719.10009765625, 25%=-2660.25, 50%=-2581.5, 75%=-2506.5, 90%=-2465.89990234375, 95%=-2434.449951171875, 98%=-2390.699951171875
ranking_best_algo: SVM1MetaModelLogNormal
ranking_best_score: 2605.14
ranking_my_rank: 12/504 (97.8%)
ranking_my_percent: 97.81746031746032
