ConfigName: kjsd__advperagentrankweighted__M4__L8__eps0p02__g0p0007__ds0p05__dm0p05
Problem: QUBO
Kernel: jsd
Advantage: peragentrankweighted
M: 4
lambda: 8
epsilon_svgd: 0.02
gamma: 0.0007
decay_start_ratio: 0.05
decay_min_factor: 0.05
bandwith_kernel: None
no_interact: False
avg_score: -406.239990234375
median_score: -400.0
std_score: 27.412084579467773
percentiles: 2%=-469.1600036621094, 5%=-451.1499938964844, 10%=-442.0, 25%=-426.75, 50%=-400.0, 75%=-386.0, 90%=-376.0, 95%=-366.0, 98%=-363.9200134277344
ranking_best_algo: Tabu
ranking_best_score: 438.12
ranking_my_rank: 163/504 (67.9%)
ranking_my_percent: 67.85714285714286
