ConfigName: kjsd__advperagentrankweighted__M5__L8__eps0p005__g0p003__ds0p4__dm0p05
Problem: QUBO
Kernel: jsd
Advantage: peragentrankweighted
M: 5
lambda: 8
epsilon_svgd: 0.005
gamma: 0.003
decay_start_ratio: 0.4
decay_min_factor: 0.05
bandwith_kernel: None
no_interact: False
avg_score: -329.32000732421875
median_score: -334.0
std_score: 20.233081817626953
percentiles: 2%=-372.0, 5%=-354.1499938964844, 10%=-350.0, 25%=-342.0, 50%=-334.0, 75%=-315.5, 90%=-303.79998779296875, 95%=-291.8999938964844, 98%=-286.82000732421875
ranking_best_algo: CMApara
ranking_best_score: 344.22
ranking_my_rank: 81/504 (84.1%)
ranking_my_percent: 84.12698412698413
