ConfigName: kjsd__advperagentrankweighted__M3__L16__eps0p007__g0p003__ds0p05__dm0p05
Problem: QUBO
Kernel: jsd
Advantage: peragentrankweighted
M: 3
lambda: 16
epsilon_svgd: 0.007
gamma: 0.003
decay_start_ratio: 0.05
decay_min_factor: 0.05
bandwith_kernel: None
no_interact: False
avg_score: -3187.419921875
median_score: -3189.0
std_score: 147.216796875
percentiles: 2%=-3504.320068359375, 5%=-3429.050048828125, 10%=-3370.60009765625, 25%=-3277.25, 50%=-3189.0, 75%=-3121.25, 90%=-2975.60009765625, 95%=-2912.699951171875, 98%=-2874.5400390625
ranking_best_algo: RLSOnePlusOne
ranking_best_score: 3316.5199999999995
ranking_my_rank: 57/504 (88.9%)
ranking_my_percent: 88.88888888888889
