ConfigName: kjsd__advperagentrankweighted__M4__L8__eps0p005__g0p0007__ds0p05__dm0p05
Problem: QUBO
Kernel: jsd
Advantage: peragentrankweighted
M: 4
lambda: 8
epsilon_svgd: 0.005
gamma: 0.0007
decay_start_ratio: 0.05
decay_min_factor: 0.05
bandwith_kernel: None
no_interact: False
avg_score: -1243.3199462890625
median_score: -1239.0
std_score: 61.07665252685547
percentiles: 2%=-1388.5, 5%=-1360.050048828125, 10%=-1328.0, 25%=-1279.25, 50%=-1239.0, 75%=-1195.0, 90%=-1168.5999755859375, 95%=-1159.8499755859375, 98%=-1150.9000244140625
ranking_best_algo: SVMMetaModelLogNormal
ranking_best_score: 1233.7999999999997
ranking_my_rank: 1/504 (100.0%)
ranking_my_percent: 100.0
