ConfigName: krbf__advnormalizedfitness__M4__L10__eps0p025__g0p007__ds0p3__dm0p3
Problem: QUBO
Kernel: rbf
Advantage: normalizedfitness
M: 4
lambda: 10
epsilon_svgd: 0.025
gamma: 0.007
decay_start_ratio: 0.3
decay_min_factor: 0.3
bandwith_kernel: None
no_interact: False
avg_score: -2119.919921875
median_score: -2103.5
std_score: 212.0370330810547
percentiles: 2%=-2524.219970703125, 5%=-2451.64990234375, 10%=-2387.89990234375, 25%=-2284.5, 50%=-2103.5, 75%=-1935.75, 90%=-1871.4000244140625, 95%=-1802.7000732421875, 98%=-1777.719970703125
ranking_best_algo: SVM1MetaModelLogNormal
ranking_best_score: 2605.14
ranking_my_rank: 203/504 (59.9%)
ranking_my_percent: 59.92063492063492
