ConfigName: krbf__advnormalizedfitness__M3__L15__eps0p015__g0p015__ds0p3__dm0p3
Problem: QUBO
Kernel: rbf
Advantage: normalizedfitness
M: 3
lambda: 15
epsilon_svgd: 0.015
gamma: 0.015
decay_start_ratio: 0.3
decay_min_factor: 0.3
bandwith_kernel: None
no_interact: False
avg_score: -281.1000061035156
median_score: -284.0
std_score: 26.2752742767334
percentiles: 2%=-332.0, 5%=-322.1000061035156, 10%=-316.1000061035156, 25%=-300.25, 50%=-284.0, 75%=-264.0, 90%=-243.40000915527344, 95%=-233.90000915527344, 98%=-229.95999145507812
ranking_best_algo: CMApara
ranking_best_score: 344.22
ranking_my_rank: 327/504 (35.3%)
ranking_my_percent: 35.317460317460316
