ConfigName: kjsd__advperagentrankweighted__M8__L10__eps0p008__g0p0005__ds0p05__dm0p05
Problem: NK
Kernel: jsd
Advantage: peragentrankweighted
M: 8
lambda: 10
epsilon_svgd: 0.008
gamma: 0.0005
decay_start_ratio: 0.05
decay_min_factor: 0.05
bandwith_kernel: None
no_interact: False
avg_score: 0.7074121832847595
median_score: 0.7088038921356201
std_score: 0.011959869414567947
percentiles: 2%=0.6881381869316101, 5%=0.6886637210845947, 10%=0.6899899840354919, 25%=0.6959614753723145, 50%=0.7088038921356201, 75%=0.7176592350006104, 90%=0.7218481302261353, 95%=0.7239872217178345, 98%=0.7246696949005127
ranking_best_algo: PBIL
ranking_best_score: 0.7013553837109374
ranking_my_rank: 1/504 (100.0%)
ranking_my_percent: 100.0
