ConfigName: kjsd__advperagentrankweighted__M4__L24__eps0p03__g0p0007__ds0p2__dm0p05
Problem: QUBO
Kernel: jsd
Advantage: peragentrankweighted
M: 4
lambda: 24
epsilon_svgd: 0.03
gamma: 0.0007
decay_start_ratio: 0.2
decay_min_factor: 0.05
bandwith_kernel: None
no_interact: False
avg_score: -327.3999938964844
median_score: -331.0
std_score: 22.802631378173828
percentiles: 2%=-372.0, 5%=-361.54998779296875, 10%=-350.0, 25%=-342.0, 50%=-331.0, 75%=-313.5, 90%=-295.8999938964844, 95%=-286.95001220703125, 98%=-279.8800048828125
ranking_best_algo: CMApara
ranking_best_score: 344.22
ranking_my_rank: 86/504 (83.1%)
ranking_my_percent: 83.13492063492063
