ConfigName: krbf__advnormalizedfitness__M4__L15__eps0p033__g0p01__ds0p01__dm0p3
Problem: QUBO
Kernel: rbf
Advantage: normalizedfitness
M: 4
lambda: 15
epsilon_svgd: 0.033
gamma: 0.01
decay_start_ratio: 0.01
decay_min_factor: 0.3
bandwith_kernel: None
no_interact: False
avg_score: -1803.780029296875
median_score: -1801.0
std_score: 164.83299255371094
percentiles: 2%=-2157.300048828125, 5%=-2117.14990234375, 10%=-1994.2999267578125, 25%=-1903.0, 50%=-1801.0, 75%=-1677.0, 90%=-1596.699951171875, 95%=-1568.7000732421875, 98%=-1512.2598876953125
ranking_best_algo: SVM1MetaModelLogNormal
ranking_best_score: 2605.14
ranking_my_rank: 321/504 (36.5%)
ranking_my_percent: 36.507936507936506
