ConfigName: kjsd__advperagentrankweighted__M3__L16__eps0p007__g0p001__ds0p1__dm0p2
Problem: NK
Kernel: jsd
Advantage: peragentrankweighted
M: 3
lambda: 16
epsilon_svgd: 0.007
gamma: 0.001
decay_start_ratio: 0.1
decay_min_factor: 0.2
bandwith_kernel: None
no_interact: False
avg_score: 0.7537893056869507
median_score: 0.7542784214019775
std_score: 0.01260814256966114
percentiles: 2%=0.7289152145385742, 5%=0.7314306497573853, 10%=0.7363244295120239, 25%=0.7453509569168091, 50%=0.7542784214019775, 75%=0.7625362873077393, 90%=0.7681918144226074, 95%=0.7730119824409485, 98%=0.7782984972000122
ranking_best_algo: Tabu
ranking_best_score: 0.7657846284375001
ranking_my_rank: 9/504 (98.4%)
ranking_my_percent: 98.41269841269842
