ConfigName: krbf__advglobalrankweighted__M4__L11__eps0p01__g0p003__ds0p01__dm0p01
Problem: QUBO
Kernel: rbf
Advantage: globalrankweighted
M: 4
lambda: 11
epsilon_svgd: 0.01
gamma: 0.003
decay_start_ratio: 0.01
decay_min_factor: 0.01
bandwith_kernel: None
no_interact: False
avg_score: -1190.56005859375
median_score: -1186.0
std_score: 73.33747863769531
percentiles: 2%=-1339.06005859375, 5%=-1306.0, 10%=-1287.4000244140625, 25%=-1238.25, 50%=-1186.0, 75%=-1141.0, 90%=-1092.5999755859375, 95%=-1069.0, 98%=-1061.9599609375
ranking_best_algo: SVMMetaModelLogNormal
ranking_best_score: 1233.7999999999997
ranking_my_rank: 58/504 (88.7%)
ranking_my_percent: 88.69047619047619
