ConfigName: krbf__advnormalizedfitness__M3__L10__eps0p015__g0p005__ds0p3__dm0p3
Problem: NK
Kernel: rbf
Advantage: normalizedfitness
M: 3
lambda: 10
epsilon_svgd: 0.015
gamma: 0.005
decay_start_ratio: 0.3
decay_min_factor: 0.3
bandwith_kernel: None
no_interact: False
avg_score: 0.7059236168861389
median_score: 0.7084624767303467
std_score: 0.011847397312521935
percentiles: 2%=0.6866542100906372, 5%=0.6871896982192993, 10%=0.6914393901824951, 25%=0.6950507164001465, 50%=0.7084624767303467, 75%=0.7165385484695435, 90%=0.7198790311813354, 95%=0.722309410572052, 98%=0.7231423854827881
ranking_best_algo: PBIL
ranking_best_score: 0.7013553837109374
ranking_my_rank: 1/504 (100.0%)
ranking_my_percent: 100.0
