ConfigName: kjsd__advperagentrankweighted__M6__L8__eps0p02__g0p0007__ds0p05__dm0p05
Problem: QUBO
Kernel: jsd
Advantage: peragentrankweighted
M: 6
lambda: 8
epsilon_svgd: 0.02
gamma: 0.0007
decay_start_ratio: 0.05
decay_min_factor: 0.05
bandwith_kernel: None
no_interact: False
avg_score: -201.16000366210938
median_score: -203.0
std_score: 13.1777982711792
percentiles: 2%=-224.0, 5%=-224.0, 10%=-221.0, 25%=-209.0, 50%=-203.0, 75%=-192.75, 90%=-183.8000030517578, 95%=-178.89999389648438, 98%=-174.0
ranking_best_algo: Tabu
ranking_best_score: 208.36000000000004
ranking_my_rank: 41/504 (92.1%)
ranking_my_percent: 92.06349206349206
