ConfigName: kjsd__advperagentrankweighted__M3__L30__eps0p007__g0p001__ds0p1__dm0p1
Problem: NK
Kernel: jsd
Advantage: peragentrankweighted
M: 3
lambda: 30
epsilon_svgd: 0.007
gamma: 0.001
decay_start_ratio: 0.1
decay_min_factor: 0.1
bandwith_kernel: None
no_interact: False
avg_score: 0.7410809397697449
median_score: 0.7403579950332642
std_score: 0.015108516439795494
percentiles: 2%=0.7084198594093323, 5%=0.7144956588745117, 10%=0.7213456630706787, 25%=0.7339497804641724, 50%=0.7403579950332642, 75%=0.7500537037849426, 90%=0.7624163627624512, 95%=0.7667195200920105, 98%=0.7706125974655151
ranking_best_algo: Tabu
ranking_best_score: 0.7601875690625
ranking_my_rank: 12/504 (97.8%)
ranking_my_percent: 97.81746031746032
