ConfigName: krbf__advnormalizedfitness__M2__L8__eps0p015__g0p007__ds0p01__dm0p01
Problem: QUBO
Kernel: rbf
Advantage: normalizedfitness
M: 2
lambda: 8
epsilon_svgd: 0.015
gamma: 0.007
decay_start_ratio: 0.01
decay_min_factor: 0.01
bandwith_kernel: None
no_interact: False
avg_score: -3309.280029296875
median_score: -3307.0
std_score: 123.69609069824219
percentiles: 2%=-3588.679931640625, 5%=-3507.85009765625, 10%=-3468.60009765625, 25%=-3390.75, 50%=-3307.0, 75%=-3238.0, 90%=-3155.60009765625, 95%=-3115.85009765625, 98%=-3091.800048828125
ranking_best_algo: RLSOnePlusOne
ranking_best_score: 3316.5199999999995
ranking_my_rank: 2/504 (99.8%)
ranking_my_percent: 99.8015873015873
