ConfigName: krbf__advnormalizedfitness__M1__L10__eps0p015__g0p005__ds0p3__dm0p3
Problem: QUBO
Kernel: rbf
Advantage: normalizedfitness
M: 1
lambda: 10
epsilon_svgd: 0.015
gamma: 0.005
decay_start_ratio: 0.3
decay_min_factor: 0.3
bandwith_kernel: None
no_interact: False
avg_score: -302.1000061035156
median_score: -297.0
std_score: 37.98775863647461
percentiles: 2%=-386.0, 5%=-374.20001220703125, 10%=-354.79998779296875, 25%=-326.0, 50%=-297.0, 75%=-270.0, 90%=-258.0, 95%=-256.0, 98%=-246.0
ranking_best_algo: CMApara
ranking_best_score: 319.29999999999995
ranking_my_rank: 219/504 (56.7%)
ranking_my_percent: 56.74603174603175
