ConfigName: krbf__advnormalizedfitness__M3__L10__eps0p033__g0p015__ds0p15__dm0p01
Problem: NK
Kernel: rbf
Advantage: normalizedfitness
M: 3
lambda: 10
epsilon_svgd: 0.033
gamma: 0.015
decay_start_ratio: 0.15
decay_min_factor: 0.01
bandwith_kernel: None
no_interact: False
avg_score: 0.7110598683357239
median_score: 0.712378978729248
std_score: 0.015194225125014782
percentiles: 2%=0.6737524271011353, 5%=0.6739691495895386, 10%=0.6961801648139954, 25%=0.7080464363098145, 50%=0.712378978729248, 75%=0.7197777032852173, 90%=0.7255867123603821, 95%=0.7331420183181763, 98%=0.7339796423912048
ranking_best_algo: CMApara
ranking_best_score: 0.707475975
ranking_my_rank: 1/504 (100.0%)
ranking_my_percent: 100.0
