ConfigName: kjsd__advperagentrankweighted__M3__L30__eps0p007__g0p0005__ds0p2__dm0p05
Problem: QUBO
Kernel: jsd
Advantage: peragentrankweighted
M: 3
lambda: 30
epsilon_svgd: 0.007
gamma: 0.0005
decay_start_ratio: 0.2
decay_min_factor: 0.05
bandwith_kernel: None
no_interact: False
avg_score: -2593.260009765625
median_score: -2600.5
std_score: 103.13452911376953
percentiles: 2%=-2817.06005859375, 5%=-2753.14990234375, 10%=-2732.39990234375, 25%=-2663.0, 50%=-2600.5, 75%=-2518.75, 90%=-2466.699951171875, 95%=-2427.85009765625, 98%=-2397.760009765625
ranking_best_algo: SVM1MetaModelLogNormal
ranking_best_score: 2605.14
ranking_my_rank: 10/504 (98.2%)
ranking_my_percent: 98.21428571428571
