ConfigName: krbf__advnormalizedfitness__M3__L15__eps0p03__g0p01__ds0p15__dm0p05
Problem: NK
Kernel: rbf
Advantage: normalizedfitness
M: 3
lambda: 15
epsilon_svgd: 0.03
gamma: 0.01
decay_start_ratio: 0.15
decay_min_factor: 0.05
bandwith_kernel: None
no_interact: False
avg_score: 0.7109830379486084
median_score: 0.7115188837051392
std_score: 0.01493779569864273
percentiles: 2%=0.6737905144691467, 5%=0.6739691495895386, 10%=0.697126030921936, 25%=0.7091806530952454, 50%=0.7115188837051392, 75%=0.71952223777771, 90%=0.725462019443512, 95%=0.7322512269020081, 98%=0.733279287815094
ranking_best_algo: CMApara
ranking_best_score: 0.707475975
ranking_my_rank: 1/504 (100.0%)
ranking_my_percent: 100.0
