ConfigName: krbf__advnormalizedfitness__M4__L10__eps0p025__g0p005__ds0p01__dm0p01
Problem: NK
Kernel: rbf
Advantage: normalizedfitness
M: 4
lambda: 10
epsilon_svgd: 0.025
gamma: 0.005
decay_start_ratio: 0.01
decay_min_factor: 0.01
bandwith_kernel: None
no_interact: False
avg_score: 0.7449489831924438
median_score: 0.7423104643821716
std_score: 0.027548575773835182
percentiles: 2%=0.7054104208946228, 5%=0.7057815790176392, 10%=0.7133985161781311, 25%=0.7253004312515259, 50%=0.7423104643821716, 75%=0.7580187320709229, 90%=0.778337299823761, 95%=0.8050128221511841, 98%=0.8118547797203064
ranking_best_algo: CMApara
ranking_best_score: 0.7459277895312499
ranking_my_rank: 2/504 (99.8%)
ranking_my_percent: 99.8015873015873
