ConfigName: kjsd__advperagentrankweighted__M3__L16__eps0p005__g0p003__ds0p05__dm0p2
Problem: QUBO
Kernel: jsd
Advantage: peragentrankweighted
M: 3
lambda: 16
epsilon_svgd: 0.005
gamma: 0.003
decay_start_ratio: 0.05
decay_min_factor: 0.2
bandwith_kernel: None
no_interact: False
avg_score: -1117.8599853515625
median_score: -1112.0
std_score: 86.98873901367188
percentiles: 2%=-1331.3599853515625, 5%=-1253.0, 10%=-1219.300048828125, 25%=-1168.75, 50%=-1112.0, 75%=-1064.75, 90%=-1018.0, 95%=-979.7999877929688, 98%=-959.280029296875
ranking_best_algo: Tabu
ranking_best_score: 1216.16
ranking_my_rank: 171/504 (66.3%)
ranking_my_percent: 66.26984126984127
