ConfigName: krbf__advnormalizedfitness__M4__L24__eps0p03__g0p01__ds0p15__dm0p05
Problem: NK
Kernel: rbf
Advantage: normalizedfitness
M: 4
lambda: 24
epsilon_svgd: 0.03
gamma: 0.01
decay_start_ratio: 0.15
decay_min_factor: 0.05
bandwith_kernel: None
no_interact: False
avg_score: 0.650887131690979
median_score: 0.6475251913070679
std_score: 0.013498695567250252
percentiles: 2%=0.6312234401702881, 5%=0.63547682762146, 10%=0.6365742087364197, 25%=0.6412554979324341, 50%=0.6475251913070679, 75%=0.6581109762191772, 90%=0.6732164621353149, 95%=0.6771715879440308, 98%=0.6807875037193298
ranking_best_algo: Tabu
ranking_best_score: 0.7601875690625
ranking_my_rank: 385/504 (23.8%)
ranking_my_percent: 23.80952380952381
