ConfigName: kjsd__advperagentrankweighted__M4__L12__eps0p01__g0p0005__ds0p4__dm0p05
Problem: NK
Kernel: jsd
Advantage: peragentrankweighted
M: 4
lambda: 12
epsilon_svgd: 0.01
gamma: 0.0005
decay_start_ratio: 0.4
decay_min_factor: 0.05
bandwith_kernel: None
no_interact: False
avg_score: 0.7063424587249756
median_score: 0.7084492444992065
std_score: 0.012071357108652592
percentiles: 2%=0.6870047450065613, 5%=0.6886061429977417, 10%=0.6902111172676086, 25%=0.694782555103302, 50%=0.7084492444992065, 75%=0.7169386148452759, 90%=0.7204069495201111, 95%=0.7224742770195007, 98%=0.7235482931137085
ranking_best_algo: PBIL
ranking_best_score: 0.7013553837109374
ranking_my_rank: 1/504 (100.0%)
ranking_my_percent: 100.0
