ConfigName: kjsd__advperagentrankweighted__M4__L8__eps0p03__g0p0003__ds0p2__dm0p05
Problem: NK
Kernel: jsd
Advantage: peragentrankweighted
M: 4
lambda: 8
epsilon_svgd: 0.03
gamma: 0.0003
decay_start_ratio: 0.2
decay_min_factor: 0.05
bandwith_kernel: None
no_interact: False
avg_score: 0.7109079957008362
median_score: 0.7104530334472656
std_score: 0.009645489044487476
percentiles: 2%=0.6948238611221313, 5%=0.6965254545211792, 10%=0.6985680460929871, 25%=0.7043498754501343, 50%=0.7104530334472656, 75%=0.716218113899231, 90%=0.7244477272033691, 95%=0.7267662882804871, 98%=0.7290160655975342
ranking_best_algo: PBIL
ranking_best_score: 0.733570253046875
ranking_my_rank: 70/504 (86.3%)
ranking_my_percent: 86.30952380952381
