ConfigName: krbf__advnormalizedfitness__M1__L10__eps0p015__g0p015__ds0p01__dm0p3
Problem: QUBO
Kernel: rbf
Advantage: normalizedfitness
M: 1
lambda: 10
epsilon_svgd: 0.015
gamma: 0.015
decay_start_ratio: 0.01
decay_min_factor: 0.3
bandwith_kernel: None
no_interact: False
avg_score: -1189.239990234375
median_score: -1188.0
std_score: 69.81376647949219
percentiles: 2%=-1319.0400390625, 5%=-1306.449951171875, 10%=-1278.5, 25%=-1244.5, 50%=-1188.0, 75%=-1141.75, 90%=-1097.9000244140625, 95%=-1079.9000244140625, 98%=-1058.97998046875
ranking_best_algo: Tabu
ranking_best_score: 1216.16
ranking_my_rank: 55/504 (89.3%)
ranking_my_percent: 89.28571428571429
