ConfigName: kjsd__advperagentrankweighted__M3__L16__eps0p005__g0p003__ds0p2__dm0p2
Problem: NK
Kernel: jsd
Advantage: peragentrankweighted
M: 3
lambda: 16
epsilon_svgd: 0.005
gamma: 0.003
decay_start_ratio: 0.2
decay_min_factor: 0.2
bandwith_kernel: None
no_interact: False
avg_score: 0.7089293599128723
median_score: 0.7104272246360779
std_score: 0.015250198543071747
percentiles: 2%=0.6701359152793884, 5%=0.6720662117004395, 10%=0.696065366268158, 25%=0.7051166296005249, 50%=0.7104272246360779, 75%=0.7177207469940186, 90%=0.7247338891029358, 95%=0.7300288081169128, 98%=0.7316842675209045
ranking_best_algo: CMApara
ranking_best_score: 0.707475975
ranking_my_rank: 1/504 (100.0%)
ranking_my_percent: 100.0
