ConfigName: kjsd__advperagentrankweighted__M6__L10__eps0p005__g0p0005__ds0p05__dm0p05
Problem: QUBO
Kernel: jsd
Advantage: peragentrankweighted
M: 6
lambda: 10
epsilon_svgd: 0.005
gamma: 0.0005
decay_start_ratio: 0.05
decay_min_factor: 0.05
bandwith_kernel: None
no_interact: False
avg_score: -311.2200012207031
median_score: -310.0
std_score: 38.802467346191406
percentiles: 2%=-394.0, 5%=-390.0, 10%=-357.0, 25%=-336.5, 50%=-310.0, 75%=-275.75, 90%=-266.0, 95%=-261.8999938964844, 98%=-257.94000244140625
ranking_best_algo: CMApara
ranking_best_score: 319.29999999999995
ranking_my_rank: 39/504 (92.5%)
ranking_my_percent: 92.46031746031746
