ConfigName: krbf__advnormalizedfitness__M4__L15__eps0p033__g0p007__ds0p3__dm0p01
Problem: QUBO
Kernel: rbf
Advantage: normalizedfitness
M: 4
lambda: 15
epsilon_svgd: 0.033
gamma: 0.007
decay_start_ratio: 0.3
decay_min_factor: 0.01
bandwith_kernel: None
no_interact: False
avg_score: -1108.1199951171875
median_score: -1100.5
std_score: 93.03680419921875
percentiles: 2%=-1304.6400146484375, 5%=-1268.050048828125, 10%=-1240.300048828125, 25%=-1157.75, 50%=-1100.5, 75%=-1043.5, 90%=-998.5999755859375, 95%=-977.8001098632812, 98%=-942.9599609375
ranking_best_algo: SVMMetaModelLogNormal
ranking_best_score: 1233.7999999999997
ranking_my_rank: 114/504 (77.6%)
ranking_my_percent: 77.57936507936508
