ConfigName: kjsd__advperagentrankweighted__M3__L30__eps0p007__g0p0005__ds0p05__dm0p2
Problem: QUBO
Kernel: jsd
Advantage: peragentrankweighted
M: 3
lambda: 30
epsilon_svgd: 0.007
gamma: 0.0005
decay_start_ratio: 0.05
decay_min_factor: 0.2
bandwith_kernel: None
no_interact: False
avg_score: -1241.0
median_score: -1241.5
std_score: 61.44281768798828
percentiles: 2%=-1353.0999755859375, 5%=-1343.199951171875, 10%=-1326.0999755859375, 25%=-1282.75, 50%=-1241.5, 75%=-1205.75, 90%=-1156.0999755859375, 95%=-1130.949951171875, 98%=-1110.56005859375
ranking_best_algo: SVMMetaModelLogNormal
ranking_best_score: 1233.7999999999997
ranking_my_rank: 1/504 (100.0%)
ranking_my_percent: 100.0
