ConfigName: kjsd__advperagentrankweighted__M6__L8__eps0p02__g0p0003__ds0p05__dm0p05
Problem: NK
Kernel: jsd
Advantage: peragentrankweighted
M: 6
lambda: 8
epsilon_svgd: 0.02
gamma: 0.0003
decay_start_ratio: 0.05
decay_min_factor: 0.05
bandwith_kernel: None
no_interact: False
avg_score: 0.7428999543190002
median_score: 0.7426143884658813
std_score: 0.01378676574677229
percentiles: 2%=0.7200285196304321, 5%=0.721476674079895, 10%=0.7252036333084106, 25%=0.7326046824455261, 50%=0.7426143884658813, 75%=0.7531169056892395, 90%=0.7599889636039734, 95%=0.7690134644508362, 98%=0.7717746496200562
ranking_best_algo: Tabu
ranking_best_score: 0.7657846284375001
ranking_my_rank: 60/504 (88.3%)
ranking_my_percent: 88.2936507936508
