ConfigName: kjsd__advperagentrankweighted__M3__L16__eps0p007__g0p003__ds0p05__dm0p1
Problem: QUBO
Kernel: jsd
Advantage: peragentrankweighted
M: 3
lambda: 16
epsilon_svgd: 0.007
gamma: 0.003
decay_start_ratio: 0.05
decay_min_factor: 0.1
bandwith_kernel: None
no_interact: False
avg_score: -1167.8199462890625
median_score: -1165.0
std_score: 62.94654083251953
percentiles: 2%=-1295.5799560546875, 5%=-1275.0, 10%=-1258.0999755859375, 25%=-1206.5, 50%=-1165.0, 75%=-1125.75, 90%=-1092.5999755859375, 95%=-1076.5, 98%=-1041.5400390625
ranking_best_algo: SVMMetaModelLogNormal
ranking_best_score: 1233.7999999999997
ranking_my_rank: 84/504 (83.5%)
ranking_my_percent: 83.53174603174604
