ConfigName: kjsd__advperagentrankweighted__M3__L20__eps0p007__g0p001__ds0p2__dm0p1
Problem: NK
Kernel: jsd
Advantage: peragentrankweighted
M: 3
lambda: 20
epsilon_svgd: 0.007
gamma: 0.001
decay_start_ratio: 0.2
decay_min_factor: 0.1
bandwith_kernel: None
no_interact: False
avg_score: 0.7436143755912781
median_score: 0.7425473928451538
std_score: 0.014763870276510715
percentiles: 2%=0.713514506816864, 5%=0.7206728458404541, 10%=0.7256855964660645, 25%=0.7327373027801514, 50%=0.7425473928451538, 75%=0.7546228766441345, 90%=0.7650681138038635, 95%=0.7674166560173035, 98%=0.7745317816734314
ranking_best_algo: Tabu
ranking_best_score: 0.7601875690625
ranking_my_rank: 7/504 (98.8%)
ranking_my_percent: 98.80952380952381
