ConfigName: kjsd__advperagentrankweighted__M5__L10__eps0p02__g0p0007__ds0p05__dm0p05
Problem: QUBO
Kernel: jsd
Advantage: peragentrankweighted
M: 5
lambda: 10
epsilon_svgd: 0.02
gamma: 0.0007
decay_start_ratio: 0.05
decay_min_factor: 0.05
bandwith_kernel: None
no_interact: False
avg_score: -330.9800109863281
median_score: -334.5
std_score: 23.204299926757812
percentiles: 2%=-372.0, 5%=-372.0, 10%=-355.20001220703125, 25%=-346.0, 50%=-334.5, 75%=-316.0, 90%=-301.8999938964844, 95%=-295.6000061035156, 98%=-273.760009765625
ranking_best_algo: CMApara
ranking_best_score: 344.22
ranking_my_rank: 77/504 (84.9%)
ranking_my_percent: 84.92063492063492
