ConfigName: kjsd__advperagentrankweighted__M3__L30__eps0p007__g0p0005__ds0p2__dm0p1
Problem: QUBO
Kernel: jsd
Advantage: peragentrankweighted
M: 3
lambda: 30
epsilon_svgd: 0.007
gamma: 0.0005
decay_start_ratio: 0.2
decay_min_factor: 0.1
bandwith_kernel: None
no_interact: False
avg_score: -906.280029296875
median_score: -902.5
std_score: 69.3338394165039
percentiles: 2%=-1034.0, 5%=-1022.25, 10%=-1006.2999877929688, 25%=-957.25, 50%=-902.5, 75%=-865.25, 90%=-826.9000244140625, 95%=-789.6500244140625, 98%=-760.4199829101562
ranking_best_algo: CMAL3
ranking_best_score: 928.5800000000002
ranking_my_rank: 60/504 (88.3%)
ranking_my_percent: 88.2936507936508
