ConfigName: krbf__advnormalizedfitness__M5__L10__eps0p03__g0p01__ds0p05__dm0p05
Problem: QUBO
Kernel: rbf
Advantage: normalizedfitness
M: 5
lambda: 10
epsilon_svgd: 0.03
gamma: 0.01
decay_start_ratio: 0.05
decay_min_factor: 0.05
bandwith_kernel: None
no_interact: False
avg_score: -2260.760009765625
median_score: -2261.5
std_score: 187.03042602539062
percentiles: 2%=-2676.02001953125, 5%=-2549.449951171875, 10%=-2486.5, 25%=-2404.0, 50%=-2261.5, 75%=-2123.0, 90%=-2013.800048828125, 95%=-1973.800048828125, 98%=-1951.280029296875
ranking_best_algo: DiscreteLengler2OnePlusOne
ranking_best_score: 2617.04
ranking_my_rank: 187/504 (63.1%)
ranking_my_percent: 63.095238095238095
