ConfigName: kfr__advglobalrankweighted__M3__L8__eps0p02__g0p007__ds0p01__dm0p01
Problem: QUBO
Kernel: fr
Advantage: globalrankweighted
M: 3
lambda: 8
epsilon_svgd: 0.02
gamma: 0.007
decay_start_ratio: 0.01
decay_min_factor: 0.01
bandwith_kernel: None
no_interact: False
avg_score: -414.3800048828125
median_score: -414.0
std_score: 26.49331283569336
percentiles: 2%=-461.1600036621094, 5%=-459.0, 10%=-453.0, 25%=-434.0, 50%=-414.0, 75%=-396.0, 90%=-380.0, 95%=-369.8000183105469, 98%=-363.9599914550781
ranking_best_algo: Tabu
ranking_best_score: 438.12
ranking_my_rank: 54/504 (89.5%)
ranking_my_percent: 89.48412698412699
