ConfigName: kjsd__advperagentrankweighted__M4__L20__eps0p005__g0p0005__ds0p2__dm0p2
Problem: QUBO
Kernel: jsd
Advantage: peragentrankweighted
M: 4
lambda: 20
epsilon_svgd: 0.005
gamma: 0.0005
decay_start_ratio: 0.2
decay_min_factor: 0.2
bandwith_kernel: None
no_interact: False
avg_score: -2518.179931640625
median_score: -2510.5
std_score: 118.73014068603516
percentiles: 2%=-2713.340087890625, 5%=-2693.199951171875, 10%=-2673.199951171875, 25%=-2595.25, 50%=-2510.5, 75%=-2440.0, 90%=-2375.39990234375, 95%=-2324.75, 98%=-2272.739990234375
ranking_best_algo: SVM1MetaModelLogNormal
ranking_best_score: 2605.14
ranking_my_rank: 60/504 (88.3%)
ranking_my_percent: 88.2936507936508
