ConfigName: krbf__advnormalizedfitness__M2__L8__eps0p033__g0p005__ds0p3__dm0p01
Problem: QUBO
Kernel: rbf
Advantage: normalizedfitness
M: 2
lambda: 8
epsilon_svgd: 0.033
gamma: 0.005
decay_start_ratio: 0.3
decay_min_factor: 0.01
bandwith_kernel: None
no_interact: False
avg_score: -892.2000122070312
median_score: -886.5
std_score: 60.150978088378906
percentiles: 2%=-1038.0400390625, 5%=-1016.2999877929688, 10%=-967.5999755859375, 25%=-927.75, 50%=-886.5, 75%=-848.5, 90%=-822.0, 95%=-804.9000244140625, 98%=-794.9600219726562
ranking_best_algo: CMAL3
ranking_best_score: 928.5800000000002
ranking_my_rank: 97/504 (81.0%)
ranking_my_percent: 80.95238095238095
