ConfigName: krbf__advnormalizedfitness__M4__L12__eps0p025__g0p007__ds0p3__dm0p3
Problem: QUBO
Kernel: rbf
Advantage: normalizedfitness
M: 4
lambda: 12
epsilon_svgd: 0.025
gamma: 0.007
decay_start_ratio: 0.3
decay_min_factor: 0.3
bandwith_kernel: None
no_interact: False
avg_score: -405.3999938964844
median_score: -401.5
std_score: 33.8880500793457
percentiles: 2%=-473.0, 5%=-469.0, 10%=-455.3999938964844, 25%=-427.0, 50%=-401.5, 75%=-380.0, 90%=-366.4000244140625, 95%=-355.95001220703125, 98%=-340.0
ranking_best_algo: CMAL3
ranking_best_score: 435.36
ranking_my_rank: 219/504 (56.7%)
ranking_my_percent: 56.74603174603175
