ConfigName: krbf__advnormalizedfitness__M3__L10__eps0p025__g0p005__ds0p01__dm0p01
Problem: QUBO
Kernel: rbf
Advantage: normalizedfitness
M: 3
lambda: 10
epsilon_svgd: 0.025
gamma: 0.005
decay_start_ratio: 0.01
decay_min_factor: 0.01
bandwith_kernel: None
no_interact: False
avg_score: -902.5399780273438
median_score: -896.0
std_score: 60.44939041137695
percentiles: 2%=-1036.280029296875, 5%=-1003.5999755859375, 10%=-974.5, 25%=-952.25, 50%=-896.0, 75%=-858.75, 90%=-830.9000244140625, 95%=-806.800048828125, 98%=-788.7999267578125
ranking_best_algo: CMAL3
ranking_best_score: 928.5800000000002
ranking_my_rank: 66/504 (87.1%)
ranking_my_percent: 87.10317460317461
