ConfigName: kjsd__advperagentrankweighted__M4__L10__eps0p015__g0p0005__ds0p05__dm0p05
Problem: QUBO
Kernel: jsd
Advantage: peragentrankweighted
M: 4
lambda: 10
epsilon_svgd: 0.015
gamma: 0.0005
decay_start_ratio: 0.05
decay_min_factor: 0.05
bandwith_kernel: None
no_interact: False
avg_score: -3256.0400390625
median_score: -3250.5
std_score: 117.62686157226562
percentiles: 2%=-3497.659912109375, 5%=-3431.39990234375, 10%=-3407.199951171875, 25%=-3331.25, 50%=-3250.5, 75%=-3163.75, 90%=-3121.89990234375, 95%=-3074.699951171875, 98%=-3022.719970703125
ranking_best_algo: RLSOnePlusOne
ranking_best_score: 3316.5199999999995
ranking_my_rank: 40/504 (92.3%)
ranking_my_percent: 92.26190476190476
