ConfigName: krbf__advnormalizedfitness__M4__L8__eps0p033__g0p01__ds0p01__dm0p3
Problem: QUBO
Kernel: rbf
Advantage: normalizedfitness
M: 4
lambda: 8
epsilon_svgd: 0.033
gamma: 0.01
decay_start_ratio: 0.01
decay_min_factor: 0.3
bandwith_kernel: None
no_interact: False
avg_score: -311.239990234375
median_score: -314.0
std_score: 37.60615158081055
percentiles: 2%=-392.0400085449219, 5%=-382.20001220703125, 10%=-360.0, 25%=-334.5, 50%=-314.0, 75%=-274.75, 90%=-268.0, 95%=-263.9000244140625, 98%=-260.0
ranking_best_algo: CMApara
ranking_best_score: 319.29999999999995
ranking_my_rank: 39/504 (92.5%)
ranking_my_percent: 92.46031746031746
