ConfigName: krbf__advnormalizedfitness__M3__L10__eps0p025__g0p01__ds0p01__dm0p3
Problem: QUBO
Kernel: rbf
Advantage: normalizedfitness
M: 3
lambda: 10
epsilon_svgd: 0.025
gamma: 0.01
decay_start_ratio: 0.01
decay_min_factor: 0.3
bandwith_kernel: None
no_interact: False
avg_score: -2337.280029296875
median_score: -2326.5
std_score: 207.45562744140625
percentiles: 2%=-2792.1201171875, 5%=-2739.35009765625, 10%=-2631.199951171875, 25%=-2484.25, 50%=-2326.5, 75%=-2169.0, 90%=-2095.5, 95%=-2058.30029296875, 98%=-1993.119873046875
ranking_best_algo: SVM1MetaModelLogNormal
ranking_best_score: 2605.14
ranking_my_rank: 143/504 (71.8%)
ranking_my_percent: 71.82539682539682
