ConfigName: kjsd__advperagentrankweighted__M4__L8__eps0p02__g0p0005__ds0p2__dm0p05
Problem: QUBO
Kernel: jsd
Advantage: peragentrankweighted
M: 4
lambda: 8
epsilon_svgd: 0.02
gamma: 0.0005
decay_start_ratio: 0.2
decay_min_factor: 0.05
bandwith_kernel: None
no_interact: False
avg_score: -1576.0799560546875
median_score: -1578.0
std_score: 52.90381622314453
percentiles: 2%=-1687.260009765625, 5%=-1673.550048828125, 10%=-1645.4000244140625, 25%=-1607.5, 50%=-1578.0, 75%=-1535.0, 90%=-1504.4000244140625, 95%=-1495.0, 98%=-1488.5999755859375
ranking_best_algo: NLOPT_LN_PRAXIS
ranking_best_score: 1607.12
ranking_my_rank: 44/504 (91.5%)
ranking_my_percent: 91.46825396825396
