ConfigName: kjsd__advperagentrankweighted__M5__L10__eps0p03__g0p0007__ds0p2__dm0p05
Problem: QUBO
Kernel: jsd
Advantage: peragentrankweighted
M: 5
lambda: 10
epsilon_svgd: 0.03
gamma: 0.0007
decay_start_ratio: 0.2
decay_min_factor: 0.05
bandwith_kernel: None
no_interact: False
avg_score: -1301.699951171875
median_score: -1306.5
std_score: 51.44015884399414
percentiles: 2%=-1401.06005859375, 5%=-1385.25, 10%=-1355.0, 25%=-1336.5, 50%=-1306.5, 75%=-1272.75, 90%=-1227.0, 95%=-1200.9000244140625, 98%=-1192.56005859375
ranking_best_algo: BigLognormalDiscreteOnePlusOne
ranking_best_score: 1301.3600000000004
ranking_my_rank: 1/504 (100.0%)
ranking_my_percent: 100.0
