ConfigName: krbf__advnormalizedfitness__M3__L10__eps0p03__g0p005__ds0p15__dm0p05
Problem: QUBO
Kernel: rbf
Advantage: normalizedfitness
M: 3
lambda: 10
epsilon_svgd: 0.03
gamma: 0.005
decay_start_ratio: 0.15
decay_min_factor: 0.05
bandwith_kernel: None
no_interact: False
avg_score: -328.9800109863281
median_score: -334.0
std_score: 21.65639877319336
percentiles: 2%=-372.0, 5%=-361.54998779296875, 10%=-350.0, 25%=-342.25, 50%=-334.0, 75%=-315.5, 90%=-297.79998779296875, 95%=-291.8999938964844, 98%=-285.9200134277344
ranking_best_algo: CMApara
ranking_best_score: 344.22
ranking_my_rank: 83/504 (83.7%)
ranking_my_percent: 83.73015873015873
