ConfigName: krbf__advnormalizedfitness__M3__L15__eps0p033__g0p005__ds0p15__dm0p3
Problem: NK
Kernel: rbf
Advantage: normalizedfitness
M: 3
lambda: 15
epsilon_svgd: 0.033
gamma: 0.005
decay_start_ratio: 0.15
decay_min_factor: 0.3
bandwith_kernel: None
no_interact: False
avg_score: 0.7428289651870728
median_score: 0.7398055791854858
std_score: 0.010607505217194557
percentiles: 2%=0.7244696617126465, 5%=0.7275561094284058, 10%=0.7300261855125427, 25%=0.7346465587615967, 50%=0.7398055791854858, 75%=0.7508946061134338, 90%=0.7579402327537537, 95%=0.7594056129455566, 98%=0.763152539730072
ranking_best_algo: PBIL
ranking_best_score: 0.733570253046875
ranking_my_rank: 1/504 (100.0%)
ranking_my_percent: 100.0
