ConfigName: kjsd__advperagentrankweighted__M3__L30__eps0p007__g0p001__ds0p1__dm0p2
Problem: QUBO
Kernel: jsd
Advantage: peragentrankweighted
M: 3
lambda: 30
epsilon_svgd: 0.007
gamma: 0.001
decay_start_ratio: 0.1
decay_min_factor: 0.2
bandwith_kernel: None
no_interact: False
avg_score: -1583.280029296875
median_score: -1585.0
std_score: 62.59090805053711
percentiles: 2%=-1721.0799560546875, 5%=-1675.5, 10%=-1653.199951171875, 25%=-1627.5, 50%=-1585.0, 75%=-1544.75, 90%=-1504.800048828125, 95%=-1471.550048828125, 98%=-1456.9599609375
ranking_best_algo: NLOPT_LN_PRAXIS
ranking_best_score: 1607.12
ranking_my_rank: 41/504 (92.1%)
ranking_my_percent: 92.06349206349206
