ConfigName: kjsd__advperagentrankweighted__M3__L30__eps0p005__g0p0005__ds0p05__dm0p1
Problem: QUBO
Kernel: jsd
Advantage: peragentrankweighted
M: 3
lambda: 30
epsilon_svgd: 0.005
gamma: 0.0005
decay_start_ratio: 0.05
decay_min_factor: 0.1
bandwith_kernel: None
no_interact: False
avg_score: -307.67999267578125
median_score: -305.0
std_score: 38.46891784667969
percentiles: 2%=-396.0, 5%=-386.29998779296875, 10%=-359.3999938964844, 25%=-330.0, 50%=-305.0, 75%=-274.0, 90%=-263.8999938964844, 95%=-260.0, 98%=-256.760009765625
ranking_best_algo: CMApara
ranking_best_score: 319.29999999999995
ranking_my_rank: 96/504 (81.2%)
ranking_my_percent: 81.15079365079364
