ConfigName: kjsd__advperagentrankweighted__M3__L20__eps0p005__g0p003__ds0p05__dm0p1
Problem: QUBO
Kernel: jsd
Advantage: peragentrankweighted
M: 3
lambda: 20
epsilon_svgd: 0.005
gamma: 0.003
decay_start_ratio: 0.05
decay_min_factor: 0.1
bandwith_kernel: None
no_interact: False
avg_score: -2277.919921875
median_score: -2285.5
std_score: 176.27896118164062
percentiles: 2%=-2615.06005859375, 5%=-2599.550048828125, 10%=-2501.5, 25%=-2389.75, 50%=-2285.5, 75%=-2158.25, 90%=-2042.9000244140625, 95%=-1977.699951171875, 98%=-1965.1199951171875
ranking_best_algo: DiscreteLengler2OnePlusOne
ranking_best_score: 2617.04
ranking_my_rank: 173/504 (65.9%)
ranking_my_percent: 65.87301587301587
