ConfigName: krbf__advnormalizedfitness__M1__L8__eps0p015__g0p007__ds0p3__dm0p3
Problem: NK
Kernel: rbf
Advantage: normalizedfitness
M: 1
lambda: 8
epsilon_svgd: 0.015
gamma: 0.007
decay_start_ratio: 0.3
decay_min_factor: 0.3
bandwith_kernel: None
no_interact: False
avg_score: 0.7277268171310425
median_score: 0.7274494171142578
std_score: 0.00851844996213913
percentiles: 2%=0.7094871401786804, 5%=0.7135674357414246, 10%=0.7159990072250366, 25%=0.7232673764228821, 50%=0.7274494171142578, 75%=0.7330805063247681, 90%=0.7395399212837219, 95%=0.7426620721817017, 98%=0.7439998984336853
ranking_best_algo: PBIL
ranking_best_score: 0.7248786399609374
ranking_my_rank: 1/504 (100.0%)
ranking_my_percent: 100.0
