ConfigName: krbf__advnormalizedfitness__M1__L10__eps0p015__g0p007__ds0p15__dm0p01
Problem: QUBO
Kernel: rbf
Advantage: normalizedfitness
M: 1
lambda: 10
epsilon_svgd: 0.015
gamma: 0.007
decay_start_ratio: 0.15
decay_min_factor: 0.01
bandwith_kernel: None
no_interact: False
avg_score: -2568.9599609375
median_score: -2570.0
std_score: 191.4522247314453
percentiles: 2%=-2852.5400390625, 5%=-2797.300048828125, 10%=-2771.699951171875, 25%=-2675.25, 50%=-2570.0, 75%=-2502.5, 90%=-2421.60009765625, 95%=-2383.25, 98%=-2260.377685546875
ranking_best_algo: DiscreteLengler2OnePlusOne
ranking_best_score: 2617.04
ranking_my_rank: 51/504 (90.1%)
ranking_my_percent: 90.07936507936508
