ConfigName: kjsd__advperagentrankweighted__M3__L24__eps0p007__g0p0005__ds0p2__dm0p05
Problem: QUBO
Kernel: jsd
Advantage: peragentrankweighted
M: 3
lambda: 24
epsilon_svgd: 0.007
gamma: 0.0005
decay_start_ratio: 0.2
decay_min_factor: 0.05
bandwith_kernel: None
no_interact: False
avg_score: -1618.739990234375
median_score: -1607.0
std_score: 57.184898376464844
percentiles: 2%=-1736.06005859375, 5%=-1714.050048828125, 10%=-1696.0999755859375, 25%=-1666.25, 50%=-1607.0, 75%=-1573.0, 90%=-1550.800048828125, 95%=-1532.800048828125, 98%=-1518.8800048828125
ranking_best_algo: NLOPT_LN_PRAXIS
ranking_best_score: 1607.12
ranking_my_rank: 1/504 (100.0%)
ranking_my_percent: 100.0
