ConfigName: kjsd__advperagentrankweighted__M3__L30__eps0p007__g0p0005__ds0p1__dm0p05
Problem: NK
Kernel: jsd
Advantage: peragentrankweighted
M: 3
lambda: 30
epsilon_svgd: 0.007
gamma: 0.0005
decay_start_ratio: 0.1
decay_min_factor: 0.05
bandwith_kernel: None
no_interact: False
avg_score: 0.7519477605819702
median_score: 0.7516809701919556
std_score: 0.015973735600709915
percentiles: 2%=0.7227779626846313, 5%=0.7274201512336731, 10%=0.7302652597427368, 25%=0.7392385601997375, 50%=0.7516809701919556, 75%=0.7644519805908203, 90%=0.7720621228218079, 95%=0.7756291627883911, 98%=0.7808876037597656
ranking_best_algo: Tabu
ranking_best_score: 0.7657846284375001
ranking_my_rank: 14/504 (97.4%)
ranking_my_percent: 97.42063492063492
