ConfigName: kjsd__advperagentrankweighted__M5__L8__eps0p005__g0p003__ds0p05__dm0p05
Problem: NK
Kernel: jsd
Advantage: peragentrankweighted
M: 5
lambda: 8
epsilon_svgd: 0.005
gamma: 0.003
decay_start_ratio: 0.05
decay_min_factor: 0.05
bandwith_kernel: None
no_interact: False
avg_score: 0.7456998229026794
median_score: 0.7451179027557373
std_score: 0.016622193157672882
percentiles: 2%=0.7143176794052124, 5%=0.717690646648407, 10%=0.721301794052124, 25%=0.7340050935745239, 50%=0.7451179027557373, 75%=0.7591947317123413, 90%=0.7676008939743042, 95%=0.7721039056777954, 98%=0.7753009796142578
ranking_best_algo: Tabu
ranking_best_score: 0.7470791764843752
ranking_my_rank: 3/504 (99.6%)
ranking_my_percent: 99.60317460317461
