ConfigName: kjsd__advperagentrankweighted__M4__L24__eps0p005__g0p0005__ds0p2__dm0p05
Problem: QUBO
Kernel: jsd
Advantage: peragentrankweighted
M: 4
lambda: 24
epsilon_svgd: 0.005
gamma: 0.0005
decay_start_ratio: 0.2
decay_min_factor: 0.05
bandwith_kernel: None
no_interact: False
avg_score: -429.3800048828125
median_score: -424.5
std_score: 28.25058364868164
percentiles: 2%=-485.0, 5%=-477.0, 10%=-469.6000061035156, 25%=-450.25, 50%=-424.5, 75%=-413.0, 90%=-399.0, 95%=-389.8500061035156, 98%=-364.9800109863281
ranking_best_algo: CMAL3
ranking_best_score: 435.36
ranking_my_rank: 10/504 (98.2%)
ranking_my_percent: 98.21428571428571
