ConfigName: kjsd__advperagentrankweighted__M3__L18__eps0p005__g0p001__ds0p05__dm0p2
Problem: QUBO
Kernel: jsd
Advantage: peragentrankweighted
M: 3
lambda: 18
epsilon_svgd: 0.005
gamma: 0.001
decay_start_ratio: 0.05
decay_min_factor: 0.2
bandwith_kernel: None
no_interact: False
avg_score: -935.780029296875
median_score: -934.5
std_score: 64.4711685180664
percentiles: 2%=-1072.0400390625, 5%=-1043.0, 10%=-1025.0, 25%=-977.25, 50%=-934.5, 75%=-893.75, 90%=-847.0, 95%=-830.9000244140625, 98%=-812.9600219726562
ranking_best_algo: CMApara
ranking_best_score: 964.9
ranking_my_rank: 13/504 (97.6%)
ranking_my_percent: 97.61904761904762
