ConfigName: kjsd__advperagentrankweighted__M3__L18__eps0p005__g0p0007__ds0p1__dm0p1
Problem: QUBO
Kernel: jsd
Advantage: peragentrankweighted
M: 3
lambda: 18
epsilon_svgd: 0.005
gamma: 0.0007
decay_start_ratio: 0.1
decay_min_factor: 0.1
bandwith_kernel: None
no_interact: False
avg_score: -411.1400146484375
median_score: -412.0
std_score: 22.59337043762207
percentiles: 2%=-455.0, 5%=-449.20001220703125, 10%=-445.1000061035156, 25%=-424.0, 50%=-412.0, 75%=-397.0, 90%=-380.0, 95%=-373.8999938964844, 98%=-365.9200134277344
ranking_best_algo: Tabu
ranking_best_score: 438.12
ranking_my_rank: 80/504 (84.3%)
ranking_my_percent: 84.32539682539682
