ConfigName: kjsd__advperagentrankweighted__M5__L12__eps0p03__g0p0005__ds0p05__dm0p05
Problem: QUBO
Kernel: jsd
Advantage: peragentrankweighted
M: 5
lambda: 12
epsilon_svgd: 0.03
gamma: 0.0005
decay_start_ratio: 0.05
decay_min_factor: 0.05
bandwith_kernel: None
no_interact: False
avg_score: -900.5399780273438
median_score: -896.5
std_score: 61.002689361572266
percentiles: 2%=-1030.02001953125, 5%=-989.9000244140625, 10%=-981.0999755859375, 25%=-944.0, 50%=-896.5, 75%=-853.75, 90%=-823.7999877929688, 95%=-808.9000244140625, 98%=-779.9199829101562
ranking_best_algo: CMAL3
ranking_best_score: 928.5800000000002
ranking_my_rank: 69/504 (86.5%)
ranking_my_percent: 86.5079365079365
