ConfigName: kjsd__advperagentrankweighted__M3__L18__eps0p005__g0p001__ds0p2__dm0p2
Problem: QUBO
Kernel: jsd
Advantage: peragentrankweighted
M: 3
lambda: 18
epsilon_svgd: 0.005
gamma: 0.001
decay_start_ratio: 0.2
decay_min_factor: 0.2
bandwith_kernel: None
no_interact: False
avg_score: -148.1999969482422
median_score: -147.5
std_score: 13.364130973815918
percentiles: 2%=-179.0, 5%=-179.0, 10%=-160.39999389648438, 25%=-155.0, 50%=-147.5, 75%=-140.0, 90%=-135.0, 95%=-127.94999694824219, 98%=-118.94000244140625
ranking_best_algo: CMApara
ranking_best_score: 154.28
ranking_my_rank: 85/504 (83.3%)
ranking_my_percent: 83.33333333333333
