ConfigName: kjsd__advperagentrankweighted__M5__L12__eps0p02__g0p0003__ds0p05__dm0p05
Problem: NK
Kernel: jsd
Advantage: peragentrankweighted
M: 5
lambda: 12
epsilon_svgd: 0.02
gamma: 0.0003
decay_start_ratio: 0.05
decay_min_factor: 0.05
bandwith_kernel: None
no_interact: False
avg_score: 0.7281103730201721
median_score: 0.7282671928405762
std_score: 0.009627195075154305
percentiles: 2%=0.7109397649765015, 5%=0.7111514210700989, 10%=0.7138316035270691, 25%=0.7212955951690674, 50%=0.7282671928405762, 75%=0.7350263595581055, 90%=0.7408871054649353, 95%=0.7422825694084167, 98%=0.7449824213981628
ranking_best_algo: PBIL
ranking_best_score: 0.7248786399609374
ranking_my_rank: 1/504 (100.0%)
ranking_my_percent: 100.0
