ConfigName: krbf__advnormalizedfitness__M2__L10__eps0p033__g0p01__ds0p01__dm0p3
Problem: QUBO
Kernel: rbf
Advantage: normalizedfitness
M: 2
lambda: 10
epsilon_svgd: 0.033
gamma: 0.01
decay_start_ratio: 0.01
decay_min_factor: 0.3
bandwith_kernel: None
no_interact: False
avg_score: -930.760009765625
median_score: -932.0
std_score: 62.21030807495117
percentiles: 2%=-1074.0400390625, 5%=-1041.3499755859375, 10%=-1015.4000244140625, 25%=-966.25, 50%=-932.0, 75%=-886.0, 90%=-848.7999877929688, 95%=-838.9000244140625, 98%=-814.9600219726562
ranking_best_algo: CMApara
ranking_best_score: 964.9
ranking_my_rank: 19/504 (96.4%)
ranking_my_percent: 96.42857142857143
