ConfigName: kjsd__advperagentrankweighted__M3__L18__eps0p007__g0p001__ds0p05__dm0p1
Problem: QUBO
Kernel: jsd
Advantage: peragentrankweighted
M: 3
lambda: 18
epsilon_svgd: 0.007
gamma: 0.001
decay_start_ratio: 0.05
decay_min_factor: 0.1
bandwith_kernel: None
no_interact: False
avg_score: -145.4199981689453
median_score: -145.0
std_score: 12.889670372009277
percentiles: 2%=-179.0, 5%=-164.0, 10%=-158.1999969482422, 25%=-154.0, 50%=-145.0, 75%=-137.0, 90%=-131.0, 95%=-126.9000015258789, 98%=-116.9800033569336
ranking_best_algo: CMApara
ranking_best_score: 154.28
ranking_my_rank: 138/504 (72.8%)
ranking_my_percent: 72.81746031746032
