ConfigName: kjsd__advperagentrankweighted__M3__L18__eps0p005__g0p0005__ds0p05__dm0p1
Problem: NK
Kernel: jsd
Advantage: peragentrankweighted
M: 3
lambda: 18
epsilon_svgd: 0.005
gamma: 0.0005
decay_start_ratio: 0.05
decay_min_factor: 0.1
bandwith_kernel: None
no_interact: False
avg_score: 0.7363704442977905
median_score: 0.7371028065681458
std_score: 0.00888761319220066
percentiles: 2%=0.7168352007865906, 5%=0.7202926278114319, 10%=0.7229991555213928, 25%=0.7312244176864624, 50%=0.7371028065681458, 75%=0.74228835105896, 90%=0.7459871768951416, 95%=0.7510409355163574, 98%=0.7532013058662415
ranking_best_algo: PBIL
ranking_best_score: 0.730509098125
ranking_my_rank: 1/504 (100.0%)
ranking_my_percent: 100.0
