ConfigName: kjsd__advperagentrankweighted__M3__L18__eps0p007__g0p003__ds0p2__dm0p05
Problem: QUBO
Kernel: jsd
Advantage: peragentrankweighted
M: 3
lambda: 18
epsilon_svgd: 0.007
gamma: 0.003
decay_start_ratio: 0.2
decay_min_factor: 0.05
bandwith_kernel: None
no_interact: False
avg_score: -2502.739990234375
median_score: -2508.5
std_score: 165.20802307128906
percentiles: 2%=-2839.56005859375, 5%=-2782.75, 10%=-2719.800048828125, 25%=-2600.5, 50%=-2508.5, 75%=-2396.0, 90%=-2293.89990234375, 95%=-2245.800048828125, 98%=-2224.02001953125
ranking_best_algo: DiscreteLengler2OnePlusOne
ranking_best_score: 2617.04
ranking_my_rank: 71/504 (86.1%)
ranking_my_percent: 86.11111111111111
