ConfigName: kjsd__advperagentrankweighted__M4__L12__eps0p005__g0p0003__ds0p4__dm0p05
Problem: NK
Kernel: jsd
Advantage: peragentrankweighted
M: 4
lambda: 12
epsilon_svgd: 0.005
gamma: 0.0003
decay_start_ratio: 0.4
decay_min_factor: 0.05
bandwith_kernel: None
no_interact: False
avg_score: 0.7097851634025574
median_score: 0.7111093997955322
std_score: 0.015255657956004143
percentiles: 2%=0.6702643036842346, 5%=0.6714704632759094, 10%=0.6967931389808655, 25%=0.7071494460105896, 50%=0.7111093997955322, 75%=0.718582272529602, 90%=0.725188136100769, 95%=0.7312954068183899, 98%=0.7316383719444275
ranking_best_algo: CMApara
ranking_best_score: 0.707475975
ranking_my_rank: 1/504 (100.0%)
ranking_my_percent: 100.0
