ConfigName: krbf__advnormalizedfitness__M1__L10__eps0p015__g0p007__ds0p15__dm0p01
Problem: NK
Kernel: rbf
Advantage: normalizedfitness
M: 1
lambda: 10
epsilon_svgd: 0.015
gamma: 0.007
decay_start_ratio: 0.15
decay_min_factor: 0.01
bandwith_kernel: None
no_interact: False
avg_score: 0.7298281192779541
median_score: 0.7303224802017212
std_score: 0.009239142760634422
percentiles: 2%=0.7133349180221558, 5%=0.7151997089385986, 10%=0.7173509001731873, 25%=0.7237352728843689, 50%=0.7303224802017212, 75%=0.7370762228965759, 90%=0.7413097023963928, 95%=0.7444773316383362, 98%=0.7462368011474609
ranking_best_algo: PBIL
ranking_best_score: 0.7248786399609374
ranking_my_rank: 1/504 (100.0%)
ranking_my_percent: 100.0
