ConfigName: krbf__advnormalizedfitness__M4__L12__eps0p025__g0p007__ds0p15__dm0p01
Problem: NK
Kernel: rbf
Advantage: normalizedfitness
M: 4
lambda: 12
epsilon_svgd: 0.025
gamma: 0.007
decay_start_ratio: 0.15
decay_min_factor: 0.01
bandwith_kernel: None
no_interact: False
avg_score: 0.7338557243347168
median_score: 0.7349349856376648
std_score: 0.013234240934252739
percentiles: 2%=0.7081753611564636, 5%=0.7130117416381836, 10%=0.7171165347099304, 25%=0.7234245538711548, 50%=0.7349349856376648, 75%=0.744035005569458, 90%=0.7489882111549377, 95%=0.7550370693206787, 98%=0.7592161297798157
ranking_best_algo: Tabu
ranking_best_score: 0.7601875690625
ranking_my_rank: 33/504 (93.7%)
ranking_my_percent: 93.65079365079364
