ConfigName: krbf__advnormalizedfitness__M4__L10__eps0p033__g0p007__ds0p3__dm0p01
Problem: QUBO
Kernel: rbf
Advantage: normalizedfitness
M: 4
lambda: 10
epsilon_svgd: 0.033
gamma: 0.007
decay_start_ratio: 0.3
decay_min_factor: 0.01
bandwith_kernel: None
no_interact: False
avg_score: -1169.1800537109375
median_score: -1164.0
std_score: 66.19537353515625
percentiles: 2%=-1298.3599853515625, 5%=-1290.1500244140625, 10%=-1257.0, 25%=-1211.75, 50%=-1164.0, 75%=-1129.0, 90%=-1082.7000732421875, 95%=-1062.60009765625, 98%=-1042.919921875
ranking_best_algo: SVMMetaModelLogNormal
ranking_best_score: 1233.7999999999997
ranking_my_rank: 83/504 (83.7%)
ranking_my_percent: 83.73015873015873
