ConfigName: kjsd__advperagentrankweighted__M3__L18__eps0p007__g0p001__ds0p05__dm0p2
Problem: QUBO
Kernel: jsd
Advantage: peragentrankweighted
M: 3
lambda: 18
epsilon_svgd: 0.007
gamma: 0.001
decay_start_ratio: 0.05
decay_min_factor: 0.2
bandwith_kernel: None
no_interact: False
avg_score: -1308.239990234375
median_score: -1303.0
std_score: 52.71321105957031
percentiles: 2%=-1420.02001953125, 5%=-1404.199951171875, 10%=-1380.0999755859375, 25%=-1338.0, 50%=-1303.0, 75%=-1272.5, 90%=-1247.9000244140625, 95%=-1234.949951171875, 98%=-1229.4200439453125
ranking_best_algo: BigLognormalDiscreteOnePlusOne
ranking_best_score: 1301.3600000000004
ranking_my_rank: 1/504 (100.0%)
ranking_my_percent: 100.0
