ConfigName: krbf__advnormalizedfitness__M3__L12__eps0p025__g0p015__ds0p01__dm0p01
Problem: NK
Kernel: rbf
Advantage: normalizedfitness
M: 3
lambda: 12
epsilon_svgd: 0.025
gamma: 0.015
decay_start_ratio: 0.01
decay_min_factor: 0.01
bandwith_kernel: None
no_interact: False
avg_score: 0.7323511242866516
median_score: 0.7319763898849487
std_score: 0.016736753284931183
percentiles: 2%=0.7002741098403931, 5%=0.7063868045806885, 10%=0.7129753828048706, 25%=0.7190312743186951, 50%=0.7319763898849487, 75%=0.7437532544136047, 90%=0.7523903250694275, 95%=0.7581701874732971, 98%=0.7695607542991638
ranking_best_algo: Tabu
ranking_best_score: 0.7601875690625
ranking_my_rank: 39/504 (92.5%)
ranking_my_percent: 92.46031746031746
