ConfigName: krbf__advnormalizedfitness__M3__L10__eps0p033__g0p01__ds0p15__dm0p01
Problem: QUBO
Kernel: rbf
Advantage: normalizedfitness
M: 3
lambda: 10
epsilon_svgd: 0.033
gamma: 0.01
decay_start_ratio: 0.15
decay_min_factor: 0.01
bandwith_kernel: None
no_interact: False
avg_score: -424.1000061035156
median_score: -424.0
std_score: 29.616043090820312
percentiles: 2%=-483.0, 5%=-469.1000061035156, 10%=-463.1000061035156, 25%=-443.75, 50%=-424.0, 75%=-403.0, 90%=-385.70001220703125, 95%=-378.8500061035156, 98%=-369.7999572753906
ranking_best_algo: CMAL3
ranking_best_score: 435.36
ranking_my_rank: 31/504 (94.0%)
ranking_my_percent: 94.04761904761905
