ConfigName: krbf__advnormalizedfitness__M4__L12__eps0p033__g0p005__ds0p15__dm0p3
Problem: NK
Kernel: rbf
Advantage: normalizedfitness
M: 4
lambda: 12
epsilon_svgd: 0.033
gamma: 0.005
decay_start_ratio: 0.15
decay_min_factor: 0.3
bandwith_kernel: None
no_interact: False
avg_score: 0.7391520738601685
median_score: 0.738822340965271
std_score: 0.01366200391203165
percentiles: 2%=0.711301326751709, 5%=0.7208507061004639, 10%=0.7229055166244507, 25%=0.7297326326370239, 50%=0.738822340965271, 75%=0.7491074800491333, 90%=0.7548174858093262, 95%=0.761389434337616, 98%=0.7685182094573975
ranking_best_algo: Tabu
ranking_best_score: 0.7601875690625
ranking_my_rank: 16/504 (97.0%)
ranking_my_percent: 97.02380952380952
