ConfigName: krbf__advnormalizedfitness__M3__L12__eps0p015__g0p005__ds0p3__dm0p3
Problem: NK
Kernel: rbf
Advantage: normalizedfitness
M: 3
lambda: 12
epsilon_svgd: 0.015
gamma: 0.005
decay_start_ratio: 0.3
decay_min_factor: 0.3
bandwith_kernel: None
no_interact: False
avg_score: 0.7212924957275391
median_score: 0.7229138612747192
std_score: 0.02319982647895813
percentiles: 2%=0.6752883195877075, 5%=0.6819781064987183, 10%=0.6839091777801514, 25%=0.7032083868980408, 50%=0.7229138612747192, 75%=0.7392354011535645, 90%=0.7513852715492249, 95%=0.7549182772636414, 98%=0.7608767151832581
ranking_best_algo: Tabu
ranking_best_score: 0.7601875690625
ranking_my_rank: 132/504 (74.0%)
ranking_my_percent: 74.0079365079365
