ConfigName: kfr__advglobalrankweighted__M4__L13__eps0p06__g0p001__ds0p01__dm0p01
Problem: NK
Kernel: fr
Advantage: globalrankweighted
M: 4
lambda: 13
epsilon_svgd: 0.06
gamma: 0.001
decay_start_ratio: 0.01
decay_min_factor: 0.01
bandwith_kernel: None
no_interact: False
avg_score: 0.7371885180473328
median_score: 0.7343324422836304
std_score: 0.02941841073334217
percentiles: 2%=0.6913579702377319, 5%=0.6976862549781799, 10%=0.7035276293754578, 25%=0.7175787091255188, 50%=0.7343324422836304, 75%=0.7474254369735718, 90%=0.771524965763092, 95%=0.8044298887252808, 98%=0.8095143437385559
ranking_best_algo: CMApara
ranking_best_score: 0.7459277895312499
ranking_my_rank: 82/504 (83.9%)
ranking_my_percent: 83.92857142857143
