ConfigName: kjsd__advperagentrankweighted__M4__L8__eps0p03__g0p0003__ds0p05__dm0p05
Problem: QUBO
Kernel: jsd
Advantage: peragentrankweighted
M: 4
lambda: 8
epsilon_svgd: 0.03
gamma: 0.0003
decay_start_ratio: 0.05
decay_min_factor: 0.05
bandwith_kernel: None
no_interact: False
avg_score: -417.17999267578125
median_score: -419.0
std_score: 29.36405372619629
percentiles: 2%=-477.0, 5%=-462.20001220703125, 10%=-453.20001220703125, 25%=-437.0, 50%=-419.0, 75%=-395.75, 90%=-376.0, 95%=-367.95001220703125, 98%=-364.9800109863281
ranking_best_algo: CMApara
ranking_best_score: 453.82
ranking_my_rank: 186/504 (63.3%)
ranking_my_percent: 63.29365079365079
