ConfigName: kjsd__advperagentrankweighted__M3__L20__eps0p01__g0p0005__ds0p05__dm0p1
Problem: NK
Kernel: jsd
Advantage: peragentrankweighted
M: 3
lambda: 20
epsilon_svgd: 0.01
gamma: 0.0005
decay_start_ratio: 0.05
decay_min_factor: 0.1
bandwith_kernel: None
no_interact: False
avg_score: 0.7419989109039307
median_score: 0.7373086214065552
std_score: 0.028986986726522446
percentiles: 2%=0.6908737421035767, 5%=0.7064676284790039, 10%=0.7103778123855591, 25%=0.722614049911499, 50%=0.7373086214065552, 75%=0.7579635381698608, 90%=0.7750537395477295, 95%=0.8044298887252808, 98%=0.8118547797203064
ranking_best_algo: CMApara
ranking_best_score: 0.7459277895312499
ranking_my_rank: 25/504 (95.2%)
ranking_my_percent: 95.23809523809524
