ConfigName: krbf__advnormalizedfitness__M3__L10__eps0p033__g0p007__ds0p3__dm0p01
Problem: QUBO
Kernel: rbf
Advantage: normalizedfitness
M: 3
lambda: 10
epsilon_svgd: 0.033
gamma: 0.007
decay_start_ratio: 0.3
decay_min_factor: 0.01
bandwith_kernel: None
no_interact: False
avg_score: -1599.9599609375
median_score: -1593.0
std_score: 74.83995056152344
percentiles: 2%=-1746.43994140625, 5%=-1735.0999755859375, 10%=-1701.300048828125, 25%=-1652.75, 50%=-1593.0, 75%=-1540.5, 90%=-1504.800048828125, 95%=-1495.7000732421875, 98%=-1482.3798828125
ranking_best_algo: NLOPT_LN_PRAXIS
ranking_best_score: 1607.12
ranking_my_rank: 13/504 (97.6%)
ranking_my_percent: 97.61904761904762
