ConfigName: kjsd__advperagentrankweighted__M3__L16__eps0p007__g0p0007__ds0p2__dm0p05
Problem: QUBO
Kernel: jsd
Advantage: peragentrankweighted
M: 3
lambda: 16
epsilon_svgd: 0.007
gamma: 0.0007
decay_start_ratio: 0.2
decay_min_factor: 0.05
bandwith_kernel: None
no_interact: False
avg_score: -138.0800018310547
median_score: -137.0
std_score: 12.178406715393066
percentiles: 2%=-158.0, 5%=-156.0500030517578, 10%=-155.10000610351562, 25%=-147.0, 50%=-137.0, 75%=-130.0, 90%=-122.5999984741211, 95%=-118.9000015258789, 98%=-114.91999816894531
ranking_best_algo: DiscreteDE
ranking_best_score: 143.4
ranking_my_rank: 115/504 (77.4%)
ranking_my_percent: 77.38095238095238
