ConfigName: kjsd__advperagentrankweighted__M3__L20__eps0p005__g0p001__ds0p2__dm0p05
Problem: QUBO
Kernel: jsd
Advantage: peragentrankweighted
M: 3
lambda: 20
epsilon_svgd: 0.005
gamma: 0.001
decay_start_ratio: 0.2
decay_min_factor: 0.05
bandwith_kernel: None
no_interact: False
avg_score: -199.8000030517578
median_score: -201.0
std_score: 12.370933532714844
percentiles: 2%=-224.0, 5%=-222.10000610351562, 10%=-217.10000610351562, 25%=-208.25, 50%=-201.0, 75%=-190.0, 90%=-183.0, 95%=-181.0, 98%=-179.0
ranking_best_algo: Tabu
ranking_best_score: 208.36000000000004
ranking_my_rank: 59/504 (88.5%)
ranking_my_percent: 88.4920634920635
