ConfigName: krbf__advnormalizedfitness__M3__L12__eps0p015__g0p007__ds0p15__dm0p3
Problem: QUBO
Kernel: rbf
Advantage: normalizedfitness
M: 3
lambda: 12
epsilon_svgd: 0.015
gamma: 0.007
decay_start_ratio: 0.15
decay_min_factor: 0.3
bandwith_kernel: None
no_interact: False
avg_score: -414.5799865722656
median_score: -414.0
std_score: 27.943222045898438
percentiles: 2%=-469.0400085449219, 5%=-465.1000061035156, 10%=-450.3999938964844, 25%=-434.0, 50%=-414.0, 75%=-394.0, 90%=-381.79998779296875, 95%=-375.8000183105469, 98%=-362.57989501953125
ranking_best_algo: Tabu
ranking_best_score: 438.12
ranking_my_rank: 52/504 (89.9%)
ranking_my_percent: 89.88095238095238
