ConfigName: kjsd__advperagentrankweighted__M4__L12__eps0p005__g0p0007__ds0p2__dm0p2
Problem: QUBO
Kernel: jsd
Advantage: peragentrankweighted
M: 4
lambda: 12
epsilon_svgd: 0.005
gamma: 0.0007
decay_start_ratio: 0.2
decay_min_factor: 0.2
bandwith_kernel: None
no_interact: False
avg_score: -1288.699951171875
median_score: -1289.5
std_score: 57.78036117553711
percentiles: 2%=-1417.1199951171875, 5%=-1381.050048828125, 10%=-1370.199951171875, 25%=-1323.5, 50%=-1289.5, 75%=-1247.75, 90%=-1208.800048828125, 95%=-1204.9000244140625, 98%=-1194.9599609375
ranking_best_algo: BigLognormalDiscreteOnePlusOne
ranking_best_score: 1301.3600000000004
ranking_my_rank: 4/504 (99.4%)
ranking_my_percent: 99.4047619047619
