ConfigName: kjsd__advperagentrankweighted__M3__L16__eps0p01__g0p001__ds0p05__dm0p1
Problem: QUBO
Kernel: jsd
Advantage: peragentrankweighted
M: 3
lambda: 16
epsilon_svgd: 0.01
gamma: 0.001
decay_start_ratio: 0.05
decay_min_factor: 0.1
bandwith_kernel: None
no_interact: False
avg_score: -439.79998779296875
median_score: -443.0
std_score: 27.613039016723633
percentiles: 2%=-489.05999755859375, 5%=-485.1000061035156, 10%=-472.0, 25%=-459.75, 50%=-443.0, 75%=-421.75, 90%=-405.79998779296875, 95%=-394.6499938964844, 98%=-379.7799987792969
ranking_best_algo: CMApara
ranking_best_score: 453.82
ranking_my_rank: 16/504 (97.0%)
ranking_my_percent: 97.02380952380952
