ConfigName: kjsd__advperagentrankweighted__M4__L10__eps0p02__g0p0007__ds0p05__dm0p05
Problem: NK
Kernel: jsd
Advantage: peragentrankweighted
M: 4
lambda: 10
epsilon_svgd: 0.02
gamma: 0.0007
decay_start_ratio: 0.05
decay_min_factor: 0.05
bandwith_kernel: None
no_interact: False
avg_score: 0.7332965135574341
median_score: 0.7323493957519531
std_score: 0.013149896636605263
percentiles: 2%=0.7099301218986511, 5%=0.7131391167640686, 10%=0.7166392803192139, 25%=0.7239357233047485, 50%=0.7323493957519531, 75%=0.743013858795166, 90%=0.7499524354934692, 95%=0.7554245591163635, 98%=0.765372097492218
ranking_best_algo: Tabu
ranking_best_score: 0.7601875690625
ranking_my_rank: 33/504 (93.7%)
ranking_my_percent: 93.65079365079364
