ConfigName: krbf__advnormalizedfitness__M1__L10__eps0p015__g0p01__ds0p01__dm0p3
Problem: NK
Kernel: rbf
Advantage: normalizedfitness
M: 1
lambda: 10
epsilon_svgd: 0.015
gamma: 0.01
decay_start_ratio: 0.01
decay_min_factor: 0.3
bandwith_kernel: None
no_interact: False
avg_score: 0.731630265712738
median_score: 0.7325910329818726
std_score: 0.008872635662555695
percentiles: 2%=0.7113966941833496, 5%=0.7172606587409973, 10%=0.7200237512588501, 25%=0.7247985005378723, 50%=0.7325910329818726, 75%=0.7382074594497681, 90%=0.742877185344696, 95%=0.7449396252632141, 98%=0.7463061213493347
ranking_best_algo: PBIL
ranking_best_score: 0.7248786399609374
ranking_my_rank: 1/504 (100.0%)
ranking_my_percent: 100.0
