ConfigName: kjsd__advperagentrankweighted__M5__L8__eps0p005__g0p003__ds0p4__dm0p05
Problem: QUBO
Kernel: jsd
Advantage: peragentrankweighted
M: 5
lambda: 8
epsilon_svgd: 0.005
gamma: 0.003
decay_start_ratio: 0.4
decay_min_factor: 0.05
bandwith_kernel: None
no_interact: False
avg_score: -529.0599975585938
median_score: -527.0
std_score: 40.91303634643555
percentiles: 2%=-605.0800170898438, 5%=-597.1500244140625, 10%=-584.2000122070312, 25%=-559.75, 50%=-527.0, 75%=-503.75, 90%=-477.29998779296875, 95%=-458.95001220703125, 98%=-455.0
ranking_best_algo: Tabu
ranking_best_score: 588.7199999999999
ranking_my_rank: 196/503 (61.2%)
ranking_my_percent: 61.232604373757454
