ConfigName: kjsd__advperagentrankweighted__M3__L24__eps0p005__g0p0005__ds0p1__dm0p1
Problem: QUBO
Kernel: jsd
Advantage: peragentrankweighted
M: 3
lambda: 24
epsilon_svgd: 0.005
gamma: 0.0005
decay_start_ratio: 0.1
decay_min_factor: 0.1
bandwith_kernel: None
no_interact: False
avg_score: -1247.93994140625
median_score: -1249.0
std_score: 57.782833099365234
percentiles: 2%=-1362.1400146484375, 5%=-1347.25, 10%=-1325.0999755859375, 25%=-1287.75, 50%=-1249.0, 75%=-1205.75, 90%=-1176.699951171875, 95%=-1154.5, 98%=-1132.9200439453125
ranking_best_algo: SVMMetaModelLogNormal
ranking_best_score: 1233.7999999999997
ranking_my_rank: 1/504 (100.0%)
ranking_my_percent: 100.0
