ConfigName: kjsd__advperagentrankweighted__M3__L24__eps0p005__g0p001__ds0p2__dm0p05
Problem: QUBO
Kernel: jsd
Advantage: peragentrankweighted
M: 3
lambda: 24
epsilon_svgd: 0.005
gamma: 0.001
decay_start_ratio: 0.2
decay_min_factor: 0.05
bandwith_kernel: None
no_interact: False
avg_score: -2516.280029296875
median_score: -2520.5
std_score: 132.8542022705078
percentiles: 2%=-2790.139892578125, 5%=-2718.64990234375, 10%=-2684.60009765625, 25%=-2609.0, 50%=-2520.5, 75%=-2408.0, 90%=-2331.0, 95%=-2296.64990234375, 98%=-2277.56005859375
ranking_best_algo: SVM1MetaModelLogNormal
ranking_best_score: 2605.14
ranking_my_rank: 60/504 (88.3%)
ranking_my_percent: 88.2936507936508
