ConfigName: krbf__advnormalizedfitness__M4__L8__eps0p025__g0p01__ds0p05__dm0p05
Problem: QUBO
Kernel: rbf
Advantage: normalizedfitness
M: 4
lambda: 8
epsilon_svgd: 0.025
gamma: 0.01
decay_start_ratio: 0.05
decay_min_factor: 0.05
bandwith_kernel: None
no_interact: False
avg_score: -311.239990234375
median_score: -311.0
std_score: 35.76230239868164
percentiles: 2%=-386.1199951171875, 5%=-380.29998779296875, 10%=-353.6000061035156, 25%=-335.0, 50%=-311.0, 75%=-276.0, 90%=-268.8999938964844, 95%=-267.8999938964844, 98%=-263.9599914550781
ranking_best_algo: CMApara
ranking_best_score: 319.29999999999995
ranking_my_rank: 39/504 (92.5%)
ranking_my_percent: 92.46031746031746
