ConfigName: kjsd__advperagentrankweighted__M5__L12__eps0p02__g0p0007__ds0p2__dm0p05
Problem: QUBO
Kernel: jsd
Advantage: peragentrankweighted
M: 5
lambda: 12
epsilon_svgd: 0.02
gamma: 0.0007
decay_start_ratio: 0.2
decay_min_factor: 0.05
bandwith_kernel: None
no_interact: False
avg_score: -2592.840087890625
median_score: -2585.0
std_score: 97.10352325439453
percentiles: 2%=-2774.39990234375, 5%=-2760.14990234375, 10%=-2708.199951171875, 25%=-2659.5, 50%=-2585.0, 75%=-2526.5, 90%=-2473.0, 95%=-2435.89990234375, 98%=-2427.840087890625
ranking_best_algo: SVM1MetaModelLogNormal
ranking_best_score: 2605.14
ranking_my_rank: 10/504 (98.2%)
ranking_my_percent: 98.21428571428571
