ConfigName: krbf__advnormalizedfitness__M4__L15__eps0p025__g0p015__ds0p15__dm0p3
Problem: QUBO
Kernel: rbf
Advantage: normalizedfitness
M: 4
lambda: 15
epsilon_svgd: 0.025
gamma: 0.015
decay_start_ratio: 0.15
decay_min_factor: 0.3
bandwith_kernel: None
no_interact: False
avg_score: -258.739990234375
median_score: -254.0
std_score: 37.506431579589844
percentiles: 2%=-342.1600036621094, 5%=-334.0, 10%=-320.3999938964844, 25%=-280.0, 50%=-254.0, 75%=-228.0, 90%=-217.89999389648438, 95%=-208.0, 98%=-205.9399871826172
ranking_best_algo: CMApara
ranking_best_score: 319.29999999999995
ranking_my_rank: 340/504 (32.7%)
ranking_my_percent: 32.73809523809524
