ConfigName: krbf__advnormalizedfitness__M4__L8__eps0p015__g0p007__ds0p01__dm0p3
Problem: QUBO
Kernel: rbf
Advantage: normalizedfitness
M: 4
lambda: 8
epsilon_svgd: 0.015
gamma: 0.007
decay_start_ratio: 0.01
decay_min_factor: 0.3
bandwith_kernel: None
no_interact: False
avg_score: -1988.4000244140625
median_score: -1969.0
std_score: 184.0471649169922
percentiles: 2%=-2380.760009765625, 5%=-2284.89990234375, 10%=-2233.300048828125, 25%=-2136.5, 50%=-1969.0, 75%=-1833.5, 90%=-1764.800048828125, 95%=-1725.60009765625, 98%=-1673.2398681640625
ranking_best_algo: SVM1MetaModelLogNormal
ranking_best_score: 2605.14
ranking_my_rank: 283/504 (44.0%)
ranking_my_percent: 44.04761904761905
