ConfigName: kjsd__advperagentrankweighted__M3__L30__eps0p007__g0p0005__ds0p1__dm0p1
Problem: NK
Kernel: jsd
Advantage: peragentrankweighted
M: 3
lambda: 30
epsilon_svgd: 0.007
gamma: 0.0005
decay_start_ratio: 0.1
decay_min_factor: 0.1
bandwith_kernel: None
no_interact: False
avg_score: 0.7074213624000549
median_score: 0.7099854946136475
std_score: 0.011827397160232067
percentiles: 2%=0.6867727637290955, 5%=0.6878600716590881, 10%=0.6925943493843079, 25%=0.6957460045814514, 50%=0.7099854946136475, 75%=0.7181713581085205, 90%=0.7207810878753662, 95%=0.7226242423057556, 98%=0.7230069637298584
ranking_best_algo: PBIL
ranking_best_score: 0.7013553837109374
ranking_my_rank: 1/504 (100.0%)
ranking_my_percent: 100.0
