ConfigName: krbf__advnormalizedfitness__M1__L8__eps0p015__g0p015__ds0p3__dm0p01
Problem: NK
Kernel: rbf
Advantage: normalizedfitness
M: 1
lambda: 8
epsilon_svgd: 0.015
gamma: 0.015
decay_start_ratio: 0.3
decay_min_factor: 0.01
bandwith_kernel: None
no_interact: False
avg_score: 0.7282803058624268
median_score: 0.7296804189682007
std_score: 0.008297991938889027
percentiles: 2%=0.712883710861206, 5%=0.715074896812439, 10%=0.7166807055473328, 25%=0.7215993404388428, 50%=0.7296804189682007, 75%=0.7335289120674133, 90%=0.7373921871185303, 95%=0.7402929067611694, 98%=0.7437900304794312
ranking_best_algo: PBIL
ranking_best_score: 0.7170882103515624
ranking_my_rank: 1/504 (100.0%)
ranking_my_percent: 100.0
