ConfigName: krbf__advnormalizedfitness__M4__L15__eps0p033__g0p01__ds0p01__dm0p01
Problem: QUBO
Kernel: rbf
Advantage: normalizedfitness
M: 4
lambda: 15
epsilon_svgd: 0.033
gamma: 0.01
decay_start_ratio: 0.01
decay_min_factor: 0.01
bandwith_kernel: None
no_interact: False
avg_score: -423.1199951171875
median_score: -421.0
std_score: 28.183427810668945
percentiles: 2%=-477.0400085449219, 5%=-471.1000061035156, 10%=-467.0, 25%=-440.0, 50%=-421.0, 75%=-407.0, 90%=-384.6000061035156, 95%=-379.0, 98%=-375.8599853515625
ranking_best_algo: CMAL3
ranking_best_score: 435.36
ranking_my_rank: 33/504 (93.7%)
ranking_my_percent: 93.65079365079364
