ConfigName: krbf__advnormalizedfitness__M4__L8__eps0p025__g0p005__ds0p01__dm0p3
Problem: QUBO
Kernel: rbf
Advantage: normalizedfitness
M: 4
lambda: 8
epsilon_svgd: 0.025
gamma: 0.005
decay_start_ratio: 0.01
decay_min_factor: 0.3
bandwith_kernel: None
no_interact: False
avg_score: -897.9199829101562
median_score: -892.0
std_score: 63.54222106933594
percentiles: 2%=-1029.06005859375, 5%=-1020.0999755859375, 10%=-979.2000122070312, 25%=-933.0, 50%=-892.0, 75%=-858.0, 90%=-820.9000244140625, 95%=-801.550048828125, 98%=-770.8800048828125
ranking_best_algo: CMAL3
ranking_best_score: 928.5800000000002
ranking_my_rank: 75/504 (85.3%)
ranking_my_percent: 85.31746031746032
