ConfigName: kjsd__advperagentrankweighted__M3__L18__eps0p005__g0p0005__ds0p2__dm0p1
Problem: QUBO
Kernel: jsd
Advantage: peragentrankweighted
M: 3
lambda: 18
epsilon_svgd: 0.005
gamma: 0.0005
decay_start_ratio: 0.2
decay_min_factor: 0.1
bandwith_kernel: None
no_interact: False
avg_score: -412.1600036621094
median_score: -410.0
std_score: 27.56473159790039
percentiles: 2%=-469.0400085449219, 5%=-455.20001220703125, 10%=-448.1000061035156, 25%=-430.0, 50%=-410.0, 75%=-392.0, 90%=-379.3999938964844, 95%=-367.8999938964844, 98%=-349.9599914550781
ranking_best_algo: Tabu
ranking_best_score: 438.12
ranking_my_rank: 72/504 (85.9%)
ranking_my_percent: 85.91269841269842
