ConfigName: kjsd__advperagentrankweighted__M3__L18__eps0p007__g0p001__ds0p05__dm0p1
Problem: QUBO
Kernel: jsd
Advantage: peragentrankweighted
M: 3
lambda: 18
epsilon_svgd: 0.007
gamma: 0.001
decay_start_ratio: 0.05
decay_min_factor: 0.1
bandwith_kernel: None
no_interact: False
avg_score: -3309.43994140625
median_score: -3300.0
std_score: 119.17552947998047
percentiles: 2%=-3535.5, 5%=-3504.5, 10%=-3454.699951171875, 25%=-3395.0, 50%=-3300.0, 75%=-3235.5, 90%=-3161.199951171875, 95%=-3122.5, 98%=-3076.699951171875
ranking_best_algo: RLSOnePlusOne
ranking_best_score: 3316.5199999999995
ranking_my_rank: 2/504 (99.8%)
ranking_my_percent: 99.8015873015873
