ConfigName: kjsd__advperagentrankweighted__M4__L30__eps0p005__g0p0007__ds0p4__dm0p05
Problem: QUBO
Kernel: jsd
Advantage: peragentrankweighted
M: 4
lambda: 30
epsilon_svgd: 0.005
gamma: 0.0007
decay_start_ratio: 0.4
decay_min_factor: 0.05
bandwith_kernel: None
no_interact: False
avg_score: -2454.89990234375
median_score: -2468.0
std_score: 163.51266479492188
percentiles: 2%=-2767.780029296875, 5%=-2692.75, 10%=-2663.0, 25%=-2566.0, 50%=-2468.0, 75%=-2337.0, 90%=-2230.60009765625, 95%=-2185.050048828125, 98%=-2122.659912109375
ranking_best_algo: DiscreteLengler2OnePlusOne
ranking_best_score: 2617.04
ranking_my_rank: 91/504 (82.1%)
ranking_my_percent: 82.14285714285714
