ConfigName: kjsd__advperagentrankweighted__M3__L20__eps0p005__g0p003__ds0p05__dm0p1
Problem: QUBO
Kernel: jsd
Advantage: peragentrankweighted
M: 3
lambda: 20
epsilon_svgd: 0.005
gamma: 0.003
decay_start_ratio: 0.05
decay_min_factor: 0.1
bandwith_kernel: None
no_interact: False
avg_score: -410.4599914550781
median_score: -414.0
std_score: 29.26479721069336
percentiles: 2%=-461.0400085449219, 5%=-453.1000061035156, 10%=-443.29998779296875, 25%=-431.0, 50%=-414.0, 75%=-394.5, 90%=-368.8999938964844, 95%=-357.75, 98%=-340.9800109863281
ranking_best_algo: CMAL3
ranking_best_score: 435.36
ranking_my_rank: 171/504 (66.3%)
ranking_my_percent: 66.26984126984127
