ConfigName: kjsd__advperagentrankweighted__M5__L12__eps0p02__g0p0003__ds0p2__dm0p05
Problem: NK
Kernel: jsd
Advantage: peragentrankweighted
M: 5
lambda: 12
epsilon_svgd: 0.02
gamma: 0.0003
decay_start_ratio: 0.2
decay_min_factor: 0.05
bandwith_kernel: None
no_interact: False
avg_score: 0.7457734942436218
median_score: 0.7467491626739502
std_score: 0.013943581841886044
percentiles: 2%=0.718737781047821, 5%=0.7242900729179382, 10%=0.726967990398407, 25%=0.7375001311302185, 50%=0.7467491626739502, 75%=0.7557061314582825, 90%=0.7629104256629944, 95%=0.7699706554412842, 98%=0.7711663246154785
ranking_best_algo: Tabu
ranking_best_score: 0.7657846284375001
ranking_my_rank: 42/504 (91.9%)
ranking_my_percent: 91.86507936507937
