ConfigName: krbf__advnormalizedfitness__M4__L8__eps0p015__g0p005__ds0p3__dm0p01
Problem: QUBO
Kernel: rbf
Advantage: normalizedfitness
M: 4
lambda: 8
epsilon_svgd: 0.015
gamma: 0.005
decay_start_ratio: 0.3
decay_min_factor: 0.01
bandwith_kernel: None
no_interact: False
avg_score: -2994.580078125
median_score: -3016.5
std_score: 224.9096221923828
percentiles: 2%=-3370.919921875, 5%=-3340.300048828125, 10%=-3262.800048828125, 25%=-3162.25, 50%=-3016.5, 75%=-2828.0, 90%=-2668.89990234375, 95%=-2645.650146484375, 98%=-2591.9599609375
ranking_best_algo: RLSOnePlusOne
ranking_best_score: 3316.5199999999995
ranking_my_rank: 130/504 (74.4%)
ranking_my_percent: 74.4047619047619
