ConfigName: kjsd__advperagentrankweighted__M3__L30__eps0p007__g0p001__ds0p1__dm0p05
Problem: QUBO
Kernel: jsd
Advantage: peragentrankweighted
M: 3
lambda: 30
epsilon_svgd: 0.007
gamma: 0.001
decay_start_ratio: 0.1
decay_min_factor: 0.05
bandwith_kernel: None
no_interact: False
avg_score: -436.5400085449219
median_score: -440.0
std_score: 28.18489646911621
percentiles: 2%=-481.0400085449219, 5%=-478.04998779296875, 10%=-472.0, 25%=-457.0, 50%=-440.0, 75%=-415.75, 90%=-393.79998779296875, 95%=-384.95001220703125, 98%=-379.94000244140625
ranking_best_algo: CMApara
ranking_best_score: 453.82
ranking_my_rank: 30/504 (94.2%)
ranking_my_percent: 94.24603174603175
