ConfigName: kfr__advglobalrankweighted__M4__L24__eps0p02__g0p005__ds0p01__dm0p01
Problem: QUBO
Kernel: fr
Advantage: globalrankweighted
M: 4
lambda: 24
epsilon_svgd: 0.02
gamma: 0.005
decay_start_ratio: 0.01
decay_min_factor: 0.01
bandwith_kernel: None
no_interact: False
avg_score: -1176.3800048828125
median_score: -1165.5
std_score: 66.42164611816406
percentiles: 2%=-1305.6800537109375, 5%=-1289.0999755859375, 10%=-1274.5, 25%=-1229.0, 50%=-1165.5, 75%=-1128.0, 90%=-1100.9000244140625, 95%=-1086.800048828125, 98%=-1072.659912109375
ranking_best_algo: Tabu
ranking_best_score: 1216.16
ranking_my_rank: 82/504 (83.9%)
ranking_my_percent: 83.92857142857143
