ConfigName: kjsd__advperagentrankweighted__M3__L18__eps0p005__g0p0005__ds0p1__dm0p05
Problem: QUBO
Kernel: jsd
Advantage: peragentrankweighted
M: 3
lambda: 18
epsilon_svgd: 0.005
gamma: 0.0005
decay_start_ratio: 0.1
decay_min_factor: 0.05
bandwith_kernel: None
no_interact: False
avg_score: -1634.56005859375
median_score: -1638.5
std_score: 55.085628509521484
percentiles: 2%=-1744.0, 5%=-1728.0999755859375, 10%=-1717.0999755859375, 25%=-1665.25, 50%=-1638.5, 75%=-1594.5, 90%=-1564.9000244140625, 95%=-1548.9000244140625, 98%=-1536.6400146484375
ranking_best_algo: NLOPT_LN_PRAXIS
ranking_best_score: 1607.12
ranking_my_rank: 1/504 (100.0%)
ranking_my_percent: 100.0
