ConfigName: krbf__advnormalizedfitness__M2__L8__eps0p015__g0p01__ds0p15__dm0p01
Problem: NK
Kernel: rbf
Advantage: normalizedfitness
M: 2
lambda: 8
epsilon_svgd: 0.015
gamma: 0.01
decay_start_ratio: 0.15
decay_min_factor: 0.01
bandwith_kernel: None
no_interact: False
avg_score: 0.7493956089019775
median_score: 0.7497845888137817
std_score: 0.00916721299290657
percentiles: 2%=0.7318601012229919, 5%=0.7353670001029968, 10%=0.7370387315750122, 25%=0.7425828576087952, 50%=0.7497845888137817, 75%=0.7561210989952087, 90%=0.7605649828910828, 95%=0.7625896334648132, 98%=0.7693721652030945
ranking_best_algo: PBIL
ranking_best_score: 0.733570253046875
ranking_my_rank: 1/504 (100.0%)
ranking_my_percent: 100.0
