ConfigName: krbf__advnormalizedfitness__M4__L15__eps0p015__g0p01__ds0p3__dm0p01
Problem: QUBO
Kernel: rbf
Advantage: normalizedfitness
M: 4
lambda: 15
epsilon_svgd: 0.015
gamma: 0.01
decay_start_ratio: 0.3
decay_min_factor: 0.01
bandwith_kernel: None
no_interact: False
avg_score: -694.219970703125
median_score: -688.0
std_score: 76.55149841308594
percentiles: 2%=-874.1199951171875, 5%=-866.0999755859375, 10%=-795.0999755859375, 25%=-726.0, 50%=-688.0, 75%=-647.25, 90%=-603.0, 95%=-574.4500732421875, 98%=-554.97998046875
ranking_best_algo: CMAL3
ranking_best_score: 928.5800000000002
ranking_my_rank: 331/504 (34.5%)
ranking_my_percent: 34.523809523809526
