ConfigName: kjsd__advperagentrankweighted__M4__L20__eps0p005__g0p0005__ds0p2__dm0p2
Problem: NK
Kernel: jsd
Advantage: peragentrankweighted
M: 4
lambda: 20
epsilon_svgd: 0.005
gamma: 0.0005
decay_start_ratio: 0.2
decay_min_factor: 0.2
bandwith_kernel: None
no_interact: False
avg_score: 0.7375407218933105
median_score: 0.7383768558502197
std_score: 0.00869081262499094
percentiles: 2%=0.7193928360939026, 5%=0.7226585149765015, 10%=0.7254117131233215, 25%=0.732589602470398, 50%=0.7383768558502197, 75%=0.7447243332862854, 90%=0.7473204731941223, 95%=0.7506306767463684, 98%=0.7515696287155151
ranking_best_algo: PBIL
ranking_best_score: 0.730509098125
ranking_my_rank: 1/504 (100.0%)
ranking_my_percent: 100.0
