ConfigName: krbf__advnormalizedfitness__M4__L15__eps0p033__g0p007__ds0p15__dm0p01
Problem: QUBO
Kernel: rbf
Advantage: normalizedfitness
M: 4
lambda: 15
epsilon_svgd: 0.033
gamma: 0.007
decay_start_ratio: 0.15
decay_min_factor: 0.01
bandwith_kernel: None
no_interact: False
avg_score: -151.16000366210938
median_score: -150.0
std_score: 12.508172988891602
percentiles: 2%=-179.0, 5%=-179.0, 10%=-165.49998474121094, 25%=-158.0, 50%=-150.0, 75%=-141.0, 90%=-136.89999389648438, 95%=-132.90000915527344, 98%=-131.0
ranking_best_algo: CMApara
ranking_best_score: 154.28
ranking_my_rank: 72/504 (85.9%)
ranking_my_percent: 85.91269841269842
