ConfigName: kjsd__advperagentrankweighted__M5__L8__eps0p01__g0p003__ds0p05__dm0p2
Problem: QUBO
Kernel: jsd
Advantage: peragentrankweighted
M: 5
lambda: 8
epsilon_svgd: 0.01
gamma: 0.003
decay_start_ratio: 0.05
decay_min_factor: 0.2
bandwith_kernel: None
no_interact: False
avg_score: -579.0999755859375
median_score: -584.5
std_score: 32.21226501464844
percentiles: 2%=-631.0800170898438, 5%=-625.1500244140625, 10%=-619.0999755859375, 25%=-601.0, 50%=-584.5, 75%=-556.75, 90%=-528.9000244140625, 95%=-519.9500122070312, 98%=-515.9600219726562
ranking_best_algo: Tabu
ranking_best_score: 588.7199999999999
ranking_my_rank: 41/503 (92.0%)
ranking_my_percent: 92.04771371769384
