ConfigName: kjsd__advperagentrankweighted__M3__L20__eps0p007__g0p0007__ds0p05__dm0p1
Problem: NK
Kernel: jsd
Advantage: peragentrankweighted
M: 3
lambda: 20
epsilon_svgd: 0.007
gamma: 0.0007
decay_start_ratio: 0.05
decay_min_factor: 0.1
bandwith_kernel: None
no_interact: False
avg_score: 0.747671365737915
median_score: 0.7487412691116333
std_score: 0.006843750365078449
percentiles: 2%=0.7342398762702942, 5%=0.7363550662994385, 10%=0.7380263209342957, 25%=0.7422237992286682, 50%=0.7487412691116333, 75%=0.7528204917907715, 90%=0.7552585601806641, 95%=0.7574924826622009, 98%=0.7605150938034058
ranking_best_algo: PBIL
ranking_best_score: 0.733570253046875
ranking_my_rank: 1/504 (100.0%)
ranking_my_percent: 100.0
