ConfigName: krbf__advnormalizedfitness__M4__L10__eps0p02__g0p001__ds0p05__dm0p05
Problem: QUBO
Kernel: rbf
Advantage: normalizedfitness
M: 4
lambda: 10
epsilon_svgd: 0.02
gamma: 0.001
decay_start_ratio: 0.05
decay_min_factor: 0.05
bandwith_kernel: None
no_interact: False
avg_score: -198.22000122070312
median_score: -198.0
std_score: 13.62613582611084
percentiles: 2%=-224.0, 5%=-224.0, 10%=-219.0, 25%=-207.25, 50%=-198.0, 75%=-188.0, 90%=-179.0, 95%=-177.89999389648438, 98%=-174.97999572753906
ranking_best_algo: Tabu
ranking_best_score: 208.36000000000004
ranking_my_rank: 99/504 (80.6%)
ranking_my_percent: 80.55555555555556
