ConfigName: krbf__advnormalizedfitness__M3__L10__eps0p015__g0p01__ds0p01__dm0p3
Problem: NK
Kernel: rbf
Advantage: normalizedfitness
M: 3
lambda: 10
epsilon_svgd: 0.015
gamma: 0.01
decay_start_ratio: 0.01
decay_min_factor: 0.3
bandwith_kernel: None
no_interact: False
avg_score: 0.7065203189849854
median_score: 0.7073256969451904
std_score: 0.011920131742954254
percentiles: 2%=0.6827934980392456, 5%=0.6874067187309265, 10%=0.6905096769332886, 25%=0.6981034874916077, 50%=0.7073256969451904, 75%=0.7142841815948486, 90%=0.7219775915145874, 95%=0.7238186001777649, 98%=0.7274749875068665
ranking_best_algo: PBIL
ranking_best_score: 0.7248786399609374
ranking_my_rank: 81/504 (84.1%)
ranking_my_percent: 84.12698412698413
