ConfigName: krbf__advnormalizedfitness__M3__L10__eps0p025__g0p01__ds0p15__dm0p01
Problem: NK
Kernel: rbf
Advantage: normalizedfitness
M: 3
lambda: 10
epsilon_svgd: 0.025
gamma: 0.01
decay_start_ratio: 0.15
decay_min_factor: 0.01
bandwith_kernel: None
no_interact: False
avg_score: 0.7445492744445801
median_score: 0.7408133745193481
std_score: 0.028100689873099327
percentiles: 2%=0.7010142803192139, 5%=0.7083688974380493, 10%=0.7123317122459412, 25%=0.7193605303764343, 50%=0.7408133745193481, 75%=0.7580187320709229, 90%=0.778337299823761, 95%=0.8045894503593445, 98%=0.8118547797203064
ranking_best_algo: CMApara
ranking_best_score: 0.7459277895312499
ranking_my_rank: 3/504 (99.6%)
ranking_my_percent: 99.60317460317461
