ConfigName: kjsd__advperagentrankweighted__M4__L10__eps0p02__g0p0007__ds0p2__dm0p05
Problem: NK
Kernel: jsd
Advantage: peragentrankweighted
M: 4
lambda: 10
epsilon_svgd: 0.02
gamma: 0.0007
decay_start_ratio: 0.2
decay_min_factor: 0.05
bandwith_kernel: None
no_interact: False
avg_score: 0.7047640085220337
median_score: 0.7074966430664062
std_score: 0.012255220673978329
percentiles: 2%=0.6833490133285522, 5%=0.6853634715080261, 10%=0.6882588863372803, 25%=0.6937068700790405, 50%=0.7074966430664062, 75%=0.7160812616348267, 90%=0.7184001207351685, 95%=0.7201709747314453, 98%=0.721189558506012
ranking_best_algo: PBIL
ranking_best_score: 0.7013553837109374
ranking_my_rank: 1/504 (100.0%)
ranking_my_percent: 100.0
