ConfigName: kjsd__advperagentrankweighted__M3__L16__eps0p01__g0p0005__ds0p05__dm0p2
Problem: NK
Kernel: jsd
Advantage: peragentrankweighted
M: 3
lambda: 16
epsilon_svgd: 0.01
gamma: 0.0005
decay_start_ratio: 0.05
decay_min_factor: 0.2
bandwith_kernel: None
no_interact: False
avg_score: 0.7416976094245911
median_score: 0.737435519695282
std_score: 0.029324183240532875
percentiles: 2%=0.6899560689926147, 5%=0.6972500681877136, 10%=0.7078878879547119, 25%=0.7250812649726868, 50%=0.737435519695282, 75%=0.7526133060455322, 90%=0.7779549360275269, 95%=0.8094702959060669, 98%=0.8118547797203064
ranking_best_algo: CMApara
ranking_best_score: 0.7459277895312499
ranking_my_rank: 26/504 (95.0%)
ranking_my_percent: 95.03968253968254
