ConfigName: kjsd__advperagentrankweighted__M4__L10__eps0p02__g0p0003__ds0p05__dm0p05
Problem: NK
Kernel: jsd
Advantage: peragentrankweighted
M: 4
lambda: 10
epsilon_svgd: 0.02
gamma: 0.0003
decay_start_ratio: 0.05
decay_min_factor: 0.05
bandwith_kernel: None
no_interact: False
avg_score: 0.7239205837249756
median_score: 0.7215738296508789
std_score: 0.014608697034418583
percentiles: 2%=0.6975373029708862, 5%=0.7013432383537292, 10%=0.7056545615196228, 25%=0.7141110301017761, 50%=0.7215738296508789, 75%=0.7336157560348511, 90%=0.743098258972168, 95%=0.7464012503623962, 98%=0.7540211081504822
ranking_best_algo: Tabu
ranking_best_score: 0.7601875690625
ranking_my_rank: 121/504 (76.2%)
ranking_my_percent: 76.19047619047619
