ConfigName: krbf__advnormalizedfitness__M3__L12__eps0p015__g0p01__ds0p3__dm0p3
Problem: QUBO
Kernel: rbf
Advantage: normalizedfitness
M: 3
lambda: 12
epsilon_svgd: 0.015
gamma: 0.01
decay_start_ratio: 0.3
decay_min_factor: 0.3
bandwith_kernel: None
no_interact: False
avg_score: -192.9199981689453
median_score: -193.0
std_score: 14.480110168457031
percentiles: 2%=-221.02000427246094, 5%=-220.0, 10%=-212.3000030517578, 25%=-203.0, 50%=-193.0, 75%=-182.0, 90%=-174.0, 95%=-172.95001220703125, 98%=-166.8999786376953
ranking_best_algo: Tabu
ranking_best_score: 208.36000000000004
ranking_my_rank: 226/504 (55.4%)
ranking_my_percent: 55.357142857142854
