ConfigName: kjsd__advperagentrankweighted__M3__L18__eps0p005__g0p003__ds0p05__dm0p05
Problem: QUBO
Kernel: jsd
Advantage: peragentrankweighted
M: 3
lambda: 18
epsilon_svgd: 0.005
gamma: 0.003
decay_start_ratio: 0.05
decay_min_factor: 0.05
bandwith_kernel: None
no_interact: False
avg_score: -138.60000610351562
median_score: -139.0
std_score: 12.949130058288574
percentiles: 2%=-160.0, 5%=-159.0, 10%=-157.0, 25%=-148.0, 50%=-139.0, 75%=-129.75, 90%=-122.80000305175781, 95%=-113.94999694824219, 98%=-110.91999816894531
ranking_best_algo: DiscreteDE
ranking_best_score: 143.4
ranking_my_rank: 98/504 (80.8%)
ranking_my_percent: 80.75396825396825
