ConfigName: kjsd__advperagentrankweighted__M4__L24__eps0p005__g0p0007__ds0p4__dm0p05
Problem: QUBO
Kernel: jsd
Advantage: peragentrankweighted
M: 4
lambda: 24
epsilon_svgd: 0.005
gamma: 0.0007
decay_start_ratio: 0.4
decay_min_factor: 0.05
bandwith_kernel: None
no_interact: False
avg_score: -2509.56005859375
median_score: -2477.0
std_score: 153.11814880371094
percentiles: 2%=-2816.52001953125, 5%=-2743.14990234375, 10%=-2709.5, 25%=-2632.75, 50%=-2477.0, 75%=-2402.75, 90%=-2307.800048828125, 95%=-2294.75, 98%=-2247.280029296875
ranking_best_algo: DiscreteLengler2OnePlusOne
ranking_best_score: 2617.04
ranking_my_rank: 65/504 (87.3%)
ranking_my_percent: 87.3015873015873
