ConfigName: krbf__advnormalizedfitness__M2__L8__eps0p015__g0p015__ds0p3__dm0p01
Problem: NK
Kernel: rbf
Advantage: normalizedfitness
M: 2
lambda: 8
epsilon_svgd: 0.015
gamma: 0.015
decay_start_ratio: 0.3
decay_min_factor: 0.01
bandwith_kernel: None
no_interact: False
avg_score: 0.7107810378074646
median_score: 0.711426854133606
std_score: 0.015058835968375206
percentiles: 2%=0.6734604835510254, 5%=0.6737536787986755, 10%=0.6970688104629517, 25%=0.7078447341918945, 50%=0.711426854133606, 75%=0.7204573750495911, 90%=0.7254216074943542, 95%=0.7318875789642334, 98%=0.7332127690315247
ranking_best_algo: CMApara
ranking_best_score: 0.707475975
ranking_my_rank: 1/504 (100.0%)
ranking_my_percent: 100.0
