ConfigName: krbf__advnormalizedfitness__M3__L10__eps0p025__g0p01__ds0p15__dm0p01
Problem: QUBO
Kernel: rbf
Advantage: normalizedfitness
M: 3
lambda: 10
epsilon_svgd: 0.025
gamma: 0.01
decay_start_ratio: 0.15
decay_min_factor: 0.01
bandwith_kernel: None
no_interact: False
avg_score: -1570.1600341796875
median_score: -1570.5
std_score: 88.9385986328125
percentiles: 2%=-1742.0400390625, 5%=-1722.9000244140625, 10%=-1673.5999755859375, 25%=-1632.0, 50%=-1570.5, 75%=-1511.75, 90%=-1460.5999755859375, 95%=-1425.6500244140625, 98%=-1411.9197998046875
ranking_best_algo: NLOPT_LN_PRAXIS
ranking_best_score: 1607.12
ranking_my_rank: 46/504 (91.1%)
ranking_my_percent: 91.07142857142857
