ConfigName: krbf__advnormalizedfitness__M4__L10__eps0p015__g0p015__ds0p15__dm0p01
Problem: QUBO
Kernel: rbf
Advantage: normalizedfitness
M: 4
lambda: 10
epsilon_svgd: 0.015
gamma: 0.015
decay_start_ratio: 0.15
decay_min_factor: 0.01
bandwith_kernel: None
no_interact: False
avg_score: -908.6199951171875
median_score: -897.5
std_score: 92.09166717529297
percentiles: 2%=-1152.02001953125, 5%=-1053.0, 10%=-1033.300048828125, 25%=-962.5, 50%=-897.5, 75%=-855.75, 90%=-795.5, 95%=-775.800048828125, 98%=-760.7599487304688
ranking_best_algo: Tabu
ranking_best_score: 1216.16
ranking_my_rank: 327/504 (35.3%)
ranking_my_percent: 35.317460317460316
