ConfigName: kjsd__advperagentrankweighted__M3__L16__eps0p007__g0p0005__ds0p2__dm0p2
Problem: NK
Kernel: jsd
Advantage: peragentrankweighted
M: 3
lambda: 16
epsilon_svgd: 0.007
gamma: 0.0005
decay_start_ratio: 0.2
decay_min_factor: 0.2
bandwith_kernel: None
no_interact: False
avg_score: 0.7322876453399658
median_score: 0.7305300831794739
std_score: 0.01068611815571785
percentiles: 2%=0.7134394645690918, 5%=0.717508852481842, 10%=0.7201738953590393, 25%=0.7252799868583679, 50%=0.7305300831794739, 75%=0.7395186424255371, 90%=0.7461140155792236, 95%=0.7502986192703247, 98%=0.7565264105796814
ranking_best_algo: Tabu
ranking_best_score: 0.7429702712499999
ranking_my_rank: 2/504 (99.8%)
ranking_my_percent: 99.8015873015873
