ConfigName: kjsd__advperagentrankweighted__M4__L24__eps0p02__g0p0007__ds0p2__dm0p05
Problem: QUBO
Kernel: jsd
Advantage: peragentrankweighted
M: 4
lambda: 24
epsilon_svgd: 0.02
gamma: 0.0007
decay_start_ratio: 0.2
decay_min_factor: 0.05
bandwith_kernel: None
no_interact: False
avg_score: -940.97998046875
median_score: -934.0
std_score: 61.662139892578125
percentiles: 2%=-1068.0400390625, 5%=-1061.050048828125, 10%=-1022.9000244140625, 25%=-979.5, 50%=-934.0, 75%=-901.75, 90%=-864.5999755859375, 95%=-850.8499755859375, 98%=-823.9000244140625
ranking_best_algo: CMApara
ranking_best_score: 964.9
ranking_my_rank: 5/504 (99.2%)
ranking_my_percent: 99.2063492063492
