ConfigName: kjsd__advperagentrankweighted__M4__L24__eps0p01__g0p0007__ds0p05__dm0p05
Problem: NK
Kernel: jsd
Advantage: peragentrankweighted
M: 4
lambda: 24
epsilon_svgd: 0.01
gamma: 0.0007
decay_start_ratio: 0.05
decay_min_factor: 0.05
bandwith_kernel: None
no_interact: False
avg_score: 0.7117565274238586
median_score: 0.6985580325126648
std_score: 0.03139321878552437
percentiles: 2%=0.673700749874115, 5%=0.6751645803451538, 10%=0.6757414937019348, 25%=0.6840835809707642, 50%=0.6985580325126648, 75%=0.7474179267883301, 90%=0.7535533308982849, 95%=0.7613165378570557, 98%=0.7613165378570557
ranking_best_algo: CMApara
ranking_best_score: 0.7118996098437498
ranking_my_rank: 2/504 (99.8%)
ranking_my_percent: 99.8015873015873
