ConfigName: kjsd__advperagentrankweighted__M3__L18__eps0p01__g0p0007__ds0p1__dm0p2
Problem: QUBO
Kernel: jsd
Advantage: peragentrankweighted
M: 3
lambda: 18
epsilon_svgd: 0.01
gamma: 0.0007
decay_start_ratio: 0.1
decay_min_factor: 0.2
bandwith_kernel: None
no_interact: False
avg_score: -1193.93994140625
median_score: -1186.5
std_score: 50.46559524536133
percentiles: 2%=-1306.3399658203125, 5%=-1285.1500244140625, 10%=-1263.0999755859375, 25%=-1221.25, 50%=-1186.5, 75%=-1158.0, 90%=-1135.699951171875, 95%=-1122.8499755859375, 98%=-1115.8399658203125
ranking_best_algo: Tabu
ranking_best_score: 1216.16
ranking_my_rank: 48/504 (90.7%)
ranking_my_percent: 90.67460317460318
