ConfigName: krbf__advnormalizedfitness__M2__L8__eps0p033__g0p015__ds0p15__dm0p01
Problem: NK
Kernel: rbf
Advantage: normalizedfitness
M: 2
lambda: 8
epsilon_svgd: 0.033
gamma: 0.015
decay_start_ratio: 0.15
decay_min_factor: 0.01
bandwith_kernel: None
no_interact: False
avg_score: 0.7094373106956482
median_score: 0.7106544971466064
std_score: 0.015320507809519768
percentiles: 2%=0.6707683801651001, 5%=0.6721834540367126, 10%=0.6940078139305115, 25%=0.7053581476211548, 50%=0.7106544971466064, 75%=0.7179914116859436, 90%=0.7251378893852234, 95%=0.7318943738937378, 98%=0.7335709929466248
ranking_best_algo: CMApara
ranking_best_score: 0.707475975
ranking_my_rank: 1/504 (100.0%)
ranking_my_percent: 100.0
