ConfigName: krbf__advnormalizedfitness__M3__L8__eps0p03__g0p01__ds0p15__dm0p05
Problem: NK
Kernel: rbf
Advantage: normalizedfitness
M: 3
lambda: 8
epsilon_svgd: 0.03
gamma: 0.01
decay_start_ratio: 0.15
decay_min_factor: 0.05
bandwith_kernel: None
no_interact: False
avg_score: 0.7469011545181274
median_score: 0.7464115619659424
std_score: 0.011039039120078087
percentiles: 2%=0.7278884053230286, 5%=0.7306642532348633, 10%=0.7328657507896423, 25%=0.7379809617996216, 50%=0.7464115619659424, 75%=0.754610538482666, 90%=0.7627848386764526, 95%=0.7634702920913696, 98%=0.7661277651786804
ranking_best_algo: PBIL
ranking_best_score: 0.733570253046875
ranking_my_rank: 1/504 (100.0%)
ranking_my_percent: 100.0
