ConfigName: kfr__advglobalrankweighted__M5__L11__eps0p02__g0p007__ds0p01__dm0p01
Problem: QUBO
Kernel: fr
Advantage: globalrankweighted
M: 5
lambda: 11
epsilon_svgd: 0.02
gamma: 0.007
decay_start_ratio: 0.01
decay_min_factor: 0.01
bandwith_kernel: None
no_interact: False
avg_score: -569.219970703125
median_score: -570.0
std_score: 29.017780303955078
percentiles: 2%=-621.1199951171875, 5%=-617.0999755859375, 10%=-608.2999877929688, 25%=-592.0, 50%=-570.0, 75%=-545.75, 90%=-532.9000244140625, 95%=-527.0, 98%=-513.9400024414062
ranking_best_algo: Tabu
ranking_best_score: 588.7199999999999
ranking_my_rank: 76/503 (85.1%)
ranking_my_percent: 85.08946322067594
