ConfigName: krbf__advnormalizedfitness__M2__L10__eps0p01__g0p003__ds0p01__dm0p01
Problem: QUBO
Kernel: rbf
Advantage: normalizedfitness
M: 2
lambda: 10
epsilon_svgd: 0.01
gamma: 0.003
decay_start_ratio: 0.01
decay_min_factor: 0.01
bandwith_kernel: None
no_interact: False
avg_score: -1294.1400146484375
median_score: -1302.0
std_score: 60.335731506347656
percentiles: 2%=-1400.3199462890625, 5%=-1387.300048828125, 10%=-1368.5, 25%=-1340.25, 50%=-1302.0, 75%=-1247.0, 90%=-1221.0, 95%=-1204.1500244140625, 98%=-1148.9200439453125
ranking_best_algo: BigLognormalDiscreteOnePlusOne
ranking_best_score: 1301.3600000000004
ranking_my_rank: 2/504 (99.8%)
ranking_my_percent: 99.8015873015873
