ConfigName: kfr__advglobalrankweighted__M1__L10__eps0p01__g0p007__ds0p01__dm0p01
Problem: QUBO
Kernel: fr
Advantage: globalrankweighted
M: 1
lambda: 10
epsilon_svgd: 0.01
gamma: 0.007
decay_start_ratio: 0.01
decay_min_factor: 0.01
bandwith_kernel: None
no_interact: False
avg_score: -400.5799865722656
median_score: -398.0
std_score: 25.09628677368164
percentiles: 2%=-451.0199890136719, 5%=-446.04998779296875, 10%=-430.6999816894531, 25%=-418.5, 50%=-398.0, 75%=-382.75, 90%=-367.6000061035156, 95%=-363.70001220703125, 98%=-349.9599914550781
ranking_best_algo: Tabu
ranking_best_score: 438.12
ranking_my_rank: 225/504 (55.6%)
ranking_my_percent: 55.55555555555556
