ConfigName: krbf__advnormalizedfitness__M3__L10__eps0p033__g0p01__ds0p3__dm0p3
Problem: QUBO
Kernel: rbf
Advantage: normalizedfitness
M: 3
lambda: 10
epsilon_svgd: 0.033
gamma: 0.01
decay_start_ratio: 0.3
decay_min_factor: 0.3
bandwith_kernel: None
no_interact: False
avg_score: -908.2999877929688
median_score: -899.0
std_score: 60.14657211303711
percentiles: 2%=-1038.1600341796875, 5%=-998.9500122070312, 10%=-987.0999755859375, 25%=-955.5, 50%=-899.0, 75%=-863.75, 90%=-836.4000244140625, 95%=-815.0, 98%=-804.679931640625
ranking_best_algo: CMAL3
ranking_best_score: 928.5800000000002
ranking_my_rank: 53/504 (89.7%)
ranking_my_percent: 89.68253968253968
