ConfigName: krbf__advnormalizedfitness__M2__L8__eps0p025__g0p015__ds0p01__dm0p01
Problem: QUBO
Kernel: rbf
Advantage: normalizedfitness
M: 2
lambda: 8
epsilon_svgd: 0.025
gamma: 0.015
decay_start_ratio: 0.01
decay_min_factor: 0.01
bandwith_kernel: None
no_interact: False
avg_score: -932.9600219726562
median_score: -934.0
std_score: 70.83796691894531
percentiles: 2%=-1049.4599609375, 5%=-1035.050048828125, 10%=-1020.2000122070312, 25%=-990.5, 50%=-934.0, 75%=-876.0, 90%=-835.0, 95%=-817.0, 98%=-810.8800048828125
ranking_best_algo: CMApara
ranking_best_score: 964.9
ranking_my_rank: 19/504 (96.4%)
ranking_my_percent: 96.42857142857143
