ConfigName: krbf__advnormalizedfitness__M2__L8__eps0p033__g0p005__ds0p15__dm0p3
Problem: QUBO
Kernel: rbf
Advantage: normalizedfitness
M: 2
lambda: 8
epsilon_svgd: 0.033
gamma: 0.005
decay_start_ratio: 0.15
decay_min_factor: 0.3
bandwith_kernel: None
no_interact: False
avg_score: -3209.52001953125
median_score: -3210.0
std_score: 125.3366928100586
percentiles: 2%=-3503.47998046875, 5%=-3412.14990234375, 10%=-3351.10009765625, 25%=-3296.0, 50%=-3210.0, 75%=-3115.0, 90%=-3059.5, 95%=-3018.449951171875, 98%=-2996.47998046875
ranking_best_algo: RLSOnePlusOne
ranking_best_score: 3316.5199999999995
ranking_my_rank: 52/504 (89.9%)
ranking_my_percent: 89.88095238095238
