ConfigName: kfr__advglobalrankweighted__M4__L10__eps0p02__g0p005__ds0p01__dm0p01
Problem: QUBO
Kernel: fr
Advantage: globalrankweighted
M: 4
lambda: 10
epsilon_svgd: 0.02
gamma: 0.005
decay_start_ratio: 0.01
decay_min_factor: 0.01
bandwith_kernel: None
no_interact: False
avg_score: -332.5199890136719
median_score: -334.0
std_score: 19.30724334716797
percentiles: 2%=-372.0, 5%=-357.6499938964844, 10%=-354.0, 25%=-343.0, 50%=-334.0, 75%=-320.0, 90%=-304.70001220703125, 95%=-298.0, 98%=-291.9599914550781
ranking_best_algo: CMApara
ranking_best_score: 344.22
ranking_my_rank: 72/504 (85.9%)
ranking_my_percent: 85.91269841269842
