ConfigName: kfr__advglobalrankweighted__M2__L10__eps0p01__g0p005__ds0p01__dm0p01
Problem: NK
Kernel: fr
Advantage: globalrankweighted
M: 2
lambda: 10
epsilon_svgd: 0.01
gamma: 0.005
decay_start_ratio: 0.01
decay_min_factor: 0.01
bandwith_kernel: None
no_interact: False
avg_score: 0.7487961053848267
median_score: 0.7477114200592041
std_score: 0.009385587647557259
percentiles: 2%=0.7309181094169617, 5%=0.7343218922615051, 10%=0.7368147969245911, 25%=0.7417293787002563, 50%=0.7477114200592041, 75%=0.7564921975135803, 90%=0.7607401013374329, 95%=0.7633310556411743, 98%=0.7648833394050598
ranking_best_algo: PBIL
ranking_best_score: 0.733570253046875
ranking_my_rank: 1/504 (100.0%)
ranking_my_percent: 100.0
