ConfigName: kjsd__advperagentrankweighted__M4__L24__eps0p02__g0p0005__ds0p2__dm0p05
Problem: QUBO
Kernel: jsd
Advantage: peragentrankweighted
M: 4
lambda: 24
epsilon_svgd: 0.02
gamma: 0.0005
decay_start_ratio: 0.2
decay_min_factor: 0.05
bandwith_kernel: None
no_interact: False
avg_score: -414.32000732421875
median_score: -416.0
std_score: 28.85927391052246
percentiles: 2%=-469.1600036621094, 5%=-454.0, 10%=-449.0, 25%=-432.0, 50%=-416.0, 75%=-394.0, 90%=-375.79998779296875, 95%=-367.8999938964844, 98%=-361.9599914550781
ranking_best_algo: Tabu
ranking_best_score: 438.12
ranking_my_rank: 56/504 (89.1%)
ranking_my_percent: 89.08730158730158
