ConfigName: krbf__advnormalizedfitness__M3__L8__eps0p015__g0p007__ds0p3__dm0p3
Problem: NK
Kernel: rbf
Advantage: normalizedfitness
M: 3
lambda: 8
epsilon_svgd: 0.015
gamma: 0.007
decay_start_ratio: 0.3
decay_min_factor: 0.3
bandwith_kernel: None
no_interact: False
avg_score: 0.7266720533370972
median_score: 0.7278401851654053
std_score: 0.009555389173328876
percentiles: 2%=0.7067949175834656, 5%=0.7098054885864258, 10%=0.7123784422874451, 25%=0.7191972732543945, 50%=0.7278401851654053, 75%=0.7333410382270813, 90%=0.7381106019020081, 95%=0.7401477098464966, 98%=0.7411494851112366
ranking_best_algo: PBIL
ranking_best_score: 0.7248786399609374
ranking_my_rank: 1/504 (100.0%)
ranking_my_percent: 100.0
