ConfigName: krbf__advnormalizedfitness__M3__L8__eps0p015__g0p005__ds0p15__dm0p3
Problem: NK
Kernel: rbf
Advantage: normalizedfitness
M: 3
lambda: 8
epsilon_svgd: 0.015
gamma: 0.005
decay_start_ratio: 0.15
decay_min_factor: 0.3
bandwith_kernel: None
no_interact: False
avg_score: 0.7071055769920349
median_score: 0.7094619870185852
std_score: 0.011997466906905174
percentiles: 2%=0.6858766078948975, 5%=0.6884946227073669, 10%=0.6922363638877869, 25%=0.6955190896987915, 50%=0.7094619870185852, 75%=0.7168821096420288, 90%=0.7212766408920288, 95%=0.7224684953689575, 98%=0.724000871181488
ranking_best_algo: PBIL
ranking_best_score: 0.7013553837109374
ranking_my_rank: 1/504 (100.0%)
ranking_my_percent: 100.0
