ConfigName: kfr__advglobalrankweighted__M2__L8__eps0p02__g0p007__ds0p01__dm0p01
Problem: QUBO
Kernel: fr
Advantage: globalrankweighted
M: 2
lambda: 8
epsilon_svgd: 0.02
gamma: 0.007
decay_start_ratio: 0.01
decay_min_factor: 0.01
bandwith_kernel: None
no_interact: False
avg_score: -423.82000732421875
median_score: -423.5
std_score: 28.82720375061035
percentiles: 2%=-473.0400085449219, 5%=-471.1000061035156, 10%=-463.1000061035156, 25%=-443.5, 50%=-423.5, 75%=-405.25, 90%=-388.0, 95%=-375.70001220703125, 98%=-364.8199462890625
ranking_best_algo: CMAL3
ranking_best_score: 435.36
ranking_my_rank: 31/504 (94.0%)
ranking_my_percent: 94.04761904761905
