ConfigName: kjsd__advperagentrankweighted__M3__L20__eps0p007__g0p0007__ds0p2__dm0p2
Problem: NK
Kernel: jsd
Advantage: peragentrankweighted
M: 3
lambda: 20
epsilon_svgd: 0.007
gamma: 0.0007
decay_start_ratio: 0.2
decay_min_factor: 0.2
bandwith_kernel: None
no_interact: False
avg_score: 0.7346311211585999
median_score: 0.7348798513412476
std_score: 0.008813351392745972
percentiles: 2%=0.7180702686309814, 5%=0.7213810682296753, 10%=0.7234692573547363, 25%=0.7276839017868042, 50%=0.7348798513412476, 75%=0.7399864792823792, 90%=0.7451552152633667, 95%=0.749912440776825, 98%=0.7515913248062134
ranking_best_algo: Tabu
ranking_best_score: 0.7429702712499999
ranking_my_rank: 2/504 (99.8%)
ranking_my_percent: 99.8015873015873
