ConfigName: kjsd__advperagentrankweighted__M4__L8__eps0p03__g0p0003__ds0p05__dm0p05
Problem: QUBO
Kernel: jsd
Advantage: peragentrankweighted
M: 4
lambda: 8
epsilon_svgd: 0.03
gamma: 0.0003
decay_start_ratio: 0.05
decay_min_factor: 0.05
bandwith_kernel: None
no_interact: False
avg_score: -143.6999969482422
median_score: -142.0
std_score: 14.966296195983887
percentiles: 2%=-179.0, 5%=-175.0, 10%=-160.39999389648438, 25%=-152.0, 50%=-142.0, 75%=-132.75, 90%=-125.0, 95%=-122.0, 98%=-119.86000061035156
ranking_best_algo: CMApara
ranking_best_score: 154.28
ranking_my_rank: 193/504 (61.9%)
ranking_my_percent: 61.904761904761905
