ConfigName: krbf__advnormalizedfitness__M3__L10__eps0p025__g0p01__ds0p15__dm0p3
Problem: QUBO
Kernel: rbf
Advantage: normalizedfitness
M: 3
lambda: 10
epsilon_svgd: 0.025
gamma: 0.01
decay_start_ratio: 0.15
decay_min_factor: 0.3
bandwith_kernel: None
no_interact: False
avg_score: -436.239990234375
median_score: -438.5
std_score: 25.869333267211914
percentiles: 2%=-485.0400085449219, 5%=-472.45001220703125, 10%=-469.0, 25%=-453.5, 50%=-438.5, 75%=-421.0, 90%=-404.0, 95%=-384.95001220703125, 98%=-382.8799743652344
ranking_best_algo: CMApara
ranking_best_score: 453.82
ranking_my_rank: 30/504 (94.2%)
ranking_my_percent: 94.24603174603175
