ConfigName: kjsd__advperagentrankweighted__M3__L16__eps0p01__g0p0007__ds0p1__dm0p1
Problem: NK
Kernel: jsd
Advantage: peragentrankweighted
M: 3
lambda: 16
epsilon_svgd: 0.01
gamma: 0.0007
decay_start_ratio: 0.1
decay_min_factor: 0.1
bandwith_kernel: None
no_interact: False
avg_score: 0.7107688784599304
median_score: 0.6976837515830994
std_score: 0.03130143880844116
percentiles: 2%=0.6725594997406006, 5%=0.6742373108863831, 10%=0.6785765886306763, 25%=0.6836183071136475, 50%=0.6976837515830994, 75%=0.7473976612091064, 90%=0.7523026466369629, 95%=0.7613165378570557, 98%=0.7613165378570557
ranking_best_algo: CMApara
ranking_best_score: 0.7118996098437498
ranking_my_rank: 11/504 (98.0%)
ranking_my_percent: 98.01587301587301
