ConfigName: krbf__advnormalizedfitness__M1__L8__eps0p033__g0p007__ds0p3__dm0p01
Problem: QUBO
Kernel: rbf
Advantage: normalizedfitness
M: 1
lambda: 8
epsilon_svgd: 0.033
gamma: 0.007
decay_start_ratio: 0.3
decay_min_factor: 0.01
bandwith_kernel: None
no_interact: False
avg_score: -306.55999755859375
median_score: -308.0
std_score: 28.877092361450195
percentiles: 2%=-354.0, 5%=-346.1000061035156, 10%=-341.1000061035156, 25%=-330.5, 50%=-308.0, 75%=-288.75, 90%=-271.8999938964844, 95%=-255.7000274658203, 98%=-247.8399658203125
ranking_best_algo: CMApara
ranking_best_score: 344.22
ranking_my_rank: 307/504 (39.3%)
ranking_my_percent: 39.285714285714285
