ConfigName: krbf__advnormalizedfitness__M4__L15__eps0p033__g0p015__ds0p15__dm0p01
Problem: QUBO
Kernel: rbf
Advantage: normalizedfitness
M: 4
lambda: 15
epsilon_svgd: 0.033
gamma: 0.015
decay_start_ratio: 0.15
decay_min_factor: 0.01
bandwith_kernel: None
no_interact: False
avg_score: -306.8999938964844
median_score: -305.0
std_score: 38.33575439453125
percentiles: 2%=-392.0, 5%=-384.1000061035156, 10%=-360.3999938964844, 25%=-330.0, 50%=-305.0, 75%=-273.75, 90%=-261.79998779296875, 95%=-256.0, 98%=-252.7799530029297
ranking_best_algo: CMApara
ranking_best_score: 319.29999999999995
ranking_my_rank: 110/504 (78.4%)
ranking_my_percent: 78.37301587301587
