ConfigName: kjsd__advperagentrankweighted__M5__L10__eps0p01__g0p0005__ds0p2__dm0p2
Problem: QUBO
Kernel: jsd
Advantage: peragentrankweighted
M: 5
lambda: 10
epsilon_svgd: 0.01
gamma: 0.0005
decay_start_ratio: 0.2
decay_min_factor: 0.2
bandwith_kernel: None
no_interact: False
avg_score: -578.219970703125
median_score: -577.5
std_score: 24.41048240661621
percentiles: 2%=-626.1799926757812, 5%=-614.1500244140625, 10%=-605.4000244140625, 25%=-595.25, 50%=-577.5, 75%=-563.75, 90%=-546.0, 95%=-540.5999755859375, 98%=-531.7000122070312
ranking_best_algo: Tabu
ranking_best_score: 588.7199999999999
ranking_my_rank: 42/503 (91.8%)
ranking_my_percent: 91.84890656063618
