ConfigName: kjsd__advperagentrankweighted__M4__L8__eps0p03__g0p0007__ds0p2__dm0p05
Problem: NK
Kernel: jsd
Advantage: peragentrankweighted
M: 4
lambda: 8
epsilon_svgd: 0.03
gamma: 0.0007
decay_start_ratio: 0.2
decay_min_factor: 0.05
bandwith_kernel: None
no_interact: False
avg_score: 0.7056747674942017
median_score: 0.7067525386810303
std_score: 0.015712659806013107
percentiles: 2%=0.6657189726829529, 5%=0.6674908995628357, 10%=0.6921094059944153, 25%=0.7005266547203064, 50%=0.7067525386810303, 75%=0.7123754620552063, 90%=0.7231867909431458, 95%=0.7297441363334656, 98%=0.7326871156692505
ranking_best_algo: CMApara
ranking_best_score: 0.707475975
ranking_my_rank: 7/504 (98.8%)
ranking_my_percent: 98.80952380952381
