ConfigName: kjsd__advperagentrankweighted__M4__L24__eps0p02__g0p0007__ds0p05__dm0p05
Problem: QUBO
Kernel: jsd
Advantage: peragentrankweighted
M: 4
lambda: 24
epsilon_svgd: 0.02
gamma: 0.0007
decay_start_ratio: 0.05
decay_min_factor: 0.05
bandwith_kernel: None
no_interact: False
avg_score: -2600.89990234375
median_score: -2595.5
std_score: 117.4791488647461
percentiles: 2%=-2825.780029296875, 5%=-2778.10009765625, 10%=-2759.5, 25%=-2687.25, 50%=-2595.5, 75%=-2517.25, 90%=-2439.60009765625, 95%=-2415.800048828125, 98%=-2397.0
ranking_best_algo: SVM1MetaModelLogNormal
ranking_best_score: 2605.14
ranking_my_rank: 2/504 (99.8%)
ranking_my_percent: 99.8015873015873
