ConfigName: krbf__advnormalizedfitness__M3__L8__eps0p015__g0p005__ds0p3__dm0p3
Problem: QUBO
Kernel: rbf
Advantage: normalizedfitness
M: 3
lambda: 8
epsilon_svgd: 0.015
gamma: 0.005
decay_start_ratio: 0.3
decay_min_factor: 0.3
bandwith_kernel: None
no_interact: False
avg_score: -139.0399932861328
median_score: -143.0
std_score: 11.422714233398438
percentiles: 2%=-158.0, 5%=-156.0500030517578, 10%=-152.1999969482422, 25%=-146.25, 50%=-143.0, 75%=-129.0, 90%=-124.9000015258789, 95%=-118.95000457763672, 98%=-117.0
ranking_best_algo: DiscreteDE
ranking_best_score: 143.4
ranking_my_rank: 93/504 (81.7%)
ranking_my_percent: 81.74603174603175
