ConfigName: kfr__advglobalrankweighted__M6__L10__eps0p01__g0p003__ds0p01__dm0p01
Problem: QUBO
Kernel: fr
Advantage: globalrankweighted
M: 6
lambda: 10
epsilon_svgd: 0.01
gamma: 0.003
decay_start_ratio: 0.01
decay_min_factor: 0.01
bandwith_kernel: None
no_interact: False
avg_score: -2829.1201171875
median_score: -2820.5
std_score: 162.13336181640625
percentiles: 2%=-3144.39990234375, 5%=-3106.050048828125, 10%=-3053.39990234375, 25%=-2936.75, 50%=-2820.5, 75%=-2712.75, 90%=-2615.800048828125, 95%=-2583.150146484375, 98%=-2514.97998046875
ranking_best_algo: RLSOnePlusOne
ranking_best_score: 3316.5199999999995
ranking_my_rank: 156/504 (69.2%)
ranking_my_percent: 69.24603174603175
