ConfigName: krbf__advnormalizedfitness__M4__L10__eps0p015__g0p007__ds0p01__dm0p01
Problem: QUBO
Kernel: rbf
Advantage: normalizedfitness
M: 4
lambda: 10
epsilon_svgd: 0.015
gamma: 0.007
decay_start_ratio: 0.01
decay_min_factor: 0.01
bandwith_kernel: None
no_interact: False
avg_score: -924.5800170898438
median_score: -921.5
std_score: 66.62885284423828
percentiles: 2%=-1053.260009765625, 5%=-1048.0999755859375, 10%=-1008.0, 25%=-977.5, 50%=-921.5, 75%=-879.5, 90%=-834.7999877929688, 95%=-822.800048828125, 98%=-802.9599609375
ranking_best_algo: CMApara
ranking_best_score: 964.9
ranking_my_rank: 21/504 (96.0%)
ranking_my_percent: 96.03174603174604
