ConfigName: krbf__advnormalizedfitness__M2__L8__eps0p025__g0p007__ds0p15__dm0p01
Problem: NK
Kernel: rbf
Advantage: normalizedfitness
M: 2
lambda: 8
epsilon_svgd: 0.025
gamma: 0.007
decay_start_ratio: 0.15
decay_min_factor: 0.01
bandwith_kernel: None
no_interact: False
avg_score: 0.7103340029716492
median_score: 0.6985580325126648
std_score: 0.031303372234106064
percentiles: 2%=0.6734704971313477, 5%=0.6743686199188232, 10%=0.6757414937019348, 25%=0.6824374794960022, 50%=0.6985580325126648, 75%=0.7463489770889282, 90%=0.7523034811019897, 95%=0.7586009502410889, 98%=0.7613165378570557
ranking_best_algo: CMApara
ranking_best_score: 0.7118996098437498
ranking_my_rank: 28/504 (94.6%)
ranking_my_percent: 94.64285714285714
