ConfigName: krbf__advnormalizedfitness__M2__L10__eps0p025__g0p01__ds0p15__dm0p01
Problem: QUBO
Kernel: rbf
Advantage: normalizedfitness
M: 2
lambda: 10
epsilon_svgd: 0.025
gamma: 0.01
decay_start_ratio: 0.15
decay_min_factor: 0.01
bandwith_kernel: None
no_interact: False
avg_score: -1191.8800048828125
median_score: -1182.0
std_score: 65.5747299194336
percentiles: 2%=-1359.280029296875, 5%=-1333.199951171875, 10%=-1272.0, 25%=-1228.75, 50%=-1182.0, 75%=-1153.5, 90%=-1112.9000244140625, 95%=-1098.800048828125, 98%=-1079.780029296875
ranking_best_algo: Tabu
ranking_best_score: 1216.16
ranking_my_rank: 49/504 (90.5%)
ranking_my_percent: 90.47619047619048
