ConfigName: kjsd__advperagentrankweighted__M3__L18__eps0p005__g0p001__ds0p2__dm0p05
Problem: QUBO
Kernel: jsd
Advantage: peragentrankweighted
M: 3
lambda: 18
epsilon_svgd: 0.005
gamma: 0.001
decay_start_ratio: 0.2
decay_min_factor: 0.05
bandwith_kernel: None
no_interact: False
avg_score: -2642.080078125
median_score: -2644.0
std_score: 111.85613250732422
percentiles: 2%=-2857.760009765625, 5%=-2818.14990234375, 10%=-2788.199951171875, 25%=-2722.75, 50%=-2644.0, 75%=-2571.5, 90%=-2504.89990234375, 95%=-2476.89990234375, 98%=-2415.760009765625
ranking_best_algo: DiscreteLengler2OnePlusOne
ranking_best_score: 2617.04
ranking_my_rank: 1/504 (100.0%)
ranking_my_percent: 100.0
