ConfigName: kfr__advglobalrankweighted__M3__L9__eps0p02__g0p007__ds0p01__dm0p01
Problem: QUBO
Kernel: fr
Advantage: globalrankweighted
M: 3
lambda: 9
epsilon_svgd: 0.02
gamma: 0.007
decay_start_ratio: 0.01
decay_min_factor: 0.01
bandwith_kernel: None
no_interact: False
avg_score: -1183.1800537109375
median_score: -1181.0
std_score: 57.851776123046875
percentiles: 2%=-1289.0999755859375, 5%=-1277.0, 10%=-1254.300048828125, 25%=-1217.5, 50%=-1181.0, 75%=-1139.75, 90%=-1128.800048828125, 95%=-1098.550048828125, 98%=-1069.919921875
ranking_best_algo: Tabu
ranking_best_score: 1216.16
ranking_my_rank: 65/504 (87.3%)
ranking_my_percent: 87.3015873015873
