ConfigName: kjsd__advperagentrankweighted__M3__L18__eps0p005__g0p003__ds0p1__dm0p1
Problem: NK
Kernel: jsd
Advantage: peragentrankweighted
M: 3
lambda: 18
epsilon_svgd: 0.005
gamma: 0.003
decay_start_ratio: 0.1
decay_min_factor: 0.1
bandwith_kernel: None
no_interact: False
avg_score: 0.7016690969467163
median_score: 0.701467752456665
std_score: 0.01590561866760254
percentiles: 2%=0.6743287444114685, 5%=0.6782386898994446, 10%=0.6822656393051147, 25%=0.6878505945205688, 50%=0.701467752456665, 75%=0.7130838632583618, 90%=0.7223442196846008, 95%=0.7285076379776001, 98%=0.7344347238540649
ranking_best_algo: PBIL
ranking_best_score: 0.733570253046875
ranking_my_rank: 99/504 (80.6%)
ranking_my_percent: 80.55555555555556
