ConfigName: krbf__advnormalizedfitness__M2__L10__eps0p033__g0p005__ds0p3__dm0p3
Problem: QUBO
Kernel: rbf
Advantage: normalizedfitness
M: 2
lambda: 10
epsilon_svgd: 0.033
gamma: 0.005
decay_start_ratio: 0.3
decay_min_factor: 0.3
bandwith_kernel: None
no_interact: False
avg_score: -913.7000122070312
median_score: -909.5
std_score: 66.56703186035156
percentiles: 2%=-1062.280029296875, 5%=-1039.0, 10%=-990.4000244140625, 25%=-958.25, 50%=-909.5, 75%=-872.5, 90%=-830.4000244140625, 95%=-811.0, 98%=-794.47998046875
ranking_best_algo: CMApara
ranking_best_score: 964.9
ranking_my_rank: 77/504 (84.9%)
ranking_my_percent: 84.92063492063492
