ConfigName: krbf__advnormalizedfitness__M3__L10__eps0p025__g0p007__ds0p3__dm0p01
Problem: QUBO
Kernel: rbf
Advantage: normalizedfitness
M: 3
lambda: 10
epsilon_svgd: 0.025
gamma: 0.007
decay_start_ratio: 0.3
decay_min_factor: 0.01
bandwith_kernel: None
no_interact: False
avg_score: -328.29998779296875
median_score: -330.0
std_score: 23.899581909179688
percentiles: 2%=-372.0, 5%=-372.0, 10%=-354.0, 25%=-343.0, 50%=-330.0, 75%=-315.5, 90%=-293.79998779296875, 95%=-285.70001220703125, 98%=-274.0
ranking_best_algo: CMApara
ranking_best_score: 344.22
ranking_my_rank: 84/504 (83.5%)
ranking_my_percent: 83.53174603174604
