ConfigName: krbf__advnormalizedfitness__M3__L10__eps0p033__g0p01__ds0p01__dm0p01
Problem: NK
Kernel: rbf
Advantage: normalizedfitness
M: 3
lambda: 10
epsilon_svgd: 0.033
gamma: 0.01
decay_start_ratio: 0.01
decay_min_factor: 0.01
bandwith_kernel: None
no_interact: False
avg_score: 0.7354772686958313
median_score: 0.7375629544258118
std_score: 0.009142988361418247
percentiles: 2%=0.7133613228797913, 5%=0.7152155637741089, 10%=0.7214971780776978, 25%=0.7311651706695557, 50%=0.7375629544258118, 75%=0.7416678667068481, 90%=0.7453774809837341, 95%=0.7473547458648682, 98%=0.7479137182235718
ranking_best_algo: PBIL
ranking_best_score: 0.7248786399609374
ranking_my_rank: 1/504 (100.0%)
ranking_my_percent: 100.0
