ConfigName: krbf__advnormalizedfitness__M3__L8__eps0p033__g0p005__ds0p3__dm0p01
Problem: QUBO
Kernel: rbf
Advantage: normalizedfitness
M: 3
lambda: 8
epsilon_svgd: 0.033
gamma: 0.005
decay_start_ratio: 0.3
decay_min_factor: 0.01
bandwith_kernel: None
no_interact: False
avg_score: -435.7200012207031
median_score: -433.5
std_score: 22.930362701416016
percentiles: 2%=-479.17999267578125, 5%=-472.1000061035156, 10%=-465.20001220703125, 25%=-453.0, 50%=-433.5, 75%=-416.75, 90%=-405.0, 95%=-404.0, 98%=-398.0
ranking_best_algo: CMApara
ranking_best_score: 453.82
ranking_my_rank: 30/504 (94.2%)
ranking_my_percent: 94.24603174603175
