ConfigName: krbf__advnormalizedfitness__M4__L8__eps0p02__g0p01__ds0p15__dm0p05
Problem: NK
Kernel: rbf
Advantage: normalizedfitness
M: 4
lambda: 8
epsilon_svgd: 0.02
gamma: 0.01
decay_start_ratio: 0.15
decay_min_factor: 0.05
bandwith_kernel: None
no_interact: False
avg_score: 0.7546466588973999
median_score: 0.7565127015113831
std_score: 0.012753509916365147
percentiles: 2%=0.7314305305480957, 5%=0.7357167601585388, 10%=0.7365700602531433, 25%=0.7438899874687195, 50%=0.7565127015113831, 75%=0.7650145292282104, 90%=0.7706481218338013, 95%=0.7719643712043762, 98%=0.7729950547218323
ranking_best_algo: Tabu
ranking_best_score: 0.7657846284375001
ranking_my_rank: 7/504 (98.8%)
ranking_my_percent: 98.80952380952381
