ConfigName: krbf__advnormalizedfitness__M4__L15__eps0p015__g0p005__ds0p3__dm0p01
Problem: QUBO
Kernel: rbf
Advantage: normalizedfitness
M: 4
lambda: 15
epsilon_svgd: 0.015
gamma: 0.005
decay_start_ratio: 0.3
decay_min_factor: 0.01
bandwith_kernel: None
no_interact: False
avg_score: -1095.1600341796875
median_score: -1089.5
std_score: 91.56305694580078
percentiles: 2%=-1297.5999755859375, 5%=-1261.4000244140625, 10%=-1211.199951171875, 25%=-1160.75, 50%=-1089.5, 75%=-1031.75, 90%=-989.9000244140625, 95%=-956.75, 98%=-948.5798950195312
ranking_best_algo: Tabu
ranking_best_score: 1216.16
ranking_my_rank: 208/504 (58.9%)
ranking_my_percent: 58.92857142857143
