ConfigName: krbf__advnormalizedfitness__M4__L10__eps0p01__g0p002__ds0p05__dm0p05
Problem: NK
Kernel: rbf
Advantage: normalizedfitness
M: 4
lambda: 10
epsilon_svgd: 0.01
gamma: 0.002
decay_start_ratio: 0.05
decay_min_factor: 0.05
bandwith_kernel: None
no_interact: False
avg_score: 0.7338383197784424
median_score: 0.7353601455688477
std_score: 0.009636195376515388
percentiles: 2%=0.7106475234031677, 5%=0.7150954604148865, 10%=0.7189844846725464, 25%=0.7276782393455505, 50%=0.7353601455688477, 75%=0.7417118549346924, 90%=0.7450003623962402, 95%=0.7458034753799438, 98%=0.7470343708992004
ranking_best_algo: PBIL
ranking_best_score: 0.7248786399609374
ranking_my_rank: 1/504 (100.0%)
ranking_my_percent: 100.0
