ConfigName: kjsd__advperagentrankweighted__M6__L8__eps0p02__g0p0003__ds0p2__dm0p05
Problem: NK
Kernel: jsd
Advantage: peragentrankweighted
M: 6
lambda: 8
epsilon_svgd: 0.02
gamma: 0.0003
decay_start_ratio: 0.2
decay_min_factor: 0.05
bandwith_kernel: None
no_interact: False
avg_score: 0.7093654870986938
median_score: 0.6956871151924133
std_score: 0.031130531802773476
percentiles: 2%=0.6725367903709412, 5%=0.6734532713890076, 10%=0.6750898957252502, 25%=0.6811856031417847, 50%=0.6956871151924133, 75%=0.7455350756645203, 90%=0.7521345615386963, 95%=0.756682276725769, 98%=0.7613165378570557
ranking_best_algo: CMApara
ranking_best_score: 0.7118996098437498
ranking_my_rank: 54/504 (89.5%)
ranking_my_percent: 89.48412698412699
