ConfigName: kjsd__advperagentrankweighted__M3__L16__eps0p01__g0p0007__ds0p2__dm0p1
Problem: QUBO
Kernel: jsd
Advantage: peragentrankweighted
M: 3
lambda: 16
epsilon_svgd: 0.01
gamma: 0.0007
decay_start_ratio: 0.2
decay_min_factor: 0.1
bandwith_kernel: None
no_interact: False
avg_score: -304.20001220703125
median_score: -296.0
std_score: 37.321842193603516
percentiles: 2%=-392.0400085449219, 5%=-382.1000061035156, 10%=-355.3999938964844, 25%=-328.0, 50%=-296.0, 75%=-272.0, 90%=-266.0, 95%=-260.8999938964844, 98%=-252.8800048828125
ranking_best_algo: CMApara
ranking_best_score: 319.29999999999995
ranking_my_rank: 146/504 (71.2%)
ranking_my_percent: 71.23015873015873
