ConfigName: kjsd__advperagentrankweighted__M10__L10__eps0p005__g0p0005__ds0p05__dm0p05
Problem: QUBO
Kernel: jsd
Advantage: peragentrankweighted
M: 10
lambda: 10
epsilon_svgd: 0.005
gamma: 0.0005
decay_start_ratio: 0.05
decay_min_factor: 0.05
bandwith_kernel: None
no_interact: False
avg_score: -2189.679931640625
median_score: -2180.0
std_score: 162.39906311035156
percentiles: 2%=-2512.52001953125, 5%=-2465.39990234375, 10%=-2399.800048828125, 25%=-2306.75, 50%=-2180.0, 75%=-2069.25, 90%=-1980.800048828125, 95%=-1961.3499755859375, 98%=-1911.800048828125
ranking_best_algo: SVM1MetaModelLogNormal
ranking_best_score: 2605.14
ranking_my_rank: 191/504 (62.3%)
ranking_my_percent: 62.301587301587304
