ConfigName: krbf__advglobalrankweighted__M4__L11__eps0p015__g0p005__ds0p01__dm0p01
Problem: QUBO
Kernel: rbf
Advantage: globalrankweighted
M: 4
lambda: 11
epsilon_svgd: 0.015
gamma: 0.005
decay_start_ratio: 0.01
decay_min_factor: 0.01
bandwith_kernel: None
no_interact: False
avg_score: -1562.719970703125
median_score: -1560.5
std_score: 79.4411849975586
percentiles: 2%=-1720.260009765625, 5%=-1691.050048828125, 10%=-1667.0, 25%=-1631.75, 50%=-1560.5, 75%=-1507.0, 90%=-1454.5999755859375, 95%=-1442.7000732421875, 98%=-1423.93994140625
ranking_best_algo: NLOPT_LN_PRAXIS
ranking_best_score: 1607.12
ranking_my_rank: 49/504 (90.5%)
ranking_my_percent: 90.47619047619048
