ConfigName: krbf__advnormalizedfitness__M2__L15__eps0p025__g0p007__ds0p15__dm0p01
Problem: NK
Kernel: rbf
Advantage: normalizedfitness
M: 2
lambda: 15
epsilon_svgd: 0.025
gamma: 0.007
decay_start_ratio: 0.15
decay_min_factor: 0.01
bandwith_kernel: None
no_interact: False
avg_score: 0.7389630675315857
median_score: 0.7390620708465576
std_score: 0.0156691987067461
percentiles: 2%=0.7067295908927917, 5%=0.7127599120140076, 10%=0.7187047004699707, 25%=0.7270558476448059, 50%=0.7390620708465576, 75%=0.7504082918167114, 90%=0.7588570713996887, 95%=0.7629440426826477, 98%=0.7693427205085754
ranking_best_algo: Tabu
ranking_best_score: 0.7601875690625
ranking_my_rank: 16/504 (97.0%)
ranking_my_percent: 97.02380952380952
