ConfigName: kfr__advglobalrankweighted__M4__L5__eps0p06__g0p007__ds0p01__dm0p01
Problem: QUBO
Kernel: fr
Advantage: globalrankweighted
M: 4
lambda: 5
epsilon_svgd: 0.06
gamma: 0.007
decay_start_ratio: 0.01
decay_min_factor: 0.01
bandwith_kernel: None
no_interact: False
avg_score: -409.739990234375
median_score: -413.0
std_score: 24.9586124420166
percentiles: 2%=-454.17999267578125, 5%=-449.0, 10%=-440.1000061035156, 25%=-427.25, 50%=-413.0, 75%=-390.0, 90%=-375.79998779296875, 95%=-368.0, 98%=-363.8800048828125
ranking_best_algo: Tabu
ranking_best_score: 438.12
ranking_my_rank: 94/504 (81.5%)
ranking_my_percent: 81.54761904761905
