ConfigName: krbf__advnormalizedfitness__M4__L10__eps0p02__g0p005__ds0p15__dm0p05
Problem: QUBO
Kernel: rbf
Advantage: normalizedfitness
M: 4
lambda: 10
epsilon_svgd: 0.02
gamma: 0.005
decay_start_ratio: 0.15
decay_min_factor: 0.05
bandwith_kernel: None
no_interact: False
avg_score: -430.0199890136719
median_score: -430.5
std_score: 23.444393157958984
percentiles: 2%=-479.0, 5%=-473.20001220703125, 10%=-459.1000061035156, 25%=-443.0, 50%=-430.5, 75%=-414.5, 90%=-398.79998779296875, 95%=-394.0, 98%=-390.94000244140625
ranking_best_algo: CMAL3
ranking_best_score: 435.36
ranking_my_rank: 9/504 (98.4%)
ranking_my_percent: 98.41269841269842
