ConfigName: kjsd__advperagentrankweighted__M3__L16__eps0p007__g0p0005__ds0p2__dm0p1
Problem: NK
Kernel: jsd
Advantage: peragentrankweighted
M: 3
lambda: 16
epsilon_svgd: 0.007
gamma: 0.0005
decay_start_ratio: 0.2
decay_min_factor: 0.1
bandwith_kernel: None
no_interact: False
avg_score: 0.7065061926841736
median_score: 0.7087169885635376
std_score: 0.011730850674211979
percentiles: 2%=0.6875609755516052, 5%=0.6886580586433411, 10%=0.690960168838501, 25%=0.6952112913131714, 50%=0.7087169885635376, 75%=0.7164853811264038, 90%=0.7206808924674988, 95%=0.721336841583252, 98%=0.7227727174758911
ranking_best_algo: PBIL
ranking_best_score: 0.7013553837109374
ranking_my_rank: 1/504 (100.0%)
ranking_my_percent: 100.0
