ConfigName: krbf__advnormalizedfitness__M4__L15__eps0p025__g0p01__ds0p3__dm0p3
Problem: NK
Kernel: rbf
Advantage: normalizedfitness
M: 4
lambda: 15
epsilon_svgd: 0.025
gamma: 0.01
decay_start_ratio: 0.3
decay_min_factor: 0.3
bandwith_kernel: None
no_interact: False
avg_score: 0.6634137034416199
median_score: 0.6637552976608276
std_score: 0.009670216590166092
percentiles: 2%=0.6425942778587341, 5%=0.6498263478279114, 10%=0.6513173580169678, 25%=0.6571429371833801, 50%=0.6637552976608276, 75%=0.6685688495635986, 90%=0.6764088869094849, 95%=0.6797196865081787, 98%=0.684270441532135
ranking_best_algo: PBIL
ranking_best_score: 0.7248786399609374
ranking_my_rank: 270/504 (46.6%)
ranking_my_percent: 46.62698412698413
