ConfigName: kjsd__advperagentrankweighted__M4__L12__eps0p01__g0p0007__ds0p05__dm0p05
Problem: NK
Kernel: jsd
Advantage: peragentrankweighted
M: 4
lambda: 12
epsilon_svgd: 0.01
gamma: 0.0007
decay_start_ratio: 0.05
decay_min_factor: 0.05
bandwith_kernel: None
no_interact: False
avg_score: 0.7112994194030762
median_score: 0.6994725465774536
std_score: 0.03166991099715233
percentiles: 2%=0.6734704971313477, 5%=0.6744024157524109, 10%=0.6761648058891296, 25%=0.6824496388435364, 50%=0.6994725465774536, 75%=0.7468891739845276, 90%=0.753758430480957, 95%=0.7613165378570557, 98%=0.7613165378570557
ranking_best_algo: CMApara
ranking_best_score: 0.7118996098437498
ranking_my_rank: 2/504 (99.8%)
ranking_my_percent: 99.8015873015873
