ConfigName: kjsd__advperagentrankweighted__M3__L18__eps0p01__g0p003__ds0p1__dm0p1
Problem: NK
Kernel: jsd
Advantage: peragentrankweighted
M: 3
lambda: 18
epsilon_svgd: 0.01
gamma: 0.003
decay_start_ratio: 0.1
decay_min_factor: 0.1
bandwith_kernel: None
no_interact: False
avg_score: 0.7071282267570496
median_score: 0.7103559970855713
std_score: 0.011928885243833065
percentiles: 2%=0.6882697343826294, 5%=0.6893535852432251, 10%=0.6911928653717041, 25%=0.6960210800170898, 50%=0.7103559970855713, 75%=0.7173553109169006, 90%=0.7210579514503479, 95%=0.7226278781890869, 98%=0.7245524525642395
ranking_best_algo: PBIL
ranking_best_score: 0.7013553837109374
ranking_my_rank: 1/504 (100.0%)
ranking_my_percent: 100.0
