ConfigName: kfr__advglobalrankweighted__M3__L11__eps0p015__g0p003__ds0p01__dm0p01
Problem: QUBO
Kernel: fr
Advantage: globalrankweighted
M: 3
lambda: 11
epsilon_svgd: 0.015
gamma: 0.003
decay_start_ratio: 0.01
decay_min_factor: 0.01
bandwith_kernel: None
no_interact: False
avg_score: -1186.5799560546875
median_score: -1178.5
std_score: 63.17185974121094
percentiles: 2%=-1323.1199951171875, 5%=-1284.050048828125, 10%=-1273.0999755859375, 25%=-1228.25, 50%=-1178.5, 75%=-1142.25, 90%=-1113.199951171875, 95%=-1089.550048828125, 98%=-1078.93994140625
ranking_best_algo: Tabu
ranking_best_score: 1216.16
ranking_my_rank: 64/504 (87.5%)
ranking_my_percent: 87.5
