ConfigName: krbf__advnormalizedfitness__M3__L12__eps0p025__g0p005__ds0p3__dm0p3
Problem: QUBO
Kernel: rbf
Advantage: normalizedfitness
M: 3
lambda: 12
epsilon_svgd: 0.025
gamma: 0.005
decay_start_ratio: 0.3
decay_min_factor: 0.3
bandwith_kernel: None
no_interact: False
avg_score: -429.1400146484375
median_score: -430.0
std_score: 28.732913970947266
percentiles: 2%=-483.0, 5%=-475.1000061035156, 10%=-467.20001220703125, 25%=-451.25, 50%=-430.0, 75%=-410.75, 90%=-393.79998779296875, 95%=-378.8500061035156, 98%=-364.94000244140625
ranking_best_algo: CMAL3
ranking_best_score: 435.36
ranking_my_rank: 12/504 (97.8%)
ranking_my_percent: 97.81746031746032
