ConfigName: krbf__advnormalizedfitness__M3__L12__eps0p025__g0p01__ds0p15__dm0p3
Problem: NK
Kernel: rbf
Advantage: normalizedfitness
M: 3
lambda: 12
epsilon_svgd: 0.025
gamma: 0.01
decay_start_ratio: 0.15
decay_min_factor: 0.3
bandwith_kernel: None
no_interact: False
avg_score: 0.7052050232887268
median_score: 0.7031249403953552
std_score: 0.022795531898736954
percentiles: 2%=0.661298930644989, 5%=0.6679731011390686, 10%=0.6758077144622803, 25%=0.6898587942123413, 50%=0.7031249403953552, 75%=0.7194593548774719, 90%=0.7328321933746338, 95%=0.7454803586006165, 98%=0.7563368082046509
ranking_best_algo: Tabu
ranking_best_score: 0.7601875690625
ranking_my_rank: 297/504 (41.3%)
ranking_my_percent: 41.26984126984127
