ConfigName: kjsd__advperagentrankweighted__M3__L18__eps0p005__g0p001__ds0p2__dm0p1
Problem: QUBO
Kernel: jsd
Advantage: peragentrankweighted
M: 3
lambda: 18
epsilon_svgd: 0.005
gamma: 0.001
decay_start_ratio: 0.2
decay_min_factor: 0.1
bandwith_kernel: None
no_interact: False
avg_score: -424.1400146484375
median_score: -425.0
std_score: 25.99346923828125
percentiles: 2%=-465.0400085449219, 5%=-465.0, 10%=-457.20001220703125, 25%=-442.75, 50%=-425.0, 75%=-409.0, 90%=-390.70001220703125, 95%=-375.95001220703125, 98%=-363.8399963378906
ranking_best_algo: CMAL3
ranking_best_score: 435.36
ranking_my_rank: 31/504 (94.0%)
ranking_my_percent: 94.04761904761905
