ConfigName: kjsd__advperagentrankweighted__M3__L16__eps0p005__g0p001__ds0p05__dm0p2
Problem: QUBO
Kernel: jsd
Advantage: peragentrankweighted
M: 3
lambda: 16
epsilon_svgd: 0.005
gamma: 0.001
decay_start_ratio: 0.05
decay_min_factor: 0.2
bandwith_kernel: None
no_interact: False
avg_score: -1179.97998046875
median_score: -1176.0
std_score: 59.32267379760742
percentiles: 2%=-1321.199951171875, 5%=-1268.050048828125, 10%=-1251.5999755859375, 25%=-1212.5, 50%=-1176.0, 75%=-1147.0, 90%=-1108.199951171875, 95%=-1090.6500244140625, 98%=-1068.4599609375
ranking_best_algo: Tabu
ranking_best_score: 1216.16
ranking_my_rank: 70/504 (86.3%)
ranking_my_percent: 86.30952380952381
