ConfigName: kjsd__advperagentrankweighted__M4__L10__eps0p01__g0p0003__ds0p2__dm0p05
Problem: QUBO
Kernel: jsd
Advantage: peragentrankweighted
M: 4
lambda: 10
epsilon_svgd: 0.01
gamma: 0.0003
decay_start_ratio: 0.2
decay_min_factor: 0.05
bandwith_kernel: None
no_interact: False
avg_score: -1598.6800537109375
median_score: -1596.5
std_score: 65.34307861328125
percentiles: 2%=-1765.06005859375, 5%=-1717.050048828125, 10%=-1681.0999755859375, 25%=-1627.0, 50%=-1596.5, 75%=-1551.75, 90%=-1520.0, 95%=-1500.300048828125, 98%=-1478.9599609375
ranking_best_algo: NLOPT_LN_PRAXIS
ranking_best_score: 1607.12
ranking_my_rank: 13/504 (97.6%)
ranking_my_percent: 97.61904761904762
