ConfigName: kjsd__advperagentrankweighted__M3__L18__eps0p01__g0p0007__ds0p2__dm0p1
Problem: NK
Kernel: jsd
Advantage: peragentrankweighted
M: 3
lambda: 18
epsilon_svgd: 0.01
gamma: 0.0007
decay_start_ratio: 0.2
decay_min_factor: 0.1
bandwith_kernel: None
no_interact: False
avg_score: 0.7411770820617676
median_score: 0.7419388294219971
std_score: 0.014326370321214199
percentiles: 2%=0.7103285193443298, 5%=0.7189254760742188, 10%=0.7235995531082153, 25%=0.7322854399681091, 50%=0.7419388294219971, 75%=0.7492551207542419, 90%=0.7562001943588257, 95%=0.767126202583313, 98%=0.7699761390686035
ranking_best_algo: Tabu
ranking_best_score: 0.7601875690625
ranking_my_rank: 12/504 (97.8%)
ranking_my_percent: 97.81746031746032
