ConfigName: kjsd__advperagentrankweighted__M3__L16__eps0p005__g0p003__ds0p1__dm0p05
Problem: NK
Kernel: jsd
Advantage: peragentrankweighted
M: 3
lambda: 16
epsilon_svgd: 0.005
gamma: 0.003
decay_start_ratio: 0.1
decay_min_factor: 0.05
bandwith_kernel: None
no_interact: False
avg_score: 0.7449439167976379
median_score: 0.7423104643821716
std_score: 0.02812023274600506
percentiles: 2%=0.7000475525856018, 5%=0.7079905271530151, 10%=0.7105332016944885, 25%=0.7229434251785278, 50%=0.7423104643821716, 75%=0.7601335048675537, 90%=0.7783373594284058, 95%=0.8044298887252808, 98%=0.8044784665107727
ranking_best_algo: CMApara
ranking_best_score: 0.7459277895312499
ranking_my_rank: 2/504 (99.8%)
ranking_my_percent: 99.8015873015873
