ConfigName: kjsd__advperagentrankweighted__M5__L8__eps0p01__g0p0007__ds0p4__dm0p2
Problem: QUBO
Kernel: jsd
Advantage: peragentrankweighted
M: 5
lambda: 8
epsilon_svgd: 0.01
gamma: 0.0007
decay_start_ratio: 0.4
decay_min_factor: 0.2
bandwith_kernel: None
no_interact: False
avg_score: -329.3800048828125
median_score: -329.0
std_score: 22.019433975219727
percentiles: 2%=-372.0, 5%=-372.0, 10%=-354.0, 25%=-343.0, 50%=-329.0, 75%=-316.25, 90%=-295.8999938964844, 95%=-290.0, 98%=-281.9800109863281
ranking_best_algo: CMApara
ranking_best_score: 344.22
ranking_my_rank: 81/504 (84.1%)
ranking_my_percent: 84.12698412698413
