ConfigName: krbf__advnormalizedfitness__M3__L15__eps0p033__g0p005__ds0p15__dm0p3
Problem: QUBO
Kernel: rbf
Advantage: normalizedfitness
M: 3
lambda: 15
epsilon_svgd: 0.033
gamma: 0.005
decay_start_ratio: 0.15
decay_min_factor: 0.3
bandwith_kernel: None
no_interact: False
avg_score: -577.5
median_score: -578.5
std_score: 28.89411735534668
percentiles: 2%=-635.0, 5%=-627.0999755859375, 10%=-613.2000122070312, 25%=-595.5, 50%=-578.5, 75%=-562.5, 90%=-540.2999877929688, 95%=-527.75, 98%=-521.719970703125
ranking_best_algo: Tabu
ranking_best_score: 588.7199999999999
ranking_my_rank: 44/503 (91.5%)
ranking_my_percent: 91.45129224652088
