ConfigName: kjsd__advperagentrankweighted__M4__L8__eps0p01__g0p0007__ds0p05__dm0p05
Problem: QUBO
Kernel: jsd
Advantage: peragentrankweighted
M: 4
lambda: 8
epsilon_svgd: 0.01
gamma: 0.0007
decay_start_ratio: 0.05
decay_min_factor: 0.05
bandwith_kernel: None
no_interact: False
avg_score: -424.5199890136719
median_score: -422.0
std_score: 29.185091018676758
percentiles: 2%=-479.0400085449219, 5%=-475.0, 10%=-469.0, 25%=-445.0, 50%=-422.0, 75%=-403.0, 90%=-389.70001220703125, 95%=-381.6499938964844, 98%=-361.9800109863281
ranking_best_algo: CMAL3
ranking_best_score: 435.36
ranking_my_rank: 30/504 (94.2%)
ranking_my_percent: 94.24603174603175
