ConfigName: kjsd__advperagentrankweighted__M3__L16__eps0p007__g0p001__ds0p05__dm0p05
Problem: NK
Kernel: jsd
Advantage: peragentrankweighted
M: 3
lambda: 16
epsilon_svgd: 0.007
gamma: 0.001
decay_start_ratio: 0.05
decay_min_factor: 0.05
bandwith_kernel: None
no_interact: False
avg_score: 0.7420518398284912
median_score: 0.739720344543457
std_score: 0.013969284482300282
percentiles: 2%=0.7154532670974731, 5%=0.7211285829544067, 10%=0.7256374955177307, 25%=0.7319068908691406, 50%=0.739720344543457, 75%=0.7508548498153687, 90%=0.7626583576202393, 95%=0.7657023072242737, 98%=0.7703109979629517
ranking_best_algo: Tabu
ranking_best_score: 0.7601875690625
ranking_my_rank: 12/504 (97.8%)
ranking_my_percent: 97.81746031746032
