ConfigName: kjsd__advperagentrankweighted__M4__L12__eps0p03__g0p0007__ds0p05__dm0p05
Problem: NK
Kernel: jsd
Advantage: peragentrankweighted
M: 4
lambda: 12
epsilon_svgd: 0.03
gamma: 0.0007
decay_start_ratio: 0.05
decay_min_factor: 0.05
bandwith_kernel: None
no_interact: False
avg_score: 0.7039724588394165
median_score: 0.7047325372695923
std_score: 0.011558081023395061
percentiles: 2%=0.6844197511672974, 5%=0.6856865882873535, 10%=0.6887953281402588, 25%=0.6939492225646973, 50%=0.7047325372695923, 75%=0.7147238254547119, 90%=0.7175950407981873, 95%=0.7198668718338013, 98%=0.7213298082351685
ranking_best_algo: PBIL
ranking_best_score: 0.7013553837109374
ranking_my_rank: 1/504 (100.0%)
ranking_my_percent: 100.0
