ConfigName: krbf__advnormalizedfitness__M3__L10__eps0p025__g0p005__ds0p01__dm0p3
Problem: QUBO
Kernel: rbf
Advantage: normalizedfitness
M: 3
lambda: 10
epsilon_svgd: 0.025
gamma: 0.005
decay_start_ratio: 0.01
decay_min_factor: 0.3
bandwith_kernel: None
no_interact: False
avg_score: -411.29998779296875
median_score: -410.0
std_score: 25.56305694580078
percentiles: 2%=-454.3399963378906, 5%=-452.04998779296875, 10%=-446.0, 25%=-428.25, 50%=-410.0, 75%=-394.0, 90%=-375.79998779296875, 95%=-368.0, 98%=-365.91998291015625
ranking_best_algo: Tabu
ranking_best_score: 438.12
ranking_my_rank: 80/504 (84.3%)
ranking_my_percent: 84.32539682539682
