ConfigName: krbf__advnormalizedfitness__M2__L8__eps0p033__g0p01__ds0p01__dm0p3
Problem: QUBO
Kernel: rbf
Advantage: normalizedfitness
M: 2
lambda: 8
epsilon_svgd: 0.033
gamma: 0.01
decay_start_ratio: 0.01
decay_min_factor: 0.3
bandwith_kernel: None
no_interact: False
avg_score: -433.4800109863281
median_score: -433.0
std_score: 28.06580924987793
percentiles: 2%=-484.0799865722656, 5%=-477.1000061035156, 10%=-471.1000061035156, 25%=-455.0, 50%=-433.0, 75%=-416.5, 90%=-398.70001220703125, 95%=-377.8500061035156, 98%=-372.8800048828125
ranking_best_algo: CMApara
ranking_best_score: 453.82
ranking_my_rank: 41/504 (92.1%)
ranking_my_percent: 92.06349206349206
