ConfigName: krbf__advnormalizedfitness__M4__L15__eps0p025__g0p015__ds0p01__dm0p3
Problem: QUBO
Kernel: rbf
Advantage: normalizedfitness
M: 4
lambda: 15
epsilon_svgd: 0.025
gamma: 0.015
decay_start_ratio: 0.01
decay_min_factor: 0.3
bandwith_kernel: None
no_interact: False
avg_score: -291.6600036621094
median_score: -293.0
std_score: 26.672164916992188
percentiles: 2%=-342.0199890136719, 5%=-330.20001220703125, 10%=-322.20001220703125, 25%=-314.0, 50%=-293.0, 75%=-273.75, 90%=-259.79998779296875, 95%=-238.0, 98%=-235.8399658203125
ranking_best_algo: CMApara
ranking_best_score: 344.22
ranking_my_rank: 323/504 (36.1%)
ranking_my_percent: 36.111111111111114
