ConfigName: kjsd__advperagentrankweighted__M3__L18__eps0p01__g0p001__ds0p2__dm0p05
Problem: NK
Kernel: jsd
Advantage: peragentrankweighted
M: 3
lambda: 18
epsilon_svgd: 0.01
gamma: 0.001
decay_start_ratio: 0.2
decay_min_factor: 0.05
bandwith_kernel: None
no_interact: False
avg_score: 0.7550960779190063
median_score: 0.7553805112838745
std_score: 0.010446378961205482
percentiles: 2%=0.7352124452590942, 5%=0.7370516061782837, 10%=0.7414424419403076, 25%=0.7492944002151489, 50%=0.7553805112838745, 75%=0.7610043883323669, 90%=0.7696064114570618, 95%=0.7726868987083435, 98%=0.7758610248565674
ranking_best_algo: Tabu
ranking_best_score: 0.7470791764843752
ranking_my_rank: 1/504 (100.0%)
ranking_my_percent: 100.0
