ConfigName: krbf__advnormalizedfitness__M1__L10__eps0p015__g0p015__ds0p15__dm0p01
Problem: NK
Kernel: rbf
Advantage: normalizedfitness
M: 1
lambda: 10
epsilon_svgd: 0.015
gamma: 0.015
decay_start_ratio: 0.15
decay_min_factor: 0.01
bandwith_kernel: None
no_interact: False
avg_score: 0.7465372681617737
median_score: 0.7471359372138977
std_score: 0.016457440331578255
percentiles: 2%=0.7154462337493896, 5%=0.7193763256072998, 10%=0.7244970798492432, 25%=0.7346006631851196, 50%=0.7471359372138977, 75%=0.7584173679351807, 90%=0.7679045796394348, 95%=0.770220160484314, 98%=0.7721494436264038
ranking_best_algo: Tabu
ranking_best_score: 0.7657846284375001
ranking_my_rank: 39/504 (92.5%)
ranking_my_percent: 92.46031746031746
