ConfigName: kjsd__advperagentrankweighted__M3__L16__eps0p01__g0p001__ds0p05__dm0p05
Problem: QUBO
Kernel: jsd
Advantage: peragentrankweighted
M: 3
lambda: 16
epsilon_svgd: 0.01
gamma: 0.001
decay_start_ratio: 0.05
decay_min_factor: 0.05
bandwith_kernel: None
no_interact: False
avg_score: -307.1400146484375
median_score: -299.0
std_score: 39.956233978271484
percentiles: 2%=-394.0, 5%=-388.0, 10%=-358.20001220703125, 25%=-334.5, 50%=-299.0, 75%=-272.75, 90%=-263.8999938964844, 95%=-251.8000030517578, 98%=-246.0
ranking_best_algo: CMApara
ranking_best_score: 319.29999999999995
ranking_my_rank: 101/504 (80.2%)
ranking_my_percent: 80.15873015873017
