ConfigName: krbf__advnormalizedfitness__M2__L10__eps0p015__g0p01__ds0p3__dm0p01
Problem: QUBO
Kernel: rbf
Advantage: normalizedfitness
M: 2
lambda: 10
epsilon_svgd: 0.015
gamma: 0.01
decay_start_ratio: 0.3
decay_min_factor: 0.01
bandwith_kernel: None
no_interact: False
avg_score: -2508.760009765625
median_score: -2507.0
std_score: 134.97474670410156
percentiles: 2%=-2767.4599609375, 5%=-2734.10009765625, 10%=-2680.800048828125, 25%=-2597.5, 50%=-2507.0, 75%=-2416.5, 90%=-2312.800048828125, 95%=-2288.449951171875, 98%=-2259.6201171875
ranking_best_algo: SVM1MetaModelLogNormal
ranking_best_score: 2605.14
ranking_my_rank: 62/504 (87.9%)
ranking_my_percent: 87.89682539682539
