ConfigName: kjsd__advperagentrankweighted__M3__L16__eps0p007__g0p003__ds0p05__dm0p05
Problem: QUBO
Kernel: jsd
Advantage: peragentrankweighted
M: 3
lambda: 16
epsilon_svgd: 0.007
gamma: 0.003
decay_start_ratio: 0.05
decay_min_factor: 0.05
bandwith_kernel: None
no_interact: False
avg_score: -579.3800048828125
median_score: -583.0
std_score: 27.04913330078125
percentiles: 2%=-627.0999755859375, 5%=-618.3499755859375, 10%=-612.0999755859375, 25%=-596.5, 50%=-583.0, 75%=-562.75, 90%=-541.7999877929688, 95%=-530.8499755859375, 98%=-522.7999877929688
ranking_best_algo: Tabu
ranking_best_score: 588.7199999999999
ranking_my_rank: 41/503 (92.0%)
ranking_my_percent: 92.04771371769384
