ConfigName: kjsd__advperagentrankweighted__M5__L12__eps0p03__g0p0003__ds0p05__dm0p05
Problem: NK
Kernel: jsd
Advantage: peragentrankweighted
M: 5
lambda: 12
epsilon_svgd: 0.03
gamma: 0.0003
decay_start_ratio: 0.05
decay_min_factor: 0.05
bandwith_kernel: None
no_interact: False
avg_score: 0.7240998148918152
median_score: 0.7224968671798706
std_score: 0.009390784427523613
percentiles: 2%=0.7048737406730652, 5%=0.7082975506782532, 10%=0.7131664156913757, 25%=0.7182245254516602, 50%=0.7224968671798706, 75%=0.7311950922012329, 90%=0.7370797991752625, 95%=0.7384059429168701, 98%=0.7442165613174438
ranking_best_algo: PBIL
ranking_best_score: 0.733570253046875
ranking_my_rank: 44/504 (91.5%)
ranking_my_percent: 91.46825396825396
