ConfigName: krbf__advnormalizedfitness__M3__L15__eps0p033__g0p005__ds0p3__dm0p3
Problem: QUBO
Kernel: rbf
Advantage: normalizedfitness
M: 3
lambda: 15
epsilon_svgd: 0.033
gamma: 0.005
decay_start_ratio: 0.3
decay_min_factor: 0.3
bandwith_kernel: None
no_interact: False
avg_score: -1186.52001953125
median_score: -1181.5
std_score: 58.56235885620117
percentiles: 2%=-1305.06005859375, 5%=-1289.0, 10%=-1264.300048828125, 25%=-1219.25, 50%=-1181.5, 75%=-1149.0, 90%=-1121.9000244140625, 95%=-1093.9000244140625, 98%=-1067.5599365234375
ranking_best_algo: Tabu
ranking_best_score: 1216.16
ranking_my_rank: 64/504 (87.5%)
ranking_my_percent: 87.5
