ConfigName: kfr__advglobalrankweighted__M2__L9__eps0p015__g0p007__ds0p01__dm0p01
Problem: QUBO
Kernel: fr
Advantage: globalrankweighted
M: 2
lambda: 9
epsilon_svgd: 0.015
gamma: 0.007
decay_start_ratio: 0.01
decay_min_factor: 0.01
bandwith_kernel: None
no_interact: False
avg_score: -303.5199890136719
median_score: -295.0
std_score: 41.00255584716797
percentiles: 2%=-396.0, 5%=-386.1000061035156, 10%=-358.0, 25%=-328.5, 50%=-295.0, 75%=-271.75, 90%=-259.4000244140625, 95%=-248.90000915527344, 98%=-235.9399871826172
ranking_best_algo: CMApara
ranking_best_score: 319.29999999999995
ranking_my_rank: 187/504 (63.1%)
ranking_my_percent: 63.095238095238095
