ConfigName: kjsd__advperagentrankweighted__M4__L12__eps0p01__g0p0007__ds0p05__dm0p05
Problem: QUBO
Kernel: jsd
Advantage: peragentrankweighted
M: 4
lambda: 12
epsilon_svgd: 0.01
gamma: 0.0007
decay_start_ratio: 0.05
decay_min_factor: 0.05
bandwith_kernel: None
no_interact: False
avg_score: -139.60000610351562
median_score: -141.0
std_score: 10.59622573852539
percentiles: 2%=-157.05999755859375, 5%=-156.0, 10%=-155.10000610351562, 25%=-146.0, 50%=-141.0, 75%=-132.0, 90%=-126.80000305175781, 95%=-122.9000015258789, 98%=-118.91999816894531
ranking_best_algo: DiscreteDE
ranking_best_score: 143.4
ranking_my_rank: 83/504 (83.7%)
ranking_my_percent: 83.73015873015873
