ConfigName: kjsd__advperagentrankweighted__M3__L24__eps0p005__g0p0005__ds0p2__dm0p05
Problem: QUBO
Kernel: jsd
Advantage: peragentrankweighted
M: 3
lambda: 24
epsilon_svgd: 0.005
gamma: 0.0005
decay_start_ratio: 0.2
decay_min_factor: 0.05
bandwith_kernel: None
no_interact: False
avg_score: -409.1600036621094
median_score: -406.0
std_score: 25.61980628967285
percentiles: 2%=-457.1600036621094, 5%=-454.1499938964844, 10%=-440.1000061035156, 25%=-428.25, 50%=-406.0, 75%=-389.5, 90%=-379.79998779296875, 95%=-367.8999938964844, 98%=-364.0
ranking_best_algo: Tabu
ranking_best_score: 438.12
ranking_my_rank: 112/504 (78.0%)
ranking_my_percent: 77.97619047619048
