ConfigName: krbf__advnormalizedfitness__M4__L8__eps0p033__g0p005__ds0p15__dm0p3
Problem: QUBO
Kernel: rbf
Advantage: normalizedfitness
M: 4
lambda: 8
epsilon_svgd: 0.033
gamma: 0.005
decay_start_ratio: 0.15
decay_min_factor: 0.3
bandwith_kernel: None
no_interact: False
avg_score: -1202.8399658203125
median_score: -1204.0
std_score: 65.37517547607422
percentiles: 2%=-1361.1199951171875, 5%=-1310.199951171875, 10%=-1279.0, 25%=-1243.25, 50%=-1204.0, 75%=-1151.0, 90%=-1125.5999755859375, 95%=-1104.9000244140625, 98%=-1092.35986328125
ranking_best_algo: SVMMetaModelLogNormal
ranking_best_score: 1233.7999999999997
ranking_my_rank: 53/504 (89.7%)
ranking_my_percent: 89.68253968253968
