ConfigName: krbf__advnormalizedfitness__M4__L8__eps0p033__g0p01__ds0p15__dm0p3
Problem: QUBO
Kernel: rbf
Advantage: normalizedfitness
M: 4
lambda: 8
epsilon_svgd: 0.033
gamma: 0.01
decay_start_ratio: 0.15
decay_min_factor: 0.3
bandwith_kernel: None
no_interact: False
avg_score: -2276.679931640625
median_score: -2287.5
std_score: 174.03797912597656
percentiles: 2%=-2591.919921875, 5%=-2527.39990234375, 10%=-2495.800048828125, 25%=-2408.0, 50%=-2287.5, 75%=-2156.5, 90%=-2062.60009765625, 95%=-1995.60009765625, 98%=-1956.7197265625
ranking_best_algo: SVM1MetaModelLogNormal
ranking_best_score: 2605.14
ranking_my_rank: 158/504 (68.8%)
ranking_my_percent: 68.84920634920636
