ConfigName: kfr__advglobalrankweighted__M6__L11__eps0p01__g0p005__ds0p01__dm0p01
Problem: QUBO
Kernel: fr
Advantage: globalrankweighted
M: 6
lambda: 11
epsilon_svgd: 0.01
gamma: 0.005
decay_start_ratio: 0.01
decay_min_factor: 0.01
bandwith_kernel: None
no_interact: False
avg_score: -1898.3199462890625
median_score: -1890.5
std_score: 145.7428436279297
percentiles: 2%=-2141.699951171875, 5%=-2130.199951171875, 10%=-2087.39990234375, 25%=-2015.5, 50%=-1890.5, 75%=-1796.5, 90%=-1703.9000244140625, 95%=-1655.9000244140625, 98%=-1630.8599853515625
ranking_best_algo: SVM1MetaModelLogNormal
ranking_best_score: 2605.14
ranking_my_rank: 296/504 (41.5%)
ranking_my_percent: 41.46825396825397
