ConfigName: kjsd__advperagentrankweighted__M3__L16__eps0p007__g0p003__ds0p2__dm0p05
Problem: QUBO
Kernel: jsd
Advantage: peragentrankweighted
M: 3
lambda: 16
epsilon_svgd: 0.007
gamma: 0.003
decay_start_ratio: 0.2
decay_min_factor: 0.05
bandwith_kernel: None
no_interact: False
avg_score: -415.1400146484375
median_score: -414.0
std_score: 26.012697219848633
percentiles: 2%=-477.0, 5%=-457.0, 10%=-446.29998779296875, 25%=-432.5, 50%=-414.0, 75%=-398.75, 90%=-381.79998779296875, 95%=-373.8999938964844, 98%=-369.9599914550781
ranking_best_algo: Tabu
ranking_best_score: 438.12
ranking_my_rank: 50/504 (90.3%)
ranking_my_percent: 90.27777777777777
