ConfigName: krbf__advnormalizedfitness__M1__L10__eps0p015__g0p01__ds0p15__dm0p01
Problem: NK
Kernel: rbf
Advantage: normalizedfitness
M: 1
lambda: 10
epsilon_svgd: 0.015
gamma: 0.01
decay_start_ratio: 0.15
decay_min_factor: 0.01
bandwith_kernel: None
no_interact: False
avg_score: 0.7402940392494202
median_score: 0.7376523613929749
std_score: 0.02974393032491207
percentiles: 2%=0.6864367723464966, 5%=0.7002754807472229, 10%=0.7081567645072937, 25%=0.7187563180923462, 50%=0.7376523613929749, 75%=0.7496703863143921, 90%=0.7782467603683472, 95%=0.8044298887252808, 98%=0.8045603036880493
ranking_best_algo: CMApara
ranking_best_score: 0.7459277895312499
ranking_my_rank: 46/504 (91.1%)
ranking_my_percent: 91.07142857142857
