ConfigName: krbf__advnormalizedfitness__M3__L10__eps0p025__g0p01__ds0p01__dm0p01
Problem: NK
Kernel: rbf
Advantage: normalizedfitness
M: 3
lambda: 10
epsilon_svgd: 0.025
gamma: 0.01
decay_start_ratio: 0.01
decay_min_factor: 0.01
bandwith_kernel: None
no_interact: False
avg_score: 0.7348125576972961
median_score: 0.736980676651001
std_score: 0.00939029362052679
percentiles: 2%=0.7131547927856445, 5%=0.7161581516265869, 10%=0.7194497585296631, 25%=0.7311230301856995, 50%=0.736980676651001, 75%=0.7409791946411133, 90%=0.7459489703178406, 95%=0.7471828460693359, 98%=0.7497140169143677
ranking_best_algo: PBIL
ranking_best_score: 0.7248786399609374
ranking_my_rank: 1/504 (100.0%)
ranking_my_percent: 100.0
