ConfigName: krbf__advnormalizedfitness__M4__L15__eps0p025__g0p005__ds0p15__dm0p01
Problem: QUBO
Kernel: rbf
Advantage: normalizedfitness
M: 4
lambda: 15
epsilon_svgd: 0.025
gamma: 0.005
decay_start_ratio: 0.15
decay_min_factor: 0.01
bandwith_kernel: None
no_interact: False
avg_score: -437.1400146484375
median_score: -437.0
std_score: 25.70876121520996
percentiles: 2%=-481.0199890136719, 5%=-476.04998779296875, 10%=-472.0, 25%=-456.25, 50%=-437.0, 75%=-417.0, 90%=-403.79998779296875, 95%=-393.9000244140625, 98%=-388.8399658203125
ranking_best_algo: CMApara
ranking_best_score: 453.82
ranking_my_rank: 28/504 (94.6%)
ranking_my_percent: 94.64285714285714
