ConfigName: kfr__advglobalrankweighted__M4__L12__eps0p015__g0p003__ds0p01__dm0p01
Problem: QUBO
Kernel: fr
Advantage: globalrankweighted
M: 4
lambda: 12
epsilon_svgd: 0.015
gamma: 0.003
decay_start_ratio: 0.01
decay_min_factor: 0.01
bandwith_kernel: None
no_interact: False
avg_score: -2502.139892578125
median_score: -2497.0
std_score: 139.22938537597656
percentiles: 2%=-2821.340087890625, 5%=-2732.800048828125, 10%=-2685.199951171875, 25%=-2607.5, 50%=-2497.0, 75%=-2404.25, 90%=-2324.89990234375, 95%=-2279.400146484375, 98%=-2256.89990234375
ranking_best_algo: SVM1MetaModelLogNormal
ranking_best_score: 2605.14
ranking_my_rank: 63/504 (87.7%)
ranking_my_percent: 87.6984126984127
