ConfigName: kjsd__advperagentrankweighted__M3__L30__eps0p007__g0p0005__ds0p2__dm0p2
Problem: QUBO
Kernel: jsd
Advantage: peragentrankweighted
M: 3
lambda: 30
epsilon_svgd: 0.007
gamma: 0.0005
decay_start_ratio: 0.2
decay_min_factor: 0.2
bandwith_kernel: None
no_interact: False
avg_score: -904.6400146484375
median_score: -900.0
std_score: 68.39013671875
percentiles: 2%=-1044.0400390625, 5%=-1030.0999755859375, 10%=-992.7000122070312, 25%=-947.0, 50%=-900.0, 75%=-854.0, 90%=-828.0, 95%=-802.7999877929688, 98%=-778.3200073242188
ranking_best_algo: CMAL3
ranking_best_score: 928.5800000000002
ranking_my_rank: 66/504 (87.1%)
ranking_my_percent: 87.10317460317461
