ConfigName: kjsd__advperagentrankweighted__M3__L18__eps0p007__g0p0005__ds0p05__dm0p2
Problem: QUBO
Kernel: jsd
Advantage: peragentrankweighted
M: 3
lambda: 18
epsilon_svgd: 0.007
gamma: 0.0005
decay_start_ratio: 0.05
decay_min_factor: 0.2
bandwith_kernel: None
no_interact: False
avg_score: -1194.5400390625
median_score: -1188.0
std_score: 69.46861267089844
percentiles: 2%=-1345.0, 5%=-1333.199951171875, 10%=-1298.4000244140625, 25%=-1233.5, 50%=-1188.0, 75%=-1138.5, 90%=-1111.5, 95%=-1098.8499755859375, 98%=-1080.5999755859375
ranking_best_algo: Tabu
ranking_best_score: 1216.16
ranking_my_rank: 48/504 (90.7%)
ranking_my_percent: 90.67460317460318
