ConfigName: krbf__advnormalizedfitness__M4__L10__eps0p015__g0p007__ds0p15__dm0p01
Problem: QUBO
Kernel: rbf
Advantage: normalizedfitness
M: 4
lambda: 10
epsilon_svgd: 0.015
gamma: 0.007
decay_start_ratio: 0.15
decay_min_factor: 0.01
bandwith_kernel: None
no_interact: False
avg_score: -1360.06005859375
median_score: -1331.0
std_score: 130.9541015625
percentiles: 2%=-1628.0400390625, 5%=-1610.050048828125, 10%=-1570.9000244140625, 25%=-1453.75, 50%=-1331.0, 75%=-1274.0, 90%=-1204.699951171875, 95%=-1174.550048828125, 98%=-1138.719970703125
ranking_best_algo: NLOPT_LN_PRAXIS
ranking_best_score: 1607.12
ranking_my_rank: 173/504 (65.9%)
ranking_my_percent: 65.87301587301587
