ConfigName: krbf__advnormalizedfitness__M3__L15__eps0p03__g0p005__ds0p05__dm0p05
Problem: QUBO
Kernel: rbf
Advantage: normalizedfitness
M: 3
lambda: 15
epsilon_svgd: 0.03
gamma: 0.005
decay_start_ratio: 0.05
decay_min_factor: 0.05
bandwith_kernel: None
no_interact: False
avg_score: -1184.760009765625
median_score: -1189.0
std_score: 64.76081085205078
percentiles: 2%=-1323.06005859375, 5%=-1293.199951171875, 10%=-1267.4000244140625, 25%=-1224.25, 50%=-1189.0, 75%=-1141.5, 90%=-1102.0, 95%=-1081.800048828125, 98%=-1061.9000244140625
ranking_best_algo: Tabu
ranking_best_score: 1216.16
ranking_my_rank: 64/504 (87.5%)
ranking_my_percent: 87.5
