ConfigName: kjsd__advperagentrankweighted__M3__L20__eps0p007__g0p001__ds0p2__dm0p1
Problem: NK
Kernel: jsd
Advantage: peragentrankweighted
M: 3
lambda: 20
epsilon_svgd: 0.007
gamma: 0.001
decay_start_ratio: 0.2
decay_min_factor: 0.1
bandwith_kernel: None
no_interact: False
avg_score: 0.7483026385307312
median_score: 0.7482239007949829
std_score: 0.00962367095053196
percentiles: 2%=0.7314793467521667, 5%=0.7328710556030273, 10%=0.7349637150764465, 25%=0.7415752410888672, 50%=0.7482239007949829, 75%=0.7544211149215698, 90%=0.761293351650238, 95%=0.7642648220062256, 98%=0.7687276005744934
ranking_best_algo: PBIL
ranking_best_score: 0.733570253046875
ranking_my_rank: 1/504 (100.0%)
ranking_my_percent: 100.0
