ConfigName: kjsd__advperagentrankweighted__M3__L16__eps0p007__g0p003__ds0p1__dm0p05
Problem: QUBO
Kernel: jsd
Advantage: peragentrankweighted
M: 3
lambda: 16
epsilon_svgd: 0.007
gamma: 0.003
decay_start_ratio: 0.1
decay_min_factor: 0.05
bandwith_kernel: None
no_interact: False
avg_score: -138.36000061035156
median_score: -139.0
std_score: 12.014591217041016
percentiles: 2%=-158.02000427246094, 5%=-157.0500030517578, 10%=-156.0, 25%=-146.0, 50%=-139.0, 75%=-130.0, 90%=-122.80000305175781, 95%=-118.0, 98%=-111.9000015258789
ranking_best_algo: DiscreteDE
ranking_best_score: 143.4
ranking_my_rank: 108/504 (78.8%)
ranking_my_percent: 78.76984126984127
