ConfigName: kjsd__advperagentrankweighted__M6__L24__eps0p008__g0p0005__ds0p3__dm0p05
Problem: QUBO
Kernel: jsd
Advantage: peragentrankweighted
M: 6
lambda: 24
epsilon_svgd: 0.008
gamma: 0.0005
decay_start_ratio: 0.3
decay_min_factor: 0.05
bandwith_kernel: None
no_interact: False
avg_score: -903.739990234375
median_score: -900.5
std_score: 62.62772750854492
percentiles: 2%=-1056.0400390625, 5%=-1028.4000244140625, 10%=-984.0999755859375, 25%=-935.5, 50%=-900.5, 75%=-858.0, 90%=-835.7999877929688, 95%=-809.6500244140625, 98%=-786.760009765625
ranking_best_algo: CMAL3
ranking_best_score: 928.5800000000002
ranking_my_rank: 66/504 (87.1%)
ranking_my_percent: 87.10317460317461
