ConfigName: krbf__advnormalizedfitness__M3__L10__eps0p025__g0p005__ds0p05__dm0p05
Problem: QUBO
Kernel: rbf
Advantage: normalizedfitness
M: 3
lambda: 10
epsilon_svgd: 0.025
gamma: 0.005
decay_start_ratio: 0.05
decay_min_factor: 0.05
bandwith_kernel: None
no_interact: False
avg_score: -1221.9200439453125
median_score: -1222.5
std_score: 64.71208190917969
percentiles: 2%=-1356.1400146484375, 5%=-1323.300048828125, 10%=-1309.4000244140625, 25%=-1269.0, 50%=-1222.5, 75%=-1180.25, 90%=-1137.699951171875, 95%=-1128.699951171875, 98%=-1117.0
ranking_best_algo: SVMMetaModelLogNormal
ranking_best_score: 1233.7999999999997
ranking_my_rank: 40/504 (92.3%)
ranking_my_percent: 92.26190476190476
