ConfigName: krbf__advnormalizedfitness__M1__L8__eps0p025__g0p01__ds0p15__dm0p3
Problem: QUBO
Kernel: rbf
Advantage: normalizedfitness
M: 1
lambda: 8
epsilon_svgd: 0.025
gamma: 0.01
decay_start_ratio: 0.15
decay_min_factor: 0.3
bandwith_kernel: None
no_interact: False
avg_score: -1150.52001953125
median_score: -1156.0
std_score: 122.31494903564453
percentiles: 2%=-1287.6400146484375, 5%=-1261.1500244140625, 10%=-1237.4000244140625, 25%=-1195.25, 50%=-1156.0, 75%=-1119.0, 90%=-1089.9000244140625, 95%=-1081.900146484375, 98%=-1045.2998046875
ranking_best_algo: Tabu
ranking_best_score: 1216.16
ranking_my_rank: 143/504 (71.8%)
ranking_my_percent: 71.82539682539682
