ConfigName: krbf__advnormalizedfitness__M2__L8__eps0p015__g0p015__ds0p15__dm0p01
Problem: QUBO
Kernel: rbf
Advantage: normalizedfitness
M: 2
lambda: 8
epsilon_svgd: 0.015
gamma: 0.015
decay_start_ratio: 0.15
decay_min_factor: 0.01
bandwith_kernel: None
no_interact: False
avg_score: -916.4600219726562
median_score: -913.5
std_score: 57.160552978515625
percentiles: 2%=-1036.0400390625, 5%=-1012.0499877929688, 10%=-999.2999877929688, 25%=-962.25, 50%=-913.5, 75%=-870.75, 90%=-842.0, 95%=-828.9500122070312, 98%=-818.9600219726562
ranking_best_algo: CMAL3
ranking_best_score: 928.5800000000002
ranking_my_rank: 15/504 (97.2%)
ranking_my_percent: 97.22222222222223
