ConfigName: kjsd__advperagentrankweighted__M4__L24__eps0p02__g0p0007__ds0p2__dm0p05
Problem: QUBO
Kernel: jsd
Advantage: peragentrankweighted
M: 4
lambda: 24
epsilon_svgd: 0.02
gamma: 0.0007
decay_start_ratio: 0.2
decay_min_factor: 0.05
bandwith_kernel: None
no_interact: False
avg_score: -1249.93994140625
median_score: -1248.5
std_score: 53.749568939208984
percentiles: 2%=-1356.0799560546875, 5%=-1329.0, 10%=-1312.0999755859375, 25%=-1291.75, 50%=-1248.5, 75%=-1205.75, 90%=-1178.5999755859375, 95%=-1162.949951171875, 98%=-1150.5799560546875
ranking_best_algo: SVMMetaModelLogNormal
ranking_best_score: 1233.7999999999997
ranking_my_rank: 1/504 (100.0%)
ranking_my_percent: 100.0
