ConfigName: krbf__advnormalizedfitness__M3__L15__eps0p025__g0p005__ds0p15__dm0p3
Problem: QUBO
Kernel: rbf
Advantage: normalizedfitness
M: 3
lambda: 15
epsilon_svgd: 0.025
gamma: 0.005
decay_start_ratio: 0.15
decay_min_factor: 0.3
bandwith_kernel: None
no_interact: False
avg_score: -414.70001220703125
median_score: -419.0
std_score: 28.281265258789062
percentiles: 2%=-473.0799865722656, 5%=-457.5, 10%=-450.20001220703125, 25%=-429.25, 50%=-419.0, 75%=-395.5, 90%=-376.0, 95%=-371.50006103515625, 98%=-361.7999572753906
ranking_best_algo: Tabu
ranking_best_score: 438.12
ranking_my_rank: 51/504 (90.1%)
ranking_my_percent: 90.07936507936508
