ConfigName: krbf__advnormalizedfitness__M3__L15__eps0p025__g0p007__ds0p01__dm0p3
Problem: NK
Kernel: rbf
Advantage: normalizedfitness
M: 3
lambda: 15
epsilon_svgd: 0.025
gamma: 0.007
decay_start_ratio: 0.01
decay_min_factor: 0.3
bandwith_kernel: None
no_interact: False
avg_score: 0.7291545867919922
median_score: 0.7298041582107544
std_score: 0.017468992620706558
percentiles: 2%=0.6923955082893372, 5%=0.7024232745170593, 10%=0.7118864059448242, 25%=0.7162794470787048, 50%=0.7298041582107544, 75%=0.7401127815246582, 90%=0.7481513023376465, 95%=0.7589846849441528, 98%=0.7674509286880493
ranking_best_algo: Tabu
ranking_best_score: 0.7601875690625
ranking_my_rank: 53/504 (89.7%)
ranking_my_percent: 89.68253968253968
