ConfigName: krbf__advnormalizedfitness__M4__L10__eps0p015__g0p007__ds0p01__dm0p01
Problem: NK
Kernel: rbf
Advantage: normalizedfitness
M: 4
lambda: 10
epsilon_svgd: 0.015
gamma: 0.007
decay_start_ratio: 0.01
decay_min_factor: 0.01
bandwith_kernel: None
no_interact: False
avg_score: 0.7363651394844055
median_score: 0.7374299764633179
std_score: 0.00877906009554863
percentiles: 2%=0.7185276746749878, 5%=0.7213306427001953, 10%=0.7232566475868225, 25%=0.7298789620399475, 50%=0.7374299764633179, 75%=0.7420353293418884, 90%=0.7461855411529541, 95%=0.7491195797920227, 98%=0.7526629567146301
ranking_best_algo: PBIL
ranking_best_score: 0.730509098125
ranking_my_rank: 1/504 (100.0%)
ranking_my_percent: 100.0
