ConfigName: krbf__advnormalizedfitness__M4__L15__eps0p033__g0p015__ds0p15__dm0p3
Problem: QUBO
Kernel: rbf
Advantage: normalizedfitness
M: 4
lambda: 15
epsilon_svgd: 0.033
gamma: 0.015
decay_start_ratio: 0.15
decay_min_factor: 0.3
bandwith_kernel: None
no_interact: False
avg_score: -175.02000427246094
median_score: -173.5
std_score: 17.213937759399414
percentiles: 2%=-212.1199951171875, 5%=-202.3000030517578, 10%=-193.0, 25%=-187.0, 50%=-173.5, 75%=-164.75, 90%=-152.89999389648438, 95%=-148.90000915527344, 98%=-139.97999572753906
ranking_best_algo: Tabu
ranking_best_score: 208.36000000000004
ranking_my_rank: 324/504 (35.9%)
ranking_my_percent: 35.91269841269841
