ConfigName: krbf__advnormalizedfitness__M3__L8__eps0p025__g0p01__ds0p15__dm0p01
Problem: NK
Kernel: rbf
Advantage: normalizedfitness
M: 3
lambda: 8
epsilon_svgd: 0.025
gamma: 0.01
decay_start_ratio: 0.15
decay_min_factor: 0.01
bandwith_kernel: None
no_interact: False
avg_score: 0.7591660022735596
median_score: 0.7597271203994751
std_score: 0.012467706575989723
percentiles: 2%=0.7374219298362732, 5%=0.7384986877441406, 10%=0.742874026298523, 25%=0.7497613430023193, 50%=0.7597271203994751, 75%=0.7692686319351196, 90%=0.7745457291603088, 95%=0.7791626453399658, 98%=0.7816778421401978
ranking_best_algo: Tabu
ranking_best_score: 0.7470791764843752
ranking_my_rank: 1/504 (100.0%)
ranking_my_percent: 100.0
