ConfigName: kjsd__advperagentrankweighted__M3__L16__eps0p007__g0p0007__ds0p2__dm0p2
Problem: NK
Kernel: jsd
Advantage: peragentrankweighted
M: 3
lambda: 16
epsilon_svgd: 0.007
gamma: 0.0007
decay_start_ratio: 0.2
decay_min_factor: 0.2
bandwith_kernel: None
no_interact: False
avg_score: 0.7344017624855042
median_score: 0.7355836033821106
std_score: 0.00953670684248209
percentiles: 2%=0.7146671414375305, 5%=0.7159310579299927, 10%=0.7197933197021484, 25%=0.7290321588516235, 50%=0.7355836033821106, 75%=0.7415793538093567, 90%=0.7454748749732971, 95%=0.7484949827194214, 98%=0.7497767210006714
ranking_best_algo: PBIL
ranking_best_score: 0.7248786399609374
ranking_my_rank: 1/504 (100.0%)
ranking_my_percent: 100.0
