ConfigName: kjsd__advperagentrankweighted__M3__L24__eps0p005__g0p0005__ds0p2__dm0p2
Problem: QUBO
Kernel: jsd
Advantage: peragentrankweighted
M: 3
lambda: 24
epsilon_svgd: 0.005
gamma: 0.0005
decay_start_ratio: 0.2
decay_min_factor: 0.2
bandwith_kernel: None
no_interact: False
avg_score: -2578.06005859375
median_score: -2582.5
std_score: 123.08223724365234
percentiles: 2%=-2807.139892578125, 5%=-2784.39990234375, 10%=-2740.89990234375, 25%=-2648.25, 50%=-2582.5, 75%=-2485.5, 90%=-2430.10009765625, 95%=-2383.800048828125, 98%=-2325.97998046875
ranking_best_algo: SVM1MetaModelLogNormal
ranking_best_score: 2605.14
ranking_my_rank: 14/504 (97.4%)
ranking_my_percent: 97.42063492063492
