ConfigName: krbf__advnormalizedfitness__M4__L24__eps0p03__g0p01__ds0p05__dm0p05
Problem: QUBO
Kernel: rbf
Advantage: normalizedfitness
M: 4
lambda: 24
epsilon_svgd: 0.03
gamma: 0.01
decay_start_ratio: 0.05
decay_min_factor: 0.05
bandwith_kernel: None
no_interact: False
avg_score: -929.0599975585938
median_score: -918.5
std_score: 96.36833953857422
percentiles: 2%=-1113.5400390625, 5%=-1096.1500244140625, 10%=-1055.4000244140625, 25%=-1004.75, 50%=-918.5, 75%=-856.25, 90%=-811.4000244140625, 95%=-777.0, 98%=-768.8599853515625
ranking_best_algo: BigLognormalDiscreteOnePlusOne
ranking_best_score: 1301.3600000000004
ranking_my_rank: 313/504 (38.1%)
ranking_my_percent: 38.095238095238095
