ConfigName: kjsd__advperagentrankweighted__M5__L24__eps0p03__g0p0007__ds0p05__dm0p05
Problem: NK
Kernel: jsd
Advantage: peragentrankweighted
M: 5
lambda: 24
epsilon_svgd: 0.03
gamma: 0.0007
decay_start_ratio: 0.05
decay_min_factor: 0.05
bandwith_kernel: None
no_interact: False
avg_score: 0.7158564925193787
median_score: 0.7143024206161499
std_score: 0.006748463027179241
percentiles: 2%=0.7050187587738037, 5%=0.7075550556182861, 10%=0.7087357044219971, 25%=0.7112158536911011, 50%=0.7143024206161499, 75%=0.7199388742446899, 90%=0.7273088693618774, 95%=0.7291415929794312, 98%=0.7303267121315002
ranking_best_algo: PBIL
ranking_best_score: 0.7170882103515624
ranking_my_rank: 13/504 (97.6%)
ranking_my_percent: 97.61904761904762
