ConfigName: kjsd__advperagentrankweighted__M5__L24__eps0p02__g0p0003__ds0p2__dm0p05
Problem: QUBO
Kernel: jsd
Advantage: peragentrankweighted
M: 5
lambda: 24
epsilon_svgd: 0.02
gamma: 0.0003
decay_start_ratio: 0.2
decay_min_factor: 0.05
bandwith_kernel: None
no_interact: False
avg_score: -577.3200073242188
median_score: -573.0
std_score: 25.5596866607666
percentiles: 2%=-635.0800170898438, 5%=-623.0499877929688, 10%=-611.0, 25%=-593.25, 50%=-573.0, 75%=-564.0, 90%=-546.7999877929688, 95%=-537.6500244140625, 98%=-526.97998046875
ranking_best_algo: Tabu
ranking_best_score: 588.7199999999999
ranking_my_rank: 46/503 (91.1%)
ranking_my_percent: 91.05367793240556
