ConfigName: kjsd__advperagentrankweighted__M3__L16__eps0p01__g0p001__ds0p05__dm0p2
Problem: QUBO
Kernel: jsd
Advantage: peragentrankweighted
M: 3
lambda: 16
epsilon_svgd: 0.01
gamma: 0.001
decay_start_ratio: 0.05
decay_min_factor: 0.2
bandwith_kernel: None
no_interact: False
avg_score: -425.32000732421875
median_score: -428.0
std_score: 30.263137817382812
percentiles: 2%=-479.0400085449219, 5%=-477.1000061035156, 10%=-465.20001220703125, 25%=-445.0, 50%=-428.0, 75%=-408.75, 90%=-386.79998779296875, 95%=-373.8500061035156, 98%=-364.0
ranking_best_algo: CMAL3
ranking_best_score: 435.36
ranking_my_rank: 28/504 (94.6%)
ranking_my_percent: 94.64285714285714
