ConfigName: kjsd__advperagentrankweighted__M6__L10__eps0p005__g0p0005__ds0p05__dm0p05
Problem: NK
Kernel: jsd
Advantage: peragentrankweighted
M: 6
lambda: 10
epsilon_svgd: 0.005
gamma: 0.0005
decay_start_ratio: 0.05
decay_min_factor: 0.05
bandwith_kernel: None
no_interact: False
avg_score: 0.7574719786643982
median_score: 0.7578221559524536
std_score: 0.012732411734759808
percentiles: 2%=0.7312718033790588, 5%=0.7372503280639648, 10%=0.739567220211029, 25%=0.7492964267730713, 50%=0.7578221559524536, 75%=0.7655176520347595, 90%=0.7722409963607788, 95%=0.7796298265457153, 98%=0.781578540802002
ranking_best_algo: Tabu
ranking_best_score: 0.7657846284375001
ranking_my_rank: 2/504 (99.8%)
ranking_my_percent: 99.8015873015873
