ConfigName: kjsd__advperagentrankweighted__M4__L8__eps0p03__g0p0005__ds0p05__dm0p05
Problem: NK
Kernel: jsd
Advantage: peragentrankweighted
M: 4
lambda: 8
epsilon_svgd: 0.03
gamma: 0.0005
decay_start_ratio: 0.05
decay_min_factor: 0.05
bandwith_kernel: None
no_interact: False
avg_score: 0.7340088486671448
median_score: 0.7315148711204529
std_score: 0.028666524216532707
percentiles: 2%=0.6835276484489441, 5%=0.6916521191596985, 10%=0.7017285823822021, 25%=0.7161763906478882, 50%=0.7315148711204529, 75%=0.7441352605819702, 90%=0.7741467952728271, 95%=0.7975707054138184, 98%=0.8044298887252808
ranking_best_algo: CMApara
ranking_best_score: 0.7459277895312499
ranking_my_rank: 106/504 (79.2%)
ranking_my_percent: 79.16666666666667
