ConfigName: kjsd__advperagentrankweighted__M4__L10__eps0p01__g0p0003__ds0p05__dm0p05
Problem: NK
Kernel: jsd
Advantage: peragentrankweighted
M: 4
lambda: 10
epsilon_svgd: 0.01
gamma: 0.0003
decay_start_ratio: 0.05
decay_min_factor: 0.05
bandwith_kernel: None
no_interact: False
avg_score: 0.7075262665748596
median_score: 0.7094689607620239
std_score: 0.015524659305810928
percentiles: 2%=0.6685194969177246, 5%=0.668785810470581, 10%=0.6924538016319275, 25%=0.7035599946975708, 50%=0.7094689607620239, 75%=0.7166191935539246, 90%=0.7248814105987549, 95%=0.7303018569946289, 98%=0.7312163710594177
ranking_best_algo: CMApara
ranking_best_score: 0.707475975
ranking_my_rank: 1/504 (100.0%)
ranking_my_percent: 100.0
