ConfigName: krbf__advnormalizedfitness__M4__L10__eps0p025__g0p01__ds0p3__dm0p3
Problem: NK
Kernel: rbf
Advantage: normalizedfitness
M: 4
lambda: 10
epsilon_svgd: 0.025
gamma: 0.01
decay_start_ratio: 0.3
decay_min_factor: 0.3
bandwith_kernel: None
no_interact: False
avg_score: 0.7437376976013184
median_score: 0.7448759078979492
std_score: 0.017226897180080414
percentiles: 2%=0.7104471325874329, 5%=0.7139231562614441, 10%=0.7174120545387268, 25%=0.7328983545303345, 50%=0.7448759078979492, 75%=0.75743567943573, 90%=0.7659260630607605, 95%=0.7693681120872498, 98%=0.7709951996803284
ranking_best_algo: Tabu
ranking_best_score: 0.7657846284375001
ranking_my_rank: 52/504 (89.9%)
ranking_my_percent: 89.88095238095238
