ConfigName: kjsd__advperagentrankweighted__M3__L18__eps0p007__g0p003__ds0p2__dm0p05
Problem: NK
Kernel: jsd
Advantage: peragentrankweighted
M: 3
lambda: 18
epsilon_svgd: 0.007
gamma: 0.003
decay_start_ratio: 0.2
decay_min_factor: 0.05
bandwith_kernel: None
no_interact: False
avg_score: 0.7530645728111267
median_score: 0.7540208697319031
std_score: 0.012334173545241356
percentiles: 2%=0.7296962141990662, 5%=0.7315792441368103, 10%=0.7375714182853699, 25%=0.743449330329895, 50%=0.7540208697319031, 75%=0.7624019384384155, 90%=0.7673659324645996, 95%=0.7689490914344788, 98%=0.7776007056236267
ranking_best_algo: Tabu
ranking_best_score: 0.7657846284375001
ranking_my_rank: 9/504 (98.4%)
ranking_my_percent: 98.41269841269842
