ConfigName: kjsd__advperagentrankweighted__M4__L12__eps0p01__g0p0003__ds0p4__dm0p05
Problem: QUBO
Kernel: jsd
Advantage: peragentrankweighted
M: 4
lambda: 12
epsilon_svgd: 0.01
gamma: 0.0003
decay_start_ratio: 0.4
decay_min_factor: 0.05
bandwith_kernel: None
no_interact: False
avg_score: -423.1199951171875
median_score: -425.0
std_score: 26.82136344909668
percentiles: 2%=-477.0400085449219, 5%=-469.1000061035156, 10%=-459.0, 25%=-440.25, 50%=-425.0, 75%=-403.0, 90%=-392.70001220703125, 95%=-379.95001220703125, 98%=-366.0
ranking_best_algo: CMAL3
ranking_best_score: 435.36
ranking_my_rank: 33/504 (93.7%)
ranking_my_percent: 93.65079365079364
