ConfigName: kfr__advglobalrankweighted__M4__L15__eps0p015__g0p005__ds0p01__dm0p01
Problem: QUBO
Kernel: fr
Advantage: globalrankweighted
M: 4
lambda: 15
epsilon_svgd: 0.015
gamma: 0.005
decay_start_ratio: 0.01
decay_min_factor: 0.01
bandwith_kernel: None
no_interact: False
avg_score: -424.3999938964844
median_score: -424.0
std_score: 27.014070510864258
percentiles: 2%=-477.0, 5%=-467.0, 10%=-459.20001220703125, 25%=-445.0, 50%=-424.0, 75%=-407.0, 90%=-391.0, 95%=-384.550048828125, 98%=-366.0
ranking_best_algo: CMAL3
ranking_best_score: 435.36
ranking_my_rank: 30/504 (94.2%)
ranking_my_percent: 94.24603174603175
