ConfigName: kjsd__advperagentrankweighted__M3__L18__eps0p005__g0p003__ds0p2__dm0p2
Problem: QUBO
Kernel: jsd
Advantage: peragentrankweighted
M: 3
lambda: 18
epsilon_svgd: 0.005
gamma: 0.003
decay_start_ratio: 0.2
decay_min_factor: 0.2
bandwith_kernel: None
no_interact: False
avg_score: -303.2799987792969
median_score: -305.0
std_score: 40.80541229248047
percentiles: 2%=-386.0400085449219, 5%=-380.1000061035156, 10%=-356.0, 25%=-330.0, 50%=-305.0, 75%=-268.0, 90%=-254.8000030517578, 95%=-244.89999389648438, 98%=-240.89999389648438
ranking_best_algo: CMApara
ranking_best_score: 319.29999999999995
ranking_my_rank: 188/504 (62.9%)
ranking_my_percent: 62.8968253968254
