ConfigName: kfr__advglobalrankweighted__M4__L9__eps0p015__g0p007__ds0p01__dm0p01
Problem: QUBO
Kernel: fr
Advantage: globalrankweighted
M: 4
lambda: 9
epsilon_svgd: 0.015
gamma: 0.007
decay_start_ratio: 0.01
decay_min_factor: 0.01
bandwith_kernel: None
no_interact: False
avg_score: -1195.5999755859375
median_score: -1180.0
std_score: 71.07137298583984
percentiles: 2%=-1355.0799560546875, 5%=-1331.5, 10%=-1297.5, 25%=-1245.25, 50%=-1180.0, 75%=-1145.5, 90%=-1114.5999755859375, 95%=-1098.949951171875, 98%=-1095.8800048828125
ranking_best_algo: Tabu
ranking_best_score: 1216.16
ranking_my_rank: 48/504 (90.7%)
ranking_my_percent: 90.67460317460318
