ConfigName: krbf__advnormalizedfitness__M3__L10__eps0p033__g0p007__ds0p15__dm0p3
Problem: NK
Kernel: rbf
Advantage: normalizedfitness
M: 3
lambda: 10
epsilon_svgd: 0.033
gamma: 0.007
decay_start_ratio: 0.15
decay_min_factor: 0.3
bandwith_kernel: None
no_interact: False
avg_score: 0.7103389501571655
median_score: 0.7114543914794922
std_score: 0.01516319252550602
percentiles: 2%=0.6720242500305176, 5%=0.6737103462219238, 10%=0.6963406801223755, 25%=0.7067534923553467, 50%=0.7114543914794922, 75%=0.7197945713996887, 90%=0.7254820466041565, 95%=0.7324705123901367, 98%=0.7331076860427856
ranking_best_algo: CMApara
ranking_best_score: 0.707475975
ranking_my_rank: 1/504 (100.0%)
ranking_my_percent: 100.0
