ConfigName: krbf__advnormalizedfitness__M3__L8__eps0p03__g0p01__ds0p15__dm0p05
Problem: QUBO
Kernel: rbf
Advantage: normalizedfitness
M: 3
lambda: 8
epsilon_svgd: 0.03
gamma: 0.01
decay_start_ratio: 0.15
decay_min_factor: 0.05
bandwith_kernel: None
no_interact: False
avg_score: -414.260009765625
median_score: -416.0
std_score: 25.29767417907715
percentiles: 2%=-457.0799865722656, 5%=-454.04998779296875, 10%=-448.1000061035156, 25%=-430.0, 50%=-416.0, 75%=-397.75, 90%=-378.0, 95%=-371.8999938964844, 98%=-366.0
ranking_best_algo: Tabu
ranking_best_score: 438.12
ranking_my_rank: 57/504 (88.9%)
ranking_my_percent: 88.88888888888889
