ConfigName: kjsd__advperagentrankweighted__M3__L16__eps0p007__g0p0005__ds0p05__dm0p1
Problem: NK
Kernel: jsd
Advantage: peragentrankweighted
M: 3
lambda: 16
epsilon_svgd: 0.007
gamma: 0.0005
decay_start_ratio: 0.05
decay_min_factor: 0.1
bandwith_kernel: None
no_interact: False
avg_score: 0.7348273396492004
median_score: 0.7365517020225525
std_score: 0.008734586648643017
percentiles: 2%=0.7157840728759766, 5%=0.7189001441001892, 10%=0.7223805785179138, 25%=0.7288297414779663, 50%=0.7365517020225525, 75%=0.7402235865592957, 90%=0.7446773052215576, 95%=0.7456578612327576, 98%=0.7491503357887268
ranking_best_algo: PBIL
ranking_best_score: 0.730509098125
ranking_my_rank: 1/504 (100.0%)
ranking_my_percent: 100.0
