ConfigName: kjsd__advperagentrankweighted__M3__L16__eps0p01__g0p0007__ds0p2__dm0p05
Problem: QUBO
Kernel: jsd
Advantage: peragentrankweighted
M: 3
lambda: 16
epsilon_svgd: 0.01
gamma: 0.0007
decay_start_ratio: 0.2
decay_min_factor: 0.05
bandwith_kernel: None
no_interact: False
avg_score: -410.6600036621094
median_score: -411.5
std_score: 28.07640266418457
percentiles: 2%=-461.20001220703125, 5%=-452.0, 10%=-446.29998779296875, 25%=-428.25, 50%=-411.5, 75%=-392.0, 90%=-375.3999938964844, 95%=-363.79998779296875, 98%=-352.0
ranking_best_algo: Tabu
ranking_best_score: 438.12
ranking_my_rank: 86/504 (83.1%)
ranking_my_percent: 83.13492063492063
