ConfigName: kjsd__advperagentrankweighted__M3__L16__eps0p007__g0p001__ds0p05__dm0p2
Problem: NK
Kernel: jsd
Advantage: peragentrankweighted
M: 3
lambda: 16
epsilon_svgd: 0.007
gamma: 0.001
decay_start_ratio: 0.05
decay_min_factor: 0.2
bandwith_kernel: None
no_interact: False
avg_score: 0.7182112336158752
median_score: 0.7172733545303345
std_score: 0.008697686716914177
percentiles: 2%=0.6992831230163574, 5%=0.7050837874412537, 10%=0.7075429558753967, 25%=0.7124388813972473, 50%=0.7172733545303345, 75%=0.7238556146621704, 90%=0.7299169898033142, 95%=0.7325398921966553, 98%=0.7361124753952026
ranking_best_algo: PBIL
ranking_best_score: 0.7170882103515624
ranking_my_rank: 1/504 (100.0%)
ranking_my_percent: 100.0
