ConfigName: kjsd__advperagentrankweighted__M4__L12__eps0p01__g0p0007__ds0p2__dm0p05
Problem: QUBO
Kernel: jsd
Advantage: peragentrankweighted
M: 4
lambda: 12
epsilon_svgd: 0.01
gamma: 0.0007
decay_start_ratio: 0.2
decay_min_factor: 0.05
bandwith_kernel: None
no_interact: False
avg_score: -2610.139892578125
median_score: -2600.0
std_score: 121.17186737060547
percentiles: 2%=-2839.0400390625, 5%=-2798.5, 10%=-2774.0, 25%=-2716.5, 50%=-2600.0, 75%=-2504.25, 90%=-2461.800048828125, 95%=-2433.39990234375, 98%=-2383.860107421875
ranking_best_algo: SVM1MetaModelLogNormal
ranking_best_score: 2605.14
ranking_my_rank: 1/504 (100.0%)
ranking_my_percent: 100.0
