ConfigName: kjsd__advperagentrankweighted__M5__L8__eps0p03__g0p0005__ds0p2__dm0p05
Problem: QUBO
Kernel: jsd
Advantage: peragentrankweighted
M: 5
lambda: 8
epsilon_svgd: 0.03
gamma: 0.0005
decay_start_ratio: 0.2
decay_min_factor: 0.05
bandwith_kernel: None
no_interact: False
avg_score: -3176.679931640625
median_score: -3182.5
std_score: 118.39720153808594
percentiles: 2%=-3448.159912109375, 5%=-3377.550048828125, 10%=-3312.39990234375, 25%=-3257.0, 50%=-3182.5, 75%=-3095.25, 90%=-3031.39990234375, 95%=-2998.699951171875, 98%=-2975.860107421875
ranking_best_algo: RLSOnePlusOne
ranking_best_score: 3316.5199999999995
ranking_my_rank: 60/504 (88.3%)
ranking_my_percent: 88.2936507936508
