ConfigName: krbf__advnormalizedfitness__M2__L6__eps0p01__g0p01__ds0p3__dm0p3
Problem: NK
Kernel: rbf
Advantage: normalizedfitness
M: 2
lambda: 6
epsilon_svgd: 0.01
gamma: 0.01
decay_start_ratio: 0.3
decay_min_factor: 0.3
bandwith_kernel: None
no_interact: False
avg_score: 0.7101355791091919
median_score: 0.711363673210144
std_score: 0.015502281486988068
percentiles: 2%=0.670494556427002, 5%=0.6729753017425537, 10%=0.6919875741004944, 25%=0.7070450186729431, 50%=0.711363673210144, 75%=0.7187972068786621, 90%=0.7254477739334106, 95%=0.7326390147209167, 98%=0.7332284450531006
ranking_best_algo: CMApara
ranking_best_score: 0.707475975
ranking_my_rank: 1/504 (100.0%)
ranking_my_percent: 100.0
