ConfigName: kjsd__advperagentrankweighted__M6__L8__eps0p03__g0p0007__ds0p05__dm0p05
Problem: NK
Kernel: jsd
Advantage: peragentrankweighted
M: 6
lambda: 8
epsilon_svgd: 0.03
gamma: 0.0007
decay_start_ratio: 0.05
decay_min_factor: 0.05
bandwith_kernel: None
no_interact: False
avg_score: 0.7462338209152222
median_score: 0.746479868888855
std_score: 0.01143712643533945
percentiles: 2%=0.7249126434326172, 5%=0.7272117733955383, 10%=0.7304321527481079, 25%=0.7383936643600464, 50%=0.746479868888855, 75%=0.7523507475852966, 90%=0.7624833583831787, 95%=0.7655194997787476, 98%=0.7704299092292786
ranking_best_algo: Tabu
ranking_best_score: 0.7470791764843752
ranking_my_rank: 3/504 (99.6%)
ranking_my_percent: 99.60317460317461
