ConfigName: kjsd__advperagentrankweighted__M3__L16__eps0p01__g0p001__ds0p05__dm0p2
Problem: QUBO
Kernel: jsd
Advantage: peragentrankweighted
M: 3
lambda: 16
epsilon_svgd: 0.01
gamma: 0.001
decay_start_ratio: 0.05
decay_min_factor: 0.2
bandwith_kernel: None
no_interact: False
avg_score: -440.5400085449219
median_score: -441.5
std_score: 27.74506378173828
percentiles: 2%=-485.1000061035156, 5%=-481.20001220703125, 10%=-472.0, 25%=-463.0, 50%=-441.5, 75%=-417.0, 90%=-401.8999938964844, 95%=-396.95001220703125, 98%=-389.9200134277344
ranking_best_algo: CMApara
ranking_best_score: 453.82
ranking_my_rank: 14/504 (97.4%)
ranking_my_percent: 97.42063492063492
