ConfigName: kfr__advglobalrankweighted__M1__L7__eps0p015__g0p005__ds0p01__dm0p01
Problem: QUBO
Kernel: fr
Advantage: globalrankweighted
M: 1
lambda: 7
epsilon_svgd: 0.015
gamma: 0.005
decay_start_ratio: 0.01
decay_min_factor: 0.01
bandwith_kernel: None
no_interact: False
avg_score: -890.1199951171875
median_score: -892.5
std_score: 77.48190307617188
percentiles: 2%=-1042.4599609375, 5%=-1008.8499755859375, 10%=-990.2999877929688, 25%=-941.25, 50%=-892.5, 75%=-845.75, 90%=-776.7999877929688, 95%=-748.9000244140625, 98%=-739.8999633789062
ranking_best_algo: CMApara
ranking_best_score: 964.9
ranking_my_rank: 190/504 (62.5%)
ranking_my_percent: 62.5
