ConfigName: kjsd__advperagentrankweighted__M5__L12__eps0p005__g0p0005__ds0p05__dm0p05
Problem: QUBO
Kernel: jsd
Advantage: peragentrankweighted
M: 5
lambda: 12
epsilon_svgd: 0.005
gamma: 0.0005
decay_start_ratio: 0.05
decay_min_factor: 0.05
bandwith_kernel: None
no_interact: False
avg_score: -445.4800109863281
median_score: -443.5
std_score: 25.1970157623291
percentiles: 2%=-492.0400085449219, 5%=-481.0, 10%=-477.0, 25%=-467.0, 50%=-443.5, 75%=-429.75, 90%=-413.0, 95%=-405.70001220703125, 98%=-388.9200134277344
ranking_best_algo: CMApara
ranking_best_score: 453.82
ranking_my_rank: 3/504 (99.6%)
ranking_my_percent: 99.60317460317461
