ConfigName: kjsd__advperagentrankweighted__M3__L18__eps0p01__g0p0005__ds0p2__dm0p2
Problem: QUBO
Kernel: jsd
Advantage: peragentrankweighted
M: 3
lambda: 18
epsilon_svgd: 0.01
gamma: 0.0005
decay_start_ratio: 0.2
decay_min_factor: 0.2
bandwith_kernel: None
no_interact: False
avg_score: -3274.02001953125
median_score: -3289.5
std_score: 117.40425872802734
percentiles: 2%=-3513.5400390625, 5%=-3468.300048828125, 10%=-3402.300048828125, 25%=-3367.0, 50%=-3289.5, 75%=-3191.75, 90%=-3120.0, 95%=-3075.89990234375, 98%=-3045.56005859375
ranking_best_algo: RLSOnePlusOne
ranking_best_score: 3316.5199999999995
ranking_my_rank: 12/504 (97.8%)
ranking_my_percent: 97.81746031746032
