ConfigName: krbf__advnormalizedfitness__M3__L12__eps0p033__g0p01__ds0p15__dm0p01
Problem: NK
Kernel: rbf
Advantage: normalizedfitness
M: 3
lambda: 12
epsilon_svgd: 0.033
gamma: 0.01
decay_start_ratio: 0.15
decay_min_factor: 0.01
bandwith_kernel: None
no_interact: False
avg_score: 0.7244455218315125
median_score: 0.725333571434021
std_score: 0.01346231997013092
percentiles: 2%=0.6957300305366516, 5%=0.7005466818809509, 10%=0.7071681618690491, 25%=0.7158918380737305, 50%=0.725333571434021, 75%=0.7332329750061035, 90%=0.7401092648506165, 95%=0.7455117702484131, 98%=0.75261390209198
ranking_best_algo: Tabu
ranking_best_score: 0.7429702712499999
ranking_my_rank: 4/504 (99.4%)
ranking_my_percent: 99.4047619047619
