ConfigName: krbf__advnormalizedfitness__M4__L15__eps0p03__g0p01__ds0p15__dm0p05
Problem: QUBO
Kernel: rbf
Advantage: normalizedfitness
M: 4
lambda: 15
epsilon_svgd: 0.03
gamma: 0.01
decay_start_ratio: 0.15
decay_min_factor: 0.05
bandwith_kernel: None
no_interact: False
avg_score: -150.6999969482422
median_score: -153.5
std_score: 12.917817115783691
percentiles: 2%=-179.0, 5%=-179.0, 10%=-164.0, 25%=-158.0, 50%=-153.5, 75%=-141.0, 90%=-136.0, 95%=-134.8000030517578, 98%=-122.95999908447266
ranking_best_algo: CMApara
ranking_best_score: 154.28
ranking_my_rank: 75/504 (85.3%)
ranking_my_percent: 85.31746031746032
