ConfigName: krbf__advnormalizedfitness__M3__L12__eps0p015__g0p015__ds0p15__dm0p01
Problem: NK
Kernel: rbf
Advantage: normalizedfitness
M: 3
lambda: 12
epsilon_svgd: 0.015
gamma: 0.015
decay_start_ratio: 0.15
decay_min_factor: 0.01
bandwith_kernel: None
no_interact: False
avg_score: 0.7486834526062012
median_score: 0.7526232004165649
std_score: 0.015368244610726833
percentiles: 2%=0.7147703170776367, 5%=0.7189822196960449, 10%=0.7280184030532837, 25%=0.7387164831161499, 50%=0.7526232004165649, 75%=0.760483980178833, 90%=0.7659581899642944, 95%=0.7683004140853882, 98%=0.7706770300865173
ranking_best_algo: Tabu
ranking_best_score: 0.7657846284375001
ranking_my_rank: 30/504 (94.2%)
ranking_my_percent: 94.24603174603175
