ConfigName: kfr__advglobalrankweighted__M3__L9__eps0p01__g0p007__ds0p01__dm0p01
Problem: QUBO
Kernel: fr
Advantage: globalrankweighted
M: 3
lambda: 9
epsilon_svgd: 0.01
gamma: 0.007
decay_start_ratio: 0.01
decay_min_factor: 0.01
bandwith_kernel: None
no_interact: False
avg_score: -310.32000732421875
median_score: -311.0
std_score: 38.776512145996094
percentiles: 2%=-394.0400085449219, 5%=-386.29998779296875, 10%=-357.5999755859375, 25%=-334.5, 50%=-311.0, 75%=-276.0, 90%=-267.8999938964844, 95%=-264.95001220703125, 98%=-255.55990600585938
ranking_best_algo: CMApara
ranking_best_score: 319.29999999999995
ranking_my_rank: 62/504 (87.9%)
ranking_my_percent: 87.89682539682539
