ConfigName: kjsd__advperagentrankweighted__M4__L30__eps0p005__g0p0003__ds0p4__dm0p05
Problem: NK
Kernel: jsd
Advantage: peragentrankweighted
M: 4
lambda: 30
epsilon_svgd: 0.005
gamma: 0.0003
decay_start_ratio: 0.4
decay_min_factor: 0.05
bandwith_kernel: None
no_interact: False
avg_score: 0.7470337152481079
median_score: 0.7473409175872803
std_score: 0.010270478203892708
percentiles: 2%=0.726114809513092, 5%=0.7305130958557129, 10%=0.7326710224151611, 25%=0.7405564188957214, 50%=0.7473409175872803, 75%=0.7528762817382812, 90%=0.7609221339225769, 95%=0.7629095911979675, 98%=0.7677916288375854
ranking_best_algo: PBIL
ranking_best_score: 0.733570253046875
ranking_my_rank: 1/504 (100.0%)
ranking_my_percent: 100.0
