ConfigName: krbf__advnormalizedfitness__M4__L10__eps0p025__g0p015__ds0p01__dm0p3
Problem: QUBO
Kernel: rbf
Advantage: normalizedfitness
M: 4
lambda: 10
epsilon_svgd: 0.025
gamma: 0.015
decay_start_ratio: 0.01
decay_min_factor: 0.3
bandwith_kernel: None
no_interact: False
avg_score: -769.7000122070312
median_score: -771.0
std_score: 82.9877700805664
percentiles: 2%=-929.239990234375, 5%=-909.2000122070312, 10%=-884.5, 25%=-825.75, 50%=-771.0, 75%=-715.0, 90%=-660.2999877929688, 95%=-631.8500366210938, 98%=-608.8999633789062
ranking_best_algo: SVMMetaModelLogNormal
ranking_best_score: 1233.7999999999997
ranking_my_rank: 328/504 (35.1%)
ranking_my_percent: 35.11904761904762
