ConfigName: kjsd__advperagentrankweighted__M3__L18__eps0p01__g0p0007__ds0p1__dm0p1
Problem: NK
Kernel: jsd
Advantage: peragentrankweighted
M: 3
lambda: 18
epsilon_svgd: 0.01
gamma: 0.0007
decay_start_ratio: 0.1
decay_min_factor: 0.1
bandwith_kernel: None
no_interact: False
avg_score: 0.7398649454116821
median_score: 0.7382484674453735
std_score: 0.013318306766450405
percentiles: 2%=0.7181670069694519, 5%=0.7198000550270081, 10%=0.7223499417304993, 25%=0.7313988208770752, 50%=0.7382484674453735, 75%=0.7489807605743408, 90%=0.7550416588783264, 95%=0.7608268857002258, 98%=0.7700780630111694
ranking_best_algo: Tabu
ranking_best_score: 0.7601875690625
ranking_my_rank: 15/504 (97.2%)
ranking_my_percent: 97.22222222222223
