ConfigName: kjsd__advperagentrankweighted__M5__L8__eps0p01__g0p0005__ds0p2__dm0p2
Problem: QUBO
Kernel: jsd
Advantage: peragentrankweighted
M: 5
lambda: 8
epsilon_svgd: 0.01
gamma: 0.0005
decay_start_ratio: 0.2
decay_min_factor: 0.2
bandwith_kernel: None
no_interact: False
avg_score: -442.1600036621094
median_score: -446.0
std_score: 26.84649658203125
percentiles: 2%=-490.0400085449219, 5%=-485.1499938964844, 10%=-479.20001220703125, 25%=-460.75, 50%=-446.0, 75%=-421.0, 90%=-405.8999938964844, 95%=-400.95001220703125, 98%=-395.79998779296875
ranking_best_algo: CMApara
ranking_best_score: 453.82
ranking_my_rank: 9/504 (98.4%)
ranking_my_percent: 98.41269841269842
