ConfigName: krbf__advnormalizedfitness__M3__L15__eps0p03__g0p005__ds0p15__dm0p05
Problem: NK
Kernel: rbf
Advantage: normalizedfitness
M: 3
lambda: 15
epsilon_svgd: 0.03
gamma: 0.005
decay_start_ratio: 0.15
decay_min_factor: 0.05
bandwith_kernel: None
no_interact: False
avg_score: 0.7577434778213501
median_score: 0.7571525573730469
std_score: 0.01116989180445671
percentiles: 2%=0.7341316342353821, 5%=0.7411547303199768, 10%=0.7429656982421875, 25%=0.7515006065368652, 50%=0.7571525573730469, 75%=0.7661299705505371, 90%=0.7735116481781006, 95%=0.7773191928863525, 98%=0.7789516448974609
ranking_best_algo: Tabu
ranking_best_score: 0.7470791764843752
ranking_my_rank: 1/504 (100.0%)
ranking_my_percent: 100.0
