ConfigName: kjsd__advperagentrankweighted__M4__L30__eps0p005__g0p0007__ds0p05__dm0p05
Problem: NK
Kernel: jsd
Advantage: peragentrankweighted
M: 4
lambda: 30
epsilon_svgd: 0.005
gamma: 0.0007
decay_start_ratio: 0.05
decay_min_factor: 0.05
bandwith_kernel: None
no_interact: False
avg_score: 0.7069770693778992
median_score: 0.7085257768630981
std_score: 0.011902233585715294
percentiles: 2%=0.6876141428947449, 5%=0.6885659098625183, 10%=0.6915173530578613, 25%=0.6955826282501221, 50%=0.7085257768630981, 75%=0.7183636426925659, 90%=0.7198289036750793, 95%=0.7235376834869385, 98%=0.724029541015625
ranking_best_algo: PBIL
ranking_best_score: 0.7013553837109374
ranking_my_rank: 1/504 (100.0%)
ranking_my_percent: 100.0
