ConfigName: kjsd__advperagentrankweighted__M4__L8__eps0p02__g0p0005__ds0p2__dm0p05
Problem: NK
Kernel: jsd
Advantage: peragentrankweighted
M: 4
lambda: 8
epsilon_svgd: 0.02
gamma: 0.0005
decay_start_ratio: 0.2
decay_min_factor: 0.05
bandwith_kernel: None
no_interact: False
avg_score: 0.7062298059463501
median_score: 0.7076242566108704
std_score: 0.015467417426407337
percentiles: 2%=0.6682647466659546, 5%=0.6707053780555725, 10%=0.691229522228241, 25%=0.7013022303581238, 50%=0.7076242566108704, 75%=0.7142170071601868, 90%=0.7236417531967163, 95%=0.7306087017059326, 98%=0.7317543029785156
ranking_best_algo: CMApara
ranking_best_score: 0.707475975
ranking_my_rank: 2/504 (99.8%)
ranking_my_percent: 99.8015873015873
