ConfigName: kjsd__advperagentrankweighted__M3__L16__eps0p01__g0p003__ds0p05__dm0p2
Problem: NK
Kernel: jsd
Advantage: peragentrankweighted
M: 3
lambda: 16
epsilon_svgd: 0.01
gamma: 0.003
decay_start_ratio: 0.05
decay_min_factor: 0.2
bandwith_kernel: None
no_interact: False
avg_score: 0.7071173191070557
median_score: 0.7090262174606323
std_score: 0.012029752135276794
percentiles: 2%=0.6883981823921204, 5%=0.6887763142585754, 10%=0.6920226812362671, 25%=0.6958082318305969, 50%=0.7090262174606323, 75%=0.7177071571350098, 90%=0.7217036485671997, 95%=0.7231999039649963, 98%=0.7250537872314453
ranking_best_algo: PBIL
ranking_best_score: 0.7013553837109374
ranking_my_rank: 1/504 (100.0%)
ranking_my_percent: 100.0
