ConfigName: krbf__advnormalizedfitness__M3__L24__eps0p02__g0p005__ds0p15__dm0p05
Problem: QUBO
Kernel: rbf
Advantage: normalizedfitness
M: 3
lambda: 24
epsilon_svgd: 0.02
gamma: 0.005
decay_start_ratio: 0.15
decay_min_factor: 0.05
bandwith_kernel: None
no_interact: False
avg_score: -200.75999450683594
median_score: -203.0
std_score: 13.19630241394043
percentiles: 2%=-224.0, 5%=-220.0, 10%=-215.3000030517578, 25%=-209.0, 50%=-203.0, 75%=-193.25, 90%=-179.8000030517578, 95%=-176.9499969482422, 98%=-170.0
ranking_best_algo: Tabu
ranking_best_score: 208.36000000000004
ranking_my_rank: 45/504 (91.3%)
ranking_my_percent: 91.26984126984127
