ConfigName: kfr__advglobalrankweighted__M3__L9__eps0p02__g0p007__ds0p01__dm0p01
Problem: QUBO
Kernel: fr
Advantage: globalrankweighted
M: 3
lambda: 9
epsilon_svgd: 0.02
gamma: 0.007
decay_start_ratio: 0.01
decay_min_factor: 0.01
bandwith_kernel: None
no_interact: False
avg_score: -137.72000122070312
median_score: -139.0
std_score: 10.605733871459961
percentiles: 2%=-156.0, 5%=-154.0500030517578, 10%=-151.0, 25%=-146.0, 50%=-139.0, 75%=-130.0, 90%=-123.0, 95%=-118.95000457763672, 98%=-116.91998291015625
ranking_best_algo: DiscreteDE
ranking_best_score: 143.4
ranking_my_rank: 118/504 (76.8%)
ranking_my_percent: 76.78571428571429
