ConfigName: krbf__advnormalizedfitness__M3__L15__eps0p033__g0p01__ds0p01__dm0p01
Problem: NK
Kernel: rbf
Advantage: normalizedfitness
M: 3
lambda: 15
epsilon_svgd: 0.033
gamma: 0.01
decay_start_ratio: 0.01
decay_min_factor: 0.01
bandwith_kernel: None
no_interact: False
avg_score: 0.7444905638694763
median_score: 0.7423104643821716
std_score: 0.028334619477391243
percentiles: 2%=0.7066937685012817, 5%=0.7085379362106323, 10%=0.7116113305091858, 25%=0.7215365767478943, 50%=0.7423104643821716, 75%=0.7580187320709229, 90%=0.7773388624191284, 95%=0.8044298887252808, 98%=0.8118547797203064
ranking_best_algo: CMApara
ranking_best_score: 0.7459277895312499
ranking_my_rank: 3/504 (99.6%)
ranking_my_percent: 99.60317460317461
