ConfigName: kfr__advglobalrankweighted__M1__L9__eps0p02__g0p007__ds0p01__dm0p01
Problem: QUBO
Kernel: fr
Advantage: globalrankweighted
M: 1
lambda: 9
epsilon_svgd: 0.02
gamma: 0.007
decay_start_ratio: 0.01
decay_min_factor: 0.01
bandwith_kernel: None
no_interact: False
avg_score: -389.70001220703125
median_score: -390.5
std_score: 30.457677841186523
percentiles: 2%=-445.1600036621094, 5%=-432.25, 10%=-428.0, 25%=-408.5, 50%=-390.5, 75%=-370.0, 90%=-345.70001220703125, 95%=-329.9000244140625, 98%=-317.91998291015625
ranking_best_algo: Tabu
ranking_best_score: 438.12
ranking_my_rank: 258/504 (49.0%)
ranking_my_percent: 49.007936507936506
