ConfigName: kjsd__advperagentrankweighted__M3__L18__eps0p007__g0p001__ds0p05__dm0p2
Problem: NK
Kernel: jsd
Advantage: peragentrankweighted
M: 3
lambda: 18
epsilon_svgd: 0.007
gamma: 0.001
decay_start_ratio: 0.05
decay_min_factor: 0.2
bandwith_kernel: None
no_interact: False
avg_score: 0.7543535828590393
median_score: 0.7547103762626648
std_score: 0.014310736209154129
percentiles: 2%=0.7244607210159302, 5%=0.7315059304237366, 10%=0.7360339760780334, 25%=0.7447901964187622, 50%=0.7547103762626648, 75%=0.763799250125885, 90%=0.773130476474762, 95%=0.7769046425819397, 98%=0.7808983325958252
ranking_best_algo: Tabu
ranking_best_score: 0.7657846284375001
ranking_my_rank: 7/504 (98.8%)
ranking_my_percent: 98.80952380952381
