ConfigName: kjsd__advperagentrankweighted__M3__L16__eps0p01__g0p0007__ds0p1__dm0p2
Problem: QUBO
Kernel: jsd
Advantage: peragentrankweighted
M: 3
lambda: 16
epsilon_svgd: 0.01
gamma: 0.0007
decay_start_ratio: 0.1
decay_min_factor: 0.2
bandwith_kernel: None
no_interact: False
avg_score: -197.8000030517578
median_score: -199.0
std_score: 12.498000144958496
percentiles: 2%=-224.0, 5%=-217.14999389648438, 10%=-215.0, 25%=-206.0, 50%=-199.0, 75%=-189.75, 90%=-180.89999389648438, 95%=-177.89999389648438, 98%=-175.0
ranking_best_algo: Tabu
ranking_best_score: 208.36000000000004
ranking_my_rank: 110/504 (78.4%)
ranking_my_percent: 78.37301587301587
