ConfigName: kjsd__advperagentrankweighted__M3__L18__eps0p01__g0p0007__ds0p2__dm0p2
Problem: QUBO
Kernel: jsd
Advantage: peragentrankweighted
M: 3
lambda: 18
epsilon_svgd: 0.01
gamma: 0.0007
decay_start_ratio: 0.2
decay_min_factor: 0.2
bandwith_kernel: None
no_interact: False
avg_score: -1249.3199462890625
median_score: -1245.0
std_score: 61.882450103759766
percentiles: 2%=-1377.1199951171875, 5%=-1343.050048828125, 10%=-1323.4000244140625, 25%=-1293.0, 50%=-1245.0, 75%=-1205.0, 90%=-1171.0, 95%=-1154.550048828125, 98%=-1130.9200439453125
ranking_best_algo: SVMMetaModelLogNormal
ranking_best_score: 1233.7999999999997
ranking_my_rank: 1/504 (100.0%)
ranking_my_percent: 100.0
