ConfigName: kjsd__advperagentrankweighted__M3__L20__eps0p01__g0p0005__ds0p1__dm0p05
Problem: QUBO
Kernel: jsd
Advantage: peragentrankweighted
M: 3
lambda: 20
epsilon_svgd: 0.01
gamma: 0.0005
decay_start_ratio: 0.1
decay_min_factor: 0.05
bandwith_kernel: None
no_interact: False
avg_score: -909.1599731445312
median_score: -906.0
std_score: 62.461143493652344
percentiles: 2%=-1020.280029296875, 5%=-1016.0, 10%=-1004.0999755859375, 25%=-948.5, 50%=-906.0, 75%=-864.75, 90%=-830.9000244140625, 95%=-799.8499755859375, 98%=-790.7999877929688
ranking_best_algo: CMAL3
ranking_best_score: 928.5800000000002
ranking_my_rank: 29/504 (94.4%)
ranking_my_percent: 94.44444444444444
