ConfigName: kjsd__advperagentrankweighted__M6__L8__eps0p02__g0p0003__ds0p05__dm0p05
Problem: NK
Kernel: jsd
Advantage: peragentrankweighted
M: 6
lambda: 8
epsilon_svgd: 0.02
gamma: 0.0003
decay_start_ratio: 0.05
decay_min_factor: 0.05
bandwith_kernel: None
no_interact: False
avg_score: 0.7099298238754272
median_score: 0.6997493505477905
std_score: 0.0318668968975544
percentiles: 2%=0.6722936034202576, 5%=0.6736212968826294, 10%=0.6748725175857544, 25%=0.6809747219085693, 50%=0.6997493505477905, 75%=0.7467460632324219, 90%=0.7521613240242004, 95%=0.7613165378570557, 98%=0.7613165378570557
ranking_best_algo: CMApara
ranking_best_score: 0.7118996098437498
ranking_my_rank: 44/504 (91.5%)
ranking_my_percent: 91.46825396825396
