ConfigName: kjsd__advperagentrankweighted__M4__L10__eps0p005__g0p0005__ds0p2__dm0p05
Problem: NK
Kernel: jsd
Advantage: peragentrankweighted
M: 4
lambda: 10
epsilon_svgd: 0.005
gamma: 0.0005
decay_start_ratio: 0.2
decay_min_factor: 0.05
bandwith_kernel: None
no_interact: False
avg_score: 0.7097609043121338
median_score: 0.7112506628036499
std_score: 0.015255897305905819
percentiles: 2%=0.671414852142334, 5%=0.6723902225494385, 10%=0.6942699551582336, 25%=0.7053152918815613, 50%=0.7112506628036499, 75%=0.7183051109313965, 90%=0.7254237532615662, 95%=0.7327553629875183, 98%=0.7334117293357849
ranking_best_algo: CMApara
ranking_best_score: 0.707475975
ranking_my_rank: 1/504 (100.0%)
ranking_my_percent: 100.0
