ConfigName: krbf__advnormalizedfitness__M4__L12__eps0p015__g0p005__ds0p01__dm0p01
Problem: NK
Kernel: rbf
Advantage: normalizedfitness
M: 4
lambda: 12
epsilon_svgd: 0.015
gamma: 0.005
decay_start_ratio: 0.01
decay_min_factor: 0.01
bandwith_kernel: None
no_interact: False
avg_score: 0.7529418468475342
median_score: 0.7533996105194092
std_score: 0.014544562436640263
percentiles: 2%=0.7217268943786621, 5%=0.7310416102409363, 10%=0.7358636856079102, 25%=0.7417558431625366, 50%=0.7533996105194092, 75%=0.7640150189399719, 90%=0.7718234658241272, 95%=0.7746098637580872, 98%=0.7788630127906799
ranking_best_algo: Tabu
ranking_best_score: 0.7470791764843752
ranking_my_rank: 1/504 (100.0%)
ranking_my_percent: 100.0
