ConfigName: kjsd__advperagentrankweighted__M4__L10__eps0p03__g0p0005__ds0p05__dm0p05
Problem: NK
Kernel: jsd
Advantage: peragentrankweighted
M: 4
lambda: 10
epsilon_svgd: 0.03
gamma: 0.0005
decay_start_ratio: 0.05
decay_min_factor: 0.05
bandwith_kernel: None
no_interact: False
avg_score: 0.7372948527336121
median_score: 0.7354226112365723
std_score: 0.013213769532740116
percentiles: 2%=0.7156380414962769, 5%=0.7171346545219421, 10%=0.7217808961868286, 25%=0.7279825806617737, 50%=0.7354226112365723, 75%=0.7446973919868469, 90%=0.7554471492767334, 95%=0.7617031931877136, 98%=0.766603946685791
ranking_best_algo: Tabu
ranking_best_score: 0.7470791764843752
ranking_my_rank: 14/504 (97.4%)
ranking_my_percent: 97.42063492063492
