ConfigName: kjsd__advperagentrankweighted__M3__L16__eps0p005__g0p003__ds0p1__dm0p05
Problem: QUBO
Kernel: jsd
Advantage: peragentrankweighted
M: 3
lambda: 16
epsilon_svgd: 0.005
gamma: 0.003
decay_start_ratio: 0.1
decay_min_factor: 0.05
bandwith_kernel: None
no_interact: False
avg_score: -881.8599853515625
median_score: -882.0
std_score: 69.95313262939453
percentiles: 2%=-1000.219970703125, 5%=-998.0499877929688, 10%=-982.5, 25%=-933.75, 50%=-882.0, 75%=-834.0, 90%=-791.5999755859375, 95%=-763.7999877929688, 98%=-754.6799926757812
ranking_best_algo: CMAL3
ranking_best_score: 928.5800000000002
ranking_my_rank: 117/504 (77.0%)
ranking_my_percent: 76.98412698412699
