ConfigName: kjsd__advperagentrankweighted__M3__L30__eps0p007__g0p001__ds0p2__dm0p05
Problem: NK
Kernel: jsd
Advantage: peragentrankweighted
M: 3
lambda: 30
epsilon_svgd: 0.007
gamma: 0.001
decay_start_ratio: 0.2
decay_min_factor: 0.05
bandwith_kernel: None
no_interact: False
avg_score: 0.7302210927009583
median_score: 0.7294409275054932
std_score: 0.01216990314424038
percentiles: 2%=0.7053429484367371, 5%=0.7119340896606445, 10%=0.7173639535903931, 25%=0.7230016589164734, 50%=0.7294409275054932, 75%=0.7365591526031494, 90%=0.7461358308792114, 95%=0.750239372253418, 98%=0.7586780190467834
ranking_best_algo: Tabu
ranking_best_score: 0.7429702712499999
ranking_my_rank: 2/504 (99.8%)
ranking_my_percent: 99.8015873015873
