ConfigName: krbf__advnormalizedfitness__M4__L12__eps0p015__g0p015__ds0p3__dm0p01
Problem: QUBO
Kernel: rbf
Advantage: normalizedfitness
M: 4
lambda: 12
epsilon_svgd: 0.015
gamma: 0.015
decay_start_ratio: 0.3
decay_min_factor: 0.01
bandwith_kernel: None
no_interact: False
avg_score: -333.1400146484375
median_score: -334.5
std_score: 38.53440475463867
percentiles: 2%=-403.2799987792969, 5%=-397.29998779296875, 10%=-386.1000061035156, 25%=-360.5, 50%=-334.5, 75%=-302.25, 90%=-283.5, 95%=-274.95001220703125, 98%=-268.89996337890625
ranking_best_algo: CMAL3
ranking_best_score: 435.36
ranking_my_rank: 332/504 (34.3%)
ranking_my_percent: 34.32539682539682
