ConfigName: krbf__advnormalizedfitness__M2__L8__eps0p025__g0p01__ds0p01__dm0p3
Problem: QUBO
Kernel: rbf
Advantage: normalizedfitness
M: 2
lambda: 8
epsilon_svgd: 0.025
gamma: 0.01
decay_start_ratio: 0.01
decay_min_factor: 0.3
bandwith_kernel: None
no_interact: False
avg_score: -137.75999450683594
median_score: -139.0
std_score: 12.069068908691406
percentiles: 2%=-158.0, 5%=-157.0500030517578, 10%=-152.0, 25%=-146.0, 50%=-139.0, 75%=-128.75, 90%=-119.9000015258789, 95%=-117.0, 98%=-116.91999816894531
ranking_best_algo: DiscreteDE
ranking_best_score: 143.4
ranking_my_rank: 117/504 (77.0%)
ranking_my_percent: 76.98412698412699
