ConfigName: krbf__advnormalizedfitness__M4__L12__eps0p033__g0p015__ds0p3__dm0p3
Problem: NK
Kernel: rbf
Advantage: normalizedfitness
M: 4
lambda: 12
epsilon_svgd: 0.033
gamma: 0.015
decay_start_ratio: 0.3
decay_min_factor: 0.3
bandwith_kernel: None
no_interact: False
avg_score: 0.6243152618408203
median_score: 0.6238267421722412
std_score: 0.009889627806842327
percentiles: 2%=0.6075823903083801, 5%=0.6102622747421265, 10%=0.6121205687522888, 25%=0.6163331866264343, 50%=0.6238267421722412, 75%=0.6308647990226746, 90%=0.6367272138595581, 95%=0.6427809000015259, 98%=0.6459710597991943
ranking_best_algo: PBIL
ranking_best_score: 0.733570253046875
ranking_my_rank: 324/504 (35.9%)
ranking_my_percent: 35.91269841269841
