ConfigName: krbf__advnormalizedfitness__M4__L8__eps0p033__g0p007__ds0p15__dm0p3
Problem: NK
Kernel: rbf
Advantage: normalizedfitness
M: 4
lambda: 8
epsilon_svgd: 0.033
gamma: 0.007
decay_start_ratio: 0.15
decay_min_factor: 0.3
bandwith_kernel: None
no_interact: False
avg_score: 0.7068864703178406
median_score: 0.708576500415802
std_score: 0.012029353529214859
percentiles: 2%=0.6865051984786987, 5%=0.6878541111946106, 10%=0.6905108690261841, 25%=0.6955045461654663, 50%=0.708576500415802, 75%=0.7176596522331238, 90%=0.7202582359313965, 95%=0.7238047122955322, 98%=0.7245362997055054
ranking_best_algo: PBIL
ranking_best_score: 0.7013553837109374
ranking_my_rank: 1/504 (100.0%)
ranking_my_percent: 100.0
