ConfigName: kfr__advglobalrankweighted__M1__L8__eps0p01__g0p007__ds0p01__dm0p01
Problem: QUBO
Kernel: fr
Advantage: globalrankweighted
M: 1
lambda: 8
epsilon_svgd: 0.01
gamma: 0.007
decay_start_ratio: 0.01
decay_min_factor: 0.01
bandwith_kernel: None
no_interact: False
avg_score: -1597.6800537109375
median_score: -1597.0
std_score: 65.171142578125
percentiles: 2%=-1717.4599609375, 5%=-1708.199951171875, 10%=-1687.0999755859375, 25%=-1635.25, 50%=-1597.0, 75%=-1555.0, 90%=-1518.800048828125, 95%=-1482.800048828125, 98%=-1468.679931640625
ranking_best_algo: NLOPT_LN_PRAXIS
ranking_best_score: 1607.12
ranking_my_rank: 13/504 (97.6%)
ranking_my_percent: 97.61904761904762
