ConfigName: krbf__advnormalizedfitness__M4__L15__eps0p025__g0p015__ds0p3__dm0p01
Problem: NK
Kernel: rbf
Advantage: normalizedfitness
M: 4
lambda: 15
epsilon_svgd: 0.025
gamma: 0.015
decay_start_ratio: 0.3
decay_min_factor: 0.01
bandwith_kernel: None
no_interact: False
avg_score: 0.7414573431015015
median_score: 0.7400372624397278
std_score: 0.03040008246898651
percentiles: 2%=0.6943714618682861, 5%=0.6968967318534851, 10%=0.7037621736526489, 25%=0.7118432521820068, 50%=0.7400372624397278, 75%=0.7576276659965515, 90%=0.778337299823761, 95%=0.8044298887252808, 98%=0.8044298887252808
ranking_best_algo: CMApara
ranking_best_score: 0.7459277895312499
ranking_my_rank: 26/504 (95.0%)
ranking_my_percent: 95.03968253968254
