ConfigName: krbf__advnormalizedfitness__M2__L10__eps0p033__g0p007__ds0p15__dm0p3
Problem: QUBO
Kernel: rbf
Advantage: normalizedfitness
M: 2
lambda: 10
epsilon_svgd: 0.033
gamma: 0.007
decay_start_ratio: 0.15
decay_min_factor: 0.3
bandwith_kernel: None
no_interact: False
avg_score: -1238.9200439453125
median_score: -1231.5
std_score: 65.74688720703125
percentiles: 2%=-1384.719970703125, 5%=-1347.800048828125, 10%=-1321.5999755859375, 25%=-1289.0, 50%=-1231.5, 75%=-1191.0, 90%=-1163.0, 95%=-1138.9000244140625, 98%=-1127.760009765625
ranking_best_algo: SVMMetaModelLogNormal
ranking_best_score: 1233.7999999999997
ranking_my_rank: 1/504 (100.0%)
ranking_my_percent: 100.0
