ConfigName: krbf__advnormalizedfitness__M3__L10__eps0p015__g0p005__ds0p3__dm0p01
Problem: NK
Kernel: rbf
Advantage: normalizedfitness
M: 3
lambda: 10
epsilon_svgd: 0.015
gamma: 0.005
decay_start_ratio: 0.3
decay_min_factor: 0.01
bandwith_kernel: None
no_interact: False
avg_score: 0.7225692868232727
median_score: 0.7230817675590515
std_score: 0.013143802061676979
percentiles: 2%=0.7001232504844666, 5%=0.7021602988243103, 10%=0.7054368257522583, 25%=0.7133548259735107, 50%=0.7230817675590515, 75%=0.7314295768737793, 90%=0.7387535572052002, 95%=0.7422122359275818, 98%=0.7485913634300232
ranking_best_algo: Tabu
ranking_best_score: 0.7429702712499999
ranking_my_rank: 6/504 (99.0%)
ranking_my_percent: 99.0079365079365
