ConfigName: krbf__advnormalizedfitness__M4__L10__eps0p01__g0p001__ds0p05__dm0p05
Problem: NK
Kernel: rbf
Advantage: normalizedfitness
M: 4
lambda: 10
epsilon_svgd: 0.01
gamma: 0.001
decay_start_ratio: 0.05
decay_min_factor: 0.05
bandwith_kernel: None
no_interact: False
avg_score: 0.7098022699356079
median_score: 0.7112782597541809
std_score: 0.01497700810432434
percentiles: 2%=0.671448826789856, 5%=0.6733659505844116, 10%=0.6963807940483093, 25%=0.7064590454101562, 50%=0.7112782597541809, 75%=0.7178214192390442, 90%=0.724841833114624, 95%=0.7316604852676392, 98%=0.7331825494766235
ranking_best_algo: CMApara
ranking_best_score: 0.707475975
ranking_my_rank: 1/504 (100.0%)
ranking_my_percent: 100.0
