ConfigName: kjsd__advperagentrankweighted__M4__L30__eps0p01__g0p0003__ds0p05__dm0p05
Problem: NK
Kernel: jsd
Advantage: peragentrankweighted
M: 4
lambda: 30
epsilon_svgd: 0.01
gamma: 0.0003
decay_start_ratio: 0.05
decay_min_factor: 0.05
bandwith_kernel: None
no_interact: False
avg_score: 0.7483067512512207
median_score: 0.747079610824585
std_score: 0.008569560013711452
percentiles: 2%=0.7357196807861328, 5%=0.737123966217041, 10%=0.7380300760269165, 25%=0.7411602735519409, 50%=0.747079610824585, 75%=0.755128800868988, 90%=0.7585821151733398, 95%=0.7629944086074829, 98%=0.7662442326545715
ranking_best_algo: PBIL
ranking_best_score: 0.733570253046875
ranking_my_rank: 1/504 (100.0%)
ranking_my_percent: 100.0
