ConfigName: krbf__advnormalizedfitness__M4__L8__eps0p025__g0p005__ds0p01__dm0p01
Problem: NK
Kernel: rbf
Advantage: normalizedfitness
M: 4
lambda: 8
epsilon_svgd: 0.025
gamma: 0.005
decay_start_ratio: 0.01
decay_min_factor: 0.01
bandwith_kernel: None
no_interact: False
avg_score: 0.7348130941390991
median_score: 0.7363443970680237
std_score: 0.008651141077280045
percentiles: 2%=0.7144176959991455, 5%=0.718879759311676, 10%=0.7202194929122925, 25%=0.7312296628952026, 50%=0.7363443970680237, 75%=0.7409319877624512, 90%=0.7449072599411011, 95%=0.7460896372795105, 98%=0.7470136880874634
ranking_best_algo: PBIL
ranking_best_score: 0.7248786399609374
ranking_my_rank: 1/504 (100.0%)
ranking_my_percent: 100.0
