ConfigName: krbf__advnormalizedfitness__M4__L8__eps0p025__g0p007__ds0p01__dm0p3
Problem: QUBO
Kernel: rbf
Advantage: normalizedfitness
M: 4
lambda: 8
epsilon_svgd: 0.025
gamma: 0.007
decay_start_ratio: 0.01
decay_min_factor: 0.3
bandwith_kernel: None
no_interact: False
avg_score: -1142.8599853515625
median_score: -1141.0
std_score: 80.52701568603516
percentiles: 2%=-1345.3399658203125, 5%=-1281.1500244140625, 10%=-1246.800048828125, 25%=-1190.5, 50%=-1141.0, 75%=-1089.0, 90%=-1046.7000732421875, 95%=-1026.1500244140625, 98%=-1002.5599365234375
ranking_best_algo: SVMMetaModelLogNormal
ranking_best_score: 1233.7999999999997
ranking_my_rank: 95/504 (81.3%)
ranking_my_percent: 81.34920634920636
