ConfigName: kjsd__advperagentrankweighted__M4__L10__eps0p02__g0p0005__ds0p05__dm0p05
Problem: QUBO
Kernel: jsd
Advantage: peragentrankweighted
M: 4
lambda: 10
epsilon_svgd: 0.02
gamma: 0.0005
decay_start_ratio: 0.05
decay_min_factor: 0.05
bandwith_kernel: None
no_interact: False
avg_score: -1591.1400146484375
median_score: -1590.0
std_score: 59.89324188232422
percentiles: 2%=-1740.3800048828125, 5%=-1706.6500244140625, 10%=-1658.9000244140625, 25%=-1618.75, 50%=-1590.0, 75%=-1549.0, 90%=-1522.699951171875, 95%=-1500.699951171875, 98%=-1472.9599609375
ranking_best_algo: NLOPT_LN_PRAXIS
ranking_best_score: 1607.12
ranking_my_rank: 39/504 (92.5%)
ranking_my_percent: 92.46031746031746
