ConfigName: krbf__advnormalizedfitness__M3__L10__eps0p015__g0p005__ds0p3__dm0p01
Problem: NK
Kernel: rbf
Advantage: normalizedfitness
M: 3
lambda: 10
epsilon_svgd: 0.015
gamma: 0.005
decay_start_ratio: 0.3
decay_min_factor: 0.01
bandwith_kernel: None
no_interact: False
avg_score: 0.7386776208877563
median_score: 0.7393808364868164
std_score: 0.013245372101664543
percentiles: 2%=0.7135224938392639, 5%=0.7176814675331116, 10%=0.7238633036613464, 25%=0.7303286790847778, 50%=0.7393808364868164, 75%=0.7459118366241455, 90%=0.7558261752128601, 95%=0.7590917348861694, 98%=0.7600602507591248
ranking_best_algo: Tabu
ranking_best_score: 0.7601875690625
ranking_my_rank: 19/504 (96.4%)
ranking_my_percent: 96.42857142857143
