ConfigName: kjsd__advperagentrankweighted__M3__L20__eps0p005__g0p003__ds0p05__dm0p05
Problem: QUBO
Kernel: jsd
Advantage: peragentrankweighted
M: 3
lambda: 20
epsilon_svgd: 0.005
gamma: 0.003
decay_start_ratio: 0.05
decay_min_factor: 0.05
bandwith_kernel: None
no_interact: False
avg_score: -417.9200134277344
median_score: -415.0
std_score: 28.34490394592285
percentiles: 2%=-475.0400085449219, 5%=-471.1000061035156, 10%=-457.20001220703125, 25%=-437.0, 50%=-415.0, 75%=-400.75, 90%=-381.8999938964844, 95%=-375.6499938964844, 98%=-364.0
ranking_best_algo: CMAL3
ranking_best_score: 435.36
ranking_my_rank: 99/504 (80.6%)
ranking_my_percent: 80.55555555555556
