ConfigName: krbf__advnormalizedfitness__M3__L10__eps0p033__g0p005__ds0p01__dm0p01
Problem: QUBO
Kernel: rbf
Advantage: normalizedfitness
M: 3
lambda: 10
epsilon_svgd: 0.033
gamma: 0.005
decay_start_ratio: 0.01
decay_min_factor: 0.01
bandwith_kernel: None
no_interact: False
avg_score: -899.6199951171875
median_score: -896.5
std_score: 61.77018737792969
percentiles: 2%=-1018.0800170898438, 5%=-1005.4500122070312, 10%=-985.5999755859375, 25%=-939.25, 50%=-896.5, 75%=-856.5, 90%=-818.7000122070312, 95%=-804.75, 98%=-774.7599487304688
ranking_best_algo: CMAL3
ranking_best_score: 928.5800000000002
ranking_my_rank: 70/504 (86.3%)
ranking_my_percent: 86.30952380952381
