ConfigName: krbf__advnormalizedfitness__M3__L10__eps0p033__g0p015__ds0p01__dm0p01
Problem: QUBO
Kernel: rbf
Advantage: normalizedfitness
M: 3
lambda: 10
epsilon_svgd: 0.033
gamma: 0.015
decay_start_ratio: 0.01
decay_min_factor: 0.01
bandwith_kernel: None
no_interact: False
avg_score: -1201.0799560546875
median_score: -1203.0
std_score: 79.52944946289062
percentiles: 2%=-1365.06005859375, 5%=-1318.949951171875, 10%=-1303.0, 25%=-1259.0, 50%=-1203.0, 75%=-1148.0, 90%=-1098.800048828125, 95%=-1073.7000732421875, 98%=-1035.7799072265625
ranking_best_algo: SVMMetaModelLogNormal
ranking_best_score: 1233.7999999999997
ranking_my_rank: 57/504 (88.9%)
ranking_my_percent: 88.88888888888889
