ConfigName: kfr__advglobalrankweighted__M4__L11__eps0p01__g0p007__ds0p01__dm0p01
Problem: QUBO
Kernel: fr
Advantage: globalrankweighted
M: 4
lambda: 11
epsilon_svgd: 0.01
gamma: 0.007
decay_start_ratio: 0.01
decay_min_factor: 0.01
bandwith_kernel: None
no_interact: False
avg_score: -415.7799987792969
median_score: -416.0
std_score: 30.072439193725586
percentiles: 2%=-473.0400085449219, 5%=-467.0, 10%=-455.79998779296875, 25%=-436.0, 50%=-416.0, 75%=-396.0, 90%=-374.79998779296875, 95%=-369.95001220703125, 98%=-359.7799987792969
ranking_best_algo: CMAL3
ranking_best_score: 435.36
ranking_my_rank: 107/504 (79.0%)
ranking_my_percent: 78.96825396825396
