ConfigName: kjsd__advperagentrankweighted__M6__L8__eps0p03__g0p0007__ds0p2__dm0p05
Problem: QUBO
Kernel: jsd
Advantage: peragentrankweighted
M: 6
lambda: 8
epsilon_svgd: 0.03
gamma: 0.0007
decay_start_ratio: 0.2
decay_min_factor: 0.05
bandwith_kernel: None
no_interact: False
avg_score: -309.3399963378906
median_score: -310.0
std_score: 38.72679138183594
percentiles: 2%=-394.0799865722656, 5%=-386.1000061035156, 10%=-357.6000061035156, 25%=-332.0, 50%=-310.0, 75%=-272.0, 90%=-264.0, 95%=-259.95001220703125, 98%=-256.82000732421875
ranking_best_algo: CMApara
ranking_best_score: 319.29999999999995
ranking_my_rank: 80/504 (84.3%)
ranking_my_percent: 84.32539682539682
