ConfigName: kjsd__advperagentrankweighted__M4__L8__eps0p02__g0p0007__ds0p05__dm0p05
Problem: QUBO
Kernel: jsd
Advantage: peragentrankweighted
M: 4
lambda: 8
epsilon_svgd: 0.02
gamma: 0.0007
decay_start_ratio: 0.05
decay_min_factor: 0.05
bandwith_kernel: None
no_interact: False
avg_score: -1297.9599609375
median_score: -1300.0
std_score: 56.100433349609375
percentiles: 2%=-1393.300048828125, 5%=-1388.1500244140625, 10%=-1368.5, 25%=-1337.25, 50%=-1300.0, 75%=-1269.25, 90%=-1218.800048828125, 95%=-1188.699951171875, 98%=-1176.8399658203125
ranking_best_algo: BigLognormalDiscreteOnePlusOne
ranking_best_score: 1301.3600000000004
ranking_my_rank: 2/504 (99.8%)
ranking_my_percent: 99.8015873015873
