ConfigName: kjsd__advperagentrankweighted__M3__L18__eps0p007__g0p0007__ds0p2__dm0p2
Problem: QUBO
Kernel: jsd
Advantage: peragentrankweighted
M: 3
lambda: 18
epsilon_svgd: 0.007
gamma: 0.0007
decay_start_ratio: 0.2
decay_min_factor: 0.2
bandwith_kernel: None
no_interact: False
avg_score: -139.4600067138672
median_score: -141.0
std_score: 11.621892929077148
percentiles: 2%=-160.0, 5%=-158.0, 10%=-154.1999969482422, 25%=-147.0, 50%=-141.0, 75%=-131.75, 90%=-125.0, 95%=-122.80000305175781, 98%=-112.9800033569336
ranking_best_algo: DiscreteDE
ranking_best_score: 143.4
ranking_my_rank: 85/504 (83.3%)
ranking_my_percent: 83.33333333333333
