ConfigName: krbf__advnormalizedfitness__M3__L12__eps0p025__g0p005__ds0p3__dm0p01
Problem: NK
Kernel: rbf
Advantage: normalizedfitness
M: 3
lambda: 12
epsilon_svgd: 0.025
gamma: 0.005
decay_start_ratio: 0.3
decay_min_factor: 0.01
bandwith_kernel: None
no_interact: False
avg_score: 0.7538604140281677
median_score: 0.7543269991874695
std_score: 0.012765778228640556
percentiles: 2%=0.7261014580726624, 5%=0.7333589196205139, 10%=0.7378368377685547, 25%=0.7434524297714233, 50%=0.7543269991874695, 75%=0.7651268839836121, 90%=0.768846333026886, 95%=0.7708119750022888, 98%=0.7733842730522156
ranking_best_algo: Tabu
ranking_best_score: 0.7657846284375001
ranking_my_rank: 9/504 (98.4%)
ranking_my_percent: 98.41269841269842
