ConfigName: krbf__advnormalizedfitness__M4__L12__eps0p025__g0p005__ds0p01__dm0p01
Problem: QUBO
Kernel: rbf
Advantage: normalizedfitness
M: 4
lambda: 12
epsilon_svgd: 0.025
gamma: 0.005
decay_start_ratio: 0.01
decay_min_factor: 0.01
bandwith_kernel: None
no_interact: False
avg_score: -1194.1199951171875
median_score: -1189.0
std_score: 63.666988372802734
percentiles: 2%=-1337.199951171875, 5%=-1317.5, 10%=-1274.5, 25%=-1234.25, 50%=-1189.0, 75%=-1151.75, 90%=-1111.9000244140625, 95%=-1092.0, 98%=-1086.7799072265625
ranking_best_algo: Tabu
ranking_best_score: 1216.16
ranking_my_rank: 48/504 (90.7%)
ranking_my_percent: 90.67460317460318
