ConfigName: kjsd__advperagentrankweighted__M4__L12__eps0p01__g0p0007__ds0p05__dm0p05
Problem: QUBO
Kernel: jsd
Advantage: peragentrankweighted
M: 4
lambda: 12
epsilon_svgd: 0.01
gamma: 0.0007
decay_start_ratio: 0.05
decay_min_factor: 0.05
bandwith_kernel: None
no_interact: False
avg_score: -439.6600036621094
median_score: -439.0
std_score: 26.340925216674805
percentiles: 2%=-486.0799865722656, 5%=-481.0, 10%=-475.0, 25%=-461.5, 50%=-439.0, 75%=-423.5, 90%=-404.0, 95%=-394.79998779296875, 98%=-388.9800109863281
ranking_best_algo: CMApara
ranking_best_score: 453.82
ranking_my_rank: 17/504 (96.8%)
ranking_my_percent: 96.82539682539682
