ConfigName: kjsd__advperagentrankweighted__M4__L30__eps0p005__g0p0007__ds0p2__dm0p05
Problem: NK
Kernel: jsd
Advantage: peragentrankweighted
M: 4
lambda: 30
epsilon_svgd: 0.005
gamma: 0.0007
decay_start_ratio: 0.2
decay_min_factor: 0.05
bandwith_kernel: None
no_interact: False
avg_score: 0.7313679456710815
median_score: 0.7326273322105408
std_score: 0.010316934436559677
percentiles: 2%=0.7040825486183167, 5%=0.7096464037895203, 10%=0.7179504036903381, 25%=0.7254756093025208, 50%=0.7326273322105408, 75%=0.7395855784416199, 90%=0.7425370812416077, 95%=0.7439447045326233, 98%=0.7466065287590027
ranking_best_algo: PBIL
ranking_best_score: 0.7248786399609374
ranking_my_rank: 1/504 (100.0%)
ranking_my_percent: 100.0
