ConfigName: kjsd__advperagentrankweighted__M3__L16__eps0p005__g0p003__ds0p1__dm0p05
Problem: QUBO
Kernel: jsd
Advantage: peragentrankweighted
M: 3
lambda: 16
epsilon_svgd: 0.005
gamma: 0.003
decay_start_ratio: 0.1
decay_min_factor: 0.05
bandwith_kernel: None
no_interact: False
avg_score: -1491.4599609375
median_score: -1483.5
std_score: 95.8012924194336
percentiles: 2%=-1695.1600341796875, 5%=-1667.050048828125, 10%=-1627.0999755859375, 25%=-1544.5, 50%=-1483.5, 75%=-1431.0, 90%=-1362.5, 95%=-1334.9000244140625, 98%=-1317.6600341796875
ranking_best_algo: NLOPT_LN_PRAXIS
ranking_best_score: 1607.12
ranking_my_rank: 81/504 (84.1%)
ranking_my_percent: 84.12698412698413
