ConfigName: krbf__advnormalizedfitness__M3__L8__eps0p015__g0p015__ds0p15__dm0p3
Problem: QUBO
Kernel: rbf
Advantage: normalizedfitness
M: 3
lambda: 8
epsilon_svgd: 0.015
gamma: 0.015
decay_start_ratio: 0.15
decay_min_factor: 0.3
bandwith_kernel: None
no_interact: False
avg_score: -404.6600036621094
median_score: -403.5
std_score: 34.091705322265625
percentiles: 2%=-473.05999755859375, 5%=-463.25, 10%=-447.1000061035156, 25%=-429.25, 50%=-403.5, 75%=-381.0, 90%=-360.6000061035156, 95%=-352.8500061035156, 98%=-339.8399658203125
ranking_best_algo: CMApara
ranking_best_score: 453.82
ranking_my_rank: 253/504 (50.0%)
ranking_my_percent: 50.0
