ConfigName: krbf__advnormalizedfitness__M1__L10__eps0p015__g0p005__ds0p3__dm0p01
Problem: QUBO
Kernel: rbf
Advantage: normalizedfitness
M: 1
lambda: 10
epsilon_svgd: 0.015
gamma: 0.005
decay_start_ratio: 0.3
decay_min_factor: 0.01
bandwith_kernel: None
no_interact: False
avg_score: -298.5799865722656
median_score: -290.0
std_score: 41.78975296020508
percentiles: 2%=-382.0400085449219, 5%=-378.0, 10%=-356.6000061035156, 25%=-328.5, 50%=-290.0, 75%=-267.0, 90%=-248.0, 95%=-237.95001220703125, 98%=-233.8399658203125
ranking_best_algo: CMApara
ranking_best_score: 319.29999999999995
ranking_my_rank: 239/504 (52.8%)
ranking_my_percent: 52.77777777777778
