ConfigName: krbf__advnormalizedfitness__M1__L8__eps0p033__g0p005__ds0p01__dm0p3
Problem: QUBO
Kernel: rbf
Advantage: normalizedfitness
M: 1
lambda: 8
epsilon_svgd: 0.033
gamma: 0.005
decay_start_ratio: 0.01
decay_min_factor: 0.3
bandwith_kernel: None
no_interact: False
avg_score: -385.20001220703125
median_score: -387.0
std_score: 31.489681243896484
percentiles: 2%=-440.3399963378906, 5%=-435.04998779296875, 10%=-428.5, 25%=-410.0, 50%=-387.0, 75%=-360.0, 90%=-345.6000061035156, 95%=-331.9000244140625, 98%=-329.9599914550781
ranking_best_algo: Tabu
ranking_best_score: 438.12
ranking_my_rank: 263/504 (48.0%)
ranking_my_percent: 48.01587301587302
