ConfigName: krbf__advnormalizedfitness__M2__L8__eps0p025__g0p01__ds0p01__dm0p01
Problem: QUBO
Kernel: rbf
Advantage: normalizedfitness
M: 2
lambda: 8
epsilon_svgd: 0.025
gamma: 0.01
decay_start_ratio: 0.01
decay_min_factor: 0.01
bandwith_kernel: None
no_interact: False
avg_score: -903.0
median_score: -898.5
std_score: 63.558319091796875
percentiles: 2%=-1044.0400390625, 5%=-1018.5, 10%=-979.0999755859375, 25%=-952.25, 50%=-898.5, 75%=-856.75, 90%=-828.9000244140625, 95%=-815.9500122070312, 98%=-794.719970703125
ranking_best_algo: CMAL3
ranking_best_score: 928.5800000000002
ranking_my_rank: 66/504 (87.1%)
ranking_my_percent: 87.10317460317461
