ConfigName: krbf__advnormalizedfitness__M3__L8__eps0p025__g0p01__ds0p3__dm0p3
Problem: QUBO
Kernel: rbf
Advantage: normalizedfitness
M: 3
lambda: 8
epsilon_svgd: 0.025
gamma: 0.01
decay_start_ratio: 0.3
decay_min_factor: 0.3
bandwith_kernel: None
no_interact: False
avg_score: -1514.4599609375
median_score: -1524.5
std_score: 101.22078704833984
percentiles: 2%=-1706.219970703125, 5%=-1679.949951171875, 10%=-1638.0, 25%=-1583.0, 50%=-1524.5, 75%=-1446.0, 90%=-1379.9000244140625, 95%=-1354.7000732421875, 98%=-1324.9599609375
ranking_best_algo: NLOPT_LN_PRAXIS
ranking_best_score: 1607.12
ranking_my_rank: 74/504 (85.5%)
ranking_my_percent: 85.51587301587301
