ConfigName: kjsd__advperagentrankweighted__M3__L20__eps0p005__g0p0005__ds0p2__dm0p2
Problem: NK
Kernel: jsd
Advantage: peragentrankweighted
M: 3
lambda: 20
epsilon_svgd: 0.005
gamma: 0.0005
decay_start_ratio: 0.2
decay_min_factor: 0.2
bandwith_kernel: None
no_interact: False
avg_score: 0.742247462272644
median_score: 0.7405552864074707
std_score: 0.014981049112975597
percentiles: 2%=0.7163407802581787, 5%=0.720991313457489, 10%=0.7235702276229858, 25%=0.7314942479133606, 50%=0.7405552864074707, 75%=0.7527084946632385, 90%=0.7624536156654358, 95%=0.7701271772384644, 98%=0.773076593875885
ranking_best_algo: Tabu
ranking_best_score: 0.7601875690625
ranking_my_rank: 11/504 (98.0%)
ranking_my_percent: 98.01587301587301
