ConfigName: krbf__advnormalizedfitness__M3__L10__eps0p025__g0p001__ds0p05__dm0p05
Problem: QUBO
Kernel: rbf
Advantage: normalizedfitness
M: 3
lambda: 10
epsilon_svgd: 0.025
gamma: 0.001
decay_start_ratio: 0.05
decay_min_factor: 0.05
bandwith_kernel: None
no_interact: False
avg_score: -1137.219970703125
median_score: -1126.0
std_score: 64.39823150634766
percentiles: 2%=-1287.4000244140625, 5%=-1246.0, 10%=-1224.0, 25%=-1177.25, 50%=-1126.0, 75%=-1092.0, 90%=-1065.800048828125, 95%=-1040.9000244140625, 98%=-1030.3599853515625
ranking_best_algo: Tabu
ranking_best_score: 1216.16
ranking_my_rank: 156/504 (69.2%)
ranking_my_percent: 69.24603174603175
