ConfigName: krbf__advnormalizedfitness__M4__L12__eps0p025__g0p007__ds0p3__dm0p3
Problem: QUBO
Kernel: rbf
Advantage: normalizedfitness
M: 4
lambda: 12
epsilon_svgd: 0.025
gamma: 0.007
decay_start_ratio: 0.3
decay_min_factor: 0.3
bandwith_kernel: None
no_interact: False
avg_score: -329.239990234375
median_score: -334.0
std_score: 22.063146591186523
percentiles: 2%=-372.0, 5%=-361.0, 10%=-354.0, 25%=-343.0, 50%=-334.0, 75%=-312.0, 90%=-303.79998779296875, 95%=-289.8000183105469, 98%=-281.8399658203125
ranking_best_algo: CMApara
ranking_best_score: 344.22
ranking_my_rank: 82/504 (83.9%)
ranking_my_percent: 83.92857142857143
