ConfigName: kjsd__advperagentrankweighted__M3__L30__eps0p005__g0p001__ds0p05__dm0p05
Problem: QUBO
Kernel: jsd
Advantage: peragentrankweighted
M: 3
lambda: 30
epsilon_svgd: 0.005
gamma: 0.001
decay_start_ratio: 0.05
decay_min_factor: 0.05
bandwith_kernel: None
no_interact: False
avg_score: -1590.6800537109375
median_score: -1588.0
std_score: 70.17205810546875
percentiles: 2%=-1728.3199462890625, 5%=-1706.550048828125, 10%=-1686.199951171875, 25%=-1641.25, 50%=-1588.0, 75%=-1540.5, 90%=-1514.5999755859375, 95%=-1476.5999755859375, 98%=-1452.93994140625
ranking_best_algo: NLOPT_LN_PRAXIS
ranking_best_score: 1607.12
ranking_my_rank: 39/504 (92.5%)
ranking_my_percent: 92.46031746031746
