ConfigName: kjsd__advperagentrankweighted__M4__L10__eps0p03__g0p0005__ds0p2__dm0p05
Problem: QUBO
Kernel: jsd
Advantage: peragentrankweighted
M: 4
lambda: 10
epsilon_svgd: 0.03
gamma: 0.0005
decay_start_ratio: 0.2
decay_min_factor: 0.05
bandwith_kernel: None
no_interact: False
avg_score: -323.1000061035156
median_score: -325.0
std_score: 23.820791244506836
percentiles: 2%=-372.0, 5%=-357.20001220703125, 10%=-354.0, 25%=-341.25, 50%=-325.0, 75%=-305.0, 90%=-291.8999938964844, 95%=-282.95001220703125, 98%=-279.79998779296875
ranking_best_algo: CMApara
ranking_best_score: 344.22
ranking_my_rank: 135/504 (73.4%)
ranking_my_percent: 73.41269841269842
