ConfigName: krbf__advnormalizedfitness__M1__L8__eps0p033__g0p01__ds0p01__dm0p01
Problem: NK
Kernel: rbf
Advantage: normalizedfitness
M: 1
lambda: 8
epsilon_svgd: 0.033
gamma: 0.01
decay_start_ratio: 0.01
decay_min_factor: 0.01
bandwith_kernel: None
no_interact: False
avg_score: 0.7330256104469299
median_score: 0.729009747505188
std_score: 0.02793736942112446
percentiles: 2%=0.6948245167732239, 5%=0.6985955834388733, 10%=0.7022700905799866, 25%=0.7120804190635681, 50%=0.729009747505188, 75%=0.7435563206672668, 90%=0.7647148966789246, 95%=0.7987780570983887, 98%=0.8043427467346191
ranking_best_algo: CMApara
ranking_best_score: 0.7459277895312499
ranking_my_rank: 134/504 (73.6%)
ranking_my_percent: 73.61111111111111
