ConfigName: krbf__advnormalizedfitness__M2__L8__eps0p025__g0p005__ds0p01__dm0p01
Problem: QUBO
Kernel: rbf
Advantage: normalizedfitness
M: 2
lambda: 8
epsilon_svgd: 0.025
gamma: 0.005
decay_start_ratio: 0.01
decay_min_factor: 0.01
bandwith_kernel: None
no_interact: False
avg_score: -1226.5799560546875
median_score: -1228.5
std_score: 56.797569274902344
percentiles: 2%=-1347.1199951171875, 5%=-1335.550048828125, 10%=-1287.300048828125, 25%=-1261.0, 50%=-1228.5, 75%=-1185.25, 90%=-1160.4000244140625, 95%=-1143.800048828125, 98%=-1134.5999755859375
ranking_best_algo: SVMMetaModelLogNormal
ranking_best_score: 1233.7999999999997
ranking_my_rank: 13/504 (97.6%)
ranking_my_percent: 97.61904761904762
