ConfigName: kjsd__advperagentrankweighted__M3__L18__eps0p01__g0p003__ds0p05__dm0p05
Problem: QUBO
Kernel: jsd
Advantage: peragentrankweighted
M: 3
lambda: 18
epsilon_svgd: 0.01
gamma: 0.003
decay_start_ratio: 0.05
decay_min_factor: 0.05
bandwith_kernel: None
no_interact: False
avg_score: -310.0
median_score: -314.0
std_score: 37.17203140258789
percentiles: 2%=-388.0400085449219, 5%=-382.20001220703125, 10%=-355.79998779296875, 25%=-334.0, 50%=-314.0, 75%=-274.0, 90%=-265.8999938964844, 95%=-262.0, 98%=-252.97999572753906
ranking_best_algo: CMApara
ranking_best_score: 319.29999999999995
ranking_my_rank: 65/504 (87.3%)
ranking_my_percent: 87.3015873015873
