ConfigName: krbf__advnormalizedfitness__M3__L8__eps0p015__g0p01__ds0p01__dm0p01
Problem: QUBO
Kernel: rbf
Advantage: normalizedfitness
M: 3
lambda: 8
epsilon_svgd: 0.015
gamma: 0.01
decay_start_ratio: 0.01
decay_min_factor: 0.01
bandwith_kernel: None
no_interact: False
avg_score: -1253.4000244140625
median_score: -1258.0
std_score: 66.5704116821289
percentiles: 2%=-1361.4000244140625, 5%=-1350.0, 10%=-1341.4000244140625, 25%=-1303.75, 50%=-1258.0, 75%=-1206.5, 90%=-1173.0, 95%=-1146.60009765625, 98%=-1119.9000244140625
ranking_best_algo: BigLognormalDiscreteOnePlusOne
ranking_best_score: 1301.3600000000004
ranking_my_rank: 55/504 (89.3%)
ranking_my_percent: 89.28571428571429
