ConfigName: kjsd__advperagentrankweighted__M4__L12__eps0p005__g0p0003__ds0p4__dm0p05
Problem: NK
Kernel: jsd
Advantage: peragentrankweighted
M: 4
lambda: 12
epsilon_svgd: 0.005
gamma: 0.0003
decay_start_ratio: 0.4
decay_min_factor: 0.05
bandwith_kernel: None
no_interact: False
avg_score: 0.7445980906486511
median_score: 0.7439011335372925
std_score: 0.008360358886420727
percentiles: 2%=0.7291861772537231, 5%=0.7324998378753662, 10%=0.734393835067749, 25%=0.7392931580543518, 50%=0.7439011335372925, 75%=0.7500129342079163, 90%=0.7555239200592041, 95%=0.7592962384223938, 98%=0.7620841264724731
ranking_best_algo: PBIL
ranking_best_score: 0.733570253046875
ranking_my_rank: 1/504 (100.0%)
ranking_my_percent: 100.0
