ConfigName: krbf__advnormalizedfitness__M4__L24__eps0p02__g0p005__ds0p15__dm0p05
Problem: QUBO
Kernel: rbf
Advantage: normalizedfitness
M: 4
lambda: 24
epsilon_svgd: 0.02
gamma: 0.005
decay_start_ratio: 0.15
decay_min_factor: 0.05
bandwith_kernel: None
no_interact: False
avg_score: -303.17999267578125
median_score: -304.0
std_score: 38.546695709228516
percentiles: 2%=-386.0, 5%=-380.20001220703125, 10%=-353.3999938964844, 25%=-326.5, 50%=-304.0, 75%=-269.5, 90%=-257.79998779296875, 95%=-251.8000030517578, 98%=-242.0
ranking_best_algo: CMApara
ranking_best_score: 319.29999999999995
ranking_my_rank: 212/504 (58.1%)
ranking_my_percent: 58.13492063492063
