ConfigName: kfr__advglobalrankweighted__M4__L5__eps0p05__g0p007__ds0p01__dm0p01
Problem: NK
Kernel: fr
Advantage: globalrankweighted
M: 4
lambda: 5
epsilon_svgd: 0.05
gamma: 0.007
decay_start_ratio: 0.01
decay_min_factor: 0.01
bandwith_kernel: None
no_interact: False
avg_score: 0.7098615765571594
median_score: 0.7114266157150269
std_score: 0.015607237815856934
percentiles: 2%=0.670642077922821, 5%=0.6710091233253479, 10%=0.6915385127067566, 25%=0.7072504162788391, 50%=0.7114266157150269, 75%=0.7176681756973267, 90%=0.725178599357605, 95%=0.7327026128768921, 98%=0.7339261174201965
ranking_best_algo: CMApara
ranking_best_score: 0.707475975
ranking_my_rank: 1/504 (100.0%)
ranking_my_percent: 100.0
