ConfigName: kjsd__advperagentrankweighted__M4__L10__eps0p01__g0p0005__ds0p05__dm0p05
Problem: QUBO
Kernel: jsd
Advantage: peragentrankweighted
M: 4
lambda: 10
epsilon_svgd: 0.01
gamma: 0.0005
decay_start_ratio: 0.05
decay_min_factor: 0.05
bandwith_kernel: None
no_interact: False
avg_score: -1190.239990234375
median_score: -1181.5
std_score: 58.83810043334961
percentiles: 2%=-1351.239990234375, 5%=-1291.0, 10%=-1259.699951171875, 25%=-1223.0, 50%=-1181.5, 75%=-1143.5, 90%=-1120.9000244140625, 95%=-1104.949951171875, 98%=-1098.97998046875
ranking_best_algo: Tabu
ranking_best_score: 1216.16
ranking_my_rank: 55/504 (89.3%)
ranking_my_percent: 89.28571428571429
