ConfigName: kjsd__advperagentrankweighted__M6__L10__eps0p005__g0p0005__ds0p05__dm0p05
Problem: NK
Kernel: jsd
Advantage: peragentrankweighted
M: 6
lambda: 10
epsilon_svgd: 0.005
gamma: 0.0005
decay_start_ratio: 0.05
decay_min_factor: 0.05
bandwith_kernel: None
no_interact: False
avg_score: 0.7447679042816162
median_score: 0.7408133745193481
std_score: 0.02782542258501053
percentiles: 2%=0.7048950791358948, 5%=0.7086623311042786, 10%=0.7120397686958313, 25%=0.7212479114532471, 50%=0.7408133745193481, 75%=0.7585474252700806, 90%=0.7780020236968994, 95%=0.8044298887252808, 98%=0.8118547797203064
ranking_best_algo: CMApara
ranking_best_score: 0.7459277895312499
ranking_my_rank: 3/504 (99.6%)
ranking_my_percent: 99.60317460317461
