ConfigName: kjsd__advperagentrankweighted__M3__L16__eps0p01__g0p001__ds0p2__dm0p2
Problem: QUBO
Kernel: jsd
Advantage: peragentrankweighted
M: 3
lambda: 16
epsilon_svgd: 0.01
gamma: 0.001
decay_start_ratio: 0.2
decay_min_factor: 0.2
bandwith_kernel: None
no_interact: False
avg_score: -410.2200012207031
median_score: -409.0
std_score: 28.883758544921875
percentiles: 2%=-475.0, 5%=-455.0, 10%=-449.1000061035156, 25%=-430.0, 50%=-409.0, 75%=-390.0, 90%=-376.0, 95%=-367.8999938964844, 98%=-357.7200012207031
ranking_best_algo: Tabu
ranking_best_score: 438.12
ranking_my_rank: 90/504 (82.3%)
ranking_my_percent: 82.34126984126983
