ConfigName: kjsd__advperagentrankweighted__M3__L16__eps0p005__g0p003__ds0p05__dm0p05
Problem: QUBO
Kernel: jsd
Advantage: peragentrankweighted
M: 3
lambda: 16
epsilon_svgd: 0.005
gamma: 0.003
decay_start_ratio: 0.05
decay_min_factor: 0.05
bandwith_kernel: None
no_interact: False
avg_score: -571.219970703125
median_score: -570.5
std_score: 29.4881591796875
percentiles: 2%=-623.0, 5%=-615.2999877929688, 10%=-609.2000122070312, 25%=-594.25, 50%=-570.5, 75%=-549.0, 90%=-534.9000244140625, 95%=-525.75, 98%=-511.9599914550781
ranking_best_algo: Tabu
ranking_best_score: 588.7199999999999
ranking_my_rank: 62/503 (87.9%)
ranking_my_percent: 87.8727634194831
