ConfigName: kjsd__advperagentrankweighted__M3__L16__eps0p005__g0p003__ds0p2__dm0p1
Problem: QUBO
Kernel: jsd
Advantage: peragentrankweighted
M: 3
lambda: 16
epsilon_svgd: 0.005
gamma: 0.003
decay_start_ratio: 0.2
decay_min_factor: 0.1
bandwith_kernel: None
no_interact: False
avg_score: -307.3999938964844
median_score: -312.0
std_score: 39.00871658325195
percentiles: 2%=-390.0, 5%=-386.0, 10%=-355.3999938964844, 25%=-330.5, 50%=-312.0, 75%=-271.75, 90%=-262.79998779296875, 95%=-256.95001220703125, 98%=-247.9600067138672
ranking_best_algo: CMApara
ranking_best_score: 319.29999999999995
ranking_my_rank: 97/504 (81.0%)
ranking_my_percent: 80.95238095238095
