ConfigName: krbf__advnormalizedfitness__M4__L12__eps0p015__g0p015__ds0p15__dm0p01
Problem: NK
Kernel: rbf
Advantage: normalizedfitness
M: 4
lambda: 12
epsilon_svgd: 0.015
gamma: 0.015
decay_start_ratio: 0.15
decay_min_factor: 0.01
bandwith_kernel: None
no_interact: False
avg_score: 0.7114306688308716
median_score: 0.700131893157959
std_score: 0.03167400509119034
percentiles: 2%=0.6730144619941711, 5%=0.6737464666366577, 10%=0.6789330244064331, 25%=0.682075023651123, 50%=0.700131893157959, 75%=0.7467819452285767, 90%=0.7530081868171692, 95%=0.7613165378570557, 98%=0.7613165378570557
ranking_best_algo: CMApara
ranking_best_score: 0.7118996098437498
ranking_my_rank: 2/504 (99.8%)
ranking_my_percent: 99.8015873015873
