ConfigName: kjsd__advperagentrankweighted__M3__L18__eps0p01__g0p0007__ds0p2__dm0p2
Problem: NK
Kernel: jsd
Advantage: peragentrankweighted
M: 3
lambda: 18
epsilon_svgd: 0.01
gamma: 0.0007
decay_start_ratio: 0.2
decay_min_factor: 0.2
bandwith_kernel: None
no_interact: False
avg_score: 0.7343371510505676
median_score: 0.7356847524642944
std_score: 0.00913322251290083
percentiles: 2%=0.7138171792030334, 5%=0.7170131802558899, 10%=0.7211079001426697, 25%=0.7290505766868591, 50%=0.7356847524642944, 75%=0.740912914276123, 90%=0.7447594404220581, 95%=0.746849000453949, 98%=0.7489668130874634
ranking_best_algo: PBIL
ranking_best_score: 0.7248786399609374
ranking_my_rank: 1/504 (100.0%)
ranking_my_percent: 100.0
