ConfigName: krbf__advnormalizedfitness__M4__L15__eps0p01__g0p001__ds0p05__dm0p05
Problem: QUBO
Kernel: rbf
Advantage: normalizedfitness
M: 4
lambda: 15
epsilon_svgd: 0.01
gamma: 0.001
decay_start_ratio: 0.05
decay_min_factor: 0.05
bandwith_kernel: None
no_interact: False
avg_score: -1268.5999755859375
median_score: -1271.5
std_score: 70.75379943847656
percentiles: 2%=-1397.280029296875, 5%=-1371.1500244140625, 10%=-1359.0, 25%=-1321.0, 50%=-1271.5, 75%=-1217.0, 90%=-1178.800048828125, 95%=-1164.800048828125, 98%=-1123.5
ranking_best_algo: BigLognormalDiscreteOnePlusOne
ranking_best_score: 1301.3600000000004
ranking_my_rank: 49/504 (90.5%)
ranking_my_percent: 90.47619047619048
