ConfigName: krbf__advnormalizedfitness__M4__L8__eps0p015__g0p005__ds0p01__dm0p01
Problem: QUBO
Kernel: rbf
Advantage: normalizedfitness
M: 4
lambda: 8
epsilon_svgd: 0.015
gamma: 0.005
decay_start_ratio: 0.01
decay_min_factor: 0.01
bandwith_kernel: None
no_interact: False
avg_score: -311.8999938964844
median_score: -314.0
std_score: 38.800384521484375
percentiles: 2%=-392.0400085449219, 5%=-386.1000061035156, 10%=-359.79998779296875, 25%=-341.0, 50%=-314.0, 75%=-274.75, 90%=-266.0, 95%=-260.95001220703125, 98%=-255.91998291015625
ranking_best_algo: CMApara
ranking_best_score: 319.29999999999995
ranking_my_rank: 36/504 (93.1%)
ranking_my_percent: 93.05555555555556
