ConfigName: kjsd__advperagentrankweighted__M4__L12__eps0p005__g0p0007__ds0p2__dm0p05
Problem: QUBO
Kernel: jsd
Advantage: peragentrankweighted
M: 4
lambda: 12
epsilon_svgd: 0.005
gamma: 0.0007
decay_start_ratio: 0.2
decay_min_factor: 0.05
bandwith_kernel: None
no_interact: False
avg_score: -2570.0
median_score: -2556.5
std_score: 104.13817596435547
percentiles: 2%=-2792.280029296875, 5%=-2728.199951171875, 10%=-2707.0, 25%=-2647.75, 50%=-2556.5, 75%=-2495.75, 90%=-2443.60009765625, 95%=-2411.800048828125, 98%=-2404.5400390625
ranking_best_algo: SVM1MetaModelLogNormal
ranking_best_score: 2605.14
ranking_my_rank: 15/504 (97.2%)
ranking_my_percent: 97.22222222222223
