ConfigName: kjsd__advperagentrankweighted__M4__L8__eps0p02__g0p0003__ds0p05__dm0p05
Problem: QUBO
Kernel: jsd
Advantage: peragentrankweighted
M: 4
lambda: 8
epsilon_svgd: 0.02
gamma: 0.0003
decay_start_ratio: 0.05
decay_min_factor: 0.05
bandwith_kernel: None
no_interact: False
avg_score: -136.4199981689453
median_score: -137.0
std_score: 12.034268379211426
percentiles: 2%=-159.02000427246094, 5%=-157.0, 10%=-152.10000610351562, 25%=-146.0, 50%=-137.0, 75%=-127.0, 90%=-119.9000015258789, 95%=-117.0, 98%=-112.9800033569336
ranking_best_algo: DiscreteDE
ranking_best_score: 143.4
ranking_my_rank: 214/504 (57.7%)
ranking_my_percent: 57.73809523809524
