ConfigName: kjsd__advperagentrankweighted__M8__L12__eps0p008__g0p0005__ds0p3__dm0p05
Problem: QUBO
Kernel: jsd
Advantage: peragentrankweighted
M: 8
lambda: 12
epsilon_svgd: 0.008
gamma: 0.0005
decay_start_ratio: 0.3
decay_min_factor: 0.05
bandwith_kernel: None
no_interact: False
avg_score: -421.3999938964844
median_score: -416.5
std_score: 25.628110885620117
percentiles: 2%=-475.0400085449219, 5%=-465.29998779296875, 10%=-453.1000061035156, 25%=-442.0, 50%=-416.5, 75%=-403.5, 90%=-391.79998779296875, 95%=-384.0, 98%=-379.6400146484375
ranking_best_algo: Tabu
ranking_best_score: 438.12
ranking_my_rank: 22/504 (95.8%)
ranking_my_percent: 95.83333333333333
