ConfigName: kjsd__advperagentrankweighted__M3__L18__eps0p007__g0p003__ds0p2__dm0p2
Problem: NK
Kernel: jsd
Advantage: peragentrankweighted
M: 3
lambda: 18
epsilon_svgd: 0.007
gamma: 0.003
decay_start_ratio: 0.2
decay_min_factor: 0.2
bandwith_kernel: None
no_interact: False
avg_score: 0.7352297902107239
median_score: 0.7362573742866516
std_score: 0.008851071819663048
percentiles: 2%=0.7154550552368164, 5%=0.7197440266609192, 10%=0.7219935655593872, 25%=0.7298578023910522, 50%=0.7362573742866516, 75%=0.7421365976333618, 90%=0.7452875971794128, 95%=0.7473457455635071, 98%=0.749800443649292
ranking_best_algo: PBIL
ranking_best_score: 0.730509098125
ranking_my_rank: 1/504 (100.0%)
ranking_my_percent: 100.0
