ConfigName: kjsd__advperagentrankweighted__M3__L18__eps0p007__g0p003__ds0p1__dm0p05
Problem: NK
Kernel: jsd
Advantage: peragentrankweighted
M: 3
lambda: 18
epsilon_svgd: 0.007
gamma: 0.003
decay_start_ratio: 0.1
decay_min_factor: 0.05
bandwith_kernel: None
no_interact: False
avg_score: 0.7374622821807861
median_score: 0.737199068069458
std_score: 0.012843023054301739
percentiles: 2%=0.7158288955688477, 5%=0.7170066833496094, 10%=0.7218918204307556, 25%=0.7290161848068237, 50%=0.737199068069458, 75%=0.7454765439033508, 90%=0.7545874118804932, 95%=0.760804295539856, 98%=0.7647538781166077
ranking_best_algo: Tabu
ranking_best_score: 0.7601875690625
ranking_my_rank: 20/504 (96.2%)
ranking_my_percent: 96.23015873015873
