ConfigName: kjsd__advperagentrankweighted__M3__L20__eps0p005__g0p0005__ds0p1__dm0p05
Problem: QUBO
Kernel: jsd
Advantage: peragentrankweighted
M: 3
lambda: 20
epsilon_svgd: 0.005
gamma: 0.0005
decay_start_ratio: 0.1
decay_min_factor: 0.05
bandwith_kernel: None
no_interact: False
avg_score: -2651.89990234375
median_score: -2647.0
std_score: 119.66047668457031
percentiles: 2%=-2915.0400390625, 5%=-2871.75, 10%=-2814.300048828125, 25%=-2720.75, 50%=-2647.0, 75%=-2578.25, 90%=-2507.699951171875, 95%=-2462.199951171875, 98%=-2413.820068359375
ranking_best_algo: DiscreteLengler2OnePlusOne
ranking_best_score: 2617.04
ranking_my_rank: 1/504 (100.0%)
ranking_my_percent: 100.0
