ConfigName: kjsd__advperagentrankweighted__M5__L12__eps0p03__g0p0007__ds0p2__dm0p05
Problem: NK
Kernel: jsd
Advantage: peragentrankweighted
M: 5
lambda: 12
epsilon_svgd: 0.03
gamma: 0.0007
decay_start_ratio: 0.2
decay_min_factor: 0.05
bandwith_kernel: None
no_interact: False
avg_score: 0.7350156903266907
median_score: 0.7347533106803894
std_score: 0.011995412409305573
percentiles: 2%=0.7134351134300232, 5%=0.7154734134674072, 10%=0.7207013964653015, 25%=0.7253082394599915, 50%=0.7347533106803894, 75%=0.7420284748077393, 90%=0.7516931891441345, 95%=0.7545153498649597, 98%=0.7575778365135193
ranking_best_algo: Tabu
ranking_best_score: 0.7601875690625
ranking_my_rank: 28/504 (94.6%)
ranking_my_percent: 94.64285714285714
