ConfigName: kjsd__advperagentrankweighted__M3__L20__eps0p007__g0p0005__ds0p2__dm0p05
Problem: QUBO
Kernel: jsd
Advantage: peragentrankweighted
M: 3
lambda: 20
epsilon_svgd: 0.007
gamma: 0.0005
decay_start_ratio: 0.2
decay_min_factor: 0.05
bandwith_kernel: None
no_interact: False
avg_score: -1246.800048828125
median_score: -1245.0
std_score: 60.88957214355469
percentiles: 2%=-1360.0400390625, 5%=-1350.050048828125, 10%=-1329.4000244140625, 25%=-1285.5, 50%=-1245.0, 75%=-1200.0, 90%=-1168.800048828125, 95%=-1160.9000244140625, 98%=-1137.719970703125
ranking_best_algo: SVMMetaModelLogNormal
ranking_best_score: 1233.7999999999997
ranking_my_rank: 1/504 (100.0%)
ranking_my_percent: 100.0
