ConfigName: kjsd__advperagentrankweighted__M4__L20__eps0p005__g0p0005__ds0p05__dm0p2
Problem: QUBO
Kernel: jsd
Advantage: peragentrankweighted
M: 4
lambda: 20
epsilon_svgd: 0.005
gamma: 0.0005
decay_start_ratio: 0.05
decay_min_factor: 0.2
bandwith_kernel: None
no_interact: False
avg_score: -1304.52001953125
median_score: -1310.5
std_score: 66.05868530273438
percentiles: 2%=-1433.3199462890625, 5%=-1411.300048828125, 10%=-1382.300048828125, 25%=-1347.25, 50%=-1310.5, 75%=-1257.5, 90%=-1209.9000244140625, 95%=-1193.550048828125, 98%=-1158.800048828125
ranking_best_algo: BigLognormalDiscreteOnePlusOne
ranking_best_score: 1301.3600000000004
ranking_my_rank: 1/504 (100.0%)
ranking_my_percent: 100.0
