ConfigName: kfr__advglobalrankweighted__M4__L5__eps0p05__g0p01__ds0p01__dm0p01
Problem: NK
Kernel: fr
Advantage: globalrankweighted
M: 4
lambda: 5
epsilon_svgd: 0.05
gamma: 0.01
decay_start_ratio: 0.01
decay_min_factor: 0.01
bandwith_kernel: None
no_interact: False
avg_score: 0.7545827627182007
median_score: 0.7545517086982727
std_score: 0.012386923655867577
percentiles: 2%=0.7282487750053406, 5%=0.7366423606872559, 10%=0.7395238876342773, 25%=0.7455176115036011, 50%=0.7545517086982727, 75%=0.7632411122322083, 90%=0.7700491547584534, 95%=0.7764962315559387, 98%=0.7782637476921082
ranking_best_algo: Tabu
ranking_best_score: 0.7657846284375001
ranking_my_rank: 7/504 (98.8%)
ranking_my_percent: 98.80952380952381
