ConfigName: krbf__advnormalizedfitness__M3__L15__eps0p025__g0p005__ds0p3__dm0p3
Problem: QUBO
Kernel: rbf
Advantage: normalizedfitness
M: 3
lambda: 15
epsilon_svgd: 0.025
gamma: 0.005
decay_start_ratio: 0.3
decay_min_factor: 0.3
bandwith_kernel: None
no_interact: False
avg_score: -426.260009765625
median_score: -428.5
std_score: 25.873777389526367
percentiles: 2%=-477.0, 5%=-473.1000061035156, 10%=-460.5, 25%=-439.5, 50%=-428.5, 75%=-408.5, 90%=-394.8999938964844, 95%=-382.9000244140625, 98%=-373.9599914550781
ranking_best_algo: CMAL3
ranking_best_score: 435.36
ranking_my_rank: 23/504 (95.6%)
ranking_my_percent: 95.63492063492063
