ConfigName: krbf__advnormalizedfitness__M2__L8__eps0p033__g0p007__ds0p3__dm0p3
Problem: QUBO
Kernel: rbf
Advantage: normalizedfitness
M: 2
lambda: 8
epsilon_svgd: 0.033
gamma: 0.007
decay_start_ratio: 0.3
decay_min_factor: 0.3
bandwith_kernel: None
no_interact: False
avg_score: -896.7000122070312
median_score: -890.0
std_score: 62.10032272338867
percentiles: 2%=-1012.4400024414062, 5%=-1003.0499877929688, 10%=-981.2999877929688, 25%=-939.25, 50%=-890.0, 75%=-856.5, 90%=-819.0, 95%=-805.9500122070312, 98%=-771.9400024414062
ranking_best_algo: CMAL3
ranking_best_score: 928.5800000000002
ranking_my_rank: 82/504 (83.9%)
ranking_my_percent: 83.92857142857143
