ConfigName: kjsd__advperagentrankweighted__M3__L18__eps0p01__g0p0005__ds0p1__dm0p05
Problem: NK
Kernel: jsd
Advantage: peragentrankweighted
M: 3
lambda: 18
epsilon_svgd: 0.01
gamma: 0.0005
decay_start_ratio: 0.1
decay_min_factor: 0.05
bandwith_kernel: None
no_interact: False
avg_score: 0.7060533761978149
median_score: 0.7087684273719788
std_score: 0.011761587113142014
percentiles: 2%=0.6864278316497803, 5%=0.687305212020874, 10%=0.6903731226921082, 25%=0.6953760385513306, 50%=0.7087684273719788, 75%=0.7163642644882202, 90%=0.7204993367195129, 95%=0.7226873636245728, 98%=0.7238279581069946
ranking_best_algo: PBIL
ranking_best_score: 0.7013553837109374
ranking_my_rank: 1/504 (100.0%)
ranking_my_percent: 100.0
