ConfigName: kfr__advglobalrankweighted__M6__L11__eps0p01__g0p005__ds0p01__dm0p01
Problem: QUBO
Kernel: fr
Advantage: globalrankweighted
M: 6
lambda: 11
epsilon_svgd: 0.01
gamma: 0.005
decay_start_ratio: 0.01
decay_min_factor: 0.01
bandwith_kernel: None
no_interact: False
avg_score: -851.6199951171875
median_score: -842.0
std_score: 79.4938735961914
percentiles: 2%=-1026.1199951171875, 5%=-1003.5499877929688, 10%=-976.2000122070312, 25%=-895.75, 50%=-842.0, 75%=-798.0, 90%=-750.7999877929688, 95%=-722.7000122070312, 98%=-712.719970703125
ranking_best_algo: CMApara
ranking_best_score: 964.9
ranking_my_rank: 259/504 (48.8%)
ranking_my_percent: 48.80952380952381
