ConfigName: kjsd__advperagentrankweighted__M4__L20__eps0p005__g0p0005__ds0p05__dm0p2
Problem: QUBO
Kernel: jsd
Advantage: peragentrankweighted
M: 4
lambda: 20
epsilon_svgd: 0.005
gamma: 0.0005
decay_start_ratio: 0.05
decay_min_factor: 0.2
bandwith_kernel: None
no_interact: False
avg_score: -2622.39990234375
median_score: -2626.0
std_score: 132.69317626953125
percentiles: 2%=-2866.0400390625, 5%=-2832.949951171875, 10%=-2786.10009765625, 25%=-2728.5, 50%=-2626.0, 75%=-2521.5, 90%=-2438.699951171875, 95%=-2419.85009765625, 98%=-2382.300048828125
ranking_best_algo: DiscreteLengler2OnePlusOne
ranking_best_score: 2617.04
ranking_my_rank: 1/504 (100.0%)
ranking_my_percent: 100.0
