ConfigName: kjsd__advperagentrankweighted__M3__L18__eps0p007__g0p003__ds0p05__dm0p05
Problem: QUBO
Kernel: jsd
Advantage: peragentrankweighted
M: 3
lambda: 18
epsilon_svgd: 0.007
gamma: 0.003
decay_start_ratio: 0.05
decay_min_factor: 0.05
bandwith_kernel: None
no_interact: False
avg_score: -415.5199890136719
median_score: -420.0
std_score: 26.106121063232422
percentiles: 2%=-469.0, 5%=-453.20001220703125, 10%=-446.6000061035156, 25%=-430.5, 50%=-420.0, 75%=-396.0, 90%=-383.6000061035156, 95%=-375.8999938964844, 98%=-361.9200134277344
ranking_best_algo: Tabu
ranking_best_score: 438.12
ranking_my_rank: 49/504 (90.5%)
ranking_my_percent: 90.47619047619048
