ConfigName: kjsd__advperagentrankweighted__M4__L10__eps0p03__g0p0003__ds0p2__dm0p05
Problem: NK
Kernel: jsd
Advantage: peragentrankweighted
M: 4
lambda: 10
epsilon_svgd: 0.03
gamma: 0.0003
decay_start_ratio: 0.2
decay_min_factor: 0.05
bandwith_kernel: None
no_interact: False
avg_score: 0.7033532857894897
median_score: 0.705672025680542
std_score: 0.01653434708714485
percentiles: 2%=0.6611083745956421, 5%=0.6650593876838684, 10%=0.6817202568054199, 25%=0.6979314684867859, 50%=0.705672025680542, 75%=0.712636411190033, 90%=0.7234081029891968, 95%=0.7303608059883118, 98%=0.7312344908714294
ranking_best_algo: CMApara
ranking_best_score: 0.707475975
ranking_my_rank: 18/504 (96.6%)
ranking_my_percent: 96.62698412698413
