ConfigName: kjsd__advperagentrankweighted__M3__L20__eps0p007__g0p003__ds0p05__dm0p2
Problem: NK
Kernel: jsd
Advantage: peragentrankweighted
M: 3
lambda: 20
epsilon_svgd: 0.007
gamma: 0.003
decay_start_ratio: 0.05
decay_min_factor: 0.2
bandwith_kernel: None
no_interact: False
avg_score: 0.5980675220489502
median_score: 0.5957319736480713
std_score: 0.010189419612288475
percentiles: 2%=0.5813313722610474, 5%=0.584187924861908, 10%=0.5861207842826843, 25%=0.5911588072776794, 50%=0.5957319736480713, 75%=0.6051598191261292, 90%=0.6127625703811646, 95%=0.6166381239891052, 98%=0.6217920780181885
ranking_best_algo: PBIL
ranking_best_score: 0.7170882103515624
ranking_my_rank: 361/504 (28.6%)
ranking_my_percent: 28.571428571428573
