ConfigName: kjsd__advperagentrankweighted__M3__L20__eps0p007__g0p0007__ds0p05__dm0p05
Problem: QUBO
Kernel: jsd
Advantage: peragentrankweighted
M: 3
lambda: 20
epsilon_svgd: 0.007
gamma: 0.0007
decay_start_ratio: 0.05
decay_min_factor: 0.05
bandwith_kernel: None
no_interact: False
avg_score: -307.6199951171875
median_score: -304.0
std_score: 39.774559020996094
percentiles: 2%=-392.0, 5%=-386.0, 10%=-360.0, 25%=-332.5, 50%=-304.0, 75%=-274.75, 90%=-262.79998779296875, 95%=-257.79998779296875, 98%=-241.9600067138672
ranking_best_algo: CMApara
ranking_best_score: 319.29999999999995
ranking_my_rank: 96/504 (81.2%)
ranking_my_percent: 81.15079365079364
