ConfigName: krbf__advnormalizedfitness__M3__L12__eps0p025__g0p007__ds0p01__dm0p3
Problem: QUBO
Kernel: rbf
Advantage: normalizedfitness
M: 3
lambda: 12
epsilon_svgd: 0.025
gamma: 0.007
decay_start_ratio: 0.01
decay_min_factor: 0.3
bandwith_kernel: None
no_interact: False
avg_score: -2538.300048828125
median_score: -2525.0
std_score: 158.61622619628906
percentiles: 2%=-2817.43994140625, 5%=-2804.14990234375, 10%=-2738.199951171875, 25%=-2671.0, 50%=-2525.0, 75%=-2413.75, 90%=-2326.0, 95%=-2293.800048828125, 98%=-2277.760009765625
ranking_best_algo: DiscreteLengler2OnePlusOne
ranking_best_score: 2617.04
ranking_my_rank: 57/504 (88.9%)
ranking_my_percent: 88.88888888888889
