ConfigName: kjsd__advperagentrankweighted__M4__L24__eps0p005__g0p0003__ds0p4__dm0p05
Problem: QUBO
Kernel: jsd
Advantage: peragentrankweighted
M: 4
lambda: 24
epsilon_svgd: 0.005
gamma: 0.0003
decay_start_ratio: 0.4
decay_min_factor: 0.05
bandwith_kernel: None
no_interact: False
avg_score: -2579.93994140625
median_score: -2568.0
std_score: 116.71690368652344
percentiles: 2%=-2818.93994140625, 5%=-2806.14990234375, 10%=-2741.10009765625, 25%=-2650.75, 50%=-2568.0, 75%=-2506.5, 90%=-2442.0, 95%=-2417.0, 98%=-2357.719970703125
ranking_best_algo: SVM1MetaModelLogNormal
ranking_best_score: 2605.14
ranking_my_rank: 13/504 (97.6%)
ranking_my_percent: 97.61904761904762
