ConfigName: krbf__advnormalizedfitness__M3__L15__eps0p033__g0p01__ds0p3__dm0p01
Problem: QUBO
Kernel: rbf
Advantage: normalizedfitness
M: 3
lambda: 15
epsilon_svgd: 0.033
gamma: 0.01
decay_start_ratio: 0.3
decay_min_factor: 0.01
bandwith_kernel: None
no_interact: False
avg_score: -577.4600219726562
median_score: -576.5
std_score: 29.614665985107422
percentiles: 2%=-631.0, 5%=-627.0, 10%=-621.0, 25%=-602.25, 50%=-576.5, 75%=-556.0, 90%=-540.0, 95%=-530.0, 98%=-525.0
ranking_best_algo: Tabu
ranking_best_score: 588.7199999999999
ranking_my_rank: 44/503 (91.5%)
ranking_my_percent: 91.45129224652088
