ConfigName: kjsd__advperagentrankweighted__M3__L18__eps0p005__g0p0007__ds0p1__dm0p2
Problem: QUBO
Kernel: jsd
Advantage: peragentrankweighted
M: 3
lambda: 18
epsilon_svgd: 0.005
gamma: 0.0007
decay_start_ratio: 0.1
decay_min_factor: 0.2
bandwith_kernel: None
no_interact: False
avg_score: -1605.780029296875
median_score: -1603.0
std_score: 61.02533721923828
percentiles: 2%=-1725.02001953125, 5%=-1694.300048828125, 10%=-1685.300048828125, 25%=-1650.25, 50%=-1603.0, 75%=-1564.0, 90%=-1518.800048828125, 95%=-1502.800048828125, 98%=-1494.719970703125
ranking_best_algo: NLOPT_LN_PRAXIS
ranking_best_score: 1607.12
ranking_my_rank: 10/504 (98.2%)
ranking_my_percent: 98.21428571428571
