ConfigName: kjsd__advperagentrankweighted__M3__L18__eps0p007__g0p001__ds0p2__dm0p2
Problem: NK
Kernel: jsd
Advantage: peragentrankweighted
M: 3
lambda: 18
epsilon_svgd: 0.007
gamma: 0.001
decay_start_ratio: 0.2
decay_min_factor: 0.2
bandwith_kernel: None
no_interact: False
avg_score: 0.7132651805877686
median_score: 0.7131893634796143
std_score: 0.00971660204231739
percentiles: 2%=0.697619616985321, 5%=0.6991442441940308, 10%=0.7007246613502502, 25%=0.7058435678482056, 50%=0.7131893634796143, 75%=0.7185405492782593, 90%=0.7262008786201477, 95%=0.7305727601051331, 98%=0.7323185205459595
ranking_best_algo: PBIL
ranking_best_score: 0.7170882103515624
ranking_my_rank: 42/504 (91.9%)
ranking_my_percent: 91.86507936507937
