ConfigName: kjsd__advperagentrankweighted__M6__L10__eps0p02__g0p0007__ds0p05__dm0p05
Problem: NK
Kernel: jsd
Advantage: peragentrankweighted
M: 6
lambda: 10
epsilon_svgd: 0.02
gamma: 0.0007
decay_start_ratio: 0.05
decay_min_factor: 0.05
bandwith_kernel: None
no_interact: False
avg_score: 0.738149106502533
median_score: 0.7388365268707275
std_score: 0.011634011752903461
percentiles: 2%=0.7157093286514282, 5%=0.719528317451477, 10%=0.7246600985527039, 25%=0.7306463718414307, 50%=0.7388365268707275, 75%=0.746397078037262, 90%=0.7530311346054077, 95%=0.756222128868103, 98%=0.7609308958053589
ranking_best_algo: Tabu
ranking_best_score: 0.7601875690625
ranking_my_rank: 19/504 (96.4%)
ranking_my_percent: 96.42857142857143
