ConfigName: kjsd__advperagentrankweighted__M4__L8__eps0p02__g0p0005__ds0p05__dm0p05
Problem: QUBO
Kernel: jsd
Advantage: peragentrankweighted
M: 4
lambda: 8
epsilon_svgd: 0.02
gamma: 0.0005
decay_start_ratio: 0.05
decay_min_factor: 0.05
bandwith_kernel: None
no_interact: False
avg_score: -196.1999969482422
median_score: -197.0
std_score: 12.391932487487793
percentiles: 2%=-222.0399932861328, 5%=-219.0500030517578, 10%=-211.1999969482422, 25%=-202.25, 50%=-197.0, 75%=-186.75, 90%=-181.89999389648438, 95%=-176.9499969482422, 98%=-168.97999572753906
ranking_best_algo: Tabu
ranking_best_score: 208.36000000000004
ranking_my_rank: 202/504 (60.1%)
ranking_my_percent: 60.11904761904762
