ConfigName: kjsd__advperagentrankweighted__M5__L24__eps0p03__g0p0005__ds0p05__dm0p05
Problem: QUBO
Kernel: jsd
Advantage: peragentrankweighted
M: 5
lambda: 24
epsilon_svgd: 0.03
gamma: 0.0005
decay_start_ratio: 0.05
decay_min_factor: 0.05
bandwith_kernel: None
no_interact: False
avg_score: -936.02001953125
median_score: -934.5
std_score: 62.50839614868164
percentiles: 2%=-1054.47998046875, 5%=-1034.050048828125, 10%=-1021.2000122070312, 25%=-979.25, 50%=-934.5, 75%=-892.0, 90%=-846.7999877929688, 95%=-833.0, 98%=-820.9600219726562
ranking_best_algo: CMApara
ranking_best_score: 964.9
ranking_my_rank: 13/504 (97.6%)
ranking_my_percent: 97.61904761904762
