ConfigName: kfr__advglobalrankweighted__M6__L8__eps0p02__g0p005__ds0p01__dm0p01
Problem: QUBO
Kernel: fr
Advantage: globalrankweighted
M: 6
lambda: 8
epsilon_svgd: 0.02
gamma: 0.005
decay_start_ratio: 0.01
decay_min_factor: 0.01
bandwith_kernel: None
no_interact: False
avg_score: -1234.8599853515625
median_score: -1231.0
std_score: 70.01028442382812
percentiles: 2%=-1394.3800048828125, 5%=-1343.199951171875, 10%=-1323.199951171875, 25%=-1291.0, 50%=-1231.0, 75%=-1194.5, 90%=-1148.699951171875, 95%=-1132.1500244140625, 98%=-1089.9000244140625
ranking_best_algo: BigLognormalDiscreteOnePlusOne
ranking_best_score: 1301.3600000000004
ranking_my_rank: 61/504 (88.1%)
ranking_my_percent: 88.0952380952381
