ConfigName: krbf__advnormalizedfitness__M2__L8__eps0p015__g0p007__ds0p3__dm0p3
Problem: QUBO
Kernel: rbf
Advantage: normalizedfitness
M: 2
lambda: 8
epsilon_svgd: 0.015
gamma: 0.007
decay_start_ratio: 0.3
decay_min_factor: 0.3
bandwith_kernel: None
no_interact: False
avg_score: -442.82000732421875
median_score: -445.0
std_score: 28.04509925842285
percentiles: 2%=-492.0, 5%=-489.0, 10%=-481.1000061035156, 25%=-462.5, 50%=-445.0, 75%=-422.5, 90%=-403.8999938964844, 95%=-395.8999938964844, 98%=-388.8399963378906
ranking_best_algo: CMApara
ranking_best_score: 453.82
ranking_my_rank: 8/504 (98.6%)
ranking_my_percent: 98.61111111111111
