ConfigName: kjsd__advperagentrankweighted__M5__L8__eps0p005__g0p003__ds0p05__dm0p05
Problem: QUBO
Kernel: jsd
Advantage: peragentrankweighted
M: 5
lambda: 8
epsilon_svgd: 0.005
gamma: 0.003
decay_start_ratio: 0.05
decay_min_factor: 0.05
bandwith_kernel: None
no_interact: False
avg_score: -2320.340087890625
median_score: -2329.0
std_score: 145.87420654296875
percentiles: 2%=-2634.3798828125, 5%=-2559.5, 10%=-2505.10009765625, 25%=-2413.0, 50%=-2329.0, 75%=-2224.25, 90%=-2137.699951171875, 95%=-2071.89990234375, 98%=-2034.8800048828125
ranking_best_algo: DiscreteLengler2OnePlusOne
ranking_best_score: 2617.04
ranking_my_rank: 156/504 (69.2%)
ranking_my_percent: 69.24603174603175
