ConfigName: krbf__advnormalizedfitness__M3__L10__eps0p033__g0p01__ds0p01__dm0p3
Problem: QUBO
Kernel: rbf
Advantage: normalizedfitness
M: 3
lambda: 10
epsilon_svgd: 0.033
gamma: 0.01
decay_start_ratio: 0.01
decay_min_factor: 0.3
bandwith_kernel: None
no_interact: False
avg_score: -928.8400268554688
median_score: -924.5
std_score: 70.04566192626953
percentiles: 2%=-1074.0, 5%=-1046.949951171875, 10%=-1034.199951171875, 25%=-981.5, 50%=-924.5, 75%=-876.75, 90%=-848.7999877929688, 95%=-823.0, 98%=-804.7999267578125
ranking_best_algo: CMApara
ranking_best_score: 964.9
ranking_my_rank: 21/504 (96.0%)
ranking_my_percent: 96.03174603174604
