ConfigName: kjsd__advperagentrankweighted__M4__L12__eps0p02__g0p0003__ds0p2__dm0p05
Problem: NK
Kernel: jsd
Advantage: peragentrankweighted
M: 4
lambda: 12
epsilon_svgd: 0.02
gamma: 0.0003
decay_start_ratio: 0.2
decay_min_factor: 0.05
bandwith_kernel: None
no_interact: False
avg_score: 0.715309739112854
median_score: 0.7146683931350708
std_score: 0.008870798163115978
percentiles: 2%=0.7010030150413513, 5%=0.7032511830329895, 10%=0.7044078707695007, 25%=0.7099465727806091, 50%=0.7146683931350708, 75%=0.7198755145072937, 90%=0.7248579859733582, 95%=0.7311702966690063, 98%=0.7398349642753601
ranking_best_algo: Tabu
ranking_best_score: 0.7429702712499999
ranking_my_rank: 86/504 (83.1%)
ranking_my_percent: 83.13492063492063
