ConfigName: kjsd__advperagentrankweighted__M5__L8__eps0p005__g0p003__ds0p05__dm0p05
Problem: QUBO
Kernel: jsd
Advantage: peragentrankweighted
M: 5
lambda: 8
epsilon_svgd: 0.005
gamma: 0.003
decay_start_ratio: 0.05
decay_min_factor: 0.05
bandwith_kernel: None
no_interact: False
avg_score: -562.8200073242188
median_score: -560.0
std_score: 36.85712432861328
percentiles: 2%=-633.0800170898438, 5%=-616.25, 10%=-613.0999755859375, 25%=-591.25, 50%=-560.0, 75%=-537.75, 90%=-512.9000244140625, 95%=-498.75, 98%=-492.8800048828125
ranking_best_algo: Tabu
ranking_best_score: 588.7199999999999
ranking_my_rank: 94/503 (81.5%)
ranking_my_percent: 81.51093439363817
