ConfigName: krbf__advnormalizedfitness__M1__L8__eps0p015__g0p005__ds0p01__dm0p01
Problem: NK
Kernel: rbf
Advantage: normalizedfitness
M: 1
lambda: 8
epsilon_svgd: 0.015
gamma: 0.005
decay_start_ratio: 0.01
decay_min_factor: 0.01
bandwith_kernel: None
no_interact: False
avg_score: 0.7009024620056152
median_score: 0.7023177146911621
std_score: 0.011456215754151344
percentiles: 2%=0.6798859238624573, 5%=0.6818701028823853, 10%=0.6846794486045837, 25%=0.6923223733901978, 50%=0.7023177146911621, 75%=0.7106863260269165, 90%=0.7143899202346802, 95%=0.7165109515190125, 98%=0.7174615859985352
ranking_best_algo: PBIL
ranking_best_score: 0.7013553837109374
ranking_my_rank: 2/504 (99.8%)
ranking_my_percent: 99.8015873015873
