ConfigName: kfr__advglobalrankweighted__M5__L8__eps0p01__g0p007__ds0p01__dm0p01
Problem: QUBO
Kernel: fr
Advantage: globalrankweighted
M: 5
lambda: 8
epsilon_svgd: 0.01
gamma: 0.007
decay_start_ratio: 0.01
decay_min_factor: 0.01
bandwith_kernel: None
no_interact: False
avg_score: -2274.179931640625
median_score: -2262.0
std_score: 154.63702392578125
percentiles: 2%=-2581.06005859375, 5%=-2510.14990234375, 10%=-2472.199951171875, 25%=-2387.25, 50%=-2262.0, 75%=-2176.75, 90%=-2081.39990234375, 95%=-2038.400146484375, 98%=-1971.4798583984375
ranking_best_algo: DiscreteLengler2OnePlusOne
ranking_best_score: 2617.04
ranking_my_rank: 174/504 (65.7%)
ranking_my_percent: 65.67460317460318
