ConfigName: kjsd__advperagentrankweighted__M5__L10__eps0p03__g0p0005__ds0p05__dm0p05
Problem: QUBO
Kernel: jsd
Advantage: peragentrankweighted
M: 5
lambda: 10
epsilon_svgd: 0.03
gamma: 0.0005
decay_start_ratio: 0.05
decay_min_factor: 0.05
bandwith_kernel: None
no_interact: False
avg_score: -1223.5400390625
median_score: -1224.0
std_score: 58.58334732055664
percentiles: 2%=-1334.1199951171875, 5%=-1325.050048828125, 10%=-1299.5, 25%=-1265.5, 50%=-1224.0, 75%=-1182.25, 90%=-1145.300048828125, 95%=-1128.9000244140625, 98%=-1123.780029296875
ranking_best_algo: SVMMetaModelLogNormal
ranking_best_score: 1233.7999999999997
ranking_my_rank: 14/504 (97.4%)
ranking_my_percent: 97.42063492063492
