ConfigName: krbf__advnormalizedfitness__M4__L12__eps0p015__g0p005__ds0p15__dm0p3
Problem: QUBO
Kernel: rbf
Advantage: normalizedfitness
M: 4
lambda: 12
epsilon_svgd: 0.015
gamma: 0.005
decay_start_ratio: 0.15
decay_min_factor: 0.3
bandwith_kernel: None
no_interact: False
avg_score: -2087.320068359375
median_score: -2091.0
std_score: 190.04351806640625
percentiles: 2%=-2467.0400390625, 5%=-2392.60009765625, 10%=-2327.800048828125, 25%=-2237.0, 50%=-2091.0, 75%=-1939.5, 90%=-1835.5, 95%=-1826.400146484375, 98%=-1769.4798583984375
ranking_best_algo: DiscreteLengler2OnePlusOne
ranking_best_score: 2617.04
ranking_my_rank: 219/504 (56.7%)
ranking_my_percent: 56.74603174603175
