ConfigName: krbf__advnormalizedfitness__M4__L24__eps0p03__g0p01__ds0p15__dm0p05
Problem: QUBO
Kernel: rbf
Advantage: normalizedfitness
M: 4
lambda: 24
epsilon_svgd: 0.03
gamma: 0.01
decay_start_ratio: 0.15
decay_min_factor: 0.05
bandwith_kernel: None
no_interact: False
avg_score: -430.7799987792969
median_score: -421.5
std_score: 54.5178108215332
percentiles: 2%=-523.3599853515625, 5%=-521.0499877929688, 10%=-506.1000061035156, 25%=-472.0, 50%=-421.5, 75%=-392.75, 90%=-365.0, 95%=-354.70001220703125, 98%=-333.82000732421875
ranking_best_algo: Tabu
ranking_best_score: 588.7199999999999
ranking_my_rank: 326/503 (35.4%)
ranking_my_percent: 35.387673956262425
