ConfigName: kjsd__advperagentrankweighted__M4__L12__eps0p005__g0p0005__ds0p1__dm0p2
Problem: NK
Kernel: jsd
Advantage: peragentrankweighted
M: 4
lambda: 12
epsilon_svgd: 0.005
gamma: 0.0005
decay_start_ratio: 0.1
decay_min_factor: 0.2
bandwith_kernel: None
no_interact: False
avg_score: 0.7324602603912354
median_score: 0.7320079207420349
std_score: 0.01017132867127657
percentiles: 2%=0.7148693203926086, 5%=0.7166674137115479, 10%=0.7187507152557373, 25%=0.7254848480224609, 50%=0.7320079207420349, 75%=0.7371505498886108, 90%=0.74494469165802, 95%=0.7503305077552795, 98%=0.7563591003417969
ranking_best_algo: Tabu
ranking_best_score: 0.7429702712499999
ranking_my_rank: 2/504 (99.8%)
ranking_my_percent: 99.8015873015873
