ConfigName: krbf__advnormalizedfitness__M2__L10__eps0p015__g0p01__ds0p01__dm0p01
Problem: QUBO
Kernel: rbf
Advantage: normalizedfitness
M: 2
lambda: 10
epsilon_svgd: 0.015
gamma: 0.01
decay_start_ratio: 0.01
decay_min_factor: 0.01
bandwith_kernel: None
no_interact: False
avg_score: -1225.6400146484375
median_score: -1223.5
std_score: 64.63041687011719
percentiles: 2%=-1392.0, 5%=-1350.4000244140625, 10%=-1302.800048828125, 25%=-1264.0, 50%=-1223.5, 75%=-1175.25, 90%=-1146.800048828125, 95%=-1139.0, 98%=-1130.6800537109375
ranking_best_algo: SVMMetaModelLogNormal
ranking_best_score: 1233.7999999999997
ranking_my_rank: 13/504 (97.6%)
ranking_my_percent: 97.61904761904762
