ConfigName: kjsd__advperagentrankweighted__M3__L16__eps0p01__g0p0007__ds0p05__dm0p2
Problem: NK
Kernel: jsd
Advantage: peragentrankweighted
M: 3
lambda: 16
epsilon_svgd: 0.01
gamma: 0.0007
decay_start_ratio: 0.05
decay_min_factor: 0.2
bandwith_kernel: None
no_interact: False
avg_score: 0.7326526045799255
median_score: 0.7331573963165283
std_score: 0.009465199895203114
percentiles: 2%=0.7129896879196167, 5%=0.7150400280952454, 10%=0.7195372581481934, 25%=0.7274083495140076, 50%=0.7331573963165283, 75%=0.7385721802711487, 90%=0.7459370493888855, 95%=0.748638927936554, 98%=0.7520669102668762
ranking_best_algo: Tabu
ranking_best_score: 0.7429702712499999
ranking_my_rank: 2/504 (99.8%)
ranking_my_percent: 99.8015873015873
