ConfigName: kjsd__advperagentrankweighted__M3__L24__eps0p005__g0p001__ds0p1__dm0p05
Problem: NK
Kernel: jsd
Advantage: peragentrankweighted
M: 3
lambda: 24
epsilon_svgd: 0.005
gamma: 0.001
decay_start_ratio: 0.1
decay_min_factor: 0.05
bandwith_kernel: None
no_interact: False
avg_score: 0.735243558883667
median_score: 0.7372549772262573
std_score: 0.009199604392051697
percentiles: 2%=0.7152695655822754, 5%=0.7175969481468201, 10%=0.7223446369171143, 25%=0.7291287183761597, 50%=0.7372549772262573, 75%=0.7430149912834167, 90%=0.745628297328949, 95%=0.747474193572998, 98%=0.7488771677017212
ranking_best_algo: PBIL
ranking_best_score: 0.7248786399609374
ranking_my_rank: 1/504 (100.0%)
ranking_my_percent: 100.0
