ConfigName: krbf__advnormalizedfitness__M2__L8__eps0p015__g0p005__ds0p15__dm0p01
Problem: NK
Kernel: rbf
Advantage: normalizedfitness
M: 2
lambda: 8
epsilon_svgd: 0.015
gamma: 0.005
decay_start_ratio: 0.15
decay_min_factor: 0.01
bandwith_kernel: None
no_interact: False
avg_score: 0.7416155338287354
median_score: 0.7385491132736206
std_score: 0.029602978378534317
percentiles: 2%=0.6918139457702637, 5%=0.7012471556663513, 10%=0.7072815299034119, 25%=0.7186444997787476, 50%=0.7385491132736206, 75%=0.757857620716095, 90%=0.7765856981277466, 95%=0.807654619216919, 98%=0.8118547797203064
ranking_best_algo: CMApara
ranking_best_score: 0.7459277895312499
ranking_my_rank: 26/504 (95.0%)
ranking_my_percent: 95.03968253968254
