ConfigName: kjsd__advperagentrankweighted__M4__L24__eps0p03__g0p0005__ds0p05__dm0p05
Problem: NK
Kernel: jsd
Advantage: peragentrankweighted
M: 4
lambda: 24
epsilon_svgd: 0.03
gamma: 0.0005
decay_start_ratio: 0.05
decay_min_factor: 0.05
bandwith_kernel: None
no_interact: False
avg_score: 0.7477286458015442
median_score: 0.7448031306266785
std_score: 0.013854899443686008
percentiles: 2%=0.7265915870666504, 5%=0.7276188135147095, 10%=0.7333680391311646, 25%=0.7393949031829834, 50%=0.7448031306266785, 75%=0.7550129294395447, 90%=0.7658964991569519, 95%=0.7746939659118652, 98%=0.7832916975021362
ranking_best_algo: Tabu
ranking_best_score: 0.7470791764843752
ranking_my_rank: 1/504 (100.0%)
ranking_my_percent: 100.0
