ConfigName: kjsd__advperagentrankweighted__M3__L16__eps0p01__g0p003__ds0p2__dm0p2
Problem: QUBO
Kernel: jsd
Advantage: peragentrankweighted
M: 3
lambda: 16
epsilon_svgd: 0.01
gamma: 0.003
decay_start_ratio: 0.2
decay_min_factor: 0.2
bandwith_kernel: None
no_interact: False
avg_score: -438.9599914550781
median_score: -442.5
std_score: 28.0542049407959
percentiles: 2%=-489.0, 5%=-481.1000061035156, 10%=-473.0, 25%=-460.25, 50%=-442.5, 75%=-420.5, 90%=-400.8999938964844, 95%=-392.45001220703125, 98%=-376.9800109863281
ranking_best_algo: CMApara
ranking_best_score: 453.82
ranking_my_rank: 19/504 (96.4%)
ranking_my_percent: 96.42857142857143
