ConfigName: kjsd__advperagentrankweighted__M3__L16__eps0p01__g0p003__ds0p1__dm0p05
Problem: QUBO
Kernel: jsd
Advantage: peragentrankweighted
M: 3
lambda: 16
epsilon_svgd: 0.01
gamma: 0.003
decay_start_ratio: 0.1
decay_min_factor: 0.05
bandwith_kernel: None
no_interact: False
avg_score: -910.2999877929688
median_score: -912.5
std_score: 60.10865020751953
percentiles: 2%=-1030.0999755859375, 5%=-1007.4000244140625, 10%=-985.4000244140625, 25%=-951.25, 50%=-912.5, 75%=-870.0, 90%=-823.9000244140625, 95%=-808.7999877929688, 98%=-786.9400024414062
ranking_best_algo: CMAL3
ranking_best_score: 928.5800000000002
ranking_my_rank: 20/504 (96.2%)
ranking_my_percent: 96.23015873015873
