ConfigName: krbf__advnormalizedfitness__M4__L10__eps0p025__g0p01__ds0p15__dm0p01
Problem: QUBO
Kernel: rbf
Advantage: normalizedfitness
M: 4
lambda: 10
epsilon_svgd: 0.025
gamma: 0.01
decay_start_ratio: 0.15
decay_min_factor: 0.01
bandwith_kernel: None
no_interact: False
avg_score: -917.739990234375
median_score: -911.5
std_score: 67.66352081298828
percentiles: 2%=-1058.06005859375, 5%=-1025.0, 10%=-1013.2000122070312, 25%=-972.0, 50%=-911.5, 75%=-870.0, 90%=-834.5999755859375, 95%=-812.800048828125, 98%=-788.9199829101562
ranking_best_algo: CMApara
ranking_best_score: 964.9
ranking_my_rank: 66/504 (87.1%)
ranking_my_percent: 87.10317460317461
