ConfigName: krbf__advnormalizedfitness__M5__L24__eps0p03__g0p01__ds0p05__dm0p05
Problem: QUBO
Kernel: rbf
Advantage: normalizedfitness
M: 5
lambda: 24
epsilon_svgd: 0.03
gamma: 0.01
decay_start_ratio: 0.05
decay_min_factor: 0.05
bandwith_kernel: None
no_interact: False
avg_score: -332.44000244140625
median_score: -330.5
std_score: 34.9079704284668
percentiles: 2%=-399.3599853515625, 5%=-389.20001220703125, 10%=-377.3999938964844, 25%=-354.25, 50%=-330.5, 75%=-310.5, 90%=-290.70001220703125, 95%=-271.95001220703125, 98%=-266.9200134277344
ranking_best_algo: CMAL3
ranking_best_score: 435.36
ranking_my_rank: 332/504 (34.3%)
ranking_my_percent: 34.32539682539682
