ConfigName: krbf__advnormalizedfitness__M4__L15__eps0p033__g0p01__ds0p15__dm0p01
Problem: QUBO
Kernel: rbf
Advantage: normalizedfitness
M: 4
lambda: 15
epsilon_svgd: 0.033
gamma: 0.01
decay_start_ratio: 0.15
decay_min_factor: 0.01
bandwith_kernel: None
no_interact: False
avg_score: -150.9600067138672
median_score: -149.0
std_score: 12.262072563171387
percentiles: 2%=-179.0, 5%=-179.0, 10%=-165.29998779296875, 25%=-156.5, 50%=-149.0, 75%=-141.0, 90%=-136.89999389648438, 95%=-135.0, 98%=-133.9399871826172
ranking_best_algo: CMApara
ranking_best_score: 154.28
ranking_my_rank: 73/504 (85.7%)
ranking_my_percent: 85.71428571428571
