ConfigName: kjsd__advperagentrankweighted__M4__L10__eps0p03__g0p0005__ds0p2__dm0p05
Problem: NK
Kernel: jsd
Advantage: peragentrankweighted
M: 4
lambda: 10
epsilon_svgd: 0.03
gamma: 0.0005
decay_start_ratio: 0.2
decay_min_factor: 0.05
bandwith_kernel: None
no_interact: False
avg_score: 0.7018281817436218
median_score: 0.7026771306991577
std_score: 0.012230269610881805
percentiles: 2%=0.6814448833465576, 5%=0.6825165748596191, 10%=0.6850407123565674, 25%=0.6905366778373718, 50%=0.7026771306991577, 75%=0.7127270698547363, 90%=0.7157139778137207, 95%=0.7183205485343933, 98%=0.7199654579162598
ranking_best_algo: PBIL
ranking_best_score: 0.7013553837109374
ranking_my_rank: 1/504 (100.0%)
ranking_my_percent: 100.0
