ConfigName: krbf__advnormalizedfitness__M5__L24__eps0p03__g0p005__ds0p05__dm0p05
Problem: NK
Kernel: rbf
Advantage: normalizedfitness
M: 5
lambda: 24
epsilon_svgd: 0.03
gamma: 0.005
decay_start_ratio: 0.05
decay_min_factor: 0.05
bandwith_kernel: None
no_interact: False
avg_score: 0.6930460333824158
median_score: 0.6955379247665405
std_score: 0.012204945087432861
percentiles: 2%=0.6730763912200928, 5%=0.674392580986023, 10%=0.6769536733627319, 25%=0.6812283396720886, 50%=0.6955379247665405, 75%=0.7033311128616333, 90%=0.709537923336029, 95%=0.7109673023223877, 98%=0.7119409441947937
ranking_best_algo: PBIL
ranking_best_score: 0.7013553837109374
ranking_my_rank: 54/504 (89.5%)
ranking_my_percent: 89.48412698412699
