ConfigName: kjsd__advperagentrankweighted__M10__L24__eps0p008__g0p0005__ds0p05__dm0p05
Problem: QUBO
Kernel: jsd
Advantage: peragentrankweighted
M: 10
lambda: 24
epsilon_svgd: 0.008
gamma: 0.0005
decay_start_ratio: 0.05
decay_min_factor: 0.05
bandwith_kernel: None
no_interact: False
avg_score: -201.67999267578125
median_score: -203.0
std_score: 12.411993980407715
percentiles: 2%=-224.0, 5%=-224.0, 10%=-219.1999969482422, 25%=-209.25, 50%=-203.0, 75%=-194.75, 90%=-182.89999389648438, 95%=-180.0, 98%=-178.97999572753906
ranking_best_algo: Tabu
ranking_best_score: 208.36000000000004
ranking_my_rank: 39/504 (92.5%)
ranking_my_percent: 92.46031746031746
