ConfigName: kjsd__advperagentrankweighted__M5__L12__eps0p03__g0p0003__ds0p2__dm0p05
Problem: QUBO
Kernel: jsd
Advantage: peragentrankweighted
M: 5
lambda: 12
epsilon_svgd: 0.03
gamma: 0.0003
decay_start_ratio: 0.2
decay_min_factor: 0.05
bandwith_kernel: None
no_interact: False
avg_score: -1267.8399658203125
median_score: -1262.0
std_score: 62.65169143676758
percentiles: 2%=-1408.0799560546875, 5%=-1381.0999755859375, 10%=-1355.0, 25%=-1305.5, 50%=-1262.0, 75%=-1218.0, 90%=-1189.0, 95%=-1177.0, 98%=-1173.0
ranking_best_algo: BigLognormalDiscreteOnePlusOne
ranking_best_score: 1301.3600000000004
ranking_my_rank: 49/504 (90.5%)
ranking_my_percent: 90.47619047619048
