ConfigName: krbf__advnormalizedfitness__M4__L12__eps0p025__g0p01__ds0p01__dm0p01
Problem: QUBO
Kernel: rbf
Advantage: normalizedfitness
M: 4
lambda: 12
epsilon_svgd: 0.025
gamma: 0.01
decay_start_ratio: 0.01
decay_min_factor: 0.01
bandwith_kernel: None
no_interact: False
avg_score: -415.0799865722656
median_score: -414.0
std_score: 25.76962661743164
percentiles: 2%=-465.0400085449219, 5%=-455.1000061035156, 10%=-452.0, 25%=-432.0, 50%=-414.0, 75%=-395.5, 90%=-382.0, 95%=-375.70001220703125, 98%=-363.9599914550781
ranking_best_algo: Tabu
ranking_best_score: 438.12
ranking_my_rank: 50/504 (90.3%)
ranking_my_percent: 90.27777777777777
