ConfigName: krbf__advnormalizedfitness__M4__L15__eps0p015__g0p007__ds0p15__dm0p3
Problem: QUBO
Kernel: rbf
Advantage: normalizedfitness
M: 4
lambda: 15
epsilon_svgd: 0.015
gamma: 0.007
decay_start_ratio: 0.15
decay_min_factor: 0.3
bandwith_kernel: None
no_interact: False
avg_score: -698.3400268554688
median_score: -675.5
std_score: 101.2907943725586
percentiles: 2%=-904.280029296875, 5%=-863.4000244140625, 10%=-851.5999755859375, 25%=-756.25, 50%=-675.5, 75%=-628.5, 90%=-590.5, 95%=-566.8500366210938, 98%=-557.4998779296875
ranking_best_algo: Tabu
ranking_best_score: 1216.16
ranking_my_rank: 353/504 (30.2%)
ranking_my_percent: 30.158730158730158
