ConfigName: krbf__advnormalizedfitness__M4__L8__eps0p033__g0p005__ds0p01__dm0p01
Problem: QUBO
Kernel: rbf
Advantage: normalizedfitness
M: 4
lambda: 8
epsilon_svgd: 0.033
gamma: 0.005
decay_start_ratio: 0.01
decay_min_factor: 0.01
bandwith_kernel: None
no_interact: False
avg_score: -3148.340087890625
median_score: -3133.0
std_score: 168.19288635253906
percentiles: 2%=-3431.179931640625, 5%=-3416.10009765625, 10%=-3379.0, 25%=-3279.0, 50%=-3133.0, 75%=-3011.75, 90%=-2941.5, 95%=-2902.10009765625, 98%=-2865.799560546875
ranking_best_algo: RLSOnePlusOne
ranking_best_score: 3316.5199999999995
ranking_my_rank: 65/504 (87.3%)
ranking_my_percent: 87.3015873015873
