ConfigName: krbf__advnormalizedfitness__M4__L15__eps0p015__g0p01__ds0p15__dm0p01
Problem: QUBO
Kernel: rbf
Advantage: normalizedfitness
M: 4
lambda: 15
epsilon_svgd: 0.015
gamma: 0.01
decay_start_ratio: 0.15
decay_min_factor: 0.01
bandwith_kernel: None
no_interact: False
avg_score: -138.1199951171875
median_score: -139.5
std_score: 11.06460952758789
percentiles: 2%=-158.0, 5%=-157.0, 10%=-153.10000610351562, 25%=-146.0, 50%=-139.5, 75%=-129.0, 90%=-123.9000015258789, 95%=-119.0, 98%=-116.93998718261719
ranking_best_algo: DiscreteDE
ranking_best_score: 143.4
ranking_my_rank: 115/504 (77.4%)
ranking_my_percent: 77.38095238095238
