ConfigName: krbf__advnormalizedfitness__M4__L12__eps0p025__g0p007__ds0p3__dm0p3
Problem: NK
Kernel: rbf
Advantage: normalizedfitness
M: 4
lambda: 12
epsilon_svgd: 0.025
gamma: 0.007
decay_start_ratio: 0.3
decay_min_factor: 0.3
bandwith_kernel: None
no_interact: False
avg_score: 0.6122768521308899
median_score: 0.6102215647697449
std_score: 0.009210651740431786
percentiles: 2%=0.5971584916114807, 5%=0.5999993681907654, 10%=0.6026542782783508, 25%=0.6060174107551575, 50%=0.6102215647697449, 75%=0.6177307367324829, 90%=0.6245226860046387, 95%=0.6294794082641602, 98%=0.6322013139724731
ranking_best_algo: Tabu
ranking_best_score: 0.7429702712499999
ranking_my_rank: 387/504 (23.4%)
ranking_my_percent: 23.41269841269841
