ConfigName: kjsd__advperagentrankweighted__M5__L10__eps0p01__g0p0005__ds0p2__dm0p2
Problem: QUBO
Kernel: jsd
Advantage: peragentrankweighted
M: 5
lambda: 10
epsilon_svgd: 0.01
gamma: 0.0005
decay_start_ratio: 0.2
decay_min_factor: 0.2
bandwith_kernel: None
no_interact: False
avg_score: -430.760009765625
median_score: -430.0
std_score: 24.888999938964844
percentiles: 2%=-479.0400085449219, 5%=-473.1000061035156, 10%=-463.0, 25%=-450.0, 50%=-430.0, 75%=-415.0, 90%=-400.0, 95%=-392.70001220703125, 98%=-385.9599914550781
ranking_best_algo: CMAL3
ranking_best_score: 435.36
ranking_my_rank: 8/504 (98.6%)
ranking_my_percent: 98.61111111111111
