ConfigName: kjsd__advperagentrankweighted__M4__L8__eps0p01__g0p0005__ds0p2__dm0p05
Problem: QUBO
Kernel: jsd
Advantage: peragentrankweighted
M: 4
lambda: 8
epsilon_svgd: 0.01
gamma: 0.0005
decay_start_ratio: 0.2
decay_min_factor: 0.05
bandwith_kernel: None
no_interact: False
avg_score: -573.6400146484375
median_score: -571.0
std_score: 28.97844696044922
percentiles: 2%=-631.02001953125, 5%=-627.0, 10%=-618.0999755859375, 25%=-591.75, 50%=-571.0, 75%=-556.0, 90%=-536.7999877929688, 95%=-524.9500122070312, 98%=-522.97998046875
ranking_best_algo: Tabu
ranking_best_score: 588.7199999999999
ranking_my_rank: 61/503 (88.1%)
ranking_my_percent: 88.07157057654075
