ConfigName: kfr__advglobalrankweighted__M4__L5__eps0p05__g0p005__ds0p01__dm0p01
Problem: QUBO
Kernel: fr
Advantage: globalrankweighted
M: 4
lambda: 5
epsilon_svgd: 0.05
gamma: 0.005
decay_start_ratio: 0.01
decay_min_factor: 0.01
bandwith_kernel: None
no_interact: False
avg_score: -138.4600067138672
median_score: -141.5
std_score: 11.32026481628418
percentiles: 2%=-159.0, 5%=-156.0, 10%=-153.10000610351562, 25%=-146.0, 50%=-141.5, 75%=-129.0, 90%=-123.0, 95%=-120.0, 98%=-116.95999145507812
ranking_best_algo: DiscreteDE
ranking_best_score: 143.4
ranking_my_rank: 104/504 (79.6%)
ranking_my_percent: 79.56349206349206
