ConfigName: kjsd__advperagentrankweighted__M4__L8__eps0p02__g0p0005__ds0p05__dm0p05
Problem: QUBO
Kernel: jsd
Advantage: peragentrankweighted
M: 4
lambda: 8
epsilon_svgd: 0.02
gamma: 0.0005
decay_start_ratio: 0.05
decay_min_factor: 0.05
bandwith_kernel: None
no_interact: False
avg_score: -146.0
median_score: -145.0
std_score: 13.187872886657715
percentiles: 2%=-179.0, 5%=-175.1999969482422, 10%=-160.0, 25%=-154.0, 50%=-145.0, 75%=-139.0, 90%=-130.8000030517578, 95%=-125.0, 98%=-115.95999908447266
ranking_best_algo: CMApara
ranking_best_score: 154.28
ranking_my_rank: 134/504 (73.6%)
ranking_my_percent: 73.61111111111111
