ConfigName: kfr__advglobalrankweighted__M3__L11__eps0p015__g0p005__ds0p01__dm0p01
Problem: QUBO
Kernel: fr
Advantage: globalrankweighted
M: 3
lambda: 11
epsilon_svgd: 0.015
gamma: 0.005
decay_start_ratio: 0.01
decay_min_factor: 0.01
bandwith_kernel: None
no_interact: False
avg_score: -908.1199951171875
median_score: -905.5
std_score: 64.65141296386719
percentiles: 2%=-1024.43994140625, 5%=-1010.4500122070312, 10%=-1001.2000122070312, 25%=-946.75, 50%=-905.5, 75%=-863.25, 90%=-831.7999877929688, 95%=-804.8500366210938, 98%=-794.8199462890625
ranking_best_algo: CMAL3
ranking_best_score: 928.5800000000002
ranking_my_rank: 53/504 (89.7%)
ranking_my_percent: 89.68253968253968
