ConfigName: kjsd__advperagentrankweighted__M8__L12__eps0p008__g0p0005__ds0p05__dm0p05
Problem: QUBO
Kernel: jsd
Advantage: peragentrankweighted
M: 8
lambda: 12
epsilon_svgd: 0.008
gamma: 0.0005
decay_start_ratio: 0.05
decay_min_factor: 0.05
bandwith_kernel: None
no_interact: False
avg_score: -422.44000244140625
median_score: -420.5
std_score: 22.8351993560791
percentiles: 2%=-473.0799865722656, 5%=-457.20001220703125, 10%=-453.1000061035156, 25%=-439.0, 50%=-420.5, 75%=-406.0, 90%=-395.6000061035156, 95%=-386.0, 98%=-383.9599914550781
ranking_best_algo: Tabu
ranking_best_score: 438.12
ranking_my_rank: 21/504 (96.0%)
ranking_my_percent: 96.03174603174604
