ConfigName: kjsd__advperagentrankweighted__M3__L16__eps0p007__g0p003__ds0p05__dm0p1
Problem: QUBO
Kernel: jsd
Advantage: peragentrankweighted
M: 3
lambda: 16
epsilon_svgd: 0.007
gamma: 0.003
decay_start_ratio: 0.05
decay_min_factor: 0.1
bandwith_kernel: None
no_interact: False
avg_score: -326.44000244140625
median_score: -334.0
std_score: 25.351261138916016
percentiles: 2%=-372.0, 5%=-357.0, 10%=-354.0, 25%=-343.75, 50%=-334.0, 75%=-309.5, 90%=-289.6000061035156, 95%=-280.0, 98%=-267.8800048828125
ranking_best_algo: CMApara
ranking_best_score: 344.22
ranking_my_rank: 111/504 (78.2%)
ranking_my_percent: 78.17460317460318
