ConfigName: krbf__advnormalizedfitness__M3__L12__eps0p033__g0p015__ds0p01__dm0p01
Problem: QUBO
Kernel: rbf
Advantage: normalizedfitness
M: 3
lambda: 12
epsilon_svgd: 0.033
gamma: 0.015
decay_start_ratio: 0.01
decay_min_factor: 0.01
bandwith_kernel: None
no_interact: False
avg_score: -927.219970703125
median_score: -927.5
std_score: 73.98574829101562
percentiles: 2%=-1074.0, 5%=-1057.3499755859375, 10%=-1037.4000244140625, 25%=-978.5, 50%=-927.5, 75%=-880.75, 90%=-822.7999877929688, 95%=-802.9000244140625, 98%=-790.9199829101562
ranking_best_algo: CMApara
ranking_best_score: 964.9
ranking_my_rank: 21/504 (96.0%)
ranking_my_percent: 96.03174603174604
