ConfigName: krbf__advnormalizedfitness__M4__L15__eps0p033__g0p007__ds0p01__dm0p01
Problem: QUBO
Kernel: rbf
Advantage: normalizedfitness
M: 4
lambda: 15
epsilon_svgd: 0.033
gamma: 0.007
decay_start_ratio: 0.01
decay_min_factor: 0.01
bandwith_kernel: None
no_interact: False
avg_score: -2377.080078125
median_score: -2372.0
std_score: 176.0624542236328
percentiles: 2%=-2726.919921875, 5%=-2675.64990234375, 10%=-2615.300048828125, 25%=-2488.75, 50%=-2372.0, 75%=-2234.75, 90%=-2166.39990234375, 95%=-2143.699951171875, 98%=-2075.52001953125
ranking_best_algo: SVM1MetaModelLogNormal
ranking_best_score: 2605.14
ranking_my_rank: 132/504 (74.0%)
ranking_my_percent: 74.0079365079365
