ConfigName: kjsd__advperagentrankweighted__M4__L24__eps0p03__g0p0005__ds0p2__dm0p05
Problem: NK
Kernel: jsd
Advantage: peragentrankweighted
M: 4
lambda: 24
epsilon_svgd: 0.03
gamma: 0.0005
decay_start_ratio: 0.2
decay_min_factor: 0.05
bandwith_kernel: None
no_interact: False
avg_score: 0.7151873707771301
median_score: 0.7139238715171814
std_score: 0.006488470826297998
percentiles: 2%=0.7032064199447632, 5%=0.7054728865623474, 10%=0.7069646120071411, 25%=0.7109779119491577, 50%=0.7139238715171814, 75%=0.7190387845039368, 90%=0.7240121364593506, 95%=0.7257152199745178, 98%=0.7300079464912415
ranking_best_algo: PBIL
ranking_best_score: 0.7170882103515624
ranking_my_rank: 40/504 (92.3%)
ranking_my_percent: 92.26190476190476
