ConfigName: krbf__advnormalizedfitness__M4__L12__eps0p015__g0p005__ds0p15__dm0p3
Problem: QUBO
Kernel: rbf
Advantage: normalizedfitness
M: 4
lambda: 12
epsilon_svgd: 0.015
gamma: 0.005
decay_start_ratio: 0.15
decay_min_factor: 0.3
bandwith_kernel: None
no_interact: False
avg_score: -401.3800048828125
median_score: -401.0
std_score: 33.57105255126953
percentiles: 2%=-469.0400085449219, 5%=-457.20001220703125, 10%=-447.3999938964844, 25%=-428.0, 50%=-401.0, 75%=-376.5, 90%=-357.79998779296875, 95%=-349.6500244140625, 98%=-336.8399658203125
ranking_best_algo: CMAL3
ranking_best_score: 435.36
ranking_my_rank: 233/504 (54.0%)
ranking_my_percent: 53.96825396825397
