ConfigName: krbf__advnormalizedfitness__M1__L8__eps0p015__g0p007__ds0p15__dm0p3
Problem: QUBO
Kernel: rbf
Advantage: normalizedfitness
M: 1
lambda: 8
epsilon_svgd: 0.015
gamma: 0.007
decay_start_ratio: 0.15
decay_min_factor: 0.3
bandwith_kernel: None
no_interact: False
avg_score: -413.0
median_score: -413.5
std_score: 32.92536926269531
percentiles: 2%=-473.0799865722656, 5%=-469.20001220703125, 10%=-454.3999938964844, 25%=-434.75, 50%=-413.5, 75%=-390.5, 90%=-371.70001220703125, 95%=-357.9000244140625, 98%=-349.94000244140625
ranking_best_algo: CMAL3
ranking_best_score: 435.36
ranking_my_rank: 138/504 (72.8%)
ranking_my_percent: 72.81746031746032
