ConfigName: krbf__advnormalizedfitness__M4__L12__eps0p033__g0p01__ds0p15__dm0p3
Problem: QUBO
Kernel: rbf
Advantage: normalizedfitness
M: 4
lambda: 12
epsilon_svgd: 0.033
gamma: 0.01
decay_start_ratio: 0.15
decay_min_factor: 0.3
bandwith_kernel: None
no_interact: False
avg_score: -1178.719970703125
median_score: -1159.0
std_score: 142.6912078857422
percentiles: 2%=-1469.02001953125, 5%=-1433.1500244140625, 10%=-1394.800048828125, 25%=-1278.75, 50%=-1159.0, 75%=-1066.75, 90%=-1019.0, 95%=-970.6500244140625, 98%=-942.35986328125
ranking_best_algo: NLOPT_LN_PRAXIS
ranking_best_score: 1607.12
ranking_my_rank: 274/504 (45.8%)
ranking_my_percent: 45.833333333333336
