ConfigName: kjsd__advperagentrankweighted__M5__L12__eps0p03__g0p0007__ds0p05__dm0p05
Problem: QUBO
Kernel: jsd
Advantage: peragentrankweighted
M: 5
lambda: 12
epsilon_svgd: 0.03
gamma: 0.0007
decay_start_ratio: 0.05
decay_min_factor: 0.05
bandwith_kernel: None
no_interact: False
avg_score: -426.20001220703125
median_score: -424.0
std_score: 29.7684383392334
percentiles: 2%=-483.0400085449219, 5%=-477.20001220703125, 10%=-469.0, 25%=-445.5, 50%=-424.0, 75%=-408.5, 90%=-384.0, 95%=-377.95001220703125, 98%=-373.8399963378906
ranking_best_algo: CMAL3
ranking_best_score: 435.36
ranking_my_rank: 23/504 (95.6%)
ranking_my_percent: 95.63492063492063
