ConfigName: krbf__advnormalizedfitness__M2__L6__eps0p01__g0p01__ds0p3__dm0p01
Problem: NK
Kernel: rbf
Advantage: normalizedfitness
M: 2
lambda: 6
epsilon_svgd: 0.01
gamma: 0.01
decay_start_ratio: 0.3
decay_min_factor: 0.01
bandwith_kernel: None
no_interact: False
avg_score: 0.7395104169845581
median_score: 0.7397825717926025
std_score: 0.015315509401261806
percentiles: 2%=0.7137173414230347, 5%=0.7181636691093445, 10%=0.7200867533683777, 25%=0.7289518117904663, 50%=0.7397825717926025, 75%=0.7480185627937317, 90%=0.7581362724304199, 95%=0.7641032338142395, 98%=0.7733416557312012
ranking_best_algo: Tabu
ranking_best_score: 0.7601875690625
ranking_my_rank: 15/504 (97.2%)
ranking_my_percent: 97.22222222222223
