Problem: NK
Kernel: rbf
Advantage: peragentrankweighted
M: 5
lambda: 7
epsilon_svgd: 0.8
gamma: 5e-05
bandwith_kernel: None
no_interact: True
avg_score: 0.7120439410209656
median_score: 0.7010288834571838
std_score: 0.03129749000072479
percentiles: 2%=0.6748374700546265, 5%=0.6749438047409058, 10%=0.6788222193717957, 25%=0.6845345497131348, 50%=0.7010288834571838, 75%=0.7474179267883301, 90%=0.7530081868171692, 95%=0.7613165378570557, 98%=0.7613165378570557
ranking_best_algo: CMApara
ranking_best_score: 0.7118996098437498
ranking_my_rank: 1/505 (100.0%)
