ConfigName: kjsd__advperagentrankweighted__M4__L24__eps0p01__g0p0005__ds0p2__dm0p05
Problem: QUBO
Kernel: jsd
Advantage: peragentrankweighted
M: 4
lambda: 24
epsilon_svgd: 0.01
gamma: 0.0005
decay_start_ratio: 0.2
decay_min_factor: 0.05
bandwith_kernel: None
no_interact: False
avg_score: -330.0400085449219
median_score: -334.0
std_score: 22.740238189697266
percentiles: 2%=-372.0, 5%=-361.54998779296875, 10%=-354.29998779296875, 25%=-343.0, 50%=-334.0, 75%=-318.0, 90%=-299.79998779296875, 95%=-289.8999938964844, 98%=-285.9200134277344
ranking_best_algo: CMApara
ranking_best_score: 344.22
ranking_my_rank: 79/504 (84.5%)
ranking_my_percent: 84.52380952380952
