ConfigName: kjsd__advperagentrankweighted__M5__L12__eps0p02__g0p0005__ds0p2__dm0p05
Problem: QUBO
Kernel: jsd
Advantage: peragentrankweighted
M: 5
lambda: 12
epsilon_svgd: 0.02
gamma: 0.0005
decay_start_ratio: 0.2
decay_min_factor: 0.05
bandwith_kernel: None
no_interact: False
avg_score: -912.4600219726562
median_score: -911.0
std_score: 57.85160446166992
percentiles: 2%=-1016.1400146484375, 5%=-1004.4000244140625, 10%=-989.0, 25%=-961.5, 50%=-911.0, 75%=-869.25, 90%=-833.7000122070312, 95%=-822.0, 98%=-807.5399780273438
ranking_best_algo: CMAL3
ranking_best_score: 928.5800000000002
ranking_my_rank: 20/504 (96.2%)
ranking_my_percent: 96.23015873015873
