ConfigName: krbf__advnormalizedfitness__M4__L15__eps0p03__g0p01__ds0p15__dm0p05
Problem: QUBO
Kernel: rbf
Advantage: normalizedfitness
M: 4
lambda: 15
epsilon_svgd: 0.03
gamma: 0.01
decay_start_ratio: 0.15
decay_min_factor: 0.05
bandwith_kernel: None
no_interact: False
avg_score: -309.20001220703125
median_score: -308.0
std_score: 38.33223342895508
percentiles: 2%=-394.0, 5%=-386.20001220703125, 10%=-355.3999938964844, 25%=-332.5, 50%=-308.0, 75%=-272.0, 90%=-265.79998779296875, 95%=-259.0, 98%=-255.97999572753906
ranking_best_algo: CMApara
ranking_best_score: 319.29999999999995
ranking_my_rank: 81/504 (84.1%)
ranking_my_percent: 84.12698412698413
