ConfigName: kjsd__advperagentrankweighted__M5__L12__eps0p03__g0p0003__ds0p2__dm0p05
Problem: NK
Kernel: jsd
Advantage: peragentrankweighted
M: 5
lambda: 12
epsilon_svgd: 0.03
gamma: 0.0003
decay_start_ratio: 0.2
decay_min_factor: 0.05
bandwith_kernel: None
no_interact: False
avg_score: 0.7061384320259094
median_score: 0.7075270414352417
std_score: 0.015998581424355507
percentiles: 2%=0.6657077670097351, 5%=0.6687614917755127, 10%=0.6897103786468506, 25%=0.7017958164215088, 50%=0.7075270414352417, 75%=0.7148447632789612, 90%=0.7239667177200317, 95%=0.7298822999000549, 98%=0.732207179069519
ranking_best_algo: CMApara
ranking_best_score: 0.707475975
ranking_my_rank: 3/504 (99.6%)
ranking_my_percent: 99.60317460317461
