ConfigName: krbf__advnormalizedfitness__M4__L8__eps0p015__g0p015__ds0p01__dm0p3
Problem: QUBO
Kernel: rbf
Advantage: normalizedfitness
M: 4
lambda: 8
epsilon_svgd: 0.015
gamma: 0.015
decay_start_ratio: 0.01
decay_min_factor: 0.3
bandwith_kernel: None
no_interact: False
avg_score: -143.6999969482422
median_score: -143.0
std_score: 12.751078605651855
percentiles: 2%=-179.0, 5%=-159.04998779296875, 10%=-156.0, 25%=-151.25, 50%=-143.0, 75%=-135.0, 90%=-127.0, 95%=-125.0, 98%=-122.91998291015625
ranking_best_algo: CMApara
ranking_best_score: 154.28
ranking_my_rank: 193/504 (61.9%)
ranking_my_percent: 61.904761904761905
