ConfigName: kjsd__advperagentrankweighted__M4__L8__eps0p01__g0p0003__ds0p05__dm0p05
Problem: NK
Kernel: jsd
Advantage: peragentrankweighted
M: 4
lambda: 8
epsilon_svgd: 0.01
gamma: 0.0003
decay_start_ratio: 0.05
decay_min_factor: 0.05
bandwith_kernel: None
no_interact: False
avg_score: 0.706692099571228
median_score: 0.7083159685134888
std_score: 0.015796424821019173
percentiles: 2%=0.6663154363632202, 5%=0.6691074967384338, 10%=0.6894532442092896, 25%=0.7023425102233887, 50%=0.7083159685134888, 75%=0.7152433395385742, 90%=0.7244517207145691, 95%=0.731094241142273, 98%=0.7316312193870544
ranking_best_algo: CMApara
ranking_best_score: 0.707475975
ranking_my_rank: 2/504 (99.8%)
ranking_my_percent: 99.8015873015873
