ConfigName: kjsd__advperagentrankweighted__M8__L10__eps0p005__g0p0005__ds0p05__dm0p05
Problem: NK
Kernel: jsd
Advantage: peragentrankweighted
M: 8
lambda: 10
epsilon_svgd: 0.005
gamma: 0.0005
decay_start_ratio: 0.05
decay_min_factor: 0.05
bandwith_kernel: None
no_interact: False
avg_score: 0.7324984669685364
median_score: 0.7313472032546997
std_score: 0.012777462601661682
percentiles: 2%=0.7101573944091797, 5%=0.7147261500358582, 10%=0.7161403894424438, 25%=0.7229264974594116, 50%=0.7313472032546997, 75%=0.742033839225769, 90%=0.7493686079978943, 95%=0.7522904276847839, 98%=0.7583770155906677
ranking_best_algo: PBIL
ranking_best_score: 0.733570253046875
ranking_my_rank: 2/504 (99.8%)
ranking_my_percent: 99.8015873015873
