ConfigName: kjsd__advperagentrankweighted__M3__L16__eps0p005__g0p0005__ds0p05__dm0p2
Problem: QUBO
Kernel: jsd
Advantage: peragentrankweighted
M: 3
lambda: 16
epsilon_svgd: 0.005
gamma: 0.0005
decay_start_ratio: 0.05
decay_min_factor: 0.2
bandwith_kernel: None
no_interact: False
avg_score: -3290.199951171875
median_score: -3284.0
std_score: 108.663330078125
percentiles: 2%=-3502.280029296875, 5%=-3492.39990234375, 10%=-3425.699951171875, 25%=-3354.25, 50%=-3284.0, 75%=-3225.75, 90%=-3159.0, 95%=-3133.050048828125, 98%=-3064.5400390625
ranking_best_algo: RLSOnePlusOne
ranking_best_score: 3316.5199999999995
ranking_my_rank: 3/504 (99.6%)
ranking_my_percent: 99.60317460317461
