ConfigName: kjsd__advperagentrankweighted__M3__L20__eps0p01__g0p0005__ds0p05__dm0p1
Problem: QUBO
Kernel: jsd
Advantage: peragentrankweighted
M: 3
lambda: 20
epsilon_svgd: 0.01
gamma: 0.0005
decay_start_ratio: 0.05
decay_min_factor: 0.1
bandwith_kernel: None
no_interact: False
avg_score: -2603.919921875
median_score: -2603.5
std_score: 131.70753479003906
percentiles: 2%=-2844.47998046875, 5%=-2809.60009765625, 10%=-2777.89990234375, 25%=-2701.25, 50%=-2603.5, 75%=-2508.0, 90%=-2416.699951171875, 95%=-2395.949951171875, 98%=-2366.860107421875
ranking_best_algo: SVM1MetaModelLogNormal
ranking_best_score: 2605.14
ranking_my_rank: 2/504 (99.8%)
ranking_my_percent: 99.8015873015873
