ConfigName: krbf__advnormalizedfitness__M4__L12__eps0p015__g0p007__ds0p3__dm0p3
Problem: NK
Kernel: rbf
Advantage: normalizedfitness
M: 4
lambda: 12
epsilon_svgd: 0.015
gamma: 0.007
decay_start_ratio: 0.3
decay_min_factor: 0.3
bandwith_kernel: None
no_interact: False
avg_score: 0.6696271300315857
median_score: 0.6703180074691772
std_score: 0.009539050050079823
percentiles: 2%=0.6504243016242981, 5%=0.6524317264556885, 10%=0.6572986841201782, 25%=0.6635372042655945, 50%=0.6703180074691772, 75%=0.67619788646698, 90%=0.6813904643058777, 95%=0.6850003004074097, 98%=0.6873890161514282
ranking_best_algo: PBIL
ranking_best_score: 0.7248786399609374
ranking_my_rank: 242/504 (52.2%)
ranking_my_percent: 52.182539682539684
