ConfigName: kjsd__advperagentrankweighted__M4__L24__eps0p005__g0p0007__ds0p4__dm0p05
Problem: NK
Kernel: jsd
Advantage: peragentrankweighted
M: 4
lambda: 24
epsilon_svgd: 0.005
gamma: 0.0007
decay_start_ratio: 0.4
decay_min_factor: 0.05
bandwith_kernel: None
no_interact: False
avg_score: 0.7136436700820923
median_score: 0.7135930061340332
std_score: 0.01640128344297409
percentiles: 2%=0.6799824833869934, 5%=0.6843425631523132, 10%=0.6928812861442566, 25%=0.7024425268173218, 50%=0.7135930061340332, 75%=0.7254838943481445, 90%=0.7351032495498657, 95%=0.7399474382400513, 98%=0.7417335510253906
ranking_best_algo: Tabu
ranking_best_score: 0.7429702712499999
ranking_my_rank: 136/504 (73.2%)
ranking_my_percent: 73.21428571428571
