ConfigName: krbf__advnormalizedfitness__M3__L15__eps0p025__g0p01__ds0p3__dm0p01
Problem: QUBO
Kernel: rbf
Advantage: normalizedfitness
M: 3
lambda: 15
epsilon_svgd: 0.025
gamma: 0.01
decay_start_ratio: 0.3
decay_min_factor: 0.01
bandwith_kernel: None
no_interact: False
avg_score: -933.8599853515625
median_score: -929.0
std_score: 68.41725158691406
percentiles: 2%=-1059.0999755859375, 5%=-1046.5, 10%=-1029.5999755859375, 25%=-980.5, 50%=-929.0, 75%=-881.25, 90%=-844.5999755859375, 95%=-824.9000244140625, 98%=-814.8399658203125
ranking_best_algo: CMApara
ranking_best_score: 964.9
ranking_my_rank: 17/504 (96.8%)
ranking_my_percent: 96.82539682539682
