ConfigName: kfr__advglobalrankweighted__M4__L24__eps0p03__g0p007__ds0p01__dm0p01
Problem: QUBO
Kernel: fr
Advantage: globalrankweighted
M: 4
lambda: 24
epsilon_svgd: 0.03
gamma: 0.007
decay_start_ratio: 0.01
decay_min_factor: 0.01
bandwith_kernel: None
no_interact: False
avg_score: -887.780029296875
median_score: -888.0
std_score: 72.19731140136719
percentiles: 2%=-1030.239990234375, 5%=-988.4500122070312, 10%=-981.0, 25%=-937.25, 50%=-888.0, 75%=-840.75, 90%=-791.5999755859375, 95%=-776.2999877929688, 98%=-751.3400268554688
ranking_best_algo: CMAL3
ranking_best_score: 928.5800000000002
ranking_my_rank: 102/504 (80.0%)
ranking_my_percent: 79.96031746031746
