ConfigName: kjsd__advperagentrankweighted__M3__L24__eps0p007__g0p001__ds0p2__dm0p1
Problem: QUBO
Kernel: jsd
Advantage: peragentrankweighted
M: 3
lambda: 24
epsilon_svgd: 0.007
gamma: 0.001
decay_start_ratio: 0.2
decay_min_factor: 0.1
bandwith_kernel: None
no_interact: False
avg_score: -1612.8800048828125
median_score: -1616.0
std_score: 59.311424255371094
percentiles: 2%=-1725.1800537109375, 5%=-1720.1500244140625, 10%=-1687.199951171875, 25%=-1651.25, 50%=-1616.0, 75%=-1574.0, 90%=-1538.5999755859375, 95%=-1518.9000244140625, 98%=-1510.97998046875
ranking_best_algo: NLOPT_LN_PRAXIS
ranking_best_score: 1607.12
ranking_my_rank: 1/504 (100.0%)
ranking_my_percent: 100.0
