ConfigName: kjsd__advperagentrankweighted__M3__L20__eps0p007__g0p0007__ds0p05__dm0p2
Problem: NK
Kernel: jsd
Advantage: peragentrankweighted
M: 3
lambda: 20
epsilon_svgd: 0.007
gamma: 0.0007
decay_start_ratio: 0.05
decay_min_factor: 0.2
bandwith_kernel: None
no_interact: False
avg_score: 0.7474564909934998
median_score: 0.7476146221160889
std_score: 0.010371243581175804
percentiles: 2%=0.7279383540153503, 5%=0.7309578657150269, 10%=0.7333864569664001, 25%=0.7409152388572693, 50%=0.7476146221160889, 75%=0.7538677453994751, 90%=0.7596648931503296, 95%=0.7637565732002258, 98%=0.7710603475570679
ranking_best_algo: PBIL
ranking_best_score: 0.733570253046875
ranking_my_rank: 1/504 (100.0%)
ranking_my_percent: 100.0
