ConfigName: kjsd__advperagentrankweighted__M4__L24__eps0p005__g0p0007__ds0p4__dm0p05
Problem: NK
Kernel: jsd
Advantage: peragentrankweighted
M: 4
lambda: 24
epsilon_svgd: 0.005
gamma: 0.0007
decay_start_ratio: 0.4
decay_min_factor: 0.05
bandwith_kernel: None
no_interact: False
avg_score: 0.7120875716209412
median_score: 0.70106041431427
std_score: 0.031215613707900047
percentiles: 2%=0.6737011075019836, 5%=0.6751645803451538, 10%=0.6800239682197571, 25%=0.6842939853668213, 50%=0.70106041431427, 75%=0.7474179267883301, 90%=0.7535533308982849, 95%=0.7613165378570557, 98%=0.7613165378570557
ranking_best_algo: CMApara
ranking_best_score: 0.7118996098437498
ranking_my_rank: 1/504 (100.0%)
ranking_my_percent: 100.0
