ConfigName: kfr__advglobalrankweighted__M4__L5__eps0p05__g0p003__ds0p01__dm0p01
Problem: QUBO
Kernel: fr
Advantage: globalrankweighted
M: 4
lambda: 5
epsilon_svgd: 0.05
gamma: 0.003
decay_start_ratio: 0.01
decay_min_factor: 0.01
bandwith_kernel: None
no_interact: False
avg_score: -562.5800170898438
median_score: -558.0
std_score: 28.013275146484375
percentiles: 2%=-619.1199951171875, 5%=-607.0999755859375, 10%=-599.0999755859375, 25%=-583.0, 50%=-558.0, 75%=-544.0, 90%=-527.7999877929688, 95%=-522.0, 98%=-515.7999267578125
ranking_best_algo: Tabu
ranking_best_score: 588.7199999999999
ranking_my_rank: 96/503 (81.1%)
ranking_my_percent: 81.11332007952286
