ConfigName: kjsd__advperagentrankweighted__M3__L30__eps0p007__g0p001__ds0p2__dm0p05
Problem: QUBO
Kernel: jsd
Advantage: peragentrankweighted
M: 3
lambda: 30
epsilon_svgd: 0.007
gamma: 0.001
decay_start_ratio: 0.2
decay_min_factor: 0.05
bandwith_kernel: None
no_interact: False
avg_score: -329.2200012207031
median_score: -334.0
std_score: 21.058765411376953
percentiles: 2%=-372.0, 5%=-357.0, 10%=-354.0, 25%=-343.0, 50%=-334.0, 75%=-315.5, 90%=-298.0, 95%=-288.8999938964844, 98%=-285.9200134277344
ranking_best_algo: CMApara
ranking_best_score: 344.22
ranking_my_rank: 82/504 (83.9%)
ranking_my_percent: 83.92857142857143
