ConfigName: kjsd__advperagentrankweighted__M4__L8__eps0p005__g0p0007__ds0p2__dm0p05
Problem: NK
Kernel: jsd
Advantage: peragentrankweighted
M: 4
lambda: 8
epsilon_svgd: 0.005
gamma: 0.0007
decay_start_ratio: 0.2
decay_min_factor: 0.05
bandwith_kernel: None
no_interact: False
avg_score: 0.7072088718414307
median_score: 0.7101743817329407
std_score: 0.012031485326588154
percentiles: 2%=0.6882685422897339, 5%=0.6894485950469971, 10%=0.6906781196594238, 25%=0.6952434778213501, 50%=0.7101743817329407, 75%=0.7181353569030762, 90%=0.7215501070022583, 95%=0.7230473756790161, 98%=0.7241393327713013
ranking_best_algo: PBIL
ranking_best_score: 0.7013553837109374
ranking_my_rank: 1/504 (100.0%)
ranking_my_percent: 100.0
