ConfigName: kjsd__advperagentrankweighted__M3__L18__eps0p007__g0p0005__ds0p05__dm0p1
Problem: QUBO
Kernel: jsd
Advantage: peragentrankweighted
M: 3
lambda: 18
epsilon_svgd: 0.007
gamma: 0.0005
decay_start_ratio: 0.05
decay_min_factor: 0.1
bandwith_kernel: None
no_interact: False
avg_score: -196.8000030517578
median_score: -197.5
std_score: 14.079773902893066
percentiles: 2%=-224.0, 5%=-222.10000610351562, 10%=-215.0, 25%=-207.0, 50%=-197.5, 75%=-186.0, 90%=-179.0, 95%=-173.0, 98%=-169.97999572753906
ranking_best_algo: Tabu
ranking_best_score: 208.36000000000004
ranking_my_rank: 164/504 (67.7%)
ranking_my_percent: 67.65873015873017
