ConfigName: krbf__advnormalizedfitness__M3__L12__eps0p033__g0p005__ds0p15__dm0p01
Problem: NK
Kernel: rbf
Advantage: normalizedfitness
M: 3
lambda: 12
epsilon_svgd: 0.033
gamma: 0.005
decay_start_ratio: 0.15
decay_min_factor: 0.01
bandwith_kernel: None
no_interact: False
avg_score: 0.7429048418998718
median_score: 0.7404139041900635
std_score: 0.029708079993724823
percentiles: 2%=0.6971690654754639, 5%=0.7025633454322815, 10%=0.7067756056785583, 25%=0.7200096249580383, 50%=0.7404139041900635, 75%=0.7580187320709229, 90%=0.7783358693122864, 95%=0.8064581751823425, 98%=0.8118547797203064
ranking_best_algo: CMApara
ranking_best_score: 0.7459277895312499
ranking_my_rank: 14/504 (97.4%)
ranking_my_percent: 97.42063492063492
