ConfigName: kjsd__advperagentrankweighted__M5__L24__eps0p03__g0p0003__ds0p2__dm0p05
Problem: QUBO
Kernel: jsd
Advantage: peragentrankweighted
M: 5
lambda: 24
epsilon_svgd: 0.03
gamma: 0.0003
decay_start_ratio: 0.2
decay_min_factor: 0.05
bandwith_kernel: None
no_interact: False
avg_score: -424.4800109863281
median_score: -422.0
std_score: 25.431665420532227
percentiles: 2%=-479.0400085449219, 5%=-473.1000061035156, 10%=-461.0, 25%=-441.0, 50%=-422.0, 75%=-408.0, 90%=-392.8999938964844, 95%=-384.95001220703125, 98%=-375.9200134277344
ranking_best_algo: CMAL3
ranking_best_score: 435.36
ranking_my_rank: 30/504 (94.2%)
ranking_my_percent: 94.24603174603175
