ConfigName: kjsd__advperagentrankweighted__M3__L20__eps0p007__g0p003__ds0p1__dm0p1
Problem: NK
Kernel: jsd
Advantage: peragentrankweighted
M: 3
lambda: 20
epsilon_svgd: 0.007
gamma: 0.003
decay_start_ratio: 0.1
decay_min_factor: 0.1
bandwith_kernel: None
no_interact: False
avg_score: 0.7511586546897888
median_score: 0.7516930103302002
std_score: 0.014434659853577614
percentiles: 2%=0.7220020294189453, 5%=0.7259231805801392, 10%=0.7322825789451599, 25%=0.7407829761505127, 50%=0.7516930103302002, 75%=0.7604855298995972, 90%=0.7695275545120239, 95%=0.7732670903205872, 98%=0.7774134874343872
ranking_best_algo: Tabu
ranking_best_score: 0.7470791764843752
ranking_my_rank: 1/504 (100.0%)
ranking_my_percent: 100.0
