ConfigName: kjsd__advperagentrankweighted__M4__L12__eps0p01__g0p0003__ds0p4__dm0p05
Problem: QUBO
Kernel: jsd
Advantage: peragentrankweighted
M: 4
lambda: 12
epsilon_svgd: 0.01
gamma: 0.0003
decay_start_ratio: 0.4
decay_min_factor: 0.05
bandwith_kernel: None
no_interact: False
avg_score: -3257.919921875
median_score: -3259.0
std_score: 124.22476959228516
percentiles: 2%=-3519.1201171875, 5%=-3447.10009765625, 10%=-3416.5, 25%=-3324.5, 50%=-3259.0, 75%=-3181.5, 90%=-3084.0, 95%=-3049.800048828125, 98%=-3008.0
ranking_best_algo: RLSOnePlusOne
ranking_best_score: 3316.5199999999995
ranking_my_rank: 40/504 (92.3%)
ranking_my_percent: 92.26190476190476
