ConfigName: kfr__advglobalrankweighted__M4__L11__eps0p02__g0p003__ds0p01__dm0p01
Problem: QUBO
Kernel: fr
Advantage: globalrankweighted
M: 4
lambda: 11
epsilon_svgd: 0.02
gamma: 0.003
decay_start_ratio: 0.01
decay_min_factor: 0.01
bandwith_kernel: None
no_interact: False
avg_score: -1597.56005859375
median_score: -1599.5
std_score: 56.43036651611328
percentiles: 2%=-1694.239990234375, 5%=-1679.050048828125, 10%=-1671.0, 25%=-1635.0, 50%=-1599.5, 75%=-1559.25, 90%=-1525.0, 95%=-1518.8499755859375, 98%=-1490.1600341796875
ranking_best_algo: NLOPT_LN_PRAXIS
ranking_best_score: 1607.12
ranking_my_rank: 13/504 (97.6%)
ranking_my_percent: 97.61904761904762
