ConfigName: krbf__advnormalizedfitness__M4__L10__eps0p033__g0p015__ds0p15__dm0p01
Problem: QUBO
Kernel: rbf
Advantage: normalizedfitness
M: 4
lambda: 10
epsilon_svgd: 0.033
gamma: 0.015
decay_start_ratio: 0.15
decay_min_factor: 0.01
bandwith_kernel: None
no_interact: False
avg_score: -309.8800048828125
median_score: -315.0
std_score: 39.41707229614258
percentiles: 2%=-398.0, 5%=-396.1000061035156, 10%=-355.79998779296875, 25%=-330.0, 50%=-315.0, 75%=-274.0, 90%=-264.0, 95%=-258.95001220703125, 98%=-254.85997009277344
ranking_best_algo: CMApara
ranking_best_score: 319.29999999999995
ranking_my_rank: 68/504 (86.7%)
ranking_my_percent: 86.7063492063492
