ConfigName: kjsd__advperagentrankweighted__M3__L18__eps0p007__g0p0005__ds0p2__dm0p2
Problem: QUBO
Kernel: jsd
Advantage: peragentrankweighted
M: 3
lambda: 18
epsilon_svgd: 0.007
gamma: 0.0005
decay_start_ratio: 0.2
decay_min_factor: 0.2
bandwith_kernel: None
no_interact: False
avg_score: -327.44000244140625
median_score: -330.0
std_score: 23.406972885131836
percentiles: 2%=-372.0, 5%=-361.54998779296875, 10%=-354.29998779296875, 25%=-342.0, 50%=-330.0, 75%=-311.75, 90%=-292.0, 95%=-283.8999938964844, 98%=-280.0
ranking_best_algo: CMApara
ranking_best_score: 344.22
ranking_my_rank: 86/504 (83.1%)
ranking_my_percent: 83.13492063492063
