ConfigName: krbf__advnormalizedfitness__M1__L10__eps0p015__g0p015__ds0p15__dm0p3
Problem: QUBO
Kernel: rbf
Advantage: normalizedfitness
M: 1
lambda: 10
epsilon_svgd: 0.015
gamma: 0.015
decay_start_ratio: 0.15
decay_min_factor: 0.3
bandwith_kernel: None
no_interact: False
avg_score: -319.94000244140625
median_score: -326.0
std_score: 28.56355094909668
percentiles: 2%=-372.0, 5%=-361.0, 10%=-350.0, 25%=-341.0, 50%=-326.0, 75%=-298.0, 90%=-279.20001220703125, 95%=-265.9000244140625, 98%=-257.8799743652344
ranking_best_algo: CMApara
ranking_best_score: 344.22
ranking_my_rank: 177/504 (65.1%)
ranking_my_percent: 65.07936507936508
