ConfigName: kjsd__advperagentrankweighted__M3__L16__eps0p007__g0p0005__ds0p1__dm0p1
Problem: QUBO
Kernel: jsd
Advantage: peragentrankweighted
M: 3
lambda: 16
epsilon_svgd: 0.007
gamma: 0.0005
decay_start_ratio: 0.1
decay_min_factor: 0.1
bandwith_kernel: None
no_interact: False
avg_score: -147.02000427246094
median_score: -145.5
std_score: 13.050655364990234
percentiles: 2%=-179.0, 5%=-179.0, 10%=-158.0, 25%=-155.0, 50%=-145.5, 75%=-140.0, 90%=-135.0, 95%=-128.89999389648438, 98%=-116.94000244140625
ranking_best_algo: CMApara
ranking_best_score: 154.28
ranking_my_rank: 101/504 (80.2%)
ranking_my_percent: 80.15873015873017
