ConfigName: kjsd__advperagentrankweighted__M4__L24__eps0p01__g0p0003__ds0p05__dm0p05
Problem: QUBO
Kernel: jsd
Advantage: peragentrankweighted
M: 4
lambda: 24
epsilon_svgd: 0.01
gamma: 0.0003
decay_start_ratio: 0.05
decay_min_factor: 0.05
bandwith_kernel: None
no_interact: False
avg_score: -310.5400085449219
median_score: -312.0
std_score: 38.27568817138672
percentiles: 2%=-396.0400085449219, 5%=-388.1000061035156, 10%=-359.0, 25%=-332.5, 50%=-312.0, 75%=-274.75, 90%=-268.0, 95%=-262.0, 98%=-258.0
ranking_best_algo: CMApara
ranking_best_score: 319.29999999999995
ranking_my_rank: 58/504 (88.7%)
ranking_my_percent: 88.69047619047619
