ConfigName: krbf__advnormalizedfitness__M4__L15__eps0p02__g0p001__ds0p05__dm0p05
Problem: NK
Kernel: rbf
Advantage: normalizedfitness
M: 4
lambda: 15
epsilon_svgd: 0.02
gamma: 0.001
decay_start_ratio: 0.05
decay_min_factor: 0.05
bandwith_kernel: None
no_interact: False
avg_score: 0.7089020013809204
median_score: 0.7105424404144287
std_score: 0.015075970441102982
percentiles: 2%=0.6717432141304016, 5%=0.6729234457015991, 10%=0.6932247281074524, 25%=0.7040233612060547, 50%=0.7105424404144287, 75%=0.7179787158966064, 90%=0.723748505115509, 95%=0.7315172553062439, 98%=0.7323829531669617
ranking_best_algo: CMApara
ranking_best_score: 0.707475975
ranking_my_rank: 1/504 (100.0%)
ranking_my_percent: 100.0
