ConfigName: krbf__advnormalizedfitness__M4__L15__eps0p025__g0p005__ds0p05__dm0p05
Problem: QUBO
Kernel: rbf
Advantage: normalizedfitness
M: 4
lambda: 15
epsilon_svgd: 0.025
gamma: 0.005
decay_start_ratio: 0.05
decay_min_factor: 0.05
bandwith_kernel: None
no_interact: False
avg_score: -575.2999877929688
median_score: -572.0
std_score: 25.144184112548828
percentiles: 2%=-621.280029296875, 5%=-611.2999877929688, 10%=-607.0999755859375, 25%=-595.25, 50%=-572.0, 75%=-558.25, 90%=-543.0, 95%=-531.9500122070312, 98%=-528.0
ranking_best_algo: Tabu
ranking_best_score: 588.7199999999999
ranking_my_rank: 57/503 (88.9%)
ranking_my_percent: 88.86679920477137
