ConfigName: kjsd__advperagentrankweighted__M4__L20__eps0p005__g0p0005__ds0p1__dm0p2
Problem: QUBO
Kernel: jsd
Advantage: peragentrankweighted
M: 4
lambda: 20
epsilon_svgd: 0.005
gamma: 0.0005
decay_start_ratio: 0.1
decay_min_factor: 0.2
bandwith_kernel: None
no_interact: False
avg_score: -1598.1800537109375
median_score: -1601.5
std_score: 65.41580200195312
percentiles: 2%=-1741.219970703125, 5%=-1714.050048828125, 10%=-1681.199951171875, 25%=-1636.75, 50%=-1601.5, 75%=-1557.0, 90%=-1521.300048828125, 95%=-1495.449951171875, 98%=-1474.199951171875
ranking_best_algo: NLOPT_LN_PRAXIS
ranking_best_score: 1607.12
ranking_my_rank: 13/504 (97.6%)
ranking_my_percent: 97.61904761904762
