ConfigName: kjsd__advperagentrankweighted__M3__L16__eps0p007__g0p001__ds0p1__dm0p2
Problem: NK
Kernel: jsd
Advantage: peragentrankweighted
M: 3
lambda: 16
epsilon_svgd: 0.007
gamma: 0.001
decay_start_ratio: 0.1
decay_min_factor: 0.2
bandwith_kernel: None
no_interact: False
avg_score: 0.7350959181785583
median_score: 0.7359409928321838
std_score: 0.009253144264221191
percentiles: 2%=0.7161596417427063, 5%=0.7193745374679565, 10%=0.723590612411499, 25%=0.7286835312843323, 50%=0.7359409928321838, 75%=0.741479754447937, 90%=0.7475892305374146, 95%=0.7490746378898621, 98%=0.7510305047035217
ranking_best_algo: PBIL
ranking_best_score: 0.7248786399609374
ranking_my_rank: 1/504 (100.0%)
ranking_my_percent: 100.0
