ConfigName: krbf__advnormalizedfitness__M4__L15__eps0p015__g0p005__ds0p15__dm0p3
Problem: QUBO
Kernel: rbf
Advantage: normalizedfitness
M: 4
lambda: 15
epsilon_svgd: 0.015
gamma: 0.005
decay_start_ratio: 0.15
decay_min_factor: 0.3
bandwith_kernel: None
no_interact: False
avg_score: -1828.0799560546875
median_score: -1821.0
std_score: 210.1938018798828
percentiles: 2%=-2251.47998046875, 5%=-2200.550048828125, 10%=-2089.699951171875, 25%=-1985.5, 50%=-1821.0, 75%=-1652.0, 90%=-1560.7000732421875, 95%=-1519.9000244140625, 98%=-1502.8599853515625
ranking_best_algo: DiscreteLengler2OnePlusOne
ranking_best_score: 2617.04
ranking_my_rank: 318/504 (37.1%)
ranking_my_percent: 37.1031746031746
