ConfigName: kjsd__advperagentrankweighted__M5__L8__eps0p005__g0p0003__ds0p4__dm0p05
Problem: NK
Kernel: jsd
Advantage: peragentrankweighted
M: 5
lambda: 8
epsilon_svgd: 0.005
gamma: 0.0003
decay_start_ratio: 0.4
decay_min_factor: 0.05
bandwith_kernel: None
no_interact: False
avg_score: 0.7518447637557983
median_score: 0.7516951560974121
std_score: 0.012268372811377048
percentiles: 2%=0.7304185628890991, 5%=0.7336437106132507, 10%=0.7377387285232544, 25%=0.7421724796295166, 50%=0.7516951560974121, 75%=0.759809136390686, 90%=0.7683607339859009, 95%=0.7736713886260986, 98%=0.7789286375045776
ranking_best_algo: Tabu
ranking_best_score: 0.7470791764843752
ranking_my_rank: 1/504 (100.0%)
ranking_my_percent: 100.0
