ConfigName: kfr__advglobalrankweighted__M1__L11__eps0p015__g0p005__ds0p01__dm0p01
Problem: QUBO
Kernel: fr
Advantage: globalrankweighted
M: 1
lambda: 11
epsilon_svgd: 0.015
gamma: 0.005
decay_start_ratio: 0.01
decay_min_factor: 0.01
bandwith_kernel: None
no_interact: False
avg_score: -142.5800018310547
median_score: -141.0
std_score: 14.042207717895508
percentiles: 2%=-179.0, 5%=-162.10000610351562, 10%=-158.1999969482422, 25%=-154.0, 50%=-141.0, 75%=-132.5, 90%=-124.80000305175781, 95%=-119.95000457763672, 98%=-117.97999572753906
ranking_best_algo: CMApara
ranking_best_score: 154.28
ranking_my_rank: 227/504 (55.2%)
ranking_my_percent: 55.15873015873016
