ConfigName: kjsd__advperagentrankweighted__M3__L18__eps0p005__g0p001__ds0p2__dm0p05
Problem: NK
Kernel: jsd
Advantage: peragentrankweighted
M: 3
lambda: 18
epsilon_svgd: 0.005
gamma: 0.001
decay_start_ratio: 0.2
decay_min_factor: 0.05
bandwith_kernel: None
no_interact: False
avg_score: 0.7339009046554565
median_score: 0.733728289604187
std_score: 0.010892302729189396
percentiles: 2%=0.7135138511657715, 5%=0.7168493270874023, 10%=0.7208524346351624, 25%=0.7254288196563721, 50%=0.733728289604187, 75%=0.7411994934082031, 90%=0.7484953999519348, 95%=0.750874936580658, 98%=0.7555345892906189
ranking_best_algo: Tabu
ranking_best_score: 0.7429702712499999
ranking_my_rank: 2/504 (99.8%)
ranking_my_percent: 99.8015873015873
