ConfigName: kfr__advglobalrankweighted__M2__L9__eps0p015__g0p005__ds0p01__dm0p01
Problem: QUBO
Kernel: fr
Advantage: globalrankweighted
M: 2
lambda: 9
epsilon_svgd: 0.015
gamma: 0.005
decay_start_ratio: 0.01
decay_min_factor: 0.01
bandwith_kernel: None
no_interact: False
avg_score: -1237.8599853515625
median_score: -1234.5
std_score: 64.33848571777344
percentiles: 2%=-1380.0999755859375, 5%=-1353.1500244140625, 10%=-1329.699951171875, 25%=-1274.0, 50%=-1234.5, 75%=-1196.5, 90%=-1162.5999755859375, 95%=-1126.8499755859375, 98%=-1112.9599609375
ranking_best_algo: SVMMetaModelLogNormal
ranking_best_score: 1233.7999999999997
ranking_my_rank: 1/504 (100.0%)
ranking_my_percent: 100.0
