ConfigName: kfr__advglobalrankweighted__M1__L8__eps0p02__g0p007__ds0p01__dm0p01
Problem: QUBO
Kernel: fr
Advantage: globalrankweighted
M: 1
lambda: 8
epsilon_svgd: 0.02
gamma: 0.007
decay_start_ratio: 0.01
decay_min_factor: 0.01
bandwith_kernel: None
no_interact: False
avg_score: -394.9800109863281
median_score: -394.0
std_score: 31.828283309936523
percentiles: 2%=-455.3600158691406, 5%=-447.1000061035156, 10%=-438.3999938964844, 25%=-418.0, 50%=-394.0, 75%=-373.5, 90%=-353.6000061035156, 95%=-345.9000244140625, 98%=-333.7999572753906
ranking_best_algo: Tabu
ranking_best_score: 438.12
ranking_my_rank: 237/504 (53.2%)
ranking_my_percent: 53.17460317460318
