ConfigName: kjsd__advperagentrankweighted__M4__L24__eps0p005__g0p0005__ds0p2__dm0p05
Problem: QUBO
Kernel: jsd
Advantage: peragentrankweighted
M: 4
lambda: 24
epsilon_svgd: 0.005
gamma: 0.0005
decay_start_ratio: 0.2
decay_min_factor: 0.05
bandwith_kernel: None
no_interact: False
avg_score: -331.1000061035156
median_score: -334.0
std_score: 19.14027214050293
percentiles: 2%=-372.0, 5%=-354.29998779296875, 10%=-350.0, 25%=-343.0, 50%=-334.0, 75%=-320.75, 90%=-299.79998779296875, 95%=-297.8999938964844, 98%=-291.739990234375
ranking_best_algo: CMApara
ranking_best_score: 344.22
ranking_my_rank: 77/504 (84.9%)
ranking_my_percent: 84.92063492063492
