ConfigName: kjsd__advperagentrankweighted__M3__L24__eps0p007__g0p001__ds0p2__dm0p1
Problem: QUBO
Kernel: jsd
Advantage: peragentrankweighted
M: 3
lambda: 24
epsilon_svgd: 0.007
gamma: 0.001
decay_start_ratio: 0.2
decay_min_factor: 0.1
bandwith_kernel: None
no_interact: False
avg_score: -2563.10009765625
median_score: -2562.5
std_score: 127.59510040283203
percentiles: 2%=-2824.260009765625, 5%=-2770.300048828125, 10%=-2750.39990234375, 25%=-2651.5, 50%=-2562.5, 75%=-2467.75, 90%=-2409.0, 95%=-2382.5, 98%=-2329.679931640625
ranking_best_algo: SVM1MetaModelLogNormal
ranking_best_score: 2605.14
ranking_my_rank: 39/504 (92.5%)
ranking_my_percent: 92.46031746031746
