ConfigName: krbf__advnormalizedfitness__M4__L15__eps0p033__g0p01__ds0p3__dm0p3
Problem: QUBO
Kernel: rbf
Advantage: normalizedfitness
M: 4
lambda: 15
epsilon_svgd: 0.033
gamma: 0.01
decay_start_ratio: 0.3
decay_min_factor: 0.3
bandwith_kernel: None
no_interact: False
avg_score: -325.0
median_score: -327.0
std_score: 22.531755447387695
percentiles: 2%=-368.0799865722656, 5%=-357.20001220703125, 10%=-350.1000061035156, 25%=-342.0, 50%=-327.0, 75%=-308.0, 90%=-291.79998779296875, 95%=-290.0, 98%=-279.9599914550781
ranking_best_algo: CMApara
ranking_best_score: 344.22
ranking_my_rank: 121/504 (76.2%)
ranking_my_percent: 76.19047619047619
