ConfigName: kfr__advglobalrankweighted__M2__L8__eps0p015__g0p005__ds0p01__dm0p01
Problem: QUBO
Kernel: fr
Advantage: globalrankweighted
M: 2
lambda: 8
epsilon_svgd: 0.015
gamma: 0.005
decay_start_ratio: 0.01
decay_min_factor: 0.01
bandwith_kernel: None
no_interact: False
avg_score: -921.719970703125
median_score: -926.5
std_score: 69.78124237060547
percentiles: 2%=-1064.239990234375, 5%=-1043.0, 10%=-1004.0, 25%=-970.25, 50%=-926.5, 75%=-885.75, 90%=-826.300048828125, 95%=-794.7000122070312, 98%=-772.7599487304688
ranking_best_algo: CMApara
ranking_best_score: 964.9
ranking_my_rank: 51/504 (90.1%)
ranking_my_percent: 90.07936507936508
