ConfigName: krbf__advnormalizedfitness__M4__L8__eps0p015__g0p005__ds0p3__dm0p01
Problem: QUBO
Kernel: rbf
Advantage: normalizedfitness
M: 4
lambda: 8
epsilon_svgd: 0.015
gamma: 0.005
decay_start_ratio: 0.3
decay_min_factor: 0.01
bandwith_kernel: None
no_interact: False
avg_score: -428.3399963378906
median_score: -428.5
std_score: 25.493616104125977
percentiles: 2%=-483.0400085449219, 5%=-477.1000061035156, 10%=-462.29998779296875, 25%=-442.25, 50%=-428.5, 75%=-410.0, 90%=-397.0, 95%=-388.9000244140625, 98%=-382.77996826171875
ranking_best_algo: CMAL3
ranking_best_score: 435.36
ranking_my_rank: 15/504 (97.2%)
ranking_my_percent: 97.22222222222223
