ConfigName: krbf__advnormalizedfitness__M4__L12__eps0p025__g0p007__ds0p15__dm0p3
Problem: QUBO
Kernel: rbf
Advantage: normalizedfitness
M: 4
lambda: 12
epsilon_svgd: 0.025
gamma: 0.007
decay_start_ratio: 0.15
decay_min_factor: 0.3
bandwith_kernel: None
no_interact: False
avg_score: -1096.6400146484375
median_score: -1097.5
std_score: 84.66292572021484
percentiles: 2%=-1246.0999755859375, 5%=-1227.050048828125, 10%=-1206.5, 25%=-1150.5, 50%=-1097.5, 75%=-1036.0, 90%=-981.9000244140625, 95%=-950.5000610351562, 98%=-932.5198974609375
ranking_best_algo: BigLognormalDiscreteOnePlusOne
ranking_best_score: 1301.3600000000004
ranking_my_rank: 201/504 (60.3%)
ranking_my_percent: 60.317460317460316
