ConfigName: kjsd__advperagentrankweighted__M4__L8__eps0p02__g0p0005__ds0p2__dm0p05
Problem: NK
Kernel: jsd
Advantage: peragentrankweighted
M: 4
lambda: 8
epsilon_svgd: 0.02
gamma: 0.0005
decay_start_ratio: 0.2
decay_min_factor: 0.05
bandwith_kernel: None
no_interact: False
avg_score: 0.7425066232681274
median_score: 0.7431596517562866
std_score: 0.013524789363145828
percentiles: 2%=0.7167787551879883, 5%=0.7207239270210266, 10%=0.7229893207550049, 25%=0.7341084480285645, 50%=0.7431596517562866, 75%=0.7507212162017822, 90%=0.759137749671936, 95%=0.7650643587112427, 98%=0.770452618598938
ranking_best_algo: Tabu
ranking_best_score: 0.7657846284375001
ranking_my_rank: 62/504 (87.9%)
ranking_my_percent: 87.89682539682539
