Problem: NK
Kernel: pk
Advantage: peragentrankweighted
M: 5
lambda: 20
epsilon_svgd: 0.8
gamma: 0.05
decay_start_ratio: 0.1
decay_min_factor: 0.01
bandwith_kernel: None
no_interact: False
avg_score: 0.7580740451812744
median_score: 0.7574706077575684
std_score: 0.012003916315734386
percentiles: 2%=0.7337924838066101, 5%=0.7380644679069519, 10%=0.7415286898612976, 25%=0.7501819133758545, 50%=0.7574706077575684, 75%=0.7664230465888977, 90%=0.7724676728248596, 95%=0.779523491859436, 98%=0.779553234577179
ranking_best_algo: Tabu
ranking_best_score: 0.7657846284375001
ranking_my_rank: 2/505 (99.8%)
