ConfigName: krbf__advnormalizedfitness__M3__L8__eps0p025__g0p005__ds0p3__dm0p3
Problem: NK
Kernel: rbf
Advantage: normalizedfitness
M: 3
lambda: 8
epsilon_svgd: 0.025
gamma: 0.005
decay_start_ratio: 0.3
decay_min_factor: 0.3
bandwith_kernel: None
no_interact: False
avg_score: 0.7342473864555359
median_score: 0.7361640930175781
std_score: 0.008420354686677456
percentiles: 2%=0.7161158919334412, 5%=0.717484712600708, 10%=0.720208466053009, 25%=0.7295068502426147, 50%=0.7361640930175781, 75%=0.7405276894569397, 90%=0.7434179186820984, 95%=0.7444003224372864, 98%=0.7467379570007324
ranking_best_algo: PBIL
ranking_best_score: 0.7248786399609374
ranking_my_rank: 1/504 (100.0%)
ranking_my_percent: 100.0
