ConfigName: kjsd__advperagentrankweighted__M3__L30__eps0p005__g0p0005__ds0p05__dm0p05
Problem: NK
Kernel: jsd
Advantage: peragentrankweighted
M: 3
lambda: 30
epsilon_svgd: 0.005
gamma: 0.0005
decay_start_ratio: 0.05
decay_min_factor: 0.05
bandwith_kernel: None
no_interact: False
avg_score: 0.707923412322998
median_score: 0.7102729678153992
std_score: 0.011873899959027767
percentiles: 2%=0.6892063021659851, 5%=0.6895743608474731, 10%=0.6925989389419556, 25%=0.6960331201553345, 50%=0.7102729678153992, 75%=0.7188677787780762, 90%=0.7221773266792297, 95%=0.7240313291549683, 98%=0.7248697280883789
ranking_best_algo: PBIL
ranking_best_score: 0.7013553837109374
ranking_my_rank: 1/504 (100.0%)
ranking_my_percent: 100.0
