ConfigName: kfr__advglobalrankweighted__M1__L10__eps0p02__g0p005__ds0p01__dm0p01
Problem: QUBO
Kernel: fr
Advantage: globalrankweighted
M: 1
lambda: 10
epsilon_svgd: 0.02
gamma: 0.005
decay_start_ratio: 0.01
decay_min_factor: 0.01
bandwith_kernel: None
no_interact: False
avg_score: -405.3999938964844
median_score: -409.5
std_score: 34.4017448425293
percentiles: 2%=-473.0, 5%=-469.1000061035156, 10%=-447.1000061035156, 25%=-426.0, 50%=-409.5, 75%=-379.75, 90%=-359.8999938964844, 95%=-352.7500305175781, 98%=-337.91998291015625
ranking_best_algo: CMAL3
ranking_best_score: 435.36
ranking_my_rank: 219/504 (56.7%)
ranking_my_percent: 56.74603174603175
