ConfigName: kjsd__advperagentrankweighted__M4__L30__eps0p01__g0p0005__ds0p05__dm0p05
Problem: QUBO
Kernel: jsd
Advantage: peragentrankweighted
M: 4
lambda: 30
epsilon_svgd: 0.01
gamma: 0.0005
decay_start_ratio: 0.05
decay_min_factor: 0.05
bandwith_kernel: None
no_interact: False
avg_score: -919.3599853515625
median_score: -912.0
std_score: 57.5504150390625
percentiles: 2%=-1045.02001953125, 5%=-1029.449951171875, 10%=-995.2999877929688, 25%=-957.0, 50%=-912.0, 75%=-885.75, 90%=-838.9000244140625, 95%=-827.8499755859375, 98%=-820.0
ranking_best_algo: CMAL3
ranking_best_score: 928.5800000000002
ranking_my_rank: 9/504 (98.4%)
ranking_my_percent: 98.41269841269842
