ConfigName: kjsd__advperagentrankweighted__M3__L16__eps0p01__g0p0005__ds0p1__dm0p2
Problem: QUBO
Kernel: jsd
Advantage: peragentrankweighted
M: 3
lambda: 16
epsilon_svgd: 0.01
gamma: 0.0005
decay_start_ratio: 0.1
decay_min_factor: 0.2
bandwith_kernel: None
no_interact: False
avg_score: -577.780029296875
median_score: -576.0
std_score: 26.0082950592041
percentiles: 2%=-635.3200073242188, 5%=-621.2999877929688, 10%=-611.2000122070312, 25%=-593.0, 50%=-576.0, 75%=-562.5, 90%=-551.7000122070312, 95%=-537.9500122070312, 98%=-527.719970703125
ranking_best_algo: Tabu
ranking_best_score: 588.7199999999999
ranking_my_rank: 43/503 (91.7%)
ranking_my_percent: 91.65009940357852
