ConfigName: krbf__advnormalizedfitness__M3__L12__eps0p025__g0p005__ds0p3__dm0p01
Problem: QUBO
Kernel: rbf
Advantage: normalizedfitness
M: 3
lambda: 12
epsilon_svgd: 0.025
gamma: 0.005
decay_start_ratio: 0.3
decay_min_factor: 0.01
bandwith_kernel: None
no_interact: False
avg_score: -146.32000732421875
median_score: -146.0
std_score: 14.440831184387207
percentiles: 2%=-179.0, 5%=-179.0, 10%=-160.3000030517578, 25%=-155.0, 50%=-146.0, 75%=-136.75, 90%=-128.8000030517578, 95%=-122.0, 98%=-111.0
ranking_best_algo: CMApara
ranking_best_score: 154.28
ranking_my_rank: 124/504 (75.6%)
ranking_my_percent: 75.5952380952381
