ConfigName: kjsd__advperagentrankweighted__M4__L24__eps0p02__g0p0007__ds0p2__dm0p05
Problem: NK
Kernel: jsd
Advantage: peragentrankweighted
M: 4
lambda: 24
epsilon_svgd: 0.02
gamma: 0.0007
decay_start_ratio: 0.2
decay_min_factor: 0.05
bandwith_kernel: None
no_interact: False
avg_score: 0.7192074060440063
median_score: 0.7180362939834595
std_score: 0.006562598515301943
percentiles: 2%=0.7081952095031738, 5%=0.7092757821083069, 10%=0.7109872102737427, 25%=0.7150951623916626, 50%=0.7180362939834595, 75%=0.722990870475769, 90%=0.7285647392272949, 95%=0.7316524982452393, 98%=0.7337353825569153
ranking_best_algo: PBIL
ranking_best_score: 0.7170882103515624
ranking_my_rank: 1/504 (100.0%)
ranking_my_percent: 100.0
