ConfigName: kjsd__advperagentrankweighted__M4__L8__eps0p03__g0p0007__ds0p2__dm0p05
Problem: QUBO
Kernel: jsd
Advantage: peragentrankweighted
M: 4
lambda: 8
epsilon_svgd: 0.03
gamma: 0.0007
decay_start_ratio: 0.2
decay_min_factor: 0.05
bandwith_kernel: None
no_interact: False
avg_score: -3192.860107421875
median_score: -3190.0
std_score: 96.12418365478516
percentiles: 2%=-3364.43994140625, 5%=-3342.800048828125, 10%=-3306.10009765625, 25%=-3271.25, 50%=-3190.0, 75%=-3126.5, 90%=-3060.800048828125, 95%=-3041.89990234375, 98%=-3011.5400390625
ranking_best_algo: RLSOnePlusOne
ranking_best_score: 3316.5199999999995
ranking_my_rank: 57/504 (88.9%)
ranking_my_percent: 88.88888888888889
