ConfigName: krbf__advnormalizedfitness__M3__L24__eps0p025__g0p005__ds0p05__dm0p05
Problem: NK
Kernel: rbf
Advantage: normalizedfitness
M: 3
lambda: 24
epsilon_svgd: 0.025
gamma: 0.005
decay_start_ratio: 0.05
decay_min_factor: 0.05
bandwith_kernel: None
no_interact: False
avg_score: 0.7041189670562744
median_score: 0.7034753561019897
std_score: 0.017342494800686836
percentiles: 2%=0.6646061539649963, 5%=0.6723763346672058, 10%=0.6825258731842041, 25%=0.6941859722137451, 50%=0.7034753561019897, 75%=0.7156294584274292, 90%=0.7258042097091675, 95%=0.7287145256996155, 98%=0.7308250665664673
ranking_best_algo: Tabu
ranking_best_score: 0.7429702712499999
ranking_my_rank: 177/504 (65.1%)
ranking_my_percent: 65.07936507936508
