ConfigName: kjsd__advperagentrankweighted__M5__L8__eps0p005__g0p003__ds0p05__dm0p05
Problem: QUBO
Kernel: jsd
Advantage: peragentrankweighted
M: 5
lambda: 8
epsilon_svgd: 0.005
gamma: 0.003
decay_start_ratio: 0.05
decay_min_factor: 0.05
bandwith_kernel: None
no_interact: False
avg_score: -1369.6800537109375
median_score: -1376.5
std_score: 116.45667266845703
percentiles: 2%=-1593.0400390625, 5%=-1566.050048828125, 10%=-1529.800048828125, 25%=-1454.5, 50%=-1376.5, 75%=-1290.75, 90%=-1215.5, 95%=-1191.0, 98%=-1149.9000244140625
ranking_best_algo: NLOPT_LN_PRAXIS
ranking_best_score: 1607.12
ranking_my_rank: 167/504 (67.1%)
ranking_my_percent: 67.06349206349206
