ConfigName: kjsd__advperagentrankweighted__M4__L8__eps0p01__g0p0007__ds0p4__dm0p05
Problem: QUBO
Kernel: jsd
Advantage: peragentrankweighted
M: 4
lambda: 8
epsilon_svgd: 0.01
gamma: 0.0007
decay_start_ratio: 0.4
decay_min_factor: 0.05
bandwith_kernel: None
no_interact: False
avg_score: -1243.06005859375
median_score: -1243.0
std_score: 61.71593475341797
percentiles: 2%=-1357.4000244140625, 5%=-1346.1500244140625, 10%=-1325.0, 25%=-1281.25, 50%=-1243.0, 75%=-1197.0, 90%=-1170.0, 95%=-1142.699951171875, 98%=-1126.97998046875
ranking_best_algo: SVMMetaModelLogNormal
ranking_best_score: 1233.7999999999997
ranking_my_rank: 1/504 (100.0%)
ranking_my_percent: 100.0
