ConfigName: krbf__advnormalizedfitness__M5__L8__eps0p03__g0p005__ds0p05__dm0p05
Problem: QUBO
Kernel: rbf
Advantage: normalizedfitness
M: 5
lambda: 8
epsilon_svgd: 0.03
gamma: 0.005
decay_start_ratio: 0.05
decay_min_factor: 0.05
bandwith_kernel: None
no_interact: False
avg_score: -575.0999755859375
median_score: -570.5
std_score: 29.676082611083984
percentiles: 2%=-635.0800170898438, 5%=-629.0499877929688, 10%=-615.2999877929688, 25%=-595.0, 50%=-570.5, 75%=-552.75, 90%=-539.9000244140625, 95%=-535.7999877929688, 98%=-524.7999877929688
ranking_best_algo: Tabu
ranking_best_score: 588.7199999999999
ranking_my_rank: 57/503 (88.9%)
ranking_my_percent: 88.86679920477137
