ConfigName: kjsd__advperagentrankweighted__M3__L18__eps0p005__g0p001__ds0p2__dm0p05
Problem: NK
Kernel: jsd
Advantage: peragentrankweighted
M: 3
lambda: 18
epsilon_svgd: 0.005
gamma: 0.001
decay_start_ratio: 0.2
decay_min_factor: 0.05
bandwith_kernel: None
no_interact: False
avg_score: 0.710713267326355
median_score: 0.7117329835891724
std_score: 0.015143230557441711
percentiles: 2%=0.6725108623504639, 5%=0.673954427242279, 10%=0.6939955949783325, 25%=0.7073685526847839, 50%=0.7117329835891724, 75%=0.7196811437606812, 90%=0.7255907654762268, 95%=0.7326752543449402, 98%=0.7332702279090881
ranking_best_algo: CMApara
ranking_best_score: 0.707475975
ranking_my_rank: 1/504 (100.0%)
ranking_my_percent: 100.0
