ConfigName: krbf__advnormalizedfitness__M3__L10__eps0p033__g0p015__ds0p01__dm0p3
Problem: NK
Kernel: rbf
Advantage: normalizedfitness
M: 3
lambda: 10
epsilon_svgd: 0.033
gamma: 0.015
decay_start_ratio: 0.01
decay_min_factor: 0.3
bandwith_kernel: None
no_interact: False
avg_score: 0.7450132966041565
median_score: 0.7423104643821716
std_score: 0.028857672587037086
percentiles: 2%=0.7012847661972046, 5%=0.7069024443626404, 10%=0.710539698600769, 25%=0.723254919052124, 50%=0.7423104643821716, 75%=0.7610644102096558, 90%=0.777946949005127, 95%=0.8065834641456604, 98%=0.8118547797203064
ranking_best_algo: CMApara
ranking_best_score: 0.7459277895312499
ranking_my_rank: 2/504 (99.8%)
ranking_my_percent: 99.8015873015873
