ConfigName: krbf__advnormalizedfitness__M3__L12__eps0p015__g0p015__ds0p15__dm0p01
Problem: QUBO
Kernel: rbf
Advantage: normalizedfitness
M: 3
lambda: 12
epsilon_svgd: 0.015
gamma: 0.015
decay_start_ratio: 0.15
decay_min_factor: 0.01
bandwith_kernel: None
no_interact: False
avg_score: -327.8599853515625
median_score: -326.0
std_score: 21.75362777709961
percentiles: 2%=-372.0, 5%=-357.0, 10%=-352.20001220703125, 25%=-343.0, 50%=-326.0, 75%=-316.0, 90%=-298.0, 95%=-290.0, 98%=-289.6399230957031
ranking_best_algo: CMApara
ranking_best_score: 344.22
ranking_my_rank: 85/504 (83.3%)
ranking_my_percent: 83.33333333333333
