ConfigName: krbf__advnormalizedfitness__M2__L10__eps0p033__g0p005__ds0p01__dm0p3
Problem: QUBO
Kernel: rbf
Advantage: normalizedfitness
M: 2
lambda: 10
epsilon_svgd: 0.033
gamma: 0.005
decay_start_ratio: 0.01
decay_min_factor: 0.3
bandwith_kernel: None
no_interact: False
avg_score: -914.8200073242188
median_score: -902.0
std_score: 63.45319366455078
percentiles: 2%=-1048.0400390625, 5%=-1037.199951171875, 10%=-1010.2000122070312, 25%=-960.25, 50%=-902.0, 75%=-873.75, 90%=-842.7999877929688, 95%=-815.7000122070312, 98%=-782.7999877929688
ranking_best_algo: CMApara
ranking_best_score: 964.9
ranking_my_rank: 73/504 (85.7%)
ranking_my_percent: 85.71428571428571
