ConfigName: kjsd__advperagentrankweighted__M3__L16__eps0p007__g0p0005__ds0p05__dm0p2
Problem: NK
Kernel: jsd
Advantage: peragentrankweighted
M: 3
lambda: 16
epsilon_svgd: 0.007
gamma: 0.0005
decay_start_ratio: 0.05
decay_min_factor: 0.2
bandwith_kernel: None
no_interact: False
avg_score: 0.7508994936943054
median_score: 0.7506812810897827
std_score: 0.014407437294721603
percentiles: 2%=0.7186585068702698, 5%=0.7305187582969666, 10%=0.7348630428314209, 25%=0.7418426871299744, 50%=0.7506812810897827, 75%=0.7605999112129211, 90%=0.7684999108314514, 95%=0.7773954272270203, 98%=0.7831157445907593
ranking_best_algo: Tabu
ranking_best_score: 0.7657846284375001
ranking_my_rank: 18/504 (96.6%)
ranking_my_percent: 96.62698412698413
