ConfigName: kjsd__advperagentrankweighted__M5__L8__eps0p005__g0p0005__ds0p4__dm0p05
Problem: QUBO
Kernel: jsd
Advantage: peragentrankweighted
M: 5
lambda: 8
epsilon_svgd: 0.005
gamma: 0.0005
decay_start_ratio: 0.4
decay_min_factor: 0.05
bandwith_kernel: None
no_interact: False
avg_score: -150.4199981689453
median_score: -150.0
std_score: 11.48667049407959
percentiles: 2%=-179.0, 5%=-179.0, 10%=-164.0, 25%=-157.0, 50%=-150.0, 75%=-141.0, 90%=-137.0, 95%=-134.9499969482422, 98%=-131.0
ranking_best_algo: CMApara
ranking_best_score: 154.28
ranking_my_rank: 76/504 (85.1%)
ranking_my_percent: 85.11904761904762
