ConfigName: kjsd__advperagentrankweighted__M4__L8__eps0p02__g0p0005__ds0p05__dm0p05
Problem: QUBO
Kernel: jsd
Advantage: peragentrankweighted
M: 4
lambda: 8
epsilon_svgd: 0.02
gamma: 0.0005
decay_start_ratio: 0.05
decay_min_factor: 0.05
bandwith_kernel: None
no_interact: False
avg_score: -437.6199951171875
median_score: -439.0
std_score: 26.726306915283203
percentiles: 2%=-487.1000061035156, 5%=-481.0, 10%=-472.0, 25%=-458.25, 50%=-439.0, 75%=-421.0, 90%=-403.79998779296875, 95%=-385.8500061035156, 98%=-379.9800109863281
ranking_best_algo: CMApara
ranking_best_score: 453.82
ranking_my_rank: 28/504 (94.6%)
ranking_my_percent: 94.64285714285714
