ConfigName: kjsd__advperagentrankweighted__M5__L24__eps0p03__g0p0003__ds0p2__dm0p05
Problem: NK
Kernel: jsd
Advantage: peragentrankweighted
M: 5
lambda: 24
epsilon_svgd: 0.03
gamma: 0.0003
decay_start_ratio: 0.2
decay_min_factor: 0.05
bandwith_kernel: None
no_interact: False
avg_score: 0.7424020171165466
median_score: 0.7391459941864014
std_score: 0.02807912975549698
percentiles: 2%=0.7068806886672974, 5%=0.7095237970352173, 10%=0.7116278409957886, 25%=0.721644401550293, 50%=0.7391459941864014, 75%=0.7545080780982971, 90%=0.7780020236968994, 95%=0.8109490275382996, 98%=0.8118547797203064
ranking_best_algo: CMApara
ranking_best_score: 0.7459277895312499
ranking_my_rank: 20/504 (96.2%)
ranking_my_percent: 96.23015873015873
