ConfigName: krbf__advnormalizedfitness__M4__L10__eps0p03__g0p001__ds0p05__dm0p05
Problem: QUBO
Kernel: rbf
Advantage: normalizedfitness
M: 4
lambda: 10
epsilon_svgd: 0.03
gamma: 0.001
decay_start_ratio: 0.05
decay_min_factor: 0.05
bandwith_kernel: None
no_interact: False
avg_score: -416.7799987792969
median_score: -416.0
std_score: 23.550617218017578
percentiles: 2%=-466.0199890136719, 5%=-456.1000061035156, 10%=-449.0, 25%=-431.25, 50%=-416.0, 75%=-400.0, 90%=-389.70001220703125, 95%=-379.95001220703125, 98%=-373.8399963378906
ranking_best_algo: CMAL3
ranking_best_score: 435.36
ranking_my_rank: 100/504 (80.4%)
ranking_my_percent: 80.35714285714286
