ConfigName: krbf__advnormalizedfitness__M4__L15__eps0p015__g0p015__ds0p15__dm0p3
Problem: NK
Kernel: rbf
Advantage: normalizedfitness
M: 4
lambda: 15
epsilon_svgd: 0.015
gamma: 0.015
decay_start_ratio: 0.15
decay_min_factor: 0.3
bandwith_kernel: None
no_interact: False
avg_score: 0.6456171274185181
median_score: 0.6457827091217041
std_score: 0.009105903096497059
percentiles: 2%=0.6260398030281067, 5%=0.6308913826942444, 10%=0.6345081329345703, 25%=0.6390199065208435, 50%=0.6457827091217041, 75%=0.6509758234024048, 90%=0.6554763317108154, 95%=0.6575513482093811, 98%=0.664495587348938
ranking_best_algo: PBIL
ranking_best_score: 0.730509098125
ranking_my_rank: 341/504 (32.5%)
ranking_my_percent: 32.53968253968254
