ConfigName: krbf__advnormalizedfitness__M3__L8__eps0p015__g0p015__ds0p01__dm0p3
Problem: QUBO
Kernel: rbf
Advantage: normalizedfitness
M: 3
lambda: 8
epsilon_svgd: 0.015
gamma: 0.015
decay_start_ratio: 0.01
decay_min_factor: 0.3
bandwith_kernel: None
no_interact: False
avg_score: -487.260009765625
median_score: -490.5
std_score: 47.0052375793457
percentiles: 2%=-577.0, 5%=-565.0, 10%=-557.0999755859375, 25%=-517.25, 50%=-490.5, 75%=-453.0, 90%=-429.5, 95%=-403.95001220703125, 98%=-400.9599914550781
ranking_best_algo: Tabu
ranking_best_score: 588.7199999999999
ranking_my_rank: 265/503 (47.5%)
ranking_my_percent: 47.514910536779325
