ConfigName: kjsd__advperagentrankweighted__M6__L10__eps0p02__g0p0005__ds0p2__dm0p05
Problem: QUBO
Kernel: jsd
Advantage: peragentrankweighted
M: 6
lambda: 10
epsilon_svgd: 0.02
gamma: 0.0005
decay_start_ratio: 0.2
decay_min_factor: 0.05
bandwith_kernel: None
no_interact: False
avg_score: -311.8999938964844
median_score: -315.0
std_score: 38.16215515136719
percentiles: 2%=-396.0400085449219, 5%=-386.1000061035156, 10%=-355.6000061035156, 25%=-333.0, 50%=-315.0, 75%=-276.5, 90%=-265.79998779296875, 95%=-260.0, 98%=-256.9800109863281
ranking_best_algo: CMApara
ranking_best_score: 319.29999999999995
ranking_my_rank: 36/504 (93.1%)
ranking_my_percent: 93.05555555555556
