ConfigName: kjsd__advperagentrankweighted__M3__L16__eps0p005__g0p001__ds0p1__dm0p1
Problem: QUBO
Kernel: jsd
Advantage: peragentrankweighted
M: 3
lambda: 16
epsilon_svgd: 0.005
gamma: 0.001
decay_start_ratio: 0.1
decay_min_factor: 0.1
bandwith_kernel: None
no_interact: False
avg_score: -934.9000244140625
median_score: -935.5
std_score: 73.05347442626953
percentiles: 2%=-1072.0400390625, 5%=-1063.0, 10%=-1034.300048828125, 25%=-984.75, 50%=-935.5, 75%=-879.25, 90%=-842.2000122070312, 95%=-814.4000244140625, 98%=-796.6799926757812
ranking_best_algo: CMApara
ranking_best_score: 964.9
ranking_my_rank: 16/504 (97.0%)
ranking_my_percent: 97.02380952380952
