ConfigName: kjsd__advperagentrankweighted__M3__L18__eps0p01__g0p0005__ds0p1__dm0p1
Problem: NK
Kernel: jsd
Advantage: peragentrankweighted
M: 3
lambda: 18
epsilon_svgd: 0.01
gamma: 0.0005
decay_start_ratio: 0.1
decay_min_factor: 0.1
bandwith_kernel: None
no_interact: False
avg_score: 0.7417217493057251
median_score: 0.7387343049049377
std_score: 0.02894202247262001
percentiles: 2%=0.6979598999023438, 5%=0.703988790512085, 10%=0.7101470828056335, 25%=0.7209774255752563, 50%=0.7387343049049377, 75%=0.7576281428337097, 90%=0.7774813175201416, 95%=0.8044298887252808, 98%=0.8049718141555786
ranking_best_algo: CMApara
ranking_best_score: 0.7459277895312499
ranking_my_rank: 26/504 (95.0%)
ranking_my_percent: 95.03968253968254
