ConfigName: kjsd__advperagentrankweighted__M3__L16__eps0p007__g0p0005__ds0p2__dm0p1
Problem: NK
Kernel: jsd
Advantage: peragentrankweighted
M: 3
lambda: 16
epsilon_svgd: 0.007
gamma: 0.0005
decay_start_ratio: 0.2
decay_min_factor: 0.1
bandwith_kernel: None
no_interact: False
avg_score: 0.7324851751327515
median_score: 0.7336561679840088
std_score: 0.010117962025105953
percentiles: 2%=0.7126803398132324, 5%=0.7141191959381104, 10%=0.7184726595878601, 25%=0.726321816444397, 50%=0.7336561679840088, 75%=0.7388612627983093, 90%=0.7452028393745422, 95%=0.7472851872444153, 98%=0.7519654631614685
ranking_best_algo: Tabu
ranking_best_score: 0.7429702712499999
ranking_my_rank: 2/504 (99.8%)
ranking_my_percent: 99.8015873015873
