ConfigName: kjsd__advperagentrankweighted__M3__L18__eps0p007__g0p001__ds0p05__dm0p05
Problem: QUBO
Kernel: jsd
Advantage: peragentrankweighted
M: 3
lambda: 18
epsilon_svgd: 0.007
gamma: 0.001
decay_start_ratio: 0.05
decay_min_factor: 0.05
bandwith_kernel: None
no_interact: False
avg_score: -307.739990234375
median_score: -311.0
std_score: 38.69951248168945
percentiles: 2%=-394.0400085449219, 5%=-390.1000061035156, 10%=-352.3999938964844, 25%=-328.5, 50%=-311.0, 75%=-272.0, 90%=-265.8999938964844, 95%=-260.0, 98%=-256.9800109863281
ranking_best_algo: CMApara
ranking_best_score: 319.29999999999995
ranking_my_rank: 95/504 (81.3%)
ranking_my_percent: 81.34920634920636
