ConfigName: krbf__advnormalizedfitness__M3__L12__eps0p033__g0p01__ds0p3__dm0p01
Problem: QUBO
Kernel: rbf
Advantage: normalizedfitness
M: 3
lambda: 12
epsilon_svgd: 0.033
gamma: 0.01
decay_start_ratio: 0.3
decay_min_factor: 0.01
bandwith_kernel: None
no_interact: False
avg_score: -905.6199951171875
median_score: -901.0
std_score: 68.58626556396484
percentiles: 2%=-1044.1199951171875, 5%=-1019.6500244140625, 10%=-998.2999877929688, 25%=-953.25, 50%=-901.0, 75%=-842.75, 90%=-814.0, 95%=-809.9000244140625, 98%=-787.97998046875
ranking_best_algo: CMAL3
ranking_best_score: 928.5800000000002
ranking_my_rank: 62/504 (87.9%)
ranking_my_percent: 87.89682539682539
