ConfigName: krbf__advnormalizedfitness__M3__L12__eps0p025__g0p005__ds0p3__dm0p01
Problem: NK
Kernel: rbf
Advantage: normalizedfitness
M: 3
lambda: 12
epsilon_svgd: 0.025
gamma: 0.005
decay_start_ratio: 0.3
decay_min_factor: 0.01
bandwith_kernel: None
no_interact: False
avg_score: 0.7349305748939514
median_score: 0.7371228933334351
std_score: 0.009219326078891754
percentiles: 2%=0.7125488519668579, 5%=0.7169486880302429, 10%=0.7192550301551819, 25%=0.7289460897445679, 50%=0.7371228933334351, 75%=0.7416079640388489, 90%=0.7443782687187195, 95%=0.7467721700668335, 98%=0.7478572130203247
ranking_best_algo: PBIL
ranking_best_score: 0.7248786399609374
ranking_my_rank: 1/504 (100.0%)
ranking_my_percent: 100.0
