ConfigName: kjsd__advperagentrankweighted__M6__L8__eps0p02__g0p0007__ds0p05__dm0p05
Problem: QUBO
Kernel: jsd
Advantage: peragentrankweighted
M: 6
lambda: 8
epsilon_svgd: 0.02
gamma: 0.0007
decay_start_ratio: 0.05
decay_min_factor: 0.05
bandwith_kernel: None
no_interact: False
avg_score: -427.20001220703125
median_score: -427.0
std_score: 28.126855850219727
percentiles: 2%=-479.20001220703125, 5%=-473.1000061035156, 10%=-469.0, 25%=-447.5, 50%=-427.0, 75%=-405.0, 90%=-393.0, 95%=-389.8500061035156, 98%=-375.8399963378906
ranking_best_algo: CMAL3
ranking_best_score: 435.36
ranking_my_rank: 19/504 (96.4%)
ranking_my_percent: 96.42857142857143
