ConfigName: kjsd__advperagentrankweighted__M4__L12__eps0p01__g0p0003__ds0p2__dm0p05
Problem: QUBO
Kernel: jsd
Advantage: peragentrankweighted
M: 4
lambda: 12
epsilon_svgd: 0.01
gamma: 0.0003
decay_start_ratio: 0.2
decay_min_factor: 0.05
bandwith_kernel: None
no_interact: False
avg_score: -197.52000427246094
median_score: -199.5
std_score: 13.560589790344238
percentiles: 2%=-222.0399932861328, 5%=-221.0, 10%=-213.0, 25%=-207.0, 50%=-199.5, 75%=-189.0, 90%=-178.89999389648438, 95%=-175.89999389648438, 98%=-168.8800048828125
ranking_best_algo: Tabu
ranking_best_score: 208.36000000000004
ranking_my_rank: 113/504 (77.8%)
ranking_my_percent: 77.77777777777777
