ConfigName: kjsd__advperagentrankweighted__M4__L24__eps0p02__g0p0003__ds0p2__dm0p05
Problem: QUBO
Kernel: jsd
Advantage: peragentrankweighted
M: 4
lambda: 24
epsilon_svgd: 0.02
gamma: 0.0003
decay_start_ratio: 0.2
decay_min_factor: 0.05
bandwith_kernel: None
no_interact: False
avg_score: -931.260009765625
median_score: -933.0
std_score: 63.93584442138672
percentiles: 2%=-1043.02001953125, 5%=-1029.0999755859375, 10%=-1015.0999755859375, 25%=-981.0, 50%=-933.0, 75%=-885.0, 90%=-838.7999877929688, 95%=-826.7999877929688, 98%=-810.9600219726562
ranking_best_algo: CMApara
ranking_best_score: 964.9
ranking_my_rank: 19/504 (96.4%)
ranking_my_percent: 96.42857142857143
