ConfigName: kjsd__advperagentrankweighted__M3__L18__eps0p005__g0p0007__ds0p2__dm0p1
Problem: QUBO
Kernel: jsd
Advantage: peragentrankweighted
M: 3
lambda: 18
epsilon_svgd: 0.005
gamma: 0.0007
decay_start_ratio: 0.2
decay_min_factor: 0.1
bandwith_kernel: None
no_interact: False
avg_score: -199.1999969482422
median_score: -197.5
std_score: 12.91975212097168
percentiles: 2%=-222.0399932861328, 5%=-221.0500030517578, 10%=-219.10000610351562, 25%=-207.25, 50%=-197.5, 75%=-189.75, 90%=-181.89999389648438, 95%=-179.0, 98%=-177.97999572753906
ranking_best_algo: Tabu
ranking_best_score: 208.36000000000004
ranking_my_rank: 86/504 (83.1%)
ranking_my_percent: 83.13492063492063
