ConfigName: kjsd__advperagentrankweighted__M3__L18__eps0p007__g0p0005__ds0p2__dm0p2
Problem: NK
Kernel: jsd
Advantage: peragentrankweighted
M: 3
lambda: 18
epsilon_svgd: 0.007
gamma: 0.0005
decay_start_ratio: 0.2
decay_min_factor: 0.2
bandwith_kernel: None
no_interact: False
avg_score: 0.7339673638343811
median_score: 0.7365788221359253
std_score: 0.009418204426765442
percentiles: 2%=0.7135133743286133, 5%=0.7174453139305115, 10%=0.7186124920845032, 25%=0.7279762625694275, 50%=0.7365788221359253, 75%=0.740854024887085, 90%=0.7438976168632507, 95%=0.7456417679786682, 98%=0.7484765648841858
ranking_best_algo: PBIL
ranking_best_score: 0.7248786399609374
ranking_my_rank: 1/504 (100.0%)
ranking_my_percent: 100.0
