ConfigName: krbf__advnormalizedfitness__M4__L8__eps0p015__g0p015__ds0p3__dm0p01
Problem: QUBO
Kernel: rbf
Advantage: normalizedfitness
M: 4
lambda: 8
epsilon_svgd: 0.015
gamma: 0.015
decay_start_ratio: 0.3
decay_min_factor: 0.01
bandwith_kernel: None
no_interact: False
avg_score: -860.5599975585938
median_score: -866.0
std_score: 75.55677795410156
percentiles: 2%=-1001.0800170898438, 5%=-983.2000122070312, 10%=-951.7000122070312, 25%=-906.0, 50%=-866.0, 75%=-814.0, 90%=-758.7999877929688, 95%=-711.8500366210938, 98%=-704.679931640625
ranking_best_algo: SVMMetaModelLogNormal
ranking_best_score: 1233.7999999999997
ranking_my_rank: 322/504 (36.3%)
ranking_my_percent: 36.30952380952381
