ConfigName: krbf__advnormalizedfitness__M3__L12__eps0p015__g0p005__ds0p15__dm0p3
Problem: QUBO
Kernel: rbf
Advantage: normalizedfitness
M: 3
lambda: 12
epsilon_svgd: 0.015
gamma: 0.005
decay_start_ratio: 0.15
decay_min_factor: 0.3
bandwith_kernel: None
no_interact: False
avg_score: -412.3399963378906
median_score: -410.5
std_score: 24.82990837097168
percentiles: 2%=-459.0400085449219, 5%=-457.0, 10%=-452.0, 25%=-428.0, 50%=-410.5, 75%=-393.5, 90%=-383.79998779296875, 95%=-376.0, 98%=-373.9599914550781
ranking_best_algo: Tabu
ranking_best_score: 438.12
ranking_my_rank: 70/504 (86.3%)
ranking_my_percent: 86.30952380952381
