ConfigName: kjsd__advperagentrankweighted__M3__L30__eps0p007__g0p0005__ds0p2__dm0p2
Problem: NK
Kernel: jsd
Advantage: peragentrankweighted
M: 3
lambda: 30
epsilon_svgd: 0.007
gamma: 0.0005
decay_start_ratio: 0.2
decay_min_factor: 0.2
bandwith_kernel: None
no_interact: False
avg_score: 0.7073792815208435
median_score: 0.7092186808586121
std_score: 0.011705243960022926
percentiles: 2%=0.6883944272994995, 5%=0.6890110373497009, 10%=0.6932895183563232, 25%=0.6964160799980164, 50%=0.7092186808586121, 75%=0.7175779938697815, 90%=0.7213444113731384, 95%=0.7226935625076294, 98%=0.7235528826713562
ranking_best_algo: PBIL
ranking_best_score: 0.7013553837109374
ranking_my_rank: 1/504 (100.0%)
ranking_my_percent: 100.0
