ConfigName: krbf__advnormalizedfitness__M1__L8__eps0p025__g0p005__ds0p15__dm0p01
Problem: QUBO
Kernel: rbf
Advantage: normalizedfitness
M: 1
lambda: 8
epsilon_svgd: 0.025
gamma: 0.005
decay_start_ratio: 0.15
decay_min_factor: 0.01
bandwith_kernel: None
no_interact: False
avg_score: -187.27999877929688
median_score: -185.0
std_score: 13.625035285949707
percentiles: 2%=-218.0800018310547, 5%=-210.0500030517578, 10%=-205.1999969482422, 25%=-197.0, 50%=-185.0, 75%=-177.0, 90%=-171.0, 95%=-165.0, 98%=-163.97999572753906
ranking_best_algo: Tabu
ranking_best_score: 208.36000000000004
ranking_my_rank: 250/504 (50.6%)
ranking_my_percent: 50.595238095238095
