ConfigName: kjsd__advperagentrankweighted__M5__L10__eps0p03__g0p0007__ds0p2__dm0p05
Problem: QUBO
Kernel: jsd
Advantage: peragentrankweighted
M: 5
lambda: 10
epsilon_svgd: 0.03
gamma: 0.0007
decay_start_ratio: 0.2
decay_min_factor: 0.05
bandwith_kernel: None
no_interact: False
avg_score: -441.4200134277344
median_score: -444.0
std_score: 25.83763885498047
percentiles: 2%=-485.1400146484375, 5%=-479.1000061035156, 10%=-474.1000061035156, 25%=-459.25, 50%=-444.0, 75%=-423.25, 90%=-404.8999938964844, 95%=-397.95001220703125, 98%=-391.94000244140625
ranking_best_algo: CMApara
ranking_best_score: 453.82
ranking_my_rank: 11/504 (98.0%)
ranking_my_percent: 98.01587301587301
