Problem: QUBO
Kernel: rbf
Advantage: peragentrankweighted
M: 3
lambda: 7
epsilon_svgd: 0.3
gamma: 5e-05
bandwith_kernel: None
no_interact: True
avg_score: -859.0999755859375
median_score: -857.0
std_score: 53.96377944946289
percentiles: 2%=-985.239990234375, 5%=-949.0999755859375, 10%=-926.9000244140625, 25%=-903.5, 50%=-857.0, 75%=-818.75, 90%=-789.0, 95%=-781.0, 98%=-776.4398803710938
ranking_best_algo: PPO-EDA
ranking_best_score: 1367.72
ranking_my_rank: 323/505 (36.2%)
