ConfigName: kjsd__advperagentrankweighted__M3__L16__eps0p005__g0p0005__ds0p2__dm0p05
Problem: QUBO
Kernel: jsd
Advantage: peragentrankweighted
M: 3
lambda: 16
epsilon_svgd: 0.005
gamma: 0.0005
decay_start_ratio: 0.2
decay_min_factor: 0.05
bandwith_kernel: None
no_interact: False
avg_score: -146.8800048828125
median_score: -146.0
std_score: 13.829880714416504
percentiles: 2%=-179.0, 5%=-179.0, 10%=-160.39999389648438, 25%=-154.0, 50%=-146.0, 75%=-140.0, 90%=-131.0, 95%=-122.94999694824219, 98%=-114.0
ranking_best_algo: CMApara
ranking_best_score: 154.28
ranking_my_rank: 109/504 (78.6%)
ranking_my_percent: 78.57142857142857
