ConfigName: kjsd__advperagentrankweighted__M5__L12__eps0p03__g0p0007__ds0p2__dm0p05
Problem: QUBO
Kernel: jsd
Advantage: peragentrankweighted
M: 5
lambda: 12
epsilon_svgd: 0.03
gamma: 0.0007
decay_start_ratio: 0.2
decay_min_factor: 0.05
bandwith_kernel: None
no_interact: False
avg_score: -582.0800170898438
median_score: -581.5
std_score: 29.685579299926758
percentiles: 2%=-633.0, 5%=-629.0999755859375, 10%=-623.0, 25%=-605.0, 50%=-581.5, 75%=-557.0, 90%=-544.9000244140625, 95%=-536.9500122070312, 98%=-516.97998046875
ranking_best_algo: Tabu
ranking_best_score: 588.7199999999999
ranking_my_rank: 34/503 (93.4%)
ranking_my_percent: 93.43936381709742
