ConfigName: kjsd__advperagentrankweighted__M3__L30__eps0p007__g0p001__ds0p1__dm0p05
Problem: QUBO
Kernel: jsd
Advantage: peragentrankweighted
M: 3
lambda: 30
epsilon_svgd: 0.007
gamma: 0.001
decay_start_ratio: 0.1
decay_min_factor: 0.05
bandwith_kernel: None
no_interact: False
avg_score: -1299.93994140625
median_score: -1299.0
std_score: 63.30573272705078
percentiles: 2%=-1413.0400390625, 5%=-1401.050048828125, 10%=-1381.0, 25%=-1349.25, 50%=-1299.0, 75%=-1254.75, 90%=-1220.9000244140625, 95%=-1205.9000244140625, 98%=-1172.719970703125
ranking_best_algo: BigLognormalDiscreteOnePlusOne
ranking_best_score: 1301.3600000000004
ranking_my_rank: 2/504 (99.8%)
ranking_my_percent: 99.8015873015873
