ConfigName: kjsd__advperagentrankweighted__M3__L24__eps0p005__g0p0005__ds0p05__dm0p1
Problem: NK
Kernel: jsd
Advantage: peragentrankweighted
M: 3
lambda: 24
epsilon_svgd: 0.005
gamma: 0.0005
decay_start_ratio: 0.05
decay_min_factor: 0.1
bandwith_kernel: None
no_interact: False
avg_score: 0.7102024555206299
median_score: 0.711274266242981
std_score: 0.015275358222424984
percentiles: 2%=0.6713971495628357, 5%=0.6734607219696045, 10%=0.6963406205177307, 25%=0.7071008086204529, 50%=0.711274266242981, 75%=0.7198841571807861, 90%=0.7254309058189392, 95%=0.7322710752487183, 98%=0.7328755259513855
ranking_best_algo: CMApara
ranking_best_score: 0.707475975
ranking_my_rank: 1/504 (100.0%)
ranking_my_percent: 100.0
