ConfigName: krbf__advnormalizedfitness__M1__L8__eps0p033__g0p007__ds0p15__dm0p3
Problem: NK
Kernel: rbf
Advantage: normalizedfitness
M: 1
lambda: 8
epsilon_svgd: 0.033
gamma: 0.007
decay_start_ratio: 0.15
decay_min_factor: 0.3
bandwith_kernel: None
no_interact: False
avg_score: 0.7216889262199402
median_score: 0.7235908508300781
std_score: 0.012319106608629227
percentiles: 2%=0.6905075311660767, 5%=0.6987153887748718, 10%=0.7075650691986084, 25%=0.714000403881073, 50%=0.7235908508300781, 75%=0.7306482791900635, 90%=0.7353371381759644, 95%=0.7394722104072571, 98%=0.7428812384605408
ranking_best_algo: PBIL
ranking_best_score: 0.730509098125
ranking_my_rank: 24/504 (95.4%)
ranking_my_percent: 95.43650793650794
