ConfigName: krbf__advnormalizedfitness__M3__L10__eps0p015__g0p007__ds0p15__dm0p3
Problem: QUBO
Kernel: rbf
Advantage: normalizedfitness
M: 3
lambda: 10
epsilon_svgd: 0.015
gamma: 0.007
decay_start_ratio: 0.15
decay_min_factor: 0.3
bandwith_kernel: None
no_interact: False
avg_score: -139.5800018310547
median_score: -141.0
std_score: 11.362377166748047
percentiles: 2%=-160.0, 5%=-158.0500030517578, 10%=-153.1999969482422, 25%=-148.0, 50%=-141.0, 75%=-130.75, 90%=-124.0, 95%=-119.95000457763672, 98%=-118.95999145507812
ranking_best_algo: DiscreteDE
ranking_best_score: 143.4
ranking_my_rank: 84/504 (83.5%)
ranking_my_percent: 83.53174603174604
