ConfigName: kfr__advglobalrankweighted__M5__L10__eps0p01__g0p003__ds0p01__dm0p01
Problem: QUBO
Kernel: fr
Advantage: globalrankweighted
M: 5
lambda: 10
epsilon_svgd: 0.01
gamma: 0.003
decay_start_ratio: 0.01
decay_min_factor: 0.01
bandwith_kernel: None
no_interact: False
avg_score: -329.0
median_score: -334.0
std_score: 20.38234519958496
percentiles: 2%=-357.0, 5%=-356.04998779296875, 10%=-354.0, 25%=-343.0, 50%=-334.0, 75%=-315.5, 90%=-298.0, 95%=-292.0, 98%=-285.9599914550781
ranking_best_algo: CMApara
ranking_best_score: 344.22
ranking_my_rank: 83/504 (83.7%)
ranking_my_percent: 83.73015873015873
