ConfigName: kfr__advglobalrankweighted__M4__L12__eps0p015__g0p005__ds0p01__dm0p01
Problem: QUBO
Kernel: fr
Advantage: globalrankweighted
M: 4
lambda: 12
epsilon_svgd: 0.015
gamma: 0.005
decay_start_ratio: 0.01
decay_min_factor: 0.01
bandwith_kernel: None
no_interact: False
avg_score: -201.22000122070312
median_score: -201.0
std_score: 13.18603801727295
percentiles: 2%=-224.0, 5%=-224.0, 10%=-219.10000610351562, 25%=-211.0, 50%=-201.0, 75%=-192.0, 90%=-184.0, 95%=-179.95001220703125, 98%=-175.0
ranking_best_algo: Tabu
ranking_best_score: 208.36000000000004
ranking_my_rank: 41/504 (92.1%)
ranking_my_percent: 92.06349206349206
