ConfigName: krbf__advnormalizedfitness__M1__L8__eps0p025__g0p015__ds0p15__dm0p01
Problem: NK
Kernel: rbf
Advantage: normalizedfitness
M: 1
lambda: 8
epsilon_svgd: 0.025
gamma: 0.015
decay_start_ratio: 0.15
decay_min_factor: 0.01
bandwith_kernel: None
no_interact: False
avg_score: 0.7043138742446899
median_score: 0.7068896293640137
std_score: 0.011699712835252285
percentiles: 2%=0.6840038299560547, 5%=0.6855742335319519, 10%=0.6876912117004395, 25%=0.6938141584396362, 50%=0.7068896293640137, 75%=0.7140536308288574, 90%=0.7184147238731384, 95%=0.720025897026062, 98%=0.7208821177482605
ranking_best_algo: PBIL
ranking_best_score: 0.7013553837109374
ranking_my_rank: 1/504 (100.0%)
ranking_my_percent: 100.0
