ConfigName: kjsd__advperagentrankweighted__M3__L18__eps0p01__g0p003__ds0p05__dm0p2
Problem: QUBO
Kernel: jsd
Advantage: peragentrankweighted
M: 3
lambda: 18
epsilon_svgd: 0.01
gamma: 0.003
decay_start_ratio: 0.05
decay_min_factor: 0.2
bandwith_kernel: None
no_interact: False
avg_score: -3144.6201171875
median_score: -3152.0
std_score: 152.74676513671875
percentiles: 2%=-3385.1201171875, 5%=-3353.550048828125, 10%=-3336.800048828125, 25%=-3243.75, 50%=-3152.0, 75%=-3049.5, 90%=-2974.300048828125, 95%=-2869.75, 98%=-2770.699951171875
ranking_best_algo: RLSOnePlusOne
ranking_best_score: 3316.5199999999995
ranking_my_rank: 66/504 (87.1%)
ranking_my_percent: 87.10317460317461
