ConfigName: krbf__advnormalizedfitness__M4__L8__eps0p033__g0p007__ds0p15__dm0p01
Problem: QUBO
Kernel: rbf
Advantage: normalizedfitness
M: 4
lambda: 8
epsilon_svgd: 0.033
gamma: 0.007
decay_start_ratio: 0.15
decay_min_factor: 0.01
bandwith_kernel: None
no_interact: False
avg_score: -139.97999572753906
median_score: -143.0
std_score: 11.572364807128906
percentiles: 2%=-160.02000427246094, 5%=-158.0500030517578, 10%=-156.0, 25%=-147.0, 50%=-143.0, 75%=-132.0, 90%=-126.80000305175781, 95%=-120.90000915527344, 98%=-116.87997436523438
ranking_best_algo: DiscreteDE
ranking_best_score: 143.4
ranking_my_rank: 80/504 (84.3%)
ranking_my_percent: 84.32539682539682
