ConfigName: kjsd__advperagentrankweighted__M3__L20__eps0p007__g0p003__ds0p2__dm0p1
Problem: QUBO
Kernel: jsd
Advantage: peragentrankweighted
M: 3
lambda: 20
epsilon_svgd: 0.007
gamma: 0.003
decay_start_ratio: 0.2
decay_min_factor: 0.1
bandwith_kernel: None
no_interact: False
avg_score: -917.3599853515625
median_score: -925.0
std_score: 72.74098205566406
percentiles: 2%=-1047.0999755859375, 5%=-1042.199951171875, 10%=-1010.2999877929688, 25%=-962.25, 50%=-925.0, 75%=-863.5, 90%=-816.7999877929688, 95%=-790.7999877929688, 98%=-768.719970703125
ranking_best_algo: CMApara
ranking_best_score: 964.9
ranking_my_rank: 68/504 (86.7%)
ranking_my_percent: 86.7063492063492
