ConfigName: kjsd__advperagentrankweighted__M4__L10__eps0p02__g0p0003__ds0p2__dm0p05
Problem: NK
Kernel: jsd
Advantage: peragentrankweighted
M: 4
lambda: 10
epsilon_svgd: 0.02
gamma: 0.0003
decay_start_ratio: 0.2
decay_min_factor: 0.05
bandwith_kernel: None
no_interact: False
avg_score: 0.721133291721344
median_score: 0.7209874391555786
std_score: 0.014482948929071426
percentiles: 2%=0.6950058937072754, 5%=0.6991399526596069, 10%=0.703918993473053, 25%=0.7105451822280884, 50%=0.7209874391555786, 75%=0.7314945459365845, 90%=0.7414636015892029, 95%=0.7446519732475281, 98%=0.751397430896759
ranking_best_algo: Tabu
ranking_best_score: 0.7601875690625
ranking_my_rank: 133/504 (73.8%)
ranking_my_percent: 73.80952380952381
