ConfigName: krbf__advnormalizedfitness__M3__L10__eps0p025__g0p015__ds0p01__dm0p3
Problem: QUBO
Kernel: rbf
Advantage: normalizedfitness
M: 3
lambda: 10
epsilon_svgd: 0.025
gamma: 0.015
decay_start_ratio: 0.01
decay_min_factor: 0.3
bandwith_kernel: None
no_interact: False
avg_score: -542.1599731445312
median_score: -536.5
std_score: 35.81360626220703
percentiles: 2%=-627.02001953125, 5%=-599.0499877929688, 10%=-590.0999755859375, 25%=-567.75, 50%=-536.5, 75%=-519.0, 90%=-496.8999938964844, 95%=-485.8500061035156, 98%=-476.91998291015625
ranking_best_algo: Tabu
ranking_best_score: 588.7199999999999
ranking_my_rank: 164/503 (67.6%)
ranking_my_percent: 67.59443339960238
