ConfigName: kjsd__advperagentrankweighted__M4__L8__eps0p02__g0p0005__ds0p2__dm0p05
Problem: QUBO
Kernel: jsd
Advantage: peragentrankweighted
M: 4
lambda: 8
epsilon_svgd: 0.02
gamma: 0.0005
decay_start_ratio: 0.2
decay_min_factor: 0.05
bandwith_kernel: None
no_interact: False
avg_score: -418.6000061035156
median_score: -419.0
std_score: 29.867706298828125
percentiles: 2%=-479.0400085449219, 5%=-473.1000061035156, 10%=-456.3999938964844, 25%=-434.75, 50%=-419.0, 75%=-400.5, 90%=-379.0, 95%=-364.8999938964844, 98%=-357.9599914550781
ranking_best_algo: CMAL3
ranking_best_score: 435.36
ranking_my_rank: 95/504 (81.3%)
ranking_my_percent: 81.34920634920636
