ConfigName: kjsd__advperagentrankweighted__M3__L24__eps0p007__g0p001__ds0p2__dm0p05
Problem: QUBO
Kernel: jsd
Advantage: peragentrankweighted
M: 3
lambda: 24
epsilon_svgd: 0.007
gamma: 0.001
decay_start_ratio: 0.2
decay_min_factor: 0.05
bandwith_kernel: None
no_interact: False
avg_score: -580.4400024414062
median_score: -575.5
std_score: 28.725709915161133
percentiles: 2%=-643.1199951171875, 5%=-631.0, 10%=-623.2000122070312, 25%=-598.25, 50%=-575.5, 75%=-563.0, 90%=-547.4000244140625, 95%=-533.9500122070312, 98%=-532.0
ranking_best_algo: Tabu
ranking_best_score: 588.7199999999999
ranking_my_rank: 37/503 (92.8%)
ranking_my_percent: 92.84294234592446
