ConfigName: kfr__advglobalrankweighted__M4__L9__eps0p02__g0p005__ds0p01__dm0p01
Problem: QUBO
Kernel: fr
Advantage: globalrankweighted
M: 4
lambda: 9
epsilon_svgd: 0.02
gamma: 0.005
decay_start_ratio: 0.01
decay_min_factor: 0.01
bandwith_kernel: None
no_interact: False
avg_score: -3223.159912109375
median_score: -3203.0
std_score: 139.51780700683594
percentiles: 2%=-3537.300048828125, 5%=-3462.300048828125, 10%=-3403.300048828125, 25%=-3316.5, 50%=-3203.0, 75%=-3114.75, 90%=-3067.10009765625, 95%=-3046.75, 98%=-2987.260009765625
ranking_best_algo: RLSOnePlusOne
ranking_best_score: 3316.5199999999995
ranking_my_rank: 43/504 (91.7%)
ranking_my_percent: 91.66666666666667
