ConfigName: kjsd__advperagentrankweighted__M3__L20__eps0p007__g0p003__ds0p05__dm0p2
Problem: NK
Kernel: jsd
Advantage: peragentrankweighted
M: 3
lambda: 20
epsilon_svgd: 0.007
gamma: 0.003
decay_start_ratio: 0.05
decay_min_factor: 0.2
bandwith_kernel: None
no_interact: False
avg_score: 0.7014749646186829
median_score: 0.7044402360916138
std_score: 0.012008569203317165
percentiles: 2%=0.681901216506958, 5%=0.6832433342933655, 10%=0.6861510276794434, 25%=0.6898082494735718, 50%=0.7044402360916138, 75%=0.7115634679794312, 90%=0.7166255712509155, 95%=0.7177873849868774, 98%=0.7209008932113647
ranking_best_algo: PBIL
ranking_best_score: 0.7013553837109374
ranking_my_rank: 1/504 (100.0%)
ranking_my_percent: 100.0
