ConfigName: kjsd__advperagentrankweighted__M3__L18__eps0p007__g0p0005__ds0p1__dm0p2
Problem: QUBO
Kernel: jsd
Advantage: peragentrankweighted
M: 3
lambda: 18
epsilon_svgd: 0.007
gamma: 0.0005
decay_start_ratio: 0.1
decay_min_factor: 0.2
bandwith_kernel: None
no_interact: False
avg_score: -575.760009765625
median_score: -572.5
std_score: 31.914609909057617
percentiles: 2%=-635.0800170898438, 5%=-633.0, 10%=-621.2000122070312, 25%=-597.0, 50%=-572.5, 75%=-552.0, 90%=-538.7999877929688, 95%=-527.9500122070312, 98%=-511.0
ranking_best_algo: Tabu
ranking_best_score: 588.7199999999999
ranking_my_rank: 57/503 (88.9%)
ranking_my_percent: 88.86679920477137
