ConfigName: kjsd__advperagentrankweighted__M3__L18__eps0p01__g0p0005__ds0p1__dm0p05
Problem: QUBO
Kernel: jsd
Advantage: peragentrankweighted
M: 3
lambda: 18
epsilon_svgd: 0.01
gamma: 0.0005
decay_start_ratio: 0.1
decay_min_factor: 0.05
bandwith_kernel: None
no_interact: False
avg_score: -1617.8399658203125
median_score: -1616.0
std_score: 59.83004379272461
percentiles: 2%=-1749.02001953125, 5%=-1709.4000244140625, 10%=-1699.300048828125, 25%=-1650.25, 50%=-1616.0, 75%=-1575.0, 90%=-1548.5999755859375, 95%=-1522.8499755859375, 98%=-1502.56005859375
ranking_best_algo: NLOPT_LN_PRAXIS
ranking_best_score: 1607.12
ranking_my_rank: 1/504 (100.0%)
ranking_my_percent: 100.0
