ConfigName: krbf__advnormalizedfitness__M3__L8__eps0p033__g0p007__ds0p3__dm0p3
Problem: QUBO
Kernel: rbf
Advantage: normalizedfitness
M: 3
lambda: 8
epsilon_svgd: 0.033
gamma: 0.007
decay_start_ratio: 0.3
decay_min_factor: 0.3
bandwith_kernel: None
no_interact: False
avg_score: -309.2799987792969
median_score: -310.0
std_score: 38.818572998046875
percentiles: 2%=-390.0, 5%=-384.0, 10%=-360.0, 25%=-333.0, 50%=-310.0, 75%=-272.75, 90%=-267.6000061035156, 95%=-258.95001220703125, 98%=-257.0
ranking_best_algo: CMApara
ranking_best_score: 319.29999999999995
ranking_my_rank: 81/504 (84.1%)
ranking_my_percent: 84.12698412698413
