ConfigName: kjsd__advperagentrankweighted__M3__L20__eps0p005__g0p001__ds0p2__dm0p1
Problem: QUBO
Kernel: jsd
Advantage: peragentrankweighted
M: 3
lambda: 20
epsilon_svgd: 0.005
gamma: 0.001
decay_start_ratio: 0.2
decay_min_factor: 0.1
bandwith_kernel: None
no_interact: False
avg_score: -416.4800109863281
median_score: -416.0
std_score: 28.46488380432129
percentiles: 2%=-473.0799865722656, 5%=-469.0, 10%=-453.1000061035156, 25%=-437.25, 50%=-416.0, 75%=-395.5, 90%=-378.70001220703125, 95%=-371.8999938964844, 98%=-363.9599914550781
ranking_best_algo: Tabu
ranking_best_score: 438.12
ranking_my_rank: 43/504 (91.7%)
ranking_my_percent: 91.66666666666667
