ConfigName: kjsd__advperagentrankweighted__M3__L20__eps0p007__g0p001__ds0p2__dm0p2
Problem: NK
Kernel: jsd
Advantage: peragentrankweighted
M: 3
lambda: 20
epsilon_svgd: 0.007
gamma: 0.001
decay_start_ratio: 0.2
decay_min_factor: 0.2
bandwith_kernel: None
no_interact: False
avg_score: 0.746589183807373
median_score: 0.7459500432014465
std_score: 0.009549139067530632
percentiles: 2%=0.7278255224227905, 5%=0.7307257652282715, 10%=0.7353468537330627, 25%=0.739528477191925, 50%=0.7459500432014465, 75%=0.7545446157455444, 90%=0.7586259841918945, 95%=0.7622352838516235, 98%=0.7647496461868286
ranking_best_algo: PBIL
ranking_best_score: 0.733570253046875
ranking_my_rank: 1/504 (100.0%)
ranking_my_percent: 100.0
