ConfigName: krbf__advnormalizedfitness__M4__L15__eps0p025__g0p005__ds0p01__dm0p3
Problem: NK
Kernel: rbf
Advantage: normalizedfitness
M: 4
lambda: 15
epsilon_svgd: 0.025
gamma: 0.005
decay_start_ratio: 0.01
decay_min_factor: 0.3
bandwith_kernel: None
no_interact: False
avg_score: 0.7101552486419678
median_score: 0.711276113986969
std_score: 0.01547018438577652
percentiles: 2%=0.6702702641487122, 5%=0.671440064907074, 10%=0.6970320343971252, 25%=0.7070333957672119, 50%=0.711276113986969, 75%=0.7185949087142944, 90%=0.7253649830818176, 95%=0.7317444086074829, 98%=0.732749342918396
ranking_best_algo: CMApara
ranking_best_score: 0.707475975
ranking_my_rank: 1/504 (100.0%)
ranking_my_percent: 100.0
