ConfigName: krbf__advnormalizedfitness__M1__L10__eps0p015__g0p01__ds0p15__dm0p3
Problem: NK
Kernel: rbf
Advantage: normalizedfitness
M: 1
lambda: 10
epsilon_svgd: 0.015
gamma: 0.01
decay_start_ratio: 0.15
decay_min_factor: 0.3
bandwith_kernel: None
no_interact: False
avg_score: 0.7079266905784607
median_score: 0.709047794342041
std_score: 0.015477781184017658
percentiles: 2%=0.6688718199729919, 5%=0.6707976460456848, 10%=0.6932213306427002, 25%=0.702882707118988, 50%=0.709047794342041, 75%=0.7170640230178833, 90%=0.725304365158081, 95%=0.7311468124389648, 98%=0.7320558428764343
ranking_best_algo: CMApara
ranking_best_score: 0.707475975
ranking_my_rank: 1/504 (100.0%)
ranking_my_percent: 100.0
