ConfigName: krbf__advnormalizedfitness__M1__L8__eps0p015__g0p01__ds0p15__dm0p3
Problem: QUBO
Kernel: rbf
Advantage: normalizedfitness
M: 1
lambda: 8
epsilon_svgd: 0.015
gamma: 0.01
decay_start_ratio: 0.15
decay_min_factor: 0.3
bandwith_kernel: None
no_interact: False
avg_score: -400.739990234375
median_score: -398.0
std_score: 31.793907165527344
percentiles: 2%=-465.0, 5%=-453.1000061035156, 10%=-447.20001220703125, 25%=-424.0, 50%=-398.0, 75%=-374.75, 90%=-367.6000061035156, 95%=-354.0, 98%=-345.679931640625
ranking_best_algo: Tabu
ranking_best_score: 438.12
ranking_my_rank: 225/504 (55.6%)
ranking_my_percent: 55.55555555555556
