ConfigName: krbf__advnormalizedfitness__M3__L12__eps0p025__g0p015__ds0p01__dm0p3
Problem: NK
Kernel: rbf
Advantage: normalizedfitness
M: 3
lambda: 12
epsilon_svgd: 0.025
gamma: 0.015
decay_start_ratio: 0.01
decay_min_factor: 0.3
bandwith_kernel: None
no_interact: False
avg_score: 0.6920754909515381
median_score: 0.6947734355926514
std_score: 0.0125812366604805
percentiles: 2%=0.6705759763717651, 5%=0.673324465751648, 10%=0.6749466061592102, 25%=0.6795293092727661, 50%=0.6947734355926514, 75%=0.7035797834396362, 90%=0.7069778442382812, 95%=0.7090291380882263, 98%=0.7114708423614502
ranking_best_algo: PBIL
ranking_best_score: 0.7013553837109374
ranking_my_rank: 54/504 (89.5%)
ranking_my_percent: 89.48412698412699
