ConfigName: kjsd__advperagentrankweighted__M3__L16__eps0p01__g0p003__ds0p1__dm0p2
Problem: QUBO
Kernel: jsd
Advantage: peragentrankweighted
M: 3
lambda: 16
epsilon_svgd: 0.01
gamma: 0.003
decay_start_ratio: 0.1
decay_min_factor: 0.2
bandwith_kernel: None
no_interact: False
avg_score: -139.55999755859375
median_score: -141.0
std_score: 11.107043266296387
percentiles: 2%=-159.0399932861328, 5%=-158.0, 10%=-155.0, 25%=-147.0, 50%=-141.0, 75%=-130.0, 90%=-125.0, 95%=-122.9000015258789, 98%=-119.0
ranking_best_algo: DiscreteDE
ranking_best_score: 143.4
ranking_my_rank: 84/504 (83.5%)
ranking_my_percent: 83.53174603174604
