ConfigName: kfr__advglobalrankweighted__M2__L8__eps0p02__g0p003__ds0p01__dm0p01
Problem: QUBO
Kernel: fr
Advantage: globalrankweighted
M: 2
lambda: 8
epsilon_svgd: 0.02
gamma: 0.003
decay_start_ratio: 0.01
decay_min_factor: 0.01
bandwith_kernel: None
no_interact: False
avg_score: -298.67999267578125
median_score: -291.5
std_score: 40.600215911865234
percentiles: 2%=-390.1600036621094, 5%=-374.20001220703125, 10%=-355.0, 25%=-326.0, 50%=-291.5, 75%=-266.0, 90%=-253.60000610351562, 95%=-243.90000915527344, 98%=-239.91998291015625
ranking_best_algo: CMApara
ranking_best_score: 319.29999999999995
ranking_my_rank: 238/504 (53.0%)
ranking_my_percent: 52.976190476190474
