ConfigName: krbf__advnormalizedfitness__M4__L8__eps0p03__g0p01__ds0p05__dm0p05
Problem: QUBO
Kernel: rbf
Advantage: normalizedfitness
M: 4
lambda: 8
epsilon_svgd: 0.03
gamma: 0.01
decay_start_ratio: 0.05
decay_min_factor: 0.05
bandwith_kernel: None
no_interact: False
avg_score: -574.5999755859375
median_score: -572.5
std_score: 26.5804443359375
percentiles: 2%=-632.0800170898438, 5%=-627.0, 10%=-617.2000122070312, 25%=-587.25, 50%=-572.5, 75%=-556.75, 90%=-545.0, 95%=-537.9500122070312, 98%=-532.6599731445312
ranking_best_algo: Tabu
ranking_best_score: 588.7199999999999
ranking_my_rank: 57/503 (88.9%)
ranking_my_percent: 88.86679920477137
