ConfigName: kjsd__advperagentrankweighted__M4__L8__eps0p01__g0p0003__ds0p2__dm0p05
Problem: QUBO
Kernel: jsd
Advantage: peragentrankweighted
M: 4
lambda: 8
epsilon_svgd: 0.01
gamma: 0.0003
decay_start_ratio: 0.2
decay_min_factor: 0.05
bandwith_kernel: None
no_interact: False
avg_score: -565.4000244140625
median_score: -564.5
std_score: 26.171741485595703
percentiles: 2%=-615.0399780273438, 5%=-611.0, 10%=-601.0, 25%=-583.0, 50%=-564.5, 75%=-547.5, 90%=-529.7999877929688, 95%=-525.9000244140625, 98%=-520.9000244140625
ranking_best_algo: Tabu
ranking_best_score: 588.7199999999999
ranking_my_rank: 94/503 (81.5%)
ranking_my_percent: 81.51093439363817
