ConfigName: krbf__advnormalizedfitness__M4__L15__eps0p025__g0p015__ds0p3__dm0p3
Problem: QUBO
Kernel: rbf
Advantage: normalizedfitness
M: 4
lambda: 15
epsilon_svgd: 0.025
gamma: 0.015
decay_start_ratio: 0.3
decay_min_factor: 0.3
bandwith_kernel: None
no_interact: False
avg_score: -506.1400146484375
median_score: -494.5
std_score: 58.007591247558594
percentiles: 2%=-643.5800170898438, 5%=-627.1500244140625, 10%=-592.5999755859375, 25%=-539.25, 50%=-494.5, 75%=-465.75, 90%=-451.70001220703125, 95%=-430.9000244140625, 98%=-420.75994873046875
ranking_best_algo: SVMMetaModelLogNormal
ranking_best_score: 1233.7999999999997
ranking_my_rank: 394/504 (22.0%)
ranking_my_percent: 22.023809523809526
