ConfigName: kjsd__advperagentrankweighted__M5__L10__eps0p005__g0p0003__ds0p2__dm0p05
Problem: QUBO
Kernel: jsd
Advantage: peragentrankweighted
M: 5
lambda: 10
epsilon_svgd: 0.005
gamma: 0.0003
decay_start_ratio: 0.2
decay_min_factor: 0.05
bandwith_kernel: None
no_interact: False
avg_score: -201.1199951171875
median_score: -200.0
std_score: 11.557923316955566
percentiles: 2%=-224.0, 5%=-221.0500030517578, 10%=-215.3000030517578, 25%=-209.0, 50%=-200.0, 75%=-194.0, 90%=-186.0, 95%=-183.89999389648438, 98%=-176.0
ranking_best_algo: Tabu
ranking_best_score: 208.36000000000004
ranking_my_rank: 42/504 (91.9%)
ranking_my_percent: 91.86507936507937
