ConfigName: kjsd__advperagentrankweighted__M3__L24__eps0p007__g0p0005__ds0p05__dm0p1
Problem: NK
Kernel: jsd
Advantage: peragentrankweighted
M: 3
lambda: 24
epsilon_svgd: 0.007
gamma: 0.0005
decay_start_ratio: 0.05
decay_min_factor: 0.1
bandwith_kernel: None
no_interact: False
avg_score: 0.7348145842552185
median_score: 0.7363228797912598
std_score: 0.008653044700622559
percentiles: 2%=0.7145082354545593, 5%=0.7167942523956299, 10%=0.7210354804992676, 25%=0.730455756187439, 50%=0.7363228797912598, 75%=0.740872859954834, 90%=0.745261013507843, 95%=0.7463616132736206, 98%=0.7473353147506714
ranking_best_algo: PBIL
ranking_best_score: 0.7248786399609374
ranking_my_rank: 1/504 (100.0%)
ranking_my_percent: 100.0
