ConfigName: krbf__advnormalizedfitness__M3__L10__eps0p025__g0p015__ds0p15__dm0p01
Problem: QUBO
Kernel: rbf
Advantage: normalizedfitness
M: 3
lambda: 10
epsilon_svgd: 0.025
gamma: 0.015
decay_start_ratio: 0.15
decay_min_factor: 0.01
bandwith_kernel: None
no_interact: False
avg_score: -1176.56005859375
median_score: -1167.0
std_score: 60.80416488647461
percentiles: 2%=-1339.0400390625, 5%=-1278.4000244140625, 10%=-1253.5999755859375, 25%=-1211.0, 50%=-1167.0, 75%=-1132.25, 90%=-1107.800048828125, 95%=-1101.300048828125, 98%=-1079.7999267578125
ranking_best_algo: Tabu
ranking_best_score: 1216.16
ranking_my_rank: 82/504 (83.9%)
ranking_my_percent: 83.92857142857143
