ConfigName: kjsd__advperagentrankweighted__M5__L30__eps0p007__g0p0005__ds0p05__dm0p05
Problem: NK
Kernel: jsd
Advantage: peragentrankweighted
M: 5
lambda: 30
epsilon_svgd: 0.007
gamma: 0.0005
decay_start_ratio: 0.05
decay_min_factor: 0.05
bandwith_kernel: None
no_interact: False
avg_score: 0.7383902668952942
median_score: 0.7390639781951904
std_score: 0.008235234767198563
percentiles: 2%=0.722877562046051, 5%=0.7238516211509705, 10%=0.7259771227836609, 25%=0.7316917777061462, 50%=0.7390639781951904, 75%=0.7435764670372009, 90%=0.749184250831604, 95%=0.7515444755554199, 98%=0.7536408305168152
ranking_best_algo: PBIL
ranking_best_score: 0.730509098125
ranking_my_rank: 1/504 (100.0%)
ranking_my_percent: 100.0
