ConfigName: kfr__advglobalrankweighted__M2__L9__eps0p015__g0p007__ds0p01__dm0p01
Problem: QUBO
Kernel: fr
Advantage: globalrankweighted
M: 2
lambda: 9
epsilon_svgd: 0.015
gamma: 0.007
decay_start_ratio: 0.01
decay_min_factor: 0.01
bandwith_kernel: None
no_interact: False
avg_score: -3304.6201171875
median_score: -3298.5
std_score: 122.44792938232422
percentiles: 2%=-3564.06005859375, 5%=-3506.85009765625, 10%=-3458.39990234375, 25%=-3372.0, 50%=-3298.5, 75%=-3236.75, 90%=-3173.699951171875, 95%=-3061.89990234375, 98%=-3048.760009765625
ranking_best_algo: RLSOnePlusOne
ranking_best_score: 3316.5199999999995
ranking_my_rank: 3/504 (99.6%)
ranking_my_percent: 99.60317460317461
