ConfigName: krbf__advnormalizedfitness__M4__L12__eps0p025__g0p005__ds0p3__dm0p01
Problem: QUBO
Kernel: rbf
Advantage: normalizedfitness
M: 4
lambda: 12
epsilon_svgd: 0.025
gamma: 0.005
decay_start_ratio: 0.3
decay_min_factor: 0.01
bandwith_kernel: None
no_interact: False
avg_score: -140.47999572753906
median_score: -143.0
std_score: 10.923809051513672
percentiles: 2%=-160.0, 5%=-158.0, 10%=-154.1999969482422, 25%=-147.25, 50%=-143.0, 75%=-132.0, 90%=-127.0, 95%=-119.0, 98%=-114.97999572753906
ranking_best_algo: DiscreteDE
ranking_best_score: 143.4
ranking_my_rank: 78/504 (84.7%)
ranking_my_percent: 84.72222222222223
