ConfigName: kjsd__advperagentrankweighted__M4__L12__eps0p02__g0p0005__ds0p2__dm0p05
Problem: NK
Kernel: jsd
Advantage: peragentrankweighted
M: 4
lambda: 12
epsilon_svgd: 0.02
gamma: 0.0005
decay_start_ratio: 0.2
decay_min_factor: 0.05
bandwith_kernel: None
no_interact: False
avg_score: 0.7127164602279663
median_score: 0.7123174667358398
std_score: 0.006753917783498764
percentiles: 2%=0.7016762495040894, 5%=0.7025121450424194, 10%=0.704201877117157, 25%=0.7077162861824036, 50%=0.7123174667358398, 75%=0.7172574996948242, 90%=0.7216507196426392, 95%=0.7241469621658325, 98%=0.7268680930137634
ranking_best_algo: PBIL
ranking_best_score: 0.7170882103515624
ranking_my_rank: 42/504 (91.9%)
ranking_my_percent: 91.86507936507937
