ConfigName: krbf__advnormalizedfitness__M3__L10__eps0p025__g0p01__ds0p15__dm0p01
Problem: NK
Kernel: rbf
Advantage: normalizedfitness
M: 3
lambda: 10
epsilon_svgd: 0.025
gamma: 0.01
decay_start_ratio: 0.15
decay_min_factor: 0.01
bandwith_kernel: None
no_interact: False
avg_score: 0.7382538318634033
median_score: 0.7389005422592163
std_score: 0.008945886977016926
percentiles: 2%=0.7198454141616821, 5%=0.7220085859298706, 10%=0.725686252117157, 25%=0.7325734496116638, 50%=0.7389005422592163, 75%=0.7444326877593994, 90%=0.7501271367073059, 95%=0.7521926164627075, 98%=0.7531273365020752
ranking_best_algo: PBIL
ranking_best_score: 0.730509098125
ranking_my_rank: 1/504 (100.0%)
ranking_my_percent: 100.0
