ConfigName: krbf__advglobalrankweighted__M4__L10__eps0p015__g0p005__ds0p01__dm0p01
Problem: QUBO
Kernel: rbf
Advantage: globalrankweighted
M: 4
lambda: 10
epsilon_svgd: 0.015
gamma: 0.005
decay_start_ratio: 0.01
decay_min_factor: 0.01
bandwith_kernel: None
no_interact: False
avg_score: -310.2200012207031
median_score: -309.0
std_score: 36.48166275024414
percentiles: 2%=-390.0400085449219, 5%=-382.1000061035156, 10%=-354.0, 25%=-333.0, 50%=-309.0, 75%=-276.75, 90%=-268.0, 95%=-266.0, 98%=-262.0
ranking_best_algo: CMApara
ranking_best_score: 319.29999999999995
ranking_my_rank: 62/504 (87.9%)
ranking_my_percent: 87.89682539682539
