ConfigName: kjsd__advperagentrankweighted__M4__L24__eps0p005__g0p0007__ds0p2__dm0p05
Problem: NK
Kernel: jsd
Advantage: peragentrankweighted
M: 4
lambda: 24
epsilon_svgd: 0.005
gamma: 0.0007
decay_start_ratio: 0.2
decay_min_factor: 0.05
bandwith_kernel: None
no_interact: False
avg_score: 0.7238273620605469
median_score: 0.7237856984138489
std_score: 0.013851267285645008
percentiles: 2%=0.6992875337600708, 5%=0.7015556693077087, 10%=0.7054281830787659, 25%=0.7145265936851501, 50%=0.7237856984138489, 75%=0.7348703145980835, 90%=0.74252849817276, 95%=0.7453384399414062, 98%=0.7485703229904175
ranking_best_algo: Tabu
ranking_best_score: 0.7429702712499999
ranking_my_rank: 4/504 (99.4%)
ranking_my_percent: 99.4047619047619
