ConfigName: kjsd__advperagentrankweighted__M6__L8__eps0p02__g0p0005__ds0p2__dm0p05
Problem: QUBO
Kernel: jsd
Advantage: peragentrankweighted
M: 6
lambda: 8
epsilon_svgd: 0.02
gamma: 0.0005
decay_start_ratio: 0.2
decay_min_factor: 0.05
bandwith_kernel: None
no_interact: False
avg_score: -442.6600036621094
median_score: -443.0
std_score: 23.798410415649414
percentiles: 2%=-483.0, 5%=-479.0, 10%=-472.0, 25%=-462.0, 50%=-443.0, 75%=-425.75, 90%=-407.8999938964844, 95%=-401.8999938964844, 98%=-397.94000244140625
ranking_best_algo: CMApara
ranking_best_score: 453.82
ranking_my_rank: 9/504 (98.4%)
ranking_my_percent: 98.41269841269842
