ConfigName: kjsd__advperagentrankweighted__M5__L8__eps0p01__g0p003__ds0p2__dm0p2
Problem: NK
Kernel: jsd
Advantage: peragentrankweighted
M: 5
lambda: 8
epsilon_svgd: 0.01
gamma: 0.003
decay_start_ratio: 0.2
decay_min_factor: 0.2
bandwith_kernel: None
no_interact: False
avg_score: 0.693990170955658
median_score: 0.6909313797950745
std_score: 0.01888670213520527
percentiles: 2%=0.6630047559738159, 5%=0.6658079028129578, 10%=0.6703946590423584, 25%=0.6804292798042297, 50%=0.6909313797950745, 75%=0.7062772512435913, 90%=0.7209715843200684, 95%=0.7244186997413635, 98%=0.7324104309082031
ranking_best_algo: Tabu
ranking_best_score: 0.7429702712499999
ranking_my_rank: 234/504 (53.8%)
ranking_my_percent: 53.76984126984127
