ConfigName: kjsd__advperagentrankweighted__M5__L8__eps0p01__g0p0005__ds0p2__dm0p05
Problem: QUBO
Kernel: jsd
Advantage: peragentrankweighted
M: 5
lambda: 8
epsilon_svgd: 0.01
gamma: 0.0005
decay_start_ratio: 0.2
decay_min_factor: 0.05
bandwith_kernel: None
no_interact: False
avg_score: -931.0
median_score: -936.0
std_score: 62.72017288208008
percentiles: 2%=-1078.0, 5%=-1029.5999755859375, 10%=-1015.0, 25%=-971.0, 50%=-936.0, 75%=-883.0, 90%=-848.7999877929688, 95%=-834.5, 98%=-812.6799926757812
ranking_best_algo: CMApara
ranking_best_score: 964.9
ranking_my_rank: 19/504 (96.4%)
ranking_my_percent: 96.42857142857143
