ConfigName: krbf__advnormalizedfitness__M4__L12__eps0p025__g0p015__ds0p3__dm0p3
Problem: QUBO
Kernel: rbf
Advantage: normalizedfitness
M: 4
lambda: 12
epsilon_svgd: 0.025
gamma: 0.015
decay_start_ratio: 0.3
decay_min_factor: 0.3
bandwith_kernel: None
no_interact: False
avg_score: -661.5399780273438
median_score: -643.0
std_score: 84.27413177490234
percentiles: 2%=-850.280029296875, 5%=-809.4500122070312, 10%=-786.2000122070312, 25%=-712.0, 50%=-643.0, 75%=-612.0, 90%=-570.1000366210938, 95%=-544.7000122070312, 98%=-492.91998291015625
ranking_best_algo: CMApara
ranking_best_score: 964.9
ranking_my_rank: 334/504 (33.9%)
ranking_my_percent: 33.92857142857143
