ConfigName: krbf__advnormalizedfitness__M4__L8__eps0p015__g0p007__ds0p01__dm0p3
Problem: QUBO
Kernel: rbf
Advantage: normalizedfitness
M: 4
lambda: 8
epsilon_svgd: 0.015
gamma: 0.007
decay_start_ratio: 0.01
decay_min_factor: 0.3
bandwith_kernel: None
no_interact: False
avg_score: -900.2000122070312
median_score: -897.5
std_score: 74.32482147216797
percentiles: 2%=-1052.280029296875, 5%=-1020.5, 10%=-995.5, 25%=-959.25, 50%=-897.5, 75%=-845.75, 90%=-805.0, 95%=-784.8500366210938, 98%=-774.7599487304688
ranking_best_algo: CMApara
ranking_best_score: 964.9
ranking_my_rank: 119/504 (76.6%)
ranking_my_percent: 76.58730158730158
