ConfigName: kjsd__advperagentrankweighted__M3__L16__eps0p005__g0p0005__ds0p1__dm0p2
Problem: QUBO
Kernel: jsd
Advantage: peragentrankweighted
M: 3
lambda: 16
epsilon_svgd: 0.005
gamma: 0.0005
decay_start_ratio: 0.1
decay_min_factor: 0.2
bandwith_kernel: None
no_interact: False
avg_score: -413.3399963378906
median_score: -414.0
std_score: 26.705137252807617
percentiles: 2%=-465.0799865722656, 5%=-454.1499938964844, 10%=-447.0, 25%=-432.0, 50%=-414.0, 75%=-397.75, 90%=-381.3999938964844, 95%=-365.8999938964844, 98%=-354.9800109863281
ranking_best_algo: Tabu
ranking_best_score: 438.12
ranking_my_rank: 59/504 (88.5%)
ranking_my_percent: 88.4920634920635
