ConfigName: kjsd__advperagentrankweighted__M5__L10__eps0p005__g0p003__ds0p05__dm0p2
Problem: QUBO
Kernel: jsd
Advantage: peragentrankweighted
M: 5
lambda: 10
epsilon_svgd: 0.005
gamma: 0.003
decay_start_ratio: 0.05
decay_min_factor: 0.2
bandwith_kernel: None
no_interact: False
avg_score: -298.6400146484375
median_score: -294.5
std_score: 38.67234420776367
percentiles: 2%=-388.0799865722656, 5%=-372.5, 10%=-351.20001220703125, 25%=-322.5, 50%=-294.5, 75%=-268.0, 90%=-251.89999389648438, 95%=-246.75, 98%=-238.9600067138672
ranking_best_algo: CMApara
ranking_best_score: 319.29999999999995
ranking_my_rank: 238/504 (53.0%)
ranking_my_percent: 52.976190476190474
