ConfigName: krbf__advnormalizedfitness__M4__L15__eps0p033__g0p005__ds0p15__dm0p01
Problem: NK
Kernel: rbf
Advantage: normalizedfitness
M: 4
lambda: 15
epsilon_svgd: 0.033
gamma: 0.005
decay_start_ratio: 0.15
decay_min_factor: 0.01
bandwith_kernel: None
no_interact: False
avg_score: 0.7413612604141235
median_score: 0.739661693572998
std_score: 0.014994457364082336
percentiles: 2%=0.7118239402770996, 5%=0.7166483402252197, 10%=0.7226806282997131, 25%=0.7318428754806519, 50%=0.739661693572998, 75%=0.7515738606452942, 90%=0.7614635825157166, 95%=0.7653242349624634, 98%=0.7675873041152954
ranking_best_algo: Tabu
ranking_best_score: 0.7601875690625
ranking_my_rank: 12/504 (97.8%)
ranking_my_percent: 97.81746031746032
