ConfigName: kjsd__advperagentrankweighted__M5__L10__eps0p02__g0p0007__ds0p05__dm0p05
Problem: QUBO
Kernel: jsd
Advantage: peragentrankweighted
M: 5
lambda: 10
epsilon_svgd: 0.02
gamma: 0.0007
decay_start_ratio: 0.05
decay_min_factor: 0.05
bandwith_kernel: None
no_interact: False
avg_score: -3274.4599609375
median_score: -3261.5
std_score: 122.2686767578125
percentiles: 2%=-3512.47998046875, 5%=-3466.75, 10%=-3431.60009765625, 25%=-3356.0, 50%=-3261.5, 75%=-3194.5, 90%=-3129.800048828125, 95%=-3085.800048828125, 98%=-3075.60009765625
ranking_best_algo: RLSOnePlusOne
ranking_best_score: 3316.5199999999995
ranking_my_rank: 12/504 (97.8%)
ranking_my_percent: 97.81746031746032
