ConfigName: kjsd__advperagentrankweighted__M3__L20__eps0p007__g0p003__ds0p2__dm0p2
Problem: QUBO
Kernel: jsd
Advantage: peragentrankweighted
M: 3
lambda: 20
epsilon_svgd: 0.007
gamma: 0.003
decay_start_ratio: 0.2
decay_min_factor: 0.2
bandwith_kernel: None
no_interact: False
avg_score: -2113.0400390625
median_score: -2112.0
std_score: 145.48182678222656
percentiles: 2%=-2368.139892578125, 5%=-2352.10009765625, 10%=-2286.300048828125, 25%=-2223.5, 50%=-2112.0, 75%=-1998.0, 90%=-1918.5, 95%=-1887.9000244140625, 98%=-1839.8800048828125
ranking_best_algo: SVM1MetaModelLogNormal
ranking_best_score: 2605.14
ranking_my_rank: 206/504 (59.3%)
ranking_my_percent: 59.32539682539682
