ConfigName: krbf__advnormalizedfitness__M3__L10__eps0p033__g0p005__ds0p3__dm0p3
Problem: QUBO
Kernel: rbf
Advantage: normalizedfitness
M: 3
lambda: 10
epsilon_svgd: 0.033
gamma: 0.005
decay_start_ratio: 0.3
decay_min_factor: 0.3
bandwith_kernel: None
no_interact: False
avg_score: -409.739990234375
median_score: -410.0
std_score: 28.203765869140625
percentiles: 2%=-455.32000732421875, 5%=-449.1499938964844, 10%=-445.0, 25%=-432.25, 50%=-410.0, 75%=-390.75, 90%=-371.4000244140625, 95%=-359.9000244140625, 98%=-353.9599914550781
ranking_best_algo: Tabu
ranking_best_score: 438.12
ranking_my_rank: 94/504 (81.5%)
ranking_my_percent: 81.54761904761905
