ConfigName: krbf__advnormalizedfitness__M1__L8__eps0p025__g0p005__ds0p3__dm0p3
Problem: QUBO
Kernel: rbf
Advantage: normalizedfitness
M: 1
lambda: 8
epsilon_svgd: 0.025
gamma: 0.005
decay_start_ratio: 0.3
decay_min_factor: 0.3
bandwith_kernel: None
no_interact: False
avg_score: -291.760009765625
median_score: -285.5
std_score: 44.75960922241211
percentiles: 2%=-378.0, 5%=-370.1000061035156, 10%=-358.20001220703125, 25%=-322.0, 50%=-285.5, 75%=-263.0, 90%=-242.8000030517578, 95%=-230.75003051757812, 98%=-223.8399658203125
ranking_best_algo: CMApara
ranking_best_score: 319.29999999999995
ranking_my_rank: 275/504 (45.6%)
ranking_my_percent: 45.63492063492063
