ConfigName: krbf__advnormalizedfitness__M3__L10__eps0p015__g0p015__ds0p15__dm0p01
Problem: NK
Kernel: rbf
Advantage: normalizedfitness
M: 3
lambda: 10
epsilon_svgd: 0.015
gamma: 0.015
decay_start_ratio: 0.15
decay_min_factor: 0.01
bandwith_kernel: None
no_interact: False
avg_score: 0.7005907297134399
median_score: 0.7010238170623779
std_score: 0.022472158074378967
percentiles: 2%=0.6631220579147339, 5%=0.6652059555053711, 10%=0.6687734127044678, 25%=0.6825337409973145, 50%=0.7010238170623779, 75%=0.7151015400886536, 90%=0.7319759130477905, 95%=0.7354350686073303, 98%=0.7409540414810181
ranking_best_algo: Tabu
ranking_best_score: 0.7601875690625
ranking_my_rank: 304/504 (39.9%)
ranking_my_percent: 39.88095238095238
