ConfigName: krbf__advnormalizedfitness__M4__L10__eps0p025__g0p015__ds0p3__dm0p3
Problem: NK
Kernel: rbf
Advantage: normalizedfitness
M: 4
lambda: 10
epsilon_svgd: 0.025
gamma: 0.015
decay_start_ratio: 0.3
decay_min_factor: 0.3
bandwith_kernel: None
no_interact: False
avg_score: 0.5718722939491272
median_score: 0.5715309977531433
std_score: 0.004564888309687376
percentiles: 2%=0.5647099018096924, 5%=0.5656703114509583, 10%=0.5661152601242065, 25%=0.5686028003692627, 50%=0.5715309977531433, 75%=0.5742824673652649, 90%=0.5775815844535828, 95%=0.5796680450439453, 98%=0.5808867812156677
ranking_best_algo: PBIL
ranking_best_score: 0.7170882103515624
ranking_my_rank: 393/504 (22.2%)
ranking_my_percent: 22.22222222222222
