ConfigName: krbf__advnormalizedfitness__M4__L12__eps0p025__g0p01__ds0p01__dm0p3
Problem: NK
Kernel: rbf
Advantage: normalizedfitness
M: 4
lambda: 12
epsilon_svgd: 0.025
gamma: 0.01
decay_start_ratio: 0.01
decay_min_factor: 0.3
bandwith_kernel: None
no_interact: False
avg_score: 0.6876968145370483
median_score: 0.6904436349868774
std_score: 0.013222022913396358
percentiles: 2%=0.6663616895675659, 5%=0.6697837114334106, 10%=0.6712462902069092, 25%=0.6738332509994507, 50%=0.6904436349868774, 75%=0.6991483569145203, 90%=0.7030095458030701, 95%=0.7054330110549927, 98%=0.7066935896873474
ranking_best_algo: PBIL
ranking_best_score: 0.7013553837109374
ranking_my_rank: 81/504 (84.1%)
ranking_my_percent: 84.12698412698413
