ConfigName: krbf__advnormalizedfitness__M3__L10__eps0p033__g0p01__ds0p01__dm0p01
Problem: QUBO
Kernel: rbf
Advantage: normalizedfitness
M: 3
lambda: 10
epsilon_svgd: 0.033
gamma: 0.01
decay_start_ratio: 0.01
decay_min_factor: 0.01
bandwith_kernel: None
no_interact: False
avg_score: -139.32000732421875
median_score: -141.0
std_score: 11.99239730834961
percentiles: 2%=-160.0, 5%=-158.0, 10%=-156.0, 25%=-147.5, 50%=-141.0, 75%=-130.0, 90%=-124.9000015258789, 95%=-122.95000457763672, 98%=-119.73994445800781
ranking_best_algo: DiscreteDE
ranking_best_score: 143.4
ranking_my_rank: 86/504 (83.1%)
ranking_my_percent: 83.13492063492063
