ConfigName: krbf__advnormalizedfitness__M4__L8__eps0p015__g0p007__ds0p01__dm0p01
Problem: QUBO
Kernel: rbf
Advantage: normalizedfitness
M: 4
lambda: 8
epsilon_svgd: 0.015
gamma: 0.007
decay_start_ratio: 0.01
decay_min_factor: 0.01
bandwith_kernel: None
no_interact: False
avg_score: -2438.239990234375
median_score: -2444.5
std_score: 174.85211181640625
percentiles: 2%=-2772.06005859375, 5%=-2693.449951171875, 10%=-2667.10009765625, 25%=-2578.0, 50%=-2444.5, 75%=-2326.25, 90%=-2225.400146484375, 95%=-2147.650146484375, 98%=-2029.7999267578125
ranking_best_algo: DiscreteLengler2OnePlusOne
ranking_best_score: 2617.04
ranking_my_rank: 126/504 (75.2%)
ranking_my_percent: 75.1984126984127
