ConfigName: kfr__advglobalrankweighted__M3__L8__eps0p015__g0p005__ds0p01__dm0p01
Problem: QUBO
Kernel: fr
Advantage: globalrankweighted
M: 3
lambda: 8
epsilon_svgd: 0.015
gamma: 0.005
decay_start_ratio: 0.01
decay_min_factor: 0.01
bandwith_kernel: None
no_interact: False
avg_score: -327.7799987792969
median_score: -329.0
std_score: 20.682157516479492
percentiles: 2%=-372.0, 5%=-357.20001220703125, 10%=-350.0, 25%=-342.0, 50%=-329.0, 75%=-314.0, 90%=-296.0, 95%=-292.8500061035156, 98%=-287.91998291015625
ranking_best_algo: CMApara
ranking_best_score: 344.22
ranking_my_rank: 85/504 (83.3%)
ranking_my_percent: 83.33333333333333
