ConfigName: kjsd__advperagentrankweighted__M3__L30__eps0p005__g0p001__ds0p1__dm0p2
Problem: QUBO
Kernel: jsd
Advantage: peragentrankweighted
M: 3
lambda: 30
epsilon_svgd: 0.005
gamma: 0.001
decay_start_ratio: 0.1
decay_min_factor: 0.2
bandwith_kernel: None
no_interact: False
avg_score: -148.83999633789062
median_score: -149.0
std_score: 12.635442733764648
percentiles: 2%=-179.0, 5%=-179.0, 10%=-163.10000610351562, 25%=-155.0, 50%=-149.0, 75%=-140.75, 90%=-134.89999389648438, 95%=-130.9499969482422, 98%=-128.9600067138672
ranking_best_algo: CMApara
ranking_best_score: 154.28
ranking_my_rank: 82/504 (83.9%)
ranking_my_percent: 83.92857142857143
