ConfigName: kjsd__advperagentrankweighted__M5__L8__eps0p01__g0p003__ds0p2__dm0p05
Problem: NK
Kernel: jsd
Advantage: peragentrankweighted
M: 5
lambda: 8
epsilon_svgd: 0.01
gamma: 0.003
decay_start_ratio: 0.2
decay_min_factor: 0.05
bandwith_kernel: None
no_interact: False
avg_score: 0.738307774066925
median_score: 0.7392425537109375
std_score: 0.008402719162404537
percentiles: 2%=0.7211536169052124, 5%=0.7241963148117065, 10%=0.7260446548461914, 25%=0.7330104112625122, 50%=0.7392425537109375, 75%=0.744120717048645, 90%=0.7465295195579529, 95%=0.7514842748641968, 98%=0.7534945607185364
ranking_best_algo: PBIL
ranking_best_score: 0.730509098125
ranking_my_rank: 1/504 (100.0%)
ranking_my_percent: 100.0
