ConfigName: kjsd__advperagentrankweighted__M5__L12__eps0p03__g0p0003__ds0p05__dm0p05
Problem: QUBO
Kernel: jsd
Advantage: peragentrankweighted
M: 5
lambda: 12
epsilon_svgd: 0.03
gamma: 0.0003
decay_start_ratio: 0.05
decay_min_factor: 0.05
bandwith_kernel: None
no_interact: False
avg_score: -304.6000061035156
median_score: -301.0
std_score: 38.1491813659668
percentiles: 2%=-388.0799865722656, 5%=-384.1000061035156, 10%=-346.79998779296875, 25%=-332.0, 50%=-301.0, 75%=-271.5, 90%=-259.6000061035156, 95%=-251.0, 98%=-248.89999389648438
ranking_best_algo: CMApara
ranking_best_score: 319.29999999999995
ranking_my_rank: 137/504 (73.0%)
ranking_my_percent: 73.01587301587301
