ConfigName: krbf__advnormalizedfitness__M4__L12__eps0p033__g0p01__ds0p3__dm0p01
Problem: NK
Kernel: rbf
Advantage: normalizedfitness
M: 4
lambda: 12
epsilon_svgd: 0.033
gamma: 0.01
decay_start_ratio: 0.3
decay_min_factor: 0.01
bandwith_kernel: None
no_interact: False
avg_score: 0.6641446948051453
median_score: 0.6616165637969971
std_score: 0.020815540105104446
percentiles: 2%=0.6266365647315979, 5%=0.6306170225143433, 10%=0.6359204053878784, 25%=0.6511297821998596, 50%=0.6616165637969971, 75%=0.6777916550636292, 90%=0.6929087042808533, 95%=0.6988978385925293, 98%=0.7081425189971924
ranking_best_algo: Tabu
ranking_best_score: 0.7429702712499999
ranking_my_rank: 314/504 (37.9%)
ranking_my_percent: 37.8968253968254
