ConfigName: krbf__advnormalizedfitness__M4__L10__eps0p025__g0p01__ds0p05__dm0p05
Problem: QUBO
Kernel: rbf
Advantage: normalizedfitness
M: 4
lambda: 10
epsilon_svgd: 0.025
gamma: 0.01
decay_start_ratio: 0.05
decay_min_factor: 0.05
bandwith_kernel: None
no_interact: False
avg_score: -2238.56005859375
median_score: -2250.0
std_score: 182.9427490234375
percentiles: 2%=-2584.719970703125, 5%=-2546.85009765625, 10%=-2477.300048828125, 25%=-2362.75, 50%=-2250.0, 75%=-2107.75, 90%=-1986.199951171875, 95%=-1943.449951171875, 98%=-1901.97998046875
ranking_best_algo: SVM1MetaModelLogNormal
ranking_best_score: 2605.14
ranking_my_rank: 173/504 (65.9%)
ranking_my_percent: 65.87301587301587
