ConfigName: krbf__advnormalizedfitness__M4__L10__eps0p02__g0p002__ds0p05__dm0p05
Problem: QUBO
Kernel: rbf
Advantage: normalizedfitness
M: 4
lambda: 10
epsilon_svgd: 0.02
gamma: 0.002
decay_start_ratio: 0.05
decay_min_factor: 0.05
bandwith_kernel: None
no_interact: False
avg_score: -1554.0799560546875
median_score: -1550.0
std_score: 79.14122772216797
percentiles: 2%=-1721.0799560546875, 5%=-1703.0, 10%=-1647.0999755859375, 25%=-1614.25, 50%=-1550.0, 75%=-1497.75, 90%=-1456.800048828125, 95%=-1444.699951171875, 98%=-1392.9200439453125
ranking_best_algo: NLOPT_LN_PRAXIS
ranking_best_score: 1607.12
ranking_my_rank: 51/504 (90.1%)
ranking_my_percent: 90.07936507936508
