ConfigName: krbf__advnormalizedfitness__M3__L10__eps0p025__g0p005__ds0p15__dm0p3
Problem: NK
Kernel: rbf
Advantage: normalizedfitness
M: 3
lambda: 10
epsilon_svgd: 0.025
gamma: 0.005
decay_start_ratio: 0.15
decay_min_factor: 0.3
bandwith_kernel: None
no_interact: False
avg_score: 0.7071378231048584
median_score: 0.7094452381134033
std_score: 0.011612756177783012
percentiles: 2%=0.6872327923774719, 5%=0.6894506216049194, 10%=0.6917384266853333, 25%=0.6965253353118896, 50%=0.7094452381134033, 75%=0.717308521270752, 90%=0.721110463142395, 95%=0.7230435609817505, 98%=0.7234988212585449
ranking_best_algo: PBIL
ranking_best_score: 0.7013553837109374
ranking_my_rank: 1/504 (100.0%)
ranking_my_percent: 100.0
