ConfigName: krbf__advnormalizedfitness__M3__L12__eps0p015__g0p007__ds0p01__dm0p3
Problem: NK
Kernel: rbf
Advantage: normalizedfitness
M: 3
lambda: 12
epsilon_svgd: 0.015
gamma: 0.007
decay_start_ratio: 0.01
decay_min_factor: 0.3
bandwith_kernel: None
no_interact: False
avg_score: 0.7002890110015869
median_score: 0.7015665173530579
std_score: 0.012647715397179127
percentiles: 2%=0.6795582175254822, 5%=0.6820518374443054, 10%=0.6844242215156555, 25%=0.6883751749992371, 50%=0.7015665173530579, 75%=0.7109493613243103, 90%=0.7147926092147827, 95%=0.7195191979408264, 98%=0.7228127717971802
ranking_best_algo: PBIL
ranking_best_score: 0.7013553837109374
ranking_my_rank: 2/504 (99.8%)
ranking_my_percent: 99.8015873015873
