ConfigName: kjsd__advperagentrankweighted__M5__L8__eps0p005__g0p003__ds0p2__dm0p05
Problem: NK
Kernel: jsd
Advantage: peragentrankweighted
M: 5
lambda: 8
epsilon_svgd: 0.005
gamma: 0.003
decay_start_ratio: 0.2
decay_min_factor: 0.05
bandwith_kernel: None
no_interact: False
avg_score: 0.7512703537940979
median_score: 0.7523516416549683
std_score: 0.013702807947993279
percentiles: 2%=0.7191664576530457, 5%=0.726395845413208, 10%=0.7361375093460083, 25%=0.7413167953491211, 50%=0.7523516416549683, 75%=0.7601060271263123, 90%=0.7676958441734314, 95%=0.7706857323646545, 98%=0.7737836837768555
ranking_best_algo: Tabu
ranking_best_score: 0.7657846284375001
ranking_my_rank: 18/504 (96.6%)
ranking_my_percent: 96.62698412698413
