ConfigName: kjsd__advperagentrankweighted__M3__L18__eps0p01__g0p001__ds0p1__dm0p2
Problem: NK
Kernel: jsd
Advantage: peragentrankweighted
M: 3
lambda: 18
epsilon_svgd: 0.01
gamma: 0.001
decay_start_ratio: 0.1
decay_min_factor: 0.2
bandwith_kernel: None
no_interact: False
avg_score: 0.7097170948982239
median_score: 0.7109378576278687
std_score: 0.015287080779671669
percentiles: 2%=0.6699730157852173, 5%=0.6736440658569336, 10%=0.6952380537986755, 25%=0.7069944143295288, 50%=0.7109378576278687, 75%=0.7179479598999023, 90%=0.7254021763801575, 95%=0.7327264547348022, 98%=0.733310341835022
ranking_best_algo: CMApara
ranking_best_score: 0.707475975
ranking_my_rank: 1/504 (100.0%)
ranking_my_percent: 100.0
