ConfigName: kjsd__advperagentrankweighted__M5__L10__eps0p005__g0p0007__ds0p2__dm0p2
Problem: QUBO
Kernel: jsd
Advantage: peragentrankweighted
M: 5
lambda: 10
epsilon_svgd: 0.005
gamma: 0.0007
decay_start_ratio: 0.2
decay_min_factor: 0.2
bandwith_kernel: None
no_interact: False
avg_score: -944.97998046875
median_score: -946.0
std_score: 65.70585632324219
percentiles: 2%=-1074.0400390625, 5%=-1064.0999755859375, 10%=-1035.0999755859375, 25%=-987.5, 50%=-946.0, 75%=-891.0, 90%=-860.4000244140625, 95%=-842.7999877929688, 98%=-830.9199829101562
ranking_best_algo: CMApara
ranking_best_score: 964.9
ranking_my_rank: 3/504 (99.6%)
ranking_my_percent: 99.60317460317461
