ConfigName: krbf__advnormalizedfitness__M3__L8__eps0p025__g0p007__ds0p01__dm0p01
Problem: QUBO
Kernel: rbf
Advantage: normalizedfitness
M: 3
lambda: 8
epsilon_svgd: 0.025
gamma: 0.007
decay_start_ratio: 0.01
decay_min_factor: 0.01
bandwith_kernel: None
no_interact: False
avg_score: -413.760009765625
median_score: -416.0
std_score: 27.543102264404297
percentiles: 2%=-463.0400085449219, 5%=-454.0, 10%=-450.20001220703125, 25%=-434.0, 50%=-416.0, 75%=-395.75, 90%=-378.0, 95%=-365.6500244140625, 98%=-357.91998291015625
ranking_best_algo: Tabu
ranking_best_score: 438.12
ranking_my_rank: 57/504 (88.9%)
ranking_my_percent: 88.88888888888889
