ConfigName: krbf__advnormalizedfitness__M3__L15__eps0p015__g0p015__ds0p3__dm0p3
Problem: NK
Kernel: rbf
Advantage: normalizedfitness
M: 3
lambda: 15
epsilon_svgd: 0.015
gamma: 0.015
decay_start_ratio: 0.3
decay_min_factor: 0.3
bandwith_kernel: None
no_interact: False
avg_score: 0.571173906326294
median_score: 0.5710102915763855
std_score: 0.005433537531644106
percentiles: 2%=0.5617159008979797, 5%=0.5627710819244385, 10%=0.5642164349555969, 25%=0.5673025250434875, 50%=0.5710102915763855, 75%=0.5748831033706665, 90%=0.5783576965332031, 95%=0.5811806321144104, 98%=0.5828169584274292
ranking_best_algo: PBIL
ranking_best_score: 0.7170882103515624
ranking_my_rank: 393/504 (22.2%)
ranking_my_percent: 22.22222222222222
