ConfigName: kjsd__advperagentrankweighted__M3__L16__eps0p005__g0p0005__ds0p1__dm0p2
Problem: QUBO
Kernel: jsd
Advantage: peragentrankweighted
M: 3
lambda: 16
epsilon_svgd: 0.005
gamma: 0.0005
decay_start_ratio: 0.1
decay_min_factor: 0.2
bandwith_kernel: None
no_interact: False
avg_score: -576.260009765625
median_score: -577.5
std_score: 26.982444763183594
percentiles: 2%=-631.0, 5%=-617.2000122070312, 10%=-609.2000122070312, 25%=-592.25, 50%=-577.5, 75%=-559.0, 90%=-548.9000244140625, 95%=-527.9000244140625, 98%=-518.9199829101562
ranking_best_algo: Tabu
ranking_best_score: 588.7199999999999
ranking_my_rank: 56/503 (89.1%)
ranking_my_percent: 89.06560636182903
