ConfigName: krbf__advnormalizedfitness__M4__L12__eps0p025__g0p01__ds0p15__dm0p3
Problem: NK
Kernel: rbf
Advantage: normalizedfitness
M: 4
lambda: 12
epsilon_svgd: 0.025
gamma: 0.01
decay_start_ratio: 0.15
decay_min_factor: 0.3
bandwith_kernel: None
no_interact: False
avg_score: 0.7430191040039062
median_score: 0.7422553300857544
std_score: 0.029134010896086693
percentiles: 2%=0.6946139931678772, 5%=0.7010530233383179, 10%=0.7059433460235596, 25%=0.7196457386016846, 50%=0.7422553300857544, 75%=0.7580187320709229, 90%=0.777946949005127, 95%=0.8044298887252808, 98%=0.8044298887252808
ranking_best_algo: CMApara
ranking_best_score: 0.7459277895312499
ranking_my_rank: 13/504 (97.6%)
ranking_my_percent: 97.61904761904762
