ConfigName: kjsd__advperagentrankweighted__M3__L16__eps0p01__g0p0005__ds0p1__dm0p05
Problem: QUBO
Kernel: jsd
Advantage: peragentrankweighted
M: 3
lambda: 16
epsilon_svgd: 0.01
gamma: 0.0005
decay_start_ratio: 0.1
decay_min_factor: 0.05
bandwith_kernel: None
no_interact: False
avg_score: -438.44000244140625
median_score: -439.0
std_score: 26.258832931518555
percentiles: 2%=-484.1199951171875, 5%=-475.04998779296875, 10%=-471.0, 25%=-461.0, 50%=-439.0, 75%=-418.0, 90%=-405.8999938964844, 95%=-398.8500061035156, 98%=-382.9800109863281
ranking_best_algo: CMApara
ranking_best_score: 453.82
ranking_my_rank: 20/504 (96.2%)
ranking_my_percent: 96.23015873015873
