ConfigName: krbf__advnormalizedfitness__M3__L12__eps0p033__g0p015__ds0p15__dm0p01
Problem: NK
Kernel: rbf
Advantage: normalizedfitness
M: 3
lambda: 12
epsilon_svgd: 0.033
gamma: 0.015
decay_start_ratio: 0.15
decay_min_factor: 0.01
bandwith_kernel: None
no_interact: False
avg_score: 0.7376048564910889
median_score: 0.7387111186981201
std_score: 0.008679901249706745
percentiles: 2%=0.7206839919090271, 5%=0.72255939245224, 10%=0.7237598299980164, 25%=0.7311935424804688, 50%=0.7387111186981201, 75%=0.7447019815444946, 90%=0.746808648109436, 95%=0.749309241771698, 98%=0.7522340416908264
ranking_best_algo: PBIL
ranking_best_score: 0.730509098125
ranking_my_rank: 1/504 (100.0%)
ranking_my_percent: 100.0
