ConfigName: kjsd__advperagentrankweighted__M4__L24__eps0p01__g0p0005__ds0p05__dm0p05
Problem: NK
Kernel: jsd
Advantage: peragentrankweighted
M: 4
lambda: 24
epsilon_svgd: 0.01
gamma: 0.0005
decay_start_ratio: 0.05
decay_min_factor: 0.05
bandwith_kernel: None
no_interact: False
avg_score: 0.7077006697654724
median_score: 0.7100566625595093
std_score: 0.011891798116266727
percentiles: 2%=0.6879380941390991, 5%=0.6893832683563232, 10%=0.6924791932106018, 25%=0.6960540413856506, 50%=0.7100566625595093, 75%=0.7179515361785889, 90%=0.7222958207130432, 95%=0.7244961857795715, 98%=0.7249443531036377
ranking_best_algo: PBIL
ranking_best_score: 0.7013553837109374
ranking_my_rank: 1/504 (100.0%)
ranking_my_percent: 100.0
