ConfigName: krbf__advnormalizedfitness__M3__L15__eps0p015__g0p007__ds0p01__dm0p3
Problem: QUBO
Kernel: rbf
Advantage: normalizedfitness
M: 3
lambda: 15
epsilon_svgd: 0.015
gamma: 0.007
decay_start_ratio: 0.01
decay_min_factor: 0.3
bandwith_kernel: None
no_interact: False
avg_score: -1044.5999755859375
median_score: -1042.0
std_score: 88.967529296875
percentiles: 2%=-1223.3599853515625, 5%=-1183.300048828125, 10%=-1160.5, 25%=-1100.0, 50%=-1042.0, 75%=-993.0, 90%=-927.0, 95%=-886.800048828125, 98%=-877.3798828125
ranking_best_algo: BigLognormalDiscreteOnePlusOne
ranking_best_score: 1301.3600000000004
ranking_my_rank: 217/504 (57.1%)
ranking_my_percent: 57.142857142857146
