ConfigName: kjsd__advperagentrankweighted__M5__L10__eps0p01__g0p0005__ds0p4__dm0p05
Problem: QUBO
Kernel: jsd
Advantage: peragentrankweighted
M: 5
lambda: 10
epsilon_svgd: 0.01
gamma: 0.0005
decay_start_ratio: 0.4
decay_min_factor: 0.05
bandwith_kernel: None
no_interact: False
avg_score: -1306.1600341796875
median_score: -1303.0
std_score: 52.55620193481445
percentiles: 2%=-1405.02001953125, 5%=-1398.050048828125, 10%=-1386.0999755859375, 25%=-1341.5, 50%=-1303.0, 75%=-1263.75, 90%=-1245.0, 95%=-1229.9000244140625, 98%=-1220.3800048828125
ranking_best_algo: BigLognormalDiscreteOnePlusOne
ranking_best_score: 1301.3600000000004
ranking_my_rank: 1/504 (100.0%)
ranking_my_percent: 100.0
