ConfigName: kjsd__advperagentrankweighted__M4__L8__eps0p02__g0p0007__ds0p2__dm0p05
Problem: QUBO
Kernel: jsd
Advantage: peragentrankweighted
M: 4
lambda: 8
epsilon_svgd: 0.02
gamma: 0.0007
decay_start_ratio: 0.2
decay_min_factor: 0.05
bandwith_kernel: None
no_interact: False
avg_score: -423.6000061035156
median_score: -423.0
std_score: 27.102767944335938
percentiles: 2%=-471.0799865722656, 5%=-465.20001220703125, 10%=-459.0, 25%=-441.25, 50%=-423.0, 75%=-405.0, 90%=-387.79998779296875, 95%=-380.95001220703125, 98%=-375.8800048828125
ranking_best_algo: CMAL3
ranking_best_score: 435.36
ranking_my_rank: 32/504 (93.8%)
ranking_my_percent: 93.84920634920636
