ConfigName: krbf__advnormalizedfitness__M4__L15__eps0p015__g0p01__ds0p15__dm0p3
Problem: QUBO
Kernel: rbf
Advantage: normalizedfitness
M: 4
lambda: 15
epsilon_svgd: 0.015
gamma: 0.01
decay_start_ratio: 0.15
decay_min_factor: 0.3
bandwith_kernel: None
no_interact: False
avg_score: -488.17999267578125
median_score: -486.0
std_score: 37.88808822631836
percentiles: 2%=-564.1799926757812, 5%=-554.3499755859375, 10%=-540.2999877929688, 25%=-514.0, 50%=-486.0, 75%=-460.0, 90%=-446.4000244140625, 95%=-428.70001220703125, 98%=-414.91998291015625
ranking_best_algo: SVMMetaModelLogNormal
ranking_best_score: 1233.7999999999997
ranking_my_rank: 395/504 (21.8%)
ranking_my_percent: 21.825396825396826
