ConfigName: krbf__advnormalizedfitness__M1__L8__eps0p015__g0p015__ds0p15__dm0p3
Problem: NK
Kernel: rbf
Advantage: normalizedfitness
M: 1
lambda: 8
epsilon_svgd: 0.015
gamma: 0.015
decay_start_ratio: 0.15
decay_min_factor: 0.3
bandwith_kernel: None
no_interact: False
avg_score: 0.7106596231460571
median_score: 0.6971379518508911
std_score: 0.03174211457371712
percentiles: 2%=0.67179274559021, 5%=0.6727921962738037, 10%=0.6756837964057922, 25%=0.6816730499267578, 50%=0.6971379518508911, 75%=0.7474179267883301, 90%=0.7525893449783325, 95%=0.7586009502410889, 98%=0.7613165378570557
ranking_best_algo: CMApara
ranking_best_score: 0.7118996098437498
ranking_my_rank: 18/504 (96.6%)
ranking_my_percent: 96.62698412698413
