ConfigName: krbf__advnormalizedfitness__M3__L10__eps0p025__g0p007__ds0p15__dm0p3
Problem: QUBO
Kernel: rbf
Advantage: normalizedfitness
M: 3
lambda: 10
epsilon_svgd: 0.025
gamma: 0.007
decay_start_ratio: 0.15
decay_min_factor: 0.3
bandwith_kernel: None
no_interact: False
avg_score: -1194.3599853515625
median_score: -1187.0
std_score: 68.35649108886719
percentiles: 2%=-1337.1600341796875, 5%=-1307.6500244140625, 10%=-1302.0999755859375, 25%=-1242.5, 50%=-1187.0, 75%=-1141.75, 90%=-1114.199951171875, 95%=-1099.949951171875, 98%=-1076.719970703125
ranking_best_algo: SVMMetaModelLogNormal
ranking_best_score: 1233.7999999999997
ranking_my_rank: 58/504 (88.7%)
ranking_my_percent: 88.69047619047619
