ConfigName: krbf__advnormalizedfitness__M4__L8__eps0p015__g0p005__ds0p15__dm0p01
Problem: QUBO
Kernel: rbf
Advantage: normalizedfitness
M: 4
lambda: 8
epsilon_svgd: 0.015
gamma: 0.005
decay_start_ratio: 0.15
decay_min_factor: 0.01
bandwith_kernel: None
no_interact: False
avg_score: -310.82000732421875
median_score: -311.0
std_score: 38.51607131958008
percentiles: 2%=-394.0, 5%=-390.1000061035156, 10%=-359.1999816894531, 25%=-334.0, 50%=-311.0, 75%=-275.75, 90%=-268.0, 95%=-262.95001220703125, 98%=-258.8599853515625
ranking_best_algo: CMApara
ranking_best_score: 319.29999999999995
ranking_my_rank: 40/504 (92.3%)
ranking_my_percent: 92.26190476190476
