ConfigName: kjsd__advperagentrankweighted__M3__L16__eps0p005__g0p003__ds0p05__dm0p05
Problem: NK
Kernel: jsd
Advantage: peragentrankweighted
M: 3
lambda: 16
epsilon_svgd: 0.005
gamma: 0.003
decay_start_ratio: 0.05
decay_min_factor: 0.05
bandwith_kernel: None
no_interact: False
avg_score: 0.7534722089767456
median_score: 0.7555000185966492
std_score: 0.015075936913490295
percentiles: 2%=0.7274175882339478, 5%=0.7309189438819885, 10%=0.7329489588737488, 25%=0.7416019439697266, 50%=0.7555000185966492, 75%=0.7653005123138428, 90%=0.7723411321640015, 95%=0.7757846713066101, 98%=0.7765910029411316
ranking_best_algo: Tabu
ranking_best_score: 0.7470791764843752
ranking_my_rank: 1/504 (100.0%)
ranking_my_percent: 100.0
