ConfigName: kfr__advglobalrankweighted__M4__L12__eps0p02__g0p005__ds0p01__dm0p01
Problem: QUBO
Kernel: fr
Advantage: globalrankweighted
M: 4
lambda: 12
epsilon_svgd: 0.02
gamma: 0.005
decay_start_ratio: 0.01
decay_min_factor: 0.01
bandwith_kernel: None
no_interact: False
avg_score: -139.24000549316406
median_score: -141.0
std_score: 11.952506065368652
percentiles: 2%=-158.0399932861328, 5%=-157.0500030517578, 10%=-156.0, 25%=-146.25, 50%=-141.0, 75%=-129.0, 90%=-125.0, 95%=-119.95000457763672, 98%=-114.93998718261719
ranking_best_algo: DiscreteDE
ranking_best_score: 143.4
ranking_my_rank: 86/504 (83.1%)
ranking_my_percent: 83.13492063492063
