ConfigName: kjsd__advperagentrankweighted__M4__L8__eps0p01__g0p0003__ds0p4__dm0p05
Problem: QUBO
Kernel: jsd
Advantage: peragentrankweighted
M: 4
lambda: 8
epsilon_svgd: 0.01
gamma: 0.0003
decay_start_ratio: 0.4
decay_min_factor: 0.05
bandwith_kernel: None
no_interact: False
avg_score: -408.8599853515625
median_score: -410.0
std_score: 24.498579025268555
percentiles: 2%=-459.0799865722656, 5%=-444.54998779296875, 10%=-440.0, 25%=-424.5, 50%=-410.0, 75%=-391.5, 90%=-379.79998779296875, 95%=-367.70001220703125, 98%=-359.9599914550781
ranking_best_algo: Tabu
ranking_best_score: 438.12
ranking_my_rank: 138/504 (72.8%)
ranking_my_percent: 72.81746031746032
