ConfigName: kjsd__advperagentrankweighted__M3__L18__eps0p007__g0p001__ds0p05__dm0p2
Problem: QUBO
Kernel: jsd
Advantage: peragentrankweighted
M: 3
lambda: 18
epsilon_svgd: 0.007
gamma: 0.001
decay_start_ratio: 0.05
decay_min_factor: 0.2
bandwith_kernel: None
no_interact: False
avg_score: -1619.800048828125
median_score: -1617.5
std_score: 52.40629577636719
percentiles: 2%=-1722.1400146484375, 5%=-1707.4000244140625, 10%=-1677.5999755859375, 25%=-1656.25, 50%=-1617.5, 75%=-1584.5, 90%=-1555.0, 95%=-1538.9000244140625, 98%=-1524.43994140625
ranking_best_algo: NLOPT_LN_PRAXIS
ranking_best_score: 1607.12
ranking_my_rank: 1/504 (100.0%)
ranking_my_percent: 100.0
