ConfigName: kjsd__advperagentrankweighted__M3__L20__eps0p01__g0p0005__ds0p2__dm0p05
Problem: NK
Kernel: jsd
Advantage: peragentrankweighted
M: 3
lambda: 20
epsilon_svgd: 0.01
gamma: 0.0005
decay_start_ratio: 0.2
decay_min_factor: 0.05
bandwith_kernel: None
no_interact: False
avg_score: 0.7341638803482056
median_score: 0.7350138425827026
std_score: 0.009440950118005276
percentiles: 2%=0.7162702679634094, 5%=0.717481255531311, 10%=0.7205151915550232, 25%=0.7281979918479919, 50%=0.7350138425827026, 75%=0.739922046661377, 90%=0.7465092539787292, 95%=0.749157190322876, 98%=0.7502499222755432
ranking_best_algo: PBIL
ranking_best_score: 0.730509098125
ranking_my_rank: 1/504 (100.0%)
ranking_my_percent: 100.0
