ConfigName: kjsd__advperagentrankweighted__M5__L10__eps0p02__g0p0003__ds0p05__dm0p05
Problem: QUBO
Kernel: jsd
Advantage: peragentrankweighted
M: 5
lambda: 10
epsilon_svgd: 0.02
gamma: 0.0003
decay_start_ratio: 0.05
decay_min_factor: 0.05
bandwith_kernel: None
no_interact: False
avg_score: -327.1400146484375
median_score: -328.5
std_score: 20.71956443786621
percentiles: 2%=-372.0, 5%=-354.1499938964844, 10%=-350.0, 25%=-341.0, 50%=-328.5, 75%=-314.0, 90%=-297.70001220703125, 95%=-284.95001220703125, 98%=-280.0
ranking_best_algo: CMApara
ranking_best_score: 344.22
ranking_my_rank: 111/504 (78.2%)
ranking_my_percent: 78.17460317460318
