ConfigName: kjsd__advperagentrankweighted__M4__L20__eps0p005__g0p0005__ds0p2__dm0p1
Problem: QUBO
Kernel: jsd
Advantage: peragentrankweighted
M: 4
lambda: 20
epsilon_svgd: 0.005
gamma: 0.0005
decay_start_ratio: 0.2
decay_min_factor: 0.1
bandwith_kernel: None
no_interact: False
avg_score: -2630.139892578125
median_score: -2627.5
std_score: 105.65274047851562
percentiles: 2%=-2819.780029296875, 5%=-2794.64990234375, 10%=-2761.199951171875, 25%=-2716.5, 50%=-2627.5, 75%=-2552.0, 90%=-2498.199951171875, 95%=-2461.050048828125, 98%=-2424.93994140625
ranking_best_algo: DiscreteLengler2OnePlusOne
ranking_best_score: 2617.04
ranking_my_rank: 1/504 (100.0%)
ranking_my_percent: 100.0
