ConfigName: kjsd__advperagentrankweighted__M10__L12__eps0p005__g0p0005__ds0p3__dm0p05
Problem: QUBO
Kernel: jsd
Advantage: peragentrankweighted
M: 10
lambda: 12
epsilon_svgd: 0.005
gamma: 0.0005
decay_start_ratio: 0.3
decay_min_factor: 0.05
bandwith_kernel: None
no_interact: False
avg_score: -2161.10009765625
median_score: -2128.0
std_score: 177.38272094726562
percentiles: 2%=-2525.340087890625, 5%=-2477.60009765625, 10%=-2423.0, 25%=-2279.0, 50%=-2128.0, 75%=-2043.75, 90%=-1945.5, 95%=-1880.8499755859375, 98%=-1871.93994140625
ranking_best_algo: DiscreteLengler2OnePlusOne
ranking_best_score: 2617.04
ranking_my_rank: 212/504 (58.1%)
ranking_my_percent: 58.13492063492063
