ConfigName: krbf__advnormalizedfitness__M4__L12__eps0p033__g0p015__ds0p3__dm0p01
Problem: NK
Kernel: rbf
Advantage: normalizedfitness
M: 4
lambda: 12
epsilon_svgd: 0.033
gamma: 0.015
decay_start_ratio: 0.3
decay_min_factor: 0.01
bandwith_kernel: None
no_interact: False
avg_score: 0.6877105832099915
median_score: 0.6904041767120361
std_score: 0.02232588455080986
percentiles: 2%=0.6375981569290161, 5%=0.6504216194152832, 10%=0.6575297117233276, 25%=0.6727222800254822, 50%=0.6904041767120361, 75%=0.7028619050979614, 90%=0.7135621905326843, 95%=0.7207987904548645, 98%=0.7353609204292297
ranking_best_algo: Tabu
ranking_best_score: 0.7601875690625
ranking_my_rank: 315/504 (37.7%)
ranking_my_percent: 37.698412698412696
