ConfigName: kjsd__advperagentrankweighted__M6__L10__eps0p005__g0p0005__ds0p05__dm0p05
Problem: NK
Kernel: jsd
Advantage: peragentrankweighted
M: 6
lambda: 10
epsilon_svgd: 0.005
gamma: 0.0005
decay_start_ratio: 0.05
decay_min_factor: 0.05
bandwith_kernel: None
no_interact: False
avg_score: 0.7381845712661743
median_score: 0.7389461994171143
std_score: 0.008440128527581692
percentiles: 2%=0.720800518989563, 5%=0.7232412695884705, 10%=0.7258012890815735, 25%=0.7325770854949951, 50%=0.7389461994171143, 75%=0.7430678606033325, 90%=0.7482638359069824, 95%=0.7518824338912964, 98%=0.7535944581031799
ranking_best_algo: PBIL
ranking_best_score: 0.730509098125
ranking_my_rank: 1/504 (100.0%)
ranking_my_percent: 100.0
