ConfigName: kjsd__advperagentrankweighted__M4__L10__eps0p01__g0p0007__ds0p2__dm0p05
Problem: QUBO
Kernel: jsd
Advantage: peragentrankweighted
M: 4
lambda: 10
epsilon_svgd: 0.01
gamma: 0.0007
decay_start_ratio: 0.2
decay_min_factor: 0.05
bandwith_kernel: None
no_interact: False
avg_score: -1314.3199462890625
median_score: -1309.5
std_score: 55.17533493041992
percentiles: 2%=-1415.199951171875, 5%=-1407.0, 10%=-1388.4000244140625, 25%=-1353.25, 50%=-1309.5, 75%=-1280.5, 90%=-1250.0, 95%=-1212.5999755859375, 98%=-1196.9200439453125
ranking_best_algo: BigLognormalDiscreteOnePlusOne
ranking_best_score: 1301.3600000000004
ranking_my_rank: 1/504 (100.0%)
ranking_my_percent: 100.0
