ConfigName: kjsd__advperagentrankweighted__M2__L20__eps0p005__g0p0005__ds0p05__dm0p2
Problem: NK
Kernel: jsd
Advantage: peragentrankweighted
M: 2
lambda: 20
epsilon_svgd: 0.005
gamma: 0.0005
decay_start_ratio: 0.05
decay_min_factor: 0.2
bandwith_kernel: None
no_interact: False
avg_score: 0.7478161454200745
median_score: 0.7472459077835083
std_score: 0.01404969859868288
percentiles: 2%=0.7234420776367188, 5%=0.7268595099449158, 10%=0.7305726408958435, 25%=0.7366631031036377, 50%=0.7472459077835083, 75%=0.7562440037727356, 90%=0.767275333404541, 95%=0.7725268602371216, 98%=0.7785046696662903
ranking_best_algo: Tabu
ranking_best_score: 0.7657846284375001
ranking_my_rank: 34/504 (93.5%)
ranking_my_percent: 93.45238095238095
