ConfigName: krbf__advnormalizedfitness__M3__L15__eps0p025__g0p005__ds0p01__dm0p3
Problem: NK
Kernel: rbf
Advantage: normalizedfitness
M: 3
lambda: 15
epsilon_svgd: 0.025
gamma: 0.005
decay_start_ratio: 0.01
decay_min_factor: 0.3
bandwith_kernel: None
no_interact: False
avg_score: 0.7115573287010193
median_score: 0.6994725465774536
std_score: 0.03163117170333862
percentiles: 2%=0.6734524965286255, 5%=0.6754579544067383, 10%=0.6782799959182739, 25%=0.6824374794960022, 50%=0.6994725465774536, 75%=0.7474179267883301, 90%=0.7528814673423767, 95%=0.7613165378570557, 98%=0.7613165378570557
ranking_best_algo: CMApara
ranking_best_score: 0.7118996098437498
ranking_my_rank: 2/504 (99.8%)
ranking_my_percent: 99.8015873015873
