ConfigName: kjsd__advperagentrankweighted__M5__L8__eps0p005__g0p0005__ds0p05__dm0p05
Problem: QUBO
Kernel: jsd
Advantage: peragentrankweighted
M: 5
lambda: 8
epsilon_svgd: 0.005
gamma: 0.0005
decay_start_ratio: 0.05
decay_min_factor: 0.05
bandwith_kernel: None
no_interact: False
avg_score: -447.8800048828125
median_score: -448.5
std_score: 22.473663330078125
percentiles: 2%=-496.0400085449219, 5%=-484.1499938964844, 10%=-475.0, 25%=-463.0, 50%=-448.5, 75%=-434.5, 90%=-416.79998779296875, 95%=-410.79998779296875, 98%=-405.9800109863281
ranking_best_algo: CMApara
ranking_best_score: 453.82
ranking_my_rank: 2/504 (99.8%)
ranking_my_percent: 99.8015873015873
