ConfigName: kjsd__advperagentrankweighted__M4__L12__eps0p02__g0p0007__ds0p05__dm0p05
Problem: QUBO
Kernel: jsd
Advantage: peragentrankweighted
M: 4
lambda: 12
epsilon_svgd: 0.02
gamma: 0.0007
decay_start_ratio: 0.05
decay_min_factor: 0.05
bandwith_kernel: None
no_interact: False
avg_score: -426.6000061035156
median_score: -424.0
std_score: 22.165739059448242
percentiles: 2%=-473.0799865722656, 5%=-469.0, 10%=-459.0, 25%=-439.5, 50%=-424.0, 75%=-412.0, 90%=-396.79998779296875, 95%=-392.8999938964844, 98%=-385.9599914550781
ranking_best_algo: CMAL3
ranking_best_score: 435.36
ranking_my_rank: 23/504 (95.6%)
ranking_my_percent: 95.63492063492063
