ConfigName: kjsd__advperagentrankweighted__M4__L12__eps0p008__g0p0005__ds0p05__dm0p05
Problem: QUBO
Kernel: jsd
Advantage: peragentrankweighted
M: 4
lambda: 12
epsilon_svgd: 0.008
gamma: 0.0005
decay_start_ratio: 0.05
decay_min_factor: 0.05
bandwith_kernel: None
no_interact: False
avg_score: -2598.760009765625
median_score: -2586.5
std_score: 116.83827209472656
percentiles: 2%=-2806.5, 5%=-2784.14990234375, 10%=-2772.300048828125, 25%=-2695.5, 50%=-2586.5, 75%=-2518.25, 90%=-2448.0, 95%=-2429.949951171875, 98%=-2374.5400390625
ranking_best_algo: SVM1MetaModelLogNormal
ranking_best_score: 2605.14
ranking_my_rank: 2/504 (99.8%)
ranking_my_percent: 99.8015873015873
