ConfigName: krbf__advnormalizedfitness__M4__L15__eps0p025__g0p015__ds0p15__dm0p3
Problem: NK
Kernel: rbf
Advantage: normalizedfitness
M: 4
lambda: 15
epsilon_svgd: 0.025
gamma: 0.015
decay_start_ratio: 0.15
decay_min_factor: 0.3
bandwith_kernel: None
no_interact: False
avg_score: 0.7270855903625488
median_score: 0.7291765809059143
std_score: 0.034688811749219894
percentiles: 2%=0.6732144951820374, 5%=0.6784581542015076, 10%=0.6828100085258484, 25%=0.6982535123825073, 50%=0.7291765809059143, 75%=0.7404119372367859, 90%=0.7688188552856445, 95%=0.8007569909095764, 98%=0.8044922947883606
ranking_best_algo: CMApara
ranking_best_score: 0.7459277895312499
ranking_my_rank: 239/504 (52.8%)
ranking_my_percent: 52.77777777777778
