ConfigName: kjsd__advperagentrankweighted__M3__L16__eps0p01__g0p003__ds0p2__dm0p1
Problem: QUBO
Kernel: jsd
Advantage: peragentrankweighted
M: 3
lambda: 16
epsilon_svgd: 0.01
gamma: 0.003
decay_start_ratio: 0.2
decay_min_factor: 0.1
bandwith_kernel: None
no_interact: False
avg_score: -442.8399963378906
median_score: -442.5
std_score: 25.6852970123291
percentiles: 2%=-485.1000061035156, 5%=-479.1000061035156, 10%=-473.0, 25%=-463.25, 50%=-442.5, 75%=-429.75, 90%=-409.8999938964844, 95%=-396.70001220703125, 98%=-385.9599914550781
ranking_best_algo: CMApara
ranking_best_score: 453.82
ranking_my_rank: 8/504 (98.6%)
ranking_my_percent: 98.61111111111111
