ConfigName: kjsd__advperagentrankweighted__M3__L18__eps0p007__g0p0005__ds0p05__dm0p05
Problem: QUBO
Kernel: jsd
Advantage: peragentrankweighted
M: 3
lambda: 18
epsilon_svgd: 0.007
gamma: 0.0005
decay_start_ratio: 0.05
decay_min_factor: 0.05
bandwith_kernel: None
no_interact: False
avg_score: -199.10000610351562
median_score: -201.0
std_score: 13.493331909179688
percentiles: 2%=-224.0, 5%=-220.0500030517578, 10%=-219.0, 25%=-208.25, 50%=-201.0, 75%=-189.75, 90%=-183.0, 95%=-179.8000030517578, 98%=-167.0
ranking_best_algo: Tabu
ranking_best_score: 208.36000000000004
ranking_my_rank: 86/504 (83.1%)
ranking_my_percent: 83.13492063492063
