ConfigName: krbf__advnormalizedfitness__M1__L8__eps0p025__g0p007__ds0p15__dm0p01
Problem: NK
Kernel: rbf
Advantage: normalizedfitness
M: 1
lambda: 8
epsilon_svgd: 0.025
gamma: 0.007
decay_start_ratio: 0.15
decay_min_factor: 0.01
bandwith_kernel: None
no_interact: False
avg_score: 0.7172466516494751
median_score: 0.7179136276245117
std_score: 0.008828654885292053
percentiles: 2%=0.6979110240936279, 5%=0.7022544741630554, 10%=0.7062700390815735, 25%=0.7111976742744446, 50%=0.7179136276245117, 75%=0.7227067947387695, 90%=0.7274866104125977, 95%=0.7314187288284302, 98%=0.7345860600471497
ranking_best_algo: PBIL
ranking_best_score: 0.7170882103515624
ranking_my_rank: 1/504 (100.0%)
ranking_my_percent: 100.0
