ConfigName: krbf__advnormalizedfitness__M4__L15__eps0p015__g0p007__ds0p01__dm0p01
Problem: QUBO
Kernel: rbf
Advantage: normalizedfitness
M: 4
lambda: 15
epsilon_svgd: 0.015
gamma: 0.007
decay_start_ratio: 0.01
decay_min_factor: 0.01
bandwith_kernel: None
no_interact: False
avg_score: -829.4600219726562
median_score: -825.0
std_score: 72.75801086425781
percentiles: 2%=-991.260009765625, 5%=-955.9500122070312, 10%=-931.2999877929688, 25%=-875.25, 50%=-825.0, 75%=-779.75, 90%=-743.9000244140625, 95%=-716.800048828125, 98%=-710.8599853515625
ranking_best_algo: CMAL3
ranking_best_score: 928.5800000000002
ranking_my_rank: 253/504 (50.0%)
ranking_my_percent: 50.0
