ConfigName: krbf__advnormalizedfitness__M3__L15__eps0p015__g0p007__ds0p01__dm0p3
Problem: NK
Kernel: rbf
Advantage: normalizedfitness
M: 3
lambda: 15
epsilon_svgd: 0.015
gamma: 0.007
decay_start_ratio: 0.01
decay_min_factor: 0.3
bandwith_kernel: None
no_interact: False
avg_score: 0.7292981147766113
median_score: 0.7304006814956665
std_score: 0.010257959365844727
percentiles: 2%=0.7084378600120544, 5%=0.7114344239234924, 10%=0.7152903079986572, 25%=0.7214056253433228, 50%=0.7304006814956665, 75%=0.7376956939697266, 90%=0.7416110634803772, 95%=0.7440944314002991, 98%=0.7458432912826538
ranking_best_algo: PBIL
ranking_best_score: 0.730509098125
ranking_my_rank: 3/504 (99.6%)
ranking_my_percent: 99.60317460317461
