ConfigName: kjsd__advperagentrankweighted__M3__L24__eps0p005__g0p001__ds0p2__dm0p1
Problem: QUBO
Kernel: jsd
Advantage: peragentrankweighted
M: 3
lambda: 24
epsilon_svgd: 0.005
gamma: 0.001
decay_start_ratio: 0.2
decay_min_factor: 0.1
bandwith_kernel: None
no_interact: False
avg_score: -3210.800048828125
median_score: -3200.5
std_score: 133.1699676513672
percentiles: 2%=-3496.3798828125, 5%=-3440.050048828125, 10%=-3374.5, 25%=-3319.25, 50%=-3200.5, 75%=-3117.75, 90%=-3059.10009765625, 95%=-3029.0, 98%=-3005.699951171875
ranking_best_algo: RLSOnePlusOne
ranking_best_score: 3316.5199999999995
ranking_my_rank: 50/504 (90.3%)
ranking_my_percent: 90.27777777777777
