ConfigName: kjsd__advperagentrankweighted__M5__L8__eps0p01__g0p0007__ds0p4__dm0p05
Problem: QUBO
Kernel: jsd
Advantage: peragentrankweighted
M: 5
lambda: 8
epsilon_svgd: 0.01
gamma: 0.0007
decay_start_ratio: 0.4
decay_min_factor: 0.05
bandwith_kernel: None
no_interact: False
avg_score: -1194.8399658203125
median_score: -1185.0
std_score: 56.09237289428711
percentiles: 2%=-1325.0400390625, 5%=-1288.0, 10%=-1271.199951171875, 25%=-1234.0, 50%=-1185.0, 75%=-1152.0, 90%=-1128.9000244140625, 95%=-1121.699951171875, 98%=-1093.9599609375
ranking_best_algo: Tabu
ranking_best_score: 1216.16
ranking_my_rank: 48/504 (90.7%)
ranking_my_percent: 90.67460317460318
