ConfigName: krbf__advglobalrankweighted__M4__L11__eps0p01__g0p003__ds0p01__dm0p01
Problem: QUBO
Kernel: rbf
Advantage: globalrankweighted
M: 4
lambda: 11
epsilon_svgd: 0.01
gamma: 0.003
decay_start_ratio: 0.01
decay_min_factor: 0.01
bandwith_kernel: None
no_interact: False
avg_score: -327.1600036621094
median_score: -334.0
std_score: 22.542724609375
percentiles: 2%=-372.0, 5%=-357.0, 10%=-350.0, 25%=-342.0, 50%=-334.0, 75%=-317.75, 90%=-296.0, 95%=-284.95001220703125, 98%=-267.9599914550781
ranking_best_algo: CMApara
ranking_best_score: 344.22
ranking_my_rank: 111/504 (78.2%)
ranking_my_percent: 78.17460317460318
