ConfigName: kjsd__advperagentrankweighted__M5__L10__eps0p01__g0p0007__ds0p2__dm0p2
Problem: QUBO
Kernel: jsd
Advantage: peragentrankweighted
M: 5
lambda: 10
epsilon_svgd: 0.01
gamma: 0.0007
decay_start_ratio: 0.2
decay_min_factor: 0.2
bandwith_kernel: None
no_interact: False
avg_score: -1299.9200439453125
median_score: -1299.5
std_score: 64.20134735107422
percentiles: 2%=-1433.1199951171875, 5%=-1429.0999755859375, 10%=-1381.0, 25%=-1342.5, 50%=-1299.5, 75%=-1248.5, 90%=-1220.800048828125, 95%=-1203.949951171875, 98%=-1196.719970703125
ranking_best_algo: BigLognormalDiscreteOnePlusOne
ranking_best_score: 1301.3600000000004
ranking_my_rank: 2/504 (99.8%)
ranking_my_percent: 99.8015873015873
