ConfigName: krbf__advnormalizedfitness__M3__L10__eps0p015__g0p01__ds0p15__dm0p3
Problem: NK
Kernel: rbf
Advantage: normalizedfitness
M: 3
lambda: 10
epsilon_svgd: 0.015
gamma: 0.01
decay_start_ratio: 0.15
decay_min_factor: 0.3
bandwith_kernel: None
no_interact: False
avg_score: 0.7224231958389282
median_score: 0.722280740737915
std_score: 0.01917748898267746
percentiles: 2%=0.6851377487182617, 5%=0.6914905309677124, 10%=0.6982229351997375, 25%=0.7104721069335938, 50%=0.722280740737915, 75%=0.7353557348251343, 90%=0.7463964223861694, 95%=0.754452645778656, 98%=0.7596621513366699
ranking_best_algo: Tabu
ranking_best_score: 0.7470791764843752
ranking_my_rank: 179/504 (64.7%)
ranking_my_percent: 64.68253968253968
