ConfigName: kjsd__advperagentrankweighted__M4__L30__eps0p01__g0p0005__ds0p4__dm0p05
Problem: NK
Kernel: jsd
Advantage: peragentrankweighted
M: 4
lambda: 30
epsilon_svgd: 0.01
gamma: 0.0005
decay_start_ratio: 0.4
decay_min_factor: 0.05
bandwith_kernel: None
no_interact: False
avg_score: 0.7306534051895142
median_score: 0.729286789894104
std_score: 0.009074402041733265
percentiles: 2%=0.7164714336395264, 5%=0.7170076370239258, 10%=0.7203077673912048, 25%=0.7247846126556396, 50%=0.729286789894104, 75%=0.7358663082122803, 90%=0.7422981262207031, 95%=0.7453075051307678, 98%=0.7522430419921875
ranking_best_algo: Tabu
ranking_best_score: 0.7429702712499999
ranking_my_rank: 2/504 (99.8%)
ranking_my_percent: 99.8015873015873
