ConfigName: kjsd__advperagentrankweighted__M3__L18__eps0p005__g0p0007__ds0p05__dm0p2
Problem: QUBO
Kernel: jsd
Advantage: peragentrankweighted
M: 3
lambda: 18
epsilon_svgd: 0.005
gamma: 0.0007
decay_start_ratio: 0.05
decay_min_factor: 0.2
bandwith_kernel: None
no_interact: False
avg_score: -328.05999755859375
median_score: -334.0
std_score: 23.032941818237305
percentiles: 2%=-372.0, 5%=-357.20001220703125, 10%=-357.0, 25%=-343.0, 50%=-334.0, 75%=-309.5, 90%=-296.0, 95%=-283.79998779296875, 98%=-278.0
ranking_best_algo: CMApara
ranking_best_score: 344.22
ranking_my_rank: 84/504 (83.5%)
ranking_my_percent: 83.53174603174604
