ConfigName: kjsd__advperagentrankweighted__M3__L30__eps0p007__g0p001__ds0p1__dm0p1
Problem: QUBO
Kernel: jsd
Advantage: peragentrankweighted
M: 3
lambda: 30
epsilon_svgd: 0.007
gamma: 0.001
decay_start_ratio: 0.1
decay_min_factor: 0.1
bandwith_kernel: None
no_interact: False
avg_score: -913.780029296875
median_score: -904.0
std_score: 63.48552322387695
percentiles: 2%=-1028.0, 5%=-1014.2999877929688, 10%=-999.5999755859375, 25%=-967.0, 50%=-904.0, 75%=-866.25, 90%=-837.0, 95%=-824.75, 98%=-801.8599853515625
ranking_best_algo: CMAL3
ranking_best_score: 928.5800000000002
ranking_my_rank: 18/504 (96.6%)
ranking_my_percent: 96.62698412698413
