ConfigName: krbf__advnormalizedfitness__M3__L8__eps0p025__g0p005__ds0p15__dm0p01
Problem: NK
Kernel: rbf
Advantage: normalizedfitness
M: 3
lambda: 8
epsilon_svgd: 0.025
gamma: 0.005
decay_start_ratio: 0.15
decay_min_factor: 0.01
bandwith_kernel: None
no_interact: False
avg_score: 0.7356774806976318
median_score: 0.7360002994537354
std_score: 0.009009749628603458
percentiles: 2%=0.7166967391967773, 5%=0.7197314500808716, 10%=0.7237482070922852, 25%=0.7293561697006226, 50%=0.7360002994537354, 75%=0.741344153881073, 90%=0.7480108141899109, 95%=0.751230776309967, 98%=0.752953827381134
ranking_best_algo: PBIL
ranking_best_score: 0.730509098125
ranking_my_rank: 1/504 (100.0%)
ranking_my_percent: 100.0
