ConfigName: krbf__advnormalizedfitness__M4__L24__eps0p01__g0p002__ds0p05__dm0p05
Problem: NK
Kernel: rbf
Advantage: normalizedfitness
M: 4
lambda: 24
epsilon_svgd: 0.01
gamma: 0.002
decay_start_ratio: 0.05
decay_min_factor: 0.05
bandwith_kernel: None
no_interact: False
avg_score: 0.6307426691055298
median_score: 0.6279795169830322
std_score: 0.016608096659183502
percentiles: 2%=0.6036911010742188, 5%=0.6092361211776733, 10%=0.6124817132949829, 25%=0.6198519468307495, 50%=0.6279795169830322, 75%=0.6374444961547852, 90%=0.6497281789779663, 95%=0.6633296608924866, 98%=0.6707802414894104
ranking_best_algo: Tabu
ranking_best_score: 0.7429702712499999
ranking_my_rank: 364/504 (28.0%)
ranking_my_percent: 27.976190476190474
