ConfigName: kjsd__advperagentrankweighted__M3__L16__eps0p005__g0p001__ds0p1__dm0p2
Problem: QUBO
Kernel: jsd
Advantage: peragentrankweighted
M: 3
lambda: 16
epsilon_svgd: 0.005
gamma: 0.001
decay_start_ratio: 0.1
decay_min_factor: 0.2
bandwith_kernel: None
no_interact: False
avg_score: -311.32000732421875
median_score: -309.0
std_score: 39.253761291503906
percentiles: 2%=-396.0400085449219, 5%=-394.1000061035156, 10%=-359.6000061035156, 25%=-340.0, 50%=-309.0, 75%=-276.0, 90%=-265.8999938964844, 95%=-261.8500061035156, 98%=-253.9199981689453
ranking_best_algo: CMApara
ranking_best_score: 319.29999999999995
ranking_my_rank: 39/504 (92.5%)
ranking_my_percent: 92.46031746031746
