ConfigName: krbf__advnormalizedfitness__M4__L15__eps0p025__g0p005__ds0p01__dm0p3
Problem: NK
Kernel: rbf
Advantage: normalizedfitness
M: 4
lambda: 15
epsilon_svgd: 0.025
gamma: 0.005
decay_start_ratio: 0.01
decay_min_factor: 0.3
bandwith_kernel: None
no_interact: False
avg_score: 0.7429665923118591
median_score: 0.741836667060852
std_score: 0.018197014927864075
percentiles: 2%=0.712308406829834, 5%=0.7141830325126648, 10%=0.7210582494735718, 25%=0.7281803488731384, 50%=0.741836667060852, 75%=0.7568708658218384, 90%=0.7677971124649048, 95%=0.7731088995933533, 98%=0.7794603109359741
ranking_best_algo: Tabu
ranking_best_score: 0.7470791764843752
ranking_my_rank: 4/504 (99.4%)
ranking_my_percent: 99.4047619047619
