ConfigName: kjsd__advperagentrankweighted__M5__L8__eps0p005__g0p0007__ds0p4__dm0p05
Problem: QUBO
Kernel: jsd
Advantage: peragentrankweighted
M: 5
lambda: 8
epsilon_svgd: 0.005
gamma: 0.0007
decay_start_ratio: 0.4
decay_min_factor: 0.05
bandwith_kernel: None
no_interact: False
avg_score: -948.3200073242188
median_score: -942.0
std_score: 70.7751235961914
percentiles: 2%=-1070.0400390625, 5%=-1058.25, 10%=-1048.0, 25%=-1005.5, 50%=-942.0, 75%=-893.5, 90%=-860.5999755859375, 95%=-840.5999755859375, 98%=-812.9600219726562
ranking_best_algo: CMApara
ranking_best_score: 964.9
ranking_my_rank: 2/504 (99.8%)
ranking_my_percent: 99.8015873015873
