ConfigName: krbf__advnormalizedfitness__M3__L15__eps0p015__g0p005__ds0p3__dm0p3
Problem: NK
Kernel: rbf
Advantage: normalizedfitness
M: 3
lambda: 15
epsilon_svgd: 0.015
gamma: 0.005
decay_start_ratio: 0.3
decay_min_factor: 0.3
bandwith_kernel: None
no_interact: False
avg_score: 0.7116135358810425
median_score: 0.70106041431427
std_score: 0.03152657300233841
percentiles: 2%=0.6734704971313477, 5%=0.6744096279144287, 10%=0.6790636777877808, 25%=0.6824496388435364, 50%=0.70106041431427, 75%=0.7470885515213013, 90%=0.7529288530349731, 95%=0.7613165378570557, 98%=0.7613165378570557
ranking_best_algo: CMApara
ranking_best_score: 0.7118996098437498
ranking_my_rank: 2/504 (99.8%)
ranking_my_percent: 99.8015873015873
