ConfigName: kjsd__advperagentrankweighted__M3__L16__eps0p007__g0p003__ds0p1__dm0p05
Problem: QUBO
Kernel: jsd
Advantage: peragentrankweighted
M: 3
lambda: 16
epsilon_svgd: 0.007
gamma: 0.003
decay_start_ratio: 0.1
decay_min_factor: 0.05
bandwith_kernel: None
no_interact: False
avg_score: -2467.02001953125
median_score: -2462.5
std_score: 125.39871978759766
percentiles: 2%=-2725.6201171875, 5%=-2674.64990234375, 10%=-2615.39990234375, 25%=-2562.75, 50%=-2462.5, 75%=-2384.0, 90%=-2301.800048828125, 95%=-2248.60009765625, 98%=-2199.760009765625
ranking_best_algo: SVM1MetaModelLogNormal
ranking_best_score: 2605.14
ranking_my_rank: 80/504 (84.3%)
ranking_my_percent: 84.32539682539682
