ConfigName: kjsd__advperagentrankweighted__M5__L8__eps0p005__g0p0005__ds0p2__dm0p05
Problem: QUBO
Kernel: jsd
Advantage: peragentrankweighted
M: 5
lambda: 8
epsilon_svgd: 0.005
gamma: 0.0005
decay_start_ratio: 0.2
decay_min_factor: 0.05
bandwith_kernel: None
no_interact: False
avg_score: -416.5799865722656
median_score: -414.0
std_score: 21.5773868560791
percentiles: 2%=-455.3599853515625, 5%=-452.0, 10%=-450.1000061035156, 25%=-430.0, 50%=-414.0, 75%=-403.5, 90%=-388.0, 95%=-383.95001220703125, 98%=-377.9599914550781
ranking_best_algo: Tabu
ranking_best_score: 438.12
ranking_my_rank: 43/504 (91.7%)
ranking_my_percent: 91.66666666666667
