ConfigName: krbf__advnormalizedfitness__M4__L10__eps0p03__g0p001__ds0p05__dm0p05
Problem: NK
Kernel: rbf
Advantage: normalizedfitness
M: 4
lambda: 10
epsilon_svgd: 0.03
gamma: 0.001
decay_start_ratio: 0.05
decay_min_factor: 0.05
bandwith_kernel: None
no_interact: False
avg_score: 0.7196254134178162
median_score: 0.7203559279441833
std_score: 0.011233093217015266
percentiles: 2%=0.6948338150978088, 5%=0.7040783166885376, 10%=0.7055687308311462, 25%=0.7122067809104919, 50%=0.7203559279441833, 75%=0.7284987568855286, 90%=0.7335892915725708, 95%=0.7365387082099915, 98%=0.7376612424850464
ranking_best_algo: PBIL
ranking_best_score: 0.7248786399609374
ranking_my_rank: 6/504 (99.0%)
ranking_my_percent: 99.0079365079365
