ConfigName: krbf__advnormalizedfitness__M4__L15__eps0p033__g0p015__ds0p3__dm0p01
Problem: QUBO
Kernel: rbf
Advantage: normalizedfitness
M: 4
lambda: 15
epsilon_svgd: 0.033
gamma: 0.015
decay_start_ratio: 0.3
decay_min_factor: 0.01
bandwith_kernel: None
no_interact: False
avg_score: -1007.9600219726562
median_score: -1001.0
std_score: 100.42439270019531
percentiles: 2%=-1221.0400390625, 5%=-1203.199951171875, 10%=-1169.5999755859375, 25%=-1070.5, 50%=-1001.0, 75%=-940.0, 90%=-884.0, 95%=-862.75, 98%=-847.2598266601562
ranking_best_algo: Tabu
ranking_best_score: 1216.16
ranking_my_rank: 268/504 (47.0%)
ranking_my_percent: 47.023809523809526
