ConfigName: kjsd__advperagentrankweighted__M4__L10__eps0p005__g0p0007__ds0p05__dm0p05
Problem: NK
Kernel: jsd
Advantage: peragentrankweighted
M: 4
lambda: 10
epsilon_svgd: 0.005
gamma: 0.0007
decay_start_ratio: 0.05
decay_min_factor: 0.05
bandwith_kernel: None
no_interact: False
avg_score: 0.7572187781333923
median_score: 0.7589879035949707
std_score: 0.012880378402769566
percentiles: 2%=0.7337769269943237, 5%=0.7364137768745422, 10%=0.7390937209129333, 25%=0.7474526166915894, 50%=0.7589879035949707, 75%=0.7671113014221191, 90%=0.7737954258918762, 95%=0.777472972869873, 98%=0.7794065475463867
ranking_best_algo: Tabu
ranking_best_score: 0.7470791764843752
ranking_my_rank: 1/504 (100.0%)
ranking_my_percent: 100.0
