ConfigName: kjsd__advperagentrankweighted__M6__L28__eps0p008__g0p0005__ds0p3__dm0p05
Problem: NK
Kernel: jsd
Advantage: peragentrankweighted
M: 6
lambda: 28
epsilon_svgd: 0.008
gamma: 0.0005
decay_start_ratio: 0.3
decay_min_factor: 0.05
bandwith_kernel: None
no_interact: False
avg_score: 0.7575910687446594
median_score: 0.7577312588691711
std_score: 0.012854441069066525
percentiles: 2%=0.7341430187225342, 5%=0.7369378805160522, 10%=0.7412225008010864, 25%=0.7468318939208984, 50%=0.7577312588691711, 75%=0.7661364674568176, 90%=0.7761390805244446, 95%=0.7781711220741272, 98%=0.7814074158668518
ranking_best_algo: Tabu
ranking_best_score: 0.7470791764843752
ranking_my_rank: 1/504 (100.0%)
ranking_my_percent: 100.0
