ConfigName: krbf__advnormalizedfitness__M3__L15__eps0p015__g0p007__ds0p01__dm0p01
Problem: QUBO
Kernel: rbf
Advantage: normalizedfitness
M: 3
lambda: 15
epsilon_svgd: 0.015
gamma: 0.007
decay_start_ratio: 0.01
decay_min_factor: 0.01
bandwith_kernel: None
no_interact: False
avg_score: -1165.6400146484375
median_score: -1159.0
std_score: 60.955806732177734
percentiles: 2%=-1315.43994140625, 5%=-1287.5999755859375, 10%=-1240.0999755859375, 25%=-1198.5, 50%=-1159.0, 75%=-1122.0, 90%=-1092.800048828125, 95%=-1086.75, 98%=-1064.7999267578125
ranking_best_algo: Tabu
ranking_best_score: 1216.16
ranking_my_rank: 95/504 (81.3%)
ranking_my_percent: 81.34920634920636
