ConfigName: kjsd__advperagentrankweighted__M3__L16__eps0p005__g0p001__ds0p1__dm0p1
Problem: QUBO
Kernel: jsd
Advantage: peragentrankweighted
M: 3
lambda: 16
epsilon_svgd: 0.005
gamma: 0.001
decay_start_ratio: 0.1
decay_min_factor: 0.1
bandwith_kernel: None
no_interact: False
avg_score: -1300.3399658203125
median_score: -1296.5
std_score: 59.37898635864258
percentiles: 2%=-1426.1400146484375, 5%=-1404.5999755859375, 10%=-1387.199951171875, 25%=-1327.0, 50%=-1296.5, 75%=-1265.5, 90%=-1222.5999755859375, 95%=-1196.9000244140625, 98%=-1183.0
ranking_best_algo: BigLognormalDiscreteOnePlusOne
ranking_best_score: 1301.3600000000004
ranking_my_rank: 2/504 (99.8%)
ranking_my_percent: 99.8015873015873
