ConfigName: krbf__advnormalizedfitness__M3__L8__eps0p01__g0p001__ds0p05__dm0p05
Problem: QUBO
Kernel: rbf
Advantage: normalizedfitness
M: 3
lambda: 8
epsilon_svgd: 0.01
gamma: 0.001
decay_start_ratio: 0.05
decay_min_factor: 0.05
bandwith_kernel: None
no_interact: False
avg_score: -2542.06005859375
median_score: -2536.5
std_score: 123.53621673583984
percentiles: 2%=-2824.679931640625, 5%=-2739.10009765625, 10%=-2699.699951171875, 25%=-2619.0, 50%=-2536.5, 75%=-2473.75, 90%=-2387.800048828125, 95%=-2344.199951171875, 98%=-2299.840087890625
ranking_best_algo: DiscreteLengler2OnePlusOne
ranking_best_score: 2617.04
ranking_my_rank: 56/504 (89.1%)
ranking_my_percent: 89.08730158730158
