ConfigName: kjsd__advperagentrankweighted__M4__L24__eps0p005__g0p0007__ds0p05__dm0p05
Problem: QUBO
Kernel: jsd
Advantage: peragentrankweighted
M: 4
lambda: 24
epsilon_svgd: 0.005
gamma: 0.0007
decay_start_ratio: 0.05
decay_min_factor: 0.05
bandwith_kernel: None
no_interact: False
avg_score: -3229.280029296875
median_score: -3222.0
std_score: 135.6818389892578
percentiles: 2%=-3477.820068359375, 5%=-3441.5, 10%=-3400.0, 25%=-3326.75, 50%=-3222.0, 75%=-3120.75, 90%=-3055.60009765625, 95%=-3036.550048828125, 98%=-3012.580078125
ranking_best_algo: RLSOnePlusOne
ranking_best_score: 3316.5199999999995
ranking_my_rank: 42/504 (91.9%)
ranking_my_percent: 91.86507936507937
