ConfigName: kfr__advglobalrankweighted__M2__L11__eps0p015__g0p005__ds0p01__dm0p01
Problem: QUBO
Kernel: fr
Advantage: globalrankweighted
M: 2
lambda: 11
epsilon_svgd: 0.015
gamma: 0.005
decay_start_ratio: 0.01
decay_min_factor: 0.01
bandwith_kernel: None
no_interact: False
avg_score: -1286.4599609375
median_score: -1284.5
std_score: 57.59833526611328
percentiles: 2%=-1405.1600341796875, 5%=-1387.0999755859375, 10%=-1355.4000244140625, 25%=-1321.25, 50%=-1284.5, 75%=-1248.75, 90%=-1222.199951171875, 95%=-1195.800048828125, 98%=-1164.719970703125
ranking_best_algo: BigLognormalDiscreteOnePlusOne
ranking_best_score: 1301.3600000000004
ranking_my_rank: 4/504 (99.4%)
ranking_my_percent: 99.4047619047619
