ConfigName: kjsd__advperagentrankweighted__M3__L24__eps0p007__g0p0005__ds0p05__dm0p05
Problem: NK
Kernel: jsd
Advantage: peragentrankweighted
M: 3
lambda: 24
epsilon_svgd: 0.007
gamma: 0.0005
decay_start_ratio: 0.05
decay_min_factor: 0.05
bandwith_kernel: None
no_interact: False
avg_score: 0.7235488891601562
median_score: 0.7225015163421631
std_score: 0.007793181110173464
percentiles: 2%=0.707949161529541, 5%=0.7124189138412476, 10%=0.7150861024856567, 25%=0.7190488576889038, 50%=0.7225015163421631, 75%=0.7283754348754883, 90%=0.7362837791442871, 95%=0.737617552280426, 98%=0.7393173575401306
ranking_best_algo: PBIL
ranking_best_score: 0.7170882103515624
ranking_my_rank: 1/504 (100.0%)
ranking_my_percent: 100.0
