ConfigName: kjsd__advperagentrankweighted__M3__L18__eps0p005__g0p003__ds0p1__dm0p05
Problem: NK
Kernel: jsd
Advantage: peragentrankweighted
M: 3
lambda: 18
epsilon_svgd: 0.005
gamma: 0.003
decay_start_ratio: 0.1
decay_min_factor: 0.05
bandwith_kernel: None
no_interact: False
avg_score: 0.6049467921257019
median_score: 0.603934645652771
std_score: 0.01262301579117775
percentiles: 2%=0.5830649137496948, 5%=0.5871205925941467, 10%=0.5900065898895264, 25%=0.5960577726364136, 50%=0.603934645652771, 75%=0.6137319803237915, 90%=0.6216373443603516, 95%=0.6253411173820496, 98%=0.6321154236793518
ranking_best_algo: PBIL
ranking_best_score: 0.7170882103515624
ranking_my_rank: 350/504 (30.8%)
ranking_my_percent: 30.753968253968253
