ConfigName: kjsd__advperagentrankweighted__M3__L18__eps0p007__g0p003__ds0p05__dm0p2
Problem: QUBO
Kernel: jsd
Advantage: peragentrankweighted
M: 3
lambda: 18
epsilon_svgd: 0.007
gamma: 0.003
decay_start_ratio: 0.05
decay_min_factor: 0.2
bandwith_kernel: None
no_interact: False
avg_score: -433.260009765625
median_score: -432.0
std_score: 25.33875274658203
percentiles: 2%=-477.1199951171875, 5%=-472.0, 10%=-465.29998779296875, 25%=-453.25, 50%=-432.0, 75%=-415.0, 90%=-400.79998779296875, 95%=-391.8500061035156, 98%=-378.9800109863281
ranking_best_algo: CMApara
ranking_best_score: 453.82
ranking_my_rank: 43/504 (91.7%)
ranking_my_percent: 91.66666666666667
