ConfigName: krbf__advnormalizedfitness__M2__L3__eps0p015__g0p005__ds0p01__dm0p3
Problem: QUBO
Kernel: rbf
Advantage: normalizedfitness
M: 2
lambda: 3
epsilon_svgd: 0.015
gamma: 0.005
decay_start_ratio: 0.01
decay_min_factor: 0.3
bandwith_kernel: None
no_interact: False
avg_score: -417.8999938964844
median_score: -419.0
std_score: 29.435182571411133
percentiles: 2%=-477.0, 5%=-469.1000061035156, 10%=-453.29998779296875, 25%=-436.25, 50%=-419.0, 75%=-401.75, 90%=-381.8999938964844, 95%=-367.95001220703125, 98%=-349.8399963378906
ranking_best_algo: CMAL3
ranking_best_score: 435.36
ranking_my_rank: 99/504 (80.6%)
ranking_my_percent: 80.55555555555556
