ConfigName: kjsd__advperagentrankweighted__M3__L30__eps0p005__g0p0005__ds0p2__dm0p2
Problem: QUBO
Kernel: jsd
Advantage: peragentrankweighted
M: 3
lambda: 30
epsilon_svgd: 0.005
gamma: 0.0005
decay_start_ratio: 0.2
decay_min_factor: 0.2
bandwith_kernel: None
no_interact: False
avg_score: -137.36000061035156
median_score: -137.5
std_score: 12.209439277648926
percentiles: 2%=-159.02000427246094, 5%=-156.0, 10%=-153.0, 25%=-146.0, 50%=-137.5, 75%=-128.75, 90%=-121.0, 95%=-117.0, 98%=-111.0
ranking_best_algo: DiscreteDE
ranking_best_score: 143.4
ranking_my_rank: 153/504 (69.8%)
ranking_my_percent: 69.84126984126983
