ConfigName: krbf__advnormalizedfitness__M3__L10__eps0p033__g0p01__ds0p01__dm0p3
Problem: QUBO
Kernel: rbf
Advantage: normalizedfitness
M: 3
lambda: 10
epsilon_svgd: 0.033
gamma: 0.01
decay_start_ratio: 0.01
decay_min_factor: 0.3
bandwith_kernel: None
no_interact: False
avg_score: -333.3599853515625
median_score: -340.0
std_score: 18.69519805908203
percentiles: 2%=-372.0, 5%=-355.29998779296875, 10%=-350.3999938964844, 25%=-343.0, 50%=-340.0, 75%=-324.0, 90%=-306.0, 95%=-290.0, 98%=-289.8399658203125
ranking_best_algo: CMApara
ranking_best_score: 344.22
ranking_my_rank: 68/504 (86.7%)
ranking_my_percent: 86.7063492063492
