ConfigName: krbf__advnormalizedfitness__M3__L15__eps0p033__g0p015__ds0p3__dm0p3
Problem: NK
Kernel: rbf
Advantage: normalizedfitness
M: 3
lambda: 15
epsilon_svgd: 0.033
gamma: 0.015
decay_start_ratio: 0.3
decay_min_factor: 0.3
bandwith_kernel: None
no_interact: False
avg_score: 0.693774938583374
median_score: 0.6957826614379883
std_score: 0.011236486956477165
percentiles: 2%=0.6680735945701599, 5%=0.6711010336875916, 10%=0.678749144077301, 25%=0.6869046092033386, 50%=0.6957826614379883, 75%=0.7017680406570435, 90%=0.7071417570114136, 95%=0.7094763517379761, 98%=0.7116747498512268
ranking_best_algo: PBIL
ranking_best_score: 0.7248786399609374
ranking_my_rank: 135/504 (73.4%)
ranking_my_percent: 73.41269841269842
