ConfigName: krbf__advnormalizedfitness__M3__L10__eps0p025__g0p015__ds0p15__dm0p01
Problem: QUBO
Kernel: rbf
Advantage: normalizedfitness
M: 3
lambda: 10
epsilon_svgd: 0.025
gamma: 0.015
decay_start_ratio: 0.15
decay_min_factor: 0.01
bandwith_kernel: None
no_interact: False
avg_score: -333.3800048828125
median_score: -339.5
std_score: 19.839746475219727
percentiles: 2%=-372.0, 5%=-361.45001220703125, 10%=-354.0, 25%=-346.0, 50%=-339.5, 75%=-320.0, 90%=-303.6000061035156, 95%=-296.0, 98%=-291.9599914550781
ranking_best_algo: CMApara
ranking_best_score: 344.22
ranking_my_rank: 67/504 (86.9%)
ranking_my_percent: 86.9047619047619
