ConfigName: krbf__advnormalizedfitness__M2__L6__eps0p01__g0p01__ds0p3__dm0p3
Problem: QUBO
Kernel: rbf
Advantage: normalizedfitness
M: 2
lambda: 6
epsilon_svgd: 0.01
gamma: 0.01
decay_start_ratio: 0.3
decay_min_factor: 0.3
bandwith_kernel: None
no_interact: False
avg_score: -434.239990234375
median_score: -437.0
std_score: 27.398948669433594
percentiles: 2%=-487.0199890136719, 5%=-473.0, 10%=-471.1000061035156, 25%=-453.25, 50%=-437.0, 75%=-415.0, 90%=-395.8999938964844, 95%=-388.8500061035156, 98%=-382.89996337890625
ranking_best_algo: CMApara
ranking_best_score: 453.82
ranking_my_rank: 40/504 (92.3%)
ranking_my_percent: 92.26190476190476
