ConfigName: krbf__advnormalizedfitness__M3__L10__eps0p025__g0p005__ds0p05__dm0p05
Problem: NK
Kernel: rbf
Advantage: normalizedfitness
M: 3
lambda: 10
epsilon_svgd: 0.025
gamma: 0.005
decay_start_ratio: 0.05
decay_min_factor: 0.05
bandwith_kernel: None
no_interact: False
avg_score: 0.7136459350585938
median_score: 0.713943362236023
std_score: 0.012081128545105457
percentiles: 2%=0.6929081678390503, 5%=0.6943544149398804, 10%=0.6989612579345703, 25%=0.7044723033905029, 50%=0.713943362236023, 75%=0.7216184139251709, 90%=0.7299032211303711, 95%=0.7328972220420837, 98%=0.7412067651748657
ranking_best_algo: PBIL
ranking_best_score: 0.7170882103515624
ranking_my_rank: 42/504 (91.9%)
ranking_my_percent: 91.86507936507937
