ConfigName: kjsd__advperagentrankweighted__M2__L20__eps0p005__g0p0005__ds0p05__dm0p1
Problem: QUBO
Kernel: jsd
Advantage: peragentrankweighted
M: 2
lambda: 20
epsilon_svgd: 0.005
gamma: 0.0005
decay_start_ratio: 0.05
decay_min_factor: 0.1
bandwith_kernel: None
no_interact: False
avg_score: -909.1400146484375
median_score: -906.5
std_score: 59.643611907958984
percentiles: 2%=-1019.280029296875, 5%=-1000.5, 10%=-984.0, 25%=-958.0, 50%=-906.5, 75%=-869.75, 90%=-823.9000244140625, 95%=-802.9500122070312, 98%=-795.97998046875
ranking_best_algo: CMAL3
ranking_best_score: 928.5800000000002
ranking_my_rank: 29/504 (94.4%)
ranking_my_percent: 94.44444444444444
