ConfigName: kfr__advglobalrankweighted__M6__L7__eps0p015__g0p005__ds0p01__dm0p01
Problem: QUBO
Kernel: fr
Advantage: globalrankweighted
M: 6
lambda: 7
epsilon_svgd: 0.015
gamma: 0.005
decay_start_ratio: 0.01
decay_min_factor: 0.01
bandwith_kernel: None
no_interact: False
avg_score: -1203.0
median_score: -1205.0
std_score: 71.18833923339844
percentiles: 2%=-1342.1800537109375, 5%=-1313.25, 10%=-1295.4000244140625, 25%=-1249.5, 50%=-1205.0, 75%=-1145.75, 90%=-1117.5999755859375, 95%=-1075.6500244140625, 98%=-1063.8199462890625
ranking_best_algo: BigLognormalDiscreteOnePlusOne
ranking_best_score: 1301.3600000000004
ranking_my_rank: 83/504 (83.7%)
ranking_my_percent: 83.73015873015873
