ConfigName: krbf__advnormalizedfitness__M3__L10__eps0p033__g0p007__ds0p01__dm0p01
Problem: QUBO
Kernel: rbf
Advantage: normalizedfitness
M: 3
lambda: 10
epsilon_svgd: 0.033
gamma: 0.007
decay_start_ratio: 0.01
decay_min_factor: 0.01
bandwith_kernel: None
no_interact: False
avg_score: -582.719970703125
median_score: -582.5
std_score: 28.258832931518555
percentiles: 2%=-633.1199951171875, 5%=-629.0, 10%=-615.2000122070312, 25%=-604.0, 50%=-582.5, 75%=-564.25, 90%=-550.0, 95%=-536.800048828125, 98%=-522.8199462890625
ranking_best_algo: Tabu
ranking_best_score: 588.7199999999999
ranking_my_rank: 6/503 (99.0%)
ranking_my_percent: 99.00596421471172
