ConfigName: kjsd__advperagentrankweighted__M5__L8__eps0p005__g0p0003__ds0p4__dm0p05
Problem: NK
Kernel: jsd
Advantage: peragentrankweighted
M: 5
lambda: 8
epsilon_svgd: 0.005
gamma: 0.0003
decay_start_ratio: 0.4
decay_min_factor: 0.05
bandwith_kernel: None
no_interact: False
avg_score: 0.7436659932136536
median_score: 0.741966962814331
std_score: 0.027621353045105934
percentiles: 2%=0.7055909037590027, 5%=0.7077609300613403, 10%=0.7116878032684326, 25%=0.7217288017272949, 50%=0.741966962814331, 75%=0.7580187320709229, 90%=0.7772082686424255, 95%=0.8044298887252808, 98%=0.8080617785453796
ranking_best_algo: CMApara
ranking_best_score: 0.7459277895312499
ranking_my_rank: 7/504 (98.8%)
ranking_my_percent: 98.80952380952381
