ConfigName: kjsd__advperagentrankweighted__M5__L8__eps0p005__g0p003__ds0p05__dm0p2
Problem: QUBO
Kernel: jsd
Advantage: peragentrankweighted
M: 5
lambda: 8
epsilon_svgd: 0.005
gamma: 0.003
decay_start_ratio: 0.05
decay_min_factor: 0.2
bandwith_kernel: None
no_interact: False
avg_score: -405.8800048828125
median_score: -408.5
std_score: 27.058927536010742
percentiles: 2%=-457.0, 5%=-447.20001220703125, 10%=-437.20001220703125, 25%=-426.0, 50%=-408.5, 75%=-385.5, 90%=-369.79998779296875, 95%=-363.79998779296875, 98%=-351.9599914550781
ranking_best_algo: Tabu
ranking_best_score: 438.12
ranking_my_rank: 167/504 (67.1%)
ranking_my_percent: 67.06349206349206
