ConfigName: kjsd__advperagentrankweighted__M3__L16__eps0p005__g0p001__ds0p2__dm0p05
Problem: QUBO
Kernel: jsd
Advantage: peragentrankweighted
M: 3
lambda: 16
epsilon_svgd: 0.005
gamma: 0.001
decay_start_ratio: 0.2
decay_min_factor: 0.05
bandwith_kernel: None
no_interact: False
avg_score: -1626.280029296875
median_score: -1627.5
std_score: 63.959529876708984
percentiles: 2%=-1751.199951171875, 5%=-1729.050048828125, 10%=-1713.5, 25%=-1665.0, 50%=-1627.5, 75%=-1582.5, 90%=-1544.5999755859375, 95%=-1514.5999755859375, 98%=-1497.780029296875
ranking_best_algo: NLOPT_LN_PRAXIS
ranking_best_score: 1607.12
ranking_my_rank: 1/504 (100.0%)
ranking_my_percent: 100.0
