ConfigName: krbf__advnormalizedfitness__M4__L15__eps0p025__g0p007__ds0p01__dm0p01
Problem: NK
Kernel: rbf
Advantage: normalizedfitness
M: 4
lambda: 15
epsilon_svgd: 0.025
gamma: 0.007
decay_start_ratio: 0.01
decay_min_factor: 0.01
bandwith_kernel: None
no_interact: False
avg_score: 0.7445096373558044
median_score: 0.7418513298034668
std_score: 0.028359409421682358
percentiles: 2%=0.6958399415016174, 5%=0.7081544399261475, 10%=0.711036741733551, 25%=0.7227654457092285, 50%=0.7418513298034668, 75%=0.7580187320709229, 90%=0.7761135697364807, 95%=0.8044298887252808, 98%=0.8118547797203064
ranking_best_algo: CMApara
ranking_best_score: 0.7459277895312499
ranking_my_rank: 3/504 (99.6%)
ranking_my_percent: 99.60317460317461
