ConfigName: krbf__advnormalizedfitness__M4__L10__eps0p015__g0p015__ds0p01__dm0p01
Problem: NK
Kernel: rbf
Advantage: normalizedfitness
M: 4
lambda: 10
epsilon_svgd: 0.015
gamma: 0.015
decay_start_ratio: 0.01
decay_min_factor: 0.01
bandwith_kernel: None
no_interact: False
avg_score: 0.6537195444107056
median_score: 0.6516541242599487
std_score: 0.014731680043041706
percentiles: 2%=0.6324442028999329, 5%=0.634819507598877, 10%=0.6379876732826233, 25%=0.6439364552497864, 50%=0.6516541242599487, 75%=0.6602767705917358, 90%=0.6735871434211731, 95%=0.6841092705726624, 98%=0.6891189813613892
ranking_best_algo: Tabu
ranking_best_score: 0.7601875690625
ranking_my_rank: 380/504 (24.8%)
ranking_my_percent: 24.8015873015873
