ConfigName: kjsd__advperagentrankweighted__M3__L30__eps0p005__g0p0005__ds0p1__dm0p05
Problem: QUBO
Kernel: jsd
Advantage: peragentrankweighted
M: 3
lambda: 30
epsilon_svgd: 0.005
gamma: 0.0005
decay_start_ratio: 0.1
decay_min_factor: 0.05
bandwith_kernel: None
no_interact: False
avg_score: -138.66000366210938
median_score: -140.5
std_score: 12.330628395080566
percentiles: 2%=-158.02000427246094, 5%=-158.0, 10%=-155.0, 25%=-148.0, 50%=-140.5, 75%=-130.5, 90%=-122.80000305175781, 95%=-119.75, 98%=-109.94000244140625
ranking_best_algo: DiscreteDE
ranking_best_score: 143.4
ranking_my_rank: 97/504 (81.0%)
ranking_my_percent: 80.95238095238095
