ConfigName: kjsd__advperagentrankweighted__M3__L30__eps0p007__g0p001__ds0p1__dm0p05
Problem: NK
Kernel: jsd
Advantage: peragentrankweighted
M: 3
lambda: 30
epsilon_svgd: 0.007
gamma: 0.001
decay_start_ratio: 0.1
decay_min_factor: 0.05
bandwith_kernel: None
no_interact: False
avg_score: 0.7323061227798462
median_score: 0.7323166131973267
std_score: 0.009828930720686913
percentiles: 2%=0.7141790986061096, 5%=0.7152343392372131, 10%=0.7186488509178162, 25%=0.726343035697937, 50%=0.7323166131973267, 75%=0.7387380599975586, 90%=0.7459067702293396, 95%=0.7483152151107788, 98%=0.7520875334739685
ranking_best_algo: Tabu
ranking_best_score: 0.7429702712499999
ranking_my_rank: 2/504 (99.8%)
ranking_my_percent: 99.8015873015873
