ConfigName: kjsd__advperagentrankweighted__M3__L30__eps0p007__g0p0005__ds0p1__dm0p1
Problem: QUBO
Kernel: jsd
Advantage: peragentrankweighted
M: 3
lambda: 30
epsilon_svgd: 0.007
gamma: 0.0005
decay_start_ratio: 0.1
decay_min_factor: 0.1
bandwith_kernel: None
no_interact: False
avg_score: -3275.360107421875
median_score: -3268.0
std_score: 113.68408203125
percentiles: 2%=-3487.10009765625, 5%=-3477.10009765625, 10%=-3446.39990234375, 25%=-3348.0, 50%=-3268.0, 75%=-3197.75, 90%=-3129.39990234375, 95%=-3101.89990234375, 98%=-3032.580078125
ranking_best_algo: RLSOnePlusOne
ranking_best_score: 3316.5199999999995
ranking_my_rank: 12/504 (97.8%)
ranking_my_percent: 97.81746031746032
