ConfigName: kjsd__advperagentrankweighted__M3__L18__eps0p007__g0p0005__ds0p1__dm0p2
Problem: NK
Kernel: jsd
Advantage: peragentrankweighted
M: 3
lambda: 18
epsilon_svgd: 0.007
gamma: 0.0005
decay_start_ratio: 0.1
decay_min_factor: 0.2
bandwith_kernel: None
no_interact: False
avg_score: 0.7332130670547485
median_score: 0.7328839898109436
std_score: 0.009995361790060997
percentiles: 2%=0.7138442397117615, 5%=0.7161111235618591, 10%=0.7209270596504211, 25%=0.7267981767654419, 50%=0.7328839898109436, 75%=0.7394862174987793, 90%=0.745819091796875, 95%=0.7492485046386719, 98%=0.7570123076438904
ranking_best_algo: Tabu
ranking_best_score: 0.7429702712499999
ranking_my_rank: 2/504 (99.8%)
ranking_my_percent: 99.8015873015873
