ConfigName: krbf__advnormalizedfitness__M4__L10__eps0p033__g0p007__ds0p01__dm0p01
Problem: NK
Kernel: rbf
Advantage: normalizedfitness
M: 4
lambda: 10
epsilon_svgd: 0.033
gamma: 0.007
decay_start_ratio: 0.01
decay_min_factor: 0.01
bandwith_kernel: None
no_interact: False
avg_score: 0.7404642701148987
median_score: 0.7401309013366699
std_score: 0.012946149334311485
percentiles: 2%=0.7181861996650696, 5%=0.7221683859825134, 10%=0.7238993048667908, 25%=0.7309571504592896, 50%=0.7401309013366699, 75%=0.7488189935684204, 90%=0.7574447393417358, 95%=0.7596001029014587, 98%=0.769499659538269
ranking_best_algo: PBIL
ranking_best_score: 0.733570253046875
ranking_my_rank: 1/504 (100.0%)
ranking_my_percent: 100.0
