ConfigName: kjsd__advperagentrankweighted__M4__L20__eps0p005__g0p0005__ds0p05__dm0p1
Problem: QUBO
Kernel: jsd
Advantage: peragentrankweighted
M: 4
lambda: 20
epsilon_svgd: 0.005
gamma: 0.0005
decay_start_ratio: 0.05
decay_min_factor: 0.1
bandwith_kernel: None
no_interact: False
avg_score: -148.8000030517578
median_score: -146.0
std_score: 13.193938255310059
percentiles: 2%=-179.0, 5%=-179.0, 10%=-160.39999389648438, 25%=-155.0, 50%=-146.0, 75%=-141.0, 90%=-134.89999389648438, 95%=-131.0, 98%=-126.95999908447266
ranking_best_algo: CMApara
ranking_best_score: 154.28
ranking_my_rank: 82/504 (83.9%)
ranking_my_percent: 83.92857142857143
