ConfigName: krbf__advnormalizedfitness__M4__L8__eps0p015__g0p007__ds0p15__dm0p01
Problem: QUBO
Kernel: rbf
Advantage: normalizedfitness
M: 4
lambda: 8
epsilon_svgd: 0.015
gamma: 0.007
decay_start_ratio: 0.15
decay_min_factor: 0.01
bandwith_kernel: None
no_interact: False
avg_score: -151.0
median_score: -150.5
std_score: 12.330450057983398
percentiles: 2%=-179.0, 5%=-179.0, 10%=-164.10000610351562, 25%=-157.0, 50%=-150.5, 75%=-141.0, 90%=-137.0, 95%=-135.0, 98%=-130.91998291015625
ranking_best_algo: CMApara
ranking_best_score: 154.28
ranking_my_rank: 73/504 (85.7%)
ranking_my_percent: 85.71428571428571
