ConfigName: krbf__advnormalizedfitness__M3__L10__eps0p033__g0p01__ds0p15__dm0p01
Problem: NK
Kernel: rbf
Advantage: normalizedfitness
M: 3
lambda: 10
epsilon_svgd: 0.033
gamma: 0.01
decay_start_ratio: 0.15
decay_min_factor: 0.01
bandwith_kernel: None
no_interact: False
avg_score: 0.7106044292449951
median_score: 0.7111910581588745
std_score: 0.014849652536213398
percentiles: 2%=0.6739691495895386, 5%=0.6740903258323669, 10%=0.6951463222503662, 25%=0.7081472277641296, 50%=0.7111910581588745, 75%=0.7193207740783691, 90%=0.7255503535270691, 95%=0.7323719263076782, 98%=0.7328149080276489
ranking_best_algo: CMApara
ranking_best_score: 0.707475975
ranking_my_rank: 1/504 (100.0%)
ranking_my_percent: 100.0
