ConfigName: krbf__advnormalizedfitness__M4__L15__eps0p025__g0p01__ds0p15__dm0p01
Problem: QUBO
Kernel: rbf
Advantage: normalizedfitness
M: 4
lambda: 15
epsilon_svgd: 0.025
gamma: 0.01
decay_start_ratio: 0.15
decay_min_factor: 0.01
bandwith_kernel: None
no_interact: False
avg_score: -412.8800048828125
median_score: -411.0
std_score: 24.16082763671875
percentiles: 2%=-473.0, 5%=-453.04998779296875, 10%=-445.1000061035156, 25%=-427.5, 50%=-411.0, 75%=-395.75, 90%=-383.6000061035156, 95%=-378.0, 98%=-369.9599914550781
ranking_best_algo: Tabu
ranking_best_score: 438.12
ranking_my_rank: 64/504 (87.5%)
ranking_my_percent: 87.5
