ConfigName: kjsd__advperagentrankweighted__M4__L8__eps0p03__g0p0005__ds0p2__dm0p05
Problem: QUBO
Kernel: jsd
Advantage: peragentrankweighted
M: 4
lambda: 8
epsilon_svgd: 0.03
gamma: 0.0005
decay_start_ratio: 0.2
decay_min_factor: 0.05
bandwith_kernel: None
no_interact: False
avg_score: -554.52001953125
median_score: -552.0
std_score: 28.76125144958496
percentiles: 2%=-615.239990234375, 5%=-599.0499877929688, 10%=-590.0999755859375, 25%=-572.25, 50%=-552.0, 75%=-536.75, 90%=-522.9000244140625, 95%=-513.75, 98%=-502.55999755859375
ranking_best_algo: Tabu
ranking_best_score: 588.7199999999999
ranking_my_rank: 150/503 (70.4%)
ranking_my_percent: 70.37773359840955
