ConfigName: krbf__advnormalizedfitness__M3__L15__eps0p033__g0p005__ds0p3__dm0p3
Problem: QUBO
Kernel: rbf
Advantage: normalizedfitness
M: 3
lambda: 15
epsilon_svgd: 0.033
gamma: 0.005
decay_start_ratio: 0.3
decay_min_factor: 0.3
bandwith_kernel: None
no_interact: False
avg_score: -1272.260009765625
median_score: -1266.0
std_score: 64.897705078125
percentiles: 2%=-1439.06005859375, 5%=-1385.5, 10%=-1362.800048828125, 25%=-1312.25, 50%=-1266.0, 75%=-1228.0, 90%=-1193.0, 95%=-1172.7000732421875, 98%=-1154.9599609375
ranking_best_algo: BigLognormalDiscreteOnePlusOne
ranking_best_score: 1301.3600000000004
ranking_my_rank: 45/504 (91.3%)
ranking_my_percent: 91.26984126984127
