ConfigName: krbf__advnormalizedfitness__M2__L10__eps0p015__g0p005__ds0p15__dm0p3
Problem: QUBO
Kernel: rbf
Advantage: normalizedfitness
M: 2
lambda: 10
epsilon_svgd: 0.015
gamma: 0.005
decay_start_ratio: 0.15
decay_min_factor: 0.3
bandwith_kernel: None
no_interact: False
avg_score: -1183.719970703125
median_score: -1178.0
std_score: 59.21369171142578
percentiles: 2%=-1305.239990234375, 5%=-1273.0, 10%=-1265.0999755859375, 25%=-1231.25, 50%=-1178.0, 75%=-1138.75, 90%=-1111.9000244140625, 95%=-1096.5999755859375, 98%=-1077.93994140625
ranking_best_algo: Tabu
ranking_best_score: 1216.16
ranking_my_rank: 65/504 (87.3%)
ranking_my_percent: 87.3015873015873
