ConfigName: kjsd__advperagentrankweighted__M4__L8__eps0p01__g0p0003__ds0p4__dm0p05
Problem: QUBO
Kernel: jsd
Advantage: peragentrankweighted
M: 4
lambda: 8
epsilon_svgd: 0.01
gamma: 0.0003
decay_start_ratio: 0.4
decay_min_factor: 0.05
bandwith_kernel: None
no_interact: False
avg_score: -328.5
median_score: -332.0
std_score: 24.337419509887695
percentiles: 2%=-372.0, 5%=-372.0, 10%=-357.3999938964844, 25%=-342.25, 50%=-332.0, 75%=-315.5, 90%=-290.0, 95%=-285.8999938964844, 98%=-279.9800109863281
ranking_best_algo: CMApara
ranking_best_score: 344.22
ranking_my_rank: 83/504 (83.7%)
ranking_my_percent: 83.73015873015873
