ConfigName: krbf__advnormalizedfitness__M3__L8__eps0p033__g0p01__ds0p01__dm0p3
Problem: NK
Kernel: rbf
Advantage: normalizedfitness
M: 3
lambda: 8
epsilon_svgd: 0.033
gamma: 0.01
decay_start_ratio: 0.01
decay_min_factor: 0.3
bandwith_kernel: None
no_interact: False
avg_score: 0.7415773272514343
median_score: 0.7404882907867432
std_score: 0.015299572609364986
percentiles: 2%=0.71401047706604, 5%=0.7189933657646179, 10%=0.7227365970611572, 25%=0.7313643097877502, 50%=0.7404882907867432, 75%=0.750639796257019, 90%=0.7646937966346741, 95%=0.7678291201591492, 98%=0.7691388130187988
ranking_best_algo: Tabu
ranking_best_score: 0.7601875690625
ranking_my_rank: 12/504 (97.8%)
ranking_my_percent: 97.81746031746032
