ConfigName: kjsd__advperagentrankweighted__M4__L24__eps0p02__g0p0003__ds0p2__dm0p05
Problem: NK
Kernel: jsd
Advantage: peragentrankweighted
M: 4
lambda: 24
epsilon_svgd: 0.02
gamma: 0.0003
decay_start_ratio: 0.2
decay_min_factor: 0.05
bandwith_kernel: None
no_interact: False
avg_score: 0.7332432270050049
median_score: 0.732735276222229
std_score: 0.013591171242296696
percentiles: 2%=0.7099065184593201, 5%=0.7114036679267883, 10%=0.7170544266700745, 25%=0.7239723801612854, 50%=0.732735276222229, 75%=0.7410434484481812, 90%=0.7484179735183716, 95%=0.7575632929801941, 98%=0.7655394673347473
ranking_best_algo: Tabu
ranking_best_score: 0.7601875690625
ranking_my_rank: 33/504 (93.7%)
ranking_my_percent: 93.65079365079364
