ConfigName: kjsd__advperagentrankweighted__M10__L24__eps0p008__g0p0005__ds0p05__dm0p05
Problem: QUBO
Kernel: jsd
Advantage: peragentrankweighted
M: 10
lambda: 24
epsilon_svgd: 0.008
gamma: 0.0005
decay_start_ratio: 0.05
decay_min_factor: 0.05
bandwith_kernel: None
no_interact: False
avg_score: -333.6600036621094
median_score: -339.5
std_score: 18.84156036376953
percentiles: 2%=-370.0400085449219, 5%=-360.04998779296875, 10%=-354.1000061035156, 25%=-343.0, 50%=-339.5, 75%=-324.0, 90%=-305.79998779296875, 95%=-298.0, 98%=-291.9599914550781
ranking_best_algo: CMApara
ranking_best_score: 344.22
ranking_my_rank: 64/504 (87.5%)
ranking_my_percent: 87.5
