ConfigName: kjsd__advperagentrankweighted__M3__L24__eps0p005__g0p001__ds0p2__dm0p05
Problem: NK
Kernel: jsd
Advantage: peragentrankweighted
M: 3
lambda: 24
epsilon_svgd: 0.005
gamma: 0.001
decay_start_ratio: 0.2
decay_min_factor: 0.05
bandwith_kernel: None
no_interact: False
avg_score: 0.7108258008956909
median_score: 0.7112162113189697
std_score: 0.015095551498234272
percentiles: 2%=0.673099935054779, 5%=0.6739691495895386, 10%=0.6976277232170105, 25%=0.7084783315658569, 50%=0.7112162113189697, 75%=0.719459056854248, 90%=0.7254704236984253, 95%=0.7329636812210083, 98%=0.7333112359046936
ranking_best_algo: CMApara
ranking_best_score: 0.707475975
ranking_my_rank: 1/504 (100.0%)
ranking_my_percent: 100.0
