ConfigName: kjsd__advperagentrankweighted__M4__L8__eps0p01__g0p0005__ds0p4__dm0p05
Problem: QUBO
Kernel: jsd
Advantage: peragentrankweighted
M: 4
lambda: 8
epsilon_svgd: 0.01
gamma: 0.0005
decay_start_ratio: 0.4
decay_min_factor: 0.05
bandwith_kernel: None
no_interact: False
avg_score: -907.780029296875
median_score: -904.0
std_score: 60.97746658325195
percentiles: 2%=-1020.2000122070312, 5%=-1012.0499877929688, 10%=-985.9000244140625, 25%=-959.0, 50%=-904.0, 75%=-867.0, 90%=-821.7000122070312, 95%=-813.7000122070312, 98%=-802.9199829101562
ranking_best_algo: CMAL3
ranking_best_score: 928.5800000000002
ranking_my_rank: 53/504 (89.7%)
ranking_my_percent: 89.68253968253968
