ConfigName: kfr__advglobalrankweighted__M1__L10__eps0p02__g0p003__ds0p01__dm0p01
Problem: QUBO
Kernel: fr
Advantage: globalrankweighted
M: 1
lambda: 10
epsilon_svgd: 0.02
gamma: 0.003
decay_start_ratio: 0.01
decay_min_factor: 0.01
bandwith_kernel: None
no_interact: False
avg_score: -400.5
median_score: -400.5
std_score: 35.319541931152344
percentiles: 2%=-469.0400085449219, 5%=-461.1000061035156, 10%=-441.5, 25%=-425.0, 50%=-400.5, 75%=-378.75, 90%=-352.8999938964844, 95%=-337.95001220703125, 98%=-333.7999572753906
ranking_best_algo: CMAL3
ranking_best_score: 435.36
ranking_my_rank: 233/504 (54.0%)
ranking_my_percent: 53.96825396825397
