ConfigName: kjsd__advperagentrankweighted__M4__L20__eps0p007__g0p001__ds0p05__dm0p05
Problem: QUBO
Kernel: jsd
Advantage: peragentrankweighted
M: 4
lambda: 20
epsilon_svgd: 0.007
gamma: 0.001
decay_start_ratio: 0.05
decay_min_factor: 0.05
bandwith_kernel: None
no_interact: False
avg_score: -586.52001953125
median_score: -584.5
std_score: 24.34521484375
percentiles: 2%=-633.1599731445312, 5%=-628.0499877929688, 10%=-619.0999755859375, 25%=-605.0, 50%=-584.5, 75%=-567.75, 90%=-557.9000244140625, 95%=-552.9000244140625, 98%=-547.9400024414062
ranking_best_algo: Tabu
ranking_best_score: 588.7199999999999
ranking_my_rank: 4/503 (99.4%)
ranking_my_percent: 99.40357852882704
