ConfigName: kjsd__advperagentrankweighted__M3__L18__eps0p01__g0p0007__ds0p1__dm0p2
Problem: NK
Kernel: jsd
Advantage: peragentrankweighted
M: 3
lambda: 18
epsilon_svgd: 0.01
gamma: 0.0007
decay_start_ratio: 0.1
decay_min_factor: 0.2
bandwith_kernel: None
no_interact: False
avg_score: 0.7423826456069946
median_score: 0.7408133745193481
std_score: 0.02887430600821972
percentiles: 2%=0.6971808075904846, 5%=0.700983464717865, 10%=0.7097263336181641, 25%=0.7208719849586487, 50%=0.7408133745193481, 75%=0.7580187320709229, 90%=0.778285801410675, 95%=0.8045839071273804, 98%=0.8118547797203064
ranking_best_algo: CMApara
ranking_best_score: 0.7459277895312499
ranking_my_rank: 20/504 (96.2%)
ranking_my_percent: 96.23015873015873
