ConfigName: krbf__advnormalizedfitness__M4__L12__eps0p033__g0p005__ds0p01__dm0p01
Problem: NK
Kernel: rbf
Advantage: normalizedfitness
M: 4
lambda: 12
epsilon_svgd: 0.033
gamma: 0.005
decay_start_ratio: 0.01
decay_min_factor: 0.01
bandwith_kernel: None
no_interact: False
avg_score: 0.741786777973175
median_score: 0.7423418164253235
std_score: 0.012004387564957142
percentiles: 2%=0.7186550498008728, 5%=0.7232183218002319, 10%=0.7255039215087891, 25%=0.7335723638534546, 50%=0.7423418164253235, 75%=0.7484833002090454, 90%=0.7578453421592712, 95%=0.7623030543327332, 98%=0.763874351978302
ranking_best_algo: PBIL
ranking_best_score: 0.733570253046875
ranking_my_rank: 1/504 (100.0%)
ranking_my_percent: 100.0
