ConfigName: krbf__advnormalizedfitness__M4__L15__eps0p033__g0p01__ds0p3__dm0p3
Problem: QUBO
Kernel: rbf
Advantage: normalizedfitness
M: 4
lambda: 15
epsilon_svgd: 0.033
gamma: 0.01
decay_start_ratio: 0.3
decay_min_factor: 0.3
bandwith_kernel: None
no_interact: False
avg_score: -394.8800048828125
median_score: -392.0
std_score: 37.70073699951172
percentiles: 2%=-478.0400085449219, 5%=-446.3500061035156, 10%=-441.1000061035156, 25%=-425.5, 50%=-392.0, 75%=-367.75, 90%=-342.8999938964844, 95%=-337.95001220703125, 98%=-330.89996337890625
ranking_best_algo: CMApara
ranking_best_score: 453.82
ranking_my_rank: 269/504 (46.8%)
ranking_my_percent: 46.82539682539682
