ConfigName: kjsd__advperagentrankweighted__M4__L8__eps0p005__g0p0003__ds0p05__dm0p05
Problem: QUBO
Kernel: jsd
Advantage: peragentrankweighted
M: 4
lambda: 8
epsilon_svgd: 0.005
gamma: 0.0003
decay_start_ratio: 0.05
decay_min_factor: 0.05
bandwith_kernel: None
no_interact: False
avg_score: -913.02001953125
median_score: -911.0
std_score: 62.59888458251953
percentiles: 2%=-1032.239990234375, 5%=-1019.1500244140625, 10%=-998.2000122070312, 25%=-958.0, 50%=-911.0, 75%=-866.0, 90%=-838.7000122070312, 95%=-816.5999755859375, 98%=-804.8400268554688
ranking_best_algo: CMAL3
ranking_best_score: 928.5800000000002
ranking_my_rank: 19/504 (96.4%)
ranking_my_percent: 96.42857142857143
