ConfigName: kjsd__advperagentrankweighted__M3__L16__eps0p01__g0p001__ds0p2__dm0p05
Problem: QUBO
Kernel: jsd
Advantage: peragentrankweighted
M: 3
lambda: 16
epsilon_svgd: 0.01
gamma: 0.001
decay_start_ratio: 0.2
decay_min_factor: 0.05
bandwith_kernel: None
no_interact: False
avg_score: -1260.8800048828125
median_score: -1262.0
std_score: 64.03971862792969
percentiles: 2%=-1396.199951171875, 5%=-1370.1500244140625, 10%=-1349.0999755859375, 25%=-1298.25, 50%=-1262.0, 75%=-1215.0, 90%=-1189.0, 95%=-1166.8499755859375, 98%=-1136.9599609375
ranking_best_algo: SVMMetaModelLogNormal
ranking_best_score: 1233.7999999999997
ranking_my_rank: 1/504 (100.0%)
ranking_my_percent: 100.0
