ConfigName: krbf__advnormalizedfitness__M1__L8__eps0p033__g0p007__ds0p15__dm0p3
Problem: QUBO
Kernel: rbf
Advantage: normalizedfitness
M: 1
lambda: 8
epsilon_svgd: 0.033
gamma: 0.007
decay_start_ratio: 0.15
decay_min_factor: 0.3
bandwith_kernel: None
no_interact: False
avg_score: -1247.5799560546875
median_score: -1250.0
std_score: 63.569515228271484
percentiles: 2%=-1368.6199951171875, 5%=-1343.6500244140625, 10%=-1335.0999755859375, 25%=-1289.75, 50%=-1250.0, 75%=-1198.0, 90%=-1153.699951171875, 95%=-1146.9000244140625, 98%=-1140.9599609375
ranking_best_algo: BigLognormalDiscreteOnePlusOne
ranking_best_score: 1301.3600000000004
ranking_my_rank: 57/504 (88.9%)
ranking_my_percent: 88.88888888888889
