ConfigName: kjsd__advperagentrankweighted__M3__L20__eps0p01__g0p0005__ds0p1__dm0p2
Problem: NK
Kernel: jsd
Advantage: peragentrankweighted
M: 3
lambda: 20
epsilon_svgd: 0.01
gamma: 0.0005
decay_start_ratio: 0.1
decay_min_factor: 0.2
bandwith_kernel: None
no_interact: False
avg_score: 0.7061318159103394
median_score: 0.709200918674469
std_score: 0.012018783017992973
percentiles: 2%=0.6866101026535034, 5%=0.6876844167709351, 10%=0.689326286315918, 25%=0.6947749853134155, 50%=0.709200918674469, 75%=0.7160623669624329, 90%=0.7207995057106018, 95%=0.7216991782188416, 98%=0.7227993011474609
ranking_best_algo: PBIL
ranking_best_score: 0.7013553837109374
ranking_my_rank: 1/504 (100.0%)
ranking_my_percent: 100.0
