ConfigName: kfr__advglobalrankweighted__M4__L10__eps0p015__g0p007__ds0p01__dm0p01
Problem: QUBO
Kernel: fr
Advantage: globalrankweighted
M: 4
lambda: 10
epsilon_svgd: 0.015
gamma: 0.007
decay_start_ratio: 0.01
decay_min_factor: 0.01
bandwith_kernel: None
no_interact: False
avg_score: -1527.93994140625
median_score: -1531.5
std_score: 67.74729919433594
percentiles: 2%=-1649.280029296875, 5%=-1635.449951171875, 10%=-1600.199951171875, 25%=-1575.5, 50%=-1531.5, 75%=-1489.0, 90%=-1446.800048828125, 95%=-1413.9000244140625, 98%=-1353.0
ranking_best_algo: NLOPT_LN_PRAXIS
ranking_best_score: 1607.12
ranking_my_rank: 58/504 (88.7%)
ranking_my_percent: 88.69047619047619
