ConfigName: krbf__advnormalizedfitness__M3__L12__eps0p025__g0p007__ds0p01__dm0p3
Problem: QUBO
Kernel: rbf
Advantage: normalizedfitness
M: 3
lambda: 12
epsilon_svgd: 0.025
gamma: 0.007
decay_start_ratio: 0.01
decay_min_factor: 0.3
bandwith_kernel: None
no_interact: False
avg_score: -333.1600036621094
median_score: -338.0
std_score: 20.924015045166016
percentiles: 2%=-372.0, 5%=-361.0, 10%=-354.0, 25%=-349.0, 50%=-338.0, 75%=-324.0, 90%=-299.79998779296875, 95%=-292.8500061035156, 98%=-285.75994873046875
ranking_best_algo: CMApara
ranking_best_score: 344.22
ranking_my_rank: 68/504 (86.7%)
ranking_my_percent: 86.7063492063492
