ConfigName: krbf__advnormalizedfitness__M4__L15__eps0p025__g0p005__ds0p05__dm0p05
Problem: QUBO
Kernel: rbf
Advantage: normalizedfitness
M: 4
lambda: 15
epsilon_svgd: 0.025
gamma: 0.005
decay_start_ratio: 0.05
decay_min_factor: 0.05
bandwith_kernel: None
no_interact: False
avg_score: -924.8599853515625
median_score: -917.0
std_score: 65.37186431884766
percentiles: 2%=-1072.0400390625, 5%=-1040.050048828125, 10%=-1016.7000122070312, 25%=-964.0, 50%=-917.0, 75%=-879.0, 90%=-841.7999877929688, 95%=-830.5999755859375, 98%=-818.280029296875
ranking_best_algo: CMApara
ranking_best_score: 964.9
ranking_my_rank: 21/504 (96.0%)
ranking_my_percent: 96.03174603174604
