ConfigName: kjsd__advperagentrankweighted__M3__L16__eps0p01__g0p001__ds0p05__dm0p2
Problem: QUBO
Kernel: jsd
Advantage: peragentrankweighted
M: 3
lambda: 16
epsilon_svgd: 0.01
gamma: 0.001
decay_start_ratio: 0.05
decay_min_factor: 0.2
bandwith_kernel: None
no_interact: False
avg_score: -147.83999633789062
median_score: -146.0
std_score: 12.80993366241455
percentiles: 2%=-179.0, 5%=-179.0, 10%=-160.0, 25%=-155.0, 50%=-146.0, 75%=-140.0, 90%=-134.8000030517578, 95%=-126.9000015258789, 98%=-122.94000244140625
ranking_best_algo: CMApara
ranking_best_score: 154.28
ranking_my_rank: 90/504 (82.3%)
ranking_my_percent: 82.34126984126983
