ConfigName: krbf__advnormalizedfitness__M1__L8__eps0p015__g0p007__ds0p3__dm0p3
Problem: QUBO
Kernel: rbf
Advantage: normalizedfitness
M: 1
lambda: 8
epsilon_svgd: 0.015
gamma: 0.007
decay_start_ratio: 0.3
decay_min_factor: 0.3
bandwith_kernel: None
no_interact: False
avg_score: -298.1400146484375
median_score: -292.0
std_score: 41.044612884521484
percentiles: 2%=-386.0400085449219, 5%=-380.20001220703125, 10%=-350.20001220703125, 25%=-326.5, 50%=-292.0, 75%=-267.0, 90%=-247.89999389648438, 95%=-237.95001220703125, 98%=-233.95999145507812
ranking_best_algo: CMApara
ranking_best_score: 319.29999999999995
ranking_my_rank: 242/504 (52.2%)
ranking_my_percent: 52.182539682539684
