ConfigName: kjsd__advperagentrankweighted__M3__L18__eps0p005__g0p003__ds0p2__dm0p05
Problem: NK
Kernel: jsd
Advantage: peragentrankweighted
M: 3
lambda: 18
epsilon_svgd: 0.005
gamma: 0.003
decay_start_ratio: 0.2
decay_min_factor: 0.05
bandwith_kernel: None
no_interact: False
avg_score: 0.7234235405921936
median_score: 0.7238408327102661
std_score: 0.01700006052851677
percentiles: 2%=0.6924126744270325, 5%=0.6946528553962708, 10%=0.7001491189002991, 25%=0.712540328502655, 50%=0.7238408327102661, 75%=0.736065149307251, 90%=0.7477443218231201, 95%=0.7506337761878967, 98%=0.7549326419830322
ranking_best_algo: Tabu
ranking_best_score: 0.7601875690625
ranking_my_rank: 122/504 (76.0%)
ranking_my_percent: 75.9920634920635
