ConfigName: kjsd__advperagentrankweighted__M3__L18__eps0p005__g0p003__ds0p05__dm0p2
Problem: NK
Kernel: jsd
Advantage: peragentrankweighted
M: 3
lambda: 18
epsilon_svgd: 0.005
gamma: 0.003
decay_start_ratio: 0.05
decay_min_factor: 0.2
bandwith_kernel: None
no_interact: False
avg_score: 0.7320775389671326
median_score: 0.7326115369796753
std_score: 0.01031037513166666
percentiles: 2%=0.7078675031661987, 5%=0.7123236656188965, 10%=0.7196122407913208, 25%=0.725507378578186, 50%=0.7326115369796753, 75%=0.739121675491333, 90%=0.7457265257835388, 95%=0.7467077970504761, 98%=0.7478944063186646
ranking_best_algo: PBIL
ranking_best_score: 0.730509098125
ranking_my_rank: 1/504 (100.0%)
ranking_my_percent: 100.0
