ConfigName: krbf__advnormalizedfitness__M3__L15__eps0p033__g0p005__ds0p15__dm0p01
Problem: NK
Kernel: rbf
Advantage: normalizedfitness
M: 3
lambda: 15
epsilon_svgd: 0.033
gamma: 0.005
decay_start_ratio: 0.15
decay_min_factor: 0.01
bandwith_kernel: None
no_interact: False
avg_score: 0.7459002733230591
median_score: 0.7474696636199951
std_score: 0.01004707533866167
percentiles: 2%=0.7264730334281921, 5%=0.7297626733779907, 10%=0.7329395413398743, 25%=0.7387083768844604, 50%=0.7474696636199951, 75%=0.7528587579727173, 90%=0.7581181526184082, 95%=0.7609982490539551, 98%=0.7654615640640259
ranking_best_algo: PBIL
ranking_best_score: 0.733570253046875
ranking_my_rank: 1/504 (100.0%)
ranking_my_percent: 100.0
