ConfigName: kjsd__advperagentrankweighted__M4__L24__eps0p005__g0p0007__ds0p2__dm0p05
Problem: QUBO
Kernel: jsd
Advantage: peragentrankweighted
M: 4
lambda: 24
epsilon_svgd: 0.005
gamma: 0.0007
decay_start_ratio: 0.2
decay_min_factor: 0.05
bandwith_kernel: None
no_interact: False
avg_score: -939.239990234375
median_score: -931.5
std_score: 60.58021545410156
percentiles: 2%=-1074.0400390625, 5%=-1056.0, 10%=-1035.5, 25%=-976.75, 50%=-931.5, 75%=-896.75, 90%=-868.9000244140625, 95%=-862.9000244140625, 98%=-847.0
ranking_best_algo: CMApara
ranking_best_score: 964.9
ranking_my_rank: 7/504 (98.8%)
ranking_my_percent: 98.80952380952381
