ConfigName: kjsd__advperagentrankweighted__M3__L16__eps0p01__g0p0007__ds0p1__dm0p05
Problem: NK
Kernel: jsd
Advantage: peragentrankweighted
M: 3
lambda: 16
epsilon_svgd: 0.01
gamma: 0.0007
decay_start_ratio: 0.1
decay_min_factor: 0.05
bandwith_kernel: None
no_interact: False
avg_score: 0.7452195882797241
median_score: 0.7446420192718506
std_score: 0.00936882570385933
percentiles: 2%=0.7272759079933167, 5%=0.7319880127906799, 10%=0.7335795760154724, 25%=0.7380182147026062, 50%=0.7446420192718506, 75%=0.7519055008888245, 90%=0.7579609155654907, 95%=0.7604594230651855, 98%=0.7620416879653931
ranking_best_algo: PBIL
ranking_best_score: 0.733570253046875
ranking_my_rank: 1/504 (100.0%)
ranking_my_percent: 100.0
