ConfigName: kjsd__advperagentrankweighted__M3__L30__eps0p005__g0p001__ds0p05__dm0p2
Problem: QUBO
Kernel: jsd
Advantage: peragentrankweighted
M: 3
lambda: 30
epsilon_svgd: 0.005
gamma: 0.001
decay_start_ratio: 0.05
decay_min_factor: 0.2
bandwith_kernel: None
no_interact: False
avg_score: -1170.739990234375
median_score: -1168.5
std_score: 65.51177215576172
percentiles: 2%=-1335.0400390625, 5%=-1295.0999755859375, 10%=-1249.199951171875, 25%=-1207.5, 50%=-1168.5, 75%=-1120.75, 90%=-1091.9000244140625, 95%=-1077.699951171875, 98%=-1056.97998046875
ranking_best_algo: Tabu
ranking_best_score: 1216.16
ranking_my_rank: 91/504 (82.1%)
ranking_my_percent: 82.14285714285714
