ConfigName: krbf__advnormalizedfitness__M3__L12__eps0p033__g0p015__ds0p01__dm0p01
Problem: QUBO
Kernel: rbf
Advantage: normalizedfitness
M: 3
lambda: 12
epsilon_svgd: 0.033
gamma: 0.015
decay_start_ratio: 0.01
decay_min_factor: 0.01
bandwith_kernel: None
no_interact: False
avg_score: -1251.699951171875
median_score: -1251.5
std_score: 71.33029174804688
percentiles: 2%=-1383.6199951171875, 5%=-1367.0999755859375, 10%=-1339.4000244140625, 25%=-1309.75, 50%=-1251.5, 75%=-1198.5, 90%=-1166.699951171875, 95%=-1138.60009765625, 98%=-1118.8399658203125
ranking_best_algo: BigLognormalDiscreteOnePlusOne
ranking_best_score: 1301.3600000000004
ranking_my_rank: 56/504 (89.1%)
ranking_my_percent: 89.08730158730158
