ConfigName: kjsd__advperagentrankweighted__M5__L8__eps0p005__g0p0007__ds0p2__dm0p2
Problem: QUBO
Kernel: jsd
Advantage: peragentrankweighted
M: 5
lambda: 8
epsilon_svgd: 0.005
gamma: 0.0007
decay_start_ratio: 0.2
decay_min_factor: 0.2
bandwith_kernel: None
no_interact: False
avg_score: -580.0399780273438
median_score: -579.0
std_score: 26.624019622802734
percentiles: 2%=-625.0800170898438, 5%=-622.0499877929688, 10%=-614.0999755859375, 25%=-599.0, 50%=-579.0, 75%=-559.75, 90%=-543.5999755859375, 95%=-537.9500122070312, 98%=-528.9400024414062
ranking_best_algo: Tabu
ranking_best_score: 588.7199999999999
ranking_my_rank: 40/503 (92.2%)
ranking_my_percent: 92.2465208747515
