ConfigName: kjsd__advperagentrankweighted__M6__L8__eps0p02__g0p0007__ds0p05__dm0p05
Problem: NK
Kernel: jsd
Advantage: peragentrankweighted
M: 6
lambda: 8
epsilon_svgd: 0.02
gamma: 0.0007
decay_start_ratio: 0.05
decay_min_factor: 0.05
bandwith_kernel: None
no_interact: False
avg_score: 0.7111743688583374
median_score: 0.6985580325126648
std_score: 0.03142193332314491
percentiles: 2%=0.673455536365509, 5%=0.6751497983932495, 10%=0.6785377264022827, 25%=0.6836183071136475, 50%=0.6985580325126648, 75%=0.7468891739845276, 90%=0.7525893449783325, 95%=0.7613165378570557, 98%=0.7613165378570557
ranking_best_algo: CMApara
ranking_best_score: 0.7118996098437498
ranking_my_rank: 4/504 (99.4%)
ranking_my_percent: 99.4047619047619
