ConfigName: kfr__advglobalrankweighted__M1__L11__eps0p01__g0p005__ds0p01__dm0p01
Problem: QUBO
Kernel: fr
Advantage: globalrankweighted
M: 1
lambda: 11
epsilon_svgd: 0.01
gamma: 0.005
decay_start_ratio: 0.01
decay_min_factor: 0.01
bandwith_kernel: None
no_interact: False
avg_score: -193.32000732421875
median_score: -191.0
std_score: 14.862625122070312
percentiles: 2%=-224.0, 5%=-219.10000610351562, 10%=-215.1999969482422, 25%=-203.25, 50%=-191.0, 75%=-182.0, 90%=-177.0, 95%=-175.60003662109375, 98%=-160.91998291015625
ranking_best_algo: Tabu
ranking_best_score: 208.36000000000004
ranking_my_rank: 225/504 (55.6%)
ranking_my_percent: 55.55555555555556
