ConfigName: krbf__advnormalizedfitness__M2__L15__eps0p025__g0p007__ds0p15__dm0p01
Problem: NK
Kernel: rbf
Advantage: normalizedfitness
M: 2
lambda: 15
epsilon_svgd: 0.025
gamma: 0.007
decay_start_ratio: 0.15
decay_min_factor: 0.01
bandwith_kernel: None
no_interact: False
avg_score: 0.7099101543426514
median_score: 0.7109473943710327
std_score: 0.015383648686110973
percentiles: 2%=0.6712527871131897, 5%=0.6721693277359009, 10%=0.6905592679977417, 25%=0.7066566944122314, 50%=0.7109473943710327, 75%=0.7185243368148804, 90%=0.7254698872566223, 95%=0.7319878935813904, 98%=0.7328095436096191
ranking_best_algo: CMApara
ranking_best_score: 0.707475975
ranking_my_rank: 1/504 (100.0%)
ranking_my_percent: 100.0
