ConfigName: krbf__advnormalizedfitness__M4__L15__eps0p033__g0p01__ds0p3__dm0p01
Problem: NK
Kernel: rbf
Advantage: normalizedfitness
M: 4
lambda: 15
epsilon_svgd: 0.033
gamma: 0.01
decay_start_ratio: 0.3
decay_min_factor: 0.01
bandwith_kernel: None
no_interact: False
avg_score: 0.5826001167297363
median_score: 0.5805045366287231
std_score: 0.008876622654497623
percentiles: 2%=0.5694871544837952, 5%=0.5701683759689331, 10%=0.5730149149894714, 25%=0.5767583250999451, 50%=0.5805045366287231, 75%=0.5862839221954346, 90%=0.5937289595603943, 95%=0.5977818965911865, 98%=0.6061989068984985
ranking_best_algo: PBIL
ranking_best_score: 0.7170882103515624
ranking_my_rank: 382/504 (24.4%)
ranking_my_percent: 24.404761904761905
