ConfigName: kjsd__advperagentrankweighted__M3__L20__eps0p007__g0p001__ds0p05__dm0p2
Problem: QUBO
Kernel: jsd
Advantage: peragentrankweighted
M: 3
lambda: 20
epsilon_svgd: 0.007
gamma: 0.001
decay_start_ratio: 0.05
decay_min_factor: 0.2
bandwith_kernel: None
no_interact: False
avg_score: -430.17999267578125
median_score: -426.5
std_score: 29.417129516601562
percentiles: 2%=-483.0, 5%=-477.0, 10%=-471.20001220703125, 25%=-447.25, 50%=-426.5, 75%=-410.5, 90%=-397.79998779296875, 95%=-392.8999938964844, 98%=-359.8399963378906
ranking_best_algo: CMAL3
ranking_best_score: 435.36
ranking_my_rank: 8/504 (98.6%)
ranking_my_percent: 98.61111111111111
