ConfigName: kjsd__advperagentrankweighted__M8__L10__eps0p005__g0p0005__ds0p05__dm0p05
Problem: QUBO
Kernel: jsd
Advantage: peragentrankweighted
M: 8
lambda: 10
epsilon_svgd: 0.005
gamma: 0.0005
decay_start_ratio: 0.05
decay_min_factor: 0.05
bandwith_kernel: None
no_interact: False
avg_score: -1172.6400146484375
median_score: -1165.0
std_score: 68.58316040039062
percentiles: 2%=-1327.3399658203125, 5%=-1293.050048828125, 10%=-1263.5999755859375, 25%=-1211.5, 50%=-1165.0, 75%=-1123.5, 90%=-1095.800048828125, 95%=-1074.9000244140625, 98%=-1052.9200439453125
ranking_best_algo: SVMMetaModelLogNormal
ranking_best_score: 1233.7999999999997
ranking_my_rank: 78/504 (84.7%)
ranking_my_percent: 84.72222222222223
