ConfigName: krbf__advnormalizedfitness__M3__L15__eps0p025__g0p005__ds0p3__dm0p3
Problem: NK
Kernel: rbf
Advantage: normalizedfitness
M: 3
lambda: 15
epsilon_svgd: 0.025
gamma: 0.005
decay_start_ratio: 0.3
decay_min_factor: 0.3
bandwith_kernel: None
no_interact: False
avg_score: 0.7358240485191345
median_score: 0.7330895066261292
std_score: 0.013638033531606197
percentiles: 2%=0.7103663086891174, 5%=0.7169197797775269, 10%=0.7192143201828003, 25%=0.7271351218223572, 50%=0.7330895066261292, 75%=0.7449716329574585, 90%=0.7552780508995056, 95%=0.7608831524848938, 98%=0.7653843760490417
ranking_best_algo: Tabu
ranking_best_score: 0.7601875690625
ranking_my_rank: 24/504 (95.4%)
ranking_my_percent: 95.43650793650794
