ConfigName: krbf__advnormalizedfitness__M4__L8__eps0p025__g0p01__ds0p01__dm0p3
Problem: QUBO
Kernel: rbf
Advantage: normalizedfitness
M: 4
lambda: 8
epsilon_svgd: 0.025
gamma: 0.01
decay_start_ratio: 0.01
decay_min_factor: 0.3
bandwith_kernel: None
no_interact: False
avg_score: -413.6400146484375
median_score: -418.0
std_score: 26.149383544921875
percentiles: 2%=-469.0, 5%=-457.0, 10%=-447.20001220703125, 25%=-430.0, 50%=-418.0, 75%=-394.0, 90%=-376.0, 95%=-372.95001220703125, 98%=-371.679931640625
ranking_best_algo: Tabu
ranking_best_score: 438.12
ranking_my_rank: 58/504 (88.7%)
ranking_my_percent: 88.69047619047619
