ConfigName: krbf__advnormalizedfitness__M3__L8__eps0p033__g0p007__ds0p3__dm0p01
Problem: QUBO
Kernel: rbf
Advantage: normalizedfitness
M: 3
lambda: 8
epsilon_svgd: 0.033
gamma: 0.007
decay_start_ratio: 0.3
decay_min_factor: 0.01
bandwith_kernel: None
no_interact: False
avg_score: -904.9400024414062
median_score: -901.0
std_score: 61.09514236450195
percentiles: 2%=-1040.1199951171875, 5%=-992.1500244140625, 10%=-979.4000244140625, 25%=-954.25, 50%=-901.0, 75%=-857.75, 90%=-822.5999755859375, 95%=-807.9500122070312, 98%=-799.7799682617188
ranking_best_algo: CMAL3
ranking_best_score: 928.5800000000002
ranking_my_rank: 64/504 (87.5%)
ranking_my_percent: 87.5
