ConfigName: krbf__advnormalizedfitness__M3__L15__eps0p033__g0p005__ds0p3__dm0p01
Problem: QUBO
Kernel: rbf
Advantage: normalizedfitness
M: 3
lambda: 15
epsilon_svgd: 0.033
gamma: 0.005
decay_start_ratio: 0.3
decay_min_factor: 0.01
bandwith_kernel: None
no_interact: False
avg_score: -411.7200012207031
median_score: -410.5
std_score: 28.583240509033203
percentiles: 2%=-469.0, 5%=-457.0, 10%=-449.0, 25%=-434.0, 50%=-410.5, 75%=-389.5, 90%=-374.0, 95%=-368.0, 98%=-363.8799743652344
ranking_best_algo: Tabu
ranking_best_score: 438.12
ranking_my_rank: 77/504 (84.9%)
ranking_my_percent: 84.92063492063492
