ConfigName: kfr__advglobalrankweighted__M6__L8__eps0p015__g0p005__ds0p01__dm0p01
Problem: QUBO
Kernel: fr
Advantage: globalrankweighted
M: 6
lambda: 8
epsilon_svgd: 0.015
gamma: 0.005
decay_start_ratio: 0.01
decay_min_factor: 0.01
bandwith_kernel: None
no_interact: False
avg_score: -1151.4000244140625
median_score: -1146.5
std_score: 75.87871551513672
percentiles: 2%=-1331.4000244140625, 5%=-1315.199951171875, 10%=-1244.300048828125, 25%=-1185.5, 50%=-1146.5, 75%=-1096.75, 90%=-1051.699951171875, 95%=-1045.9000244140625, 98%=-1025.97998046875
ranking_best_algo: Tabu
ranking_best_score: 1216.16
ranking_my_rank: 142/504 (72.0%)
ranking_my_percent: 72.02380952380952
