ConfigName: krbf__advnormalizedfitness__M4__L10__eps0p033__g0p007__ds0p3__dm0p3
Problem: NK
Kernel: rbf
Advantage: normalizedfitness
M: 4
lambda: 10
epsilon_svgd: 0.033
gamma: 0.007
decay_start_ratio: 0.3
decay_min_factor: 0.3
bandwith_kernel: None
no_interact: False
avg_score: 0.7102824449539185
median_score: 0.7112194299697876
std_score: 0.015063786879181862
percentiles: 2%=0.672772228717804, 5%=0.673352837562561, 10%=0.697373628616333, 25%=0.7066231966018677, 50%=0.7112194299697876, 75%=0.7194262742996216, 90%=0.7254722118377686, 95%=0.7317599058151245, 98%=0.7324527502059937
ranking_best_algo: CMApara
ranking_best_score: 0.707475975
ranking_my_rank: 1/504 (100.0%)
ranking_my_percent: 100.0
