ConfigName: kjsd__advperagentrankweighted__M6__L28__eps0p008__g0p0005__ds0p3__dm0p05
Problem: NK
Kernel: jsd
Advantage: peragentrankweighted
M: 6
lambda: 28
epsilon_svgd: 0.008
gamma: 0.0005
decay_start_ratio: 0.3
decay_min_factor: 0.05
bandwith_kernel: None
no_interact: False
avg_score: 0.7305857539176941
median_score: 0.7330476641654968
std_score: 0.015281728468835354
percentiles: 2%=0.6984829306602478, 5%=0.7033684849739075, 10%=0.7080230712890625, 25%=0.719468355178833, 50%=0.7330476641654968, 75%=0.740653395652771, 90%=0.7480160593986511, 95%=0.7539047598838806, 98%=0.75935959815979
ranking_best_algo: PBIL
ranking_best_score: 0.733570253046875
ranking_my_rank: 2/504 (99.8%)
ranking_my_percent: 99.8015873015873
