ConfigName: krbf__advnormalizedfitness__M3__L10__eps0p03__g0p01__ds0p15__dm0p05
Problem: NK
Kernel: rbf
Advantage: normalizedfitness
M: 3
lambda: 10
epsilon_svgd: 0.03
gamma: 0.01
decay_start_ratio: 0.15
decay_min_factor: 0.05
bandwith_kernel: None
no_interact: False
avg_score: 0.7240482568740845
median_score: 0.7242612838745117
std_score: 0.010354197584092617
percentiles: 2%=0.7065847516059875, 5%=0.7073848843574524, 10%=0.7097576856613159, 25%=0.7165423631668091, 50%=0.7242612838745117, 75%=0.7312933206558228, 90%=0.7365261316299438, 95%=0.741363525390625, 98%=0.7454379796981812
ranking_best_algo: Tabu
ranking_best_score: 0.7429702712499999
ranking_my_rank: 4/504 (99.4%)
ranking_my_percent: 99.4047619047619
