ConfigName: kjsd__advperagentrankweighted__M10__L24__eps0p005__g0p0005__ds0p05__dm0p05
Problem: NK
Kernel: jsd
Advantage: peragentrankweighted
M: 10
lambda: 24
epsilon_svgd: 0.005
gamma: 0.0005
decay_start_ratio: 0.05
decay_min_factor: 0.05
bandwith_kernel: None
no_interact: False
avg_score: 0.6042373180389404
median_score: 0.6039713621139526
std_score: 0.007632535882294178
percentiles: 2%=0.5922902822494507, 5%=0.5930010080337524, 10%=0.5948228240013123, 25%=0.5987426042556763, 50%=0.6039713621139526, 75%=0.6082186698913574, 90%=0.6153016090393066, 95%=0.6177135109901428, 98%=0.6206211447715759
ranking_best_algo: Tabu
ranking_best_score: 0.7429702712499999
ranking_my_rank: 391/504 (22.6%)
ranking_my_percent: 22.61904761904762
