ConfigName: kjsd__advperagentrankweighted__M3__L20__eps0p005__g0p003__ds0p05__dm0p05
Problem: NK
Kernel: jsd
Advantage: peragentrankweighted
M: 3
lambda: 20
epsilon_svgd: 0.005
gamma: 0.003
decay_start_ratio: 0.05
decay_min_factor: 0.05
bandwith_kernel: None
no_interact: False
avg_score: 0.7479122877120972
median_score: 0.7476563453674316
std_score: 0.017487328499555588
percentiles: 2%=0.7120565176010132, 5%=0.7176945805549622, 10%=0.7241299748420715, 25%=0.7347171902656555, 50%=0.7476563453674316, 75%=0.7615501880645752, 90%=0.7722368240356445, 95%=0.7741318345069885, 98%=0.7779664397239685
ranking_best_algo: Tabu
ranking_best_score: 0.7470791764843752
ranking_my_rank: 1/504 (100.0%)
ranking_my_percent: 100.0
