ConfigName: kfr__advglobalrankweighted__M3__L8__eps0p01__g0p003__ds0p01__dm0p01
Problem: QUBO
Kernel: fr
Advantage: globalrankweighted
M: 3
lambda: 8
epsilon_svgd: 0.01
gamma: 0.003
decay_start_ratio: 0.01
decay_min_factor: 0.01
bandwith_kernel: None
no_interact: False
avg_score: -575.239990234375
median_score: -571.0
std_score: 28.51565170288086
percentiles: 2%=-636.0599975585938, 5%=-625.0999755859375, 10%=-617.0999755859375, 25%=-595.0, 50%=-571.0, 75%=-558.0, 90%=-543.9000244140625, 95%=-536.6000366210938, 98%=-521.7599487304688
ranking_best_algo: Tabu
ranking_best_score: 588.7199999999999
ranking_my_rank: 57/503 (88.9%)
ranking_my_percent: 88.86679920477137
