ConfigName: krbf__advnormalizedfitness__M4__L10__eps0p03__g0p005__ds0p15__dm0p05
Problem: QUBO
Kernel: rbf
Advantage: normalizedfitness
M: 4
lambda: 10
epsilon_svgd: 0.03
gamma: 0.005
decay_start_ratio: 0.15
decay_min_factor: 0.05
bandwith_kernel: None
no_interact: False
avg_score: -416.05999755859375
median_score: -420.0
std_score: 26.494457244873047
percentiles: 2%=-465.1199951171875, 5%=-453.04998779296875, 10%=-447.0, 25%=-434.0, 50%=-420.0, 75%=-397.5, 90%=-381.79998779296875, 95%=-373.8999938964844, 98%=-357.8399963378906
ranking_best_algo: Tabu
ranking_best_score: 438.12
ranking_my_rank: 45/504 (91.3%)
ranking_my_percent: 91.26984126984127
