ConfigName: kjsd__advperagentrankweighted__M4__L24__eps0p02__g0p0005__ds0p05__dm0p05
Problem: QUBO
Kernel: jsd
Advantage: peragentrankweighted
M: 4
lambda: 24
epsilon_svgd: 0.02
gamma: 0.0005
decay_start_ratio: 0.05
decay_min_factor: 0.05
bandwith_kernel: None
no_interact: False
avg_score: -1624.739990234375
median_score: -1624.5
std_score: 53.69126892089844
percentiles: 2%=-1731.1400146484375, 5%=-1717.25, 10%=-1690.300048828125, 25%=-1659.5, 50%=-1624.5, 75%=-1585.25, 90%=-1557.0999755859375, 95%=-1536.800048828125, 98%=-1514.9599609375
ranking_best_algo: NLOPT_LN_PRAXIS
ranking_best_score: 1607.12
ranking_my_rank: 1/504 (100.0%)
ranking_my_percent: 100.0
