ConfigName: krbf__advnormalizedfitness__M4__L8__eps0p015__g0p007__ds0p01__dm0p3
Problem: QUBO
Kernel: rbf
Advantage: normalizedfitness
M: 4
lambda: 8
epsilon_svgd: 0.015
gamma: 0.007
decay_start_ratio: 0.01
decay_min_factor: 0.3
bandwith_kernel: None
no_interact: False
avg_score: -201.94000244140625
median_score: -202.5
std_score: 12.229324340820312
percentiles: 2%=-224.0, 5%=-222.10000610351562, 10%=-219.10000610351562, 25%=-209.0, 50%=-202.5, 75%=-193.0, 90%=-186.89999389648438, 95%=-182.95001220703125, 98%=-179.9399871826172
ranking_best_algo: Tabu
ranking_best_score: 208.36000000000004
ranking_my_rank: 37/504 (92.9%)
ranking_my_percent: 92.85714285714286
