ConfigName: krbf__advnormalizedfitness__M3__L8__eps0p015__g0p007__ds0p01__dm0p3
Problem: QUBO
Kernel: rbf
Advantage: normalizedfitness
M: 3
lambda: 8
epsilon_svgd: 0.015
gamma: 0.007
decay_start_ratio: 0.01
decay_min_factor: 0.3
bandwith_kernel: None
no_interact: False
avg_score: -569.6599731445312
median_score: -567.0
std_score: 33.40725326538086
percentiles: 2%=-645.0, 5%=-631.0, 10%=-616.2000122070312, 25%=-589.0, 50%=-567.0, 75%=-546.0, 90%=-528.9000244140625, 95%=-522.9000244140625, 98%=-506.8599853515625
ranking_best_algo: Tabu
ranking_best_score: 588.7199999999999
ranking_my_rank: 76/503 (85.1%)
ranking_my_percent: 85.08946322067594
