ConfigName: kjsd__advperagentrankweighted__M3__L30__eps0p005__g0p001__ds0p2__dm0p05
Problem: NK
Kernel: jsd
Advantage: peragentrankweighted
M: 3
lambda: 30
epsilon_svgd: 0.005
gamma: 0.001
decay_start_ratio: 0.2
decay_min_factor: 0.05
bandwith_kernel: None
no_interact: False
avg_score: 0.7425675392150879
median_score: 0.7393470406532288
std_score: 0.014261879026889801
percentiles: 2%=0.7196859121322632, 5%=0.7234365940093994, 10%=0.7281591296195984, 25%=0.7326894402503967, 50%=0.7393470406532288, 75%=0.7517004013061523, 90%=0.7630778551101685, 95%=0.7681373953819275, 98%=0.7749351263046265
ranking_best_algo: Tabu
ranking_best_score: 0.7601875690625
ranking_my_rank: 11/504 (98.0%)
ranking_my_percent: 98.01587301587301
