ConfigName: krbf__advnormalizedfitness__M3__L12__eps0p025__g0p01__ds0p15__dm0p01
Problem: NK
Kernel: rbf
Advantage: normalizedfitness
M: 3
lambda: 12
epsilon_svgd: 0.025
gamma: 0.01
decay_start_ratio: 0.15
decay_min_factor: 0.01
bandwith_kernel: None
no_interact: False
avg_score: 0.7385590076446533
median_score: 0.7380381226539612
std_score: 0.012444727122783661
percentiles: 2%=0.7141302227973938, 5%=0.71770179271698, 10%=0.7247374653816223, 25%=0.7285442352294922, 50%=0.7380381226539612, 75%=0.7479336857795715, 90%=0.7549353837966919, 95%=0.7603802680969238, 98%=0.7610171437263489
ranking_best_algo: PBIL
ranking_best_score: 0.733570253046875
ranking_my_rank: 1/504 (100.0%)
ranking_my_percent: 100.0
