ConfigName: krbf__advnormalizedfitness__M5__L8__eps0p02__g0p005__ds0p15__dm0p05
Problem: NK
Kernel: rbf
Advantage: normalizedfitness
M: 5
lambda: 8
epsilon_svgd: 0.02
gamma: 0.005
decay_start_ratio: 0.15
decay_min_factor: 0.05
bandwith_kernel: None
no_interact: False
avg_score: 0.7278591394424438
median_score: 0.7291589975357056
std_score: 0.011019892059266567
percentiles: 2%=0.7045066952705383, 5%=0.708651602268219, 10%=0.7097717523574829, 25%=0.7210311889648438, 50%=0.7291589975357056, 75%=0.7358397245407104, 90%=0.74051433801651, 95%=0.7431543469429016, 98%=0.7461628317832947
ranking_best_algo: PBIL
ranking_best_score: 0.7248786399609374
ranking_my_rank: 1/504 (100.0%)
ranking_my_percent: 100.0
