ConfigName: kjsd__advperagentrankweighted__M4__L12__eps0p03__g0p0003__ds0p2__dm0p05
Problem: NK
Kernel: jsd
Advantage: peragentrankweighted
M: 4
lambda: 12
epsilon_svgd: 0.03
gamma: 0.0003
decay_start_ratio: 0.2
decay_min_factor: 0.05
bandwith_kernel: None
no_interact: False
avg_score: 0.7294647693634033
median_score: 0.7291877269744873
std_score: 0.011637273244559765
percentiles: 2%=0.7098587155342102, 5%=0.7116438150405884, 10%=0.7156838774681091, 25%=0.7224463224411011, 50%=0.7291877269744873, 75%=0.7362235188484192, 90%=0.7437124848365784, 95%=0.7517918348312378, 98%=0.752874493598938
ranking_best_algo: Tabu
ranking_best_score: 0.7470791764843752
ranking_my_rank: 80/504 (84.3%)
ranking_my_percent: 84.32539682539682
