ConfigName: krbf__advnormalizedfitness__M4__L10__eps0p033__g0p005__ds0p15__dm0p3
Problem: NK
Kernel: rbf
Advantage: normalizedfitness
M: 4
lambda: 10
epsilon_svgd: 0.033
gamma: 0.005
decay_start_ratio: 0.15
decay_min_factor: 0.3
bandwith_kernel: None
no_interact: False
avg_score: 0.7449436783790588
median_score: 0.7423071265220642
std_score: 0.028430700302124023
percentiles: 2%=0.7000060081481934, 5%=0.7069261074066162, 10%=0.7103609442710876, 25%=0.7237417101860046, 50%=0.7423071265220642, 75%=0.7580187320709229, 90%=0.778337299823761, 95%=0.8046190142631531, 98%=0.8118547797203064
ranking_best_algo: CMApara
ranking_best_score: 0.7459277895312499
ranking_my_rank: 2/504 (99.8%)
ranking_my_percent: 99.8015873015873
