ConfigName: krbf__advnormalizedfitness__M3__L12__eps0p025__g0p015__ds0p3__dm0p01
Problem: QUBO
Kernel: rbf
Advantage: normalizedfitness
M: 3
lambda: 12
epsilon_svgd: 0.025
gamma: 0.015
decay_start_ratio: 0.3
decay_min_factor: 0.01
bandwith_kernel: None
no_interact: False
avg_score: -432.6199951171875
median_score: -432.5
std_score: 25.116043090820312
percentiles: 2%=-486.0199890136719, 5%=-473.3500061035156, 10%=-463.1000061035156, 25%=-448.25, 50%=-432.5, 75%=-414.75, 90%=-401.0, 95%=-395.95001220703125, 98%=-388.89996337890625
ranking_best_algo: CMApara
ranking_best_score: 453.82
ranking_my_rank: 72/504 (85.9%)
ranking_my_percent: 85.91269841269842
