ConfigName: kjsd__advperagentrankweighted__M5__L24__eps0p005__g0p0005__ds0p3__dm0p05
Problem: QUBO
Kernel: jsd
Advantage: peragentrankweighted
M: 5
lambda: 24
epsilon_svgd: 0.005
gamma: 0.0005
decay_start_ratio: 0.3
decay_min_factor: 0.05
bandwith_kernel: None
no_interact: False
avg_score: -140.94000244140625
median_score: -142.0
std_score: 10.682527542114258
percentiles: 2%=-160.0, 5%=-159.0, 10%=-156.10000610351562, 25%=-147.25, 50%=-142.0, 75%=-132.75, 90%=-126.9000015258789, 95%=-125.0, 98%=-124.95999908447266
ranking_best_algo: DiscreteDE
ranking_best_score: 143.4
ranking_my_rank: 74/504 (85.5%)
ranking_my_percent: 85.51587301587301
