ConfigName: krbf__advnormalizedfitness__M3__L10__eps0p015__g0p005__ds0p01__dm0p01
Problem: QUBO
Kernel: rbf
Advantage: normalizedfitness
M: 3
lambda: 10
epsilon_svgd: 0.015
gamma: 0.005
decay_start_ratio: 0.01
decay_min_factor: 0.01
bandwith_kernel: None
no_interact: False
avg_score: -1214.3800048828125
median_score: -1207.0
std_score: 63.57857894897461
percentiles: 2%=-1332.5, 5%=-1324.050048828125, 10%=-1297.699951171875, 25%=-1255.0, 50%=-1207.0, 75%=-1170.5, 90%=-1148.300048828125, 95%=-1126.300048828125, 98%=-1094.639892578125
ranking_best_algo: SVMMetaModelLogNormal
ranking_best_score: 1233.7999999999997
ranking_my_rank: 42/504 (91.9%)
ranking_my_percent: 91.86507936507937
