ConfigName: kjsd__advperagentrankweighted__M4__L8__eps0p005__g0p0005__ds0p4__dm0p05
Problem: QUBO
Kernel: jsd
Advantage: peragentrankweighted
M: 4
lambda: 8
epsilon_svgd: 0.005
gamma: 0.0005
decay_start_ratio: 0.4
decay_min_factor: 0.05
bandwith_kernel: None
no_interact: False
avg_score: -2587.43994140625
median_score: -2583.0
std_score: 106.70111846923828
percentiles: 2%=-2821.02001953125, 5%=-2762.300048828125, 10%=-2725.60009765625, 25%=-2671.75, 50%=-2583.0, 75%=-2515.25, 90%=-2450.60009765625, 95%=-2418.0, 98%=-2379.8798828125
ranking_best_algo: SVM1MetaModelLogNormal
ranking_best_score: 2605.14
ranking_my_rank: 11/504 (98.0%)
ranking_my_percent: 98.01587301587301
