ConfigName: kfr__advglobalrankweighted__M2__L11__eps0p02__g0p005__ds0p01__dm0p01
Problem: QUBO
Kernel: fr
Advantage: globalrankweighted
M: 2
lambda: 11
epsilon_svgd: 0.02
gamma: 0.005
decay_start_ratio: 0.01
decay_min_factor: 0.01
bandwith_kernel: None
no_interact: False
avg_score: -197.72000122070312
median_score: -197.5
std_score: 14.257683753967285
percentiles: 2%=-224.0, 5%=-220.0, 10%=-218.10000610351562, 25%=-209.0, 50%=-197.5, 75%=-188.0, 90%=-178.8000030517578, 95%=-174.90000915527344, 98%=-168.97999572753906
ranking_best_algo: Tabu
ranking_best_score: 208.36000000000004
ranking_my_rank: 112/504 (78.0%)
ranking_my_percent: 77.97619047619048
