ConfigName: krbf__advnormalizedfitness__M2__L9__eps0p01__g0p007__ds0p01__dm0p01
Problem: QUBO
Kernel: rbf
Advantage: normalizedfitness
M: 2
lambda: 9
epsilon_svgd: 0.01
gamma: 0.007
decay_start_ratio: 0.01
decay_min_factor: 0.01
bandwith_kernel: None
no_interact: False
avg_score: -1299.4200439453125
median_score: -1317.0
std_score: 61.180747985839844
percentiles: 2%=-1389.43994140625, 5%=-1379.199951171875, 10%=-1370.300048828125, 25%=-1345.75, 50%=-1317.0, 75%=-1258.5, 90%=-1205.0, 95%=-1190.800048828125, 98%=-1180.760009765625
ranking_best_algo: BigLognormalDiscreteOnePlusOne
ranking_best_score: 1301.3600000000004
ranking_my_rank: 2/504 (99.8%)
ranking_my_percent: 99.8015873015873
