ConfigName: kjsd__advperagentrankweighted__M4__L8__eps0p01__g0p0007__ds0p2__dm0p05
Problem: QUBO
Kernel: jsd
Advantage: peragentrankweighted
M: 4
lambda: 8
epsilon_svgd: 0.01
gamma: 0.0007
decay_start_ratio: 0.2
decay_min_factor: 0.05
bandwith_kernel: None
no_interact: False
avg_score: -3264.820068359375
median_score: -3266.0
std_score: 117.73736572265625
percentiles: 2%=-3504.919921875, 5%=-3437.699951171875, 10%=-3420.10009765625, 25%=-3348.5, 50%=-3266.0, 75%=-3166.25, 90%=-3116.89990234375, 95%=-3083.85009765625, 98%=-3064.93994140625
ranking_best_algo: RLSOnePlusOne
ranking_best_score: 3316.5199999999995
ranking_my_rank: 13/504 (97.6%)
ranking_my_percent: 97.61904761904762
