ConfigName: kjsd__advperagentrankweighted__M5__L10__eps0p005__g0p0005__ds0p3__dm0p05
Problem: NK
Kernel: jsd
Advantage: peragentrankweighted
M: 5
lambda: 10
epsilon_svgd: 0.005
gamma: 0.0005
decay_start_ratio: 0.3
decay_min_factor: 0.05
bandwith_kernel: None
no_interact: False
avg_score: 0.755400538444519
median_score: 0.7549042701721191
std_score: 0.0128789646551013
percentiles: 2%=0.732799768447876, 5%=0.7369697690010071, 10%=0.7396472096443176, 25%=0.7450960874557495, 50%=0.7549042701721191, 75%=0.7651414275169373, 90%=0.7716469168663025, 95%=0.7800651788711548, 98%=0.7830983400344849
ranking_best_algo: Tabu
ranking_best_score: 0.7657846284375001
ranking_my_rank: 5/504 (99.2%)
ranking_my_percent: 99.2063492063492
