ConfigName: kjsd__advperagentrankweighted__M4__L8__eps0p005__g0p0005__ds0p2__dm0p2
Problem: QUBO
Kernel: jsd
Advantage: peragentrankweighted
M: 4
lambda: 8
epsilon_svgd: 0.005
gamma: 0.0005
decay_start_ratio: 0.2
decay_min_factor: 0.2
bandwith_kernel: None
no_interact: False
avg_score: -196.75999450683594
median_score: -197.0
std_score: 13.535967826843262
percentiles: 2%=-224.0, 5%=-222.0, 10%=-213.0, 25%=-207.0, 50%=-197.0, 75%=-186.75, 90%=-178.89999389648438, 95%=-175.9499969482422, 98%=-170.9600067138672
ranking_best_algo: Tabu
ranking_best_score: 208.36000000000004
ranking_my_rank: 171/504 (66.3%)
ranking_my_percent: 66.26984126984127
