ConfigName: kjsd__advperagentrankweighted__M3__L18__eps0p005__g0p003__ds0p2__dm0p05
Problem: NK
Kernel: jsd
Advantage: peragentrankweighted
M: 3
lambda: 18
epsilon_svgd: 0.005
gamma: 0.003
decay_start_ratio: 0.2
decay_min_factor: 0.05
bandwith_kernel: None
no_interact: False
avg_score: 0.7088086605072021
median_score: 0.7090291380882263
std_score: 0.013740154914557934
percentiles: 2%=0.6806606650352478, 5%=0.6864211559295654, 10%=0.6914710998535156, 25%=0.7002726197242737, 50%=0.7090291380882263, 75%=0.7173500657081604, 90%=0.7274019718170166, 95%=0.7325430512428284, 98%=0.7355678081512451
ranking_best_algo: PBIL
ranking_best_score: 0.733570253046875
ranking_my_rank: 76/504 (85.1%)
ranking_my_percent: 85.11904761904762
