ConfigName: kjsd__advperagentrankweighted__M4__L30__eps0p01__g0p0007__ds0p4__dm0p05
Problem: QUBO
Kernel: jsd
Advantage: peragentrankweighted
M: 4
lambda: 30
epsilon_svgd: 0.01
gamma: 0.0007
decay_start_ratio: 0.4
decay_min_factor: 0.05
bandwith_kernel: None
no_interact: False
avg_score: -1190.719970703125
median_score: -1186.0
std_score: 59.41802215576172
percentiles: 2%=-1315.3199462890625, 5%=-1289.449951171875, 10%=-1262.0999755859375, 25%=-1231.5, 50%=-1186.0, 75%=-1154.0, 90%=-1117.0999755859375, 95%=-1096.800048828125, 98%=-1078.780029296875
ranking_best_algo: Tabu
ranking_best_score: 1216.16
ranking_my_rank: 54/504 (89.5%)
ranking_my_percent: 89.48412698412699
