ConfigName: kfr__advglobalrankweighted__M4__L9__eps0p01__g0p007__ds0p01__dm0p01
Problem: QUBO
Kernel: fr
Advantage: globalrankweighted
M: 4
lambda: 9
epsilon_svgd: 0.01
gamma: 0.007
decay_start_ratio: 0.01
decay_min_factor: 0.01
bandwith_kernel: None
no_interact: False
avg_score: -414.239990234375
median_score: -414.0
std_score: 23.986295700073242
percentiles: 2%=-465.1199951171875, 5%=-452.0, 10%=-450.0, 25%=-426.5, 50%=-414.0, 75%=-400.0, 90%=-382.0, 95%=-374.0, 98%=-364.0
ranking_best_algo: Tabu
ranking_best_score: 438.12
ranking_my_rank: 57/504 (88.9%)
ranking_my_percent: 88.88888888888889
