ConfigName: kjsd__advperagentrankweighted__M3__L16__eps0p005__g0p001__ds0p05__dm0p1
Problem: NK
Kernel: jsd
Advantage: peragentrankweighted
M: 3
lambda: 16
epsilon_svgd: 0.005
gamma: 0.001
decay_start_ratio: 0.05
decay_min_factor: 0.1
bandwith_kernel: None
no_interact: False
avg_score: 0.7147833108901978
median_score: 0.7144310474395752
std_score: 0.008629530668258667
percentiles: 2%=0.698954701423645, 5%=0.7027359008789062, 10%=0.7047720551490784, 25%=0.7079641819000244, 50%=0.7144310474395752, 75%=0.7206348776817322, 90%=0.7255465388298035, 95%=0.7297819256782532, 98%=0.7314667105674744
ranking_best_algo: PBIL
ranking_best_score: 0.7170882103515624
ranking_my_rank: 40/504 (92.3%)
ranking_my_percent: 92.26190476190476
