ConfigName: krbf__advnormalizedfitness__M4__L10__eps0p025__g0p007__ds0p15__dm0p3
Problem: NK
Kernel: rbf
Advantage: normalizedfitness
M: 4
lambda: 10
epsilon_svgd: 0.025
gamma: 0.007
decay_start_ratio: 0.15
decay_min_factor: 0.3
bandwith_kernel: None
no_interact: False
avg_score: 0.7105109691619873
median_score: 0.7113641500473022
std_score: 0.015135575085878372
percentiles: 2%=0.6717683672904968, 5%=0.673288881778717, 10%=0.6972650289535522, 25%=0.7071273326873779, 50%=0.7113641500473022, 75%=0.7194541096687317, 90%=0.7254224419593811, 95%=0.7315486669540405, 98%=0.7332257628440857
ranking_best_algo: CMApara
ranking_best_score: 0.707475975
ranking_my_rank: 1/504 (100.0%)
ranking_my_percent: 100.0
