ConfigName: krbf__advnormalizedfitness__M4__L15__eps0p033__g0p005__ds0p3__dm0p01
Problem: NK
Kernel: rbf
Advantage: normalizedfitness
M: 4
lambda: 15
epsilon_svgd: 0.033
gamma: 0.005
decay_start_ratio: 0.3
decay_min_factor: 0.01
bandwith_kernel: None
no_interact: False
avg_score: 0.7409701347351074
median_score: 0.740222692489624
std_score: 0.01398457121104002
percentiles: 2%=0.720038115978241, 5%=0.7209750413894653, 10%=0.7229191064834595, 25%=0.7285858392715454, 50%=0.740222692489624, 75%=0.7525104284286499, 90%=0.7596943378448486, 95%=0.7625909447669983, 98%=0.7667608261108398
ranking_best_algo: Tabu
ranking_best_score: 0.7601875690625
ranking_my_rank: 12/504 (97.8%)
ranking_my_percent: 97.81746031746032
