ConfigName: kjsd__advperagentrankweighted__M3__L16__eps0p007__g0p001__ds0p1__dm0p05
Problem: QUBO
Kernel: jsd
Advantage: peragentrankweighted
M: 3
lambda: 16
epsilon_svgd: 0.007
gamma: 0.001
decay_start_ratio: 0.1
decay_min_factor: 0.05
bandwith_kernel: None
no_interact: False
avg_score: -198.5399932861328
median_score: -200.0
std_score: 12.711742401123047
percentiles: 2%=-222.0399932861328, 5%=-217.10000610351562, 10%=-211.0, 25%=-209.0, 50%=-200.0, 75%=-187.75, 90%=-181.89999389648438, 95%=-179.0, 98%=-175.97999572753906
ranking_best_algo: Tabu
ranking_best_score: 208.36000000000004
ranking_my_rank: 99/504 (80.6%)
ranking_my_percent: 80.55555555555556
