ConfigName: krbf__advnormalizedfitness__M3__L8__eps0p025__g0p01__ds0p3__dm0p01
Problem: QUBO
Kernel: rbf
Advantage: normalizedfitness
M: 3
lambda: 8
epsilon_svgd: 0.025
gamma: 0.01
decay_start_ratio: 0.3
decay_min_factor: 0.01
bandwith_kernel: None
no_interact: False
avg_score: -1189.9000244140625
median_score: -1185.0
std_score: 73.03046417236328
percentiles: 2%=-1344.0999755859375, 5%=-1329.199951171875, 10%=-1285.300048828125, 25%=-1232.0, 50%=-1185.0, 75%=-1148.75, 90%=-1098.9000244140625, 95%=-1083.6500244140625, 98%=-1046.97998046875
ranking_best_algo: SVMMetaModelLogNormal
ranking_best_score: 1233.7999999999997
ranking_my_rank: 58/504 (88.7%)
ranking_my_percent: 88.69047619047619
