ConfigName: kjsd__advperagentrankweighted__M5__L8__eps0p01__g0p0005__ds0p05__dm0p05
Problem: QUBO
Kernel: jsd
Advantage: peragentrankweighted
M: 5
lambda: 8
epsilon_svgd: 0.01
gamma: 0.0005
decay_start_ratio: 0.05
decay_min_factor: 0.05
bandwith_kernel: None
no_interact: False
avg_score: -1194.5400390625
median_score: -1190.5
std_score: 57.1399040222168
percentiles: 2%=-1333.0799560546875, 5%=-1307.5, 10%=-1264.0, 25%=-1227.25, 50%=-1190.5, 75%=-1154.75, 90%=-1131.300048828125, 95%=-1107.6500244140625, 98%=-1095.8399658203125
ranking_best_algo: Tabu
ranking_best_score: 1216.16
ranking_my_rank: 48/504 (90.7%)
ranking_my_percent: 90.67460317460318
