ConfigName: krbf__advnormalizedfitness__M2__L8__eps0p025__g0p007__ds0p15__dm0p3
Problem: NK
Kernel: rbf
Advantage: normalizedfitness
M: 2
lambda: 8
epsilon_svgd: 0.025
gamma: 0.007
decay_start_ratio: 0.15
decay_min_factor: 0.3
bandwith_kernel: None
no_interact: False
avg_score: 0.7503392696380615
median_score: 0.7511664628982544
std_score: 0.012072899378836155
percentiles: 2%=0.7247623205184937, 5%=0.730797290802002, 10%=0.735348105430603, 25%=0.7416634559631348, 50%=0.7511664628982544, 75%=0.7593488693237305, 90%=0.7673599720001221, 95%=0.7694811224937439, 98%=0.7744863629341125
ranking_best_algo: Tabu
ranking_best_score: 0.7470791764843752
ranking_my_rank: 1/504 (100.0%)
ranking_my_percent: 100.0
