ConfigName: kjsd__advperagentrankweighted__M5__L8__eps0p01__g0p0007__ds0p2__dm0p2
Problem: QUBO
Kernel: jsd
Advantage: peragentrankweighted
M: 5
lambda: 8
epsilon_svgd: 0.01
gamma: 0.0007
decay_start_ratio: 0.2
decay_min_factor: 0.2
bandwith_kernel: None
no_interact: False
avg_score: -2634.239990234375
median_score: -2639.5
std_score: 123.45420837402344
percentiles: 2%=-2852.580078125, 5%=-2822.449951171875, 10%=-2792.0, 25%=-2730.25, 50%=-2639.5, 75%=-2539.5, 90%=-2473.39990234375, 95%=-2432.300048828125, 98%=-2381.60009765625
ranking_best_algo: DiscreteLengler2OnePlusOne
ranking_best_score: 2617.04
ranking_my_rank: 1/504 (100.0%)
ranking_my_percent: 100.0
