ConfigName: kjsd__advperagentrankweighted__M3__L18__eps0p01__g0p0005__ds0p2__dm0p05
Problem: QUBO
Kernel: jsd
Advantage: peragentrankweighted
M: 3
lambda: 18
epsilon_svgd: 0.01
gamma: 0.0005
decay_start_ratio: 0.2
decay_min_factor: 0.05
bandwith_kernel: None
no_interact: False
avg_score: -196.60000610351562
median_score: -198.0
std_score: 12.871673583984375
percentiles: 2%=-222.0399932861328, 5%=-215.35000610351562, 10%=-211.0, 25%=-205.0, 50%=-198.0, 75%=-188.25, 90%=-178.0, 95%=-174.0, 98%=-170.94000244140625
ranking_best_algo: Tabu
ranking_best_score: 208.36000000000004
ranking_my_rank: 171/504 (66.3%)
ranking_my_percent: 66.26984126984127
