ConfigName: kjsd__advperagentrankweighted__M4__L20__eps0p005__g0p001__ds0p05__dm0p2
Problem: QUBO
Kernel: jsd
Advantage: peragentrankweighted
M: 4
lambda: 20
epsilon_svgd: 0.005
gamma: 0.001
decay_start_ratio: 0.05
decay_min_factor: 0.2
bandwith_kernel: None
no_interact: False
avg_score: -927.02001953125
median_score: -921.5
std_score: 69.40907287597656
percentiles: 2%=-1074.0400390625, 5%=-1050.699951171875, 10%=-1032.0, 25%=-957.0, 50%=-921.5, 75%=-876.0, 90%=-846.0, 95%=-814.5, 98%=-798.9600219726562
ranking_best_algo: CMApara
ranking_best_score: 964.9
ranking_my_rank: 21/504 (96.0%)
ranking_my_percent: 96.03174603174604
