ConfigName: kjsd__advperagentrankweighted__M3__L18__eps0p01__g0p0005__ds0p1__dm0p05
Problem: NK
Kernel: jsd
Advantage: peragentrankweighted
M: 3
lambda: 18
epsilon_svgd: 0.01
gamma: 0.0005
decay_start_ratio: 0.1
decay_min_factor: 0.05
bandwith_kernel: None
no_interact: False
avg_score: 0.7521486878395081
median_score: 0.7532000541687012
std_score: 0.012888711877167225
percentiles: 2%=0.7293949723243713, 5%=0.7317914962768555, 10%=0.7344689965248108, 25%=0.7431185245513916, 50%=0.7532000541687012, 75%=0.7607325911521912, 90%=0.7674749493598938, 95%=0.7711906433105469, 98%=0.7760438323020935
ranking_best_algo: Tabu
ranking_best_score: 0.7470791764843752
ranking_my_rank: 1/504 (100.0%)
ranking_my_percent: 100.0
