ConfigName: kjsd__advperagentrankweighted__M4__L24__eps0p02__g0p0005__ds0p05__dm0p05
Problem: QUBO
Kernel: jsd
Advantage: peragentrankweighted
M: 4
lambda: 24
epsilon_svgd: 0.02
gamma: 0.0005
decay_start_ratio: 0.05
decay_min_factor: 0.05
bandwith_kernel: None
no_interact: False
avg_score: -1242.56005859375
median_score: -1243.5
std_score: 55.37749099731445
percentiles: 2%=-1348.3399658203125, 5%=-1327.449951171875, 10%=-1314.0999755859375, 25%=-1281.0, 50%=-1243.5, 75%=-1209.25, 90%=-1167.699951171875, 95%=-1151.949951171875, 98%=-1140.8399658203125
ranking_best_algo: SVMMetaModelLogNormal
ranking_best_score: 1233.7999999999997
ranking_my_rank: 1/504 (100.0%)
ranking_my_percent: 100.0
