ConfigName: krbf__advnormalizedfitness__M4__L12__eps0p015__g0p015__ds0p01__dm0p01
Problem: QUBO
Kernel: rbf
Advantage: normalizedfitness
M: 4
lambda: 12
epsilon_svgd: 0.015
gamma: 0.015
decay_start_ratio: 0.01
decay_min_factor: 0.01
bandwith_kernel: None
no_interact: False
avg_score: -804.8400268554688
median_score: -795.5
std_score: 73.07745361328125
percentiles: 2%=-945.239990234375, 5%=-925.0499877929688, 10%=-895.0999755859375, 25%=-854.5, 50%=-795.5, 75%=-758.75, 90%=-709.0, 95%=-684.800048828125, 98%=-674.8199462890625
ranking_best_algo: SVMMetaModelLogNormal
ranking_best_score: 1233.7999999999997
ranking_my_rank: 324/504 (35.9%)
ranking_my_percent: 35.91269841269841
