ConfigName: kjsd__advperagentrankweighted__M3__L16__eps0p01__g0p001__ds0p2__dm0p05
Problem: QUBO
Kernel: jsd
Advantage: peragentrankweighted
M: 3
lambda: 16
epsilon_svgd: 0.01
gamma: 0.001
decay_start_ratio: 0.2
decay_min_factor: 0.05
bandwith_kernel: None
no_interact: False
avg_score: -2591.97998046875
median_score: -2572.0
std_score: 122.65593719482422
percentiles: 2%=-2836.699951171875, 5%=-2810.14990234375, 10%=-2743.10009765625, 25%=-2688.25, 50%=-2572.0, 75%=-2502.25, 90%=-2447.89990234375, 95%=-2414.64990234375, 98%=-2395.080078125
ranking_best_algo: SVM1MetaModelLogNormal
ranking_best_score: 2605.14
ranking_my_rank: 11/504 (98.0%)
ranking_my_percent: 98.01587301587301
