ConfigName: kjsd__advperagentrankweighted__M4__L8__eps0p02__g0p0005__ds0p05__dm0p05
Problem: NK
Kernel: jsd
Advantage: peragentrankweighted
M: 4
lambda: 8
epsilon_svgd: 0.02
gamma: 0.0005
decay_start_ratio: 0.05
decay_min_factor: 0.05
bandwith_kernel: None
no_interact: False
avg_score: 0.7061402201652527
median_score: 0.7074947357177734
std_score: 0.01637800969183445
percentiles: 2%=0.6641678214073181, 5%=0.6676021218299866, 10%=0.689073920249939, 25%=0.7013304829597473, 50%=0.7074947357177734, 75%=0.7165754437446594, 90%=0.7250553965568542, 95%=0.7294755578041077, 98%=0.7316257953643799
ranking_best_algo: CMApara
ranking_best_score: 0.707475975
ranking_my_rank: 3/504 (99.6%)
ranking_my_percent: 99.60317460317461
