ConfigName: kfr__advglobalrankweighted__M4__L5__eps0p05__g0p005__ds0p01__dm0p01
Problem: QUBO
Kernel: fr
Advantage: globalrankweighted
M: 4
lambda: 5
epsilon_svgd: 0.05
gamma: 0.005
decay_start_ratio: 0.01
decay_min_factor: 0.01
bandwith_kernel: None
no_interact: False
avg_score: -1298.47998046875
median_score: -1292.0
std_score: 52.88090133666992
percentiles: 2%=-1401.300048828125, 5%=-1393.3499755859375, 10%=-1376.0, 25%=-1334.25, 50%=-1292.0, 75%=-1262.5, 90%=-1225.800048828125, 95%=-1216.9000244140625, 98%=-1208.9599609375
ranking_best_algo: BigLognormalDiscreteOnePlusOne
ranking_best_score: 1301.3600000000004
ranking_my_rank: 2/504 (99.8%)
ranking_my_percent: 99.8015873015873
