ConfigName: kjsd__advperagentrankweighted__M3__L20__eps0p007__g0p001__ds0p05__dm0p05
Problem: NK
Kernel: jsd
Advantage: peragentrankweighted
M: 3
lambda: 20
epsilon_svgd: 0.007
gamma: 0.001
decay_start_ratio: 0.05
decay_min_factor: 0.05
bandwith_kernel: None
no_interact: False
avg_score: 0.7344399094581604
median_score: 0.7343000173568726
std_score: 0.009853293187916279
percentiles: 2%=0.7154532670974731, 5%=0.7182151675224304, 10%=0.7208873629570007, 25%=0.7276343107223511, 50%=0.7343000173568726, 75%=0.7409729361534119, 90%=0.7452617287635803, 95%=0.7493992447853088, 98%=0.7535246014595032
ranking_best_algo: Tabu
ranking_best_score: 0.7429702712499999
ranking_my_rank: 2/504 (99.8%)
ranking_my_percent: 99.8015873015873
