ConfigName: kjsd__advperagentrankweighted__M4__L24__eps0p02__g0p0003__ds0p05__dm0p05
Problem: QUBO
Kernel: jsd
Advantage: peragentrankweighted
M: 4
lambda: 24
epsilon_svgd: 0.02
gamma: 0.0003
decay_start_ratio: 0.05
decay_min_factor: 0.05
bandwith_kernel: None
no_interact: False
avg_score: -3277.56005859375
median_score: -3267.5
std_score: 120.63916015625
percentiles: 2%=-3521.0, 5%=-3500.449951171875, 10%=-3466.60009765625, 25%=-3356.75, 50%=-3267.5, 75%=-3180.25, 90%=-3142.199951171875, 95%=-3091.85009765625, 98%=-3063.89990234375
ranking_best_algo: RLSOnePlusOne
ranking_best_score: 3316.5199999999995
ranking_my_rank: 12/504 (97.8%)
ranking_my_percent: 97.81746031746032
