ConfigName: kjsd__advperagentrankweighted__M3__L16__eps0p01__g0p0007__ds0p2__dm0p05
Problem: QUBO
Kernel: jsd
Advantage: peragentrankweighted
M: 3
lambda: 16
epsilon_svgd: 0.01
gamma: 0.0007
decay_start_ratio: 0.2
decay_min_factor: 0.05
bandwith_kernel: None
no_interact: False
avg_score: -1633.3800048828125
median_score: -1625.5
std_score: 57.05817794799805
percentiles: 2%=-1757.4599609375, 5%=-1730.5, 10%=-1720.300048828125, 25%=-1670.5, 50%=-1625.5, 75%=-1593.0, 90%=-1568.4000244140625, 95%=-1545.8499755859375, 98%=-1538.6800537109375
ranking_best_algo: NLOPT_LN_PRAXIS
ranking_best_score: 1607.12
ranking_my_rank: 1/504 (100.0%)
ranking_my_percent: 100.0
