ConfigName: krbf__advnormalizedfitness__M4__L15__eps0p033__g0p015__ds0p3__dm0p3
Problem: NK
Kernel: rbf
Advantage: normalizedfitness
M: 4
lambda: 15
epsilon_svgd: 0.033
gamma: 0.015
decay_start_ratio: 0.3
decay_min_factor: 0.3
bandwith_kernel: None
no_interact: False
avg_score: 0.7106654644012451
median_score: 0.6992262601852417
std_score: 0.03189634531736374
percentiles: 2%=0.6728771924972534, 5%=0.6737773418426514, 10%=0.6761360168457031, 25%=0.6808525919914246, 50%=0.6992262601852417, 75%=0.7468031644821167, 90%=0.7523015737533569, 95%=0.7613165378570557, 98%=0.7613165378570557
ranking_best_algo: CMApara
ranking_best_score: 0.7118996098437498
ranking_my_rank: 18/504 (96.6%)
ranking_my_percent: 96.62698412698413
