ConfigName: kfr__advglobalrankweighted__M2__L11__eps0p015__g0p007__ds0p01__dm0p01
Problem: QUBO
Kernel: fr
Advantage: globalrankweighted
M: 2
lambda: 11
epsilon_svgd: 0.015
gamma: 0.007
decay_start_ratio: 0.01
decay_min_factor: 0.01
bandwith_kernel: None
no_interact: False
avg_score: -199.8000030517578
median_score: -202.0
std_score: 13.370115280151367
percentiles: 2%=-224.0, 5%=-222.0, 10%=-216.0, 25%=-209.0, 50%=-202.0, 75%=-190.0, 90%=-182.0, 95%=-174.0, 98%=-171.91998291015625
ranking_best_algo: Tabu
ranking_best_score: 208.36000000000004
ranking_my_rank: 59/504 (88.5%)
ranking_my_percent: 88.4920634920635
