ConfigName: kjsd__advperagentrankweighted__M4__L20__eps0p005__g0p0005__ds0p05__dm0p2
Problem: NK
Kernel: jsd
Advantage: peragentrankweighted
M: 4
lambda: 20
epsilon_svgd: 0.005
gamma: 0.0005
decay_start_ratio: 0.05
decay_min_factor: 0.2
bandwith_kernel: None
no_interact: False
avg_score: 0.7282767295837402
median_score: 0.7287408113479614
std_score: 0.009892418049275875
percentiles: 2%=0.7106657028198242, 5%=0.7127605080604553, 10%=0.71620112657547, 25%=0.7216687202453613, 50%=0.7287408113479614, 75%=0.7338143587112427, 90%=0.7422248125076294, 95%=0.7456827759742737, 98%=0.7469402551651001
ranking_best_algo: Tabu
ranking_best_score: 0.7429702712499999
ranking_my_rank: 2/504 (99.8%)
ranking_my_percent: 99.8015873015873
