ConfigName: kjsd__advperagentrankweighted__M4__L24__eps0p01__g0p0007__ds0p2__dm0p05
Problem: NK
Kernel: jsd
Advantage: peragentrankweighted
M: 4
lambda: 24
epsilon_svgd: 0.01
gamma: 0.0007
decay_start_ratio: 0.2
decay_min_factor: 0.05
bandwith_kernel: None
no_interact: False
avg_score: 0.7480708360671997
median_score: 0.7482081055641174
std_score: 0.009757229126989841
percentiles: 2%=0.7328017354011536, 5%=0.7336622476577759, 10%=0.7359738945960999, 25%=0.7407398819923401, 50%=0.7482081055641174, 75%=0.7537215948104858, 90%=0.760278046131134, 95%=0.7649086713790894, 98%=0.7679836750030518
ranking_best_algo: PBIL
ranking_best_score: 0.733570253046875
ranking_my_rank: 1/504 (100.0%)
ranking_my_percent: 100.0
