ConfigName: krbf__advnormalizedfitness__M3__L12__eps0p015__g0p01__ds0p3__dm0p3
Problem: NK
Kernel: rbf
Advantage: normalizedfitness
M: 3
lambda: 12
epsilon_svgd: 0.015
gamma: 0.01
decay_start_ratio: 0.3
decay_min_factor: 0.3
bandwith_kernel: None
no_interact: False
avg_score: 0.6911842823028564
median_score: 0.6921790242195129
std_score: 0.019587494432926178
percentiles: 2%=0.6545186638832092, 5%=0.6578536629676819, 10%=0.6659759283065796, 25%=0.6765273809432983, 50%=0.6921790242195129, 75%=0.7043643593788147, 90%=0.717399001121521, 95%=0.7257540225982666, 98%=0.7278634905815125
ranking_best_algo: Tabu
ranking_best_score: 0.7470791764843752
ranking_my_rank: 306/504 (39.5%)
ranking_my_percent: 39.48412698412698
