ConfigName: kjsd__advperagentrankweighted__M3__L18__eps0p007__g0p0007__ds0p05__dm0p2
Problem: NK
Kernel: jsd
Advantage: peragentrankweighted
M: 3
lambda: 18
epsilon_svgd: 0.007
gamma: 0.0007
decay_start_ratio: 0.05
decay_min_factor: 0.2
bandwith_kernel: None
no_interact: False
avg_score: 0.7341910600662231
median_score: 0.7357513904571533
std_score: 0.008717242628335953
percentiles: 2%=0.7156765460968018, 5%=0.7194566130638123, 10%=0.720687985420227, 25%=0.7282458543777466, 50%=0.7357513904571533, 75%=0.739850640296936, 90%=0.7444765567779541, 95%=0.7475572824478149, 98%=0.7501211166381836
ranking_best_algo: PBIL
ranking_best_score: 0.7248786399609374
ranking_my_rank: 1/504 (100.0%)
ranking_my_percent: 100.0
