ConfigName: krbf__advnormalizedfitness__M1__L8__eps0p025__g0p01__ds0p3__dm0p01
Problem: NK
Kernel: rbf
Advantage: normalizedfitness
M: 1
lambda: 8
epsilon_svgd: 0.025
gamma: 0.01
decay_start_ratio: 0.3
decay_min_factor: 0.01
bandwith_kernel: None
no_interact: False
avg_score: 0.7249210476875305
median_score: 0.724760890007019
std_score: 0.012578066438436508
percentiles: 2%=0.7018314003944397, 5%=0.7033494114875793, 10%=0.7098013758659363, 25%=0.71721351146698, 50%=0.724760890007019, 75%=0.7338083982467651, 90%=0.7409248352050781, 95%=0.745948076248169, 98%=0.7492106556892395
ranking_best_algo: Tabu
ranking_best_score: 0.7429702712499999
ranking_my_rank: 4/504 (99.4%)
ranking_my_percent: 99.4047619047619
