ConfigName: krbf__advnormalizedfitness__M3__L10__eps0p025__g0p01__ds0p15__dm0p01
Problem: QUBO
Kernel: rbf
Advantage: normalizedfitness
M: 3
lambda: 10
epsilon_svgd: 0.025
gamma: 0.01
decay_start_ratio: 0.15
decay_min_factor: 0.01
bandwith_kernel: None
no_interact: False
avg_score: -416.6000061035156
median_score: -414.0
std_score: 27.496910095214844
percentiles: 2%=-477.0, 5%=-473.1000061035156, 10%=-452.5, 25%=-431.0, 50%=-414.0, 75%=-400.0, 90%=-381.79998779296875, 95%=-375.9000244140625, 98%=-365.8399658203125
ranking_best_algo: Tabu
ranking_best_score: 438.12
ranking_my_rank: 43/504 (91.7%)
ranking_my_percent: 91.66666666666667
