ConfigName: kjsd__advperagentrankweighted__M4__L8__eps0p01__g0p0003__ds0p05__dm0p05
Problem: QUBO
Kernel: jsd
Advantage: peragentrankweighted
M: 4
lambda: 8
epsilon_svgd: 0.01
gamma: 0.0003
decay_start_ratio: 0.05
decay_min_factor: 0.05
bandwith_kernel: None
no_interact: False
avg_score: -409.760009765625
median_score: -411.5
std_score: 28.764257431030273
percentiles: 2%=-471.0799865722656, 5%=-461.20001220703125, 10%=-445.20001220703125, 25%=-429.25, 50%=-411.5, 75%=-388.25, 90%=-372.0, 95%=-365.8999938964844, 98%=-361.6400146484375
ranking_best_algo: Tabu
ranking_best_score: 438.12
ranking_my_rank: 94/504 (81.5%)
ranking_my_percent: 81.54761904761905
