ConfigName: kfr__advglobalrankweighted__M2__L8__eps0p02__g0p007__ds0p01__dm0p01
Problem: QUBO
Kernel: fr
Advantage: globalrankweighted
M: 2
lambda: 8
epsilon_svgd: 0.02
gamma: 0.007
decay_start_ratio: 0.01
decay_min_factor: 0.01
bandwith_kernel: None
no_interact: False
avg_score: -144.13999938964844
median_score: -142.0
std_score: 14.647197723388672
percentiles: 2%=-179.0, 5%=-179.0, 10%=-160.0, 25%=-154.0, 50%=-142.0, 75%=-135.75, 90%=-125.0, 95%=-120.70002746582031, 98%=-113.93998718261719
ranking_best_algo: CMApara
ranking_best_score: 154.28
ranking_my_rank: 188/504 (62.9%)
ranking_my_percent: 62.8968253968254
