ConfigName: krbf__advnormalizedfitness__M4__L12__eps0p033__g0p007__ds0p15__dm0p3
Problem: QUBO
Kernel: rbf
Advantage: normalizedfitness
M: 4
lambda: 12
epsilon_svgd: 0.033
gamma: 0.007
decay_start_ratio: 0.15
decay_min_factor: 0.3
bandwith_kernel: None
no_interact: False
avg_score: -1152.0
median_score: -1143.5
std_score: 63.51960372924805
percentiles: 2%=-1305.47998046875, 5%=-1275.5, 10%=-1233.699951171875, 25%=-1182.5, 50%=-1143.5, 75%=-1109.25, 90%=-1081.9000244140625, 95%=-1062.0, 98%=-1044.9000244140625
ranking_best_algo: Tabu
ranking_best_score: 1216.16
ranking_my_rank: 142/504 (72.0%)
ranking_my_percent: 72.02380952380952
