ConfigName: krbf__advnormalizedfitness__M3__L15__eps0p03__g0p005__ds0p05__dm0p05
Problem: QUBO
Kernel: rbf
Advantage: normalizedfitness
M: 3
lambda: 15
epsilon_svgd: 0.03
gamma: 0.005
decay_start_ratio: 0.05
decay_min_factor: 0.05
bandwith_kernel: None
no_interact: False
avg_score: -3262.6201171875
median_score: -3259.5
std_score: 122.71566772460938
percentiles: 2%=-3527.179931640625, 5%=-3468.14990234375, 10%=-3409.0, 25%=-3340.75, 50%=-3259.5, 75%=-3169.5, 90%=-3100.699951171875, 95%=-3066.85009765625, 98%=-3047.919921875
ranking_best_algo: RLSOnePlusOne
ranking_best_score: 3316.5199999999995
ranking_my_rank: 14/504 (97.4%)
ranking_my_percent: 97.42063492063492
