ConfigName: kjsd__advperagentrankweighted__M5__L10__eps0p01__g0p003__ds0p4__dm0p05
Problem: QUBO
Kernel: jsd
Advantage: peragentrankweighted
M: 5
lambda: 10
epsilon_svgd: 0.01
gamma: 0.003
decay_start_ratio: 0.4
decay_min_factor: 0.05
bandwith_kernel: None
no_interact: False
avg_score: -567.9000244140625
median_score: -566.5
std_score: 32.31083297729492
percentiles: 2%=-634.0599975585938, 5%=-625.0999755859375, 10%=-611.0, 25%=-590.25, 50%=-566.5, 75%=-542.0, 90%=-527.9000244140625, 95%=-517.75, 98%=-505.9800109863281
ranking_best_algo: Tabu
ranking_best_score: 588.7199999999999
ranking_my_rank: 81/503 (84.1%)
ranking_my_percent: 84.09542743538768
