ConfigName: krbf__advnormalizedfitness__M4__L10__eps0p025__g0p005__ds0p15__dm0p01
Problem: QUBO
Kernel: rbf
Advantage: normalizedfitness
M: 4
lambda: 10
epsilon_svgd: 0.025
gamma: 0.005
decay_start_ratio: 0.15
decay_min_factor: 0.01
bandwith_kernel: None
no_interact: False
avg_score: -1185.760009765625
median_score: -1179.0
std_score: 83.86299133300781
percentiles: 2%=-1378.260009765625, 5%=-1319.0999755859375, 10%=-1290.699951171875, 25%=-1251.25, 50%=-1179.0, 75%=-1120.5, 90%=-1085.9000244140625, 95%=-1062.10009765625, 98%=-1041.93994140625
ranking_best_algo: SVMMetaModelLogNormal
ranking_best_score: 1233.7999999999997
ranking_my_rank: 58/504 (88.7%)
ranking_my_percent: 88.69047619047619
