ConfigName: krbf__advnormalizedfitness__M2__L8__eps0p033__g0p015__ds0p15__dm0p3
Problem: QUBO
Kernel: rbf
Advantage: normalizedfitness
M: 2
lambda: 8
epsilon_svgd: 0.033
gamma: 0.015
decay_start_ratio: 0.15
decay_min_factor: 0.3
bandwith_kernel: None
no_interact: False
avg_score: -2553.5
median_score: -2541.0
std_score: 131.8657989501953
percentiles: 2%=-2800.239990234375, 5%=-2771.64990234375, 10%=-2729.699951171875, 25%=-2663.25, 50%=-2541.0, 75%=-2442.75, 90%=-2388.60009765625, 95%=-2343.800048828125, 98%=-2319.760009765625
ranking_best_algo: SVM1MetaModelLogNormal
ranking_best_score: 2605.14
ranking_my_rank: 41/504 (92.1%)
ranking_my_percent: 92.06349206349206
