ConfigName: kjsd__advperagentrankweighted__M3__L16__eps0p01__g0p0007__ds0p2__dm0p2
Problem: QUBO
Kernel: jsd
Advantage: peragentrankweighted
M: 3
lambda: 16
epsilon_svgd: 0.01
gamma: 0.0007
decay_start_ratio: 0.2
decay_min_factor: 0.2
bandwith_kernel: None
no_interact: False
avg_score: -1632.8199462890625
median_score: -1625.5
std_score: 63.69511795043945
percentiles: 2%=-1764.3599853515625, 5%=-1740.050048828125, 10%=-1710.300048828125, 25%=-1685.25, 50%=-1625.5, 75%=-1588.75, 90%=-1549.0, 95%=-1540.0999755859375, 98%=-1503.0
ranking_best_algo: NLOPT_LN_PRAXIS
ranking_best_score: 1607.12
ranking_my_rank: 1/504 (100.0%)
ranking_my_percent: 100.0
