ConfigName: kjsd__advperagentrankweighted__M4__L10__eps0p03__g0p0007__ds0p2__dm0p05
Problem: QUBO
Kernel: jsd
Advantage: peragentrankweighted
M: 4
lambda: 10
epsilon_svgd: 0.03
gamma: 0.0007
decay_start_ratio: 0.2
decay_min_factor: 0.05
bandwith_kernel: None
no_interact: False
avg_score: -2603.97998046875
median_score: -2589.0
std_score: 118.01490783691406
percentiles: 2%=-2834.5400390625, 5%=-2816.449951171875, 10%=-2770.60009765625, 25%=-2679.25, 50%=-2589.0, 75%=-2513.75, 90%=-2455.60009765625, 95%=-2441.60009765625, 98%=-2417.780029296875
ranking_best_algo: DiscreteLengler2OnePlusOne
ranking_best_score: 2617.04
ranking_my_rank: 3/504 (99.6%)
ranking_my_percent: 99.60317460317461
