step,best_fitness,avg_hamming,avg_l1,avg_entropy,mean,median,std,2%,5%,10%,25%,50%,75%,90%,95%,98%
40,-0.554987907409668,63.10317611694336,10.654003143310547,86.40547370910645,0.554987907409668,0.5537281036376953,0.011889943853020668,0.5321863293647766,0.5354354381561279,0.5400963425636292,0.5469599366188049,0.5537281036376953,0.5635427236557007,0.5713088512420654,0.5730841159820557,0.5771360397338867
80,-0.5618845224380493,62.90984344482422,11.530881881713867,85.95538902282715,0.5618845224380493,0.5627765655517578,0.010493089444935322,0.5409879684448242,0.546606183052063,0.5497519969940186,0.5548895597457886,0.5627765655517578,0.5682451725006104,0.5727735161781311,0.5773835182189941,0.5827464461326599
120,-0.5647850632667542,62.73308563232422,12.252334594726562,85.55022430419922,0.5647850632667542,0.5656308531761169,0.009543578140437603,0.5469979643821716,0.5501310229301453,0.5542042851448059,0.5576128363609314,0.5656308531761169,0.5704107880592346,0.576683521270752,0.5794848203659058,0.5827464461326599
160,-0.5673906803131104,62.57148742675781,12.858480453491211,85.18304634094238,0.5673906207084656,0.5667158365249634,0.009812339209020138,0.5486626029014587,0.5541398525238037,0.5562006831169128,0.5613018274307251,0.5667158365249634,0.5727136731147766,0.581270158290863,0.5836549401283264,0.5895178318023682
200,-0.570753812789917,62.43212890625,13.383550643920898,84.85235977172852,0.5707538723945618,0.5694736838340759,0.009960337541997433,0.5553852915763855,0.5563427209854126,0.5578750371932983,0.5632942914962769,0.5694736838340759,0.575736403465271,0.5834479928016663,0.5887184739112854,0.597154438495636
240,-0.5717204213142395,62.2789306640625,13.951491355895996,84.49022483825684,0.5717204213142395,0.5705981850624084,0.009587776847183704,0.5563291907310486,0.5573667883872986,0.5612674951553345,0.5646095275878906,0.5705981850624084,0.5767598152160645,0.5837339758872986,0.5887184739112854,0.597154438495636
280,-0.5727338194847107,62.14219284057617,14.400613784790039,84.1797924041748,0.5727338194847107,0.5716655254364014,0.00924664456397295,0.5573623776435852,0.5588333606719971,0.5616175532341003,0.5671143531799316,0.5716655254364014,0.5778103470802307,0.584065318107605,0.5887184739112854,0.597154438495636
320,-0.5741400122642517,61.99686813354492,14.854449272155762,83.85060501098633,0.5741399526596069,0.5728961229324341,0.009044110774993896,0.5588549971580505,0.5612897872924805,0.5632983446121216,0.5682809352874756,0.5728961229324341,0.5796624422073364,0.5860223770141602,0.5895225405693054,0.597154438495636
360,-0.5759828686714172,61.86600875854492,15.257586479187012,83.54863548278809,0.5759828686714172,0.5742952227592468,0.009125248529016972,0.562472403049469,0.5645865201950073,0.5660111308097839,0.5693963766098022,0.5742952227592468,0.5812492370605469,0.5885387063026428,0.5912805199623108,0.5979173183441162
400,-0.5768932104110718,61.72332763671875,15.617846488952637,83.24165534973145,0.5768932104110718,0.5754644870758057,0.009753134101629257,0.562472403049469,0.5645899176597595,0.5661717653274536,0.5703036785125732,0.5754644870758057,0.5814108848571777,0.5887603759765625,0.5962176322937012,0.6050071120262146
440,-0.5774430632591248,61.61009216308594,15.98298454284668,82.9682559967041,0.5774430632591248,0.5762700438499451,0.009830347262322903,0.5630455017089844,0.5645899176597595,0.5661717653274536,0.5703036785125732,0.5762700438499451,0.5820246934890747,0.5888822674751282,0.5962176322937012,0.6050071120262146
480,-0.5784240365028381,61.48194122314453,16.296615600585938,82.69378852844238,0.5784240961074829,0.5776955485343933,0.010061103850603104,0.5641854405403137,0.5658864974975586,0.5671938061714172,0.570516049861908,0.5776955485343933,0.5833702683448792,0.5898045897483826,0.5971733331680298,0.6050071120262146
520,-0.5791399478912354,61.38063049316406,16.619741439819336,82.44480514526367,0.5791399478912354,0.5794044733047485,0.009856374934315681,0.5641854405403137,0.5658864974975586,0.567592203617096,0.5720736980438232,0.5794044733047485,0.583479106426239,0.5898045897483826,0.5971733331680298,0.6050071120262146
560,-0.5802948474884033,61.27953338623047,16.901853561401367,82.20572280883789,0.5802947878837585,0.5794923305511475,0.00967535749077797,0.5651839375495911,0.5661802887916565,0.5694897770881653,0.572874128818512,0.5794923305511475,0.5850452184677124,0.5923942923545837,0.5971733331680298,0.6050071120262146
600,-0.5808022618293762,61.14741134643555,17.16876983642578,81.93580055236816,0.5808022618293762,0.5798146724700928,0.009624935686588287,0.5651839375495911,0.567193865776062,0.5696089863777161,0.5733315944671631,0.5798146724700928,0.5853139162063599,0.5928430557250977,0.5971733331680298,0.6050071120262146
640,-0.5821675062179565,61.00829315185547,17.430015563964844,81.66037178039551,0.5821675062179565,0.5799800753593445,0.011057540774345398,0.5661691427230835,0.5682178735733032,0.5708969831466675,0.5751985311508179,0.5799800753593445,0.5885345935821533,0.5957036018371582,0.6038192510604858,0.6151131391525269
680,-0.5826267004013062,60.89762496948242,17.69851303100586,81.41107368469238,0.5826267004013062,0.5801512002944946,0.010976539924740791,0.5661691427230835,0.5695257782936096,0.5716660022735596,0.5756646990776062,0.5801512002944946,0.5885952115058899,0.5962234139442444,0.6038192510604858,0.6151131391525269
720,-0.5831396579742432,60.78582000732422,17.925582885742188,81.17059135437012,0.5831396579742432,0.580724835395813,0.011079241521656513,0.5661691427230835,0.5696113109588623,0.5717154145240784,0.5766102075576782,0.580724835395813,0.5887104272842407,0.596755862236023,0.6050292253494263,0.6151131391525269
760,-0.5833318829536438,60.65428924560547,18.196989059448242,80.89208793640137,0.5833318829536438,0.580724835395813,0.01091531477868557,0.5686733722686768,0.5706939697265625,0.572120726108551,0.5768886804580688,0.580724835395813,0.5887104272842407,0.596755862236023,0.6050292253494263,0.6151131391525269
800,-0.5838651061058044,60.536407470703125,18.42244529724121,80.63737487792969,0.5838651061058044,0.5812523365020752,0.01094519067555666,0.5686733722686768,0.5706939697265625,0.5726671814918518,0.5779329538345337,0.5812523365020752,0.5889934301376343,0.5972049236297607,0.6050292253494263,0.6151131391525269
840,-0.5840734839439392,60.4105339050293,18.62429428100586,80.39212226867676,0.5840734839439392,0.581261396408081,0.010972902178764343,0.5686733722686768,0.5706939697265625,0.5726671814918518,0.5780189037322998,0.581261396408081,0.5893096923828125,0.5972049236297607,0.6050292253494263,0.6151131391525269
880,-0.5844959616661072,60.29037094116211,18.82565689086914,80.14726829528809,0.5844959616661072,0.5817129611968994,0.011017168872058392,0.5686733722686768,0.5706939697265625,0.5726671814918518,0.5781919956207275,0.5817129611968994,0.5899633169174194,0.5972049236297607,0.6050292253494263,0.6151131391525269
920,-0.584646999835968,60.154991149902344,19.053455352783203,79.88528633117676,0.5846469402313232,0.5817129611968994,0.010832319967448711,0.5695504546165466,0.5709050893783569,0.5730230212211609,0.5781919956207275,0.5817129611968994,0.5899633169174194,0.5972049236297607,0.6050292253494263,0.6151131391525269
960,-0.5848100781440735,60.00553512573242,19.265180587768555,79.60601043701172,0.5848100781440735,0.5818418860435486,0.010836255736649036,0.5695962309837341,0.5709050893783569,0.5730230212211609,0.5781919956207275,0.5818418860435486,0.5906276702880859,0.5972049236297607,0.6050292253494263,0.6151131391525269
1000,-0.5851072072982788,59.862579345703125,19.43308448791504,79.35081100463867,0.5851070880889893,0.5820724368095398,0.010624609887599945,0.5697753429412842,0.5713655352592468,0.5733798146247864,0.5787832736968994,0.5820724368095398,0.5906276702880859,0.5972049236297607,0.6050292253494263,0.6151131391525269
1040,-0.5862096548080444,59.74088668823242,19.61422348022461,79.10700416564941,0.5862096548080444,0.582728385925293,0.010322784073650837,0.5720123052597046,0.5731456279754639,0.5756437182426453,0.5791910886764526,0.582728385925293,0.5910754203796387,0.598663330078125,0.6050292253494263,0.6151131391525269
1080,-0.5863088965415955,59.6112174987793,19.837491989135742,78.83935546875,0.5863088369369507,0.5829361081123352,0.010261627845466137,0.5720123052597046,0.5731456279754639,0.5756437182426453,0.5792630910873413,0.5829361081123352,0.5910754203796387,0.598663330078125,0.6050292253494263,0.6151131391525269
1120,-0.5868066549301147,59.50288009643555,20.06441307067871,78.58526992797852,0.58680659532547,0.5843151807785034,0.010108131915330887,0.5727062821388245,0.5747776627540588,0.576277494430542,0.5793402791023254,0.5843151807785034,0.5915135145187378,0.598663330078125,0.6050292253494263,0.6151131391525269
1160,-0.5873361229896545,59.361934661865234,20.246328353881836,78.3159065246582,0.5873361229896545,0.5856110453605652,0.010046955198049545,0.5727062821388245,0.5747776627540588,0.577562689781189,0.5802583694458008,0.5856110453605652,0.5930283665657043,0.598663330078125,0.6050292253494263,0.6151131391525269
1200,-0.5874247550964355,59.24106979370117,20.467662811279297,78.0479564666748,0.5874246954917908,0.5856110453605652,0.009956974536180496,0.5727062821388245,0.5750309824943542,0.577656090259552,0.580409049987793,0.5856110453605652,0.5930283665657043,0.598663330078125,0.6050292253494263,0.6151131391525269
1240,-0.5875996947288513,59.12713623046875,20.673126220703125,77.78706359863281,0.5875996947288513,0.5857181549072266,0.009851649403572083,0.5727062821388245,0.5754668712615967,0.5778431296348572,0.5807905197143555,0.5857181549072266,0.5930283665657043,0.598663330078125,0.6050292253494263,0.6151131391525269
1280,-0.588099479675293,58.981624603271484,20.88240623474121,77.50754928588867,0.588099479675293,0.5862541198730469,0.009880250319838524,0.5727062821388245,0.5763031244277954,0.578214168548584,0.5813078880310059,0.5862541198730469,0.5930283665657043,0.5992065668106079,0.6057983040809631,0.6151131391525269
1320,-0.5884144306182861,58.84385299682617,21.06407928466797,77.23638916015625,0.5884143710136414,0.5870677828788757,0.00992128811776638,0.5727062821388245,0.5763031244277954,0.578214168548584,0.5816819071769714,0.5870677828788757,0.5949438810348511,0.599285900592804,0.6057983040809631,0.6151131391525269
1360,-0.5887178182601929,58.671295166015625,21.20648956298828,76.94378662109375,0.5887178182601929,0.5873964428901672,0.009779469110071659,0.5748195052146912,0.5766259431838989,0.578214168548584,0.5818995833396912,0.5873964428901672,0.5949438810348511,0.5996720790863037,0.6057983040809631,0.6151131391525269
1400,-0.588859498500824,58.53391647338867,21.3385066986084,76.69768905639648,0.588859498500824,0.5875436663627625,0.009705968201160431,0.5748195052146912,0.5766259431838989,0.5787616968154907,0.5823979377746582,0.5875436663627625,0.5949438810348511,0.5996720790863037,0.6057983040809631,0.6151131391525269
1440,-0.5894169211387634,58.36750411987305,21.474624633789062,76.4146671295166,0.5894169807434082,0.5884519219398499,0.009779185988008976,0.5748195052146912,0.5777963995933533,0.5791308879852295,0.5826209783554077,0.5884519219398499,0.5954045057296753,0.600827157497406,0.6071602702140808,0.6151131391525269
1480,-0.5896204113960266,58.189903259277344,21.634075164794922,76.10025024414062,0.5896204113960266,0.5885457396507263,0.009717295877635479,0.5748195052146912,0.5777963995933533,0.5791308879852295,0.5827160477638245,0.5885457396507263,0.5954045057296753,0.600827157497406,0.6071602702140808,0.6151131391525269
1520,-0.5901384353637695,58.0181884765625,21.8211727142334,75.7791576385498,0.5901384353637695,0.588861346244812,0.00956245232373476,0.5748195052146912,0.5782236456871033,0.5803771018981934,0.5830513834953308,0.588861346244812,0.5957261323928833,0.600827157497406,0.6071602702140808,0.6151131391525269
1560,-0.5904764533042908,57.87086486816406,22.005107879638672,75.48036766052246,0.590476393699646,0.589066743850708,0.009367848746478558,0.5754768252372742,0.5782236456871033,0.5803771018981934,0.5840919017791748,0.589066743850708,0.5957261323928833,0.600827157497406,0.6071602702140808,0.6151131391525269
1600,-0.5908800363540649,57.720550537109375,22.197368621826172,75.17319869995117,0.5908800363540649,0.5892988443374634,0.009212969802320004,0.5761054158210754,0.5795193314552307,0.5809443593025208,0.5841806530952454,0.5892988443374634,0.5957261323928833,0.6017056107521057,0.6071602702140808,0.6151131391525269
1640,-0.5909234285354614,57.53506088256836,22.32332420349121,74.85917854309082,0.5909234285354614,0.5894354581832886,0.009182349778711796,0.5766727924346924,0.5795193314552307,0.5809443593025208,0.5841836333274841,0.5894354581832886,0.5957261323928833,0.6017056107521057,0.6071602702140808,0.6151131391525269
1680,-0.5910691618919373,57.377830505371094,22.47390365600586,74.56166648864746,0.5910691618919373,0.5897208452224731,0.009165477007627487,0.5766727924346924,0.5795193314552307,0.5809443593025208,0.5847517848014832,0.5897208452224731,0.5961108803749084,0.6017056107521057,0.6071602702140808,0.6151131391525269
1720,-0.5914223194122314,57.19801330566406,22.601232528686523,74.24016571044922,0.5914223194122314,0.5904003381729126,0.008986410684883595,0.5766727924346924,0.5800935626029968,0.5811668634414673,0.58564293384552,0.5904003381729126,0.5963691473007202,0.6017056107521057,0.6071602702140808,0.6151131391525269
1760,-0.5917127132415771,57.064170837402344,22.751976013183594,73.96742057800293,0.5917127132415771,0.5904651880264282,0.008995277807116508,0.5766727924346924,0.5800935626029968,0.5818667411804199,0.5859314203262329,0.5904651880264282,0.5965992212295532,0.6021961569786072,0.6071602702140808,0.6151131391525269
1800,-0.5920507311820984,56.89448165893555,22.917919158935547,73.65011405944824,0.5920507311820984,0.5905695557594299,0.008949763141572475,0.5788350105285645,0.5807961821556091,0.5824246406555176,0.5860923528671265,0.5905695557594299,0.5966330766677856,0.6038810014724731,0.6071602702140808,0.6151131391525269
1840,-0.5923781394958496,56.7210693359375,23.078227996826172,73.32040214538574,0.5923781394958496,0.5907387137413025,0.00871273409575224,0.5801106095314026,0.5811498165130615,0.5826559066772461,0.5867363214492798,0.5907387137413025,0.5966330766677856,0.6038810014724731,0.6071602702140808,0.6151131391525269
1880,-0.5932495594024658,56.56328582763672,23.230566024780273,73.00439262390137,0.5932495594024658,0.5914144515991211,0.008772952482104301,0.5809401869773865,0.5823825597763062,0.5835925936698914,0.5876728296279907,0.5914144515991211,0.5979188680648804,0.6051685810089111,0.6082444190979004,0.6151131391525269
1920,-0.5934853553771973,56.36150360107422,23.372783660888672,72.6452407836914,0.5934853553771973,0.591763973236084,0.008668936789035797,0.5809401869773865,0.5826035737991333,0.5838837027549744,0.5880895853042603,0.591763973236084,0.5979188680648804,0.6051685810089111,0.6082444190979004,0.6151131391525269
1960,-0.5940132141113281,56.165916442871094,23.497730255126953,72.31232070922852,0.5940132141113281,0.5925098657608032,0.008826956152915955,0.5809401869773865,0.5826035737991333,0.5840928554534912,0.5882917046546936,0.5925098657608032,0.5984735488891602,0.6057814359664917,0.6094284057617188,0.615787148475647
2000,-0.5944139957427979,55.97443389892578,23.614782333374023,71.97423934936523,0.5944139957427979,0.5928713083267212,0.008614634163677692,0.5809401869773865,0.5826503038406372,0.5849236845970154,0.5889231562614441,0.5928713083267212,0.5984735488891602,0.6057814359664917,0.6094284057617188,0.615787148475647
2040,-0.5944792032241821,55.805213928222656,23.76790428161621,71.65332412719727,0.5944792032241821,0.5928713083267212,0.008554228581488132,0.5809401869773865,0.5826503038406372,0.5857824087142944,0.5889231562614441,0.5928713083267212,0.5984735488891602,0.6057814359664917,0.6094284057617188,0.615787148475647
2080,-0.5947390794754028,55.65018844604492,23.903717041015625,71.3449821472168,0.5947390794754028,0.5931309461593628,0.008746832609176636,0.5809401869773865,0.5826503038406372,0.5857824087142944,0.5891485214233398,0.5931309461593628,0.598841667175293,0.606334924697876,0.6104133725166321,0.615787148475647
2120,-0.5952410697937012,55.46806335449219,24.030357360839844,71.00974464416504,0.5952410697937012,0.5941387414932251,0.008858831599354744,0.5809401869773865,0.5826503038406372,0.5857824087142944,0.5894348621368408,0.5941387414932251,0.5990513563156128,0.607192873954773,0.6128422021865845,0.615787148475647
2160,-0.5954700112342834,55.273040771484375,24.176055908203125,70.65425109863281,0.5954700708389282,0.5944470167160034,0.008857941254973412,0.5809401869773865,0.5826503038406372,0.5857824087142944,0.5898964405059814,0.5944470167160034,0.5991895198822021,0.6073358058929443,0.6128422021865845,0.615787148475647
2200,-0.595561146736145,55.10186004638672,24.331085205078125,70.31558418273926,0.595561146736145,0.5944470167160034,0.008748786523938179,0.5811392068862915,0.5834782123565674,0.5867509245872498,0.5898964405059814,0.5944470167160034,0.5991895198822021,0.6073358058929443,0.6128422021865845,0.615787148475647
2240,-0.5962733626365662,54.87553024291992,24.45094871520996,69.92483520507812,0.5962733626365662,0.5948079824447632,0.009304643608629704,0.5811392068862915,0.5834782123565674,0.5867509245872498,0.5898964405059814,0.5948079824447632,0.6009537577629089,0.6083016991615295,0.6137471795082092,0.6166541576385498
2280,-0.5964565873146057,54.676448822021484,24.586650848388672,69.56405258178711,0.5964565873146057,0.5948079824447632,0.00926180835813284,0.5811392068862915,0.5834782123565674,0.5867509245872498,0.5908545851707458,0.5948079824447632,0.6009537577629089,0.6088663339614868,0.6137471795082092,0.6166541576385498
2320,-0.5974059700965881,54.4796142578125,24.688831329345703,69.21227073669434,0.5974060297012329,0.5961757898330688,0.009666290134191513,0.5811392068862915,0.583601176738739,0.5875924825668335,0.5915284156799316,0.5961757898330688,0.6017212271690369,0.6094712018966675,0.6158090233802795,0.6225144863128662
2360,-0.5978139042854309,54.281455993652344,24.81903076171875,68.83948135375977,0.5978139638900757,0.596419095993042,0.009465456008911133,0.5834113359451294,0.5849774479866028,0.587704062461853,0.5917938947677612,0.596419095993042,0.6020674109458923,0.6094712018966675,0.6158090233802795,0.6225144863128662
2400,-0.5985268354415894,54.0822868347168,24.948501586914062,68.45815658569336,0.5985268354415894,0.5967293977737427,0.009679303504526615,0.5843415260314941,0.5858253240585327,0.587704062461853,0.5919363498687744,0.5967293977737427,0.602729320526123,0.6104972958564758,0.6165294647216797,0.6242149472236633
2440,-0.5989201068878174,53.86309814453125,25.064979553222656,68.05596160888672,0.5989200472831726,0.5969939827919006,0.00997857004404068,0.5843415260314941,0.5860077738761902,0.5885218381881714,0.591962456703186,0.5969939827919006,0.60317462682724,0.6128860712051392,0.6173465847969055,0.6262350678443909
2480,-0.5995769500732422,53.647125244140625,25.165760040283203,67.67086219787598,0.5995769500732422,0.5974410176277161,0.009726142510771751,0.5860262513160706,0.58767169713974,0.5899127125740051,0.59250408411026,0.5974410176277161,0.6042504906654358,0.6128860712051392,0.6173465847969055,0.6262350678443909
2520,-0.5998362302780151,53.42668151855469,25.274673461914062,67.27999877929688,0.5998361706733704,0.5977129340171814,0.009626541286706924,0.5860262513160706,0.58767169713974,0.5903792381286621,0.5926616191864014,0.5977129340171814,0.6053054928779602,0.6128860712051392,0.6173465847969055,0.6262350678443909
2560,-0.6005995869636536,53.190093994140625,25.38411521911621,66.86728096008301,0.6005995273590088,0.5987462997436523,0.009816711768507957,0.5868331789970398,0.5891278386116028,0.5913525819778442,0.5929866433143616,0.5987462997436523,0.6063834428787231,0.6138184070587158,0.6225652694702148,0.6263284087181091
2600,-0.6016098856925964,52.9301872253418,25.46974754333496,66.42101097106934,0.6016098260879517,0.5990998148918152,0.00957557838410139,0.5876614451408386,0.5899369120597839,0.5916516780853271,0.595441460609436,0.5990998148918152,0.6073787212371826,0.615166962146759,0.6225652694702148,0.6263284087181091
2640,-0.6021385192871094,52.673187255859375,25.580785751342773,65.96655082702637,0.6021385192871094,0.599211573600769,0.009605721570551395,0.5876614451408386,0.5900416374206543,0.5918077230453491,0.5958945751190186,0.599211573600769,0.607782244682312,0.6158454418182373,0.6225652694702148,0.6263284087181091
2680,-0.6026617884635925,52.47138595581055,25.705780029296875,65.57230186462402,0.6026617884635925,0.6010897159576416,0.009472079575061798,0.5876614451408386,0.5900416374206543,0.5918366312980652,0.5963090658187866,0.6010897159576416,0.6080242991447449,0.6158454418182373,0.6225652694702148,0.6263284087181091
2720,-0.6039882302284241,52.244422912597656,25.790660858154297,65.18893241882324,0.6039882898330688,0.6019482016563416,0.009592837654054165,0.5899513959884644,0.5916262865066528,0.5926833748817444,0.5972110629081726,0.6019482016563416,0.6090937256813049,0.6168926358222961,0.6242767572402954,0.6269630789756775
2760,-0.6041216254234314,51.99676513671875,25.852798461914062,64.78130912780762,0.6041216254234314,0.6019482016563416,0.009583408012986183,0.5899513959884644,0.5916262865066528,0.5927070379257202,0.5975469350814819,0.6019482016563416,0.6095995903015137,0.6168926358222961,0.6242767572402954,0.6269630789756775
2800,-0.604682445526123,51.730186462402344,25.935020446777344,64.32708549499512,0.604682445526123,0.6019716262817383,0.009548530913889408,0.5910549163818359,0.5919703245162964,0.5945855379104614,0.5977144837379456,0.6019716262817383,0.610851526260376,0.6187569499015808,0.6242767572402954,0.6269630789756775
2840,-0.6052535176277161,51.47530746459961,26.000118255615234,63.907562255859375,0.6052534580230713,0.6025772094726562,0.009684666991233826,0.5910549163818359,0.5919703245162964,0.5945855379104614,0.5985724925994873,0.6025772094726562,0.6123263835906982,0.6196221113204956,0.6242767572402954,0.6269630789756775
2880,-0.6054627299308777,51.1884880065918,26.060726165771484,63.43632793426514,0.6054627895355225,0.6025772094726562,0.009792699478566647,0.5910549163818359,0.5925239324569702,0.5946051478385925,0.5985724925994873,0.6025772094726562,0.6123263835906982,0.6211121082305908,0.6242767572402954,0.6269630789756775
2920,-0.6064379811286926,50.899932861328125,26.124011993408203,62.96083927154541,0.6064379215240479,0.6049910187721252,0.009800607338547707,0.5910549163818359,0.5927156209945679,0.5948095321655273,0.5990721583366394,0.6049910187721252,0.6127811670303345,0.6214135885238647,0.6262375116348267,0.6269630789756775
2960,-0.6068804860115051,50.63594055175781,26.19866943359375,62.502525329589844,0.6068804860115051,0.6059155464172363,0.009710981510579586,0.5910549163818359,0.5934944748878479,0.595937967300415,0.5991638898849487,0.6059155464172363,0.6132436990737915,0.6214135885238647,0.6262375116348267,0.6269630789756775
3000,-0.6076695322990417,50.372920989990234,26.271657943725586,62.04509925842285,0.6076695322990417,0.6071218252182007,0.009547813795506954,0.5917128920555115,0.5945471525192261,0.5964882969856262,0.5999277830123901,0.6071218252182007,0.6136195659637451,0.6225189566612244,0.6263145208358765,0.6269630789756775
3040,-0.6086451411247253,50.08848190307617,26.328292846679688,61.55814266204834,0.6086452603340149,0.607951819896698,0.00964642595499754,0.5925284028053284,0.5946059823036194,0.5970503687858582,0.6007072925567627,0.607951819896698,0.615098237991333,0.6239587664604187,0.6263382434844971,0.6279995441436768
3080,-0.6092017889022827,49.824825286865234,26.416881561279297,61.076860427856445,0.6092017889022827,0.6087504625320435,0.009875677525997162,0.5925284028053284,0.5946059823036194,0.5970503687858582,0.6013134717941284,0.6087504625320435,0.6153382062911987,0.6243797540664673,0.626772403717041,0.6287145614624023
3120,-0.6102882027626038,49.5396842956543,26.46491241455078,60.60975170135498,0.6102882623672485,0.6089158058166504,0.010269667021930218,0.5945327281951904,0.5956098437309265,0.5982865691184998,0.6016741991043091,0.6089158058166504,0.6175765991210938,0.6263145804405212,0.6278951168060303,0.629348874092102
3160,-0.6108359098434448,49.24961471557617,26.52749252319336,60.10737419128418,0.6108359098434448,0.6090036630630493,0.010668979026377201,0.5945327281951904,0.5959678888320923,0.5986155867576599,0.6016741991043091,0.6090036630630493,0.618807315826416,0.6263606548309326,0.6287336945533752,0.6299790143966675
3200,-0.6119390726089478,48.94601058959961,26.580699920654297,59.59523391723633,0.6119391322135925,0.6113181114196777,0.010719805024564266,0.5945327281951904,0.5970532298088074,0.5992165803909302,0.6035993695259094,0.6113181114196777,0.6198151111602783,0.6267813444137573,0.629362940788269,0.6307792663574219
3240,-0.6132057905197144,48.62572479248047,26.630626678466797,59.061767578125,0.6132058501243591,0.6127163171768188,0.010483568534255028,0.5946064591407776,0.5983216166496277,0.5997427701950073,0.6052656173706055,0.6127163171768188,0.6211426258087158,0.6270370483398438,0.6298157572746277,0.6307792663574219
3280,-0.6141712069511414,48.37034606933594,26.712753295898438,58.5776481628418,0.6141712069511414,0.6134544610977173,0.011197772808372974,0.5946064591407776,0.5983216166496277,0.5999646186828613,0.6057124137878418,0.6134544610977173,0.6212449669837952,0.6279714703559875,0.6303146481513977,0.6387906670570374
3320,-0.6153303980827332,48.061805725097656,26.752126693725586,58.05534076690674,0.6153303980827332,0.6136384010314941,0.011867786757647991,0.5976526737213135,0.5991133451461792,0.6007707118988037,0.6060266494750977,0.6136384010314941,0.6243855357170105,0.6298230290412903,0.633026123046875,0.6455865502357483
3360,-0.6161291003227234,47.77183151245117,26.80068588256836,57.55494976043701,0.6161291003227234,0.6147751808166504,0.01179540902376175,0.5979148149490356,0.5995040535926819,0.6013612151145935,0.6068172454833984,0.6147751808166504,0.6251069903373718,0.6298230290412903,0.6346959471702576,0.6455865502357483
3400,-0.6167624592781067,47.460174560546875,26.835548400878906,57.02249622344971,0.6167625188827515,0.6151465177536011,0.01175615657120943,0.5979148149490356,0.5995040535926819,0.6013612151145935,0.6073982119560242,0.6151465177536011,0.6254366040229797,0.6298230290412903,0.6347382664680481,0.6461116075515747
3440,-0.6188346743583679,47.20587158203125,26.89223861694336,56.54806995391846,0.6188346147537231,0.6167650818824768,0.01322143990546465,0.5979148149490356,0.5995040535926819,0.6044498085975647,0.6113371849060059,0.6167650818824768,0.6264128088951111,0.6345840096473694,0.6412093639373779,0.6496295928955078
3480,-0.6200401782989502,46.86864471435547,26.921873092651367,55.98953437805176,0.6200401782989502,0.6186145544052124,0.013277611695230007,0.5993103981018066,0.6005997657775879,0.6046501994132996,0.6121319532394409,0.6186145544052124,0.629371702671051,0.635265052318573,0.6429011821746826,0.6496295928955078
3520,-0.6210507154464722,46.54401779174805,26.955862045288086,55.440237045288086,0.6210507750511169,0.6193488240242004,0.013252262957394123,0.5995092988014221,0.6036481857299805,0.605019748210907,0.612627387046814,0.6193488240242004,0.6294899582862854,0.636817991733551,0.6429011821746826,0.6548652648925781
3560,-0.6219786405563354,46.236663818359375,26.994029998779297,54.89151477813721,0.6219787001609802,0.6205825805664062,0.013435661792755127,0.5997390747070312,0.6036481857299805,0.605019748210907,0.613251805305481,0.6205825805664062,0.6298446655273438,0.6371637582778931,0.6439571380615234,0.6548798680305481
3600,-0.6229544878005981,45.929466247558594,27.027809143066406,54.33982849121094,0.6229544281959534,0.6210446357727051,0.013806399889290333,0.6005577445030212,0.6041834950447083,0.6055722236633301,0.6135209798812866,0.6210446357727051,0.6300190687179565,0.6428984999656677,0.6473559737205505,0.6548798680305481
3640,-0.623754620552063,45.64045333862305,27.075841903686523,53.80562782287598,0.623754620552063,0.6226227283477783,0.014223366975784302,0.6005577445030212,0.6041834950447083,0.605780839920044,0.6136395931243896,0.6226227283477783,0.6329756379127502,0.6433743238449097,0.6479984521865845,0.6557030081748962
3680,-0.6253783106803894,45.330772399902344,27.104644775390625,53.25504684448242,0.6253783106803894,0.6241360902786255,0.014288376085460186,0.6005577445030212,0.6044633984565735,0.6067367792129517,0.6143202185630798,0.6241360902786255,0.6342045664787292,0.644439697265625,0.6479984521865845,0.6557030081748962
3720,-0.6258336305618286,45.0583610534668,27.144668579101562,52.742788314819336,0.6258335709571838,0.6241360902786255,0.014406288042664528,0.6013370752334595,0.6044633984565735,0.6067767143249512,0.6152167916297913,0.6241360902786255,0.6347029209136963,0.6458103060722351,0.6484627723693848,0.6557030081748962
3760,-0.6269626021385193,44.72706604003906,27.154714584350586,52.170891761779785,0.6269626021385193,0.6256557703018188,0.014469160698354244,0.6013370752334595,0.6053405404090881,0.6070675253868103,0.6168701648712158,0.6256557703018188,0.6359454989433289,0.6458103060722351,0.650901734828949,0.6595627665519714
3800,-0.6288003325462341,44.39421844482422,27.1533203125,51.587820053100586,0.6288003325462341,0.6280413866043091,0.015589725226163864,0.6013370752334595,0.6053405404090881,0.6080749034881592,0.6171137690544128,0.6280413866043091,0.6381765604019165,0.6492231488227844,0.653849184513092,0.6703398823738098
3840,-0.6298851370811462,44.112518310546875,27.209089279174805,51.02732467651367,0.6298850774765015,0.6282028555870056,0.016311129555106163,0.6013370752334595,0.6064466238021851,0.6099947094917297,0.6184477806091309,0.6282028555870056,0.6396659016609192,0.65021812915802,0.6595488786697388,0.6710680723190308
3880,-0.6309847831726074,43.83293151855469,27.250930786132812,50.48579502105713,0.6309847831726074,0.6298808455467224,0.01606132835149765,0.6017780900001526,0.6068628430366516,0.6125885248184204,0.6201555132865906,0.6298808455467224,0.6397433280944824,0.6508536338806152,0.6595488786697388,0.6710680723190308
3920,-0.6323099136352539,43.478782653808594,27.24738121032715,49.87597846984863,0.6323098540306091,0.6303322315216064,0.01615692861378193,0.6064729690551758,0.6112139225006104,0.6130920648574829,0.6212206482887268,0.6303322315216064,0.6424592137336731,0.6525595784187317,0.6625139117240906,0.6714572906494141
3960,-0.6337942481040955,43.16145324707031,27.261554718017578,49.28871726989746,0.6337942481040955,0.6323856115341187,0.016533009707927704,0.6064878702163696,0.6115371584892273,0.6134994626045227,0.6215811371803284,0.6323856115341187,0.6436892747879028,0.6546160578727722,0.665381133556366,0.6716523766517639
4000,-0.6351836919784546,42.86683654785156,27.28453826904297,48.70046329498291,0.6351836919784546,0.6335557699203491,0.016490770503878593,0.6079683899879456,0.6127672791481018,0.6144359707832336,0.6222197413444519,0.6335557699203491,0.6444421410560608,0.6599183678627014,0.6654783487319946,0.6716523766517639
4040,-0.6370998024940491,42.541255950927734,27.287181854248047,48.108097076416016,0.6370997428894043,0.6343632936477661,0.01782883144915104,0.6079683899879456,0.6131083965301514,0.6153985261917114,0.6234151124954224,0.6343632936477661,0.6450796723365784,0.6642686724662781,0.6741023063659668,0.6831961274147034
4080,-0.6386270523071289,42.23834228515625,27.317062377929688,47.525299072265625,0.6386269927024841,0.6352026462554932,0.017861541360616684,0.6120504140853882,0.6144443154335022,0.6197132468223572,0.6255574226379395,0.6352026462554932,0.6460465788841248,0.6645547747612,0.6779158711433411,0.6831961274147034
4120,-0.6401901245117188,41.90235137939453,27.277114868164062,46.95467662811279,0.640190064907074,0.6375375986099243,0.01824972592294216,0.6120504140853882,0.6154205203056335,0.6207178235054016,0.6291736364364624,0.6375375986099243,0.6479940414428711,0.6648790836334229,0.6802316308021545,0.683784544467926
4160,-0.6415974497795105,41.60734939575195,27.32718276977539,46.35408878326416,0.6415973901748657,0.6395116448402405,0.01921886019408703,0.6120504140853882,0.6154205203056335,0.6212478280067444,0.6299437284469604,0.6395116448402405,0.6486849784851074,0.6741079688072205,0.6829908490180969,0.6854282021522522
4200,-0.6429784893989563,41.35710906982422,27.3594970703125,45.82934379577637,0.6429784297943115,0.640312671661377,0.018757997080683708,0.6137922406196594,0.6195571422576904,0.621493935585022,0.6318165063858032,0.640312671661377,0.6518901586532593,0.6741079688072205,0.6829908490180969,0.6856669783592224
4240,-0.6436969041824341,41.04387664794922,27.372081756591797,45.23284721374512,0.6436968445777893,0.6412959694862366,0.01847066730260849,0.6137922406196594,0.6195571422576904,0.6228576898574829,0.6325051784515381,0.6412959694862366,0.6518901586532593,0.674145519733429,0.6829908490180969,0.6856669783592224
4280,-0.6442571878433228,40.74848556518555,27.376384735107422,44.630866050720215,0.644257128238678,0.641843855381012,0.018399113789200783,0.6137922406196594,0.6196876764297485,0.6233718395233154,0.6326518654823303,0.641843855381012,0.6531694531440735,0.674145519733429,0.6832085251808167,0.6856669783592224
4320,-0.6454588174819946,40.42100143432617,27.36575698852539,44.024253845214844,0.6454587578773499,0.6427039504051208,0.01878700591623783,0.6137922406196594,0.6205393671989441,0.6255245208740234,0.6331959962844849,0.6427039504051208,0.6546022295951843,0.674145519733429,0.6840565204620361,0.6931192278862
4360,-0.6468539237976074,40.08509826660156,27.345375061035156,43.41135215759277,0.6468539237976074,0.6440050601959229,0.019728662446141243,0.6137922406196594,0.6205393671989441,0.6256842613220215,0.6332937479019165,0.6440050601959229,0.6551498174667358,0.6741896271705627,0.6892634630203247,0.6938758492469788
4400,-0.6491912007331848,39.801788330078125,27.337379455566406,42.85619831085205,0.6491912007331848,0.6468022465705872,0.020376285538077354,0.6179964542388916,0.6208107471466064,0.6256842613220215,0.633658230304718,0.6468022465705872,0.6629272699356079,0.6764950752258301,0.6931195259094238,0.6940914988517761
4440,-0.6514326333999634,39.534523010253906,27.35446548461914,42.28982067108154,0.6514327526092529,0.6484327912330627,0.02062568999826908,0.6180177927017212,0.6208107471466064,0.6280720829963684,0.6367747783660889,0.6484327912330627,0.6655654907226562,0.6799063682556152,0.6934975385665894,0.6954776644706726
4480,-0.6532537937164307,39.25499725341797,27.374740600585938,41.705796241760254,0.6532537937164307,0.6486583948135376,0.021022234112024307,0.6196746230125427,0.624384343624115,0.629396915435791,0.6401167511940002,0.6486583948135376,0.6660898923873901,0.685972273349762,0.6938804984092712,0.6993969678878784
4520,-0.6542171835899353,38.93103790283203,27.31405258178711,41.12689781188965,0.6542172431945801,0.6492674350738525,0.021419787779450417,0.6197543144226074,0.6245208978652954,0.6302637457847595,0.6404016613960266,0.6492674350738525,0.6668751835823059,0.685972273349762,0.6941893696784973,0.7077832221984863
4560,-0.6557267904281616,38.697898864746094,27.343412399291992,40.58473014831543,0.6557267904281616,0.6519268155097961,0.02172662876546383,0.6205635666847229,0.6245624423027039,0.6328169703483582,0.6404284834861755,0.6519268155097961,0.6676474213600159,0.6903252601623535,0.6941893696784973,0.7077832221984863
4600,-0.6565800309181213,38.39570617675781,27.31355094909668,39.99197006225586,0.6565800309181213,0.6519268155097961,0.021960170939564705,0.6205635666847229,0.6256359219551086,0.6336770057678223,0.6410033702850342,0.6519268155097961,0.6681402921676636,0.6903252601623535,0.6973268389701843,0.7078719735145569
4640,-0.657925546169281,38.13813400268555,27.32581329345703,39.41928195953369,0.6579254865646362,0.6532367467880249,0.021761786192655563,0.6205635666847229,0.6301711201667786,0.6341834664344788,0.6422793865203857,0.6532367467880249,0.6690021753311157,0.6903252601623535,0.6973268389701843,0.7078719735145569
4680,-0.6591171026229858,37.83026885986328,27.300064086914062,38.79408645629883,0.6591169834136963,0.6560844779014587,0.021883325651288033,0.6205635666847229,0.6303964257240295,0.6341834664344788,0.6427748203277588,0.6560844779014587,0.6724759340286255,0.6931772828102112,0.6973863244056702,0.7078719735145569
4720,-0.6607012152671814,37.544734954833984,27.30117416381836,38.183878898620605,0.6607011556625366,0.657058835029602,0.02182014100253582,0.6257872581481934,0.6314741969108582,0.6358661651611328,0.6433101296424866,0.657058835029602,0.6748122572898865,0.6931772828102112,0.6992355585098267,0.708597719669342
4760,-0.6619596481323242,37.290199279785156,27.294559478759766,37.624624252319336,0.661959707736969,0.6582187414169312,0.022033002227544785,0.6257872581481934,0.6335355043411255,0.6378440856933594,0.6439346671104431,0.6582187414169312,0.6767851114273071,0.6941253542900085,0.6994102001190186,0.708597719669342
4800,-0.6639145612716675,37.03278732299805,27.306638717651367,37.04182052612305,0.6639146208763123,0.6627913117408752,0.02172764018177986,0.6289288997650146,0.6335573196411133,0.6378440856933594,0.6462794542312622,0.6627913117408752,0.6769049167633057,0.6941609382629395,0.6995019912719727,0.708597719669342
4840,-0.6664097309112549,36.78348922729492,27.291234970092773,36.5033073425293,0.6664097309112549,0.6667259931564331,0.021812204271554947,0.6335916519165039,0.6345563530921936,0.6402546763420105,0.6482365131378174,0.6667259931564331,0.6803457736968994,0.6954872012138367,0.7021760940551758,0.712111234664917
4880,-0.6676934957504272,36.55168151855469,27.29677963256836,35.96743965148926,0.6676934957504272,0.6698822975158691,0.02168945223093033,0.6335916519165039,0.6359506249427795,0.6411665081977844,0.6485826373100281,0.6698822975158691,0.681486964225769,0.6965206265449524,0.7031068205833435,0.712111234664917
4920,-0.6687090992927551,36.356903076171875,27.337507247924805,35.44385528564453,0.6687090992927551,0.6700520515441895,0.021557318046689034,0.6335916519165039,0.6359732747077942,0.6423200368881226,0.6499770283699036,0.6700520515441895,0.6831703186035156,0.6968666911125183,0.7063136100769043,0.7138896584510803
4960,-0.6697239279747009,36.13013458251953,27.32166862487793,34.917978286743164,0.6697239875793457,0.6700520515441895,0.021704044193029404,0.6340121626853943,0.6360136270523071,0.6442604064941406,0.6513810157775879,0.6700520515441895,0.6831703186035156,0.6994647979736328,0.7095670700073242,0.7139639258384705
5000,-0.6700495481491089,35.92272186279297,27.339893341064453,34.369553565979004,0.6700496077537537,0.6700520515441895,0.02157648652791977,0.6345167756080627,0.6385872960090637,0.6442604064941406,0.6513810157775879,0.6700520515441895,0.6837331056594849,0.6994647979736328,0.7095670700073242,0.7139639258384705
5040,-0.6712852120399475,35.65485382080078,27.298307418823242,33.82197380065918,0.6712851524353027,0.6715149283409119,0.022453822195529938,0.6345167756080627,0.6385872960090637,0.6442604064941406,0.6517474055290222,0.6715149283409119,0.6878503561019897,0.7016717195510864,0.7111741900444031,0.7156599164009094
5080,-0.6732807755470276,35.39995574951172,27.27509117126465,33.27346897125244,0.6732807755470276,0.6719620227813721,0.021737972274422646,0.6360335946083069,0.6442664265632629,0.6458186507225037,0.6560019850730896,0.6719620227813721,0.6888243556022644,0.7023547887802124,0.7111741900444031,0.7156599164009094
5120,-0.6746265292167664,35.19907760620117,27.294456481933594,32.75208759307861,0.6746265292167664,0.6734800338745117,0.02165248990058899,0.6411206722259521,0.6444494128227234,0.646323561668396,0.6579194664955139,0.6734800338745117,0.6888243556022644,0.7041099071502686,0.7136369347572327,0.7204761505126953
5160,-0.6760128140449524,34.99431610107422,27.294851303100586,32.222938537597656,0.6760129332542419,0.6738206744194031,0.021537328138947487,0.6411206722259521,0.644824743270874,0.6481370329856873,0.6626913547515869,0.6738206744194031,0.6890510320663452,0.7063500285148621,0.7160350680351257,0.7231163382530212
5200,-0.677661120891571,34.79007339477539,27.298065185546875,31.70909833908081,0.6776611804962158,0.6753066778182983,0.021981285884976387,0.6411206722259521,0.644824743270874,0.6484701633453369,0.6626913547515869,0.6753066778182983,0.6894328594207764,0.7065211534500122,0.7162285447120667,0.7290529012680054
5240,-0.6784458160400391,34.577056884765625,27.300769805908203,31.165940284729004,0.6784459948539734,0.6755633354187012,0.021410541608929634,0.6411991715431213,0.644824743270874,0.6517705321311951,0.6641433835029602,0.6755633354187012,0.6894328594207764,0.7065211534500122,0.716363251209259,0.7290529012680054
5280,-0.6797399520874023,34.37512969970703,27.29990005493164,30.677894592285156,0.6797401309013367,0.6765516996383667,0.020940955728292465,0.6442728042602539,0.6460050940513611,0.6549655199050903,0.6668728590011597,0.6765516996383667,0.6910218000411987,0.7066164612770081,0.716363251209259,0.7291237115859985
5320,-0.6812219023704529,34.211463928222656,27.338895797729492,30.147761821746826,0.6812220811843872,0.676918625831604,0.021279066801071167,0.6442728042602539,0.646407425403595,0.6559860706329346,0.6669662594795227,0.676918625831604,0.6954278945922852,0.7136364579200745,0.7230006456375122,0.7291237115859985
5360,-0.6821314692497253,34.03130340576172,27.34290885925293,29.640640258789062,0.6821315884590149,0.677325427532196,0.020966466516256332,0.6460539102554321,0.6517464518547058,0.6578946113586426,0.6677584052085876,0.677325427532196,0.695743203163147,0.7137541770935059,0.7230006456375122,0.7291237115859985
5400,-0.6830505728721619,33.85493087768555,27.354930877685547,29.119365692138672,0.6830507516860962,0.6783566474914551,0.021135417744517326,0.6460539102554321,0.6517464518547058,0.658046543598175,0.6692637801170349,0.6783566474914551,0.695743203163147,0.7137541770935059,0.7233931422233582,0.7291237115859985
5440,-0.6845625042915344,33.69221496582031,27.376798629760742,28.6268253326416,0.6845625042915344,0.6797963380813599,0.020651716738939285,0.648281991481781,0.6551237106323242,0.6608868837356567,0.6721301674842834,0.6797963380813599,0.6960504651069641,0.7160362005233765,0.7247799634933472,0.7291237115859985
5480,-0.6856117248535156,33.475276947021484,27.34284210205078,28.105923175811768,0.6856117248535156,0.6811125874519348,0.021000491455197334,0.6483172178268433,0.6551335453987122,0.6611002683639526,0.6745799779891968,0.6811125874519348,0.6978772878646851,0.7162671089172363,0.7264252305030823,0.7340699434280396
5520,-0.6869837641716003,33.27709197998047,27.32619285583496,27.593496322631836,0.6869837045669556,0.6828123331069946,0.021061744540929794,0.6483172178268433,0.6551335453987122,0.661813497543335,0.6749829649925232,0.6828123331069946,0.6992572546005249,0.7192743420600891,0.7264947891235352,0.7340699434280396
5560,-0.6878975033760071,33.067195892333984,27.300830841064453,27.06955623626709,0.6878975033760071,0.6834357976913452,0.0211629718542099,0.6483172178268433,0.6551335453987122,0.6648793816566467,0.6751270890235901,0.6834357976913452,0.7000318169593811,0.7210138440132141,0.7278968095779419,0.7340699434280396
5600,-0.6888044476509094,32.90250015258789,27.317489624023438,26.535350799560547,0.6888043880462646,0.6841417551040649,0.020577214658260345,0.65226811170578,0.6615492701530457,0.6653784513473511,0.6757848262786865,0.6841417551040649,0.7021794319152832,0.7210138440132141,0.7279000282287598,0.7340699434280396
5640,-0.6896799802780151,32.68946075439453,27.27216911315918,26.056716918945312,0.6896800398826599,0.686409592628479,0.02043592557311058,0.65226811170578,0.6616299152374268,0.6660321950912476,0.6771925091743469,0.686409592628479,0.7022174596786499,0.7210138440132141,0.7298864126205444,0.7340699434280396
5680,-0.6905785799026489,32.5029411315918,27.2546443939209,25.542792797088623,0.6905786395072937,0.6876375079154968,0.020544057711958885,0.65226811170578,0.6624711751937866,0.6677497029304504,0.6771925091743469,0.6876375079154968,0.7031406164169312,0.7210138440132141,0.7317272424697876,0.7340699434280396
5720,-0.6912117600440979,32.33726501464844,27.244842529296875,25.056797981262207,0.6912118792533875,0.6883081197738647,0.02047526277601719,0.65226811170578,0.6624711751937866,0.669073224067688,0.6773073077201843,0.6883081197738647,0.7051625847816467,0.7210138440132141,0.7317272424697876,0.7340699434280396
5760,-0.6930631995201111,32.20824432373047,27.257375717163086,24.60536003112793,0.6930631399154663,0.6902295351028442,0.01999141275882721,0.6535854935646057,0.6652621030807495,0.6693974733352661,0.6800234913825989,0.6902295351028442,0.7051625847816467,0.7223851680755615,0.7317272424697876,0.7340699434280396
5800,-0.6945428252220154,32.081600189208984,27.268081665039062,24.166842937469482,0.6945428252220154,0.6922656893730164,0.019676905125379562,0.6560339331626892,0.6652621030807495,0.6698731184005737,0.6820419430732727,0.6922656893730164,0.706828236579895,0.7223851680755615,0.7319613695144653,0.735020637512207
5840,-0.6962330341339111,31.98272705078125,27.3171443939209,23.713120460510254,0.6962330341339111,0.6927943229675293,0.01946224272251129,0.665091335773468,0.6678533554077148,0.6717483997344971,0.683174729347229,0.6927943229675293,0.7086919546127319,0.7264240384101868,0.7319613695144653,0.7352962493896484
5880,-0.6968018412590027,31.83145523071289,27.315258026123047,23.25576114654541,0.6968018412590027,0.6929166316986084,0.019263416528701782,0.666139543056488,0.6679075360298157,0.675343930721283,0.683174729347229,0.6929166316986084,0.7096529006958008,0.7265628576278687,0.732168436050415,0.7365311980247498
5920,-0.6976248025894165,31.662044525146484,27.28094482421875,22.797228813171387,0.6976247429847717,0.6938018798828125,0.019155526533722878,0.666139543056488,0.6679075360298157,0.675343930721283,0.6847715377807617,0.6938018798828125,0.7096529006958008,0.7265628576278687,0.7331725358963013,0.7365311980247498
5960,-0.6987936496734619,31.49871826171875,27.244277954101562,22.354418754577637,0.6987935900688171,0.6960342526435852,0.019233109429478645,0.666139543056488,0.6694464683532715,0.6758095026016235,0.6855918169021606,0.6960342526435852,0.7107182145118713,0.7265628576278687,0.7331725358963013,0.736548900604248
6000,-0.6996998190879822,31.352405548095703,27.22869873046875,21.903729915618896,0.6996997594833374,0.6989588737487793,0.019296325743198395,0.666139543056488,0.6694464683532715,0.6761881709098816,0.6865376234054565,0.6989588737487793,0.7112356424331665,0.7265628576278687,0.7331725358963013,0.7422109246253967
6040,-0.7004130482673645,31.228239059448242,27.220815658569336,21.49148654937744,0.7004129886627197,0.6989588737487793,0.018995970487594604,0.666139543056488,0.6697157621383667,0.677395224571228,0.688766360282898,0.6989588737487793,0.7122976779937744,0.7265628576278687,0.7339995503425598,0.7422109246253967
6080,-0.7013002038002014,31.082393646240234,27.205259323120117,21.062201023101807,0.7013001441955566,0.7000157237052917,0.01896611973643303,0.6663704514503479,0.6703537106513977,0.6774235963821411,0.688766360282898,0.7000157237052917,0.7135028839111328,0.7265628576278687,0.7352583408355713,0.743522047996521
6120,-0.7022315263748169,30.94929313659668,27.19288444519043,20.63440752029419,0.7022313475608826,0.7014060020446777,0.01940031722187996,0.6663704514503479,0.6724022626876831,0.6774235963821411,0.688766360282898,0.7014060020446777,0.7156203985214233,0.7288734912872314,0.7390297651290894,0.743522047996521
6160,-0.7030026316642761,30.83223533630371,27.191946029663086,20.199888229370117,0.7030025720596313,0.7027288675308228,0.019331812858581543,0.6696577668190002,0.6724758148193359,0.6783229112625122,0.6888751983642578,0.7027288675308228,0.7156749963760376,0.7315047979354858,0.7390297651290894,0.743522047996521
6200,-0.7037256360054016,30.641752243041992,27.124034881591797,19.76976490020752,0.7037257552146912,0.7029737234115601,0.019317787140607834,0.670405924320221,0.6724758148193359,0.6795262098312378,0.6890641450881958,0.7029737234115601,0.7168792486190796,0.7321300506591797,0.7407611012458801,0.743522047996521
6240,-0.7041915655136108,30.491727828979492,27.083311080932617,19.362006187438965,0.7041915655136108,0.7033668756484985,0.01898081973195076,0.67118239402771,0.6755004525184631,0.6809062957763672,0.6890872716903687,0.7033668756484985,0.7168792486190796,0.7321300506591797,0.7407611012458801,0.743522047996521
6280,-0.7049998044967651,30.3580379486084,27.04970932006836,18.96743154525757,0.7049999237060547,0.7037138938903809,0.018809225410223007,0.6711860299110413,0.6755004525184631,0.6812189817428589,0.6900914311408997,0.7037138938903809,0.7176735401153564,0.7321300506591797,0.7407611012458801,0.743522047996521
6320,-0.7053042650222778,30.164749145507812,26.960485458374023,18.570055961608887,0.7053042650222778,0.7038671374320984,0.018893985077738762,0.6715023517608643,0.6762977838516235,0.6812189817428589,0.6900914311408997,0.7038671374320984,0.7180300951004028,0.7321300506591797,0.7407611012458801,0.743522047996521
6360,-0.7063407897949219,30.066137313842773,26.973196029663086,18.16625690460205,0.7063408493995667,0.705872118473053,0.01842629723250866,0.6715023517608643,0.6782875657081604,0.6833115220069885,0.692664623260498,0.705872118473053,0.7180300951004028,0.7322232723236084,0.7407611012458801,0.743522047996521
6400,-0.7072012424468994,29.97661590576172,26.986677169799805,17.770436763763428,0.7072010636329651,0.7075831294059753,0.01823320798575878,0.6762593984603882,0.6806369423866272,0.6837932467460632,0.6939307451248169,0.7075831294059753,0.7187593579292297,0.7330257892608643,0.7407663464546204,0.7436210513114929
6440,-0.7079351544380188,29.86223602294922,26.96380615234375,17.372616291046143,0.7079351544380188,0.7078384757041931,0.017920490354299545,0.6763581037521362,0.6806369423866272,0.6855190992355347,0.695008397102356,0.7078384757041931,0.7189624905586243,0.7344649434089661,0.7407663464546204,0.7436210513114929
6480,-0.7087742686271667,29.7882080078125,26.986068725585938,17.01015615463257,0.708774209022522,0.7078384757041931,0.017223641276359558,0.6771275401115417,0.680651843547821,0.6855190992355347,0.696168839931488,0.7078384757041931,0.7189624905586243,0.7344649434089661,0.7407663464546204,0.7436210513114929
6520,-0.7094411849975586,29.720365524291992,27.005691528320312,16.67386245727539,0.7094411253929138,0.7090041637420654,0.017205722630023956,0.6781989336013794,0.6811017394065857,0.6855190992355347,0.6967135667800903,0.7090041637420654,0.7197985649108887,0.7344649434089661,0.7413156032562256,0.7436210513114929
6560,-0.7101637125015259,29.619543075561523,26.991714477539062,16.29322862625122,0.7101637125015259,0.7105693221092224,0.01679048500955105,0.680303156375885,0.6831422448158264,0.6877478957176208,0.6972653865814209,0.7105693221092224,0.7199509143829346,0.7348496913909912,0.7413156032562256,0.7436210513114929
6600,-0.7107735872268677,29.500905990600586,26.959196090698242,15.931098937988281,0.7107737064361572,0.7110368609428406,0.016544902697205544,0.680303156375885,0.6831422448158264,0.6888967752456665,0.6980524063110352,0.7110368609428406,0.7202130556106567,0.7348496913909912,0.7413156032562256,0.7436210513114929
6640,-0.7112135887145996,29.424816131591797,26.96144676208496,15.611738204956055,0.7112135887145996,0.7112514972686768,0.01639983057975769,0.680303156375885,0.6831422448158264,0.6922567486763,0.6981112360954285,0.7112514972686768,0.7214517593383789,0.7348496913909912,0.7413156032562256,0.7436210513114929
6680,-0.7121806144714355,29.358304977416992,26.978322982788086,15.263964176177979,0.7121807336807251,0.7117503881454468,0.015953991562128067,0.680303156375885,0.6912580728530884,0.6932569146156311,0.7006187438964844,0.7117503881454468,0.7232550978660583,0.7348496913909912,0.742597222328186,0.7436444163322449
6720,-0.7126057147979736,29.258819580078125,26.957977294921875,14.932267189025879,0.7126057147979736,0.7117503881454468,0.015645138919353485,0.6812130808830261,0.6917005777359009,0.6938366293907166,0.7025399804115295,0.7117503881454468,0.7232550978660583,0.7348496913909912,0.742597222328186,0.7436444163322449
6760,-0.7131200432777405,29.162303924560547,26.93356704711914,14.59528923034668,0.7131201028823853,0.7123819589614868,0.015379135496914387,0.6862108111381531,0.6918551921844482,0.6938366293907166,0.7025399804115295,0.7123819589614868,0.7236462235450745,0.7348496913909912,0.742597222328186,0.7436444163322449
6800,-0.7138566374778748,29.109683990478516,26.962522506713867,14.265822172164917,0.7138567566871643,0.7126744985580444,0.015004304237663746,0.6877057552337646,0.6925316452980042,0.6955549716949463,0.7033555507659912,0.7126744985580444,0.7238596677780151,0.7348496913909912,0.742597222328186,0.7436444163322449
6840,-0.7143329977989197,29.05885887145996,26.97945213317871,13.956933498382568,0.7143331170082092,0.7133257985115051,0.014857852831482887,0.6877453923225403,0.6929479241371155,0.6966967582702637,0.7033555507659912,0.7133257985115051,0.7245868444442749,0.7348496913909912,0.742597222328186,0.7436919212341309
6880,-0.7146562933921814,28.98444938659668,26.971586227416992,13.671244382858276,0.7146562933921814,0.7133257985115051,0.01472507230937481,0.6877453923225403,0.6942044496536255,0.6971421837806702,0.7034566402435303,0.7133257985115051,0.7250726222991943,0.7348496913909912,0.742597222328186,0.7436919212341309
6920,-0.715088427066803,28.906593322753906,26.9581298828125,13.356604814529419,0.715088427066803,0.7137159109115601,0.014752314426004887,0.6877453923225403,0.6942044496536255,0.6973720788955688,0.7037240266799927,0.7137159109115601,0.7250726222991943,0.7360120415687561,0.742597222328186,0.7436919212341309
6960,-0.7156568169593811,28.81845474243164,26.937786102294922,13.024807214736938,0.7156567573547363,0.7156618237495422,0.014765345491468906,0.6899425983428955,0.6950981020927429,0.6979469060897827,0.7038263082504272,0.7156618237495422,0.7258336544036865,0.7360120415687561,0.7426211833953857,0.747111976146698
7000,-0.7161343693733215,28.745262145996094,26.922687530517578,12.728931188583374,0.7161343097686768,0.7156618237495422,0.014812998473644257,0.6899425983428955,0.6951253414154053,0.6980516910552979,0.7041849493980408,0.7156618237495422,0.7258986234664917,0.7374785542488098,0.743124783039093,0.747111976146698
7040,-0.7166412472724915,28.70246124267578,26.944021224975586,12.429789781570435,0.7166410684585571,0.7163742780685425,0.014840382151305676,0.6899425983428955,0.6968111991882324,0.6991658806800842,0.7043233513832092,0.7163742780685425,0.7263705730438232,0.7387410998344421,0.743124783039093,0.747111976146698
7080,-0.7168394327163696,28.665390014648438,26.969928741455078,12.10986042022705,0.7168394327163696,0.7163742780685425,0.014721788465976715,0.6899425983428955,0.6970354318618774,0.7009091973304749,0.7043233513832092,0.7163742780685425,0.7263705730438232,0.7387410998344421,0.743124783039093,0.747111976146698
7120,-0.7173101902008057,28.5947322845459,26.95906639099121,11.814961194992065,0.7173101902008057,0.7163742780685425,0.014575345441699028,0.6899425983428955,0.6978769898414612,0.7010874152183533,0.7048574686050415,0.7163742780685425,0.7263705730438232,0.7387410998344421,0.743461012840271,0.747111976146698
7160,-0.7176356315612793,28.568143844604492,26.985637664794922,11.561711311340332,0.7176355719566345,0.7163742780685425,0.014656459912657738,0.6899425983428955,0.6978769898414612,0.7010874152183533,0.7050884366035461,0.7163742780685425,0.7272326350212097,0.7387410998344421,0.743461012840271,0.747111976146698
7200,-0.7180612087249756,28.534759521484375,27.014461517333984,11.25596809387207,0.7180611491203308,0.7163892388343811,0.014355018734931946,0.695996105670929,0.6980383992195129,0.7013052701950073,0.7056277990341187,0.7163892388343811,0.7283872961997986,0.7387410998344421,0.743461012840271,0.747111976146698
7240,-0.7183483839035034,28.49401092529297,27.027257919311523,10.978626012802124,0.7183483242988586,0.7163892388343811,0.01439201645553112,0.695996105670929,0.6980383992195129,0.7013052701950073,0.7057477235794067,0.7163892388343811,0.7297084927558899,0.7387410998344421,0.7436686754226685,0.747111976146698
7280,-0.7188660502433777,28.417007446289062,27.00763511657715,10.684476613998413,0.7188660502433777,0.7169550657272339,0.014214827679097652,0.6970928907394409,0.699570894241333,0.7025848627090454,0.7057689428329468,0.7169550657272339,0.7299408912658691,0.7389411926269531,0.7450374364852905,0.747111976146698
7320,-0.7191672921180725,28.398883819580078,27.03396224975586,10.455167531967163,0.7191673517227173,0.7174309492111206,0.014115024358034134,0.6978528499603271,0.699570894241333,0.7025848627090454,0.706939160823822,0.7174309492111206,0.7299408912658691,0.7402281165122986,0.7450374364852905,0.747495710849762
7360,-0.7195437550544739,28.39221954345703,27.075063705444336,10.181598663330078,0.7195436954498291,0.7176418304443359,0.014024895615875721,0.6979299187660217,0.6998409032821655,0.7029224038124084,0.7091075778007507,0.7176418304443359,0.7300390601158142,0.7402281165122986,0.7450374364852905,0.747495710849762
7400,-0.7199369668960571,28.369060516357422,27.097427368164062,9.922894477844238,0.7199369072914124,0.7180595397949219,0.0138816237449646,0.6987007856369019,0.7000314593315125,0.7029224038124084,0.7091479897499084,0.7180595397949219,0.7300839424133301,0.7402281165122986,0.7450374364852905,0.747495710849762
7440,-0.7202848792076111,28.307815551757812,27.086559295654297,9.667033910751343,0.7202848196029663,0.7184641361236572,0.01374314446002245,0.6987007856369019,0.7000314593315125,0.7029224038124084,0.7099805474281311,0.7184641361236572,0.7300839424133301,0.7402281165122986,0.7450374364852905,0.747495710849762
7480,-0.720630943775177,28.30255699157715,27.123130798339844,9.427276849746704,0.7206308841705322,0.7184641361236572,0.013890628702938557,0.6994464993476868,0.7000314593315125,0.7033215761184692,0.7099805474281311,0.7184641361236572,0.7302647829055786,0.7409663200378418,0.7451000809669495,0.7481079697608948
7520,-0.7210461497306824,28.305234909057617,27.171401977539062,9.196675777435303,0.7210460901260376,0.7190835475921631,0.013754849322140217,0.6994464993476868,0.7013170719146729,0.7051295042037964,0.7099805474281311,0.7190835475921631,0.7306762933731079,0.7409663200378418,0.7458725571632385,0.7481079697608948
7560,-0.7213848829269409,28.252952575683594,27.15345001220703,8.988465547561646,0.7213848233222961,0.7191661596298218,0.013538557104766369,0.6994464993476868,0.7013170719146729,0.7052510976791382,0.7109869718551636,0.7191661596298218,0.7306762933731079,0.7409663200378418,0.7458725571632385,0.7481079697608948
7600,-0.7217578887939453,28.220861434936523,27.15929412841797,8.779526948928833,0.7217578291893005,0.7198646068572998,0.01349444966763258,0.6999987363815308,0.7023463845252991,0.7053905129432678,0.7119054198265076,0.7198646068572998,0.7309597730636597,0.7409663200378418,0.7464135885238647,0.7500706315040588
7640,-0.7219430208206177,28.212257385253906,27.18359375,8.570281982421875,0.7219429612159729,0.7200500965118408,0.013525621965527534,0.6999987363815308,0.7023463845252991,0.7053905129432678,0.7124547362327576,0.7200500965118408,0.7309597730636597,0.7409911155700684,0.7464135885238647,0.7500706315040588
7680,-0.7221693992614746,28.171878814697266,27.176006317138672,8.344648361206055,0.7221693396568298,0.7200500965118408,0.01338464580476284,0.7010341882705688,0.7031920552253723,0.7055211663246155,0.7124547362327576,0.7200500965118408,0.7309597730636597,0.7409911155700684,0.7464135885238647,0.7500706315040588
7720,-0.7224945425987244,28.141324996948242,27.185758590698242,8.1303391456604,0.7224944829940796,0.7201287150382996,0.013519185595214367,0.7010341882705688,0.7031920552253723,0.7055211663246155,0.7124547362327576,0.7201287150382996,0.7309597730636597,0.7409911155700684,0.7464910745620728,0.7516154050827026
7760,-0.7226913571357727,28.119304656982422,27.19758415222168,7.923288822174072,0.7226912975311279,0.7201287150382996,0.013529066927731037,0.7010341882705688,0.7031920552253723,0.7055211663246155,0.7127024531364441,0.7201287150382996,0.7311168909072876,0.7409911155700684,0.7464910745620728,0.7516154050827026
7800,-0.7229676842689514,28.132362365722656,27.243337631225586,7.721078991889954,0.7229676246643066,0.7210471630096436,0.013372032903134823,0.7010476589202881,0.7031920552253723,0.7069483995437622,0.7129662036895752,0.7210471630096436,0.7314116954803467,0.7409911155700684,0.7464910745620728,0.7516154050827026
7840,-0.7232975363731384,28.093839645385742,27.233922958374023,7.5169936418533325,0.7232974171638489,0.7227449417114258,0.013496407307684422,0.7010476589202881,0.7031920552253723,0.7069483995437622,0.7129662036895752,0.7227449417114258,0.731849193572998,0.7412912845611572,0.7464910745620728,0.7536748647689819
7880,-0.7236385345458984,28.028865814208984,27.1961669921875,7.315347075462341,0.7236385345458984,0.7228760123252869,0.013542164117097855,0.7010873556137085,0.7040135264396667,0.7069483995437622,0.7129662036895752,0.7228760123252869,0.7329999208450317,0.7412912845611572,0.7471476793289185,0.7536748647689819
7920,-0.723956286907196,28.029979705810547,27.226760864257812,7.133218288421631,0.7239561676979065,0.7228760123252869,0.013617311604321003,0.7021641731262207,0.7042843699455261,0.7077327370643616,0.7134673595428467,0.7228760123252869,0.733033299446106,0.7412912845611572,0.7471979856491089,0.7549476623535156
7960,-0.7242276072502136,28.041648864746094,27.26250457763672,6.971544981002808,0.7242275476455688,0.7230002880096436,0.013563910499215126,0.7021641731262207,0.7042843699455261,0.7077327370643616,0.7144120931625366,0.7230002880096436,0.733033299446106,0.7412912845611572,0.7471979856491089,0.7549722194671631
8000,-0.7244617342948914,28.036705017089844,27.283355712890625,6.804143190383911,0.7244616746902466,0.7230002880096436,0.013434764929115772,0.7021641731262207,0.7042843699455261,0.7078613638877869,0.7144367098808289,0.7230002880096436,0.733033299446106,0.7412912845611572,0.747239887714386,0.7549722194671631
8040,-0.7246965765953064,28.02368927001953,27.302597045898438,6.585943937301636,0.7246965169906616,0.7233519554138184,0.01333649456501007,0.7021641731262207,0.7051628232002258,0.7083858847618103,0.7146380543708801,0.7233519554138184,0.7332050800323486,0.7412912845611572,0.747239887714386,0.7549722194671631
8080,-0.7249380350112915,28.004127502441406,27.306774139404297,6.388463497161865,0.7249380350112915,0.7233519554138184,0.013313662260770798,0.7021641731262207,0.7051628232002258,0.7083858847618103,0.714755654335022,0.7233519554138184,0.7337414026260376,0.7412912845611572,0.747239887714386,0.7549722194671631
8120,-0.7251080274581909,27.973873138427734,27.29729461669922,6.242603302001953,0.7251080274581909,0.7246609926223755,0.013270708732306957,0.7021641731262207,0.7051628232002258,0.7090803980827332,0.7155119180679321,0.7246609926223755,0.7337414026260376,0.7412912845611572,0.747239887714386,0.7549722194671631
8160,-0.7252334952354431,27.97972869873047,27.329822540283203,6.071524977684021,0.7252335548400879,0.7246609926223755,0.013156315311789513,0.7021641731262207,0.705318808555603,0.7092611789703369,0.7157105803489685,0.7246609926223755,0.7337414026260376,0.7412912845611572,0.747239887714386,0.7549722194671631
8200,-0.725389301776886,27.968849182128906,27.33991050720215,5.924530267715454,0.725389301776886,0.7246609926223755,0.013089134357869625,0.7030847072601318,0.7054795622825623,0.7094248533248901,0.7157105803489685,0.7246609926223755,0.7343882918357849,0.7412912845611572,0.747239887714386,0.7549722194671631
8240,-0.7255323529243469,27.959890365600586,27.35097885131836,5.774970889091492,0.7255322933197021,0.7247904539108276,0.012967019341886044,0.7030847072601318,0.7054795622825623,0.7094383239746094,0.7157105803489685,0.7247904539108276,0.7343882918357849,0.7413077354431152,0.7472654581069946,0.7549722194671631
8280,-0.7258179187774658,27.95378875732422,27.36874008178711,5.5880560874938965,0.7258180379867554,0.7260031700134277,0.01282060518860817,0.7030847072601318,0.7054795622825623,0.70988929271698,0.7167422771453857,0.7260031700134277,0.7345452308654785,0.7413077354431152,0.7472654581069946,0.7549722194671631
8320,-0.7259286046028137,27.922576904296875,27.3608455657959,5.429952263832092,0.7259287238121033,0.7260031700134277,0.012728018686175346,0.7030847072601318,0.7054795622825623,0.7103248834609985,0.7168898582458496,0.7260031700134277,0.7345452308654785,0.7413077354431152,0.7472654581069946,0.7549722194671631
8360,-0.7262345552444458,27.9227294921875,27.38380241394043,5.280715703964233,0.7262346744537354,0.726759672164917,0.012670830823481083,0.7033461928367615,0.7077487707138062,0.7107247114181519,0.7168898582458496,0.726759672164917,0.7345452308654785,0.7413077354431152,0.7472654581069946,0.7549722194671631
8400,-0.7263606190681458,27.950376510620117,27.423553466796875,5.174113869667053,0.7263606190681458,0.726759672164917,0.012609374709427357,0.7033461928367615,0.7077487707138062,0.7107247114181519,0.7172451019287109,0.726759672164917,0.7345452308654785,0.7413077354431152,0.7472654581069946,0.7549722194671631
8440,-0.7265001535415649,27.971195220947266,27.468334197998047,5.028460621833801,0.7265002727508545,0.726759672164917,0.012471669353544712,0.7052855491638184,0.7082446217536926,0.7108622789382935,0.7174184322357178,0.726759672164917,0.7345452308654785,0.7414003610610962,0.7472654581069946,0.7549722194671631
8480,-0.7266258001327515,27.9616756439209,27.479263305664062,4.901429176330566,0.726625919342041,0.726759672164917,0.012534416280686855,0.7053245306015015,0.7082446217536926,0.7108622789382935,0.7174184322357178,0.726759672164917,0.7346572279930115,0.7414003610610962,0.7492684721946716,0.7549722194671631
8520,-0.7267177700996399,28.009801864624023,27.540302276611328,4.810394287109375,0.7267178297042847,0.726759672164917,0.012566340155899525,0.7053245306015015,0.7082446217536926,0.7108622789382935,0.7174184322357178,0.726759672164917,0.7346572279930115,0.7414003610610962,0.7493221759796143,0.7549722194671631
8560,-0.7268708348274231,28.020896911621094,27.568626403808594,4.67826771736145,0.7268708944320679,0.726759672164917,0.012636116705834866,0.7053245306015015,0.7082446217536926,0.7112133502960205,0.7174184322357178,0.726759672164917,0.7347043752670288,0.7415087223052979,0.7503172755241394,0.7549722194671631
8600,-0.727112889289856,28.047880172729492,27.617259979248047,4.5338380336761475,0.727112889289856,0.726759672164917,0.01245803851634264,0.7058559060096741,0.7082446217536926,0.7114673256874084,0.717484176158905,0.726759672164917,0.7347043752670288,0.7415087223052979,0.7503172755241394,0.7549722194671631
8640,-0.727161169052124,28.04183578491211,27.62526512145996,4.418802499771118,0.7271611094474792,0.7272887229919434,0.012476110830903053,0.7058559060096741,0.7082446217536926,0.7114673256874084,0.717484176158905,0.7272887229919434,0.7348514795303345,0.7415087223052979,0.7503172755241394,0.7549722194671631
8680,-0.7273252010345459,28.05260467529297,27.649242401123047,4.295341730117798,0.7273252010345459,0.7272887229919434,0.012477769516408443,0.7058559060096741,0.7082446217536926,0.7118103504180908,0.7175843119621277,0.7272887229919434,0.7348514795303345,0.7415087223052979,0.7503172755241394,0.7549722194671631
8720,-0.7274895906448364,28.050228118896484,27.6573486328125,4.182725429534912,0.727489709854126,0.7277780771255493,0.012422244064509869,0.7058594226837158,0.7082446217536926,0.7118103504180908,0.7176935076713562,0.7277780771255493,0.7348514795303345,0.7415087223052979,0.7503172755241394,0.7549722194671631
8760,-0.7278644442558289,28.082059860229492,27.705047607421875,4.097893238067627,0.7278644442558289,0.7280864119529724,0.012493597343564034,0.7058594226837158,0.7082446217536926,0.7118893265724182,0.7185817956924438,0.7280864119529724,0.7353149652481079,0.7436379194259644,0.7503172755241394,0.7549722194671631
8800,-0.7280055284500122,28.06789779663086,27.703441619873047,3.9956735968589783,0.7280054688453674,0.7280864119529724,0.012390868738293648,0.7058594226837158,0.7082457542419434,0.7121106386184692,0.7185817956924438,0.7280864119529724,0.7353149652481079,0.7436379194259644,0.7503172755241394,0.7549722194671631
8840,-0.7280234098434448,28.11272430419922,27.758251190185547,3.904026746749878,0.7280234694480896,0.7280864119529724,0.012381733395159245,0.7058594226837158,0.7082457542419434,0.7121106386184692,0.7185817956924438,0.7280864119529724,0.7353149652481079,0.7436379194259644,0.7503172755241394,0.7549722194671631
8880,-0.7281070351600647,28.10211753845215,27.758962631225586,3.8113611340522766,0.7281070947647095,0.7280864119529724,0.012339008040726185,0.7058594226837158,0.7082457542419434,0.7121106386184692,0.7185817956924438,0.7280864119529724,0.7353149652481079,0.7436379194259644,0.7503172755241394,0.7549722194671631
8920,-0.72818922996521,28.12627410888672,27.800731658935547,3.7143784761428833,0.72818922996521,0.7288222312927246,0.012328296899795532,0.7058594226837158,0.7082457542419434,0.7121106386184692,0.7185817956924438,0.7288222312927246,0.7353149652481079,0.7436379194259644,0.7503172755241394,0.7549722194671631
8960,-0.7282784581184387,28.11359405517578,27.799800872802734,3.617012321949005,0.7282785177230835,0.7288222312927246,0.012319128029048443,0.7058594226837158,0.7082457542419434,0.7121677398681641,0.7189720273017883,0.7288222312927246,0.7357637882232666,0.7436379194259644,0.7503172755241394,0.7549722194671631
9000,-0.7284582257270813,28.13232421875,27.82989501953125,3.4999582767486572,0.7284581661224365,0.7290253043174744,0.012253186665475368,0.7058594226837158,0.7082457542419434,0.7121677398681641,0.7192970514297485,0.7290253043174744,0.7357637882232666,0.7436379194259644,0.7512242197990417,0.7549722194671631
9040,-0.7285870313644409,28.154897689819336,27.863845825195312,3.397791087627411,0.7285870909690857,0.7290253043174744,0.01225948240607977,0.7058594226837158,0.7082457542419434,0.7121677398681641,0.7192970514297485,0.7290253043174744,0.7363061904907227,0.7436379194259644,0.7512242197990417,0.7549722194671631
9080,-0.7286503911018372,28.096372604370117,27.81353759765625,3.297596752643585,0.7286504507064819,0.7290253043174744,0.012161102145910263,0.7077018618583679,0.708617091178894,0.7126110792160034,0.7192970514297485,0.7290253043174744,0.7363061904907227,0.7436379194259644,0.7512242197990417,0.7549722194671631
9120,-0.7287033200263977,28.09952163696289,27.828519821166992,3.1942927837371826,0.7287033796310425,0.7290253043174744,0.012121361680328846,0.7077018618583679,0.708617091178894,0.7135651707649231,0.7192970514297485,0.7290253043174744,0.7363061904907227,0.7436379194259644,0.7512242197990417,0.7549722194671631
9160,-0.7287400364875793,28.110977172851562,27.85396385192871,3.093273937702179,0.7287400960922241,0.7290253043174744,0.01209749560803175,0.7077018618583679,0.708617091178894,0.7135651707649231,0.7192970514297485,0.7290253043174744,0.7363061904907227,0.7436379194259644,0.7512242197990417,0.7549722194671631
9200,-0.7288323640823364,28.078140258789062,27.82831382751465,3.0018006563186646,0.7288323044776917,0.7295318245887756,0.012052884325385094,0.7077018618583679,0.708617091178894,0.7135651707649231,0.720618486404419,0.7295318245887756,0.7363061904907227,0.7436379194259644,0.7512242197990417,0.7549722194671631
9240,-0.7290629148483276,28.099409103393555,27.860015869140625,2.9201332926750183,0.7290628552436829,0.729793906211853,0.012060577981173992,0.7077018618583679,0.708617091178894,0.7135651707649231,0.720618486404419,0.729793906211853,0.7366381883621216,0.7436379194259644,0.7512242197990417,0.7549722194671631
9280,-0.7291801571846008,28.106311798095703,27.8741455078125,2.8592877984046936,0.7291801571846008,0.729793906211853,0.011989904567599297,0.7077018618583679,0.708617091178894,0.7135651707649231,0.7213528156280518,0.729793906211853,0.736722469329834,0.7436379194259644,0.7512242197990417,0.7549722194671631
9320,-0.7292961478233337,28.12123680114746,27.89173698425293,2.786012291908264,0.7292962670326233,0.729793906211853,0.012059448286890984,0.7077018618583679,0.708617091178894,0.7135651707649231,0.7213528156280518,0.729793906211853,0.736722469329834,0.7437790036201477,0.7512242197990417,0.7549722194671631
9360,-0.7293400168418884,28.123334884643555,27.904067993164062,2.7256398797035217,0.7293400764465332,0.729793906211853,0.012076825834810734,0.7077018618583679,0.708617091178894,0.7135651707649231,0.7213528156280518,0.729793906211853,0.7370919585227966,0.7437790036201477,0.7512242197990417,0.7549722194671631
9400,-0.7294183373451233,28.168312072753906,27.960159301757812,2.637895703315735,0.7294183373451233,0.729793906211853,0.012042807415127754,0.7077018618583679,0.708617091178894,0.7135651707649231,0.7218577861785889,0.729793906211853,0.7370919585227966,0.7437790036201477,0.7512242197990417,0.7549722194671631
9440,-0.7296401858329773,28.18709373474121,27.989194869995117,2.552183449268341,0.7296401858329773,0.7300295233726501,0.01208534836769104,0.7077018618583679,0.7090421319007874,0.7135651707649231,0.7218577861785889,0.7300295233726501,0.7371230125427246,0.7440159320831299,0.7512242197990417,0.7549722194671631
9480,-0.7296417355537415,28.232494354248047,28.040267944335938,2.4815131425857544,0.7296417951583862,0.7300295233726501,0.01208206731826067,0.7077018618583679,0.7090421319007874,0.7135651707649231,0.7218577861785889,0.7300295233726501,0.7371230125427246,0.7440159320831299,0.7512242197990417,0.7549722194671631
9520,-0.7296916246414185,28.218120574951172,28.033924102783203,2.4143293499946594,0.7296916246414185,0.7300295233726501,0.012148256413638592,0.7077018618583679,0.7090421319007874,0.7135651707649231,0.7218577861785889,0.7300295233726501,0.7371230125427246,0.7440159320831299,0.7512242197990417,0.7549722194671631
9560,-0.7297105193138123,28.264217376708984,28.08295249938965,2.3784680366516113,0.7297105193138123,0.7300295233726501,0.012145941145718098,0.7077018618583679,0.7090421319007874,0.7135651707649231,0.7218577861785889,0.7300295233726501,0.7372350692749023,0.7440159320831299,0.7512242197990417,0.7549722194671631
9600,-0.7297279238700867,28.2713680267334,28.096363067626953,2.3243841528892517,0.7297278642654419,0.7300295233726501,0.012176023796200752,0.7077018618583679,0.7090421319007874,0.7135651707649231,0.7218577861785889,0.7300295233726501,0.7372350692749023,0.7440219521522522,0.7519100308418274,0.7549722194671631
9640,-0.7298391461372375,28.294193267822266,28.12002182006836,2.271322011947632,0.7298392653465271,0.7300295233726501,0.012227495200932026,0.7077018618583679,0.7090421319007874,0.7135651707649231,0.7218577861785889,0.7300295233726501,0.7375815510749817,0.7440219521522522,0.7519100308418274,0.7549722194671631
9680,-0.7299743294715881,28.362449645996094,28.203292846679688,2.164526402950287,0.7299743890762329,0.7300295233726501,0.012152177281677723,0.7077018618583679,0.7090421319007874,0.7135651707649231,0.722252607345581,0.7300295233726501,0.7375815510749817,0.7440219521522522,0.7519100308418274,0.7549722194671631
9720,-0.7300617694854736,28.364715576171875,28.207616806030273,2.122724235057831,0.7300617098808289,0.7300295233726501,0.01209432352334261,0.7077018618583679,0.7090421319007874,0.7135651707649231,0.7223939895629883,0.7300295233726501,0.7375815510749817,0.7440219521522522,0.7519100308418274,0.7549722194671631
9760,-0.7303207516670227,28.444671630859375,28.294170379638672,2.022818773984909,0.7303206920623779,0.7305647134780884,0.011886633932590485,0.7077018618583679,0.7105720043182373,0.714501678943634,0.7228638529777527,0.7305647134780884,0.7375815510749817,0.7440219521522522,0.7519100308418274,0.7549722194671631
9800,-0.7303727269172668,28.471721649169922,28.328086853027344,1.9627585709095001,0.7303726673126221,0.7305647134780884,0.011916051618754864,0.7077018618583679,0.7106772065162659,0.714501678943634,0.7228638529777527,0.7305647134780884,0.7376433610916138,0.7445869445800781,0.7519100308418274,0.7549722194671631
9840,-0.7303770780563354,28.430103302001953,28.293060302734375,1.9005157053470612,0.7303771376609802,0.7305647134780884,0.011914893053472042,0.7077018618583679,0.7106772065162659,0.714501678943634,0.7228638529777527,0.7305647134780884,0.7376433610916138,0.7445869445800781,0.7519100308418274,0.7549722194671631
9880,-0.7304341793060303,28.522037506103516,28.390722274780273,1.8339110314846039,0.7304341793060303,0.7307516932487488,0.011903964914381504,0.7077018618583679,0.7106772065162659,0.714501678943634,0.7228638529777527,0.7307516932487488,0.7376433610916138,0.7445869445800781,0.7519100308418274,0.7549722194671631
9920,-0.7304978966712952,28.450439453125,28.328948974609375,1.7786357402801514,0.7304978966712952,0.7307516932487488,0.011818984523415565,0.7077161073684692,0.7106772065162659,0.7147708535194397,0.7228638529777527,0.7307516932487488,0.7376433610916138,0.7445869445800781,0.7519100308418274,0.7549722194671631
9960,-0.7304978966712952,28.526260375976562,28.406904220581055,1.7460216879844666,0.7304978966712952,0.7307516932487488,0.011818984523415565,0.7077161073684692,0.7106772065162659,0.7147708535194397,0.7228638529777527,0.7307516932487488,0.7376433610916138,0.7445869445800781,0.7519100308418274,0.7549722194671631
10000,-0.7305418848991394,28.533077239990234,28.424274444580078,1.6653298139572144,0.7305419445037842,0.7307516932487488,0.011779142543673515,0.7077161073684692,0.7106772065162659,0.7148440480232239,0.7228638529777527,0.7307516932487488,0.7376433610916138,0.7445869445800781,0.7519100308418274,0.7549722194671631
