ConfigName: krbf__advnormalizedfitness__M4__L10__eps0p02__g0p002__ds0p05__dm0p05
Problem: NK
Kernel: rbf
Advantage: normalizedfitness
M: 4
lambda: 10
epsilon_svgd: 0.02
gamma: 0.002
decay_start_ratio: 0.05
decay_min_factor: 0.05
bandwith_kernel: None
no_interact: False
avg_score: 0.7305419445037842
median_score: 0.7307516932487488
std_score: 0.011779142543673515
percentiles: 2%=0.7077161073684692, 5%=0.7106772065162659, 10%=0.7148440480232239, 25%=0.7228638529777527, 50%=0.7307516932487488, 75%=0.7376433610916138, 90%=0.7445869445800781, 95%=0.7519100308418274, 98%=0.7549722194671631
ranking_best_algo: Tabu
ranking_best_score: 0.7429702712499999
ranking_my_rank: 2/504 (99.8%)
ranking_my_percent: 99.8015873015873
