ConfigName: krbf__advnormalizedfitness__M4__L12__eps0p033__g0p005__ds0p15__dm0p3
Problem: QUBO
Kernel: rbf
Advantage: normalizedfitness
M: 4
lambda: 12
epsilon_svgd: 0.033
gamma: 0.005
decay_start_ratio: 0.15
decay_min_factor: 0.3
bandwith_kernel: None
no_interact: False
avg_score: -1520.280029296875
median_score: -1520.5
std_score: 99.7852783203125
percentiles: 2%=-1713.280029296875, 5%=-1689.1500244140625, 10%=-1649.9000244140625, 25%=-1594.25, 50%=-1520.5, 75%=-1447.0, 90%=-1378.800048828125, 95%=-1353.0, 98%=-1345.0
ranking_best_algo: NLOPT_LN_PRAXIS
ranking_best_score: 1607.12
ranking_my_rank: 60/504 (88.3%)
ranking_my_percent: 88.2936507936508
