ConfigName: kjsd__advperagentrankweighted__M3__L20__eps0p007__g0p001__ds0p1__dm0p05
Problem: NK
Kernel: jsd
Advantage: peragentrankweighted
M: 3
lambda: 20
epsilon_svgd: 0.007
gamma: 0.001
decay_start_ratio: 0.1
decay_min_factor: 0.05
bandwith_kernel: None
no_interact: False
avg_score: 0.7580519318580627
median_score: 0.7588334083557129
std_score: 0.013509370386600494
percentiles: 2%=0.7289990782737732, 5%=0.7358822226524353, 10%=0.7405803799629211, 25%=0.750328779220581, 50%=0.7588334083557129, 75%=0.7662455439567566, 90%=0.7757202386856079, 95%=0.7799271941184998, 98%=0.7823339700698853
ranking_best_algo: Tabu
ranking_best_score: 0.7470791764843752
ranking_my_rank: 1/504 (100.0%)
ranking_my_percent: 100.0
