ConfigName: kjsd__advperagentrankweighted__M6__L10__eps0p02__g0p0005__ds0p2__dm0p05
Problem: NK
Kernel: jsd
Advantage: peragentrankweighted
M: 6
lambda: 10
epsilon_svgd: 0.02
gamma: 0.0005
decay_start_ratio: 0.2
decay_min_factor: 0.05
bandwith_kernel: None
no_interact: False
avg_score: 0.7063056826591492
median_score: 0.7088323831558228
std_score: 0.011979241855442524
percentiles: 2%=0.6852588653564453, 5%=0.6871795058250427, 10%=0.6899669170379639, 25%=0.6950893402099609, 50%=0.7088323831558228, 75%=0.7171066999435425, 90%=0.7201262712478638, 95%=0.7221466302871704, 98%=0.7232685089111328
ranking_best_algo: PBIL
ranking_best_score: 0.7013553837109374
ranking_my_rank: 1/504 (100.0%)
ranking_my_percent: 100.0
