ConfigName: krbf__advnormalizedfitness__M4__L12__eps0p015__g0p007__ds0p01__dm0p01
Problem: QUBO
Kernel: rbf
Advantage: normalizedfitness
M: 4
lambda: 12
epsilon_svgd: 0.015
gamma: 0.007
decay_start_ratio: 0.01
decay_min_factor: 0.01
bandwith_kernel: None
no_interact: False
avg_score: -332.70001220703125
median_score: -338.5
std_score: 21.82819175720215
percentiles: 2%=-372.0, 5%=-361.25, 10%=-354.0, 25%=-346.0, 50%=-338.5, 75%=-323.5, 90%=-300.70001220703125, 95%=-287.9000244140625, 98%=-279.7199401855469
ranking_best_algo: CMApara
ranking_best_score: 344.22
ranking_my_rank: 70/504 (86.3%)
ranking_my_percent: 86.30952380952381
