ConfigName: kjsd__advperagentrankweighted__M15__L8__eps0p005__g0p0005__ds0p05__dm0p05
Problem: NK
Kernel: jsd
Advantage: peragentrankweighted
M: 15
lambda: 8
epsilon_svgd: 0.005
gamma: 0.0005
decay_start_ratio: 0.05
decay_min_factor: 0.05
bandwith_kernel: None
no_interact: False
avg_score: 0.7291953563690186
median_score: 0.7305493354797363
std_score: 0.010921778157353401
percentiles: 2%=0.7046017646789551, 5%=0.709313154220581, 10%=0.7149140238761902, 25%=0.7207172513008118, 50%=0.7305493354797363, 75%=0.7364650368690491, 90%=0.7438988089561462, 95%=0.7452691197395325, 98%=0.746015727519989
ranking_best_algo: PBIL
ranking_best_score: 0.730509098125
ranking_my_rank: 3/504 (99.6%)
ranking_my_percent: 99.60317460317461
