ConfigName: kjsd__advperagentrankweighted__M4__L10__eps0p01__g0p0003__ds0p2__dm0p05
Problem: QUBO
Kernel: jsd
Advantage: peragentrankweighted
M: 4
lambda: 10
epsilon_svgd: 0.01
gamma: 0.0003
decay_start_ratio: 0.2
decay_min_factor: 0.05
bandwith_kernel: None
no_interact: False
avg_score: -929.6599731445312
median_score: -921.5
std_score: 63.29916763305664
percentiles: 2%=-1060.0400390625, 5%=-1046.0999755859375, 10%=-1020.9000244140625, 25%=-972.75, 50%=-921.5, 75%=-882.0, 90%=-858.7999877929688, 95%=-842.9500122070312, 98%=-822.9600219726562
ranking_best_algo: CMApara
ranking_best_score: 964.9
ranking_my_rank: 19/504 (96.4%)
ranking_my_percent: 96.42857142857143
