ConfigName: krbf__advnormalizedfitness__M4__L10__eps0p025__g0p015__ds0p3__dm0p01
Problem: QUBO
Kernel: rbf
Advantage: normalizedfitness
M: 4
lambda: 10
epsilon_svgd: 0.025
gamma: 0.015
decay_start_ratio: 0.3
decay_min_factor: 0.01
bandwith_kernel: None
no_interact: False
avg_score: -874.0999755859375
median_score: -874.0
std_score: 82.06735229492188
percentiles: 2%=-1058.0799560546875, 5%=-1030.1500244140625, 10%=-994.2000122070312, 25%=-915.0, 50%=-874.0, 75%=-820.0, 90%=-769.5999755859375, 95%=-746.10009765625, 98%=-714.719970703125
ranking_best_algo: CMApara
ranking_best_score: 964.9
ranking_my_rank: 224/504 (55.8%)
ranking_my_percent: 55.75396825396825
