ConfigName: kjsd__advperagentrankweighted__M3__L20__eps0p007__g0p0005__ds0p05__dm0p1
Problem: NK
Kernel: jsd
Advantage: peragentrankweighted
M: 3
lambda: 20
epsilon_svgd: 0.007
gamma: 0.0005
decay_start_ratio: 0.05
decay_min_factor: 0.1
bandwith_kernel: None
no_interact: False
avg_score: 0.7111307382583618
median_score: 0.6990687847137451
std_score: 0.0316588319838047
percentiles: 2%=0.6734704971313477, 5%=0.6742316484451294, 10%=0.6786937713623047, 25%=0.6824496388435364, 50%=0.6990687847137451, 75%=0.7468891739845276, 90%=0.7525737285614014, 95%=0.7613165378570557, 98%=0.7613165378570557
ranking_best_algo: CMApara
ranking_best_score: 0.7118996098437498
ranking_my_rank: 5/504 (99.2%)
ranking_my_percent: 99.2063492063492
