ConfigName: krbf__advnormalizedfitness__M3__L15__eps0p025__g0p007__ds0p3__dm0p01
Problem: QUBO
Kernel: rbf
Advantage: normalizedfitness
M: 3
lambda: 15
epsilon_svgd: 0.025
gamma: 0.007
decay_start_ratio: 0.3
decay_min_factor: 0.01
bandwith_kernel: None
no_interact: False
avg_score: -2424.760009765625
median_score: -2422.0
std_score: 155.96327209472656
percentiles: 2%=-2736.239990234375, 5%=-2680.300048828125, 10%=-2622.800048828125, 25%=-2523.0, 50%=-2422.0, 75%=-2341.75, 90%=-2227.39990234375, 95%=-2166.0, 98%=-2117.47998046875
ranking_best_algo: SVM1MetaModelLogNormal
ranking_best_score: 2605.14
ranking_my_rank: 91/504 (82.1%)
ranking_my_percent: 82.14285714285714
