ConfigName: krbf__advnormalizedfitness__M3__L10__eps0p025__g0p005__ds0p01__dm0p3
Problem: QUBO
Kernel: rbf
Advantage: normalizedfitness
M: 3
lambda: 10
epsilon_svgd: 0.025
gamma: 0.005
decay_start_ratio: 0.01
decay_min_factor: 0.3
bandwith_kernel: None
no_interact: False
avg_score: -938.719970703125
median_score: -933.5
std_score: 62.654781341552734
percentiles: 2%=-1063.02001953125, 5%=-1048.0, 10%=-1020.2999877929688, 25%=-989.0, 50%=-933.5, 75%=-891.0, 90%=-851.0, 95%=-839.9500122070312, 98%=-830.8399658203125
ranking_best_algo: CMApara
ranking_best_score: 964.9
ranking_my_rank: 7/504 (98.8%)
ranking_my_percent: 98.80952380952381
