ConfigName: kjsd__advperagentrankweighted__M5__L8__eps0p02__g0p0003__ds0p2__dm0p05
Problem: NK
Kernel: jsd
Advantage: peragentrankweighted
M: 5
lambda: 8
epsilon_svgd: 0.02
gamma: 0.0003
decay_start_ratio: 0.2
decay_min_factor: 0.05
bandwith_kernel: None
no_interact: False
avg_score: 0.705547034740448
median_score: 0.7078226804733276
std_score: 0.01614452712237835
percentiles: 2%=0.6612368822097778, 5%=0.6691468954086304, 10%=0.6860743165016174, 25%=0.7001765370368958, 50%=0.7078226804733276, 75%=0.7138276100158691, 90%=0.72273188829422, 95%=0.7317066192626953, 98%=0.7329660654067993
ranking_best_algo: CMApara
ranking_best_score: 0.707475975
ranking_my_rank: 7/504 (98.8%)
ranking_my_percent: 98.80952380952381
