ConfigName: kfr__advglobalrankweighted__M1__L9__eps0p01__g0p003__ds0p01__dm0p01
Problem: QUBO
Kernel: fr
Advantage: globalrankweighted
M: 1
lambda: 9
epsilon_svgd: 0.01
gamma: 0.003
decay_start_ratio: 0.01
decay_min_factor: 0.01
bandwith_kernel: None
no_interact: False
avg_score: -2549.06005859375
median_score: -2549.0
std_score: 149.40841674804688
percentiles: 2%=-2833.860107421875, 5%=-2792.14990234375, 10%=-2715.199951171875, 25%=-2658.0, 50%=-2549.0, 75%=-2434.0, 90%=-2357.800048828125, 95%=-2325.650146484375, 98%=-2247.800048828125
ranking_best_algo: DiscreteLengler2OnePlusOne
ranking_best_score: 2617.04
ranking_my_rank: 55/504 (89.3%)
ranking_my_percent: 89.28571428571429
