ConfigName: krbf__advnormalizedfitness__M4__L8__eps0p033__g0p01__ds0p3__dm0p01
Problem: QUBO
Kernel: rbf
Advantage: normalizedfitness
M: 4
lambda: 8
epsilon_svgd: 0.033
gamma: 0.01
decay_start_ratio: 0.3
decay_min_factor: 0.01
bandwith_kernel: None
no_interact: False
avg_score: -416.70001220703125
median_score: -416.0
std_score: 23.523393630981445
percentiles: 2%=-459.2799987792969, 5%=-455.1000061035156, 10%=-449.1000061035156, 25%=-432.5, 50%=-416.0, 75%=-398.0, 90%=-386.0, 95%=-384.0, 98%=-379.9599914550781
ranking_best_algo: Tabu
ranking_best_score: 438.12
ranking_my_rank: 43/504 (91.7%)
ranking_my_percent: 91.66666666666667
