ConfigName: kjsd__advperagentrankweighted__M5__L24__eps0p02__g0p0003__ds0p05__dm0p05
Problem: NK
Kernel: jsd
Advantage: peragentrankweighted
M: 5
lambda: 24
epsilon_svgd: 0.02
gamma: 0.0003
decay_start_ratio: 0.05
decay_min_factor: 0.05
bandwith_kernel: None
no_interact: False
avg_score: 0.7357923984527588
median_score: 0.738066554069519
std_score: 0.009267180226743221
percentiles: 2%=0.7157028913497925, 5%=0.7182527184486389, 10%=0.7206137180328369, 25%=0.7319941520690918, 50%=0.738066554069519, 75%=0.7416269183158875, 90%=0.7461321353912354, 95%=0.7470183968544006, 98%=0.751293420791626
ranking_best_algo: PBIL
ranking_best_score: 0.730509098125
ranking_my_rank: 1/504 (100.0%)
ranking_my_percent: 100.0
