ConfigName: kjsd__advperagentrankweighted__M3__L20__eps0p007__g0p001__ds0p2__dm0p1
Problem: QUBO
Kernel: jsd
Advantage: peragentrankweighted
M: 3
lambda: 20
epsilon_svgd: 0.007
gamma: 0.001
decay_start_ratio: 0.2
decay_min_factor: 0.1
bandwith_kernel: None
no_interact: False
avg_score: -1620.1800537109375
median_score: -1624.0
std_score: 61.728336334228516
percentiles: 2%=-1746.199951171875, 5%=-1723.199951171875, 10%=-1696.0999755859375, 25%=-1658.25, 50%=-1624.0, 75%=-1580.0, 90%=-1537.0, 95%=-1524.699951171875, 98%=-1512.8800048828125
ranking_best_algo: NLOPT_LN_PRAXIS
ranking_best_score: 1607.12
ranking_my_rank: 1/504 (100.0%)
ranking_my_percent: 100.0
