ConfigName: krbf__advnormalizedfitness__M3__L10__eps0p02__g0p005__ds0p15__dm0p05
Problem: QUBO
Kernel: rbf
Advantage: normalizedfitness
M: 3
lambda: 10
epsilon_svgd: 0.02
gamma: 0.005
decay_start_ratio: 0.15
decay_min_factor: 0.05
bandwith_kernel: None
no_interact: False
avg_score: -1599.0799560546875
median_score: -1592.0
std_score: 74.0546646118164
percentiles: 2%=-1723.4000244140625, 5%=-1711.050048828125, 10%=-1695.300048828125, 25%=-1652.5, 50%=-1592.0, 75%=-1548.5, 90%=-1505.9000244140625, 95%=-1491.75, 98%=-1436.6800537109375
ranking_best_algo: NLOPT_LN_PRAXIS
ranking_best_score: 1607.12
ranking_my_rank: 13/504 (97.6%)
ranking_my_percent: 97.61904761904762
