ConfigName: krbf__advnormalizedfitness__M4__L12__eps0p015__g0p01__ds0p3__dm0p01
Problem: QUBO
Kernel: rbf
Advantage: normalizedfitness
M: 4
lambda: 12
epsilon_svgd: 0.015
gamma: 0.01
decay_start_ratio: 0.3
decay_min_factor: 0.01
bandwith_kernel: None
no_interact: False
avg_score: -391.9599914550781
median_score: -391.0
std_score: 30.166181564331055
percentiles: 2%=-446.05999755859375, 5%=-437.04998779296875, 10%=-430.20001220703125, 25%=-413.5, 50%=-391.0, 75%=-371.5, 90%=-348.0, 95%=-344.0, 98%=-328.94000244140625
ranking_best_algo: Tabu
ranking_best_score: 438.12
ranking_my_rank: 256/504 (49.4%)
ranking_my_percent: 49.404761904761905
