ConfigName: kjsd__advperagentrankweighted__M4__L20__eps0p007__g0p0005__ds0p05__dm0p2
Problem: NK
Kernel: jsd
Advantage: peragentrankweighted
M: 4
lambda: 20
epsilon_svgd: 0.007
gamma: 0.0005
decay_start_ratio: 0.05
decay_min_factor: 0.2
bandwith_kernel: None
no_interact: False
avg_score: 0.7554165124893188
median_score: 0.7550187706947327
std_score: 0.013407081365585327
percentiles: 2%=0.730146050453186, 5%=0.7334323525428772, 10%=0.7388946413993835, 25%=0.7451712489128113, 50%=0.7550187706947327, 75%=0.7650393843650818, 90%=0.7723482847213745, 95%=0.777664065361023, 98%=0.7808800935745239
ranking_best_algo: Tabu
ranking_best_score: 0.7657846284375001
ranking_my_rank: 5/504 (99.2%)
ranking_my_percent: 99.2063492063492
