ConfigName: kfr__advglobalrankweighted__M2__L7__eps0p01__g0p003__ds0p01__dm0p01
Problem: QUBO
Kernel: fr
Advantage: globalrankweighted
M: 2
lambda: 7
epsilon_svgd: 0.01
gamma: 0.003
decay_start_ratio: 0.01
decay_min_factor: 0.01
bandwith_kernel: None
no_interact: False
avg_score: -2610.820068359375
median_score: -2610.5
std_score: 133.4659881591797
percentiles: 2%=-2862.239990234375, 5%=-2830.10009765625, 10%=-2783.300048828125, 25%=-2692.0, 50%=-2610.5, 75%=-2509.75, 90%=-2455.0, 95%=-2419.250244140625, 98%=-2378.52001953125
ranking_best_algo: DiscreteLengler2OnePlusOne
ranking_best_score: 2617.04
ranking_my_rank: 2/504 (99.8%)
ranking_my_percent: 99.8015873015873
