ConfigName: krbf__advnormalizedfitness__M3__L8__eps0p033__g0p005__ds0p01__dm0p3
Problem: QUBO
Kernel: rbf
Advantage: normalizedfitness
M: 3
lambda: 8
epsilon_svgd: 0.033
gamma: 0.005
decay_start_ratio: 0.01
decay_min_factor: 0.3
bandwith_kernel: None
no_interact: False
avg_score: -1224.43994140625
median_score: -1226.5
std_score: 72.46424102783203
percentiles: 2%=-1364.8399658203125, 5%=-1347.5999755859375, 10%=-1312.0, 25%=-1273.25, 50%=-1226.5, 75%=-1171.0, 90%=-1136.9000244140625, 95%=-1102.9000244140625, 98%=-1092.9599609375
ranking_best_algo: SVMMetaModelLogNormal
ranking_best_score: 1233.7999999999997
ranking_my_rank: 14/504 (97.4%)
ranking_my_percent: 97.42063492063492
