ConfigName: krbf__advnormalizedfitness__M3__L8__eps0p033__g0p015__ds0p3__dm0p01
Problem: QUBO
Kernel: rbf
Advantage: normalizedfitness
M: 3
lambda: 8
epsilon_svgd: 0.033
gamma: 0.015
decay_start_ratio: 0.3
decay_min_factor: 0.01
bandwith_kernel: None
no_interact: False
avg_score: -1561.780029296875
median_score: -1557.0
std_score: 86.20563507080078
percentiles: 2%=-1729.47998046875, 5%=-1688.25, 10%=-1675.199951171875, 25%=-1613.25, 50%=-1557.0, 75%=-1512.75, 90%=-1454.800048828125, 95%=-1412.9000244140625, 98%=-1406.8199462890625
ranking_best_algo: NLOPT_LN_PRAXIS
ranking_best_score: 1607.12
ranking_my_rank: 49/504 (90.5%)
ranking_my_percent: 90.47619047619048
