ConfigName: kjsd__advperagentrankweighted__M5__L12__eps0p02__g0p0007__ds0p05__dm0p05
Problem: QUBO
Kernel: jsd
Advantage: peragentrankweighted
M: 5
lambda: 12
epsilon_svgd: 0.02
gamma: 0.0007
decay_start_ratio: 0.05
decay_min_factor: 0.05
bandwith_kernel: None
no_interact: False
avg_score: -3292.820068359375
median_score: -3282.5
std_score: 120.24361419677734
percentiles: 2%=-3528.800048828125, 5%=-3525.050048828125, 10%=-3446.699951171875, 25%=-3363.25, 50%=-3282.5, 75%=-3215.5, 90%=-3150.0, 95%=-3093.699951171875, 98%=-3044.860107421875
ranking_best_algo: RLSOnePlusOne
ranking_best_score: 3316.5199999999995
ranking_my_rank: 3/504 (99.6%)
ranking_my_percent: 99.60317460317461
