ConfigName: kjsd__advperagentrankweighted__M4__L24__eps0p005__g0p0007__ds0p05__dm0p05
Problem: NK
Kernel: jsd
Advantage: peragentrankweighted
M: 4
lambda: 24
epsilon_svgd: 0.005
gamma: 0.0007
decay_start_ratio: 0.05
decay_min_factor: 0.05
bandwith_kernel: None
no_interact: False
avg_score: 0.7109900116920471
median_score: 0.7122269868850708
std_score: 0.01532321609556675
percentiles: 2%=0.6720078587532043, 5%=0.6731093525886536, 10%=0.6964848637580872, 25%=0.7078048586845398, 50%=0.7122269868850708, 75%=0.7193346619606018, 90%=0.7255539894104004, 95%=0.7324154376983643, 98%=0.7336934804916382
ranking_best_algo: CMApara
ranking_best_score: 0.707475975
ranking_my_rank: 1/504 (100.0%)
ranking_my_percent: 100.0
