ConfigName: kjsd__advperagentrankweighted__M3__L16__eps0p005__g0p0005__ds0p05__dm0p05
Problem: QUBO
Kernel: jsd
Advantage: peragentrankweighted
M: 3
lambda: 16
epsilon_svgd: 0.005
gamma: 0.0005
decay_start_ratio: 0.05
decay_min_factor: 0.05
bandwith_kernel: None
no_interact: False
avg_score: -2653.639892578125
median_score: -2663.5
std_score: 135.33657836914062
percentiles: 2%=-2893.300048828125, 5%=-2866.800048828125, 10%=-2814.300048828125, 25%=-2753.0, 50%=-2663.5, 75%=-2545.25, 90%=-2475.0, 95%=-2433.0, 98%=-2397.840087890625
ranking_best_algo: DiscreteLengler2OnePlusOne
ranking_best_score: 2617.04
ranking_my_rank: 1/504 (100.0%)
ranking_my_percent: 100.0
