ConfigName: kjsd__advperagentrankweighted__M5__L8__eps0p01__g0p0003__ds0p2__dm0p05
Problem: QUBO
Kernel: jsd
Advantage: peragentrankweighted
M: 5
lambda: 8
epsilon_svgd: 0.01
gamma: 0.0003
decay_start_ratio: 0.2
decay_min_factor: 0.05
bandwith_kernel: None
no_interact: False
avg_score: -1239.3399658203125
median_score: -1237.0
std_score: 62.180580139160156
percentiles: 2%=-1372.280029296875, 5%=-1348.9000244140625, 10%=-1331.199951171875, 25%=-1279.25, 50%=-1237.0, 75%=-1186.75, 90%=-1166.9000244140625, 95%=-1157.550048828125, 98%=-1137.0
ranking_best_algo: SVMMetaModelLogNormal
ranking_best_score: 1233.7999999999997
ranking_my_rank: 1/504 (100.0%)
ranking_my_percent: 100.0
