ConfigName: kjsd__advperagentrankweighted__M3__L20__eps0p005__g0p003__ds0p05__dm0p2
Problem: QUBO
Kernel: jsd
Advantage: peragentrankweighted
M: 3
lambda: 20
epsilon_svgd: 0.005
gamma: 0.003
decay_start_ratio: 0.05
decay_min_factor: 0.2
bandwith_kernel: None
no_interact: False
avg_score: -1187.280029296875
median_score: -1189.0
std_score: 113.15945434570312
percentiles: 2%=-1431.47998046875, 5%=-1398.050048828125, 10%=-1338.699951171875, 25%=-1261.5, 50%=-1189.0, 75%=-1101.75, 90%=-1039.0, 95%=-1013.0, 98%=-998.719970703125
ranking_best_algo: NLOPT_LN_PRAXIS
ranking_best_score: 1607.12
ranking_my_rank: 274/504 (45.8%)
ranking_my_percent: 45.833333333333336
