ConfigName: kjsd__advperagentrankweighted__M3__L20__eps0p005__g0p0005__ds0p1__dm0p1
Problem: QUBO
Kernel: jsd
Advantage: peragentrankweighted
M: 3
lambda: 20
epsilon_svgd: 0.005
gamma: 0.0005
decay_start_ratio: 0.1
decay_min_factor: 0.1
bandwith_kernel: None
no_interact: False
avg_score: -942.5399780273438
median_score: -943.5
std_score: 62.369930267333984
percentiles: 2%=-1068.1600341796875, 5%=-1046.0999755859375, 10%=-1034.0999755859375, 25%=-983.25, 50%=-943.5, 75%=-898.75, 90%=-865.0, 95%=-848.2999877929688, 98%=-828.780029296875
ranking_best_algo: CMApara
ranking_best_score: 964.9
ranking_my_rank: 3/504 (99.6%)
ranking_my_percent: 99.60317460317461
