ConfigName: krbf__advnormalizedfitness__M3__L15__eps0p015__g0p01__ds0p3__dm0p01
Problem: QUBO
Kernel: rbf
Advantage: normalizedfitness
M: 3
lambda: 15
epsilon_svgd: 0.015
gamma: 0.01
decay_start_ratio: 0.3
decay_min_factor: 0.01
bandwith_kernel: None
no_interact: False
avg_score: -306.8800048828125
median_score: -306.0
std_score: 39.6886100769043
percentiles: 2%=-394.0400085449219, 5%=-382.1000061035156, 10%=-356.1999816894531, 25%=-330.0, 50%=-306.0, 75%=-271.75, 90%=-258.8999938964844, 95%=-251.95001220703125, 98%=-243.95999145507812
ranking_best_algo: CMApara
ranking_best_score: 319.29999999999995
ranking_my_rank: 110/504 (78.4%)
ranking_my_percent: 78.37301587301587
