ConfigName: kjsd__advperagentrankweighted__M3__L24__eps0p007__g0p001__ds0p2__dm0p1
Problem: NK
Kernel: jsd
Advantage: peragentrankweighted
M: 3
lambda: 24
epsilon_svgd: 0.007
gamma: 0.001
decay_start_ratio: 0.2
decay_min_factor: 0.1
bandwith_kernel: None
no_interact: False
avg_score: 0.7077022790908813
median_score: 0.7066570520401001
std_score: 0.011375733651220798
percentiles: 2%=0.6873522400856018, 5%=0.6897391080856323, 10%=0.6939374804496765, 25%=0.6998413801193237, 50%=0.7066570520401001, 75%=0.7153774499893188, 90%=0.7235909700393677, 95%=0.7288339138031006, 98%=0.7317784428596497
ranking_best_algo: PBIL
ranking_best_score: 0.7170882103515624
ranking_my_rank: 57/504 (88.9%)
ranking_my_percent: 88.88888888888889
