ConfigName: kjsd__advperagentrankweighted__M3__L18__eps0p007__g0p0005__ds0p1__dm0p1
Problem: QUBO
Kernel: jsd
Advantage: peragentrankweighted
M: 3
lambda: 18
epsilon_svgd: 0.007
gamma: 0.0005
decay_start_ratio: 0.1
decay_min_factor: 0.1
bandwith_kernel: None
no_interact: False
avg_score: -1627.47998046875
median_score: -1630.0
std_score: 57.70571517944336
percentiles: 2%=-1747.47998046875, 5%=-1719.9000244140625, 10%=-1695.5, 25%=-1668.25, 50%=-1630.0, 75%=-1586.5, 90%=-1551.5, 95%=-1538.800048828125, 98%=-1518.6400146484375
ranking_best_algo: NLOPT_LN_PRAXIS
ranking_best_score: 1607.12
ranking_my_rank: 1/504 (100.0%)
ranking_my_percent: 100.0
