ConfigName: kjsd__advperagentrankweighted__M3__L16__eps0p007__g0p0007__ds0p05__dm0p05
Problem: NK
Kernel: jsd
Advantage: peragentrankweighted
M: 3
lambda: 16
epsilon_svgd: 0.007
gamma: 0.0007
decay_start_ratio: 0.05
decay_min_factor: 0.05
bandwith_kernel: None
no_interact: False
avg_score: 0.742697536945343
median_score: 0.7400869131088257
std_score: 0.028730304911732674
percentiles: 2%=0.6996942758560181, 5%=0.7059498429298401, 10%=0.7085076570510864, 25%=0.7213035225868225, 50%=0.7400869131088257, 75%=0.7587977647781372, 90%=0.7782467603683472, 95%=0.8044298887252808, 98%=0.8104566931724548
ranking_best_algo: CMApara
ranking_best_score: 0.7459277895312499
ranking_my_rank: 17/504 (96.8%)
ranking_my_percent: 96.82539682539682
