ConfigName: kjsd__advperagentrankweighted__M5__L24__eps0p005__g0p0005__ds0p05__dm0p05
Problem: QUBO
Kernel: jsd
Advantage: peragentrankweighted
M: 5
lambda: 24
epsilon_svgd: 0.005
gamma: 0.0005
decay_start_ratio: 0.05
decay_min_factor: 0.05
bandwith_kernel: None
no_interact: False
avg_score: -313.3800048828125
median_score: -319.0
std_score: 37.635826110839844
percentiles: 2%=-390.0799865722656, 5%=-388.0, 10%=-355.79998779296875, 25%=-338.0, 50%=-319.0, 75%=-279.0, 90%=-270.0, 95%=-266.0, 98%=-259.9599914550781
ranking_best_algo: CMApara
ranking_best_score: 319.29999999999995
ranking_my_rank: 29/504 (94.4%)
ranking_my_percent: 94.44444444444444
