ConfigName: kjsd__advperagentrankweighted__M3__L16__eps0p005__g0p0007__ds0p1__dm0p1
Problem: NK
Kernel: jsd
Advantage: peragentrankweighted
M: 3
lambda: 16
epsilon_svgd: 0.005
gamma: 0.0007
decay_start_ratio: 0.1
decay_min_factor: 0.1
bandwith_kernel: None
no_interact: False
avg_score: 0.7421759963035583
median_score: 0.7424277663230896
std_score: 0.014881253242492676
percentiles: 2%=0.7134003639221191, 5%=0.7177389860153198, 10%=0.7237964868545532, 25%=0.7323935031890869, 50%=0.7424277663230896, 75%=0.7525054216384888, 90%=0.7637015581130981, 95%=0.7670474648475647, 98%=0.7684510350227356
ranking_best_algo: Tabu
ranking_best_score: 0.7601875690625
ranking_my_rank: 11/504 (98.0%)
ranking_my_percent: 98.01587301587301
