ConfigName: kjsd__advperagentrankweighted__M4__L8__eps0p03__g0p0005__ds0p2__dm0p05
Problem: NK
Kernel: jsd
Advantage: peragentrankweighted
M: 4
lambda: 8
epsilon_svgd: 0.03
gamma: 0.0005
decay_start_ratio: 0.2
decay_min_factor: 0.05
bandwith_kernel: None
no_interact: False
avg_score: 0.7368281483650208
median_score: 0.7357767820358276
std_score: 0.014350426383316517
percentiles: 2%=0.7121322154998779, 5%=0.7162209153175354, 10%=0.7183043956756592, 25%=0.7265961170196533, 50%=0.7357767820358276, 75%=0.7461996674537659, 90%=0.7570084929466248, 95%=0.7623473405838013, 98%=0.7676510810852051
ranking_best_algo: Tabu
ranking_best_score: 0.7657846284375001
ranking_my_rank: 125/504 (75.4%)
ranking_my_percent: 75.39682539682539
