ConfigName: krbf__advnormalizedfitness__M3__L8__eps0p033__g0p015__ds0p01__dm0p01
Problem: NK
Kernel: rbf
Advantage: normalizedfitness
M: 3
lambda: 8
epsilon_svgd: 0.033
gamma: 0.015
decay_start_ratio: 0.01
decay_min_factor: 0.01
bandwith_kernel: None
no_interact: False
avg_score: 0.707812488079071
median_score: 0.7088666558265686
std_score: 0.011707286350429058
percentiles: 2%=0.6887681484222412, 5%=0.69045090675354, 10%=0.6931464076042175, 25%=0.6966916918754578, 50%=0.7088666558265686, 75%=0.7187535762786865, 90%=0.722305417060852, 95%=0.7236093878746033, 98%=0.724143385887146
ranking_best_algo: PBIL
ranking_best_score: 0.7013553837109374
ranking_my_rank: 1/504 (100.0%)
ranking_my_percent: 100.0
