ConfigName: kjsd__advperagentrankweighted__M3__L16__eps0p01__g0p001__ds0p05__dm0p05
Problem: NK
Kernel: jsd
Advantage: peragentrankweighted
M: 3
lambda: 16
epsilon_svgd: 0.01
gamma: 0.001
decay_start_ratio: 0.05
decay_min_factor: 0.05
bandwith_kernel: None
no_interact: False
avg_score: 0.7070931792259216
median_score: 0.7099204659461975
std_score: 0.01178703922778368
percentiles: 2%=0.6880415678024292, 5%=0.6900007724761963, 10%=0.6919445991516113, 25%=0.695711612701416, 50%=0.7099204659461975, 75%=0.7168972492218018, 90%=0.7220116257667542, 95%=0.7228174805641174, 98%=0.7241289615631104
ranking_best_algo: PBIL
ranking_best_score: 0.7013553837109374
ranking_my_rank: 1/504 (100.0%)
ranking_my_percent: 100.0
