ConfigName: krbf__advnormalizedfitness__M1__L8__eps0p025__g0p01__ds0p3__dm0p01
Problem: QUBO
Kernel: rbf
Advantage: normalizedfitness
M: 1
lambda: 8
epsilon_svgd: 0.025
gamma: 0.01
decay_start_ratio: 0.3
decay_min_factor: 0.01
bandwith_kernel: None
no_interact: False
avg_score: -192.17999267578125
median_score: -190.5
std_score: 16.291336059570312
percentiles: 2%=-224.0, 5%=-220.0, 10%=-215.10000610351562, 25%=-205.0, 50%=-190.5, 75%=-180.0, 90%=-171.0, 95%=-168.95001220703125, 98%=-164.95999145507812
ranking_best_algo: Tabu
ranking_best_score: 208.36000000000004
ranking_my_rank: 228/504 (55.0%)
ranking_my_percent: 54.96031746031746
