ConfigName: krbf__advnormalizedfitness__M4__L12__eps0p033__g0p005__ds0p3__dm0p3
Problem: QUBO
Kernel: rbf
Advantage: normalizedfitness
M: 4
lambda: 12
epsilon_svgd: 0.033
gamma: 0.005
decay_start_ratio: 0.3
decay_min_factor: 0.3
bandwith_kernel: None
no_interact: False
avg_score: -1237.1800537109375
median_score: -1235.0
std_score: 79.81370544433594
percentiles: 2%=-1391.0400390625, 5%=-1362.199951171875, 10%=-1345.0999755859375, 25%=-1308.0, 50%=-1235.0, 75%=-1184.5, 90%=-1132.800048828125, 95%=-1116.4000244140625, 98%=-1085.0
ranking_best_algo: BigLognormalDiscreteOnePlusOne
ranking_best_score: 1301.3600000000004
ranking_my_rank: 57/504 (88.9%)
ranking_my_percent: 88.88888888888889
