ConfigName: krbf__advnormalizedfitness__M3__L10__eps0p025__g0p01__ds0p15__dm0p01
Problem: NK
Kernel: rbf
Advantage: normalizedfitness
M: 3
lambda: 10
epsilon_svgd: 0.025
gamma: 0.01
decay_start_ratio: 0.15
decay_min_factor: 0.01
bandwith_kernel: None
no_interact: False
avg_score: 0.7229997515678406
median_score: 0.7223716974258423
std_score: 0.013905384577810764
percentiles: 2%=0.6940305233001709, 5%=0.6991721987724304, 10%=0.702690601348877, 25%=0.7154076099395752, 50%=0.7223716974258423, 75%=0.7304321527481079, 90%=0.7405866384506226, 95%=0.7455773949623108, 98%=0.7485706806182861
ranking_best_algo: Tabu
ranking_best_score: 0.7429702712499999
ranking_my_rank: 6/504 (99.0%)
ranking_my_percent: 99.0079365079365
