ConfigName: kjsd__advperagentrankweighted__M4__L8__eps0p005__g0p0005__ds0p05__dm0p2
Problem: QUBO
Kernel: jsd
Advantage: peragentrankweighted
M: 4
lambda: 8
epsilon_svgd: 0.005
gamma: 0.0005
decay_start_ratio: 0.05
decay_min_factor: 0.2
bandwith_kernel: None
no_interact: False
avg_score: -1629.8399658203125
median_score: -1632.5
std_score: 63.40973663330078
percentiles: 2%=-1755.56005859375, 5%=-1739.3499755859375, 10%=-1717.0, 25%=-1669.5, 50%=-1632.5, 75%=-1578.5, 90%=-1546.5999755859375, 95%=-1538.949951171875, 98%=-1522.9200439453125
ranking_best_algo: NLOPT_LN_PRAXIS
ranking_best_score: 1607.12
ranking_my_rank: 1/504 (100.0%)
ranking_my_percent: 100.0
