ConfigName: kjsd__advperagentrankweighted__M6__L8__eps0p02__g0p0003__ds0p2__dm0p05
Problem: NK
Kernel: jsd
Advantage: peragentrankweighted
M: 6
lambda: 8
epsilon_svgd: 0.02
gamma: 0.0003
decay_start_ratio: 0.2
decay_min_factor: 0.05
bandwith_kernel: None
no_interact: False
avg_score: 0.7275952100753784
median_score: 0.7266436815261841
std_score: 0.013200688175857067
percentiles: 2%=0.7087895274162292, 5%=0.7097190618515015, 10%=0.7106010913848877, 25%=0.718033492565155, 50%=0.7266436815261841, 75%=0.734771728515625, 90%=0.7442444562911987, 95%=0.7528842687606812, 98%=0.7549718022346497
ranking_best_algo: Tabu
ranking_best_score: 0.7601875690625
ranking_my_rank: 58/504 (88.7%)
ranking_my_percent: 88.69047619047619
