ConfigName: krbf__advnormalizedfitness__M4__L15__eps0p015__g0p01__ds0p3__dm0p3
Problem: QUBO
Kernel: rbf
Advantage: normalizedfitness
M: 4
lambda: 15
epsilon_svgd: 0.015
gamma: 0.01
decay_start_ratio: 0.3
decay_min_factor: 0.3
bandwith_kernel: None
no_interact: False
avg_score: -272.6199951171875
median_score: -268.0
std_score: 33.91954803466797
percentiles: 2%=-351.0, 5%=-327.3999938964844, 10%=-317.3999938964844, 25%=-299.0, 50%=-268.0, 75%=-246.0, 90%=-232.8000030517578, 95%=-224.80001831054688, 98%=-217.91998291015625
ranking_best_algo: CMAL3
ranking_best_score: 435.36
ranking_my_rank: 385/504 (23.8%)
ranking_my_percent: 23.80952380952381
