ConfigName: krbf__advnormalizedfitness__M4__L15__eps0p025__g0p01__ds0p15__dm0p01
Problem: QUBO
Kernel: rbf
Advantage: normalizedfitness
M: 4
lambda: 15
epsilon_svgd: 0.025
gamma: 0.01
decay_start_ratio: 0.15
decay_min_factor: 0.01
bandwith_kernel: None
no_interact: False
avg_score: -1085.3199462890625
median_score: -1088.0
std_score: 84.76648712158203
percentiles: 2%=-1265.1199951171875, 5%=-1226.25, 10%=-1195.9000244140625, 25%=-1129.25, 50%=-1088.0, 75%=-1028.75, 90%=-979.5999755859375, 95%=-950.5000610351562, 98%=-906.5399169921875
ranking_best_algo: Tabu
ranking_best_score: 1216.16
ranking_my_rank: 219/504 (56.7%)
ranking_my_percent: 56.74603174603175
