ConfigName: kjsd__advperagentrankweighted__M3__L16__eps0p01__g0p0005__ds0p1__dm0p05
Problem: NK
Kernel: jsd
Advantage: peragentrankweighted
M: 3
lambda: 16
epsilon_svgd: 0.01
gamma: 0.0005
decay_start_ratio: 0.1
decay_min_factor: 0.05
bandwith_kernel: None
no_interact: False
avg_score: 0.7475447654724121
median_score: 0.7480506896972656
std_score: 0.015914468094706535
percentiles: 2%=0.7140899300575256, 5%=0.7169970273971558, 10%=0.7257084250450134, 25%=0.7386217713356018, 50%=0.7480506896972656, 75%=0.7600393891334534, 90%=0.7661961913108826, 95%=0.7717900276184082, 98%=0.7775276303291321
ranking_best_algo: Tabu
ranking_best_score: 0.7657846284375001
ranking_my_rank: 35/504 (93.3%)
ranking_my_percent: 93.25396825396825
