ConfigName: kfr__advglobalrankweighted__M4__L10__eps0p01__g0p003__ds0p01__dm0p01
Problem: QUBO
Kernel: fr
Advantage: globalrankweighted
M: 4
lambda: 10
epsilon_svgd: 0.01
gamma: 0.003
decay_start_ratio: 0.01
decay_min_factor: 0.01
bandwith_kernel: None
no_interact: False
avg_score: -331.4800109863281
median_score: -338.0
std_score: 21.11704444885254
percentiles: 2%=-372.0, 5%=-361.54998779296875, 10%=-350.3999938964844, 25%=-343.5, 50%=-338.0, 75%=-320.0, 90%=-302.70001220703125, 95%=-289.8999938964844, 98%=-279.9599914550781
ranking_best_algo: CMApara
ranking_best_score: 344.22
ranking_my_rank: 76/504 (85.1%)
ranking_my_percent: 85.11904761904762
