ConfigName: krbf__advnormalizedfitness__M5__L8__eps0p025__g0p01__ds0p05__dm0p05
Problem: NK
Kernel: rbf
Advantage: normalizedfitness
M: 5
lambda: 8
epsilon_svgd: 0.025
gamma: 0.01
decay_start_ratio: 0.05
decay_min_factor: 0.05
bandwith_kernel: None
no_interact: False
avg_score: 0.7440217733383179
median_score: 0.74406898021698
std_score: 0.018322182819247246
percentiles: 2%=0.708497941493988, 5%=0.7131348848342896, 10%=0.7209058403968811, 25%=0.7309545278549194, 50%=0.74406898021698, 75%=0.7581706047058105, 90%=0.7684108018875122, 95%=0.7723867893218994, 98%=0.7761622667312622
ranking_best_algo: Tabu
ranking_best_score: 0.7470791764843752
ranking_my_rank: 3/504 (99.6%)
ranking_my_percent: 99.60317460317461
