ConfigName: krbf__advnormalizedfitness__M3__L12__eps0p033__g0p015__ds0p01__dm0p3
Problem: NK
Kernel: rbf
Advantage: normalizedfitness
M: 3
lambda: 12
epsilon_svgd: 0.033
gamma: 0.015
decay_start_ratio: 0.01
decay_min_factor: 0.3
bandwith_kernel: None
no_interact: False
avg_score: 0.5813820362091064
median_score: 0.5804193615913391
std_score: 0.006692173425108194
percentiles: 2%=0.5711831450462341, 5%=0.5725380778312683, 10%=0.5732948184013367, 25%=0.5765652656555176, 50%=0.5804193615913391, 75%=0.5859546661376953, 90%=0.5888479948043823, 95%=0.5926358103752136, 98%=0.5958065986633301
ranking_best_algo: PBIL
ranking_best_score: 0.7170882103515624
ranking_my_rank: 384/504 (24.0%)
ranking_my_percent: 24.00793650793651
