ConfigName: kjsd__advperagentrankweighted__M8__L8__eps0p005__g0p0005__ds0p05__dm0p05
Problem: NK
Kernel: jsd
Advantage: peragentrankweighted
M: 8
lambda: 8
epsilon_svgd: 0.005
gamma: 0.0005
decay_start_ratio: 0.05
decay_min_factor: 0.05
bandwith_kernel: None
no_interact: False
avg_score: 0.7112812995910645
median_score: 0.7113111019134521
std_score: 0.015225157141685486
percentiles: 2%=0.6736421585083008, 5%=0.6740919351577759, 10%=0.6973563432693481, 25%=0.7088062167167664, 50%=0.7113111019134521, 75%=0.7206989526748657, 90%=0.7255598306655884, 95%=0.7323246598243713, 98%=0.7331593632698059
ranking_best_algo: CMApara
ranking_best_score: 0.707475975
ranking_my_rank: 1/504 (100.0%)
ranking_my_percent: 100.0
