ConfigName: kjsd__advperagentrankweighted__M3__L16__eps0p005__g0p001__ds0p1__dm0p05
Problem: QUBO
Kernel: jsd
Advantage: peragentrankweighted
M: 3
lambda: 16
epsilon_svgd: 0.005
gamma: 0.001
decay_start_ratio: 0.1
decay_min_factor: 0.05
bandwith_kernel: None
no_interact: False
avg_score: -139.1199951171875
median_score: -138.5
std_score: 11.741619110107422
percentiles: 2%=-160.0, 5%=-160.0, 10%=-157.10000610351562, 25%=-147.0, 50%=-138.5, 75%=-129.0, 90%=-123.0, 95%=-120.94999694824219, 98%=-117.9800033569336
ranking_best_algo: DiscreteDE
ranking_best_score: 143.4
ranking_my_rank: 88/504 (82.7%)
ranking_my_percent: 82.73809523809524
