ConfigName: kjsd__advperagentrankweighted__M6__L28__eps0p005__g0p0005__ds0p3__dm0p05
Problem: NK
Kernel: jsd
Advantage: peragentrankweighted
M: 6
lambda: 28
epsilon_svgd: 0.005
gamma: 0.0005
decay_start_ratio: 0.3
decay_min_factor: 0.05
bandwith_kernel: None
no_interact: False
avg_score: 0.6986947059631348
median_score: 0.6953659653663635
std_score: 0.018003087490797043
percentiles: 2%=0.6675878763198853, 5%=0.6730865836143494, 10%=0.6765627861022949, 25%=0.6843967437744141, 50%=0.6953659653663635, 75%=0.7116583585739136, 90%=0.7217035293579102, 95%=0.7304472327232361, 98%=0.7366817593574524
ranking_best_algo: PBIL
ranking_best_score: 0.733570253046875
ranking_my_rank: 117/504 (77.0%)
ranking_my_percent: 76.98412698412699
