ConfigName: krbf__advnormalizedfitness__M4__L12__eps0p015__g0p007__ds0p15__dm0p01
Problem: QUBO
Kernel: rbf
Advantage: normalizedfitness
M: 4
lambda: 12
epsilon_svgd: 0.015
gamma: 0.007
decay_start_ratio: 0.15
decay_min_factor: 0.01
bandwith_kernel: None
no_interact: False
avg_score: -1121.0799560546875
median_score: -1109.5
std_score: 81.31478118896484
percentiles: 2%=-1291.8800048828125, 5%=-1268.050048828125, 10%=-1231.699951171875, 25%=-1172.5, 50%=-1109.5, 75%=-1062.25, 90%=-1020.7999877929688, 95%=-995.9000244140625, 98%=-990.7799682617188
ranking_best_algo: Tabu
ranking_best_score: 1216.16
ranking_my_rank: 165/504 (67.5%)
ranking_my_percent: 67.46031746031746
