ConfigName: kfr__advglobalrankweighted__M1__L7__eps0p015__g0p005__ds0p01__dm0p01
Problem: QUBO
Kernel: fr
Advantage: globalrankweighted
M: 1
lambda: 7
epsilon_svgd: 0.015
gamma: 0.005
decay_start_ratio: 0.01
decay_min_factor: 0.01
bandwith_kernel: None
no_interact: False
avg_score: -2512.52001953125
median_score: -2513.0
std_score: 135.27264404296875
percentiles: 2%=-2775.5400390625, 5%=-2722.699951171875, 10%=-2680.0, 25%=-2594.0, 50%=-2513.0, 75%=-2444.5, 90%=-2324.10009765625, 95%=-2263.4501953125, 98%=-2219.559814453125
ranking_best_algo: DiscreteLengler2OnePlusOne
ranking_best_score: 2617.04
ranking_my_rank: 64/504 (87.5%)
ranking_my_percent: 87.5
