ConfigName: kjsd__advperagentrankweighted__M3__L24__eps0p007__g0p001__ds0p05__dm0p05
Problem: NK
Kernel: jsd
Advantage: peragentrankweighted
M: 3
lambda: 24
epsilon_svgd: 0.007
gamma: 0.001
decay_start_ratio: 0.05
decay_min_factor: 0.05
bandwith_kernel: None
no_interact: False
avg_score: 0.7173537611961365
median_score: 0.7169452905654907
std_score: 0.009599153883755207
percentiles: 2%=0.6996020674705505, 5%=0.7025386691093445, 10%=0.7051600217819214, 25%=0.7098111510276794, 50%=0.7169452905654907, 75%=0.7235074043273926, 90%=0.7308582663536072, 95%=0.732662558555603, 98%=0.7347279787063599
ranking_best_algo: PBIL
ranking_best_score: 0.7170882103515624
ranking_my_rank: 1/504 (100.0%)
ranking_my_percent: 100.0
