ConfigName: kjsd__advperagentrankweighted__M5__L10__eps0p02__g0p0003__ds0p05__dm0p05
Problem: QUBO
Kernel: jsd
Advantage: peragentrankweighted
M: 5
lambda: 10
epsilon_svgd: 0.02
gamma: 0.0003
decay_start_ratio: 0.05
decay_min_factor: 0.05
bandwith_kernel: None
no_interact: False
avg_score: -1161.3399658203125
median_score: -1153.0
std_score: 63.42920684814453
percentiles: 2%=-1307.43994140625, 5%=-1265.9000244140625, 10%=-1233.199951171875, 25%=-1206.0, 50%=-1153.0, 75%=-1115.0, 90%=-1080.9000244140625, 95%=-1067.75, 98%=-1057.0
ranking_best_algo: Tabu
ranking_best_score: 1216.16
ranking_my_rank: 99/504 (80.6%)
ranking_my_percent: 80.55555555555556
