ConfigName: krbf__advnormalizedfitness__M3__L8__eps0p015__g0p01__ds0p01__dm0p3
Problem: NK
Kernel: rbf
Advantage: normalizedfitness
M: 3
lambda: 8
epsilon_svgd: 0.015
gamma: 0.01
decay_start_ratio: 0.01
decay_min_factor: 0.3
bandwith_kernel: None
no_interact: False
avg_score: 0.7194023728370667
median_score: 0.7214527130126953
std_score: 0.011300123296678066
percentiles: 2%=0.694819450378418, 5%=0.6990749835968018, 10%=0.7030326724052429, 25%=0.7123050093650818, 50%=0.7214527130126953, 75%=0.7262061834335327, 90%=0.7317080497741699, 95%=0.7374863028526306, 98%=0.7402255535125732
ranking_best_algo: PBIL
ranking_best_score: 0.7248786399609374
ranking_my_rank: 7/504 (98.8%)
ranking_my_percent: 98.80952380952381
