ConfigName: kjsd__advperagentrankweighted__M3__L16__eps0p005__g0p001__ds0p05__dm0p2
Problem: NK
Kernel: jsd
Advantage: peragentrankweighted
M: 3
lambda: 16
epsilon_svgd: 0.005
gamma: 0.001
decay_start_ratio: 0.05
decay_min_factor: 0.2
bandwith_kernel: None
no_interact: False
avg_score: 0.7305470108985901
median_score: 0.7285215258598328
std_score: 0.010955357924103737
percentiles: 2%=0.7117235660552979, 5%=0.7134417295455933, 10%=0.7178263664245605, 25%=0.7225539684295654, 50%=0.7285215258598328, 75%=0.7383074760437012, 90%=0.7462796568870544, 95%=0.7505089640617371, 98%=0.7525593042373657
ranking_best_algo: Tabu
ranking_best_score: 0.7429702712499999
ranking_my_rank: 2/504 (99.8%)
ranking_my_percent: 99.8015873015873
