ConfigName: kjsd__advperagentrankweighted__M3__L16__eps0p01__g0p003__ds0p1__dm0p1
Problem: QUBO
Kernel: jsd
Advantage: peragentrankweighted
M: 3
lambda: 16
epsilon_svgd: 0.01
gamma: 0.003
decay_start_ratio: 0.1
decay_min_factor: 0.1
bandwith_kernel: None
no_interact: False
avg_score: -2513.580078125
median_score: -2510.0
std_score: 128.6671142578125
percentiles: 2%=-2759.659912109375, 5%=-2715.199951171875, 10%=-2695.10009765625, 25%=-2619.75, 50%=-2510.0, 75%=-2417.75, 90%=-2348.800048828125, 95%=-2302.64990234375, 98%=-2289.39990234375
ranking_best_algo: SVM1MetaModelLogNormal
ranking_best_score: 2605.14
ranking_my_rank: 61/504 (88.1%)
ranking_my_percent: 88.0952380952381
