ConfigName: krbf__advnormalizedfitness__M3__L10__eps0p015__g0p005__ds0p15__dm0p01
Problem: NK
Kernel: rbf
Advantage: normalizedfitness
M: 3
lambda: 10
epsilon_svgd: 0.015
gamma: 0.005
decay_start_ratio: 0.15
decay_min_factor: 0.01
bandwith_kernel: None
no_interact: False
avg_score: 0.7445880770683289
median_score: 0.7458032369613647
std_score: 0.010785208083689213
percentiles: 2%=0.7227932810783386, 5%=0.725916862487793, 10%=0.730694591999054, 25%=0.7356100082397461, 50%=0.7458032369613647, 75%=0.7533133625984192, 90%=0.7576009631156921, 95%=0.760027289390564, 98%=0.7629569172859192
ranking_best_algo: PBIL
ranking_best_score: 0.733570253046875
ranking_my_rank: 1/504 (100.0%)
ranking_my_percent: 100.0
