ConfigName: kfr__advglobalrankweighted__M2__L8__eps0p02__g0p005__ds0p01__dm0p01
Problem: QUBO
Kernel: fr
Advantage: globalrankweighted
M: 2
lambda: 8
epsilon_svgd: 0.02
gamma: 0.005
decay_start_ratio: 0.01
decay_min_factor: 0.01
bandwith_kernel: None
no_interact: False
avg_score: -196.66000366210938
median_score: -197.0
std_score: 14.527366638183594
percentiles: 2%=-224.0, 5%=-222.10000610351562, 10%=-215.39999389648438, 25%=-207.0, 50%=-197.0, 75%=-186.0, 90%=-177.0, 95%=-172.95001220703125, 98%=-168.95999145507812
ranking_best_algo: Tabu
ranking_best_score: 208.36000000000004
ranking_my_rank: 171/504 (66.3%)
ranking_my_percent: 66.26984126984127
