ConfigName: krbf__advnormalizedfitness__M3__L8__eps0p015__g0p007__ds0p3__dm0p3
Problem: QUBO
Kernel: rbf
Advantage: normalizedfitness
M: 3
lambda: 8
epsilon_svgd: 0.015
gamma: 0.007
decay_start_ratio: 0.3
decay_min_factor: 0.3
bandwith_kernel: None
no_interact: False
avg_score: -139.74000549316406
median_score: -143.0
std_score: 11.230867385864258
percentiles: 2%=-158.02000427246094, 5%=-156.0500030517578, 10%=-154.10000610351562, 25%=-146.25, 50%=-143.0, 75%=-132.0, 90%=-124.9000015258789, 95%=-119.0, 98%=-112.97999572753906
ranking_best_algo: DiscreteDE
ranking_best_score: 143.4
ranking_my_rank: 83/504 (83.7%)
ranking_my_percent: 83.73015873015873
