ConfigName: kjsd__advperagentrankweighted__M4__L24__eps0p03__g0p0007__ds0p05__dm0p05
Problem: QUBO
Kernel: jsd
Advantage: peragentrankweighted
M: 4
lambda: 24
epsilon_svgd: 0.03
gamma: 0.0007
decay_start_ratio: 0.05
decay_min_factor: 0.05
bandwith_kernel: None
no_interact: False
avg_score: -146.1999969482422
median_score: -145.5
std_score: 12.294713973999023
percentiles: 2%=-179.0, 5%=-164.0, 10%=-160.0, 25%=-154.0, 50%=-145.5, 75%=-139.75, 90%=-131.0, 95%=-127.0, 98%=-119.94000244140625
ranking_best_algo: CMApara
ranking_best_score: 154.28
ranking_my_rank: 126/504 (75.2%)
ranking_my_percent: 75.1984126984127
