ConfigName: krbf__advnormalizedfitness__M4__L24__eps0p03__g0p01__ds0p05__dm0p05
Problem: NK
Kernel: rbf
Advantage: normalizedfitness
M: 4
lambda: 24
epsilon_svgd: 0.03
gamma: 0.01
decay_start_ratio: 0.05
decay_min_factor: 0.05
bandwith_kernel: None
no_interact: False
avg_score: 0.7435503602027893
median_score: 0.741786539554596
std_score: 0.028454910963773727
percentiles: 2%=0.7008934020996094, 5%=0.7026042342185974, 10%=0.7056468725204468, 25%=0.7179901003837585, 50%=0.741786539554596, 75%=0.7580187320709229, 90%=0.7779470086097717, 95%=0.8044298887252808, 98%=0.804430365562439
ranking_best_algo: CMApara
ranking_best_score: 0.7459277895312499
ranking_my_rank: 8/504 (98.6%)
ranking_my_percent: 98.61111111111111
