ConfigName: kfr__advglobalrankweighted__M4__L24__eps0p06__g0p007__ds0p01__dm0p01
Problem: NK
Kernel: fr
Advantage: globalrankweighted
M: 4
lambda: 24
epsilon_svgd: 0.06
gamma: 0.007
decay_start_ratio: 0.01
decay_min_factor: 0.01
bandwith_kernel: None
no_interact: False
avg_score: 0.7111566066741943
median_score: 0.7118949294090271
std_score: 0.015195188112556934
percentiles: 2%=0.6726901531219482, 5%=0.6740889549255371, 10%=0.6976694464683533, 25%=0.7078170776367188, 50%=0.7118949294090271, 75%=0.7204930782318115, 90%=0.7255480885505676, 95%=0.7329071164131165, 98%=0.7337666749954224
ranking_best_algo: CMApara
ranking_best_score: 0.707475975
ranking_my_rank: 1/504 (100.0%)
ranking_my_percent: 100.0
