ConfigName: kfr__advglobalrankweighted__M4__L5__eps0p05__g0p01__ds0p01__dm0p01
Problem: QUBO
Kernel: fr
Advantage: globalrankweighted
M: 4
lambda: 5
epsilon_svgd: 0.05
gamma: 0.01
decay_start_ratio: 0.01
decay_min_factor: 0.01
bandwith_kernel: None
no_interact: False
avg_score: -441.4200134277344
median_score: -447.0
std_score: 23.712099075317383
percentiles: 2%=-477.0799865722656, 5%=-477.0, 10%=-470.1000061035156, 25%=-458.25, 50%=-447.0, 75%=-425.75, 90%=-407.79998779296875, 95%=-397.8500061035156, 98%=-388.97998046875
ranking_best_algo: CMApara
ranking_best_score: 453.82
ranking_my_rank: 11/504 (98.0%)
ranking_my_percent: 98.01587301587301
