ConfigName: krbf__advnormalizedfitness__M4__L12__eps0p025__g0p007__ds0p15__dm0p01
Problem: NK
Kernel: rbf
Advantage: normalizedfitness
M: 4
lambda: 12
epsilon_svgd: 0.025
gamma: 0.007
decay_start_ratio: 0.15
decay_min_factor: 0.01
bandwith_kernel: None
no_interact: False
avg_score: 0.7532097101211548
median_score: 0.7548731565475464
std_score: 0.01340485829859972
percentiles: 2%=0.7241381406784058, 5%=0.729073703289032, 10%=0.7367143630981445, 25%=0.7445201277732849, 50%=0.7548731565475464, 75%=0.7618691921234131, 90%=0.7695595026016235, 95%=0.7720560431480408, 98%=0.7758964896202087
ranking_best_algo: Tabu
ranking_best_score: 0.7657846284375001
ranking_my_rank: 9/504 (98.4%)
ranking_my_percent: 98.41269841269842
