ConfigName: kjsd__advperagentrankweighted__M5__L24__eps0p02__g0p0007__ds0p2__dm0p05
Problem: QUBO
Kernel: jsd
Advantage: peragentrankweighted
M: 5
lambda: 24
epsilon_svgd: 0.02
gamma: 0.0007
decay_start_ratio: 0.2
decay_min_factor: 0.05
bandwith_kernel: None
no_interact: False
avg_score: -312.0199890136719
median_score: -312.0
std_score: 38.09566116333008
percentiles: 2%=-394.0799865722656, 5%=-392.0, 10%=-359.79998779296875, 25%=-336.0, 50%=-312.0, 75%=-276.0, 90%=-268.0, 95%=-263.95001220703125, 98%=-256.0
ranking_best_algo: CMApara
ranking_best_score: 319.29999999999995
ranking_my_rank: 36/504 (93.1%)
ranking_my_percent: 93.05555555555556
