ConfigName: krbf__advnormalizedfitness__M4__L10__eps0p033__g0p007__ds0p3__dm0p3
Problem: QUBO
Kernel: rbf
Advantage: normalizedfitness
M: 4
lambda: 10
epsilon_svgd: 0.033
gamma: 0.007
decay_start_ratio: 0.3
decay_min_factor: 0.3
bandwith_kernel: None
no_interact: False
avg_score: -1215.3199462890625
median_score: -1212.0
std_score: 84.85303497314453
percentiles: 2%=-1417.5999755859375, 5%=-1388.1500244140625, 10%=-1310.699951171875, 25%=-1277.25, 50%=-1212.0, 75%=-1151.25, 90%=-1111.0, 95%=-1101.75, 98%=-1087.5799560546875
ranking_best_algo: BigLognormalDiscreteOnePlusOne
ranking_best_score: 1301.3600000000004
ranking_my_rank: 79/504 (84.5%)
ranking_my_percent: 84.52380952380952
