ConfigName: kjsd__advperagentrankweighted__M3__L30__eps0p005__g0p001__ds0p2__dm0p2
Problem: QUBO
Kernel: jsd
Advantage: peragentrankweighted
M: 3
lambda: 30
epsilon_svgd: 0.005
gamma: 0.001
decay_start_ratio: 0.2
decay_min_factor: 0.2
bandwith_kernel: None
no_interact: False
avg_score: -413.6600036621094
median_score: -413.5
std_score: 28.267372131347656
percentiles: 2%=-467.0400085449219, 5%=-457.29998779296875, 10%=-452.0, 25%=-436.25, 50%=-413.5, 75%=-389.5, 90%=-376.0, 95%=-369.79998779296875, 98%=-363.9599914550781
ranking_best_algo: Tabu
ranking_best_score: 438.12
ranking_my_rank: 58/504 (88.7%)
ranking_my_percent: 88.69047619047619
