ConfigName: kjsd__advperagentrankweighted__M4__L12__eps0p02__g0p0003__ds0p05__dm0p05
Problem: NK
Kernel: jsd
Advantage: peragentrankweighted
M: 4
lambda: 12
epsilon_svgd: 0.02
gamma: 0.0003
decay_start_ratio: 0.05
decay_min_factor: 0.05
bandwith_kernel: None
no_interact: False
avg_score: 0.7086107134819031
median_score: 0.6985580325126648
std_score: 0.03202790021896362
percentiles: 2%=0.6706660985946655, 5%=0.6714460849761963, 10%=0.6737453937530518, 25%=0.6786232590675354, 50%=0.6985580325126648, 75%=0.7448834180831909, 90%=0.7521756291389465, 95%=0.7566229701042175, 98%=0.7613165378570557
ranking_best_algo: CMApara
ranking_best_score: 0.7118996098437498
ranking_my_rank: 61/504 (88.1%)
ranking_my_percent: 88.0952380952381
