ConfigName: krbf__advnormalizedfitness__M2__L8__eps0p015__g0p01__ds0p01__dm0p01
Problem: NK
Kernel: rbf
Advantage: normalizedfitness
M: 2
lambda: 8
epsilon_svgd: 0.015
gamma: 0.01
decay_start_ratio: 0.01
decay_min_factor: 0.01
bandwith_kernel: None
no_interact: False
avg_score: 0.7076767086982727
median_score: 0.709261953830719
std_score: 0.011599884368479252
percentiles: 2%=0.688731849193573, 5%=0.6902305483818054, 10%=0.6930415630340576, 25%=0.6966918110847473, 50%=0.709261953830719, 75%=0.7174422144889832, 90%=0.7215806245803833, 95%=0.7236793637275696, 98%=0.7242456078529358
ranking_best_algo: PBIL
ranking_best_score: 0.7013553837109374
ranking_my_rank: 1/504 (100.0%)
ranking_my_percent: 100.0
