ConfigName: krbf__advnormalizedfitness__M3__L10__eps0p025__g0p005__ds0p15__dm0p01
Problem: QUBO
Kernel: rbf
Advantage: normalizedfitness
M: 3
lambda: 10
epsilon_svgd: 0.025
gamma: 0.005
decay_start_ratio: 0.15
decay_min_factor: 0.01
bandwith_kernel: None
no_interact: False
avg_score: -415.82000732421875
median_score: -414.0
std_score: 30.379724502563477
percentiles: 2%=-469.1600036621094, 5%=-457.5, 10%=-452.1000061035156, 25%=-442.0, 50%=-414.0, 75%=-393.5, 90%=-375.79998779296875, 95%=-365.8000183105469, 98%=-353.91998291015625
ranking_best_algo: Tabu
ranking_best_score: 438.12
ranking_my_rank: 46/504 (91.1%)
ranking_my_percent: 91.07142857142857
