ConfigName: kjsd__advperagentrankweighted__M4__L8__eps0p03__g0p0003__ds0p2__dm0p05
Problem: NK
Kernel: jsd
Advantage: peragentrankweighted
M: 4
lambda: 8
epsilon_svgd: 0.03
gamma: 0.0003
decay_start_ratio: 0.2
decay_min_factor: 0.05
bandwith_kernel: None
no_interact: False
avg_score: 0.6981688737869263
median_score: 0.6982107162475586
std_score: 0.012967843562364578
percentiles: 2%=0.6750279068946838, 5%=0.6784481406211853, 10%=0.6794989109039307, 25%=0.6873697638511658, 50%=0.6982107162475586, 75%=0.7108501195907593, 90%=0.7134012579917908, 95%=0.7142966985702515, 98%=0.7153947949409485
ranking_best_algo: PBIL
ranking_best_score: 0.7013553837109374
ranking_my_rank: 5/504 (99.2%)
ranking_my_percent: 99.2063492063492
