ConfigName: kjsd__advperagentrankweighted__M5__L10__eps0p005__g0p003__ds0p4__dm0p05
Problem: NK
Kernel: jsd
Advantage: peragentrankweighted
M: 5
lambda: 10
epsilon_svgd: 0.005
gamma: 0.003
decay_start_ratio: 0.4
decay_min_factor: 0.05
bandwith_kernel: None
no_interact: False
avg_score: 0.7141969203948975
median_score: 0.7105255722999573
std_score: 0.023408139124512672
percentiles: 2%=0.6766367554664612, 5%=0.6792479753494263, 10%=0.6826378107070923, 25%=0.6987411975860596, 50%=0.7105255722999573, 75%=0.7321345210075378, 90%=0.7490406036376953, 95%=0.7518634796142578, 98%=0.7532134652137756
ranking_best_algo: Tabu
ranking_best_score: 0.7470791764843752
ranking_my_rank: 234/504 (53.8%)
ranking_my_percent: 53.76984126984127
