ConfigName: kjsd__advperagentrankweighted__M3__L30__eps0p007__g0p0005__ds0p2__dm0p05
Problem: QUBO
Kernel: jsd
Advantage: peragentrankweighted
M: 3
lambda: 30
epsilon_svgd: 0.007
gamma: 0.0005
decay_start_ratio: 0.2
decay_min_factor: 0.05
bandwith_kernel: None
no_interact: False
avg_score: -1626.8199462890625
median_score: -1623.0
std_score: 66.73609924316406
percentiles: 2%=-1767.199951171875, 5%=-1738.1500244140625, 10%=-1709.4000244140625, 25%=-1669.25, 50%=-1623.0, 75%=-1576.25, 90%=-1547.0, 95%=-1528.300048828125, 98%=-1498.9200439453125
ranking_best_algo: NLOPT_LN_PRAXIS
ranking_best_score: 1607.12
ranking_my_rank: 1/504 (100.0%)
ranking_my_percent: 100.0
