ConfigName: krbf__advnormalizedfitness__M2__L10__eps0p033__g0p007__ds0p3__dm0p3
Problem: QUBO
Kernel: rbf
Advantage: normalizedfitness
M: 2
lambda: 10
epsilon_svgd: 0.033
gamma: 0.007
decay_start_ratio: 0.3
decay_min_factor: 0.3
bandwith_kernel: None
no_interact: False
avg_score: -1282.4000244140625
median_score: -1277.5
std_score: 49.98299789428711
percentiles: 2%=-1377.239990234375, 5%=-1356.25, 10%=-1344.0999755859375, 25%=-1320.25, 50%=-1277.5, 75%=-1251.0, 90%=-1218.800048828125, 95%=-1205.0, 98%=-1172.9599609375
ranking_best_algo: BigLognormalDiscreteOnePlusOne
ranking_best_score: 1301.3600000000004
ranking_my_rank: 5/504 (99.2%)
ranking_my_percent: 99.2063492063492
