ConfigName: krbf__advnormalizedfitness__M4__L10__eps0p025__g0p007__ds0p15__dm0p01
Problem: QUBO
Kernel: rbf
Advantage: normalizedfitness
M: 4
lambda: 10
epsilon_svgd: 0.025
gamma: 0.007
decay_start_ratio: 0.15
decay_min_factor: 0.01
bandwith_kernel: None
no_interact: False
avg_score: -332.2200012207031
median_score: -334.0
std_score: 18.11937141418457
percentiles: 2%=-368.0, 5%=-361.0, 10%=-350.0, 25%=-343.0, 50%=-334.0, 75%=-322.0, 90%=-307.79998779296875, 95%=-300.8500061035156, 98%=-291.97998046875
ranking_best_algo: CMApara
ranking_best_score: 344.22
ranking_my_rank: 72/504 (85.9%)
ranking_my_percent: 85.91269841269842
