ConfigName: krbf__advnormalizedfitness__M1__L10__eps0p015__g0p007__ds0p3__dm0p3
Problem: NK
Kernel: rbf
Advantage: normalizedfitness
M: 1
lambda: 10
epsilon_svgd: 0.015
gamma: 0.007
decay_start_ratio: 0.3
decay_min_factor: 0.3
bandwith_kernel: None
no_interact: False
avg_score: 0.7228662371635437
median_score: 0.723139762878418
std_score: 0.008270644582808018
percentiles: 2%=0.7067487835884094, 5%=0.7093806266784668, 10%=0.7122960686683655, 25%=0.7175425291061401, 50%=0.723139762878418, 75%=0.7284358739852905, 90%=0.7348993420600891, 95%=0.7357115149497986, 98%=0.7366528511047363
ranking_best_algo: PBIL
ranking_best_score: 0.7170882103515624
ranking_my_rank: 1/504 (100.0%)
ranking_my_percent: 100.0
