ConfigName: kjsd__advperagentrankweighted__M6__L20__eps0p005__g0p0005__ds0p1__dm0p2
Problem: NK
Kernel: jsd
Advantage: peragentrankweighted
M: 6
lambda: 20
epsilon_svgd: 0.005
gamma: 0.0005
decay_start_ratio: 0.1
decay_min_factor: 0.2
bandwith_kernel: None
no_interact: False
avg_score: 0.7528362274169922
median_score: 0.7545998692512512
std_score: 0.014441343955695629
percentiles: 2%=0.7196903228759766, 5%=0.7236773371696472, 10%=0.7322814464569092, 25%=0.7453070878982544, 50%=0.7545998692512512, 75%=0.7654671669006348, 90%=0.7706213593482971, 95%=0.772455632686615, 98%=0.7740610241889954
ranking_best_algo: Tabu
ranking_best_score: 0.7657846284375001
ranking_my_rank: 9/504 (98.4%)
ranking_my_percent: 98.41269841269842
