ConfigName: kjsd__advperagentrankweighted__M4__L12__eps0p005__g0p0007__ds0p05__dm0p05
Problem: NK
Kernel: jsd
Advantage: peragentrankweighted
M: 4
lambda: 12
epsilon_svgd: 0.005
gamma: 0.0007
decay_start_ratio: 0.05
decay_min_factor: 0.05
bandwith_kernel: None
no_interact: False
avg_score: 0.7077656388282776
median_score: 0.7105201482772827
std_score: 0.011937961913645267
percentiles: 2%=0.688184916973114, 5%=0.6891909837722778, 10%=0.6923808455467224, 25%=0.6961475610733032, 50%=0.7105201482772827, 75%=0.71815025806427, 90%=0.7226381897926331, 95%=0.7240081429481506, 98%=0.7245951294898987
ranking_best_algo: PBIL
ranking_best_score: 0.7013553837109374
ranking_my_rank: 1/504 (100.0%)
ranking_my_percent: 100.0
