ConfigName: kjsd__advperagentrankweighted__M5__L10__eps0p01__g0p003__ds0p05__dm0p05
Problem: QUBO
Kernel: jsd
Advantage: peragentrankweighted
M: 5
lambda: 10
epsilon_svgd: 0.01
gamma: 0.003
decay_start_ratio: 0.05
decay_min_factor: 0.05
bandwith_kernel: None
no_interact: False
avg_score: -2518.139892578125
median_score: -2509.0
std_score: 158.84603881835938
percentiles: 2%=-2859.719970703125, 5%=-2802.75, 10%=-2731.199951171875, 25%=-2619.0, 50%=-2509.0, 75%=-2391.25, 90%=-2340.0, 95%=-2306.85009765625, 98%=-2249.0
ranking_best_algo: DiscreteLengler2OnePlusOne
ranking_best_score: 2617.04
ranking_my_rank: 64/504 (87.5%)
ranking_my_percent: 87.5
