ConfigName: krbf__advnormalizedfitness__M2__L8__eps0p015__g0p015__ds0p3__dm0p01
Problem: QUBO
Kernel: rbf
Advantage: normalizedfitness
M: 2
lambda: 8
epsilon_svgd: 0.015
gamma: 0.015
decay_start_ratio: 0.3
decay_min_factor: 0.01
bandwith_kernel: None
no_interact: False
avg_score: -437.739990234375
median_score: -437.0
std_score: 26.82335662841797
percentiles: 2%=-487.0400085449219, 5%=-477.20001220703125, 10%=-470.20001220703125, 25%=-461.25, 50%=-437.0, 75%=-418.5, 90%=-404.79998779296875, 95%=-398.54998779296875, 98%=-381.8800048828125
ranking_best_algo: CMApara
ranking_best_score: 453.82
ranking_my_rank: 28/504 (94.6%)
ranking_my_percent: 94.64285714285714
