ConfigName: kjsd__advperagentrankweighted__M3__L18__eps0p005__g0p0007__ds0p1__dm0p2
Problem: NK
Kernel: jsd
Advantage: peragentrankweighted
M: 3
lambda: 18
epsilon_svgd: 0.005
gamma: 0.0007
decay_start_ratio: 0.1
decay_min_factor: 0.2
bandwith_kernel: None
no_interact: False
avg_score: 0.7075865864753723
median_score: 0.7102854251861572
std_score: 0.011918921023607254
percentiles: 2%=0.6879390478134155, 5%=0.6885687112808228, 10%=0.6922366619110107, 25%=0.6967605352401733, 50%=0.7102854251861572, 75%=0.7171027064323425, 90%=0.7217908501625061, 95%=0.7231500148773193, 98%=0.7248701453208923
ranking_best_algo: PBIL
ranking_best_score: 0.7013553837109374
ranking_my_rank: 1/504 (100.0%)
ranking_my_percent: 100.0
