ConfigName: kjsd__advperagentrankweighted__M4__L24__eps0p02__g0p0007__ds0p05__dm0p05
Problem: NK
Kernel: jsd
Advantage: peragentrankweighted
M: 4
lambda: 24
epsilon_svgd: 0.02
gamma: 0.0007
decay_start_ratio: 0.05
decay_min_factor: 0.05
bandwith_kernel: None
no_interact: False
avg_score: 0.742689847946167
median_score: 0.7458420991897583
std_score: 0.014758624136447906
percentiles: 2%=0.7140371203422546, 5%=0.7182539701461792, 10%=0.7212799787521362, 25%=0.7329036593437195, 50%=0.7458420991897583, 75%=0.7531869411468506, 90%=0.7590257525444031, 95%=0.7663432955741882, 98%=0.7699381709098816
ranking_best_algo: Tabu
ranking_best_score: 0.7601875690625
ranking_my_rank: 10/504 (98.2%)
ranking_my_percent: 98.21428571428571
