ConfigName: krbf__advnormalizedfitness__M2__L10__eps0p015__g0p005__ds0p01__dm0p01
Problem: NK
Kernel: rbf
Advantage: normalizedfitness
M: 2
lambda: 10
epsilon_svgd: 0.015
gamma: 0.005
decay_start_ratio: 0.01
decay_min_factor: 0.01
bandwith_kernel: None
no_interact: False
avg_score: 0.7396135926246643
median_score: 0.7386723756790161
std_score: 0.013623075559735298
percentiles: 2%=0.7083109617233276, 5%=0.7186785340309143, 10%=0.7233175039291382, 25%=0.7300460934638977, 50%=0.7386723756790161, 75%=0.7489438056945801, 90%=0.7566897869110107, 95%=0.7603135704994202, 98%=0.7692691683769226
ranking_best_algo: Tabu
ranking_best_score: 0.7601875690625
ranking_my_rank: 15/504 (97.2%)
ranking_my_percent: 97.22222222222223
