ConfigName: krbf__advnormalizedfitness__M3__L10__eps0p015__g0p005__ds0p01__dm0p3
Problem: QUBO
Kernel: rbf
Advantage: normalizedfitness
M: 3
lambda: 10
epsilon_svgd: 0.015
gamma: 0.005
decay_start_ratio: 0.01
decay_min_factor: 0.3
bandwith_kernel: None
no_interact: False
avg_score: -573.9000244140625
median_score: -569.0
std_score: 28.738651275634766
percentiles: 2%=-631.0599975585938, 5%=-622.0499877929688, 10%=-615.0999755859375, 25%=-597.0, 50%=-569.0, 75%=-552.0, 90%=-539.9000244140625, 95%=-529.9500122070312, 98%=-522.0
ranking_best_algo: Tabu
ranking_best_score: 588.7199999999999
ranking_my_rank: 61/503 (88.1%)
ranking_my_percent: 88.07157057654075
