ConfigName: krbf__advnormalizedfitness__M4__L12__eps0p033__g0p01__ds0p3__dm0p01
Problem: NK
Kernel: rbf
Advantage: normalizedfitness
M: 4
lambda: 12
epsilon_svgd: 0.033
gamma: 0.01
decay_start_ratio: 0.3
decay_min_factor: 0.01
bandwith_kernel: None
no_interact: False
avg_score: 0.7499938011169434
median_score: 0.7503132224082947
std_score: 0.01409339252859354
percentiles: 2%=0.7220757007598877, 5%=0.7265102863311768, 10%=0.7312217354774475, 25%=0.7398948073387146, 50%=0.7503132224082947, 75%=0.7618584632873535, 90%=0.7672953009605408, 95%=0.7716283202171326, 98%=0.7749515771865845
ranking_best_algo: Tabu
ranking_best_score: 0.7470791764843752
ranking_my_rank: 1/504 (100.0%)
ranking_my_percent: 100.0
