ConfigName: kjsd__advperagentrankweighted__M5__L8__eps0p02__g0p0003__ds0p05__dm0p05
Problem: NK
Kernel: jsd
Advantage: peragentrankweighted
M: 5
lambda: 8
epsilon_svgd: 0.02
gamma: 0.0003
decay_start_ratio: 0.05
decay_min_factor: 0.05
bandwith_kernel: None
no_interact: False
avg_score: 0.7329188585281372
median_score: 0.7325906157493591
std_score: 0.01085386797785759
percentiles: 2%=0.7134851813316345, 5%=0.7150688767433167, 10%=0.7196227312088013, 25%=0.7254046201705933, 50%=0.7325906157493591, 75%=0.7388445138931274, 90%=0.7474140524864197, 95%=0.7520978450775146, 98%=0.7575233578681946
ranking_best_algo: Tabu
ranking_best_score: 0.7470791764843752
ranking_my_rank: 24/504 (95.4%)
ranking_my_percent: 95.43650793650794
