ConfigName: krbf__advnormalizedfitness__M3__L12__eps0p025__g0p005__ds0p15__dm0p3
Problem: QUBO
Kernel: rbf
Advantage: normalizedfitness
M: 3
lambda: 12
epsilon_svgd: 0.025
gamma: 0.005
decay_start_ratio: 0.15
decay_min_factor: 0.3
bandwith_kernel: None
no_interact: False
avg_score: -309.6600036621094
median_score: -309.0
std_score: 38.24505615234375
percentiles: 2%=-394.0400085449219, 5%=-388.20001220703125, 10%=-358.0, 25%=-328.5, 50%=-309.0, 75%=-276.0, 90%=-265.8999938964844, 95%=-257.95001220703125, 98%=-254.9399871826172
ranking_best_algo: CMApara
ranking_best_score: 319.29999999999995
ranking_my_rank: 72/504 (85.9%)
ranking_my_percent: 85.91269841269842
