ConfigName: kjsd__advperagentrankweighted__M4__L10__eps0p03__g0p0007__ds0p05__dm0p05
Problem: QUBO
Kernel: jsd
Advantage: peragentrankweighted
M: 4
lambda: 10
epsilon_svgd: 0.03
gamma: 0.0007
decay_start_ratio: 0.05
decay_min_factor: 0.05
bandwith_kernel: None
no_interact: False
avg_score: -440.0400085449219
median_score: -439.0
std_score: 28.556583404541016
percentiles: 2%=-488.0799865722656, 5%=-485.1000061035156, 10%=-479.20001220703125, 25%=-460.5, 50%=-439.0, 75%=-419.75, 90%=-404.79998779296875, 95%=-391.95001220703125, 98%=-384.8999938964844
ranking_best_algo: CMApara
ranking_best_score: 453.82
ranking_my_rank: 15/504 (97.2%)
ranking_my_percent: 97.22222222222223
