ConfigName: krbf__advnormalizedfitness__M3__L8__eps0p033__g0p015__ds0p15__dm0p3
Problem: QUBO
Kernel: rbf
Advantage: normalizedfitness
M: 3
lambda: 8
epsilon_svgd: 0.033
gamma: 0.015
decay_start_ratio: 0.15
decay_min_factor: 0.3
bandwith_kernel: None
no_interact: False
avg_score: -137.8800048828125
median_score: -141.0
std_score: 11.700665473937988
percentiles: 2%=-158.0, 5%=-156.0, 10%=-151.10000610351562, 25%=-146.0, 50%=-141.0, 75%=-130.0, 90%=-122.70000457763672, 95%=-116.0, 98%=-112.97999572753906
ranking_best_algo: DiscreteDE
ranking_best_score: 143.4
ranking_my_rank: 117/504 (77.0%)
ranking_my_percent: 76.98412698412699
