ConfigName: krbf__advnormalizedfitness__M3__L8__eps0p015__g0p005__ds0p15__dm0p3
Problem: QUBO
Kernel: rbf
Advantage: normalizedfitness
M: 3
lambda: 8
epsilon_svgd: 0.015
gamma: 0.005
decay_start_ratio: 0.15
decay_min_factor: 0.3
bandwith_kernel: None
no_interact: False
avg_score: -420.6600036621094
median_score: -423.0
std_score: 27.289640426635742
percentiles: 2%=-477.0, 5%=-457.1000061035156, 10%=-453.1000061035156, 25%=-443.0, 50%=-423.0, 75%=-400.0, 90%=-387.79998779296875, 95%=-373.9000244140625, 98%=-366.0
ranking_best_algo: Tabu
ranking_best_score: 438.12
ranking_my_rank: 23/504 (95.6%)
ranking_my_percent: 95.63492063492063
