ConfigName: kjsd__advperagentrankweighted__M5__L10__eps0p01__g0p003__ds0p4__dm0p2
Problem: QUBO
Kernel: jsd
Advantage: peragentrankweighted
M: 5
lambda: 10
epsilon_svgd: 0.01
gamma: 0.003
decay_start_ratio: 0.4
decay_min_factor: 0.2
bandwith_kernel: None
no_interact: False
avg_score: -558.1799926757812
median_score: -561.0
std_score: 34.24394226074219
percentiles: 2%=-627.0599975585938, 5%=-612.0499877929688, 10%=-603.0999755859375, 25%=-581.5, 50%=-561.0, 75%=-535.75, 90%=-512.7000122070312, 95%=-500.8999938964844, 98%=-492.8599853515625
ranking_best_algo: Tabu
ranking_best_score: 588.7199999999999
ranking_my_rank: 104/503 (79.5%)
ranking_my_percent: 79.52286282306163
