ConfigName: kjsd__advperagentrankweighted__M4__L12__eps0p005__g0p0005__ds0p4__dm0p05
Problem: QUBO
Kernel: jsd
Advantage: peragentrankweighted
M: 4
lambda: 12
epsilon_svgd: 0.005
gamma: 0.0005
decay_start_ratio: 0.4
decay_min_factor: 0.05
bandwith_kernel: None
no_interact: False
avg_score: -311.5199890136719
median_score: -315.0
std_score: 40.50888442993164
percentiles: 2%=-398.0400085449219, 5%=-390.1000061035156, 10%=-360.0, 25%=-338.5, 50%=-315.0, 75%=-274.75, 90%=-261.79998779296875, 95%=-256.0, 98%=-253.97999572753906
ranking_best_algo: CMApara
ranking_best_score: 319.29999999999995
ranking_my_rank: 39/504 (92.5%)
ranking_my_percent: 92.46031746031746
