ConfigName: krbf__advnormalizedfitness__M3__L12__eps0p015__g0p007__ds0p15__dm0p3
Problem: NK
Kernel: rbf
Advantage: normalizedfitness
M: 3
lambda: 12
epsilon_svgd: 0.015
gamma: 0.007
decay_start_ratio: 0.15
decay_min_factor: 0.3
bandwith_kernel: None
no_interact: False
avg_score: 0.7446852922439575
median_score: 0.7422553300857544
std_score: 0.028334634378552437
percentiles: 2%=0.705495297908783, 5%=0.7070194482803345, 10%=0.7110216617584229, 25%=0.7179445028305054, 50%=0.7422553300857544, 75%=0.7580187320709229, 90%=0.778337299823761, 95%=0.8045320510864258, 98%=0.8117834329605103
ranking_best_algo: CMApara
ranking_best_score: 0.7459277895312499
ranking_my_rank: 3/504 (99.6%)
ranking_my_percent: 99.60317460317461
