ConfigName: krbf__advnormalizedfitness__M3__L10__eps0p015__g0p015__ds0p3__dm0p01
Problem: QUBO
Kernel: rbf
Advantage: normalizedfitness
M: 3
lambda: 10
epsilon_svgd: 0.015
gamma: 0.015
decay_start_ratio: 0.3
decay_min_factor: 0.01
bandwith_kernel: None
no_interact: False
avg_score: -1073.06005859375
median_score: -1079.0
std_score: 88.03508758544922
percentiles: 2%=-1227.0400390625, 5%=-1219.1500244140625, 10%=-1184.0999755859375, 25%=-1128.75, 50%=-1079.0, 75%=-1019.0, 90%=-963.800048828125, 95%=-906.9000244140625, 98%=-887.97998046875
ranking_best_algo: BigLognormalDiscreteOnePlusOne
ranking_best_score: 1301.3600000000004
ranking_my_rank: 213/504 (57.9%)
ranking_my_percent: 57.93650793650794
