ConfigName: krbf__advnormalizedfitness__M2__L8__eps0p033__g0p01__ds0p01__dm0p3
Problem: QUBO
Kernel: rbf
Advantage: normalizedfitness
M: 2
lambda: 8
epsilon_svgd: 0.033
gamma: 0.01
decay_start_ratio: 0.01
decay_min_factor: 0.3
bandwith_kernel: None
no_interact: False
avg_score: -1292.1800537109375
median_score: -1287.0
std_score: 56.49873733520508
percentiles: 2%=-1409.52001953125, 5%=-1387.300048828125, 10%=-1364.0999755859375, 25%=-1334.5, 50%=-1287.0, 75%=-1254.5, 90%=-1222.800048828125, 95%=-1211.449951171875, 98%=-1184.8399658203125
ranking_best_algo: BigLognormalDiscreteOnePlusOne
ranking_best_score: 1301.3600000000004
ranking_my_rank: 2/504 (99.8%)
ranking_my_percent: 99.8015873015873
