ConfigName: kjsd__advperagentrankweighted__M4__L8__eps0p03__g0p0003__ds0p05__dm0p05
Problem: QUBO
Kernel: jsd
Advantage: peragentrankweighted
M: 4
lambda: 8
epsilon_svgd: 0.03
gamma: 0.0003
decay_start_ratio: 0.05
decay_min_factor: 0.05
bandwith_kernel: None
no_interact: False
avg_score: -1208.43994140625
median_score: -1208.5
std_score: 66.40351104736328
percentiles: 2%=-1327.1199951171875, 5%=-1302.0999755859375, 10%=-1291.199951171875, 25%=-1259.25, 50%=-1208.5, 75%=-1161.0, 90%=-1129.0, 95%=-1101.4000244140625, 98%=-1076.52001953125
ranking_best_algo: BigLognormalDiscreteOnePlusOne
ranking_best_score: 1301.3600000000004
ranking_my_rank: 83/504 (83.7%)
ranking_my_percent: 83.73015873015873
