ConfigName: krbf__advnormalizedfitness__M4__L10__eps0p015__g0p01__ds0p01__dm0p01
Problem: QUBO
Kernel: rbf
Advantage: normalizedfitness
M: 4
lambda: 10
epsilon_svgd: 0.015
gamma: 0.01
decay_start_ratio: 0.01
decay_min_factor: 0.01
bandwith_kernel: None
no_interact: False
avg_score: -1261.9200439453125
median_score: -1263.0
std_score: 134.1119384765625
percentiles: 2%=-1562.8800048828125, 5%=-1529.0, 10%=-1414.5999755859375, 25%=-1354.0, 50%=-1263.0, 75%=-1160.5, 90%=-1086.9000244140625, 95%=-1078.800048828125, 98%=-1054.27978515625
ranking_best_algo: NLOPT_LN_PRAXIS
ranking_best_score: 1607.12
ranking_my_rank: 210/504 (58.5%)
ranking_my_percent: 58.53174603174603
