ConfigName: kjsd__advperagentrankweighted__M3__L16__eps0p01__g0p0007__ds0p2__dm0p1
Problem: QUBO
Kernel: jsd
Advantage: peragentrankweighted
M: 3
lambda: 16
epsilon_svgd: 0.01
gamma: 0.0007
decay_start_ratio: 0.2
decay_min_factor: 0.1
bandwith_kernel: None
no_interact: False
avg_score: -144.9600067138672
median_score: -145.0
std_score: 13.626386642456055
percentiles: 2%=-179.0, 5%=-164.75, 10%=-158.1999969482422, 25%=-154.0, 50%=-145.0, 75%=-137.0, 90%=-127.0, 95%=-121.94999694824219, 98%=-118.9000015258789
ranking_best_algo: CMApara
ranking_best_score: 154.28
ranking_my_rank: 173/504 (65.9%)
ranking_my_percent: 65.87301587301587
