ConfigName: kjsd__advperagentrankweighted__M10__L12__eps0p005__g0p0005__ds0p3__dm0p05
Problem: NK
Kernel: jsd
Advantage: peragentrankweighted
M: 10
lambda: 12
epsilon_svgd: 0.005
gamma: 0.0005
decay_start_ratio: 0.3
decay_min_factor: 0.05
bandwith_kernel: None
no_interact: False
avg_score: 0.7099352478981018
median_score: 0.7082096338272095
std_score: 0.011493193916976452
percentiles: 2%=0.6809857487678528, 5%=0.6936686038970947, 10%=0.6971813440322876, 25%=0.7024679183959961, 50%=0.7082096338272095, 75%=0.7192951440811157, 90%=0.7265338897705078, 95%=0.728830099105835, 98%=0.7299405336380005
ranking_best_algo: PBIL
ranking_best_score: 0.7248786399609374
ranking_my_rank: 60/504 (88.3%)
ranking_my_percent: 88.2936507936508
