ConfigName: kjsd__advperagentrankweighted__M4__L10__eps0p03__g0p0003__ds0p2__dm0p05
Problem: QUBO
Kernel: jsd
Advantage: peragentrankweighted
M: 4
lambda: 10
epsilon_svgd: 0.03
gamma: 0.0003
decay_start_ratio: 0.2
decay_min_factor: 0.05
bandwith_kernel: None
no_interact: False
avg_score: -423.3599853515625
median_score: -424.0
std_score: 27.742931365966797
percentiles: 2%=-473.0799865722656, 5%=-469.04998779296875, 10%=-456.5, 25%=-445.25, 50%=-424.0, 75%=-403.0, 90%=-387.8999938964844, 95%=-378.8500061035156, 98%=-367.9800109863281
ranking_best_algo: CMApara
ranking_best_score: 453.82
ranking_my_rank: 128/504 (74.8%)
ranking_my_percent: 74.8015873015873
