ConfigName: kjsd__advperagentrankweighted__M3__L20__eps0p005__g0p001__ds0p2__dm0p2
Problem: QUBO
Kernel: jsd
Advantage: peragentrankweighted
M: 3
lambda: 20
epsilon_svgd: 0.005
gamma: 0.001
decay_start_ratio: 0.2
decay_min_factor: 0.2
bandwith_kernel: None
no_interact: False
avg_score: -1570.219970703125
median_score: -1563.0
std_score: 64.6533203125
percentiles: 2%=-1693.06005859375, 5%=-1669.0, 10%=-1658.5, 25%=-1619.0, 50%=-1563.0, 75%=-1527.0, 90%=-1484.800048828125, 95%=-1462.8499755859375, 98%=-1446.8399658203125
ranking_best_algo: NLOPT_LN_PRAXIS
ranking_best_score: 1607.12
ranking_my_rank: 46/504 (91.1%)
ranking_my_percent: 91.07142857142857
