ConfigName: kjsd__advperagentrankweighted__M3__L18__eps0p01__g0p0007__ds0p1__dm0p1
Problem: QUBO
Kernel: jsd
Advantage: peragentrankweighted
M: 3
lambda: 18
epsilon_svgd: 0.01
gamma: 0.0007
decay_start_ratio: 0.1
decay_min_factor: 0.1
bandwith_kernel: None
no_interact: False
avg_score: -146.75999450683594
median_score: -146.0
std_score: 14.33814525604248
percentiles: 2%=-179.0, 5%=-179.0, 10%=-160.39999389648438, 25%=-155.0, 50%=-146.0, 75%=-139.0, 90%=-129.0, 95%=-126.9000015258789, 98%=-114.0
ranking_best_algo: CMApara
ranking_best_score: 154.28
ranking_my_rank: 109/504 (78.6%)
ranking_my_percent: 78.57142857142857
