ConfigName: kjsd__advperagentrankweighted__M4__L8__eps0p005__g0p003__ds0p2__dm0p05
Problem: QUBO
Kernel: jsd
Advantage: peragentrankweighted
M: 4
lambda: 8
epsilon_svgd: 0.005
gamma: 0.003
decay_start_ratio: 0.2
decay_min_factor: 0.05
bandwith_kernel: None
no_interact: False
avg_score: -1176.1600341796875
median_score: -1172.0
std_score: 67.26123809814453
percentiles: 2%=-1347.0400390625, 5%=-1275.5999755859375, 10%=-1256.0999755859375, 25%=-1218.0, 50%=-1172.0, 75%=-1127.5, 90%=-1098.800048828125, 95%=-1084.9000244140625, 98%=-1061.6600341796875
ranking_best_algo: Tabu
ranking_best_score: 1216.16
ranking_my_rank: 82/504 (83.9%)
ranking_my_percent: 83.92857142857143
