ConfigName: kjsd__advperagentrankweighted__M3__L20__eps0p007__g0p0005__ds0p1__dm0p1
Problem: NK
Kernel: jsd
Advantage: peragentrankweighted
M: 3
lambda: 20
epsilon_svgd: 0.007
gamma: 0.0005
decay_start_ratio: 0.1
decay_min_factor: 0.1
bandwith_kernel: None
no_interact: False
avg_score: 0.7069745659828186
median_score: 0.709317147731781
std_score: 0.011572050862014294
percentiles: 2%=0.6868677139282227, 5%=0.6892424821853638, 10%=0.6917241215705872, 25%=0.6957862377166748, 50%=0.709317147731781, 75%=0.7169585227966309, 90%=0.7206494808197021, 95%=0.722119152545929, 98%=0.7234333753585815
ranking_best_algo: PBIL
ranking_best_score: 0.7013553837109374
ranking_my_rank: 1/504 (100.0%)
ranking_my_percent: 100.0
