ConfigName: krbf__advnormalizedfitness__M4__L10__eps0p015__g0p015__ds0p3__dm0p3
Problem: NK
Kernel: rbf
Advantage: normalizedfitness
M: 4
lambda: 10
epsilon_svgd: 0.015
gamma: 0.015
decay_start_ratio: 0.3
decay_min_factor: 0.3
bandwith_kernel: None
no_interact: False
avg_score: 0.6419439911842346
median_score: 0.6413959264755249
std_score: 0.009749336168169975
percentiles: 2%=0.6255858540534973, 5%=0.6271423101425171, 10%=0.6300691962242126, 25%=0.6347458958625793, 50%=0.6413959264755249, 75%=0.648252010345459, 90%=0.6548671722412109, 95%=0.6590654253959656, 98%=0.6649215817451477
ranking_best_algo: Tabu
ranking_best_score: 0.7601875690625
ranking_my_rank: 393/504 (22.2%)
ranking_my_percent: 22.22222222222222
