ConfigName: krbf__advnormalizedfitness__M2__L8__eps0p025__g0p015__ds0p15__dm0p01
Problem: QUBO
Kernel: rbf
Advantage: normalizedfitness
M: 2
lambda: 8
epsilon_svgd: 0.025
gamma: 0.015
decay_start_ratio: 0.15
decay_min_factor: 0.01
bandwith_kernel: None
no_interact: False
avg_score: -943.9199829101562
median_score: -940.5
std_score: 65.71280670166016
percentiles: 2%=-1074.0, 5%=-1066.300048828125, 10%=-1026.800048828125, 25%=-992.25, 50%=-940.5, 75%=-896.5, 90%=-861.2999877929688, 95%=-834.9000244140625, 98%=-828.8599853515625
ranking_best_algo: CMApara
ranking_best_score: 964.9
ranking_my_rank: 3/504 (99.6%)
ranking_my_percent: 99.60317460317461
