ConfigName: kjsd__advperagentrankweighted__M5__L8__eps0p01__g0p0007__ds0p05__dm0p2
Problem: QUBO
Kernel: jsd
Advantage: peragentrankweighted
M: 5
lambda: 8
epsilon_svgd: 0.01
gamma: 0.0007
decay_start_ratio: 0.05
decay_min_factor: 0.2
bandwith_kernel: None
no_interact: False
avg_score: -2579.159912109375
median_score: -2572.5
std_score: 112.14033508300781
percentiles: 2%=-2831.4599609375, 5%=-2772.14990234375, 10%=-2724.10009765625, 25%=-2655.25, 50%=-2572.5, 75%=-2493.75, 90%=-2430.800048828125, 95%=-2414.949951171875, 98%=-2401.60009765625
ranking_best_algo: SVM1MetaModelLogNormal
ranking_best_score: 2605.14
ranking_my_rank: 13/504 (97.6%)
ranking_my_percent: 97.61904761904762
