ConfigName: krbf__advnormalizedfitness__M1__L10__eps0p015__g0p005__ds0p01__dm0p01
Problem: QUBO
Kernel: rbf
Advantage: normalizedfitness
M: 1
lambda: 10
epsilon_svgd: 0.015
gamma: 0.005
decay_start_ratio: 0.01
decay_min_factor: 0.01
bandwith_kernel: None
no_interact: False
avg_score: -909.52001953125
median_score: -904.5
std_score: 67.93665313720703
percentiles: 2%=-1037.1600341796875, 5%=-1030.199951171875, 10%=-1011.0999755859375, 25%=-952.0, 50%=-904.5, 75%=-862.75, 90%=-828.9000244140625, 95%=-811.75, 98%=-796.4398803710938
ranking_best_algo: CMApara
ranking_best_score: 964.9
ranking_my_rank: 93/504 (81.7%)
ranking_my_percent: 81.74603174603175
