ConfigName: kjsd__advperagentrankweighted__M3__L30__eps0p007__g0p001__ds0p2__dm0p2
Problem: QUBO
Kernel: jsd
Advantage: peragentrankweighted
M: 3
lambda: 30
epsilon_svgd: 0.007
gamma: 0.001
decay_start_ratio: 0.2
decay_min_factor: 0.2
bandwith_kernel: None
no_interact: False
avg_score: -3192.6201171875
median_score: -3174.5
std_score: 156.70985412597656
percentiles: 2%=-3530.260009765625, 5%=-3467.199951171875, 10%=-3409.10009765625, 25%=-3295.75, 50%=-3174.5, 75%=-3079.0, 90%=-2983.0, 95%=-2967.800048828125, 98%=-2926.97998046875
ranking_best_algo: RLSOnePlusOne
ranking_best_score: 3316.5199999999995
ranking_my_rank: 57/504 (88.9%)
ranking_my_percent: 88.88888888888889
