ConfigName: krbf__advnormalizedfitness__M3__L8__eps0p025__g0p007__ds0p15__dm0p3
Problem: QUBO
Kernel: rbf
Advantage: normalizedfitness
M: 3
lambda: 8
epsilon_svgd: 0.025
gamma: 0.007
decay_start_ratio: 0.15
decay_min_factor: 0.3
bandwith_kernel: None
no_interact: False
avg_score: -1209.8399658203125
median_score: -1204.5
std_score: 68.4619140625
percentiles: 2%=-1353.1600341796875, 5%=-1326.5999755859375, 10%=-1303.199951171875, 25%=-1253.0, 50%=-1204.5, 75%=-1158.5, 90%=-1136.699951171875, 95%=-1105.75, 98%=-1091.739990234375
ranking_best_algo: SVMMetaModelLogNormal
ranking_best_score: 1233.7999999999997
ranking_my_rank: 46/504 (91.1%)
ranking_my_percent: 91.07142857142857
