ConfigName: kjsd__advperagentrankweighted__M3__L18__eps0p005__g0p0005__ds0p05__dm0p1
Problem: QUBO
Kernel: jsd
Advantage: peragentrankweighted
M: 3
lambda: 18
epsilon_svgd: 0.005
gamma: 0.0005
decay_start_ratio: 0.05
decay_min_factor: 0.1
bandwith_kernel: None
no_interact: False
avg_score: -440.3399963378906
median_score: -439.5
std_score: 26.719364166259766
percentiles: 2%=-483.0799865722656, 5%=-479.0, 10%=-472.0, 25%=-464.25, 50%=-439.5, 75%=-422.75, 90%=-408.70001220703125, 95%=-402.3999938964844, 98%=-375.9800109863281
ranking_best_algo: CMApara
ranking_best_score: 453.82
ranking_my_rank: 15/504 (97.2%)
ranking_my_percent: 97.22222222222223
