ConfigName: kjsd__advperagentrankweighted__M4__L12__eps0p005__g0p0007__ds0p05__dm0p05
Problem: NK
Kernel: jsd
Advantage: peragentrankweighted
M: 4
lambda: 12
epsilon_svgd: 0.005
gamma: 0.0007
decay_start_ratio: 0.05
decay_min_factor: 0.05
bandwith_kernel: None
no_interact: False
avg_score: 0.7329353094100952
median_score: 0.7317082285881042
std_score: 0.010761860758066177
percentiles: 2%=0.7140267491340637, 5%=0.7162455320358276, 10%=0.7198078632354736, 25%=0.7257116436958313, 50%=0.7317082285881042, 75%=0.7391183972358704, 90%=0.7480244636535645, 95%=0.7532234191894531, 98%=0.7573035359382629
ranking_best_algo: Tabu
ranking_best_score: 0.7429702712499999
ranking_my_rank: 2/504 (99.8%)
ranking_my_percent: 99.8015873015873
