ConfigName: kjsd__advperagentrankweighted__M3__L24__eps0p005__g0p001__ds0p1__dm0p1
Problem: QUBO
Kernel: jsd
Advantage: peragentrankweighted
M: 3
lambda: 24
epsilon_svgd: 0.005
gamma: 0.001
decay_start_ratio: 0.1
decay_min_factor: 0.1
bandwith_kernel: None
no_interact: False
avg_score: -1290.6600341796875
median_score: -1293.5
std_score: 65.3111343383789
percentiles: 2%=-1417.3199462890625, 5%=-1390.300048828125, 10%=-1373.5, 25%=-1335.75, 50%=-1293.5, 75%=-1241.75, 90%=-1206.9000244140625, 95%=-1182.6500244140625, 98%=-1163.9000244140625
ranking_best_algo: BigLognormalDiscreteOnePlusOne
ranking_best_score: 1301.3600000000004
ranking_my_rank: 2/504 (99.8%)
ranking_my_percent: 99.8015873015873
