ConfigName: kjsd__advperagentrankweighted__M8__L10__eps0p008__g0p0005__ds0p3__dm0p05
Problem: NK
Kernel: jsd
Advantage: peragentrankweighted
M: 8
lambda: 10
epsilon_svgd: 0.008
gamma: 0.0005
decay_start_ratio: 0.3
decay_min_factor: 0.05
bandwith_kernel: None
no_interact: False
avg_score: 0.710903525352478
median_score: 0.7114408016204834
std_score: 0.01512688398361206
percentiles: 2%=0.6727952361106873, 5%=0.6740580797195435, 10%=0.6974429488182068, 25%=0.7078025341033936, 50%=0.7114408016204834, 75%=0.7192872762680054, 90%=0.7254303693771362, 95%=0.7328007817268372, 98%=0.733316957950592
ranking_best_algo: CMApara
ranking_best_score: 0.707475975
ranking_my_rank: 1/504 (100.0%)
ranking_my_percent: 100.0
