ConfigName: krbf__advnormalizedfitness__M2__L11__eps0p02__g0p003__ds0p01__dm0p01
Problem: QUBO
Kernel: rbf
Advantage: normalizedfitness
M: 2
lambda: 11
epsilon_svgd: 0.02
gamma: 0.003
decay_start_ratio: 0.01
decay_min_factor: 0.01
bandwith_kernel: None
no_interact: False
avg_score: -1269.8800048828125
median_score: -1270.5
std_score: 57.73357009887695
percentiles: 2%=-1381.4200439453125, 5%=-1359.300048828125, 10%=-1351.0999755859375, 25%=-1307.25, 50%=-1270.5, 75%=-1231.0, 90%=-1198.4000244140625, 95%=-1178.9000244140625, 98%=-1148.8800048828125
ranking_best_algo: BigLognormalDiscreteOnePlusOne
ranking_best_score: 1301.3600000000004
ranking_my_rank: 48/504 (90.7%)
ranking_my_percent: 90.67460317460318
