ConfigName: kjsd__advperagentrankweighted__M5__L24__eps0p02__g0p0007__ds0p05__dm0p05
Problem: QUBO
Kernel: jsd
Advantage: peragentrankweighted
M: 5
lambda: 24
epsilon_svgd: 0.02
gamma: 0.0007
decay_start_ratio: 0.05
decay_min_factor: 0.05
bandwith_kernel: None
no_interact: False
avg_score: -149.63999938964844
median_score: -148.0
std_score: 13.448806762695312
percentiles: 2%=-179.0, 5%=-179.0, 10%=-160.39999389648438, 25%=-157.25, 50%=-148.0, 75%=-141.0, 90%=-134.89999389648438, 95%=-133.0, 98%=-119.9800033569336
ranking_best_algo: CMApara
ranking_best_score: 154.28
ranking_my_rank: 76/504 (85.1%)
ranking_my_percent: 85.11904761904762
