ConfigName: kjsd__advperagentrankweighted__M4__L12__eps0p005__g0p0007__ds0p05__dm0p05
Problem: QUBO
Kernel: jsd
Advantage: peragentrankweighted
M: 4
lambda: 12
epsilon_svgd: 0.005
gamma: 0.0007
decay_start_ratio: 0.05
decay_min_factor: 0.05
bandwith_kernel: None
no_interact: False
avg_score: -147.6999969482422
median_score: -146.0
std_score: 14.164392471313477
percentiles: 2%=-179.0, 5%=-179.0, 10%=-160.39999389648438, 25%=-155.25, 50%=-146.0, 75%=-139.0, 90%=-132.8000030517578, 95%=-127.0, 98%=-119.83999633789062
ranking_best_algo: CMApara
ranking_best_score: 154.28
ranking_my_rank: 93/504 (81.7%)
ranking_my_percent: 81.74603174603175
