ConfigName: kjsd__advperagentrankweighted__M3__L16__eps0p005__g0p0007__ds0p05__dm0p1
Problem: NK
Kernel: jsd
Advantage: peragentrankweighted
M: 3
lambda: 16
epsilon_svgd: 0.005
gamma: 0.0007
decay_start_ratio: 0.05
decay_min_factor: 0.1
bandwith_kernel: None
no_interact: False
avg_score: 0.7538403272628784
median_score: 0.7542877793312073
std_score: 0.01319925207644701
percentiles: 2%=0.7292715311050415, 5%=0.7302161455154419, 10%=0.7366950511932373, 25%=0.744814395904541, 50%=0.7542877793312073, 75%=0.7625333666801453, 90%=0.7706454992294312, 95%=0.7770794630050659, 98%=0.779594361782074
ranking_best_algo: Tabu
ranking_best_score: 0.7657846284375001
ranking_my_rank: 9/504 (98.4%)
ranking_my_percent: 98.41269841269842
