ConfigName: kjsd__advperagentrankweighted__M4__L10__eps0p03__g0p0003__ds0p2__dm0p05
Problem: QUBO
Kernel: jsd
Advantage: peragentrankweighted
M: 4
lambda: 10
epsilon_svgd: 0.03
gamma: 0.0003
decay_start_ratio: 0.2
decay_min_factor: 0.05
bandwith_kernel: None
no_interact: False
avg_score: -1138.3199462890625
median_score: -1139.5
std_score: 65.24567413330078
percentiles: 2%=-1293.280029296875, 5%=-1251.199951171875, 10%=-1221.300048828125, 25%=-1171.0, 50%=-1139.5, 75%=-1094.25, 90%=-1057.5999755859375, 95%=-1045.1500244140625, 98%=-1012.8400268554688
ranking_best_algo: Tabu
ranking_best_score: 1216.16
ranking_my_rank: 152/504 (70.0%)
ranking_my_percent: 70.03968253968254
