ConfigName: krbf__advnormalizedfitness__M3__L12__eps0p033__g0p007__ds0p15__dm0p3
Problem: QUBO
Kernel: rbf
Advantage: normalizedfitness
M: 3
lambda: 12
epsilon_svgd: 0.033
gamma: 0.007
decay_start_ratio: 0.15
decay_min_factor: 0.3
bandwith_kernel: None
no_interact: False
avg_score: -442.6199951171875
median_score: -446.0
std_score: 26.93353843688965
percentiles: 2%=-485.0799865722656, 5%=-481.1499938964844, 10%=-475.20001220703125, 25%=-463.5, 50%=-446.0, 75%=-420.25, 90%=-404.8999938964844, 95%=-398.95001220703125, 98%=-393.8399658203125
ranking_best_algo: CMApara
ranking_best_score: 453.82
ranking_my_rank: 9/504 (98.4%)
ranking_my_percent: 98.41269841269842
