ConfigName: kjsd__advperagentrankweighted__M4__L30__eps0p01__g0p0003__ds0p2__dm0p05
Problem: NK
Kernel: jsd
Advantage: peragentrankweighted
M: 4
lambda: 30
epsilon_svgd: 0.01
gamma: 0.0003
decay_start_ratio: 0.2
decay_min_factor: 0.05
bandwith_kernel: None
no_interact: False
avg_score: 0.7068617343902588
median_score: 0.7089068293571472
std_score: 0.012096378020942211
percentiles: 2%=0.6853695511817932, 5%=0.6881215572357178, 10%=0.6904441714286804, 25%=0.6959099769592285, 50%=0.7089068293571472, 75%=0.7174357175827026, 90%=0.7207478284835815, 95%=0.7231665849685669, 98%=0.7240104079246521
ranking_best_algo: PBIL
ranking_best_score: 0.7013553837109374
ranking_my_rank: 1/504 (100.0%)
ranking_my_percent: 100.0
