ConfigName: kjsd__advperagentrankweighted__M4__L20__eps0p005__g0p001__ds0p1__dm0p1
Problem: NK
Kernel: jsd
Advantage: peragentrankweighted
M: 4
lambda: 20
epsilon_svgd: 0.005
gamma: 0.001
decay_start_ratio: 0.1
decay_min_factor: 0.1
bandwith_kernel: None
no_interact: False
avg_score: 0.7560814023017883
median_score: 0.754989743232727
std_score: 0.013917566277086735
percentiles: 2%=0.732876181602478, 5%=0.7359586954116821, 10%=0.7392665147781372, 25%=0.7450876832008362, 50%=0.754989743232727, 75%=0.768680989742279, 90%=0.7755268216133118, 95%=0.7779561877250671, 98%=0.7789388298988342
ranking_best_algo: Tabu
ranking_best_score: 0.7470791764843752
ranking_my_rank: 1/504 (100.0%)
ranking_my_percent: 100.0
