ConfigName: kjsd__advperagentrankweighted__M4__L12__eps0p005__g0p0007__ds0p1__dm0p2
Problem: NK
Kernel: jsd
Advantage: peragentrankweighted
M: 4
lambda: 12
epsilon_svgd: 0.005
gamma: 0.0007
decay_start_ratio: 0.1
decay_min_factor: 0.2
bandwith_kernel: None
no_interact: False
avg_score: 0.7317103743553162
median_score: 0.7313845157623291
std_score: 0.009890275076031685
percentiles: 2%=0.7120220065116882, 5%=0.7142940759658813, 10%=0.721733570098877, 25%=0.7255387306213379, 50%=0.7313845157623291, 75%=0.7373228669166565, 90%=0.7448514103889465, 95%=0.7492432594299316, 98%=0.7517096996307373
ranking_best_algo: Tabu
ranking_best_score: 0.7429702712499999
ranking_my_rank: 2/504 (99.8%)
ranking_my_percent: 99.8015873015873
