ConfigName: krbf__advnormalizedfitness__M4__L15__eps0p015__g0p007__ds0p01__dm0p01
Problem: QUBO
Kernel: rbf
Advantage: normalizedfitness
M: 4
lambda: 15
epsilon_svgd: 0.015
gamma: 0.007
decay_start_ratio: 0.01
decay_min_factor: 0.01
bandwith_kernel: None
no_interact: False
avg_score: -1095.93994140625
median_score: -1087.5
std_score: 97.61668395996094
percentiles: 2%=-1297.0, 5%=-1263.300048828125, 10%=-1227.0999755859375, 25%=-1160.25, 50%=-1087.5, 75%=-1018.0, 90%=-979.9000244140625, 95%=-951.6000366210938, 98%=-920.8800048828125
ranking_best_algo: Tabu
ranking_best_score: 1216.16
ranking_my_rank: 208/504 (58.9%)
ranking_my_percent: 58.92857142857143
