ConfigName: kjsd__advperagentrankweighted__M4__L20__eps0p005__g0p001__ds0p1__dm0p05
Problem: QUBO
Kernel: jsd
Advantage: peragentrankweighted
M: 4
lambda: 20
epsilon_svgd: 0.005
gamma: 0.001
decay_start_ratio: 0.1
decay_min_factor: 0.05
bandwith_kernel: None
no_interact: False
avg_score: -329.2200012207031
median_score: -332.0
std_score: 23.729127883911133
percentiles: 2%=-372.0, 5%=-372.0, 10%=-354.0, 25%=-346.0, 50%=-332.0, 75%=-316.25, 90%=-294.70001220703125, 95%=-287.95001220703125, 98%=-279.9200134277344
ranking_best_algo: CMApara
ranking_best_score: 344.22
ranking_my_rank: 82/504 (83.9%)
ranking_my_percent: 83.92857142857143
