ConfigName: kfr__advglobalrankweighted__M6__L10__eps0p02__g0p003__ds0p01__dm0p01
Problem: QUBO
Kernel: fr
Advantage: globalrankweighted
M: 6
lambda: 10
epsilon_svgd: 0.02
gamma: 0.003
decay_start_ratio: 0.01
decay_min_factor: 0.01
bandwith_kernel: None
no_interact: False
avg_score: -1192.3399658203125
median_score: -1184.5
std_score: 67.08489990234375
percentiles: 2%=-1363.0, 5%=-1339.199951171875, 10%=-1267.0999755859375, 25%=-1234.0, 50%=-1184.5, 75%=-1146.75, 90%=-1121.9000244140625, 95%=-1107.800048828125, 98%=-1075.1798095703125
ranking_best_algo: Tabu
ranking_best_score: 1216.16
ranking_my_rank: 49/504 (90.5%)
ranking_my_percent: 90.47619047619048
