ConfigName: kjsd__advperagentrankweighted__M5__L10__eps0p03__g0p0007__ds0p2__dm0p05
Problem: QUBO
Kernel: jsd
Advantage: peragentrankweighted
M: 5
lambda: 10
epsilon_svgd: 0.03
gamma: 0.0007
decay_start_ratio: 0.2
decay_min_factor: 0.05
bandwith_kernel: None
no_interact: False
avg_score: -1185.1600341796875
median_score: -1175.0
std_score: 55.77485656738281
percentiles: 2%=-1335.0400390625, 5%=-1282.9000244140625, 10%=-1256.300048828125, 25%=-1218.25, 50%=-1175.0, 75%=-1146.25, 90%=-1125.9000244140625, 95%=-1113.800048828125, 98%=-1093.780029296875
ranking_best_algo: Tabu
ranking_best_score: 1216.16
ranking_my_rank: 64/504 (87.5%)
ranking_my_percent: 87.5
