ConfigName: kfr__advglobalrankweighted__M4__L10__eps0p015__g0p007__ds0p01__dm0p01
Problem: QUBO
Kernel: fr
Advantage: globalrankweighted
M: 4
lambda: 10
epsilon_svgd: 0.015
gamma: 0.007
decay_start_ratio: 0.01
decay_min_factor: 0.01
bandwith_kernel: None
no_interact: False
avg_score: -140.0399932861328
median_score: -141.0
std_score: 11.07783317565918
percentiles: 2%=-158.02000427246094, 5%=-158.0, 10%=-156.10000610351562, 25%=-148.0, 50%=-141.0, 75%=-131.75, 90%=-125.0, 95%=-122.9000015258789, 98%=-117.9800033569336
ranking_best_algo: DiscreteDE
ranking_best_score: 143.4
ranking_my_rank: 80/504 (84.3%)
ranking_my_percent: 84.32539682539682
