ConfigName: kfr__advglobalrankweighted__M2__L11__eps0p01__g0p005__ds0p01__dm0p01
Problem: QUBO
Kernel: fr
Advantage: globalrankweighted
M: 2
lambda: 11
epsilon_svgd: 0.01
gamma: 0.005
decay_start_ratio: 0.01
decay_min_factor: 0.01
bandwith_kernel: None
no_interact: False
avg_score: -1613.0999755859375
median_score: -1618.5
std_score: 63.852413177490234
percentiles: 2%=-1717.199951171875, 5%=-1712.1500244140625, 10%=-1697.0, 25%=-1660.75, 50%=-1618.5, 75%=-1563.5, 90%=-1531.699951171875, 95%=-1508.60009765625, 98%=-1480.8399658203125
ranking_best_algo: NLOPT_LN_PRAXIS
ranking_best_score: 1607.12
ranking_my_rank: 1/504 (100.0%)
ranking_my_percent: 100.0
