ConfigName: krbf__advnormalizedfitness__M3__L15__eps0p033__g0p005__ds0p3__dm0p01
Problem: QUBO
Kernel: rbf
Advantage: normalizedfitness
M: 3
lambda: 15
epsilon_svgd: 0.033
gamma: 0.005
decay_start_ratio: 0.3
decay_min_factor: 0.01
bandwith_kernel: None
no_interact: False
avg_score: -2582.1201171875
median_score: -2593.5
std_score: 132.03297424316406
percentiles: 2%=-2829.52001953125, 5%=-2794.14990234375, 10%=-2769.10009765625, 25%=-2652.25, 50%=-2593.5, 75%=-2490.25, 90%=-2427.699951171875, 95%=-2387.75, 98%=-2285.85986328125
ranking_best_algo: DiscreteLengler2OnePlusOne
ranking_best_score: 2617.04
ranking_my_rank: 47/504 (90.9%)
ranking_my_percent: 90.87301587301587
