ConfigName: kjsd__advperagentrankweighted__M5__L8__eps0p02__g0p0007__ds0p2__dm0p05
Problem: QUBO
Kernel: jsd
Advantage: peragentrankweighted
M: 5
lambda: 8
epsilon_svgd: 0.02
gamma: 0.0007
decay_start_ratio: 0.2
decay_min_factor: 0.05
bandwith_kernel: None
no_interact: False
avg_score: -1595.300048828125
median_score: -1589.5
std_score: 63.176658630371094
percentiles: 2%=-1730.760009765625, 5%=-1710.0, 10%=-1668.5, 25%=-1632.0, 50%=-1589.5, 75%=-1552.5, 90%=-1522.5999755859375, 95%=-1507.0, 98%=-1459.0
ranking_best_algo: NLOPT_LN_PRAXIS
ranking_best_score: 1607.12
ranking_my_rank: 37/504 (92.9%)
ranking_my_percent: 92.85714285714286
