ConfigName: krbf__advglobalrankweighted__M4__L10__eps0p01__g0p005__ds0p01__dm0p01
Problem: QUBO
Kernel: rbf
Advantage: globalrankweighted
M: 4
lambda: 10
epsilon_svgd: 0.01
gamma: 0.005
decay_start_ratio: 0.01
decay_min_factor: 0.01
bandwith_kernel: None
no_interact: False
avg_score: -425.94000244140625
median_score: -425.0
std_score: 28.963363647460938
percentiles: 2%=-481.0400085449219, 5%=-477.0, 10%=-467.6000061035156, 25%=-446.0, 50%=-425.0, 75%=-404.75, 90%=-393.8999938964844, 95%=-389.70001220703125, 98%=-367.9599914550781
ranking_best_algo: CMAL3
ranking_best_score: 435.36
ranking_my_rank: 23/504 (95.6%)
ranking_my_percent: 95.63492063492063
