ConfigName: kjsd__advperagentrankweighted__M4__L24__eps0p01__g0p0003__ds0p2__dm0p05
Problem: NK
Kernel: jsd
Advantage: peragentrankweighted
M: 4
lambda: 24
epsilon_svgd: 0.01
gamma: 0.0003
decay_start_ratio: 0.2
decay_min_factor: 0.05
bandwith_kernel: None
no_interact: False
avg_score: 0.7546605467796326
median_score: 0.7521265149116516
std_score: 0.012169267982244492
percentiles: 2%=0.7329195141792297, 5%=0.7365225553512573, 10%=0.7401195764541626, 25%=0.746554434299469, 50%=0.7521265149116516, 75%=0.7630495429039001, 90%=0.7721540927886963, 95%=0.7753486633300781, 98%=0.779488742351532
ranking_best_algo: Tabu
ranking_best_score: 0.7470791764843752
ranking_my_rank: 1/504 (100.0%)
ranking_my_percent: 100.0
