ConfigName: kjsd__advperagentrankweighted__M4__L12__eps0p005__g0p001__ds0p1__dm0p05
Problem: QUBO
Kernel: jsd
Advantage: peragentrankweighted
M: 4
lambda: 12
epsilon_svgd: 0.005
gamma: 0.001
decay_start_ratio: 0.1
decay_min_factor: 0.05
bandwith_kernel: None
no_interact: False
avg_score: -1196.1400146484375
median_score: -1192.5
std_score: 53.661163330078125
percentiles: 2%=-1341.0400390625, 5%=-1287.050048828125, 10%=-1267.199951171875, 25%=-1227.0, 50%=-1192.5, 75%=-1158.0, 90%=-1137.9000244140625, 95%=-1111.699951171875, 98%=-1102.97998046875
ranking_best_algo: Tabu
ranking_best_score: 1216.16
ranking_my_rank: 47/504 (90.9%)
ranking_my_percent: 90.87301587301587
