ConfigName: kjsd__advperagentrankweighted__M5__L28__eps0p008__g0p0005__ds0p05__dm0p05
Problem: NK
Kernel: jsd
Advantage: peragentrankweighted
M: 5
lambda: 28
epsilon_svgd: 0.008
gamma: 0.0005
decay_start_ratio: 0.05
decay_min_factor: 0.05
bandwith_kernel: None
no_interact: False
avg_score: 0.7589262127876282
median_score: 0.7594374418258667
std_score: 0.012382796965539455
percentiles: 2%=0.7352055311203003, 5%=0.7392560839653015, 10%=0.7442989349365234, 25%=0.7505000233650208, 50%=0.7594374418258667, 75%=0.767220139503479, 90%=0.7753608226776123, 95%=0.7791571617126465, 98%=0.7807819843292236
ranking_best_algo: Tabu
ranking_best_score: 0.7470791764843752
ranking_my_rank: 1/504 (100.0%)
ranking_my_percent: 100.0
