ConfigName: krbf__advnormalizedfitness__M4__L15__eps0p033__g0p015__ds0p01__dm0p3
Problem: NK
Kernel: rbf
Advantage: normalizedfitness
M: 4
lambda: 15
epsilon_svgd: 0.033
gamma: 0.015
decay_start_ratio: 0.01
decay_min_factor: 0.3
bandwith_kernel: None
no_interact: False
avg_score: 0.6976450085639954
median_score: 0.6997964382171631
std_score: 0.016909020021557808
percentiles: 2%=0.6535816788673401, 5%=0.6565204858779907, 10%=0.6822720766067505, 25%=0.6922999620437622, 50%=0.6997964382171631, 75%=0.7070311903953552, 90%=0.7182390689849854, 95%=0.7209583520889282, 98%=0.7236822247505188
ranking_best_algo: CMApara
ranking_best_score: 0.707475975
ranking_my_rank: 142/504 (72.0%)
ranking_my_percent: 72.02380952380952
