ConfigName: krbf__advnormalizedfitness__M1__L8__eps0p033__g0p005__ds0p01__dm0p3
Problem: QUBO
Kernel: rbf
Advantage: normalizedfitness
M: 1
lambda: 8
epsilon_svgd: 0.033
gamma: 0.005
decay_start_ratio: 0.01
decay_min_factor: 0.3
bandwith_kernel: None
no_interact: False
avg_score: -1217.6600341796875
median_score: -1230.0
std_score: 95.34246063232422
percentiles: 2%=-1373.239990234375, 5%=-1339.550048828125, 10%=-1301.0999755859375, 25%=-1271.0, 50%=-1230.0, 75%=-1177.0, 90%=-1142.800048828125, 95%=-1121.35009765625, 98%=-1073.439208984375
ranking_best_algo: BigLognormalDiscreteOnePlusOne
ranking_best_score: 1301.3600000000004
ranking_my_rank: 72/504 (85.9%)
ranking_my_percent: 85.91269841269842
