ConfigName: kfr__advglobalrankweighted__M4__L5__eps0p01__g0p007__ds0p01__dm0p01
Problem: NK
Kernel: fr
Advantage: globalrankweighted
M: 4
lambda: 5
epsilon_svgd: 0.01
gamma: 0.007
decay_start_ratio: 0.01
decay_min_factor: 0.01
bandwith_kernel: None
no_interact: False
avg_score: 0.7206929922103882
median_score: 0.7196660041809082
std_score: 0.011506794020533562
percentiles: 2%=0.7003103494644165, 5%=0.7039874792098999, 10%=0.7065544724464417, 25%=0.7134057283401489, 50%=0.7196660041809082, 75%=0.7266102433204651, 90%=0.7361214756965637, 95%=0.7406208515167236, 98%=0.7452448606491089
ranking_best_algo: Tabu
ranking_best_score: 0.7429702712499999
ranking_my_rank: 13/504 (97.6%)
ranking_my_percent: 97.61904761904762
