ConfigName: krbf__advnormalizedfitness__M3__L10__eps0p033__g0p007__ds0p15__dm0p01
Problem: NK
Kernel: rbf
Advantage: normalizedfitness
M: 3
lambda: 10
epsilon_svgd: 0.033
gamma: 0.007
decay_start_ratio: 0.15
decay_min_factor: 0.01
bandwith_kernel: None
no_interact: False
avg_score: 0.7567340135574341
median_score: 0.7537438869476318
std_score: 0.012508662417531013
percentiles: 2%=0.737954318523407, 5%=0.7409824132919312, 10%=0.7418459057807922, 25%=0.7466827034950256, 50%=0.7537438869476318, 75%=0.766488254070282, 90%=0.7747659683227539, 95%=0.7787797451019287, 98%=0.7815351486206055
ranking_best_algo: Tabu
ranking_best_score: 0.7470791764843752
ranking_my_rank: 1/504 (100.0%)
ranking_my_percent: 100.0
