ConfigName: krbf__advglobalrankweighted__M4__L11__eps0p02__g0p007__ds0p01__dm0p01
Problem: QUBO
Kernel: rbf
Advantage: globalrankweighted
M: 4
lambda: 11
epsilon_svgd: 0.02
gamma: 0.007
decay_start_ratio: 0.01
decay_min_factor: 0.01
bandwith_kernel: None
no_interact: False
avg_score: -440.7799987792969
median_score: -444.5
std_score: 24.67045783996582
percentiles: 2%=-485.0, 5%=-479.0, 10%=-471.1000061035156, 25%=-459.25, 50%=-444.5, 75%=-423.0, 90%=-405.79998779296875, 95%=-397.8000183105469, 98%=-393.9599914550781
ranking_best_algo: CMApara
ranking_best_score: 453.82
ranking_my_rank: 12/504 (97.8%)
ranking_my_percent: 97.81746031746032
