ConfigName: kjsd__advperagentrankweighted__M4__L24__eps0p005__g0p0005__ds0p05__dm0p05
Problem: NK
Kernel: jsd
Advantage: peragentrankweighted
M: 4
lambda: 24
epsilon_svgd: 0.005
gamma: 0.0005
decay_start_ratio: 0.05
decay_min_factor: 0.05
bandwith_kernel: None
no_interact: False
avg_score: 0.7106132507324219
median_score: 0.7118861675262451
std_score: 0.015418522991240025
percentiles: 2%=0.6705842018127441, 5%=0.6730204224586487, 10%=0.6966758966445923, 25%=0.7078465223312378, 50%=0.7118861675262451, 75%=0.7186592221260071, 90%=0.7255688905715942, 95%=0.7327590584754944, 98%=0.7333096265792847
ranking_best_algo: CMApara
ranking_best_score: 0.707475975
ranking_my_rank: 1/504 (100.0%)
ranking_my_percent: 100.0
