ConfigName: kfr__advglobalrankweighted__M1__L9__eps0p01__g0p005__ds0p01__dm0p01
Problem: QUBO
Kernel: fr
Advantage: globalrankweighted
M: 1
lambda: 9
epsilon_svgd: 0.01
gamma: 0.005
decay_start_ratio: 0.01
decay_min_factor: 0.01
bandwith_kernel: None
no_interact: False
avg_score: -1213.9000244140625
median_score: -1210.5
std_score: 62.54062271118164
percentiles: 2%=-1336.3800048828125, 5%=-1319.199951171875, 10%=-1286.0999755859375, 25%=-1259.0, 50%=-1210.5, 75%=-1164.5, 90%=-1136.9000244140625, 95%=-1117.800048828125, 98%=-1084.9599609375
ranking_best_algo: SVMMetaModelLogNormal
ranking_best_score: 1233.7999999999997
ranking_my_rank: 45/504 (91.3%)
ranking_my_percent: 91.26984126984127
