ConfigName: kjsd__advperagentrankweighted__M4__L24__eps0p02__g0p0007__ds0p05__dm0p05
Problem: QUBO
Kernel: jsd
Advantage: peragentrankweighted
M: 4
lambda: 24
epsilon_svgd: 0.02
gamma: 0.0007
decay_start_ratio: 0.05
decay_min_factor: 0.05
bandwith_kernel: None
no_interact: False
avg_score: -576.8599853515625
median_score: -575.5
std_score: 26.76229476928711
percentiles: 2%=-635.0399780273438, 5%=-627.1500244140625, 10%=-617.0, 25%=-594.0, 50%=-575.5, 75%=-558.75, 90%=-543.9000244140625, 95%=-535.75, 98%=-529.9199829101562
ranking_best_algo: Tabu
ranking_best_score: 588.7199999999999
ranking_my_rank: 47/503 (90.9%)
ranking_my_percent: 90.85487077534792
