ConfigName: kjsd__advperagentrankweighted__M5__L12__eps0p03__g0p0003__ds0p2__dm0p05
Problem: NK
Kernel: jsd
Advantage: peragentrankweighted
M: 5
lambda: 12
epsilon_svgd: 0.03
gamma: 0.0003
decay_start_ratio: 0.2
decay_min_factor: 0.05
bandwith_kernel: None
no_interact: False
avg_score: 0.7300208210945129
median_score: 0.7311822772026062
std_score: 0.00927700661122799
percentiles: 2%=0.7087271213531494, 5%=0.7112981677055359, 10%=0.7184045314788818, 25%=0.7244617342948914, 50%=0.7311822772026062, 75%=0.7363482713699341, 90%=0.7409544587135315, 95%=0.7440451383590698, 98%=0.7477661967277527
ranking_best_algo: PBIL
ranking_best_score: 0.730509098125
ranking_my_rank: 3/504 (99.6%)
ranking_my_percent: 99.60317460317461
