ConfigName: krbf__advnormalizedfitness__M3__L12__eps0p025__g0p005__ds0p01__dm0p3
Problem: QUBO
Kernel: rbf
Advantage: normalizedfitness
M: 3
lambda: 12
epsilon_svgd: 0.025
gamma: 0.005
decay_start_ratio: 0.01
decay_min_factor: 0.3
bandwith_kernel: None
no_interact: False
avg_score: -1211.6400146484375
median_score: -1211.0
std_score: 73.42023468017578
percentiles: 2%=-1354.02001953125, 5%=-1340.3499755859375, 10%=-1304.0, 25%=-1267.0, 50%=-1211.0, 75%=-1148.5, 90%=-1128.800048828125, 95%=-1112.2000732421875, 98%=-1066.4998779296875
ranking_best_algo: SVMMetaModelLogNormal
ranking_best_score: 1233.7999999999997
ranking_my_rank: 45/504 (91.3%)
ranking_my_percent: 91.26984126984127
