ConfigName: kjsd__advperagentrankweighted__M5__L24__eps0p02__g0p0005__ds0p05__dm0p05
Problem: NK
Kernel: jsd
Advantage: peragentrankweighted
M: 5
lambda: 24
epsilon_svgd: 0.02
gamma: 0.0005
decay_start_ratio: 0.05
decay_min_factor: 0.05
bandwith_kernel: None
no_interact: False
avg_score: 0.7410217523574829
median_score: 0.7405787706375122
std_score: 0.013593270443379879
percentiles: 2%=0.7182395458221436, 5%=0.7212264537811279, 10%=0.7248774766921997, 25%=0.7302659153938293, 50%=0.7405787706375122, 75%=0.7495278716087341, 90%=0.7589041590690613, 95%=0.7604440450668335, 98%=0.7724208831787109
ranking_best_algo: Tabu
ranking_best_score: 0.7601875690625
ranking_my_rank: 12/504 (97.8%)
ranking_my_percent: 97.81746031746032
