ConfigName: kjsd__advperagentrankweighted__M3__L24__eps0p005__g0p001__ds0p05__dm0p2
Problem: NK
Kernel: jsd
Advantage: peragentrankweighted
M: 3
lambda: 24
epsilon_svgd: 0.005
gamma: 0.001
decay_start_ratio: 0.05
decay_min_factor: 0.2
bandwith_kernel: None
no_interact: False
avg_score: 0.6730480790138245
median_score: 0.6711841821670532
std_score: 0.018551772460341454
percentiles: 2%=0.6407573819160461, 5%=0.6467969417572021, 10%=0.6530910730361938, 25%=0.6584392786026001, 50%=0.6711841821670532, 75%=0.6853495836257935, 90%=0.6988978981971741, 95%=0.7053169012069702, 98%=0.7150717973709106
ranking_best_algo: PBIL
ranking_best_score: 0.7170882103515624
ranking_my_rank: 181/504 (64.3%)
ranking_my_percent: 64.28571428571429
