ConfigName: kjsd__advperagentrankweighted__M2__L20__eps0p005__g0p0005__ds0p05__dm0p1
Problem: QUBO
Kernel: jsd
Advantage: peragentrankweighted
M: 2
lambda: 20
epsilon_svgd: 0.005
gamma: 0.0005
decay_start_ratio: 0.05
decay_min_factor: 0.1
bandwith_kernel: None
no_interact: False
avg_score: -197.3000030517578
median_score: -199.0
std_score: 13.275164604187012
percentiles: 2%=-222.0, 5%=-220.0500030517578, 10%=-214.10000610351562, 25%=-207.0, 50%=-199.0, 75%=-187.0, 90%=-180.8000030517578, 95%=-174.0, 98%=-171.9600067138672
ranking_best_algo: Tabu
ranking_best_score: 208.36000000000004
ranking_my_rank: 125/504 (75.4%)
ranking_my_percent: 75.39682539682539
