ConfigName: krbf__advnormalizedfitness__M3__L8__eps0p025__g0p005__ds0p15__dm0p01
Problem: NK
Kernel: rbf
Advantage: normalizedfitness
M: 3
lambda: 8
epsilon_svgd: 0.025
gamma: 0.005
decay_start_ratio: 0.15
decay_min_factor: 0.01
bandwith_kernel: None
no_interact: False
avg_score: 0.709963321685791
median_score: 0.7110038995742798
std_score: 0.015122567303478718
percentiles: 2%=0.6721465587615967, 5%=0.6733397245407104, 10%=0.6946954727172852, 25%=0.706409752368927, 50%=0.7110038995742798, 75%=0.7183794975280762, 90%=0.7252880334854126, 95%=0.7317315936088562, 98%=0.7326790690422058
ranking_best_algo: CMApara
ranking_best_score: 0.707475975
ranking_my_rank: 1/504 (100.0%)
ranking_my_percent: 100.0
