ConfigName: kjsd__advperagentrankweighted__M3__L18__eps0p005__g0p001__ds0p1__dm0p2
Problem: QUBO
Kernel: jsd
Advantage: peragentrankweighted
M: 3
lambda: 18
epsilon_svgd: 0.005
gamma: 0.001
decay_start_ratio: 0.1
decay_min_factor: 0.2
bandwith_kernel: None
no_interact: False
avg_score: -1200.1400146484375
median_score: -1191.5
std_score: 66.92205047607422
percentiles: 2%=-1347.0400390625, 5%=-1325.0999755859375, 10%=-1287.9000244140625, 25%=-1240.0, 50%=-1191.5, 75%=-1152.25, 90%=-1113.0, 95%=-1103.6500244140625, 98%=-1090.93994140625
ranking_best_algo: Tabu
ranking_best_score: 1216.16
ranking_my_rank: 42/504 (91.9%)
ranking_my_percent: 91.86507936507937
