ConfigName: krbf__advnormalizedfitness__M1__L10__eps0p015__g0p01__ds0p15__dm0p01
Problem: NK
Kernel: rbf
Advantage: normalizedfitness
M: 1
lambda: 10
epsilon_svgd: 0.015
gamma: 0.01
decay_start_ratio: 0.15
decay_min_factor: 0.01
bandwith_kernel: None
no_interact: False
avg_score: 0.7082246541976929
median_score: 0.7104812860488892
std_score: 0.01611827127635479
percentiles: 2%=0.6673893928527832, 5%=0.6690884232521057, 10%=0.693534255027771, 25%=0.7023371458053589, 50%=0.7104812860488892, 75%=0.7174297571182251, 90%=0.7253470420837402, 95%=0.7324270009994507, 98%=0.7332842946052551
ranking_best_algo: CMApara
ranking_best_score: 0.707475975
ranking_my_rank: 1/504 (100.0%)
ranking_my_percent: 100.0
