ConfigName: krbf__advnormalizedfitness__M2__L10__eps0p015__g0p005__ds0p3__dm0p01
Problem: QUBO
Kernel: rbf
Advantage: normalizedfitness
M: 2
lambda: 10
epsilon_svgd: 0.015
gamma: 0.005
decay_start_ratio: 0.3
decay_min_factor: 0.01
bandwith_kernel: None
no_interact: False
avg_score: -437.260009765625
median_score: -435.5
std_score: 29.875951766967773
percentiles: 2%=-498.0, 5%=-489.04998779296875, 10%=-473.29998779296875, 25%=-457.25, 50%=-435.5, 75%=-422.0, 90%=-396.79998779296875, 95%=-390.8500061035156, 98%=-377.8399963378906
ranking_best_algo: CMApara
ranking_best_score: 453.82
ranking_my_rank: 28/504 (94.6%)
ranking_my_percent: 94.64285714285714
