ConfigName: kjsd__advperagentrankweighted__M4__L24__eps0p01__g0p0005__ds0p05__dm0p05
Problem: NK
Kernel: jsd
Advantage: peragentrankweighted
M: 4
lambda: 24
epsilon_svgd: 0.01
gamma: 0.0005
decay_start_ratio: 0.05
decay_min_factor: 0.05
bandwith_kernel: None
no_interact: False
avg_score: 0.7428232431411743
median_score: 0.7407945394515991
std_score: 0.0294645968824625
percentiles: 2%=0.6894455552101135, 5%=0.7011649012565613, 10%=0.7103723287582397, 25%=0.7219915390014648, 50%=0.7407945394515991, 75%=0.7580187320709229, 90%=0.7758713364601135, 95%=0.8044298887252808, 98%=0.8109490275382996
ranking_best_algo: CMApara
ranking_best_score: 0.7459277895312499
ranking_my_rank: 15/504 (97.2%)
ranking_my_percent: 97.22222222222223
