ConfigName: kjsd__advperagentrankweighted__M4__L12__eps0p01__g0p0007__ds0p2__dm0p05
Problem: NK
Kernel: jsd
Advantage: peragentrankweighted
M: 4
lambda: 12
epsilon_svgd: 0.01
gamma: 0.0007
decay_start_ratio: 0.2
decay_min_factor: 0.05
bandwith_kernel: None
no_interact: False
avg_score: 0.710968017578125
median_score: 0.6987258791923523
std_score: 0.03150954470038414
percentiles: 2%=0.6725713014602661, 5%=0.6742340326309204, 10%=0.6771544814109802, 25%=0.6822424530982971, 50%=0.6987258791923523, 75%=0.7457970380783081, 90%=0.7525893449783325, 95%=0.7613165378570557, 98%=0.7613165378570557
ranking_best_algo: CMApara
ranking_best_score: 0.7118996098437498
ranking_my_rank: 8/504 (98.6%)
ranking_my_percent: 98.61111111111111
