ConfigName: kjsd__advperagentrankweighted__M4__L10__eps0p015__g0p0005__ds0p05__dm0p05
Problem: NK
Kernel: jsd
Advantage: peragentrankweighted
M: 4
lambda: 10
epsilon_svgd: 0.015
gamma: 0.0005
decay_start_ratio: 0.05
decay_min_factor: 0.05
bandwith_kernel: None
no_interact: False
avg_score: 0.7097208499908447
median_score: 0.6978194117546082
std_score: 0.03158612921833992
percentiles: 2%=0.6714090704917908, 5%=0.6736212968826294, 10%=0.6756837964057922, 25%=0.6810862421989441, 50%=0.6978194117546082, 75%=0.7441631555557251, 90%=0.753444254398346, 95%=0.7613165378570557, 98%=0.7613165378570557
ranking_best_algo: CMApara
ranking_best_score: 0.7118996098437498
ranking_my_rank: 48/504 (90.7%)
ranking_my_percent: 90.67460317460318
