ConfigName: kfr__advglobalrankweighted__M4__L5__eps0p06__g0p007__ds0p01__dm0p01
Problem: QUBO
Kernel: fr
Advantage: globalrankweighted
M: 4
lambda: 5
epsilon_svgd: 0.06
gamma: 0.007
decay_start_ratio: 0.01
decay_min_factor: 0.01
bandwith_kernel: None
no_interact: False
avg_score: -925.47998046875
median_score: -919.0
std_score: 67.29717254638672
percentiles: 2%=-1054.06005859375, 5%=-1043.050048828125, 10%=-1034.0999755859375, 25%=-968.75, 50%=-919.0, 75%=-878.0, 90%=-848.5, 95%=-830.9000244140625, 98%=-804.9600219726562
ranking_best_algo: CMApara
ranking_best_score: 964.9
ranking_my_rank: 21/504 (96.0%)
ranking_my_percent: 96.03174603174604
