ConfigName: krbf__advnormalizedfitness__M3__L10__eps0p033__g0p007__ds0p15__dm0p01
Problem: QUBO
Kernel: rbf
Advantage: normalizedfitness
M: 3
lambda: 10
epsilon_svgd: 0.033
gamma: 0.007
decay_start_ratio: 0.15
decay_min_factor: 0.01
bandwith_kernel: None
no_interact: False
avg_score: -3224.340087890625
median_score: -3209.0
std_score: 144.1348114013672
percentiles: 2%=-3482.820068359375, 5%=-3453.14990234375, 10%=-3441.39990234375, 25%=-3326.25, 50%=-3209.0, 75%=-3110.0, 90%=-3068.199951171875, 95%=-3021.60009765625, 98%=-2947.539794921875
ranking_best_algo: RLSOnePlusOne
ranking_best_score: 3316.5199999999995
ranking_my_rank: 43/504 (91.7%)
ranking_my_percent: 91.66666666666667
