ConfigName: krbf__advnormalizedfitness__M3__L15__eps0p025__g0p005__ds0p3__dm0p3
Problem: QUBO
Kernel: rbf
Advantage: normalizedfitness
M: 3
lambda: 15
epsilon_svgd: 0.025
gamma: 0.005
decay_start_ratio: 0.3
decay_min_factor: 0.3
bandwith_kernel: None
no_interact: False
avg_score: -573.6199951171875
median_score: -572.0
std_score: 25.65181541442871
percentiles: 2%=-625.0, 5%=-617.1500244140625, 10%=-604.0, 25%=-594.25, 50%=-572.0, 75%=-558.0, 90%=-538.7999877929688, 95%=-529.0, 98%=-525.9599609375
ranking_best_algo: Tabu
ranking_best_score: 588.7199999999999
ranking_my_rank: 61/503 (88.1%)
ranking_my_percent: 88.07157057654075
