ConfigName: kjsd__advperagentrankweighted__M3__L18__eps0p01__g0p003__ds0p1__dm0p05
Problem: QUBO
Kernel: jsd
Advantage: peragentrankweighted
M: 3
lambda: 18
epsilon_svgd: 0.01
gamma: 0.003
decay_start_ratio: 0.1
decay_min_factor: 0.05
bandwith_kernel: None
no_interact: False
avg_score: -934.4600219726562
median_score: -924.5
std_score: 68.41117858886719
percentiles: 2%=-1076.0, 5%=-1054.9000244140625, 10%=-1043.0999755859375, 25%=-982.25, 50%=-924.5, 75%=-890.25, 90%=-843.0, 95%=-838.4000244140625, 98%=-820.4000244140625
ranking_best_algo: CMApara
ranking_best_score: 964.9
ranking_my_rank: 16/504 (97.0%)
ranking_my_percent: 97.02380952380952
