ConfigName: kjsd__advperagentrankweighted__M5__L10__eps0p01__g0p003__ds0p2__dm0p05
Problem: QUBO
Kernel: jsd
Advantage: peragentrankweighted
M: 5
lambda: 10
epsilon_svgd: 0.01
gamma: 0.003
decay_start_ratio: 0.2
decay_min_factor: 0.05
bandwith_kernel: None
no_interact: False
avg_score: -311.1000061035156
median_score: -313.0
std_score: 37.88706588745117
percentiles: 2%=-392.0400085449219, 5%=-390.0, 10%=-360.20001220703125, 25%=-334.5, 50%=-313.0, 75%=-276.0, 90%=-269.8999938964844, 95%=-267.8999938964844, 98%=-261.9200134277344
ranking_best_algo: CMApara
ranking_best_score: 319.29999999999995
ranking_my_rank: 39/504 (92.5%)
ranking_my_percent: 92.46031746031746
