ConfigName: kjsd__advperagentrankweighted__M3__L16__eps0p01__g0p001__ds0p2__dm0p2
Problem: QUBO
Kernel: jsd
Advantage: peragentrankweighted
M: 3
lambda: 16
epsilon_svgd: 0.01
gamma: 0.001
decay_start_ratio: 0.2
decay_min_factor: 0.2
bandwith_kernel: None
no_interact: False
avg_score: -1306.4000244140625
median_score: -1310.0
std_score: 58.09354019165039
percentiles: 2%=-1397.199951171875, 5%=-1392.0, 10%=-1382.5, 25%=-1347.5, 50%=-1310.0, 75%=-1274.5, 90%=-1221.800048828125, 95%=-1187.0, 98%=-1178.9599609375
ranking_best_algo: BigLognormalDiscreteOnePlusOne
ranking_best_score: 1301.3600000000004
ranking_my_rank: 1/504 (100.0%)
ranking_my_percent: 100.0
