ConfigName: kjsd__advperagentrankweighted__M4__L10__eps0p005__g0p0003__ds0p05__dm0p05
Problem: QUBO
Kernel: jsd
Advantage: peragentrankweighted
M: 4
lambda: 10
epsilon_svgd: 0.005
gamma: 0.0003
decay_start_ratio: 0.05
decay_min_factor: 0.05
bandwith_kernel: None
no_interact: False
avg_score: -428.32000732421875
median_score: -425.0
std_score: 24.44785499572754
percentiles: 2%=-479.0400085449219, 5%=-477.0, 10%=-465.0, 25%=-440.5, 50%=-425.0, 75%=-411.75, 90%=-399.0, 95%=-394.95001220703125, 98%=-391.0
ranking_best_algo: CMAL3
ranking_best_score: 435.36
ranking_my_rank: 15/504 (97.2%)
ranking_my_percent: 97.22222222222223
