ConfigName: kfr__advglobalrankweighted__M2__L9__eps0p02__g0p007__ds0p01__dm0p01
Problem: QUBO
Kernel: fr
Advantage: globalrankweighted
M: 2
lambda: 9
epsilon_svgd: 0.02
gamma: 0.007
decay_start_ratio: 0.01
decay_min_factor: 0.01
bandwith_kernel: None
no_interact: False
avg_score: -1296.43994140625
median_score: -1287.0
std_score: 58.083961486816406
percentiles: 2%=-1426.0799560546875, 5%=-1401.0, 10%=-1386.300048828125, 25%=-1335.0, 50%=-1287.0, 75%=-1255.0, 90%=-1225.0, 95%=-1218.7000732421875, 98%=-1206.639892578125
ranking_best_algo: BigLognormalDiscreteOnePlusOne
ranking_best_score: 1301.3600000000004
ranking_my_rank: 2/504 (99.8%)
ranking_my_percent: 99.8015873015873
