ConfigName: kjsd__advperagentrankweighted__M3__L16__eps0p01__g0p0005__ds0p1__dm0p1
Problem: QUBO
Kernel: jsd
Advantage: peragentrankweighted
M: 3
lambda: 16
epsilon_svgd: 0.01
gamma: 0.0005
decay_start_ratio: 0.1
decay_min_factor: 0.1
bandwith_kernel: None
no_interact: False
avg_score: -2587.340087890625
median_score: -2583.0
std_score: 122.17088317871094
percentiles: 2%=-2830.1201171875, 5%=-2771.300048828125, 10%=-2744.60009765625, 25%=-2673.75, 50%=-2583.0, 75%=-2503.25, 90%=-2444.300048828125, 95%=-2378.64990234375, 98%=-2338.06005859375
ranking_best_algo: SVM1MetaModelLogNormal
ranking_best_score: 2605.14
ranking_my_rank: 11/504 (98.0%)
ranking_my_percent: 98.01587301587301
