ConfigName: krbf__advglobalrankweighted__M4__L9__eps0p015__g0p005__ds0p01__dm0p01
Problem: QUBO
Kernel: rbf
Advantage: globalrankweighted
M: 4
lambda: 9
epsilon_svgd: 0.015
gamma: 0.005
decay_start_ratio: 0.01
decay_min_factor: 0.01
bandwith_kernel: None
no_interact: False
avg_score: -3204.820068359375
median_score: -3210.5
std_score: 157.1880645751953
percentiles: 2%=-3506.39990234375, 5%=-3468.60009765625, 10%=-3375.89990234375, 25%=-3307.0, 50%=-3210.5, 75%=-3108.5, 90%=-2998.5, 95%=-2920.650146484375, 98%=-2859.8798828125
ranking_best_algo: RLSOnePlusOne
ranking_best_score: 3316.5199999999995
ranking_my_rank: 53/504 (89.7%)
ranking_my_percent: 89.68253968253968
