ConfigName: kjsd__advperagentrankweighted__M4__L24__eps0p01__g0p0005__ds0p2__dm0p05
Problem: NK
Kernel: jsd
Advantage: peragentrankweighted
M: 4
lambda: 24
epsilon_svgd: 0.01
gamma: 0.0005
decay_start_ratio: 0.2
decay_min_factor: 0.05
bandwith_kernel: None
no_interact: False
avg_score: 0.7428169250488281
median_score: 0.7415183186531067
std_score: 0.01584671437740326
percentiles: 2%=0.713218092918396, 5%=0.7169559001922607, 10%=0.722153902053833, 25%=0.7330006957054138, 50%=0.7415183186531067, 75%=0.7536773681640625, 90%=0.7625013589859009, 95%=0.7677838802337646, 98%=0.7769118547439575
ranking_best_algo: Tabu
ranking_best_score: 0.7601875690625
ranking_my_rank: 9/504 (98.4%)
ranking_my_percent: 98.41269841269842
