ConfigName: kjsd__advperagentrankweighted__M3__L20__eps0p005__g0p0007__ds0p2__dm0p1
Problem: QUBO
Kernel: jsd
Advantage: peragentrankweighted
M: 3
lambda: 20
epsilon_svgd: 0.005
gamma: 0.0007
decay_start_ratio: 0.2
decay_min_factor: 0.1
bandwith_kernel: None
no_interact: False
avg_score: -425.6199951171875
median_score: -429.5
std_score: 26.82863426208496
percentiles: 2%=-477.0400085449219, 5%=-473.1000061035156, 10%=-459.3999938964844, 25%=-441.25, 50%=-429.5, 75%=-408.5, 90%=-392.3999938964844, 95%=-379.70001220703125, 98%=-369.8599853515625
ranking_best_algo: CMAL3
ranking_best_score: 435.36
ranking_my_rank: 26/504 (95.0%)
ranking_my_percent: 95.03968253968254
