ConfigName: kjsd__advperagentrankweighted__M3__L16__eps0p01__g0p001__ds0p1__dm0p05
Problem: QUBO
Kernel: jsd
Advantage: peragentrankweighted
M: 3
lambda: 16
epsilon_svgd: 0.01
gamma: 0.001
decay_start_ratio: 0.1
decay_min_factor: 0.05
bandwith_kernel: None
no_interact: False
avg_score: -3301.39990234375
median_score: -3306.0
std_score: 111.08699798583984
percentiles: 2%=-3517.679931640625, 5%=-3477.300048828125, 10%=-3438.199951171875, 25%=-3381.25, 50%=-3306.0, 75%=-3228.75, 90%=-3159.300048828125, 95%=-3136.300048828125, 98%=-3082.6201171875
ranking_best_algo: RLSOnePlusOne
ranking_best_score: 3316.5199999999995
ranking_my_rank: 3/504 (99.6%)
ranking_my_percent: 99.60317460317461
