ConfigName: kjsd__advperagentrankweighted__M5__L12__eps0p03__g0p0007__ds0p2__dm0p05
Problem: NK
Kernel: jsd
Advantage: peragentrankweighted
M: 5
lambda: 12
epsilon_svgd: 0.03
gamma: 0.0007
decay_start_ratio: 0.2
decay_min_factor: 0.05
bandwith_kernel: None
no_interact: False
avg_score: 0.7317226529121399
median_score: 0.732459545135498
std_score: 0.008592654950916767
percentiles: 2%=0.7133918404579163, 5%=0.716333270072937, 10%=0.7198107838630676, 25%=0.7272178530693054, 50%=0.732459545135498, 75%=0.738740861415863, 90%=0.7423998713493347, 95%=0.7441924810409546, 98%=0.7459716796875
ranking_best_algo: PBIL
ranking_best_score: 0.7248786399609374
ranking_my_rank: 1/504 (100.0%)
ranking_my_percent: 100.0
