ConfigName: kjsd__advperagentrankweighted__M4__L12__eps0p01__g0p0003__ds0p4__dm0p05
Problem: QUBO
Kernel: jsd
Advantage: peragentrankweighted
M: 4
lambda: 12
epsilon_svgd: 0.01
gamma: 0.0003
decay_start_ratio: 0.4
decay_min_factor: 0.05
bandwith_kernel: None
no_interact: False
avg_score: -1609.06005859375
median_score: -1612.5
std_score: 66.3121109008789
percentiles: 2%=-1745.4000244140625, 5%=-1716.25, 10%=-1683.800048828125, 25%=-1652.25, 50%=-1612.5, 75%=-1562.0, 90%=-1515.0, 95%=-1500.949951171875, 98%=-1473.0
ranking_best_algo: NLOPT_LN_PRAXIS
ranking_best_score: 1607.12
ranking_my_rank: 1/504 (100.0%)
ranking_my_percent: 100.0
