ConfigName: krbf__advnormalizedfitness__M4__L15__eps0p03__g0p002__ds0p05__dm0p05
Problem: NK
Kernel: rbf
Advantage: normalizedfitness
M: 4
lambda: 15
epsilon_svgd: 0.03
gamma: 0.002
decay_start_ratio: 0.05
decay_min_factor: 0.05
bandwith_kernel: None
no_interact: False
avg_score: 0.711179256439209
median_score: 0.6999640464782715
std_score: 0.031371548771858215
percentiles: 2%=0.672218918800354, 5%=0.6737009882926941, 10%=0.6757414937019348, 25%=0.6836323142051697, 50%=0.6999640464782715, 75%=0.7472612261772156, 90%=0.7525893449783325, 95%=0.7613165378570557, 98%=0.7613165378570557
ranking_best_algo: CMApara
ranking_best_score: 0.7118996098437498
ranking_my_rank: 4/504 (99.4%)
ranking_my_percent: 99.4047619047619
