ConfigName: krbf__advnormalizedfitness__M3__L12__eps0p025__g0p007__ds0p15__dm0p01
Problem: QUBO
Kernel: rbf
Advantage: normalizedfitness
M: 3
lambda: 12
epsilon_svgd: 0.025
gamma: 0.007
decay_start_ratio: 0.15
decay_min_factor: 0.01
bandwith_kernel: None
no_interact: False
avg_score: -416.29998779296875
median_score: -412.0
std_score: 22.988473892211914
percentiles: 2%=-463.1199951171875, 5%=-452.1000061035156, 10%=-448.1000061035156, 25%=-430.0, 50%=-412.0, 75%=-400.0, 90%=-388.0, 95%=-380.95001220703125, 98%=-376.0
ranking_best_algo: Tabu
ranking_best_score: 438.12
ranking_my_rank: 45/504 (91.3%)
ranking_my_percent: 91.26984126984127
