ConfigName: krbf__advnormalizedfitness__M3__L12__eps0p025__g0p005__ds0p01__dm0p01
Problem: QUBO
Kernel: rbf
Advantage: normalizedfitness
M: 3
lambda: 12
epsilon_svgd: 0.025
gamma: 0.005
decay_start_ratio: 0.01
decay_min_factor: 0.01
bandwith_kernel: None
no_interact: False
avg_score: -897.0800170898438
median_score: -895.0
std_score: 62.058467864990234
percentiles: 2%=-1024.3199462890625, 5%=-1008.4000244140625, 10%=-972.0, 25%=-947.25, 50%=-895.0, 75%=-850.25, 90%=-819.0, 95%=-800.8500366210938, 98%=-785.8999633789062
ranking_best_algo: CMAL3
ranking_best_score: 928.5800000000002
ranking_my_rank: 81/504 (84.1%)
ranking_my_percent: 84.12698412698413
