ConfigName: kjsd__advperagentrankweighted__M3__L18__eps0p007__g0p0005__ds0p1__dm0p05
Problem: QUBO
Kernel: jsd
Advantage: peragentrankweighted
M: 3
lambda: 18
epsilon_svgd: 0.007
gamma: 0.0005
decay_start_ratio: 0.1
decay_min_factor: 0.05
bandwith_kernel: None
no_interact: False
avg_score: -411.6000061035156
median_score: -413.5
std_score: 26.465068817138672
percentiles: 2%=-467.0400085449219, 5%=-454.04998779296875, 10%=-446.1000061035156, 25%=-428.0, 50%=-413.5, 75%=-393.75, 90%=-377.6000061035156, 95%=-367.79998779296875, 98%=-357.760009765625
ranking_best_algo: Tabu
ranking_best_score: 438.12
ranking_my_rank: 77/504 (84.9%)
ranking_my_percent: 84.92063492063492
