ConfigName: krbf__advnormalizedfitness__M4__L12__eps0p015__g0p01__ds0p15__dm0p01
Problem: NK
Kernel: rbf
Advantage: normalizedfitness
M: 4
lambda: 12
epsilon_svgd: 0.015
gamma: 0.01
decay_start_ratio: 0.15
decay_min_factor: 0.01
bandwith_kernel: None
no_interact: False
avg_score: 0.6980478763580322
median_score: 0.6982226967811584
std_score: 0.012237360700964928
percentiles: 2%=0.6724780797958374, 5%=0.6772392392158508, 10%=0.6816112995147705, 25%=0.6906452178955078, 50%=0.6982226967811584, 75%=0.7061424255371094, 90%=0.7139326333999634, 95%=0.7168940305709839, 98%=0.7181409001350403
ranking_best_algo: PBIL
ranking_best_score: 0.7248786399609374
ranking_my_rank: 105/504 (79.4%)
ranking_my_percent: 79.36507936507937
