ConfigName: kjsd__advperagentrankweighted__M3__L16__eps0p007__g0p003__ds0p2__dm0p1
Problem: NK
Kernel: jsd
Advantage: peragentrankweighted
M: 3
lambda: 16
epsilon_svgd: 0.007
gamma: 0.003
decay_start_ratio: 0.2
decay_min_factor: 0.1
bandwith_kernel: None
no_interact: False
avg_score: 0.7384518980979919
median_score: 0.737276554107666
std_score: 0.013478615321218967
percentiles: 2%=0.707319438457489, 5%=0.7176262140274048, 10%=0.7241500616073608, 25%=0.7304176688194275, 50%=0.737276554107666, 75%=0.7462612390518188, 90%=0.7557732462882996, 95%=0.7627346515655518, 98%=0.7641417980194092
ranking_best_algo: Tabu
ranking_best_score: 0.7601875690625
ranking_my_rank: 19/504 (96.4%)
ranking_my_percent: 96.42857142857143
