ConfigName: kjsd__advperagentrankweighted__M5__L8__eps0p005__g0p003__ds0p2__dm0p2
Problem: NK
Kernel: jsd
Advantage: peragentrankweighted
M: 5
lambda: 8
epsilon_svgd: 0.005
gamma: 0.003
decay_start_ratio: 0.2
decay_min_factor: 0.2
bandwith_kernel: None
no_interact: False
avg_score: 0.6984034776687622
median_score: 0.6981766819953918
std_score: 0.01059893611818552
percentiles: 2%=0.6774424910545349, 5%=0.6821060180664062, 10%=0.6848315596580505, 25%=0.6914217472076416, 50%=0.6981766819953918, 75%=0.7059711217880249, 90%=0.712507426738739, 95%=0.7155783176422119, 98%=0.7179611921310425
ranking_best_algo: PBIL
ranking_best_score: 0.7248786399609374
ranking_my_rank: 105/504 (79.4%)
ranking_my_percent: 79.36507936507937
