ConfigName: kjsd__advperagentrankweighted__M5__L8__eps0p03__g0p0005__ds0p05__dm0p05
Problem: QUBO
Kernel: jsd
Advantage: peragentrankweighted
M: 5
lambda: 8
epsilon_svgd: 0.03
gamma: 0.0005
decay_start_ratio: 0.05
decay_min_factor: 0.05
bandwith_kernel: None
no_interact: False
avg_score: -196.89999389648438
median_score: -196.0
std_score: 13.096182823181152
percentiles: 2%=-222.0399932861328, 5%=-221.0500030517578, 10%=-215.10000610351562, 25%=-207.0, 50%=-196.0, 75%=-185.75, 90%=-180.0, 95%=-178.9499969482422, 98%=-176.0
ranking_best_algo: Tabu
ranking_best_score: 208.36000000000004
ranking_my_rank: 131/504 (74.2%)
ranking_my_percent: 74.2063492063492
