ConfigName: kjsd__advperagentrankweighted__M6__L28__eps0p005__g0p0005__ds0p05__dm0p05
Problem: NK
Kernel: jsd
Advantage: peragentrankweighted
M: 6
lambda: 28
epsilon_svgd: 0.005
gamma: 0.0005
decay_start_ratio: 0.05
decay_min_factor: 0.05
bandwith_kernel: None
no_interact: False
avg_score: 0.7529728412628174
median_score: 0.755424976348877
std_score: 0.01363848615437746
percentiles: 2%=0.722249448299408, 5%=0.7273660898208618, 10%=0.7338389754295349, 25%=0.7462403774261475, 50%=0.755424976348877, 75%=0.7605419158935547, 90%=0.7675480246543884, 95%=0.771950900554657, 98%=0.7753263115882874
ranking_best_algo: Tabu
ranking_best_score: 0.7657846284375001
ranking_my_rank: 9/504 (98.4%)
ranking_my_percent: 98.41269841269842
