ConfigName: krbf__advnormalizedfitness__M3__L12__eps0p033__g0p01__ds0p3__dm0p3
Problem: NK
Kernel: rbf
Advantage: normalizedfitness
M: 3
lambda: 12
epsilon_svgd: 0.033
gamma: 0.01
decay_start_ratio: 0.3
decay_min_factor: 0.3
bandwith_kernel: None
no_interact: False
avg_score: 0.7106969356536865
median_score: 0.7114856839179993
std_score: 0.015274347737431526
percentiles: 2%=0.6717321276664734, 5%=0.6731144189834595, 10%=0.6961801648139954, 25%=0.7085949778556824, 50%=0.7114856839179993, 75%=0.7184263467788696, 90%=0.7255274653434753, 95%=0.7320576906204224, 98%=0.7330089211463928
ranking_best_algo: CMApara
ranking_best_score: 0.707475975
ranking_my_rank: 1/504 (100.0%)
ranking_my_percent: 100.0
