ConfigName: kfr__advglobalrankweighted__M4__L24__eps0p02__g0p005__ds0p01__dm0p01
Problem: QUBO
Kernel: fr
Advantage: globalrankweighted
M: 4
lambda: 24
epsilon_svgd: 0.02
gamma: 0.005
decay_start_ratio: 0.01
decay_min_factor: 0.01
bandwith_kernel: None
no_interact: False
avg_score: -410.32000732421875
median_score: -414.5
std_score: 26.14455223083496
percentiles: 2%=-465.20001220703125, 5%=-452.04998779296875, 10%=-440.1000061035156, 25%=-428.0, 50%=-414.5, 75%=-391.5, 90%=-376.0, 95%=-369.9000244140625, 98%=-361.7999572753906
ranking_best_algo: Tabu
ranking_best_score: 438.12
ranking_my_rank: 90/504 (82.3%)
ranking_my_percent: 82.34126984126983
