ConfigName: krbf__advnormalizedfitness__M4__L12__eps0p033__g0p005__ds0p3__dm0p01
Problem: QUBO
Kernel: rbf
Advantage: normalizedfitness
M: 4
lambda: 12
epsilon_svgd: 0.033
gamma: 0.005
decay_start_ratio: 0.3
decay_min_factor: 0.01
bandwith_kernel: None
no_interact: False
avg_score: -440.17999267578125
median_score: -439.0
std_score: 23.536516189575195
percentiles: 2%=-477.20001220703125, 5%=-473.0, 10%=-470.0, 25%=-460.5, 50%=-439.0, 75%=-422.0, 90%=-409.8999938964844, 95%=-401.9000244140625, 98%=-395.91998291015625
ranking_best_algo: CMApara
ranking_best_score: 453.82
ranking_my_rank: 15/504 (97.2%)
ranking_my_percent: 97.22222222222223
