ConfigName: krbf__advnormalizedfitness__M3__L12__eps0p015__g0p01__ds0p3__dm0p3
Problem: NK
Kernel: rbf
Advantage: normalizedfitness
M: 3
lambda: 12
epsilon_svgd: 0.015
gamma: 0.01
decay_start_ratio: 0.3
decay_min_factor: 0.3
bandwith_kernel: None
no_interact: False
avg_score: 0.6816759705543518
median_score: 0.6846384406089783
std_score: 0.011741108261048794
percentiles: 2%=0.6595498323440552, 5%=0.6617681980133057, 10%=0.66562420129776, 25%=0.6729142069816589, 50%=0.6846384406089783, 75%=0.690115749835968, 90%=0.6956101059913635, 95%=0.6985792517662048, 98%=0.7012274861335754
ranking_best_algo: PBIL
ranking_best_score: 0.7013553837109374
ranking_my_rank: 110/504 (78.4%)
ranking_my_percent: 78.37301587301587
