ConfigName: krbf__advnormalizedfitness__M5__L10__eps0p025__g0p01__ds0p05__dm0p05
Problem: QUBO
Kernel: rbf
Advantage: normalizedfitness
M: 5
lambda: 10
epsilon_svgd: 0.025
gamma: 0.01
decay_start_ratio: 0.05
decay_min_factor: 0.05
bandwith_kernel: None
no_interact: False
avg_score: -411.2799987792969
median_score: -410.0
std_score: 27.4954833984375
percentiles: 2%=-467.0400085449219, 5%=-454.0, 10%=-451.0, 25%=-428.25, 50%=-410.0, 75%=-388.0, 90%=-377.6000061035156, 95%=-369.70001220703125, 98%=-363.9200134277344
ranking_best_algo: Tabu
ranking_best_score: 438.12
ranking_my_rank: 80/504 (84.3%)
ranking_my_percent: 84.32539682539682
