ConfigName: krbf__advnormalizedfitness__M2__L8__eps0p025__g0p007__ds0p15__dm0p01
Problem: QUBO
Kernel: rbf
Advantage: normalizedfitness
M: 2
lambda: 8
epsilon_svgd: 0.025
gamma: 0.007
decay_start_ratio: 0.15
decay_min_factor: 0.01
bandwith_kernel: None
no_interact: False
avg_score: -197.63999938964844
median_score: -197.0
std_score: 14.08369255065918
percentiles: 2%=-224.0, 5%=-221.0500030517578, 10%=-217.1999969482422, 25%=-208.0, 50%=-197.0, 75%=-186.75, 90%=-178.0, 95%=-174.0, 98%=-172.0
ranking_best_algo: Tabu
ranking_best_score: 208.36000000000004
ranking_my_rank: 113/504 (77.8%)
ranking_my_percent: 77.77777777777777
