ConfigName: krbf__advnormalizedfitness__M4__L15__eps0p015__g0p005__ds0p01__dm0p3
Problem: QUBO
Kernel: rbf
Advantage: normalizedfitness
M: 4
lambda: 15
epsilon_svgd: 0.015
gamma: 0.005
decay_start_ratio: 0.01
decay_min_factor: 0.3
bandwith_kernel: None
no_interact: False
avg_score: -1739.0999755859375
median_score: -1741.5
std_score: 164.34617614746094
percentiles: 2%=-2025.760009765625, 5%=-1989.8499755859375, 10%=-1938.300048828125, 25%=-1872.0, 50%=-1741.5, 75%=-1628.5, 90%=-1524.9000244140625, 95%=-1473.300048828125, 98%=-1437.2398681640625
ranking_best_algo: SVM1MetaModelLogNormal
ranking_best_score: 2605.14
ranking_my_rank: 322/504 (36.3%)
ranking_my_percent: 36.30952380952381
