ConfigName: kfr__advglobalrankweighted__M4__L24__eps0p01__g0p007__ds0p01__dm0p01
Problem: NK
Kernel: fr
Advantage: globalrankweighted
M: 4
lambda: 24
epsilon_svgd: 0.01
gamma: 0.007
decay_start_ratio: 0.01
decay_min_factor: 0.01
bandwith_kernel: None
no_interact: False
avg_score: 0.720734179019928
median_score: 0.7223114967346191
std_score: 0.010941244661808014
percentiles: 2%=0.699126660823822, 5%=0.7023540139198303, 10%=0.7054290175437927, 25%=0.7129063010215759, 50%=0.7223114967346191, 75%=0.7290601134300232, 90%=0.7343669533729553, 95%=0.737211287021637, 98%=0.7378344535827637
ranking_best_algo: PBIL
ranking_best_score: 0.730509098125
ranking_my_rank: 57/504 (88.9%)
ranking_my_percent: 88.88888888888889
