ConfigName: kjsd__advperagentrankweighted__M6__L24__eps0p005__g0p0005__ds0p3__dm0p05
Problem: NK
Kernel: jsd
Advantage: peragentrankweighted
M: 6
lambda: 24
epsilon_svgd: 0.005
gamma: 0.0005
decay_start_ratio: 0.3
decay_min_factor: 0.05
bandwith_kernel: None
no_interact: False
avg_score: 0.7283630967140198
median_score: 0.7278802990913391
std_score: 0.01848653517663479
percentiles: 2%=0.6840082406997681, 5%=0.6983091831207275, 10%=0.7083200812339783, 25%=0.7152969241142273, 50%=0.7278802990913391, 75%=0.7403639554977417, 90%=0.7519948482513428, 95%=0.759311854839325, 98%=0.7653510570526123
ranking_best_algo: Tabu
ranking_best_score: 0.7601875690625
ranking_my_rank: 56/504 (89.1%)
ranking_my_percent: 89.08730158730158
