ConfigName: kjsd__advperagentrankweighted__M5__L10__eps0p005__g0p003__ds0p05__dm0p05
Problem: QUBO
Kernel: jsd
Advantage: peragentrankweighted
M: 5
lambda: 10
epsilon_svgd: 0.005
gamma: 0.003
decay_start_ratio: 0.05
decay_min_factor: 0.05
bandwith_kernel: None
no_interact: False
avg_score: -430.6000061035156
median_score: -429.5
std_score: 29.19725799560547
percentiles: 2%=-489.1400146484375, 5%=-482.04998779296875, 10%=-467.1000061035156, 25%=-450.25, 50%=-429.5, 75%=-406.5, 90%=-391.0, 95%=-386.8500061035156, 98%=-380.0
ranking_best_algo: CMApara
ranking_best_score: 453.82
ranking_my_rank: 87/504 (82.9%)
ranking_my_percent: 82.93650793650794
