ConfigName: kjsd__advperagentrankweighted__M6__L24__eps0p005__g0p0005__ds0p05__dm0p05
Problem: QUBO
Kernel: jsd
Advantage: peragentrankweighted
M: 6
lambda: 24
epsilon_svgd: 0.005
gamma: 0.0005
decay_start_ratio: 0.05
decay_min_factor: 0.05
bandwith_kernel: None
no_interact: False
avg_score: -1173.43994140625
median_score: -1171.5
std_score: 68.70157623291016
percentiles: 2%=-1327.199951171875, 5%=-1315.0999755859375, 10%=-1265.199951171875, 25%=-1209.0, 50%=-1171.5, 75%=-1132.75, 90%=-1087.4000244140625, 95%=-1065.949951171875, 98%=-1044.9200439453125
ranking_best_algo: Tabu
ranking_best_score: 1216.16
ranking_my_rank: 85/504 (83.3%)
ranking_my_percent: 83.33333333333333
