ConfigName: kjsd__advperagentrankweighted__M5__L10__eps0p01__g0p0007__ds0p4__dm0p2
Problem: NK
Kernel: jsd
Advantage: peragentrankweighted
M: 5
lambda: 10
epsilon_svgd: 0.01
gamma: 0.0007
decay_start_ratio: 0.4
decay_min_factor: 0.2
bandwith_kernel: None
no_interact: False
avg_score: 0.744164228439331
median_score: 0.7422001957893372
std_score: 0.02857058495283127
percentiles: 2%=0.6968870162963867, 5%=0.7069950103759766, 10%=0.7132788896560669, 25%=0.7233338356018066, 50%=0.7422001957893372, 75%=0.7599140405654907, 90%=0.7767738699913025, 95%=0.8096112608909607, 98%=0.8118547797203064
ranking_best_algo: CMApara
ranking_best_score: 0.7459277895312499
ranking_my_rank: 6/504 (99.0%)
ranking_my_percent: 99.0079365079365
