ConfigName: kjsd__advperagentrankweighted__M3__L16__eps0p005__g0p0005__ds0p2__dm0p05
Problem: QUBO
Kernel: jsd
Advantage: peragentrankweighted
M: 3
lambda: 16
epsilon_svgd: 0.005
gamma: 0.0005
decay_start_ratio: 0.2
decay_min_factor: 0.05
bandwith_kernel: None
no_interact: False
avg_score: -914.4199829101562
median_score: -911.0
std_score: 63.8758430480957
percentiles: 2%=-1038.0400390625, 5%=-1028.0999755859375, 10%=-999.0, 25%=-959.5, 50%=-911.0, 75%=-870.5, 90%=-843.7999877929688, 95%=-812.9000244140625, 98%=-770.9000244140625
ranking_best_algo: CMAL3
ranking_best_score: 928.5800000000002
ranking_my_rank: 17/504 (96.8%)
ranking_my_percent: 96.82539682539682
