ConfigName: kjsd__advperagentrankweighted__M3__L18__eps0p01__g0p001__ds0p05__dm0p05
Problem: QUBO
Kernel: jsd
Advantage: peragentrankweighted
M: 3
lambda: 18
epsilon_svgd: 0.01
gamma: 0.001
decay_start_ratio: 0.05
decay_min_factor: 0.05
bandwith_kernel: None
no_interact: False
avg_score: -1184.3399658203125
median_score: -1178.0
std_score: 60.95330047607422
percentiles: 2%=-1341.43994140625, 5%=-1313.5, 10%=-1249.199951171875, 25%=-1219.0, 50%=-1178.0, 75%=-1143.0, 90%=-1114.5, 95%=-1105.8499755859375, 98%=-1084.8199462890625
ranking_best_algo: Tabu
ranking_best_score: 1216.16
ranking_my_rank: 64/504 (87.5%)
ranking_my_percent: 87.5
