ConfigName: krbf__advnormalizedfitness__M4__L8__eps0p015__g0p007__ds0p15__dm0p01
Problem: QUBO
Kernel: rbf
Advantage: normalizedfitness
M: 4
lambda: 8
epsilon_svgd: 0.015
gamma: 0.007
decay_start_ratio: 0.15
decay_min_factor: 0.01
bandwith_kernel: None
no_interact: False
avg_score: -1102.4000244140625
median_score: -1089.0
std_score: 75.72938537597656
percentiles: 2%=-1271.760009765625, 5%=-1235.9000244140625, 10%=-1197.5, 25%=-1139.5, 50%=-1089.0, 75%=-1059.0, 90%=-1009.7000122070312, 95%=-988.9500122070312, 98%=-976.719970703125
ranking_best_algo: SVMMetaModelLogNormal
ranking_best_score: 1233.7999999999997
ranking_my_rank: 149/504 (70.6%)
ranking_my_percent: 70.63492063492063
