ConfigName: kjsd__advperagentrankweighted__M3__L16__eps0p007__g0p003__ds0p1__dm0p2
Problem: NK
Kernel: jsd
Advantage: peragentrankweighted
M: 3
lambda: 16
epsilon_svgd: 0.007
gamma: 0.003
decay_start_ratio: 0.1
decay_min_factor: 0.2
bandwith_kernel: None
no_interact: False
avg_score: 0.7106199860572815
median_score: 0.7111814022064209
std_score: 0.015151477418839931
percentiles: 2%=0.6722519993782043, 5%=0.6739572882652283, 10%=0.6970865726470947, 25%=0.7069671154022217, 50%=0.7111814022064209, 75%=0.7197096347808838, 90%=0.7254498600959778, 95%=0.7316579222679138, 98%=0.733316957950592
ranking_best_algo: CMApara
ranking_best_score: 0.707475975
ranking_my_rank: 1/504 (100.0%)
ranking_my_percent: 100.0
