ConfigName: kjsd__advperagentrankweighted__M5__L10__eps0p01__g0p0007__ds0p05__dm0p05
Problem: QUBO
Kernel: jsd
Advantage: peragentrankweighted
M: 5
lambda: 10
epsilon_svgd: 0.01
gamma: 0.0007
decay_start_ratio: 0.05
decay_min_factor: 0.05
bandwith_kernel: None
no_interact: False
avg_score: -2646.679931640625
median_score: -2653.0
std_score: 120.24632263183594
percentiles: 2%=-2862.580078125, 5%=-2840.449951171875, 10%=-2805.0, 25%=-2730.5, 50%=-2653.0, 75%=-2558.5, 90%=-2487.300048828125, 95%=-2454.64990234375, 98%=-2445.919921875
ranking_best_algo: DiscreteLengler2OnePlusOne
ranking_best_score: 2617.04
ranking_my_rank: 1/504 (100.0%)
ranking_my_percent: 100.0
