ConfigName: kjsd__advperagentrankweighted__M3__L16__eps0p005__g0p003__ds0p2__dm0p05
Problem: QUBO
Kernel: jsd
Advantage: peragentrankweighted
M: 3
lambda: 16
epsilon_svgd: 0.005
gamma: 0.003
decay_start_ratio: 0.2
decay_min_factor: 0.05
bandwith_kernel: None
no_interact: False
avg_score: -149.74000549316406
median_score: -149.0
std_score: 13.470425605773926
percentiles: 2%=-179.0, 5%=-179.0, 10%=-165.5, 25%=-157.0, 50%=-149.0, 75%=-141.0, 90%=-135.89999389648438, 95%=-133.9499969482422, 98%=-121.9000015258789
ranking_best_algo: CMApara
ranking_best_score: 154.28
ranking_my_rank: 76/504 (85.1%)
ranking_my_percent: 85.11904761904762
