ConfigName: kjsd__advperagentrankweighted__M4__L8__eps0p005__g0p0003__ds0p05__dm0p05
Problem: NK
Kernel: jsd
Advantage: peragentrankweighted
M: 4
lambda: 8
epsilon_svgd: 0.005
gamma: 0.0003
decay_start_ratio: 0.05
decay_min_factor: 0.05
bandwith_kernel: None
no_interact: False
avg_score: 0.7158198356628418
median_score: 0.715118408203125
std_score: 0.0064931465312838554
percentiles: 2%=0.7057742476463318, 5%=0.7065267562866211, 10%=0.7080254554748535, 25%=0.7111040353775024, 50%=0.715118408203125, 75%=0.7202848792076111, 90%=0.7253502607345581, 95%=0.7268576622009277, 98%=0.730514407157898
ranking_best_algo: PBIL
ranking_best_score: 0.7170882103515624
ranking_my_rank: 37/504 (92.9%)
ranking_my_percent: 92.85714285714286
