ConfigName: kjsd__advperagentrankweighted__M3__L16__eps0p005__g0p0005__ds0p2__dm0p2
Problem: NK
Kernel: jsd
Advantage: peragentrankweighted
M: 3
lambda: 16
epsilon_svgd: 0.005
gamma: 0.0005
decay_start_ratio: 0.2
decay_min_factor: 0.2
bandwith_kernel: None
no_interact: False
avg_score: 0.7324212789535522
median_score: 0.7323547005653381
std_score: 0.00983106717467308
percentiles: 2%=0.7140620350837708, 5%=0.7187812924385071, 10%=0.7207094430923462, 25%=0.7244086861610413, 50%=0.7323547005653381, 75%=0.7381405830383301, 90%=0.7443224191665649, 95%=0.7496193051338196, 98%=0.7531314492225647
ranking_best_algo: Tabu
ranking_best_score: 0.7429702712499999
ranking_my_rank: 2/504 (99.8%)
ranking_my_percent: 99.8015873015873
