ConfigName: kjsd__advperagentrankweighted__M5__L10__eps0p005__g0p0003__ds0p2__dm0p05
Problem: QUBO
Kernel: jsd
Advantage: peragentrankweighted
M: 5
lambda: 10
epsilon_svgd: 0.005
gamma: 0.0003
decay_start_ratio: 0.2
decay_min_factor: 0.05
bandwith_kernel: None
no_interact: False
avg_score: -3285.419921875
median_score: -3272.0
std_score: 110.53045654296875
percentiles: 2%=-3495.0400390625, 5%=-3482.050048828125, 10%=-3434.10009765625, 25%=-3363.5, 50%=-3272.0, 75%=-3209.5, 90%=-3161.60009765625, 95%=-3112.800048828125, 98%=-3097.8798828125
ranking_best_algo: RLSOnePlusOne
ranking_best_score: 3316.5199999999995
ranking_my_rank: 3/504 (99.6%)
ranking_my_percent: 99.60317460317461
