ConfigName: kjsd__advperagentrankweighted__M4__L10__eps0p02__g0p0005__ds0p05__dm0p05
Problem: QUBO
Kernel: jsd
Advantage: peragentrankweighted
M: 4
lambda: 10
epsilon_svgd: 0.02
gamma: 0.0005
decay_start_ratio: 0.05
decay_min_factor: 0.05
bandwith_kernel: None
no_interact: False
avg_score: -3225.580078125
median_score: -3218.0
std_score: 118.33572387695312
percentiles: 2%=-3434.159912109375, 5%=-3420.25, 10%=-3383.0, 25%=-3318.0, 50%=-3218.0, 75%=-3136.25, 90%=-3071.60009765625, 95%=-3031.64990234375, 98%=-3016.280029296875
ranking_best_algo: RLSOnePlusOne
ranking_best_score: 3316.5199999999995
ranking_my_rank: 43/504 (91.7%)
ranking_my_percent: 91.66666666666667
