ConfigName: kjsd__advperagentrankweighted__M3__L16__eps0p01__g0p001__ds0p2__dm0p1
Problem: NK
Kernel: jsd
Advantage: peragentrankweighted
M: 3
lambda: 16
epsilon_svgd: 0.01
gamma: 0.001
decay_start_ratio: 0.2
decay_min_factor: 0.1
bandwith_kernel: None
no_interact: False
avg_score: 0.7353692650794983
median_score: 0.7360970377922058
std_score: 0.008504253812134266
percentiles: 2%=0.7169553637504578, 5%=0.7181280851364136, 10%=0.7234025597572327, 25%=0.7300944328308105, 50%=0.7360970377922058, 75%=0.7417150735855103, 90%=0.7453995943069458, 95%=0.747106671333313, 98%=0.7483996748924255
ranking_best_algo: PBIL
ranking_best_score: 0.7248786399609374
ranking_my_rank: 1/504 (100.0%)
ranking_my_percent: 100.0
