ConfigName: kjsd__advperagentrankweighted__M3__L20__eps0p01__g0p0005__ds0p2__dm0p05
Problem: QUBO
Kernel: jsd
Advantage: peragentrankweighted
M: 3
lambda: 20
epsilon_svgd: 0.01
gamma: 0.0005
decay_start_ratio: 0.2
decay_min_factor: 0.05
bandwith_kernel: None
no_interact: False
avg_score: -1302.6800537109375
median_score: -1296.0
std_score: 55.93601608276367
percentiles: 2%=-1417.280029296875, 5%=-1395.8499755859375, 10%=-1379.0999755859375, 25%=-1345.5, 50%=-1296.0, 75%=-1267.0, 90%=-1238.0, 95%=-1212.4000244140625, 98%=-1190.8399658203125
ranking_best_algo: BigLognormalDiscreteOnePlusOne
ranking_best_score: 1301.3600000000004
ranking_my_rank: 1/504 (100.0%)
ranking_my_percent: 100.0
