ConfigName: krbf__advnormalizedfitness__M3__L15__eps0p025__g0p015__ds0p01__dm0p01
Problem: NK
Kernel: rbf
Advantage: normalizedfitness
M: 3
lambda: 15
epsilon_svgd: 0.025
gamma: 0.015
decay_start_ratio: 0.01
decay_min_factor: 0.01
bandwith_kernel: None
no_interact: False
avg_score: 0.7034865617752075
median_score: 0.705143928527832
std_score: 0.011560799553990364
percentiles: 2%=0.6846936941146851, 5%=0.6857494115829468, 10%=0.6875842213630676, 25%=0.692707896232605, 50%=0.705143928527832, 75%=0.7139480113983154, 90%=0.7168615460395813, 95%=0.7186706066131592, 98%=0.719778299331665
ranking_best_algo: PBIL
ranking_best_score: 0.7013553837109374
ranking_my_rank: 1/504 (100.0%)
ranking_my_percent: 100.0
