ConfigName: kjsd__advperagentrankweighted__M6__L10__eps0p02__g0p0007__ds0p2__dm0p05
Problem: QUBO
Kernel: jsd
Advantage: peragentrankweighted
M: 6
lambda: 10
epsilon_svgd: 0.02
gamma: 0.0007
decay_start_ratio: 0.2
decay_min_factor: 0.05
bandwith_kernel: None
no_interact: False
avg_score: -921.0
median_score: -922.0
std_score: 59.18800354003906
percentiles: 2%=-1044.0799560546875, 5%=-1010.5499877929688, 10%=-1005.0999755859375, 25%=-956.0, 50%=-922.0, 75%=-878.75, 90%=-845.7999877929688, 95%=-822.7999877929688, 98%=-810.6199951171875
ranking_best_algo: CMAL3
ranking_best_score: 928.5800000000002
ranking_my_rank: 9/504 (98.4%)
ranking_my_percent: 98.41269841269842
