ConfigName: krbf__advnormalizedfitness__M4__L15__eps0p03__g0p002__ds0p05__dm0p05
Problem: NK
Kernel: rbf
Advantage: normalizedfitness
M: 4
lambda: 15
epsilon_svgd: 0.03
gamma: 0.002
decay_start_ratio: 0.05
decay_min_factor: 0.05
bandwith_kernel: None
no_interact: False
avg_score: 0.7543631792068481
median_score: 0.7560964822769165
std_score: 0.012211757712066174
percentiles: 2%=0.7278355956077576, 5%=0.7329437136650085, 10%=0.7383278608322144, 25%=0.7470928430557251, 50%=0.7560964822769165, 75%=0.7613504528999329, 90%=0.7703617215156555, 95%=0.772415280342102, 98%=0.7779505848884583
ranking_best_algo: Tabu
ranking_best_score: 0.7657846284375001
ranking_my_rank: 7/504 (98.8%)
ranking_my_percent: 98.80952380952381
