ConfigName: krbf__advnormalizedfitness__M2__L10__eps0p015__g0p01__ds0p3__dm0p01
Problem: QUBO
Kernel: rbf
Advantage: normalizedfitness
M: 2
lambda: 10
epsilon_svgd: 0.015
gamma: 0.01
decay_start_ratio: 0.3
decay_min_factor: 0.01
bandwith_kernel: None
no_interact: False
avg_score: -3227.139892578125
median_score: -3232.0
std_score: 120.88846588134766
percentiles: 2%=-3454.679931640625, 5%=-3407.0, 10%=-3371.10009765625, 25%=-3319.5, 50%=-3232.0, 75%=-3136.5, 90%=-3089.699951171875, 95%=-3018.699951171875, 98%=-2950.5400390625
ranking_best_algo: RLSOnePlusOne
ranking_best_score: 3316.5199999999995
ranking_my_rank: 42/504 (91.9%)
ranking_my_percent: 91.86507936507937
