ConfigName: kfr__advglobalrankweighted__M2__L8__eps0p015__g0p005__ds0p01__dm0p01
Problem: QUBO
Kernel: fr
Advantage: globalrankweighted
M: 2
lambda: 8
epsilon_svgd: 0.015
gamma: 0.005
decay_start_ratio: 0.01
decay_min_factor: 0.01
bandwith_kernel: None
no_interact: False
avg_score: -900.239990234375
median_score: -895.5
std_score: 61.42216491699219
percentiles: 2%=-1010.0599975585938, 5%=-1002.2000122070312, 10%=-985.0999755859375, 25%=-944.25, 50%=-895.5, 75%=-856.75, 90%=-822.5999755859375, 95%=-802.9500122070312, 98%=-794.9199829101562
ranking_best_algo: CMAL3
ranking_best_score: 928.5800000000002
ranking_my_rank: 70/504 (86.3%)
ranking_my_percent: 86.30952380952381
