ConfigName: krbf__advnormalizedfitness__M2__L8__eps0p015__g0p007__ds0p15__dm0p01
Problem: NK
Kernel: rbf
Advantage: normalizedfitness
M: 2
lambda: 8
epsilon_svgd: 0.015
gamma: 0.007
decay_start_ratio: 0.15
decay_min_factor: 0.01
bandwith_kernel: None
no_interact: False
avg_score: 0.7582242488861084
median_score: 0.7587311267852783
std_score: 0.012048550881445408
percentiles: 2%=0.7321310639381409, 5%=0.7371824979782104, 10%=0.7433537244796753, 25%=0.7496286630630493, 50%=0.7587311267852783, 75%=0.7652708292007446, 90%=0.773980438709259, 95%=0.7773863077163696, 98%=0.7783641219139099
ranking_best_algo: Tabu
ranking_best_score: 0.7470791764843752
ranking_my_rank: 1/504 (100.0%)
ranking_my_percent: 100.0
