ConfigName: kjsd__advperagentrankweighted__M3__L20__eps0p007__g0p001__ds0p2__dm0p05
Problem: QUBO
Kernel: jsd
Advantage: peragentrankweighted
M: 3
lambda: 20
epsilon_svgd: 0.007
gamma: 0.001
decay_start_ratio: 0.2
decay_min_factor: 0.05
bandwith_kernel: None
no_interact: False
avg_score: -416.5199890136719
median_score: -415.0
std_score: 27.707212448120117
percentiles: 2%=-473.0, 5%=-461.29998779296875, 10%=-451.1000061035156, 25%=-436.0, 50%=-415.0, 75%=-400.0, 90%=-383.79998779296875, 95%=-373.8999938964844, 98%=-355.8800048828125
ranking_best_algo: Tabu
ranking_best_score: 438.12
ranking_my_rank: 43/504 (91.7%)
ranking_my_percent: 91.66666666666667
