ConfigName: kjsd__advperagentrankweighted__M10__L24__eps0p008__g0p0005__ds0p3__dm0p05
Problem: QUBO
Kernel: jsd
Advantage: peragentrankweighted
M: 10
lambda: 24
epsilon_svgd: 0.008
gamma: 0.0005
decay_start_ratio: 0.3
decay_min_factor: 0.05
bandwith_kernel: None
no_interact: False
avg_score: -407.8599853515625
median_score: -406.0
std_score: 29.250991821289062
percentiles: 2%=-465.1199951171875, 5%=-454.0, 10%=-447.20001220703125, 25%=-432.0, 50%=-406.0, 75%=-384.0, 90%=-371.79998779296875, 95%=-364.0, 98%=-353.9200134277344
ranking_best_algo: Tabu
ranking_best_score: 438.12
ranking_my_rank: 155/504 (69.4%)
ranking_my_percent: 69.44444444444444
