ConfigName: krbf__advnormalizedfitness__M4__L15__eps0p015__g0p007__ds0p3__dm0p01
Problem: QUBO
Kernel: rbf
Advantage: normalizedfitness
M: 4
lambda: 15
epsilon_svgd: 0.015
gamma: 0.007
decay_start_ratio: 0.3
decay_min_factor: 0.01
bandwith_kernel: None
no_interact: False
avg_score: -149.66000366210938
median_score: -149.5
std_score: 12.913728713989258
percentiles: 2%=-179.0, 5%=-179.0, 10%=-164.89999389648438, 25%=-155.25, 50%=-149.5, 75%=-140.0, 90%=-134.0, 95%=-130.90000915527344, 98%=-127.0
ranking_best_algo: CMApara
ranking_best_score: 154.28
ranking_my_rank: 76/504 (85.1%)
ranking_my_percent: 85.11904761904762
