ConfigName: kjsd__advperagentrankweighted__M4__L20__eps0p007__g0p0005__ds0p05__dm0p05
Problem: NK
Kernel: jsd
Advantage: peragentrankweighted
M: 4
lambda: 20
epsilon_svgd: 0.007
gamma: 0.0005
decay_start_ratio: 0.05
decay_min_factor: 0.05
bandwith_kernel: None
no_interact: False
avg_score: 0.7078238129615784
median_score: 0.710360050201416
std_score: 0.01192927360534668
percentiles: 2%=0.6873751282691956, 5%=0.690137505531311, 10%=0.6930277943611145, 25%=0.6960693597793579, 50%=0.710360050201416, 75%=0.7181183099746704, 90%=0.7221251130104065, 95%=0.7236038446426392, 98%=0.72507643699646
ranking_best_algo: PBIL
ranking_best_score: 0.7013553837109374
ranking_my_rank: 1/504 (100.0%)
ranking_my_percent: 100.0
