ConfigName: kjsd__advperagentrankweighted__M3__L20__eps0p01__g0p0005__ds0p05__dm0p1
Problem: NK
Kernel: jsd
Advantage: peragentrankweighted
M: 3
lambda: 20
epsilon_svgd: 0.01
gamma: 0.0005
decay_start_ratio: 0.05
decay_min_factor: 0.1
bandwith_kernel: None
no_interact: False
avg_score: 0.7439766526222229
median_score: 0.7439283728599548
std_score: 0.008839847519993782
percentiles: 2%=0.7265380620956421, 5%=0.7276493310928345, 10%=0.7304236888885498, 25%=0.7387164831161499, 50%=0.7439283728599548, 75%=0.7497239112854004, 90%=0.7558561563491821, 95%=0.7569602131843567, 98%=0.7603727579116821
ranking_best_algo: PBIL
ranking_best_score: 0.733570253046875
ranking_my_rank: 1/504 (100.0%)
ranking_my_percent: 100.0
