ConfigName: kjsd__advperagentrankweighted__M3__L30__eps0p007__g0p001__ds0p05__dm0p05
Problem: NK
Kernel: jsd
Advantage: peragentrankweighted
M: 3
lambda: 30
epsilon_svgd: 0.007
gamma: 0.001
decay_start_ratio: 0.05
decay_min_factor: 0.05
bandwith_kernel: None
no_interact: False
avg_score: 0.7375752925872803
median_score: 0.7389741539955139
std_score: 0.009039190597832203
percentiles: 2%=0.7190380096435547, 5%=0.7215447425842285, 10%=0.7232217192649841, 25%=0.7318704724311829, 50%=0.7389741539955139, 75%=0.7453016638755798, 90%=0.7470211386680603, 95%=0.7489161491394043, 98%=0.7525919675827026
ranking_best_algo: PBIL
ranking_best_score: 0.730509098125
ranking_my_rank: 1/504 (100.0%)
ranking_my_percent: 100.0
