ConfigName: kjsd__advperagentrankweighted__M3__L20__eps0p007__g0p003__ds0p1__dm0p05
Problem: QUBO
Kernel: jsd
Advantage: peragentrankweighted
M: 3
lambda: 20
epsilon_svgd: 0.007
gamma: 0.003
decay_start_ratio: 0.1
decay_min_factor: 0.05
bandwith_kernel: None
no_interact: False
avg_score: -567.260009765625
median_score: -566.0
std_score: 28.04732322692871
percentiles: 2%=-621.0399780273438, 5%=-612.25, 10%=-605.0999755859375, 25%=-586.0, 50%=-566.0, 75%=-553.0, 90%=-531.7999877929688, 95%=-523.9500122070312, 98%=-506.7200012207031
ranking_best_algo: Tabu
ranking_best_score: 588.7199999999999
ranking_my_rank: 82/503 (83.9%)
ranking_my_percent: 83.89662027833002
