ConfigName: kjsd__advperagentrankweighted__M3__L24__eps0p007__g0p001__ds0p1__dm0p2
Problem: QUBO
Kernel: jsd
Advantage: peragentrankweighted
M: 3
lambda: 24
epsilon_svgd: 0.007
gamma: 0.001
decay_start_ratio: 0.1
decay_min_factor: 0.2
bandwith_kernel: None
no_interact: False
avg_score: -418.4599914550781
median_score: -420.0
std_score: 23.97891616821289
percentiles: 2%=-471.0, 5%=-454.04998779296875, 10%=-450.0, 25%=-434.0, 50%=-420.0, 75%=-404.0, 90%=-385.79998779296875, 95%=-375.8999938964844, 98%=-371.8800048828125
ranking_best_algo: Tabu
ranking_best_score: 438.12
ranking_my_rank: 37/504 (92.9%)
ranking_my_percent: 92.85714285714286
