ConfigName: kjsd__advperagentrankweighted__M3__L20__eps0p007__g0p003__ds0p05__dm0p1
Problem: QUBO
Kernel: jsd
Advantage: peragentrankweighted
M: 3
lambda: 20
epsilon_svgd: 0.007
gamma: 0.003
decay_start_ratio: 0.05
decay_min_factor: 0.1
bandwith_kernel: None
no_interact: False
avg_score: -1225.5799560546875
median_score: -1224.0
std_score: 74.67317199707031
percentiles: 2%=-1354.0, 5%=-1333.9000244140625, 10%=-1325.300048828125, 25%=-1281.0, 50%=-1224.0, 75%=-1174.5, 90%=-1123.0, 95%=-1101.949951171875, 98%=-1084.1600341796875
ranking_best_algo: BigLognormalDiscreteOnePlusOne
ranking_best_score: 1301.3600000000004
ranking_my_rank: 71/504 (86.1%)
ranking_my_percent: 86.11111111111111
