ConfigName: kjsd__advperagentrankweighted__M4__L20__eps0p005__g0p0005__ds0p2__dm0p05
Problem: QUBO
Kernel: jsd
Advantage: peragentrankweighted
M: 4
lambda: 20
epsilon_svgd: 0.005
gamma: 0.0005
decay_start_ratio: 0.2
decay_min_factor: 0.05
bandwith_kernel: None
no_interact: False
avg_score: -414.3399963378906
median_score: -414.0
std_score: 27.481708526611328
percentiles: 2%=-473.0400085449219, 5%=-457.6000061035156, 10%=-453.0, 25%=-428.25, 50%=-414.0, 75%=-394.0, 90%=-376.0, 95%=-369.79998779296875, 98%=-366.0
ranking_best_algo: Tabu
ranking_best_score: 438.12
ranking_my_rank: 56/504 (89.1%)
ranking_my_percent: 89.08730158730158
