ConfigName: krbf__advnormalizedfitness__M3__L10__eps0p033__g0p005__ds0p01__dm0p01
Problem: NK
Kernel: rbf
Advantage: normalizedfitness
M: 3
lambda: 10
epsilon_svgd: 0.033
gamma: 0.005
decay_start_ratio: 0.01
decay_min_factor: 0.01
bandwith_kernel: None
no_interact: False
avg_score: 0.7452333569526672
median_score: 0.7450517416000366
std_score: 0.009181025438010693
percentiles: 2%=0.7286617159843445, 5%=0.7305456399917603, 10%=0.7324766516685486, 25%=0.7401818037033081, 50%=0.7450517416000366, 75%=0.7509756684303284, 90%=0.7569025158882141, 95%=0.7584142684936523, 98%=0.7619127035140991
ranking_best_algo: PBIL
ranking_best_score: 0.733570253046875
ranking_my_rank: 1/504 (100.0%)
ranking_my_percent: 100.0
