ConfigName: krbf__advnormalizedfitness__M4__L15__eps0p015__g0p015__ds0p01__dm0p01
Problem: NK
Kernel: rbf
Advantage: normalizedfitness
M: 4
lambda: 15
epsilon_svgd: 0.015
gamma: 0.015
decay_start_ratio: 0.01
decay_min_factor: 0.01
bandwith_kernel: None
no_interact: False
avg_score: 0.6656665205955505
median_score: 0.664036750793457
std_score: 0.017366962507367134
percentiles: 2%=0.6356275677680969, 5%=0.6399117708206177, 10%=0.6416234970092773, 25%=0.6554439067840576, 50%=0.664036750793457, 75%=0.6764026880264282, 90%=0.6910545229911804, 95%=0.6946499347686768, 98%=0.6996455192565918
ranking_best_algo: Tabu
ranking_best_score: 0.7470791764843752
ranking_my_rank: 321/504 (36.5%)
ranking_my_percent: 36.507936507936506
