ConfigName: krbf__advnormalizedfitness__M3__L12__eps0p015__g0p015__ds0p15__dm0p3
Problem: NK
Kernel: rbf
Advantage: normalizedfitness
M: 3
lambda: 12
epsilon_svgd: 0.015
gamma: 0.015
decay_start_ratio: 0.15
decay_min_factor: 0.3
bandwith_kernel: None
no_interact: False
avg_score: 0.6942132711410522
median_score: 0.6959041357040405
std_score: 0.017000684514641762
percentiles: 2%=0.6505287289619446, 5%=0.6522186994552612, 10%=0.6779240369796753, 25%=0.6880581378936768, 50%=0.6959041357040405, 75%=0.7041089534759521, 90%=0.7121196985244751, 95%=0.7192556262016296, 98%=0.7208276987075806
ranking_best_algo: CMApara
ranking_best_score: 0.707475975
ranking_my_rank: 205/504 (59.5%)
ranking_my_percent: 59.523809523809526
