ConfigName: krbf__advnormalizedfitness__M3__L8__eps0p015__g0p01__ds0p01__dm0p01
Problem: NK
Kernel: rbf
Advantage: normalizedfitness
M: 3
lambda: 8
epsilon_svgd: 0.015
gamma: 0.01
decay_start_ratio: 0.01
decay_min_factor: 0.01
bandwith_kernel: None
no_interact: False
avg_score: 0.6566280126571655
median_score: 0.6519461870193481
std_score: 0.021800296381115913
percentiles: 2%=0.6224727630615234, 5%=0.626524031162262, 10%=0.6320980787277222, 25%=0.641623854637146, 50%=0.6519461870193481, 75%=0.6666842699050903, 90%=0.6887918710708618, 95%=0.702138364315033, 98%=0.7114211916923523
ranking_best_algo: PBIL
ranking_best_score: 0.7170882103515624
ranking_my_rank: 237/504 (53.2%)
ranking_my_percent: 53.17460317460318
