ConfigName: kjsd__advperagentrankweighted__M4__L12__eps0p005__g0p001__ds0p05__dm0p2
Problem: QUBO
Kernel: jsd
Advantage: peragentrankweighted
M: 4
lambda: 12
epsilon_svgd: 0.005
gamma: 0.001
decay_start_ratio: 0.05
decay_min_factor: 0.2
bandwith_kernel: None
no_interact: False
avg_score: -1216.3599853515625
median_score: -1210.0
std_score: 61.221649169921875
percentiles: 2%=-1340.8399658203125, 5%=-1307.5, 10%=-1297.4000244140625, 25%=-1255.75, 50%=-1210.0, 75%=-1172.5, 90%=-1145.0, 95%=-1134.4000244140625, 98%=-1108.300048828125
ranking_best_algo: SVMMetaModelLogNormal
ranking_best_score: 1233.7999999999997
ranking_my_rank: 41/504 (92.1%)
ranking_my_percent: 92.06349206349206
