ConfigName: krbf__advnormalizedfitness__M4__L12__eps0p033__g0p01__ds0p01__dm0p3
Problem: QUBO
Kernel: rbf
Advantage: normalizedfitness
M: 4
lambda: 12
epsilon_svgd: 0.033
gamma: 0.01
decay_start_ratio: 0.01
decay_min_factor: 0.3
bandwith_kernel: None
no_interact: False
avg_score: -414.4800109863281
median_score: -414.0
std_score: 27.50362777709961
percentiles: 2%=-475.0400085449219, 5%=-454.75, 10%=-451.1000061035156, 25%=-433.25, 50%=-414.0, 75%=-390.0, 90%=-379.79998779296875, 95%=-370.0, 98%=-367.91998291015625
ranking_best_algo: Tabu
ranking_best_score: 438.12
ranking_my_rank: 53/504 (89.7%)
ranking_my_percent: 89.68253968253968
