ConfigName: kjsd__advperagentrankweighted__M6__L10__eps0p02__g0p0005__ds0p05__dm0p05
Problem: NK
Kernel: jsd
Advantage: peragentrankweighted
M: 6
lambda: 10
epsilon_svgd: 0.02
gamma: 0.0005
decay_start_ratio: 0.05
decay_min_factor: 0.05
bandwith_kernel: None
no_interact: False
avg_score: 0.7373455762863159
median_score: 0.7381633520126343
std_score: 0.008830169215798378
percentiles: 2%=0.7215414643287659, 5%=0.7231721878051758, 10%=0.7254151701927185, 25%=0.7300510406494141, 50%=0.7381633520126343, 75%=0.7427337765693665, 90%=0.7486401796340942, 95%=0.750196099281311, 98%=0.7515236139297485
ranking_best_algo: PBIL
ranking_best_score: 0.733570253046875
ranking_my_rank: 1/504 (100.0%)
ranking_my_percent: 100.0
