ConfigName: krbf__advnormalizedfitness__M1__L8__eps0p033__g0p015__ds0p01__dm0p3
Problem: QUBO
Kernel: rbf
Advantage: normalizedfitness
M: 1
lambda: 8
epsilon_svgd: 0.033
gamma: 0.015
decay_start_ratio: 0.01
decay_min_factor: 0.3
bandwith_kernel: None
no_interact: False
avg_score: -192.02000427246094
median_score: -193.0
std_score: 15.482880592346191
percentiles: 2%=-222.0399932861328, 5%=-219.0500030517578, 10%=-211.1999969482422, 25%=-202.25, 50%=-193.0, 75%=-182.0, 90%=-173.0, 95%=-170.0, 98%=-164.8999786376953
ranking_best_algo: Tabu
ranking_best_score: 208.36000000000004
ranking_my_rank: 230/504 (54.6%)
ranking_my_percent: 54.56349206349206
