ConfigName: kjsd__advperagentrankweighted__M4__L12__eps0p02__g0p0005__ds0p2__dm0p05
Problem: QUBO
Kernel: jsd
Advantage: peragentrankweighted
M: 4
lambda: 12
epsilon_svgd: 0.02
gamma: 0.0005
decay_start_ratio: 0.2
decay_min_factor: 0.05
bandwith_kernel: None
no_interact: False
avg_score: -423.8999938964844
median_score: -420.5
std_score: 25.806781768798828
percentiles: 2%=-479.0799865722656, 5%=-475.0, 10%=-463.1000061035156, 25%=-438.0, 50%=-420.5, 75%=-406.75, 90%=-395.0, 95%=-383.79998779296875, 98%=-379.739990234375
ranking_best_algo: CMAL3
ranking_best_score: 435.36
ranking_my_rank: 31/504 (94.0%)
ranking_my_percent: 94.04761904761905
