ConfigName: kjsd__advperagentrankweighted__M5__L8__eps0p005__g0p0007__ds0p4__dm0p2
Problem: NK
Kernel: jsd
Advantage: peragentrankweighted
M: 5
lambda: 8
epsilon_svgd: 0.005
gamma: 0.0007
decay_start_ratio: 0.4
decay_min_factor: 0.2
bandwith_kernel: None
no_interact: False
avg_score: 0.7374958992004395
median_score: 0.7391769886016846
std_score: 0.008675402961671352
percentiles: 2%=0.7186106443405151, 5%=0.7209017276763916, 10%=0.7242758274078369, 25%=0.7317622900009155, 50%=0.7391769886016846, 75%=0.7435989379882812, 90%=0.7472612261772156, 95%=0.7505631446838379, 98%=0.7516855001449585
ranking_best_algo: PBIL
ranking_best_score: 0.730509098125
ranking_my_rank: 1/504 (100.0%)
ranking_my_percent: 100.0
