ConfigName: kjsd__advperagentrankweighted__M3__L16__eps0p005__g0p0005__ds0p1__dm0p2
Problem: NK
Kernel: jsd
Advantage: peragentrankweighted
M: 3
lambda: 16
epsilon_svgd: 0.005
gamma: 0.0005
decay_start_ratio: 0.1
decay_min_factor: 0.2
bandwith_kernel: None
no_interact: False
avg_score: 0.7111551761627197
median_score: 0.6987258791923523
std_score: 0.03162436932325363
percentiles: 2%=0.6742525696754456, 5%=0.6751450300216675, 10%=0.6767442226409912, 25%=0.6819593906402588, 50%=0.6987258791923523, 75%=0.7468891739845276, 90%=0.7535533308982849, 95%=0.7613165378570557, 98%=0.7613165378570557
ranking_best_algo: CMApara
ranking_best_score: 0.7118996098437498
ranking_my_rank: 5/504 (99.2%)
ranking_my_percent: 99.2063492063492
