ConfigName: kjsd__advperagentrankweighted__M3__L20__eps0p007__g0p0005__ds0p2__dm0p05
Problem: NK
Kernel: jsd
Advantage: peragentrankweighted
M: 3
lambda: 20
epsilon_svgd: 0.007
gamma: 0.0005
decay_start_ratio: 0.2
decay_min_factor: 0.05
bandwith_kernel: None
no_interact: False
avg_score: 0.733756959438324
median_score: 0.7335021495819092
std_score: 0.009723304770886898
percentiles: 2%=0.7153366208076477, 5%=0.7161455750465393, 10%=0.7205878496170044, 25%=0.7274352312088013, 50%=0.7335021495819092, 75%=0.7396238446235657, 90%=0.7464584112167358, 95%=0.7479434013366699, 98%=0.7546789050102234
ranking_best_algo: Tabu
ranking_best_score: 0.7429702712499999
ranking_my_rank: 2/504 (99.8%)
ranking_my_percent: 99.8015873015873
