ConfigName: krbf__advnormalizedfitness__M2__L10__eps0p025__g0p007__ds0p01__dm0p3
Problem: QUBO
Kernel: rbf
Advantage: normalizedfitness
M: 2
lambda: 10
epsilon_svgd: 0.025
gamma: 0.007
decay_start_ratio: 0.01
decay_min_factor: 0.3
bandwith_kernel: None
no_interact: False
avg_score: -1611.06005859375
median_score: -1609.0
std_score: 60.64038848876953
percentiles: 2%=-1729.1600341796875, 5%=-1715.0, 10%=-1697.4000244140625, 25%=-1655.0, 50%=-1609.0, 75%=-1566.25, 90%=-1538.0, 95%=-1513.0, 98%=-1506.6800537109375
ranking_best_algo: NLOPT_LN_PRAXIS
ranking_best_score: 1607.12
ranking_my_rank: 1/504 (100.0%)
ranking_my_percent: 100.0
