ConfigName: krbf__advnormalizedfitness__M3__L8__eps0p025__g0p015__ds0p15__dm0p3
Problem: QUBO
Kernel: rbf
Advantage: normalizedfitness
M: 3
lambda: 8
epsilon_svgd: 0.025
gamma: 0.015
decay_start_ratio: 0.15
decay_min_factor: 0.3
bandwith_kernel: None
no_interact: False
avg_score: -416.8599853515625
median_score: -415.5
std_score: 29.811079025268555
percentiles: 2%=-475.0400085449219, 5%=-469.0, 10%=-459.20001220703125, 25%=-432.25, 50%=-415.5, 75%=-395.75, 90%=-380.5, 95%=-373.8500061035156, 98%=-363.91998291015625
ranking_best_algo: CMAL3
ranking_best_score: 435.36
ranking_my_rank: 100/504 (80.4%)
ranking_my_percent: 80.35714285714286
