ConfigName: kjsd__advperagentrankweighted__M5__L12__eps0p03__g0p0005__ds0p05__dm0p05
Problem: NK
Kernel: jsd
Advantage: peragentrankweighted
M: 5
lambda: 12
epsilon_svgd: 0.03
gamma: 0.0005
decay_start_ratio: 0.05
decay_min_factor: 0.05
bandwith_kernel: None
no_interact: False
avg_score: 0.7317556738853455
median_score: 0.7336023449897766
std_score: 0.00921622570604086
percentiles: 2%=0.7140310406684875, 5%=0.7150062918663025, 10%=0.7182357311248779, 25%=0.725296676158905, 50%=0.7336023449897766, 75%=0.7378934025764465, 90%=0.742931067943573, 95%=0.7464495301246643, 98%=0.7472742795944214
ranking_best_algo: PBIL
ranking_best_score: 0.730509098125
ranking_my_rank: 1/504 (100.0%)
ranking_my_percent: 100.0
