ConfigName: kjsd__advperagentrankweighted__M10__L24__eps0p008__g0p0005__ds0p3__dm0p05
Problem: QUBO
Kernel: jsd
Advantage: peragentrankweighted
M: 10
lambda: 24
epsilon_svgd: 0.008
gamma: 0.0005
decay_start_ratio: 0.3
decay_min_factor: 0.05
bandwith_kernel: None
no_interact: False
avg_score: -885.5800170898438
median_score: -879.0
std_score: 67.00599670410156
percentiles: 2%=-1048.06005859375, 5%=-1012.8499755859375, 10%=-974.9000244140625, 25%=-920.25, 50%=-879.0, 75%=-840.5, 90%=-812.5999755859375, 95%=-794.7000122070312, 98%=-776.3200073242188
ranking_best_algo: SVMMetaModelLogNormal
ranking_best_score: 1233.7999999999997
ranking_my_rank: 319/504 (36.9%)
ranking_my_percent: 36.904761904761905
