ConfigName: krbf__advnormalizedfitness__M2__L8__eps0p015__g0p01__ds0p15__dm0p01
Problem: NK
Kernel: rbf
Advantage: normalizedfitness
M: 2
lambda: 8
epsilon_svgd: 0.015
gamma: 0.01
decay_start_ratio: 0.15
decay_min_factor: 0.01
bandwith_kernel: None
no_interact: False
avg_score: 0.7114055156707764
median_score: 0.6985580325126648
std_score: 0.031391244381666183
percentiles: 2%=0.6743932366371155, 5%=0.6751645803451538, 10%=0.6788222193717957, 25%=0.6824496388435364, 50%=0.6985580325126648, 75%=0.7466960549354553, 90%=0.7523056864738464, 95%=0.7613165378570557, 98%=0.7613165378570557
ranking_best_algo: CMApara
ranking_best_score: 0.7118996098437498
ranking_my_rank: 2/504 (99.8%)
ranking_my_percent: 99.8015873015873
