ConfigName: krbf__advnormalizedfitness__M2__L10__eps0p01__g0p003__ds0p01__dm0p01
Problem: NK
Kernel: rbf
Advantage: normalizedfitness
M: 2
lambda: 10
epsilon_svgd: 0.01
gamma: 0.003
decay_start_ratio: 0.01
decay_min_factor: 0.01
bandwith_kernel: None
no_interact: False
avg_score: 0.706606924533844
median_score: 0.7093390226364136
std_score: 0.011900987476110458
percentiles: 2%=0.6855078339576721, 5%=0.6880859732627869, 10%=0.6907570362091064, 25%=0.695425271987915, 50%=0.7093390226364136, 75%=0.7168934345245361, 90%=0.7201164960861206, 95%=0.7222713232040405, 98%=0.723913848400116
ranking_best_algo: PBIL
ranking_best_score: 0.7013553837109374
ranking_my_rank: 1/504 (100.0%)
ranking_my_percent: 100.0
