ConfigName: krbf__advnormalizedfitness__M2__L8__eps0p033__g0p005__ds0p01__dm0p01
Problem: QUBO
Kernel: rbf
Advantage: normalizedfitness
M: 2
lambda: 8
epsilon_svgd: 0.033
gamma: 0.005
decay_start_ratio: 0.01
decay_min_factor: 0.01
bandwith_kernel: None
no_interact: False
avg_score: -1269.47998046875
median_score: -1270.5
std_score: 60.06188201904297
percentiles: 2%=-1389.199951171875, 5%=-1352.1500244140625, 10%=-1335.5, 25%=-1309.25, 50%=-1270.5, 75%=-1229.0, 90%=-1196.5999755859375, 95%=-1176.1500244140625, 98%=-1140.8800048828125
ranking_best_algo: BigLognormalDiscreteOnePlusOne
ranking_best_score: 1301.3600000000004
ranking_my_rank: 49/504 (90.5%)
ranking_my_percent: 90.47619047619048
