ConfigName: krbf__advnormalizedfitness__M4__L15__eps0p025__g0p01__ds0p3__dm0p01
Problem: QUBO
Kernel: rbf
Advantage: normalizedfitness
M: 4
lambda: 15
epsilon_svgd: 0.025
gamma: 0.01
decay_start_ratio: 0.3
decay_min_factor: 0.01
bandwith_kernel: None
no_interact: False
avg_score: -411.67999267578125
median_score: -412.5
std_score: 28.54010581970215
percentiles: 2%=-466.05999755859375, 5%=-463.1000061035156, 10%=-445.1000061035156, 25%=-431.25, 50%=-412.5, 75%=-395.25, 90%=-369.8999938964844, 95%=-362.8000183105469, 98%=-354.97998046875
ranking_best_algo: CMApara
ranking_best_score: 453.82
ranking_my_rank: 231/504 (54.4%)
ranking_my_percent: 54.36507936507937
