ConfigName: kjsd__advperagentrankweighted__M4__L24__eps0p03__g0p0005__ds0p05__dm0p05
Problem: QUBO
Kernel: jsd
Advantage: peragentrankweighted
M: 4
lambda: 24
epsilon_svgd: 0.03
gamma: 0.0005
decay_start_ratio: 0.05
decay_min_factor: 0.05
bandwith_kernel: None
no_interact: False
avg_score: -419.7799987792969
median_score: -421.5
std_score: 27.807762145996094
percentiles: 2%=-475.0400085449219, 5%=-465.0, 10%=-451.1000061035156, 25%=-439.25, 50%=-421.5, 75%=-400.5, 90%=-383.79998779296875, 95%=-375.6000061035156, 98%=-360.94000244140625
ranking_best_algo: CMAL3
ranking_best_score: 435.36
ranking_my_rank: 92/504 (81.9%)
ranking_my_percent: 81.94444444444444
