ConfigName: krbf__advnormalizedfitness__M3__L10__eps0p025__g0p01__ds0p3__dm0p01
Problem: QUBO
Kernel: rbf
Advantage: normalizedfitness
M: 3
lambda: 10
epsilon_svgd: 0.025
gamma: 0.01
decay_start_ratio: 0.3
decay_min_factor: 0.01
bandwith_kernel: None
no_interact: False
avg_score: -1189.3599853515625
median_score: -1188.0
std_score: 65.06835174560547
percentiles: 2%=-1355.0799560546875, 5%=-1279.300048828125, 10%=-1263.199951171875, 25%=-1231.25, 50%=-1188.0, 75%=-1137.5, 90%=-1113.800048828125, 95%=-1089.9000244140625, 98%=-1056.9599609375
ranking_best_algo: Tabu
ranking_best_score: 1216.16
ranking_my_rank: 55/504 (89.3%)
ranking_my_percent: 89.28571428571429
