ConfigName: krbf__advnormalizedfitness__M4__L8__eps0p025__g0p007__ds0p15__dm0p3
Problem: NK
Kernel: rbf
Advantage: normalizedfitness
M: 4
lambda: 8
epsilon_svgd: 0.025
gamma: 0.007
decay_start_ratio: 0.15
decay_min_factor: 0.3
bandwith_kernel: None
no_interact: False
avg_score: 0.6752755641937256
median_score: 0.6726441979408264
std_score: 0.02526657097041607
percentiles: 2%=0.637188732624054, 5%=0.641090989112854, 10%=0.64503413438797, 25%=0.6559079885482788, 50%=0.6726441979408264, 75%=0.6896786689758301, 90%=0.710207998752594, 95%=0.7182183265686035, 98%=0.7353273034095764
ranking_best_algo: Tabu
ranking_best_score: 0.7429702712499999
ranking_my_rank: 307/504 (39.3%)
ranking_my_percent: 39.285714285714285
