ConfigName: krbf__advnormalizedfitness__M4__L12__eps0p025__g0p015__ds0p3__dm0p01
Problem: QUBO
Kernel: rbf
Advantage: normalizedfitness
M: 4
lambda: 12
epsilon_svgd: 0.025
gamma: 0.015
decay_start_ratio: 0.3
decay_min_factor: 0.01
bandwith_kernel: None
no_interact: False
avg_score: -402.70001220703125
median_score: -402.0
std_score: 26.052831649780273
percentiles: 2%=-451.0400085449219, 5%=-450.04998779296875, 10%=-438.20001220703125, 25%=-419.25, 50%=-402.0, 75%=-383.75, 90%=-368.0, 95%=-362.0, 98%=-357.8799743652344
ranking_best_algo: Tabu
ranking_best_score: 438.12
ranking_my_rank: 218/504 (56.9%)
ranking_my_percent: 56.94444444444444
