ConfigName: krbf__advnormalizedfitness__M2__L10__eps0p015__g0p003__ds0p01__dm0p01
Problem: QUBO
Kernel: rbf
Advantage: normalizedfitness
M: 2
lambda: 10
epsilon_svgd: 0.015
gamma: 0.003
decay_start_ratio: 0.01
decay_min_factor: 0.01
bandwith_kernel: None
no_interact: False
avg_score: -570.7000122070312
median_score: -570.0
std_score: 29.321491241455078
percentiles: 2%=-625.0, 5%=-620.1500244140625, 10%=-607.0, 25%=-595.0, 50%=-570.0, 75%=-549.75, 90%=-535.7999877929688, 95%=-523.75, 98%=-509.8999938964844
ranking_best_algo: Tabu
ranking_best_score: 588.7199999999999
ranking_my_rank: 65/503 (87.3%)
ranking_my_percent: 87.27634194831013
