ConfigName: kjsd__advperagentrankweighted__M5__L24__eps0p02__g0p0005__ds0p05__dm0p05
Problem: QUBO
Kernel: jsd
Advantage: peragentrankweighted
M: 5
lambda: 24
epsilon_svgd: 0.02
gamma: 0.0005
decay_start_ratio: 0.05
decay_min_factor: 0.05
bandwith_kernel: None
no_interact: False
avg_score: -583.760009765625
median_score: -582.0
std_score: 21.98141098022461
percentiles: 2%=-630.02001953125, 5%=-623.0, 10%=-615.2000122070312, 25%=-595.25, 50%=-582.0, 75%=-568.0, 90%=-559.0, 95%=-551.0, 98%=-539.97998046875
ranking_best_algo: Tabu
ranking_best_score: 588.7199999999999
ranking_my_rank: 5/503 (99.2%)
ranking_my_percent: 99.20477137176938
