ConfigName: krbf__advnormalizedfitness__M4__L8__eps0p025__g0p015__ds0p3__dm0p3
Problem: NK
Kernel: rbf
Advantage: normalizedfitness
M: 4
lambda: 8
epsilon_svgd: 0.025
gamma: 0.015
decay_start_ratio: 0.3
decay_min_factor: 0.3
bandwith_kernel: None
no_interact: False
avg_score: 0.6031485795974731
median_score: 0.6030232906341553
std_score: 0.007570071145892143
percentiles: 2%=0.5930315852165222, 5%=0.593639612197876, 10%=0.5944066643714905, 25%=0.5974888801574707, 50%=0.6030232906341553, 75%=0.6064839363098145, 90%=0.6125932931900024, 95%=0.6162030100822449, 98%=0.6226190328598022
ranking_best_algo: Tabu
ranking_best_score: 0.7429702712499999
ranking_my_rank: 392/504 (22.4%)
ranking_my_percent: 22.42063492063492
