ConfigName: kjsd__advperagentrankweighted__M5__L10__eps0p01__g0p0005__ds0p05__dm0p2
Problem: QUBO
Kernel: jsd
Advantage: peragentrankweighted
M: 5
lambda: 10
epsilon_svgd: 0.01
gamma: 0.0005
decay_start_ratio: 0.05
decay_min_factor: 0.2
bandwith_kernel: None
no_interact: False
avg_score: -430.79998779296875
median_score: -430.0
std_score: 25.410234451293945
percentiles: 2%=-479.0, 5%=-473.20001220703125, 10%=-465.20001220703125, 25%=-450.25, 50%=-430.0, 75%=-413.75, 90%=-398.79998779296875, 95%=-391.75, 98%=-382.8999938964844
ranking_best_algo: CMAL3
ranking_best_score: 435.36
ranking_my_rank: 8/504 (98.6%)
ranking_my_percent: 98.61111111111111
