ConfigName: krbf__advnormalizedfitness__M4__L8__eps0p015__g0p007__ds0p15__dm0p01
Problem: NK
Kernel: rbf
Advantage: normalizedfitness
M: 4
lambda: 8
epsilon_svgd: 0.015
gamma: 0.007
decay_start_ratio: 0.15
decay_min_factor: 0.01
bandwith_kernel: None
no_interact: False
avg_score: 0.6861492395401001
median_score: 0.6828769445419312
std_score: 0.022607173770666122
percentiles: 2%=0.6441574692726135, 5%=0.6572766304016113, 10%=0.6610665321350098, 25%=0.6659327745437622, 50%=0.6828769445419312, 75%=0.7011429071426392, 90%=0.7138243317604065, 95%=0.7247245907783508, 98%=0.7351499795913696
ranking_best_algo: Tabu
ranking_best_score: 0.7429702712499999
ranking_my_rank: 251/504 (50.4%)
ranking_my_percent: 50.3968253968254
