ConfigName: kjsd__advperagentrankweighted__M5__L24__eps0p007__g0p0005__ds0p05__dm0p05
Problem: QUBO
Kernel: jsd
Advantage: peragentrankweighted
M: 5
lambda: 24
epsilon_svgd: 0.007
gamma: 0.0005
decay_start_ratio: 0.05
decay_min_factor: 0.05
bandwith_kernel: None
no_interact: False
avg_score: -444.6400146484375
median_score: -449.0
std_score: 26.832637786865234
percentiles: 2%=-494.0799865722656, 5%=-483.1000061035156, 10%=-477.3999938964844, 25%=-464.25, 50%=-449.0, 75%=-423.25, 90%=-410.0, 95%=-401.8999938964844, 98%=-391.8800048828125
ranking_best_algo: CMApara
ranking_best_score: 453.82
ranking_my_rank: 6/504 (99.0%)
ranking_my_percent: 99.0079365079365
