ConfigName: kjsd__advperagentrankweighted__M3__L16__eps0p01__g0p001__ds0p1__dm0p05
Problem: QUBO
Kernel: jsd
Advantage: peragentrankweighted
M: 3
lambda: 16
epsilon_svgd: 0.01
gamma: 0.001
decay_start_ratio: 0.1
decay_min_factor: 0.05
bandwith_kernel: None
no_interact: False
avg_score: -327.3399963378906
median_score: -332.0
std_score: 23.504987716674805
percentiles: 2%=-372.0, 5%=-372.0, 10%=-350.0, 25%=-342.25, 50%=-332.0, 75%=-313.75, 90%=-292.8999938964844, 95%=-286.95001220703125, 98%=-278.8999938964844
ranking_best_algo: CMApara
ranking_best_score: 344.22
ranking_my_rank: 110/504 (78.4%)
ranking_my_percent: 78.37301587301587
