ConfigName: krbf__advnormalizedfitness__M4__L15__eps0p025__g0p005__ds0p05__dm0p05
Problem: QUBO
Kernel: rbf
Advantage: normalizedfitness
M: 4
lambda: 15
epsilon_svgd: 0.025
gamma: 0.005
decay_start_ratio: 0.05
decay_min_factor: 0.05
bandwith_kernel: None
no_interact: False
avg_score: -139.75999450683594
median_score: -141.0
std_score: 10.599170684814453
percentiles: 2%=-158.0, 5%=-157.0, 10%=-154.1999969482422, 25%=-147.0, 50%=-141.0, 75%=-131.0, 90%=-127.0, 95%=-124.9000015258789, 98%=-118.94000244140625
ranking_best_algo: DiscreteDE
ranking_best_score: 143.4
ranking_my_rank: 83/504 (83.7%)
ranking_my_percent: 83.73015873015873
