ConfigName: kjsd__advperagentrankweighted__M3__L24__eps0p007__g0p0005__ds0p05__dm0p2
Problem: QUBO
Kernel: jsd
Advantage: peragentrankweighted
M: 3
lambda: 24
epsilon_svgd: 0.007
gamma: 0.0005
decay_start_ratio: 0.05
decay_min_factor: 0.2
bandwith_kernel: None
no_interact: False
avg_score: -306.8999938964844
median_score: -312.0
std_score: 38.37538528442383
percentiles: 2%=-388.20001220703125, 5%=-374.20001220703125, 10%=-350.20001220703125, 25%=-334.0, 50%=-312.0, 75%=-271.75, 90%=-263.8999938964844, 95%=-251.9499969482422, 98%=-247.9199981689453
ranking_best_algo: CMApara
ranking_best_score: 319.29999999999995
ranking_my_rank: 110/504 (78.4%)
ranking_my_percent: 78.37301587301587
