ConfigName: krbf__advnormalizedfitness__M3__L12__eps0p015__g0p007__ds0p15__dm0p01
Problem: QUBO
Kernel: rbf
Advantage: normalizedfitness
M: 3
lambda: 12
epsilon_svgd: 0.015
gamma: 0.007
decay_start_ratio: 0.15
decay_min_factor: 0.01
bandwith_kernel: None
no_interact: False
avg_score: -2374.8798828125
median_score: -2361.5
std_score: 158.9127655029297
percentiles: 2%=-2675.360107421875, 5%=-2654.5, 10%=-2601.300048828125, 25%=-2481.75, 50%=-2361.5, 75%=-2264.75, 90%=-2162.5, 95%=-2109.699951171875, 98%=-2094.919677734375
ranking_best_algo: SVM1MetaModelLogNormal
ranking_best_score: 2605.14
ranking_my_rank: 132/504 (74.0%)
ranking_my_percent: 74.0079365079365
