ConfigName: krbf__advnormalizedfitness__M4__L12__eps0p015__g0p007__ds0p15__dm0p3
Problem: NK
Kernel: rbf
Advantage: normalizedfitness
M: 4
lambda: 12
epsilon_svgd: 0.015
gamma: 0.007
decay_start_ratio: 0.15
decay_min_factor: 0.3
bandwith_kernel: None
no_interact: False
avg_score: 0.6032258868217468
median_score: 0.6019256114959717
std_score: 0.008522503077983856
percentiles: 2%=0.5911491513252258, 5%=0.591360867023468, 10%=0.5937463641166687, 25%=0.5973359942436218, 50%=0.6019256114959717, 75%=0.6081477403640747, 90%=0.6134607195854187, 95%=0.6169425845146179, 98%=0.6288235783576965
ranking_best_algo: Tabu
ranking_best_score: 0.7429702712499999
ranking_my_rank: 392/504 (22.4%)
ranking_my_percent: 22.42063492063492
