ConfigName: kfr__advglobalrankweighted__M2__L11__eps0p01__g0p003__ds0p01__dm0p01
Problem: QUBO
Kernel: fr
Advantage: globalrankweighted
M: 2
lambda: 11
epsilon_svgd: 0.01
gamma: 0.003
decay_start_ratio: 0.01
decay_min_factor: 0.01
bandwith_kernel: None
no_interact: False
avg_score: -405.4599914550781
median_score: -410.0
std_score: 28.201213836669922
percentiles: 2%=-467.0, 5%=-445.04998779296875, 10%=-438.0, 25%=-424.0, 50%=-410.0, 75%=-386.0, 90%=-368.0, 95%=-354.0, 98%=-347.9599914550781
ranking_best_algo: Tabu
ranking_best_score: 438.12
ranking_my_rank: 169/504 (66.7%)
ranking_my_percent: 66.66666666666667
