ConfigName: kjsd__advperagentrankweighted__M4__L24__eps0p03__g0p0003__ds0p05__dm0p05
Problem: QUBO
Kernel: jsd
Advantage: peragentrankweighted
M: 4
lambda: 24
epsilon_svgd: 0.03
gamma: 0.0003
decay_start_ratio: 0.05
decay_min_factor: 0.05
bandwith_kernel: None
no_interact: False
avg_score: -917.8599853515625
median_score: -924.0
std_score: 65.58262634277344
percentiles: 2%=-1037.0400390625, 5%=-1020.3499755859375, 10%=-1003.7999877929688, 25%=-962.5, 50%=-924.0, 75%=-867.0, 90%=-820.7999877929688, 95%=-810.7999877929688, 98%=-797.0
ranking_best_algo: CMApara
ranking_best_score: 964.9
ranking_my_rank: 65/504 (87.3%)
ranking_my_percent: 87.3015873015873
