ConfigName: krbf__advnormalizedfitness__M2__L10__eps0p015__g0p01__ds0p01__dm0p3
Problem: QUBO
Kernel: rbf
Advantage: normalizedfitness
M: 2
lambda: 10
epsilon_svgd: 0.015
gamma: 0.01
decay_start_ratio: 0.01
decay_min_factor: 0.3
bandwith_kernel: None
no_interact: False
avg_score: -2562.719970703125
median_score: -2547.0
std_score: 136.80760192871094
percentiles: 2%=-2867.139892578125, 5%=-2789.550048828125, 10%=-2732.0, 25%=-2645.5, 50%=-2547.0, 75%=-2497.0, 90%=-2380.5, 95%=-2341.199951171875, 98%=-2280.340087890625
ranking_best_algo: DiscreteLengler2OnePlusOne
ranking_best_score: 2617.04
ranking_my_rank: 52/504 (89.9%)
ranking_my_percent: 89.88095238095238
