ConfigName: krbf__advnormalizedfitness__M3__L8__eps0p033__g0p015__ds0p01__dm0p01
Problem: NK
Kernel: rbf
Advantage: normalizedfitness
M: 3
lambda: 8
epsilon_svgd: 0.033
gamma: 0.015
decay_start_ratio: 0.01
decay_min_factor: 0.01
bandwith_kernel: None
no_interact: False
avg_score: 0.7381409406661987
median_score: 0.7403300404548645
std_score: 0.008599350228905678
percentiles: 2%=0.72162926197052, 5%=0.722980797290802, 10%=0.7234873175621033, 25%=0.7334133982658386, 50%=0.7403300404548645, 75%=0.7445550560951233, 90%=0.7468745708465576, 95%=0.7500486969947815, 98%=0.7530500292778015
ranking_best_algo: PBIL
ranking_best_score: 0.730509098125
ranking_my_rank: 1/504 (100.0%)
ranking_my_percent: 100.0
