ConfigName: kjsd__advperagentrankweighted__M3__L20__eps0p007__g0p0007__ds0p2__dm0p2
Problem: QUBO
Kernel: jsd
Advantage: peragentrankweighted
M: 3
lambda: 20
epsilon_svgd: 0.007
gamma: 0.0007
decay_start_ratio: 0.2
decay_min_factor: 0.2
bandwith_kernel: None
no_interact: False
avg_score: -428.0799865722656
median_score: -427.5
std_score: 25.098079681396484
percentiles: 2%=-477.0400085449219, 5%=-473.1000061035156, 10%=-460.1000061035156, 25%=-446.5, 50%=-427.5, 75%=-409.75, 90%=-395.8999938964844, 95%=-390.0, 98%=-376.9200134277344
ranking_best_algo: CMAL3
ranking_best_score: 435.36
ranking_my_rank: 15/504 (97.2%)
ranking_my_percent: 97.22222222222223
