ConfigName: kjsd__advperagentrankweighted__M3__L20__eps0p005__g0p001__ds0p2__dm0p2
Problem: NK
Kernel: jsd
Advantage: peragentrankweighted
M: 3
lambda: 20
epsilon_svgd: 0.005
gamma: 0.001
decay_start_ratio: 0.2
decay_min_factor: 0.2
bandwith_kernel: None
no_interact: False
avg_score: 0.7111874222755432
median_score: 0.7121127247810364
std_score: 0.015354600735008717
percentiles: 2%=0.6723499894142151, 5%=0.6739335060119629, 10%=0.6955078840255737, 25%=0.7084023952484131, 50%=0.7121127247810364, 75%=0.7199763059616089, 90%=0.7255293130874634, 95%=0.7337825894355774, 98%=0.7344413995742798
ranking_best_algo: CMApara
ranking_best_score: 0.707475975
ranking_my_rank: 1/504 (100.0%)
ranking_my_percent: 100.0
