ConfigName: kjsd__advperagentrankweighted__M4__L30__eps0p005__g0p0007__ds0p05__dm0p05
Problem: QUBO
Kernel: jsd
Advantage: peragentrankweighted
M: 4
lambda: 30
epsilon_svgd: 0.005
gamma: 0.0007
decay_start_ratio: 0.05
decay_min_factor: 0.05
bandwith_kernel: None
no_interact: False
avg_score: -576.6599731445312
median_score: -580.0
std_score: 28.97247886657715
percentiles: 2%=-629.1599731445312, 5%=-621.0999755859375, 10%=-611.0999755859375, 25%=-595.5, 50%=-580.0, 75%=-558.0, 90%=-541.5, 95%=-527.9500122070312, 98%=-508.8599853515625
ranking_best_algo: Tabu
ranking_best_score: 588.7199999999999
ranking_my_rank: 55/503 (89.3%)
ranking_my_percent: 89.26441351888668
