ConfigName: kjsd__advperagentrankweighted__M5__L8__eps0p03__g0p0003__ds0p05__dm0p05
Problem: NK
Kernel: jsd
Advantage: peragentrankweighted
M: 5
lambda: 8
epsilon_svgd: 0.03
gamma: 0.0003
decay_start_ratio: 0.05
decay_min_factor: 0.05
bandwith_kernel: None
no_interact: False
avg_score: 0.7072705030441284
median_score: 0.693912148475647
std_score: 0.031568579375743866
percentiles: 2%=0.6696757674217224, 5%=0.6708735823631287, 10%=0.6733605861663818, 25%=0.6781916618347168, 50%=0.693912148475647, 75%=0.7429546117782593, 90%=0.7499056458473206, 95%=0.756534218788147, 98%=0.7613165378570557
ranking_best_algo: CMApara
ranking_best_score: 0.7118996098437498
ranking_my_rank: 91/504 (82.1%)
ranking_my_percent: 82.14285714285714
