ConfigName: krbf__advnormalizedfitness__M4__L15__eps0p025__g0p005__ds0p01__dm0p01
Problem: QUBO
Kernel: rbf
Advantage: normalizedfitness
M: 4
lambda: 15
epsilon_svgd: 0.025
gamma: 0.005
decay_start_ratio: 0.01
decay_min_factor: 0.01
bandwith_kernel: None
no_interact: False
avg_score: -2383.52001953125
median_score: -2371.0
std_score: 180.47915649414062
percentiles: 2%=-2688.580078125, 5%=-2653.300048828125, 10%=-2619.0, 25%=-2531.75, 50%=-2371.0, 75%=-2219.75, 90%=-2148.300048828125, 95%=-2117.89990234375, 98%=-2103.23974609375
ranking_best_algo: SVM1MetaModelLogNormal
ranking_best_score: 2605.14
ranking_my_rank: 132/504 (74.0%)
ranking_my_percent: 74.0079365079365
