ConfigName: kjsd__advperagentrankweighted__M4__L12__eps0p005__g0p001__ds0p1__dm0p05
Problem: NK
Kernel: jsd
Advantage: peragentrankweighted
M: 4
lambda: 12
epsilon_svgd: 0.005
gamma: 0.001
decay_start_ratio: 0.1
decay_min_factor: 0.05
bandwith_kernel: None
no_interact: False
avg_score: 0.7381381988525391
median_score: 0.7385923862457275
std_score: 0.008324638940393925
percentiles: 2%=0.7209920883178711, 5%=0.7242851257324219, 10%=0.7273150682449341, 25%=0.7326815128326416, 50%=0.7385923862457275, 75%=0.7444029450416565, 90%=0.7480382919311523, 95%=0.7508981227874756, 98%=0.7536442279815674
ranking_best_algo: PBIL
ranking_best_score: 0.730509098125
ranking_my_rank: 1/504 (100.0%)
ranking_my_percent: 100.0
