ConfigName: kjsd__advperagentrankweighted__M3__L20__eps0p007__g0p0007__ds0p2__dm0p1
Problem: NK
Kernel: jsd
Advantage: peragentrankweighted
M: 3
lambda: 20
epsilon_svgd: 0.007
gamma: 0.0007
decay_start_ratio: 0.2
decay_min_factor: 0.1
bandwith_kernel: None
no_interact: False
avg_score: 0.7386364936828613
median_score: 0.7384668588638306
std_score: 0.012356839142739773
percentiles: 2%=0.7167567014694214, 5%=0.7197763919830322, 10%=0.7224878072738647, 25%=0.7284542322158813, 50%=0.7384668588638306, 75%=0.7469687461853027, 90%=0.7529605031013489, 95%=0.7569944262504578, 98%=0.7605102062225342
ranking_best_algo: Tabu
ranking_best_score: 0.7601875690625
ranking_my_rank: 19/504 (96.4%)
ranking_my_percent: 96.42857142857143
