ConfigName: kjsd__advperagentrankweighted__M3__L20__eps0p007__g0p003__ds0p05__dm0p1
Problem: QUBO
Kernel: jsd
Advantage: peragentrankweighted
M: 3
lambda: 20
epsilon_svgd: 0.007
gamma: 0.003
decay_start_ratio: 0.05
decay_min_factor: 0.1
bandwith_kernel: None
no_interact: False
avg_score: -2300.179931640625
median_score: -2287.5
std_score: 165.75140380859375
percentiles: 2%=-2631.89990234375, 5%=-2569.550048828125, 10%=-2513.199951171875, 25%=-2430.0, 50%=-2287.5, 75%=-2171.0, 90%=-2107.60009765625, 95%=-2021.9000244140625, 98%=-2017.06005859375
ranking_best_algo: SVM1MetaModelLogNormal
ranking_best_score: 2605.14
ranking_my_rank: 155/504 (69.4%)
ranking_my_percent: 69.44444444444444
