ConfigName: krbf__advnormalizedfitness__M4__L15__eps0p015__g0p01__ds0p01__dm0p3
Problem: QUBO
Kernel: rbf
Advantage: normalizedfitness
M: 4
lambda: 15
epsilon_svgd: 0.015
gamma: 0.01
decay_start_ratio: 0.01
decay_min_factor: 0.3
bandwith_kernel: None
no_interact: False
avg_score: -521.1199951171875
median_score: -509.0
std_score: 59.906307220458984
percentiles: 2%=-663.4199829101562, 5%=-649.0999755859375, 10%=-605.5999755859375, 25%=-560.25, 50%=-509.0, 75%=-477.0, 90%=-454.8999938964844, 95%=-444.70001220703125, 98%=-432.91998291015625
ranking_best_algo: BigLognormalDiscreteOnePlusOne
ranking_best_score: 1301.3600000000004
ranking_my_rank: 394/504 (22.0%)
ranking_my_percent: 22.023809523809526
