ConfigName: kjsd__advperagentrankweighted__M3__L20__eps0p005__g0p0005__ds0p05__dm0p1
Problem: QUBO
Kernel: jsd
Advantage: peragentrankweighted
M: 3
lambda: 20
epsilon_svgd: 0.005
gamma: 0.0005
decay_start_ratio: 0.05
decay_min_factor: 0.1
bandwith_kernel: None
no_interact: False
avg_score: -199.66000366210938
median_score: -200.5
std_score: 11.750932693481445
percentiles: 2%=-221.02000427246094, 5%=-221.0, 10%=-215.0, 25%=-207.0, 50%=-200.5, 75%=-190.75, 90%=-185.0, 95%=-181.0, 98%=-177.9600067138672
ranking_best_algo: Tabu
ranking_best_score: 208.36000000000004
ranking_my_rank: 65/504 (87.3%)
ranking_my_percent: 87.3015873015873
