ConfigName: kjsd__advperagentrankweighted__M5__L28__eps0p005__g0p0005__ds0p3__dm0p05
Problem: QUBO
Kernel: jsd
Advantage: peragentrankweighted
M: 5
lambda: 28
epsilon_svgd: 0.005
gamma: 0.0005
decay_start_ratio: 0.3
decay_min_factor: 0.05
bandwith_kernel: None
no_interact: False
avg_score: -331.8599853515625
median_score: -334.0
std_score: 20.718599319458008
percentiles: 2%=-372.0, 5%=-361.3500061035156, 10%=-354.0, 25%=-345.25, 50%=-334.0, 75%=-320.0, 90%=-299.79998779296875, 95%=-290.0, 98%=-286.8999938964844
ranking_best_algo: CMApara
ranking_best_score: 344.22
ranking_my_rank: 76/504 (85.1%)
ranking_my_percent: 85.11904761904762
