ConfigName: krbf__advnormalizedfitness__M2__L8__eps0p025__g0p007__ds0p15__dm0p3
Problem: QUBO
Kernel: rbf
Advantage: normalizedfitness
M: 2
lambda: 8
epsilon_svgd: 0.025
gamma: 0.007
decay_start_ratio: 0.15
decay_min_factor: 0.3
bandwith_kernel: None
no_interact: False
avg_score: -908.8599853515625
median_score: -899.5
std_score: 65.51335906982422
percentiles: 2%=-1042.1400146484375, 5%=-1018.0499877929688, 10%=-1002.2000122070312, 25%=-954.75, 50%=-899.5, 75%=-857.0, 90%=-829.0, 95%=-821.7000122070312, 98%=-800.780029296875
ranking_best_algo: CMAL3
ranking_best_score: 928.5800000000002
ranking_my_rank: 29/504 (94.4%)
ranking_my_percent: 94.44444444444444
