ConfigName: kjsd__advperagentrankweighted__M3__L16__eps0p007__g0p001__ds0p05__dm0p05
Problem: NK
Kernel: jsd
Advantage: peragentrankweighted
M: 3
lambda: 16
epsilon_svgd: 0.007
gamma: 0.001
decay_start_ratio: 0.05
decay_min_factor: 0.05
bandwith_kernel: None
no_interact: False
avg_score: 0.7534921169281006
median_score: 0.7522249817848206
std_score: 0.013006622903048992
percentiles: 2%=0.7281224131584167, 5%=0.7339808344841003, 10%=0.7373509407043457, 25%=0.7440044283866882, 50%=0.7522249817848206, 75%=0.7639822959899902, 90%=0.7707037329673767, 95%=0.773896336555481, 98%=0.7818747162818909
ranking_best_algo: Tabu
ranking_best_score: 0.7657846284375001
ranking_my_rank: 9/504 (98.4%)
ranking_my_percent: 98.41269841269842
