ConfigName: kjsd__advperagentrankweighted__M3__L24__eps0p005__g0p001__ds0p2__dm0p2
Problem: NK
Kernel: jsd
Advantage: peragentrankweighted
M: 3
lambda: 24
epsilon_svgd: 0.005
gamma: 0.001
decay_start_ratio: 0.2
decay_min_factor: 0.2
bandwith_kernel: None
no_interact: False
avg_score: 0.7377861738204956
median_score: 0.7409169673919678
std_score: 0.012794041074812412
percentiles: 2%=0.7069929838180542, 5%=0.7168532013893127, 10%=0.72003573179245, 25%=0.7291002869606018, 50%=0.7409169673919678, 75%=0.7464173436164856, 90%=0.7525879144668579, 95%=0.7551320195198059, 98%=0.7581310868263245
ranking_best_algo: PBIL
ranking_best_score: 0.733570253046875
ranking_my_rank: 1/504 (100.0%)
ranking_my_percent: 100.0
