ConfigName: krbf__advnormalizedfitness__M4__L10__eps0p01__g0p002__ds0p05__dm0p05
Problem: QUBO
Kernel: rbf
Advantage: normalizedfitness
M: 4
lambda: 10
epsilon_svgd: 0.01
gamma: 0.002
decay_start_ratio: 0.05
decay_min_factor: 0.05
bandwith_kernel: None
no_interact: False
avg_score: -577.0
median_score: -574.5
std_score: 27.113096237182617
percentiles: 2%=-627.1599731445312, 5%=-621.0999755859375, 10%=-614.0999755859375, 25%=-596.5, 50%=-574.5, 75%=-559.5, 90%=-542.0, 95%=-536.9000244140625, 98%=-523.0
ranking_best_algo: Tabu
ranking_best_score: 588.7199999999999
ranking_my_rank: 47/503 (90.9%)
ranking_my_percent: 90.85487077534792
