ConfigName: kjsd__advperagentrankweighted__M3__L30__eps0p007__g0p001__ds0p1__dm0p1
Problem: QUBO
Kernel: jsd
Advantage: peragentrankweighted
M: 3
lambda: 30
epsilon_svgd: 0.007
gamma: 0.001
decay_start_ratio: 0.1
decay_min_factor: 0.1
bandwith_kernel: None
no_interact: False
avg_score: -2525.419921875
median_score: -2539.0
std_score: 129.61151123046875
percentiles: 2%=-2777.080078125, 5%=-2728.64990234375, 10%=-2702.199951171875, 25%=-2604.0, 50%=-2539.0, 75%=-2430.25, 90%=-2355.800048828125, 95%=-2331.0, 98%=-2259.919921875
ranking_best_algo: SVM1MetaModelLogNormal
ranking_best_score: 2605.14
ranking_my_rank: 53/504 (89.7%)
ranking_my_percent: 89.68253968253968
