ConfigName: krbf__advnormalizedfitness__M4__L15__eps0p025__g0p01__ds0p01__dm0p01
Problem: NK
Kernel: rbf
Advantage: normalizedfitness
M: 4
lambda: 15
epsilon_svgd: 0.025
gamma: 0.01
decay_start_ratio: 0.01
decay_min_factor: 0.01
bandwith_kernel: None
no_interact: False
avg_score: 0.7447332739830017
median_score: 0.7423140406608582
std_score: 0.02781974896788597
percentiles: 2%=0.7052606344223022, 5%=0.7058241963386536, 10%=0.7104161381721497, 25%=0.7215350866317749, 50%=0.7423140406608582, 75%=0.7580187320709229, 90%=0.778337299823761, 95%=0.8044298887252808, 98%=0.8044351935386658
ranking_best_algo: CMApara
ranking_best_score: 0.7459277895312499
ranking_my_rank: 3/504 (99.6%)
ranking_my_percent: 99.60317460317461
