ConfigName: kjsd__advperagentrankweighted__M3__L20__eps0p007__g0p0005__ds0p05__dm0p2
Problem: NK
Kernel: jsd
Advantage: peragentrankweighted
M: 3
lambda: 20
epsilon_svgd: 0.007
gamma: 0.0005
decay_start_ratio: 0.05
decay_min_factor: 0.2
bandwith_kernel: None
no_interact: False
avg_score: 0.7549915313720703
median_score: 0.7543745040893555
std_score: 0.012982625514268875
percentiles: 2%=0.729414165019989, 5%=0.735974907875061, 10%=0.7376988530158997, 25%=0.7467352151870728, 50%=0.7543745040893555, 75%=0.7637026309967041, 90%=0.7727506160736084, 95%=0.7777634263038635, 98%=0.7813727259635925
ranking_best_algo: Tabu
ranking_best_score: 0.7470791764843752
ranking_my_rank: 1/504 (100.0%)
ranking_my_percent: 100.0
