ConfigName: krbf__advglobalrankweighted__M4__L10__eps0p01__g0p005__ds0p01__dm0p01
Problem: QUBO
Kernel: rbf
Advantage: globalrankweighted
M: 4
lambda: 10
epsilon_svgd: 0.01
gamma: 0.005
decay_start_ratio: 0.01
decay_min_factor: 0.01
bandwith_kernel: None
no_interact: False
avg_score: -568.780029296875
median_score: -571.0
std_score: 30.250150680541992
percentiles: 2%=-635.0399780273438, 5%=-622.25, 10%=-607.4000244140625, 25%=-587.0, 50%=-571.0, 75%=-545.0, 90%=-532.7000122070312, 95%=-525.8500366210938, 98%=-516.7399291992188
ranking_best_algo: Tabu
ranking_best_score: 588.7199999999999
ranking_my_rank: 76/503 (85.1%)
ranking_my_percent: 85.08946322067594
