ConfigName: kjsd__advperagentrankweighted__M4__L12__eps0p005__g0p001__ds0p05__dm0p05
Problem: QUBO
Kernel: jsd
Advantage: peragentrankweighted
M: 4
lambda: 12
epsilon_svgd: 0.005
gamma: 0.001
decay_start_ratio: 0.05
decay_min_factor: 0.05
bandwith_kernel: None
no_interact: False
avg_score: -431.1000061035156
median_score: -429.5
std_score: 24.630672454833984
percentiles: 2%=-485.0, 5%=-481.0, 10%=-471.0, 25%=-444.25, 50%=-429.5, 75%=-412.5, 90%=-401.8999938964844, 95%=-396.8999938964844, 98%=-385.9800109863281
ranking_best_algo: CMAL3
ranking_best_score: 435.36
ranking_my_rank: 8/504 (98.6%)
ranking_my_percent: 98.61111111111111
