ConfigName: krbf__advnormalizedfitness__M5__L24__eps0p03__g0p005__ds0p05__dm0p05
Problem: NK
Kernel: rbf
Advantage: normalizedfitness
M: 5
lambda: 24
epsilon_svgd: 0.03
gamma: 0.005
decay_start_ratio: 0.05
decay_min_factor: 0.05
bandwith_kernel: None
no_interact: False
avg_score: 0.7031838297843933
median_score: 0.7029644250869751
std_score: 0.01186002604663372
percentiles: 2%=0.6777163147926331, 5%=0.6817896962165833, 10%=0.6890249252319336, 25%=0.695144772529602, 50%=0.7029644250869751, 75%=0.7114241123199463, 90%=0.7188795804977417, 95%=0.7208421230316162, 98%=0.7271479964256287
ranking_best_algo: PBIL
ranking_best_score: 0.7248786399609374
ranking_my_rank: 91/504 (82.1%)
ranking_my_percent: 82.14285714285714
