ConfigName: kfr__advglobalrankweighted__M6__L7__eps0p015__g0p005__ds0p01__dm0p01
Problem: QUBO
Kernel: fr
Advantage: globalrankweighted
M: 6
lambda: 7
epsilon_svgd: 0.015
gamma: 0.005
decay_start_ratio: 0.01
decay_min_factor: 0.01
bandwith_kernel: None
no_interact: False
avg_score: -442.17999267578125
median_score: -443.0
std_score: 25.97243881225586
percentiles: 2%=-489.05999755859375, 5%=-481.0, 10%=-479.0, 25%=-463.0, 50%=-443.0, 75%=-422.0, 90%=-407.0, 95%=-399.0, 98%=-396.97998046875
ranking_best_algo: CMApara
ranking_best_score: 453.82
ranking_my_rank: 9/504 (98.4%)
ranking_my_percent: 98.41269841269842
