ConfigName: kjsd__advperagentrankweighted__M8__L24__eps0p008__g0p0005__ds0p05__dm0p05
Problem: QUBO
Kernel: jsd
Advantage: peragentrankweighted
M: 8
lambda: 24
epsilon_svgd: 0.008
gamma: 0.0005
decay_start_ratio: 0.05
decay_min_factor: 0.05
bandwith_kernel: None
no_interact: False
avg_score: -569.9600219726562
median_score: -568.0
std_score: 30.562042236328125
percentiles: 2%=-631.0800170898438, 5%=-619.0, 10%=-613.2000122070312, 25%=-589.75, 50%=-568.0, 75%=-548.75, 90%=-529.9000244140625, 95%=-525.9000244140625, 98%=-519.9400024414062
ranking_best_algo: Tabu
ranking_best_score: 588.7199999999999
ranking_my_rank: 71/503 (86.1%)
ranking_my_percent: 86.08349900596421
