ConfigName: kfr__advglobalrankweighted__M5__L8__eps0p02__g0p003__ds0p01__dm0p01
Problem: QUBO
Kernel: fr
Advantage: globalrankweighted
M: 5
lambda: 8
epsilon_svgd: 0.02
gamma: 0.003
decay_start_ratio: 0.01
decay_min_factor: 0.01
bandwith_kernel: None
no_interact: False
avg_score: -2506.139892578125
median_score: -2492.0
std_score: 139.2428741455078
percentiles: 2%=-2785.56005859375, 5%=-2739.75, 10%=-2691.39990234375, 25%=-2614.5, 50%=-2492.0, 75%=-2390.75, 90%=-2329.800048828125, 95%=-2299.550048828125, 98%=-2279.4599609375
ranking_best_algo: SVM1MetaModelLogNormal
ranking_best_score: 2605.14
ranking_my_rank: 62/504 (87.9%)
ranking_my_percent: 87.89682539682539
