ConfigName: kjsd__advperagentrankweighted__M4__L8__eps0p01__g0p0007__ds0p05__dm0p05
Problem: QUBO
Kernel: jsd
Advantage: peragentrankweighted
M: 4
lambda: 8
epsilon_svgd: 0.01
gamma: 0.0007
decay_start_ratio: 0.05
decay_min_factor: 0.05
bandwith_kernel: None
no_interact: False
avg_score: -199.13999938964844
median_score: -200.5
std_score: 12.954550743103027
percentiles: 2%=-224.0, 5%=-222.0, 10%=-218.10000610351562, 25%=-207.0, 50%=-200.5, 75%=-191.5, 90%=-182.0, 95%=-175.89999389648438, 98%=-172.97999572753906
ranking_best_algo: Tabu
ranking_best_score: 208.36000000000004
ranking_my_rank: 86/504 (83.1%)
ranking_my_percent: 83.13492063492063
