ConfigName: kfr__advglobalrankweighted__M2__L10__eps0p01__g0p003__ds0p01__dm0p01
Problem: QUBO
Kernel: fr
Advantage: globalrankweighted
M: 2
lambda: 10
epsilon_svgd: 0.01
gamma: 0.003
decay_start_ratio: 0.01
decay_min_factor: 0.01
bandwith_kernel: None
no_interact: False
avg_score: -896.8400268554688
median_score: -888.0
std_score: 60.424781799316406
percentiles: 2%=-1015.0399780273438, 5%=-1010.2000122070312, 10%=-987.2000122070312, 25%=-940.75, 50%=-888.0, 75%=-850.5, 90%=-828.7000122070312, 95%=-810.800048828125, 98%=-796.699951171875
ranking_best_algo: CMAL3
ranking_best_score: 928.5800000000002
ranking_my_rank: 82/504 (83.9%)
ranking_my_percent: 83.92857142857143
