ConfigName: kjsd__advperagentrankweighted__M3__L20__eps0p007__g0p0005__ds0p2__dm0p05
Problem: QUBO
Kernel: jsd
Advantage: peragentrankweighted
M: 3
lambda: 20
epsilon_svgd: 0.007
gamma: 0.0005
decay_start_ratio: 0.2
decay_min_factor: 0.05
bandwith_kernel: None
no_interact: False
avg_score: -425.0199890136719
median_score: -424.0
std_score: 26.56086540222168
percentiles: 2%=-477.0400085449219, 5%=-473.1000061035156, 10%=-463.20001220703125, 25%=-437.5, 50%=-424.0, 75%=-410.5, 90%=-391.8999938964844, 95%=-382.95001220703125, 98%=-375.739990234375
ranking_best_algo: CMAL3
ranking_best_score: 435.36
ranking_my_rank: 29/504 (94.4%)
ranking_my_percent: 94.44444444444444
