ConfigName: krbf__advnormalizedfitness__M2__L8__eps0p015__g0p015__ds0p3__dm0p3
Problem: NK
Kernel: rbf
Advantage: normalizedfitness
M: 2
lambda: 8
epsilon_svgd: 0.015
gamma: 0.015
decay_start_ratio: 0.3
decay_min_factor: 0.3
bandwith_kernel: None
no_interact: False
avg_score: 0.7045765519142151
median_score: 0.70606929063797
std_score: 0.012096641585230827
percentiles: 2%=0.6851226091384888, 5%=0.6862465739250183, 10%=0.6885689496994019, 25%=0.6933122277259827, 50%=0.70606929063797, 75%=0.7148197293281555, 90%=0.7196411490440369, 95%=0.721393883228302, 98%=0.7229999899864197
ranking_best_algo: PBIL
ranking_best_score: 0.7013553837109374
ranking_my_rank: 1/504 (100.0%)
ranking_my_percent: 100.0
