ConfigName: kjsd__advperagentrankweighted__M5__L28__eps0p005__g0p0005__ds0p05__dm0p05
Problem: NK
Kernel: jsd
Advantage: peragentrankweighted
M: 5
lambda: 28
epsilon_svgd: 0.005
gamma: 0.0005
decay_start_ratio: 0.05
decay_min_factor: 0.05
bandwith_kernel: None
no_interact: False
avg_score: 0.7124007940292358
median_score: 0.7122454643249512
std_score: 0.014408579096198082
percentiles: 2%=0.6845570802688599, 5%=0.687709391117096, 10%=0.6939000487327576, 25%=0.7016190886497498, 50%=0.7122454643249512, 75%=0.7233313322067261, 90%=0.7308021187782288, 95%=0.7349904179573059, 98%=0.7379618883132935
ranking_best_algo: Tabu
ranking_best_score: 0.7429702712499999
ranking_my_rank: 141/504 (72.2%)
ranking_my_percent: 72.22222222222223
