ConfigName: kjsd__advperagentrankweighted__M4__L12__eps0p02__g0p0007__ds0p2__dm0p05
Problem: QUBO
Kernel: jsd
Advantage: peragentrankweighted
M: 4
lambda: 12
epsilon_svgd: 0.02
gamma: 0.0007
decay_start_ratio: 0.2
decay_min_factor: 0.05
bandwith_kernel: None
no_interact: False
avg_score: -426.2799987792969
median_score: -422.5
std_score: 27.086557388305664
percentiles: 2%=-475.1199951171875, 5%=-473.0, 10%=-469.0, 25%=-444.0, 50%=-422.5, 75%=-405.0, 90%=-394.8999938964844, 95%=-387.79998779296875, 98%=-375.7200012207031
ranking_best_algo: CMAL3
ranking_best_score: 435.36
ranking_my_rank: 23/504 (95.6%)
ranking_my_percent: 95.63492063492063
