ConfigName: kjsd__advperagentrankweighted__M4__L10__eps0p005__g0p0007__ds0p05__dm0p05
Problem: QUBO
Kernel: jsd
Advantage: peragentrankweighted
M: 4
lambda: 10
epsilon_svgd: 0.005
gamma: 0.0007
decay_start_ratio: 0.05
decay_min_factor: 0.05
bandwith_kernel: None
no_interact: False
avg_score: -580.9199829101562
median_score: -579.0
std_score: 24.183334350585938
percentiles: 2%=-628.02001953125, 5%=-619.0999755859375, 10%=-613.2000122070312, 25%=-597.25, 50%=-579.0, 75%=-565.0, 90%=-555.7999877929688, 95%=-544.9500122070312, 98%=-528.8200073242188
ranking_best_algo: Tabu
ranking_best_score: 588.7199999999999
ranking_my_rank: 37/503 (92.8%)
ranking_my_percent: 92.84294234592446
