ConfigName: kjsd__advperagentrankweighted__M3__L18__eps0p01__g0p003__ds0p05__dm0p05
Problem: NK
Kernel: jsd
Advantage: peragentrankweighted
M: 3
lambda: 18
epsilon_svgd: 0.01
gamma: 0.003
decay_start_ratio: 0.05
decay_min_factor: 0.05
bandwith_kernel: None
no_interact: False
avg_score: 0.7077124118804932
median_score: 0.7089962959289551
std_score: 0.011908023618161678
percentiles: 2%=0.6879307627677917, 5%=0.6895646452903748, 10%=0.6930147409439087, 25%=0.6963988542556763, 50%=0.7089962959289551, 75%=0.7184017896652222, 90%=0.722245454788208, 95%=0.7241975665092468, 98%=0.7251574397087097
ranking_best_algo: PBIL
ranking_best_score: 0.7013553837109374
ranking_my_rank: 1/504 (100.0%)
ranking_my_percent: 100.0
