ConfigName: kjsd__advperagentrankweighted__M5__L8__eps0p03__g0p0007__ds0p05__dm0p05
Problem: QUBO
Kernel: jsd
Advantage: peragentrankweighted
M: 5
lambda: 8
epsilon_svgd: 0.03
gamma: 0.0007
decay_start_ratio: 0.05
decay_min_factor: 0.05
bandwith_kernel: None
no_interact: False
avg_score: -199.10000610351562
median_score: -200.0
std_score: 13.796738624572754
percentiles: 2%=-224.0, 5%=-222.10000610351562, 10%=-218.0, 25%=-209.0, 50%=-200.0, 75%=-189.0, 90%=-182.8000030517578, 95%=-176.0, 98%=-173.83999633789062
ranking_best_algo: Tabu
ranking_best_score: 208.36000000000004
ranking_my_rank: 86/504 (83.1%)
ranking_my_percent: 83.13492063492063
