ConfigName: kjsd__advperagentrankweighted__M5__L10__eps0p005__g0p0007__ds0p4__dm0p05
Problem: NK
Kernel: jsd
Advantage: peragentrankweighted
M: 5
lambda: 10
epsilon_svgd: 0.005
gamma: 0.0007
decay_start_ratio: 0.4
decay_min_factor: 0.05
bandwith_kernel: None
no_interact: False
avg_score: 0.7107933759689331
median_score: 0.7114796042442322
std_score: 0.015301208943128586
percentiles: 2%=0.672292172908783, 5%=0.6734327673912048, 10%=0.6969097852706909, 25%=0.7076233625411987, 50%=0.7114796042442322, 75%=0.7201178073883057, 90%=0.7255181670188904, 95%=0.7325155735015869, 98%=0.7332521080970764
ranking_best_algo: CMApara
ranking_best_score: 0.707475975
ranking_my_rank: 1/504 (100.0%)
ranking_my_percent: 100.0
