ConfigName: kjsd__advperagentrankweighted__M10__L12__eps0p008__g0p0005__ds0p3__dm0p05
Problem: QUBO
Kernel: jsd
Advantage: peragentrankweighted
M: 10
lambda: 12
epsilon_svgd: 0.008
gamma: 0.0005
decay_start_ratio: 0.3
decay_min_factor: 0.05
bandwith_kernel: None
no_interact: False
avg_score: -426.29998779296875
median_score: -427.5
std_score: 26.31482696533203
percentiles: 2%=-477.1199951171875, 5%=-473.0, 10%=-461.6000061035156, 25%=-439.0, 50%=-427.5, 75%=-410.0, 90%=-391.5, 95%=-380.0, 98%=-378.82000732421875
ranking_best_algo: CMAL3
ranking_best_score: 435.36
ranking_my_rank: 23/504 (95.6%)
ranking_my_percent: 95.63492063492063
