ConfigName: kjsd__advperagentrankweighted__M3__L20__eps0p007__g0p003__ds0p1__dm0p1
Problem: QUBO
Kernel: jsd
Advantage: peragentrankweighted
M: 3
lambda: 20
epsilon_svgd: 0.007
gamma: 0.003
decay_start_ratio: 0.1
decay_min_factor: 0.1
bandwith_kernel: None
no_interact: False
avg_score: -421.1400146484375
median_score: -419.0
std_score: 24.44464111328125
percentiles: 2%=-473.0799865722656, 5%=-469.1000061035156, 10%=-454.0, 25%=-433.25, 50%=-419.0, 75%=-406.75, 90%=-390.8999938964844, 95%=-380.95001220703125, 98%=-375.9800109863281
ranking_best_algo: CMAL3
ranking_best_score: 435.36
ranking_my_rank: 56/504 (89.1%)
ranking_my_percent: 89.08730158730158
