ConfigName: kjsd__advperagentrankweighted__M2__L20__eps0p005__g0p0005__ds0p05__dm0p2
Problem: NK
Kernel: jsd
Advantage: peragentrankweighted
M: 2
lambda: 20
epsilon_svgd: 0.005
gamma: 0.0005
decay_start_ratio: 0.05
decay_min_factor: 0.2
bandwith_kernel: None
no_interact: False
avg_score: 0.7431800365447998
median_score: 0.7426669597625732
std_score: 0.008609744720160961
percentiles: 2%=0.7275457382202148, 5%=0.7290629148483276, 10%=0.7320681810379028, 25%=0.7370849847793579, 50%=0.7426669597625732, 75%=0.7498122453689575, 90%=0.7542544007301331, 95%=0.7575262188911438, 98%=0.7608343958854675
ranking_best_algo: PBIL
ranking_best_score: 0.733570253046875
ranking_my_rank: 1/504 (100.0%)
ranking_my_percent: 100.0
