ConfigName: kjsd__advperagentrankweighted__M3__L20__eps0p007__g0p0005__ds0p05__dm0p05
Problem: QUBO
Kernel: jsd
Advantage: peragentrankweighted
M: 3
lambda: 20
epsilon_svgd: 0.007
gamma: 0.0005
decay_start_ratio: 0.05
decay_min_factor: 0.05
bandwith_kernel: None
no_interact: False
avg_score: -931.2000122070312
median_score: -931.0
std_score: 70.74418640136719
percentiles: 2%=-1076.0, 5%=-1051.0999755859375, 10%=-1025.199951171875, 25%=-977.5, 50%=-931.0, 75%=-874.75, 90%=-845.5, 95%=-828.5999755859375, 98%=-806.6799926757812
ranking_best_algo: CMApara
ranking_best_score: 964.9
ranking_my_rank: 19/504 (96.4%)
ranking_my_percent: 96.42857142857143
