ConfigName: krbf__advnormalizedfitness__M3__L8__eps0p033__g0p01__ds0p01__dm0p01
Problem: QUBO
Kernel: rbf
Advantage: normalizedfitness
M: 3
lambda: 8
epsilon_svgd: 0.033
gamma: 0.01
decay_start_ratio: 0.01
decay_min_factor: 0.01
bandwith_kernel: None
no_interact: False
avg_score: -428.2200012207031
median_score: -427.0
std_score: 24.0830135345459
percentiles: 2%=-479.0400085449219, 5%=-471.20001220703125, 10%=-457.20001220703125, 25%=-445.25, 50%=-427.0, 75%=-410.75, 90%=-399.8999938964844, 95%=-389.0, 98%=-384.73992919921875
ranking_best_algo: CMAL3
ranking_best_score: 435.36
ranking_my_rank: 15/504 (97.2%)
ranking_my_percent: 97.22222222222223
