ConfigName: kjsd__advperagentrankweighted__M6__L10__eps0p008__g0p0005__ds0p05__dm0p05
Problem: NK
Kernel: jsd
Advantage: peragentrankweighted
M: 6
lambda: 10
epsilon_svgd: 0.008
gamma: 0.0005
decay_start_ratio: 0.05
decay_min_factor: 0.05
bandwith_kernel: None
no_interact: False
avg_score: 0.7379529476165771
median_score: 0.73976731300354
std_score: 0.008796632289886475
percentiles: 2%=0.7204338908195496, 5%=0.7221192121505737, 10%=0.7231382131576538, 25%=0.7327278852462769, 50%=0.73976731300354, 75%=0.7439159154891968, 90%=0.7481333017349243, 95%=0.7506352663040161, 98%=0.752190113067627
ranking_best_algo: PBIL
ranking_best_score: 0.730509098125
ranking_my_rank: 1/504 (100.0%)
ranking_my_percent: 100.0
