ConfigName: kfr__advglobalrankweighted__M2__L11__eps0p02__g0p005__ds0p01__dm0p01
Problem: QUBO
Kernel: fr
Advantage: globalrankweighted
M: 2
lambda: 11
epsilon_svgd: 0.02
gamma: 0.005
decay_start_ratio: 0.01
decay_min_factor: 0.01
bandwith_kernel: None
no_interact: False
avg_score: -320.5799865722656
median_score: -325.0
std_score: 26.435274124145508
percentiles: 2%=-372.0, 5%=-357.20001220703125, 10%=-350.0, 25%=-340.0, 50%=-325.0, 75%=-299.5, 90%=-280.8999938964844, 95%=-279.9000244140625, 98%=-273.8399658203125
ranking_best_algo: CMApara
ranking_best_score: 344.22
ranking_my_rank: 165/504 (67.5%)
ranking_my_percent: 67.46031746031746
