ConfigName: krbf__advnormalizedfitness__M3__L15__eps0p03__g0p01__ds0p05__dm0p05
Problem: QUBO
Kernel: rbf
Advantage: normalizedfitness
M: 3
lambda: 15
epsilon_svgd: 0.03
gamma: 0.01
decay_start_ratio: 0.05
decay_min_factor: 0.05
bandwith_kernel: None
no_interact: False
avg_score: -1534.9000244140625
median_score: -1543.0
std_score: 90.82406616210938
percentiles: 2%=-1721.0799560546875, 5%=-1685.199951171875, 10%=-1648.300048828125, 25%=-1594.75, 50%=-1543.0, 75%=-1470.75, 90%=-1417.9000244140625, 95%=-1368.300048828125, 98%=-1348.800048828125
ranking_best_algo: NLOPT_LN_PRAXIS
ranking_best_score: 1607.12
ranking_my_rank: 57/504 (88.9%)
ranking_my_percent: 88.88888888888889
