ConfigName: krbf__advnormalizedfitness__M4__L8__eps0p025__g0p005__ds0p3__dm0p01
Problem: NK
Kernel: rbf
Advantage: normalizedfitness
M: 4
lambda: 8
epsilon_svgd: 0.025
gamma: 0.005
decay_start_ratio: 0.3
decay_min_factor: 0.01
bandwith_kernel: None
no_interact: False
avg_score: 0.7103596329689026
median_score: 0.7109612226486206
std_score: 0.015178585425019264
percentiles: 2%=0.672385036945343, 5%=0.6737251281738281, 10%=0.6928291916847229, 25%=0.7075759172439575, 50%=0.7109612226486206, 75%=0.7186697721481323, 90%=0.7254601120948792, 95%=0.7328792810440063, 98%=0.7332855463027954
ranking_best_algo: CMApara
ranking_best_score: 0.707475975
ranking_my_rank: 1/504 (100.0%)
ranking_my_percent: 100.0
