ConfigName: kjsd__advperagentrankweighted__M4__L8__eps0p006__g0p0005__ds0p05__dm0p05
Problem: NK
Kernel: jsd
Advantage: peragentrankweighted
M: 4
lambda: 8
epsilon_svgd: 0.006
gamma: 0.0005
decay_start_ratio: 0.05
decay_min_factor: 0.05
bandwith_kernel: None
no_interact: False
avg_score: 0.7417412400245667
median_score: 0.741029679775238
std_score: 0.008387093432247639
percentiles: 2%=0.727292001247406, 5%=0.7289183735847473, 10%=0.7313539981842041, 25%=0.7356936931610107, 50%=0.741029679775238, 75%=0.7467595934867859, 90%=0.7537257075309753, 95%=0.754595160484314, 98%=0.7574182748794556
ranking_best_algo: PBIL
ranking_best_score: 0.733570253046875
ranking_my_rank: 1/504 (100.0%)
ranking_my_percent: 100.0
