ConfigName: kjsd__advperagentrankweighted__M8__L10__eps0p008__g0p0005__ds0p05__dm0p05
Problem: QUBO
Kernel: jsd
Advantage: peragentrankweighted
M: 8
lambda: 10
epsilon_svgd: 0.008
gamma: 0.0005
decay_start_ratio: 0.05
decay_min_factor: 0.05
bandwith_kernel: None
no_interact: False
avg_score: -316.239990234375
median_score: -320.0
std_score: 38.20186233520508
percentiles: 2%=-394.0400085449219, 5%=-388.0, 10%=-360.20001220703125, 25%=-344.5, 50%=-320.0, 75%=-281.0, 90%=-270.0, 95%=-267.79998779296875, 98%=-259.9599914550781
ranking_best_algo: CMApara
ranking_best_score: 319.29999999999995
ranking_my_rank: 7/504 (98.8%)
ranking_my_percent: 98.80952380952381
