ConfigName: kjsd__advperagentrankweighted__M5__L10__eps0p02__g0p0007__ds0p2__dm0p05
Problem: QUBO
Kernel: jsd
Advantage: peragentrankweighted
M: 5
lambda: 10
epsilon_svgd: 0.02
gamma: 0.0007
decay_start_ratio: 0.2
decay_min_factor: 0.05
bandwith_kernel: None
no_interact: False
avg_score: -1199.219970703125
median_score: -1186.5
std_score: 59.84255599975586
percentiles: 2%=-1345.1600341796875, 5%=-1323.0999755859375, 10%=-1281.5999755859375, 25%=-1230.5, 50%=-1186.5, 75%=-1157.75, 90%=-1142.4000244140625, 95%=-1117.949951171875, 98%=-1090.0
ranking_best_algo: Tabu
ranking_best_score: 1216.16
ranking_my_rank: 44/504 (91.5%)
ranking_my_percent: 91.46825396825396
