ConfigName: krbf__advnormalizedfitness__M4__L15__eps0p025__g0p005__ds0p15__dm0p3
Problem: QUBO
Kernel: rbf
Advantage: normalizedfitness
M: 4
lambda: 15
epsilon_svgd: 0.025
gamma: 0.005
decay_start_ratio: 0.15
decay_min_factor: 0.3
bandwith_kernel: None
no_interact: False
avg_score: -413.5199890136719
median_score: -414.0
std_score: 24.82437515258789
percentiles: 2%=-455.0400085449219, 5%=-454.04998779296875, 10%=-448.29998779296875, 25%=-428.0, 50%=-414.0, 75%=-397.5, 90%=-380.0, 95%=-373.70001220703125, 98%=-361.91998291015625
ranking_best_algo: Tabu
ranking_best_score: 438.12
ranking_my_rank: 58/504 (88.7%)
ranking_my_percent: 88.69047619047619
