ConfigName: kjsd__advperagentrankweighted__M4__L24__eps0p005__g0p0007__ds0p2__dm0p05
Problem: QUBO
Kernel: jsd
Advantage: peragentrankweighted
M: 4
lambda: 24
epsilon_svgd: 0.005
gamma: 0.0007
decay_start_ratio: 0.2
decay_min_factor: 0.05
bandwith_kernel: None
no_interact: False
avg_score: -428.5199890136719
median_score: -430.0
std_score: 26.857582092285156
percentiles: 2%=-475.0400085449219, 5%=-469.1000061035156, 10%=-465.0, 25%=-446.5, 50%=-430.0, 75%=-413.0, 90%=-395.8999938964844, 95%=-387.54998779296875, 98%=-364.79998779296875
ranking_best_algo: CMAL3
ranking_best_score: 435.36
ranking_my_rank: 15/504 (97.2%)
ranking_my_percent: 97.22222222222223
