ConfigName: krbf__advnormalizedfitness__M4__L10__eps0p02__g0p01__ds0p15__dm0p05
Problem: QUBO
Kernel: rbf
Advantage: normalizedfitness
M: 4
lambda: 10
epsilon_svgd: 0.02
gamma: 0.01
decay_start_ratio: 0.15
decay_min_factor: 0.05
bandwith_kernel: None
no_interact: False
avg_score: -2553.39990234375
median_score: -2536.0
std_score: 275.42303466796875
percentiles: 2%=-3085.139892578125, 5%=-3022.35009765625, 10%=-2949.39990234375, 25%=-2741.0, 50%=-2536.0, 75%=-2369.0, 90%=-2202.60009765625, 95%=-2120.85009765625, 98%=-2032.97998046875
ranking_best_algo: RLSOnePlusOne
ranking_best_score: 3316.5199999999995
ranking_my_rank: 212/504 (58.1%)
ranking_my_percent: 58.13492063492063
