ConfigName: krbf__advnormalizedfitness__M2__L10__eps0p033__g0p01__ds0p01__dm0p01
Problem: QUBO
Kernel: rbf
Advantage: normalizedfitness
M: 2
lambda: 10
epsilon_svgd: 0.033
gamma: 0.01
decay_start_ratio: 0.01
decay_min_factor: 0.01
bandwith_kernel: None
no_interact: False
avg_score: -425.1199951171875
median_score: -425.5
std_score: 30.372777938842773
percentiles: 2%=-481.0400085449219, 5%=-479.1000061035156, 10%=-471.20001220703125, 25%=-446.0, 50%=-425.5, 75%=-403.0, 90%=-387.0, 95%=-384.79998779296875, 98%=-366.7799987792969
ranking_best_algo: CMAL3
ranking_best_score: 435.36
ranking_my_rank: 29/504 (94.4%)
ranking_my_percent: 94.44444444444444
