ConfigName: kjsd__advperagentrankweighted__M4__L20__eps0p005__g0p001__ds0p1__dm0p2
Problem: NK
Kernel: jsd
Advantage: peragentrankweighted
M: 4
lambda: 20
epsilon_svgd: 0.005
gamma: 0.001
decay_start_ratio: 0.1
decay_min_factor: 0.2
bandwith_kernel: None
no_interact: False
avg_score: 0.7334272265434265
median_score: 0.7347618937492371
std_score: 0.014365223236382008
percentiles: 2%=0.7080793380737305, 5%=0.7105154991149902, 10%=0.71283358335495, 25%=0.722840428352356, 50%=0.7347618937492371, 75%=0.7429261803627014, 90%=0.7530879974365234, 95%=0.7576884627342224, 98%=0.7596940994262695
ranking_best_algo: Tabu
ranking_best_score: 0.7601875690625
ranking_my_rank: 33/504 (93.7%)
ranking_my_percent: 93.65079365079364
