ConfigName: kjsd__advperagentrankweighted__M4__L24__eps0p005__g0p0003__ds0p4__dm0p05
Problem: QUBO
Kernel: jsd
Advantage: peragentrankweighted
M: 4
lambda: 24
epsilon_svgd: 0.005
gamma: 0.0003
decay_start_ratio: 0.4
decay_min_factor: 0.05
bandwith_kernel: None
no_interact: False
avg_score: -332.82000732421875
median_score: -338.0
std_score: 20.505794525146484
percentiles: 2%=-372.0, 5%=-361.0, 10%=-354.0, 25%=-344.25, 50%=-338.0, 75%=-324.0, 90%=-303.70001220703125, 95%=-292.0, 98%=-280.0
ranking_best_algo: CMApara
ranking_best_score: 344.22
ranking_my_rank: 69/504 (86.5%)
ranking_my_percent: 86.5079365079365
