ConfigName: kjsd__advperagentrankweighted__M4__L12__eps0p01__g0p0005__ds0p2__dm0p05
Problem: QUBO
Kernel: jsd
Advantage: peragentrankweighted
M: 4
lambda: 12
epsilon_svgd: 0.01
gamma: 0.0005
decay_start_ratio: 0.2
decay_min_factor: 0.05
bandwith_kernel: None
no_interact: False
avg_score: -137.0800018310547
median_score: -138.5
std_score: 12.855877876281738
percentiles: 2%=-158.0399932861328, 5%=-157.0500030517578, 10%=-153.1999969482422, 25%=-146.0, 50%=-138.5, 75%=-129.0, 90%=-118.9000015258789, 95%=-116.8499984741211, 98%=-107.9800033569336
ranking_best_algo: DiscreteDE
ranking_best_score: 143.4
ranking_my_rank: 164/504 (67.7%)
ranking_my_percent: 67.65873015873017
