ConfigName: krbf__advnormalizedfitness__M4__L12__eps0p025__g0p007__ds0p01__dm0p3
Problem: QUBO
Kernel: rbf
Advantage: normalizedfitness
M: 4
lambda: 12
epsilon_svgd: 0.025
gamma: 0.007
decay_start_ratio: 0.01
decay_min_factor: 0.3
bandwith_kernel: None
no_interact: False
avg_score: -2276.52001953125
median_score: -2264.5
std_score: 188.8849639892578
percentiles: 2%=-2646.739990234375, 5%=-2580.10009765625, 10%=-2536.199951171875, 25%=-2420.75, 50%=-2264.5, 75%=-2122.0, 90%=-2045.699951171875, 95%=-2018.550048828125, 98%=-1947.760009765625
ranking_best_algo: DiscreteLengler2OnePlusOne
ranking_best_score: 2617.04
ranking_my_rank: 174/504 (65.7%)
ranking_my_percent: 65.67460317460318
