ConfigName: krbf__advnormalizedfitness__M3__L10__eps0p015__g0p015__ds0p3__dm0p3
Problem: NK
Kernel: rbf
Advantage: normalizedfitness
M: 3
lambda: 10
epsilon_svgd: 0.015
gamma: 0.015
decay_start_ratio: 0.3
decay_min_factor: 0.3
bandwith_kernel: None
no_interact: False
avg_score: 0.6022189259529114
median_score: 0.6012687683105469
std_score: 0.00766149815171957
percentiles: 2%=0.5900039076805115, 5%=0.5912524461746216, 10%=0.593060314655304, 25%=0.5967929363250732, 50%=0.6012687683105469, 75%=0.606289267539978, 90%=0.6123656630516052, 95%=0.6178730130195618, 98%=0.6195788383483887
ranking_best_algo: Tabu
ranking_best_score: 0.7429702712499999
ranking_my_rank: 392/504 (22.4%)
ranking_my_percent: 22.42063492063492
