ConfigName: kjsd__advperagentrankweighted__M3__L18__eps0p005__g0p0007__ds0p2__dm0p1
Problem: QUBO
Kernel: jsd
Advantage: peragentrankweighted
M: 3
lambda: 18
epsilon_svgd: 0.005
gamma: 0.0007
decay_start_ratio: 0.2
decay_min_factor: 0.1
bandwith_kernel: None
no_interact: False
avg_score: -925.3800048828125
median_score: -919.5
std_score: 63.10464096069336
percentiles: 2%=-1070.1199951171875, 5%=-1048.050048828125, 10%=-1010.5999755859375, 25%=-966.5, 50%=-919.5, 75%=-878.5, 90%=-860.2000122070312, 95%=-845.8499755859375, 98%=-791.0
ranking_best_algo: CMApara
ranking_best_score: 964.9
ranking_my_rank: 21/504 (96.0%)
ranking_my_percent: 96.03174603174604
