ConfigName: krbf__advnormalizedfitness__M4__L10__eps0p025__g0p01__ds0p05__dm0p05
Problem: NK
Kernel: rbf
Advantage: normalizedfitness
M: 4
lambda: 10
epsilon_svgd: 0.025
gamma: 0.01
decay_start_ratio: 0.05
decay_min_factor: 0.05
bandwith_kernel: None
no_interact: False
avg_score: 0.7155336737632751
median_score: 0.7156107425689697
std_score: 0.014441351406276226
percentiles: 2%=0.6872475743293762, 5%=0.6892790198326111, 10%=0.6952016353607178, 25%=0.7070011496543884, 50%=0.7156107425689697, 75%=0.7247680425643921, 90%=0.731664776802063, 95%=0.7389793992042542, 98%=0.7466491460800171
ranking_best_algo: PBIL
ranking_best_score: 0.733570253046875
ranking_my_rank: 57/504 (88.9%)
ranking_my_percent: 88.88888888888889
