ConfigName: krbf__advnormalizedfitness__M3__L12__eps0p015__g0p01__ds0p15__dm0p01
Problem: QUBO
Kernel: rbf
Advantage: normalizedfitness
M: 3
lambda: 12
epsilon_svgd: 0.015
gamma: 0.01
decay_start_ratio: 0.15
decay_min_factor: 0.01
bandwith_kernel: None
no_interact: False
avg_score: -1401.06005859375
median_score: -1401.5
std_score: 131.44525146484375
percentiles: 2%=-1688.5799560546875, 5%=-1594.800048828125, 10%=-1561.199951171875, 25%=-1482.5, 50%=-1401.5, 75%=-1304.0, 90%=-1228.5999755859375, 95%=-1198.2000732421875, 98%=-1168.119873046875
ranking_best_algo: NLOPT_LN_PRAXIS
ranking_best_score: 1607.12
ranking_my_rank: 149/504 (70.6%)
ranking_my_percent: 70.63492063492063
