ConfigName: krbf__advnormalizedfitness__M3__L15__eps0p015__g0p015__ds0p01__dm0p3
Problem: QUBO
Kernel: rbf
Advantage: normalizedfitness
M: 3
lambda: 15
epsilon_svgd: 0.015
gamma: 0.015
decay_start_ratio: 0.01
decay_min_factor: 0.3
bandwith_kernel: None
no_interact: False
avg_score: -315.239990234375
median_score: -311.5
std_score: 40.79536819458008
percentiles: 2%=-393.05999755859375, 5%=-387.0, 10%=-374.0, 25%=-340.0, 50%=-311.5, 75%=-284.0, 90%=-262.0, 95%=-253.90000915527344, 98%=-249.87997436523438
ranking_best_algo: Tabu
ranking_best_score: 438.12
ranking_my_rank: 350/504 (30.8%)
ranking_my_percent: 30.753968253968253
