ConfigName: kjsd__advperagentrankweighted__M3__L16__eps0p01__g0p0005__ds0p2__dm0p2
Problem: QUBO
Kernel: jsd
Advantage: peragentrankweighted
M: 3
lambda: 16
epsilon_svgd: 0.01
gamma: 0.0005
decay_start_ratio: 0.2
decay_min_factor: 0.2
bandwith_kernel: None
no_interact: False
avg_score: -2574.5400390625
median_score: -2575.5
std_score: 121.17042541503906
percentiles: 2%=-2823.93994140625, 5%=-2760.35009765625, 10%=-2729.5, 25%=-2652.0, 50%=-2575.5, 75%=-2488.5, 90%=-2421.800048828125, 95%=-2387.89990234375, 98%=-2351.760009765625
ranking_best_algo: SVM1MetaModelLogNormal
ranking_best_score: 2605.14
ranking_my_rank: 14/504 (97.4%)
ranking_my_percent: 97.42063492063492
