ConfigName: krbf__advnormalizedfitness__M1__L8__eps0p025__g0p005__ds0p3__dm0p3
Problem: QUBO
Kernel: rbf
Advantage: normalizedfitness
M: 1
lambda: 8
epsilon_svgd: 0.025
gamma: 0.005
decay_start_ratio: 0.3
decay_min_factor: 0.3
bandwith_kernel: None
no_interact: False
avg_score: -132.1999969482422
median_score: -132.5
std_score: 14.524462699890137
percentiles: 2%=-156.0, 5%=-153.0500030517578, 10%=-151.10000610351562, 25%=-144.0, 50%=-132.5, 75%=-121.0, 90%=-113.0, 95%=-108.95000457763672, 98%=-102.87997436523438
ranking_best_algo: DiscreteDE
ranking_best_score: 143.4
ranking_my_rank: 318/504 (37.1%)
ranking_my_percent: 37.1031746031746
