ConfigName: kfr__advglobalrankweighted__M1__L10__eps0p01__g0p007__ds0p01__dm0p01
Problem: QUBO
Kernel: fr
Advantage: globalrankweighted
M: 1
lambda: 10
epsilon_svgd: 0.01
gamma: 0.007
decay_start_ratio: 0.01
decay_min_factor: 0.01
bandwith_kernel: None
no_interact: False
avg_score: -427.8800048828125
median_score: -425.0
std_score: 31.080949783325195
percentiles: 2%=-487.1400146484375, 5%=-475.20001220703125, 10%=-470.1000061035156, 25%=-446.0, 50%=-425.0, 75%=-407.75, 90%=-391.0, 95%=-382.50006103515625, 98%=-349.9599914550781
ranking_best_algo: CMApara
ranking_best_score: 453.82
ranking_my_rank: 100/504 (80.4%)
ranking_my_percent: 80.35714285714286
