ConfigName: krbf__advnormalizedfitness__M4__L8__eps0p03__g0p01__ds0p05__dm0p05
Problem: NK
Kernel: rbf
Advantage: normalizedfitness
M: 4
lambda: 8
epsilon_svgd: 0.03
gamma: 0.01
decay_start_ratio: 0.05
decay_min_factor: 0.05
bandwith_kernel: None
no_interact: False
avg_score: 0.7403323650360107
median_score: 0.7397253513336182
std_score: 0.014498613774776459
percentiles: 2%=0.7146411538124084, 5%=0.7186845541000366, 10%=0.7232607007026672, 25%=0.7288829684257507, 50%=0.7397253513336182, 75%=0.7485142350196838, 90%=0.758934497833252, 95%=0.7654627561569214, 98%=0.7705039978027344
ranking_best_algo: Tabu
ranking_best_score: 0.7601875690625
ranking_my_rank: 15/504 (97.2%)
ranking_my_percent: 97.22222222222223
