ConfigName: kjsd__advperagentrankweighted__M3__L18__eps0p005__g0p0007__ds0p05__dm0p1
Problem: QUBO
Kernel: jsd
Advantage: peragentrankweighted
M: 3
lambda: 18
epsilon_svgd: 0.005
gamma: 0.0007
decay_start_ratio: 0.05
decay_min_factor: 0.1
bandwith_kernel: None
no_interact: False
avg_score: -2648.6201171875
median_score: -2658.0
std_score: 127.50143432617188
percentiles: 2%=-2902.239990234375, 5%=-2838.60009765625, 10%=-2827.39990234375, 25%=-2739.0, 50%=-2658.0, 75%=-2560.5, 90%=-2483.300048828125, 95%=-2451.550048828125, 98%=-2399.760009765625
ranking_best_algo: DiscreteLengler2OnePlusOne
ranking_best_score: 2617.04
ranking_my_rank: 1/504 (100.0%)
ranking_my_percent: 100.0
