ConfigName: kjsd__advperagentrankweighted__M3__L20__eps0p005__g0p0007__ds0p05__dm0p1
Problem: QUBO
Kernel: jsd
Advantage: peragentrankweighted
M: 3
lambda: 20
epsilon_svgd: 0.005
gamma: 0.0007
decay_start_ratio: 0.05
decay_min_factor: 0.1
bandwith_kernel: None
no_interact: False
avg_score: -331.1199951171875
median_score: -338.0
std_score: 23.09600830078125
percentiles: 2%=-372.0, 5%=-372.0, 10%=-353.1000061035156, 25%=-346.0, 50%=-338.0, 75%=-320.0, 90%=-295.70001220703125, 95%=-286.0, 98%=-275.8800048828125
ranking_best_algo: CMApara
ranking_best_score: 344.22
ranking_my_rank: 77/504 (84.9%)
ranking_my_percent: 84.92063492063492
