ConfigName: krbf__advnormalizedfitness__M5__L8__eps0p02__g0p01__ds0p15__dm0p05
Problem: NK
Kernel: rbf
Advantage: normalizedfitness
M: 5
lambda: 8
epsilon_svgd: 0.02
gamma: 0.01
decay_start_ratio: 0.15
decay_min_factor: 0.05
bandwith_kernel: None
no_interact: False
avg_score: 0.7474820017814636
median_score: 0.7505718469619751
std_score: 0.015506068244576454
percentiles: 2%=0.7124573588371277, 5%=0.7231040000915527, 10%=0.7259429097175598, 25%=0.7367656826972961, 50%=0.7505718469619751, 75%=0.7586932182312012, 90%=0.7664692401885986, 95%=0.7682784795761108, 98%=0.7707571983337402
ranking_best_algo: Tabu
ranking_best_score: 0.7657846284375001
ranking_my_rank: 35/504 (93.3%)
ranking_my_percent: 93.25396825396825
