ConfigName: kjsd__advperagentrankweighted__M10__L12__eps0p005__g0p0005__ds0p3__dm0p05
Problem: QUBO
Kernel: jsd
Advantage: peragentrankweighted
M: 10
lambda: 12
epsilon_svgd: 0.005
gamma: 0.0005
decay_start_ratio: 0.3
decay_min_factor: 0.05
bandwith_kernel: None
no_interact: False
avg_score: -1089.3599853515625
median_score: -1083.5
std_score: 88.72187042236328
percentiles: 2%=-1276.6199951171875, 5%=-1225.8499755859375, 10%=-1210.5, 25%=-1148.25, 50%=-1083.5, 75%=-1029.25, 90%=-970.9000244140625, 95%=-956.9000244140625, 98%=-952.0999755859375
ranking_best_algo: BigLognormalDiscreteOnePlusOne
ranking_best_score: 1301.3600000000004
ranking_my_rank: 208/504 (58.9%)
ranking_my_percent: 58.92857142857143
