ConfigName: krbf__advnormalizedfitness__M4__L10__eps0p015__g0p015__ds0p01__dm0p3
Problem: QUBO
Kernel: rbf
Advantage: normalizedfitness
M: 4
lambda: 10
epsilon_svgd: 0.015
gamma: 0.015
decay_start_ratio: 0.01
decay_min_factor: 0.3
bandwith_kernel: None
no_interact: False
avg_score: -127.05999755859375
median_score: -127.0
std_score: 10.264326095581055
percentiles: 2%=-150.0399932861328, 5%=-143.0500030517578, 10%=-142.0, 25%=-133.0, 50%=-127.0, 75%=-121.0, 90%=-112.0, 95%=-111.0, 98%=-110.95999145507812
ranking_best_algo: DiscreteDE
ranking_best_score: 143.4
ranking_my_rank: 332/504 (34.3%)
ranking_my_percent: 34.32539682539682
