ConfigName: kjsd__advperagentrankweighted__M3__L16__eps0p007__g0p001__ds0p1__dm0p05
Problem: NK
Kernel: jsd
Advantage: peragentrankweighted
M: 3
lambda: 16
epsilon_svgd: 0.007
gamma: 0.001
decay_start_ratio: 0.1
decay_min_factor: 0.05
bandwith_kernel: None
no_interact: False
avg_score: 0.7207582592964172
median_score: 0.7198241949081421
std_score: 0.008108967915177345
percentiles: 2%=0.7065110802650452, 5%=0.7087130546569824, 10%=0.711063802242279, 25%=0.7144063115119934, 50%=0.7198241949081421, 75%=0.7266212105751038, 90%=0.7308156490325928, 95%=0.733932614326477, 98%=0.7381656169891357
ranking_best_algo: PBIL
ranking_best_score: 0.7170882103515624
ranking_my_rank: 1/504 (100.0%)
ranking_my_percent: 100.0
