ConfigName: kfr__advglobalrankweighted__M1__L10__eps0p015__g0p005__ds0p01__dm0p01
Problem: QUBO
Kernel: fr
Advantage: globalrankweighted
M: 1
lambda: 10
epsilon_svgd: 0.015
gamma: 0.005
decay_start_ratio: 0.01
decay_min_factor: 0.01
bandwith_kernel: None
no_interact: False
avg_score: -551.7999877929688
median_score: -548.0
std_score: 35.79050064086914
percentiles: 2%=-625.1199951171875, 5%=-610.4500122070312, 10%=-604.0, 25%=-579.25, 50%=-548.0, 75%=-524.5, 90%=-505.8999938964844, 95%=-498.95001220703125, 98%=-493.9599914550781
ranking_best_algo: Tabu
ranking_best_score: 588.7199999999999
ranking_my_rank: 153/503 (69.8%)
ranking_my_percent: 69.78131212723657
