ConfigName: kjsd__advperagentrankweighted__M3__L24__eps0p005__g0p0005__ds0p2__dm0p1
Problem: NK
Kernel: jsd
Advantage: peragentrankweighted
M: 3
lambda: 24
epsilon_svgd: 0.005
gamma: 0.0005
decay_start_ratio: 0.2
decay_min_factor: 0.1
bandwith_kernel: None
no_interact: False
avg_score: 0.7486160397529602
median_score: 0.7478667497634888
std_score: 0.00912560150027275
percentiles: 2%=0.7340565323829651, 5%=0.7349550127983093, 10%=0.73677659034729, 25%=0.7422372698783875, 50%=0.7478667497634888, 75%=0.7545735836029053, 90%=0.7613813877105713, 95%=0.7640292644500732, 98%=0.767441987991333
ranking_best_algo: PBIL
ranking_best_score: 0.733570253046875
ranking_my_rank: 1/504 (100.0%)
ranking_my_percent: 100.0
