ConfigName: krbf__advnormalizedfitness__M4__L15__eps0p025__g0p005__ds0p05__dm0p05
Problem: NK
Kernel: rbf
Advantage: normalizedfitness
M: 4
lambda: 15
epsilon_svgd: 0.025
gamma: 0.005
decay_start_ratio: 0.05
decay_min_factor: 0.05
bandwith_kernel: None
no_interact: False
avg_score: 0.7348796129226685
median_score: 0.7342813014984131
std_score: 0.012921607121825218
percentiles: 2%=0.7113601565361023, 5%=0.7154986262321472, 10%=0.718794047832489, 25%=0.7261363863945007, 50%=0.7342813014984131, 75%=0.7434169054031372, 90%=0.7497262954711914, 95%=0.7572200894355774, 98%=0.763979971408844
ranking_best_algo: Tabu
ranking_best_score: 0.7601875690625
ranking_my_rank: 28/504 (94.6%)
ranking_my_percent: 94.64285714285714
