ConfigName: kjsd__advperagentrankweighted__M4__L8__eps0p03__g0p0003__ds0p05__dm0p05
Problem: QUBO
Kernel: jsd
Advantage: peragentrankweighted
M: 4
lambda: 8
epsilon_svgd: 0.03
gamma: 0.0003
decay_start_ratio: 0.05
decay_min_factor: 0.05
bandwith_kernel: None
no_interact: False
avg_score: -875.47998046875
median_score: -880.0
std_score: 64.11231994628906
percentiles: 2%=-986.1199951171875, 5%=-979.2000122070312, 10%=-958.0, 25%=-918.25, 50%=-880.0, 75%=-830.5, 90%=-793.7000122070312, 95%=-778.0, 98%=-747.97998046875
ranking_best_algo: CMApara
ranking_best_score: 964.9
ranking_my_rank: 223/504 (56.0%)
ranking_my_percent: 55.95238095238095
