ConfigName: kjsd__advperagentrankweighted__M6__L10__eps0p008__g0p0005__ds0p05__dm0p05
Problem: NK
Kernel: jsd
Advantage: peragentrankweighted
M: 6
lambda: 10
epsilon_svgd: 0.008
gamma: 0.0005
decay_start_ratio: 0.05
decay_min_factor: 0.05
bandwith_kernel: None
no_interact: False
avg_score: 0.7452020049095154
median_score: 0.7448883056640625
std_score: 0.009365454316139221
percentiles: 2%=0.7279191613197327, 5%=0.7292788624763489, 10%=0.7324425578117371, 25%=0.7399495840072632, 50%=0.7448883056640625, 75%=0.7511290311813354, 90%=0.7550047636032104, 95%=0.7615805864334106, 98%=0.7653247714042664
ranking_best_algo: PBIL
ranking_best_score: 0.733570253046875
ranking_my_rank: 1/504 (100.0%)
ranking_my_percent: 100.0
