ConfigName: kjsd__advperagentrankweighted__M6__L10__eps0p02__g0p0005__ds0p2__dm0p05
Problem: QUBO
Kernel: jsd
Advantage: peragentrankweighted
M: 6
lambda: 10
epsilon_svgd: 0.02
gamma: 0.0005
decay_start_ratio: 0.2
decay_min_factor: 0.05
bandwith_kernel: None
no_interact: False
avg_score: -202.6199951171875
median_score: -203.5
std_score: 12.35700511932373
percentiles: 2%=-224.0, 5%=-222.0, 10%=-221.10000610351562, 25%=-209.0, 50%=-203.5, 75%=-196.0, 90%=-183.89999389648438, 95%=-181.89999389648438, 98%=-178.89999389648438
ranking_best_algo: Tabu
ranking_best_score: 208.36000000000004
ranking_my_rank: 34/504 (93.5%)
ranking_my_percent: 93.45238095238095
