ConfigName: kjsd__advperagentrankweighted__M4__L8__eps0p005__g0p0005__ds0p2__dm0p2
Problem: NK
Kernel: jsd
Advantage: peragentrankweighted
M: 4
lambda: 8
epsilon_svgd: 0.005
gamma: 0.0005
decay_start_ratio: 0.2
decay_min_factor: 0.2
bandwith_kernel: None
no_interact: False
avg_score: 0.7298963665962219
median_score: 0.7293610572814941
std_score: 0.010629655793309212
percentiles: 2%=0.709359347820282, 5%=0.7136046290397644, 10%=0.7168206572532654, 25%=0.7242598533630371, 50%=0.7293610572814941, 75%=0.7367578148841858, 90%=0.7427288889884949, 95%=0.7512412667274475, 98%=0.7532728910446167
ranking_best_algo: Tabu
ranking_best_score: 0.7429702712499999
ranking_my_rank: 2/504 (99.8%)
ranking_my_percent: 99.8015873015873
