ConfigName: krbf__advnormalizedfitness__M1__L10__eps0p015__g0p005__ds0p01__dm0p01
Problem: QUBO
Kernel: rbf
Advantage: normalizedfitness
M: 1
lambda: 10
epsilon_svgd: 0.015
gamma: 0.005
decay_start_ratio: 0.01
decay_min_factor: 0.01
bandwith_kernel: None
no_interact: False
avg_score: -411.239990234375
median_score: -413.5
std_score: 29.610511779785156
percentiles: 2%=-461.32000732421875, 5%=-453.20001220703125, 10%=-441.20001220703125, 25%=-433.0, 50%=-413.5, 75%=-393.0, 90%=-374.79998779296875, 95%=-360.0, 98%=-335.97998046875
ranking_best_algo: CMAL3
ranking_best_score: 435.36
ranking_my_rank: 167/504 (67.1%)
ranking_my_percent: 67.06349206349206
