ConfigName: krbf__advglobalrankweighted__M4__L11__eps0p02__g0p007__ds0p01__dm0p01
Problem: QUBO
Kernel: rbf
Advantage: globalrankweighted
M: 4
lambda: 11
epsilon_svgd: 0.02
gamma: 0.007
decay_start_ratio: 0.01
decay_min_factor: 0.01
bandwith_kernel: None
no_interact: False
avg_score: -1185.1400146484375
median_score: -1193.5
std_score: 65.72245025634766
percentiles: 2%=-1310.06005859375, 5%=-1294.5, 10%=-1273.0999755859375, 25%=-1227.0, 50%=-1193.5, 75%=-1142.5, 90%=-1092.4000244140625, 95%=-1072.800048828125, 98%=-1040.93994140625
ranking_best_algo: SVMMetaModelLogNormal
ranking_best_score: 1233.7999999999997
ranking_my_rank: 58/504 (88.7%)
ranking_my_percent: 88.69047619047619
