ConfigName: krbf__advnormalizedfitness__M2__L8__eps0p015__g0p01__ds0p3__dm0p01
Problem: QUBO
Kernel: rbf
Advantage: normalizedfitness
M: 2
lambda: 8
epsilon_svgd: 0.015
gamma: 0.01
decay_start_ratio: 0.3
decay_min_factor: 0.01
bandwith_kernel: None
no_interact: False
avg_score: -440.5400085449219
median_score: -443.0
std_score: 28.523469924926758
percentiles: 2%=-487.0400085449219, 5%=-486.04998779296875, 10%=-473.6000061035156, 25%=-461.25, 50%=-443.0, 75%=-420.25, 90%=-399.79998779296875, 95%=-393.8500061035156, 98%=-386.9599914550781
ranking_best_algo: CMApara
ranking_best_score: 453.82
ranking_my_rank: 14/504 (97.4%)
ranking_my_percent: 97.42063492063492
