ConfigName: kjsd__advperagentrankweighted__M4__L20__eps0p005__g0p001__ds0p2__dm0p2
Problem: QUBO
Kernel: jsd
Advantage: peragentrankweighted
M: 4
lambda: 20
epsilon_svgd: 0.005
gamma: 0.001
decay_start_ratio: 0.2
decay_min_factor: 0.2
bandwith_kernel: None
no_interact: False
avg_score: -1200.5400390625
median_score: -1196.0
std_score: 72.1623764038086
percentiles: 2%=-1351.0400390625, 5%=-1315.300048828125, 10%=-1296.0999755859375, 25%=-1246.25, 50%=-1196.0, 75%=-1144.25, 90%=-1104.800048828125, 95%=-1099.6500244140625, 98%=-1074.9200439453125
ranking_best_algo: BigLognormalDiscreteOnePlusOne
ranking_best_score: 1301.3600000000004
ranking_my_rank: 84/504 (83.5%)
ranking_my_percent: 83.53174603174604
