ConfigName: kjsd__advperagentrankweighted__M3__L16__eps0p007__g0p003__ds0p2__dm0p1
Problem: NK
Kernel: jsd
Advantage: peragentrankweighted
M: 3
lambda: 16
epsilon_svgd: 0.007
gamma: 0.003
decay_start_ratio: 0.2
decay_min_factor: 0.1
bandwith_kernel: None
no_interact: False
avg_score: 0.6369979977607727
median_score: 0.6363217830657959
std_score: 0.016745178028941154
percentiles: 2%=0.6097465753555298, 5%=0.6129208207130432, 10%=0.6171844005584717, 25%=0.6243171691894531, 50%=0.6363217830657959, 75%=0.6486162543296814, 90%=0.6585408449172974, 95%=0.6648385524749756, 98%=0.6755341291427612
ranking_best_algo: PBIL
ranking_best_score: 0.7170882103515624
ranking_my_rank: 304/504 (39.9%)
ranking_my_percent: 39.88095238095238
