ConfigName: krbf__advnormalizedfitness__M4__L15__eps0p025__g0p005__ds0p01__dm0p01
Problem: NK
Kernel: rbf
Advantage: normalizedfitness
M: 4
lambda: 15
epsilon_svgd: 0.025
gamma: 0.005
decay_start_ratio: 0.01
decay_min_factor: 0.01
bandwith_kernel: None
no_interact: False
avg_score: 0.7555173635482788
median_score: 0.7562517523765564
std_score: 0.013566876761615276
percentiles: 2%=0.7274251580238342, 5%=0.7327220439910889, 10%=0.7376670837402344, 25%=0.7476286888122559, 50%=0.7562517523765564, 75%=0.7652584314346313, 90%=0.7728586196899414, 95%=0.7767577171325684, 98%=0.7816831469535828
ranking_best_algo: Tabu
ranking_best_score: 0.7657846284375001
ranking_my_rank: 5/504 (99.2%)
ranking_my_percent: 99.2063492063492
