ConfigName: krbf__advnormalizedfitness__M4__L8__eps0p025__g0p015__ds0p15__dm0p01
Problem: QUBO
Kernel: rbf
Advantage: normalizedfitness
M: 4
lambda: 8
epsilon_svgd: 0.025
gamma: 0.015
decay_start_ratio: 0.15
decay_min_factor: 0.01
bandwith_kernel: None
no_interact: False
avg_score: -2728.719970703125
median_score: -2724.0
std_score: 264.34832763671875
percentiles: 2%=-3298.39990234375, 5%=-3175.75, 10%=-3094.0, 25%=-2915.0, 50%=-2724.0, 75%=-2524.75, 90%=-2407.5, 95%=-2338.75, 98%=-2304.11962890625
ranking_best_algo: RLSOnePlusOne
ranking_best_score: 3316.5199999999995
ranking_my_rank: 187/504 (63.1%)
ranking_my_percent: 63.095238095238095
