ConfigName: krbf__advnormalizedfitness__M1__L10__eps0p015__g0p007__ds0p15__dm0p3
Problem: QUBO
Kernel: rbf
Advantage: normalizedfitness
M: 1
lambda: 10
epsilon_svgd: 0.015
gamma: 0.007
decay_start_ratio: 0.15
decay_min_factor: 0.3
bandwith_kernel: None
no_interact: False
avg_score: -1616.8800048828125
median_score: -1623.0
std_score: 66.15047454833984
percentiles: 2%=-1756.1400146484375, 5%=-1724.3499755859375, 10%=-1689.300048828125, 25%=-1653.25, 50%=-1623.0, 75%=-1574.0, 90%=-1529.0, 95%=-1512.800048828125, 98%=-1462.97998046875
ranking_best_algo: NLOPT_LN_PRAXIS
ranking_best_score: 1607.12
ranking_my_rank: 1/504 (100.0%)
ranking_my_percent: 100.0
