ConfigName: krbf__advnormalizedfitness__M3__L8__eps0p033__g0p005__ds0p15__dm0p01
Problem: NK
Kernel: rbf
Advantage: normalizedfitness
M: 3
lambda: 8
epsilon_svgd: 0.033
gamma: 0.005
decay_start_ratio: 0.15
decay_min_factor: 0.01
bandwith_kernel: None
no_interact: False
avg_score: 0.7533371448516846
median_score: 0.752328097820282
std_score: 0.013274261727929115
percentiles: 2%=0.7310858368873596, 5%=0.7326706051826477, 10%=0.7375952005386353, 25%=0.7434073090553284, 50%=0.752328097820282, 75%=0.7613092660903931, 90%=0.771916925907135, 95%=0.7766239643096924, 98%=0.7791761159896851
ranking_best_algo: Tabu
ranking_best_score: 0.7470791764843752
ranking_my_rank: 1/504 (100.0%)
ranking_my_percent: 100.0
