ConfigName: krbf__advnormalizedfitness__M3__L10__eps0p015__g0p005__ds0p01__dm0p3
Problem: NK
Kernel: rbf
Advantage: normalizedfitness
M: 3
lambda: 10
epsilon_svgd: 0.015
gamma: 0.005
decay_start_ratio: 0.01
decay_min_factor: 0.3
bandwith_kernel: None
no_interact: False
avg_score: 0.754367470741272
median_score: 0.755317211151123
std_score: 0.014858878217637539
percentiles: 2%=0.726298987865448, 5%=0.7292265295982361, 10%=0.7353093028068542, 25%=0.7426005601882935, 50%=0.755317211151123, 75%=0.7653487920761108, 90%=0.7741290926933289, 95%=0.7816329002380371, 98%=0.7830487489700317
ranking_best_algo: Tabu
ranking_best_score: 0.7657846284375001
ranking_my_rank: 7/504 (98.8%)
ranking_my_percent: 98.80952380952381
