ConfigName: krbf__advnormalizedfitness__M4__L12__eps0p025__g0p015__ds0p01__dm0p01
Problem: QUBO
Kernel: rbf
Advantage: normalizedfitness
M: 4
lambda: 12
epsilon_svgd: 0.025
gamma: 0.015
decay_start_ratio: 0.01
decay_min_factor: 0.01
bandwith_kernel: None
no_interact: False
avg_score: -1086.9599609375
median_score: -1085.0
std_score: 85.59613037109375
percentiles: 2%=-1257.0799560546875, 5%=-1249.050048828125, 10%=-1204.9000244140625, 25%=-1136.75, 50%=-1085.0, 75%=-1026.25, 90%=-984.5, 95%=-950.6500244140625, 98%=-933.6199340820312
ranking_best_algo: Tabu
ranking_best_score: 1216.16
ranking_my_rank: 215/504 (57.5%)
ranking_my_percent: 57.53968253968254
