ConfigName: kjsd__advperagentrankweighted__M3__L24__eps0p007__g0p0005__ds0p2__dm0p2
Problem: QUBO
Kernel: jsd
Advantage: peragentrankweighted
M: 3
lambda: 24
epsilon_svgd: 0.007
gamma: 0.0005
decay_start_ratio: 0.2
decay_min_factor: 0.2
bandwith_kernel: None
no_interact: False
avg_score: -3301.06005859375
median_score: -3293.0
std_score: 111.86096954345703
percentiles: 2%=-3527.139892578125, 5%=-3477.14990234375, 10%=-3424.300048828125, 25%=-3390.5, 50%=-3293.0, 75%=-3224.0, 90%=-3148.0, 95%=-3136.5, 98%=-3082.97998046875
ranking_best_algo: RLSOnePlusOne
ranking_best_score: 3316.5199999999995
ranking_my_rank: 3/504 (99.6%)
ranking_my_percent: 99.60317460317461
