ConfigName: kjsd__advperagentrankweighted__M3__L18__eps0p007__g0p0007__ds0p05__dm0p05
Problem: QUBO
Kernel: jsd
Advantage: peragentrankweighted
M: 3
lambda: 18
epsilon_svgd: 0.007
gamma: 0.0007
decay_start_ratio: 0.05
decay_min_factor: 0.05
bandwith_kernel: None
no_interact: False
avg_score: -137.82000732421875
median_score: -136.5
std_score: 10.960273742675781
percentiles: 2%=-159.02000427246094, 5%=-159.0, 10%=-152.10000610351562, 25%=-146.0, 50%=-136.5, 75%=-129.0, 90%=-125.0, 95%=-122.9000015258789, 98%=-116.95999908447266
ranking_best_algo: DiscreteDE
ranking_best_score: 143.4
ranking_my_rank: 117/504 (77.0%)
ranking_my_percent: 76.98412698412699
