ConfigName: kfr__advglobalrankweighted__M2__L7__eps0p01__g0p007__ds0p01__dm0p01
Problem: NK
Kernel: fr
Advantage: globalrankweighted
M: 2
lambda: 7
epsilon_svgd: 0.01
gamma: 0.007
decay_start_ratio: 0.01
decay_min_factor: 0.01
bandwith_kernel: None
no_interact: False
avg_score: 0.7075151801109314
median_score: 0.7094816565513611
std_score: 0.011857932433485985
percentiles: 2%=0.6881428956985474, 5%=0.6885303854942322, 10%=0.691720724105835, 25%=0.6966431140899658, 50%=0.7094816565513611, 75%=0.7176433801651001, 90%=0.7222396731376648, 95%=0.7234033942222595, 98%=0.7242286801338196
ranking_best_algo: PBIL
ranking_best_score: 0.7013553837109374
ranking_my_rank: 1/504 (100.0%)
ranking_my_percent: 100.0
