ConfigName: krbf__advnormalizedfitness__M4__L12__eps0p025__g0p005__ds0p01__dm0p3
Problem: QUBO
Kernel: rbf
Advantage: normalizedfitness
M: 4
lambda: 12
epsilon_svgd: 0.025
gamma: 0.005
decay_start_ratio: 0.01
decay_min_factor: 0.3
bandwith_kernel: None
no_interact: False
avg_score: -425.05999755859375
median_score: -426.0
std_score: 25.9637508392334
percentiles: 2%=-481.1600036621094, 5%=-465.29998779296875, 10%=-459.3999938964844, 25%=-439.0, 50%=-426.0, 75%=-407.0, 90%=-392.0, 95%=-385.8500061035156, 98%=-376.77996826171875
ranking_best_algo: CMAL3
ranking_best_score: 435.36
ranking_my_rank: 29/504 (94.4%)
ranking_my_percent: 94.44444444444444
