ConfigName: kjsd__advperagentrankweighted__M3__L16__eps0p005__g0p0005__ds0p05__dm0p05
Problem: NK
Kernel: jsd
Advantage: peragentrankweighted
M: 3
lambda: 16
epsilon_svgd: 0.005
gamma: 0.0005
decay_start_ratio: 0.05
decay_min_factor: 0.05
bandwith_kernel: None
no_interact: False
avg_score: 0.7527003288269043
median_score: 0.7538493871688843
std_score: 0.015183943323791027
percentiles: 2%=0.7212337851524353, 5%=0.7268781661987305, 10%=0.7331581711769104, 25%=0.7412760853767395, 50%=0.7538493871688843, 75%=0.7636829614639282, 90%=0.771950900554657, 95%=0.7753304839134216, 98%=0.779629111289978
ranking_best_algo: Tabu
ranking_best_score: 0.7657846284375001
ranking_my_rank: 10/504 (98.2%)
ranking_my_percent: 98.21428571428571
