ConfigName: kjsd__advperagentrankweighted__M3__L18__eps0p01__g0p0007__ds0p2__dm0p05
Problem: NK
Kernel: jsd
Advantage: peragentrankweighted
M: 3
lambda: 18
epsilon_svgd: 0.01
gamma: 0.0007
decay_start_ratio: 0.2
decay_min_factor: 0.05
bandwith_kernel: None
no_interact: False
avg_score: 0.7067407965660095
median_score: 0.7090892791748047
std_score: 0.0114783039316535
percentiles: 2%=0.6878705620765686, 5%=0.6899439096450806, 10%=0.6906136870384216, 25%=0.6954994201660156, 50%=0.7090892791748047, 75%=0.7169199585914612, 90%=0.7198227643966675, 95%=0.7210636138916016, 98%=0.7228565812110901
ranking_best_algo: PBIL
ranking_best_score: 0.7013553837109374
ranking_my_rank: 1/504 (100.0%)
ranking_my_percent: 100.0
