ConfigName: krbf__advnormalizedfitness__M4__L8__eps0p03__g0p01__ds0p05__dm0p05
Problem: NK
Kernel: rbf
Advantage: normalizedfitness
M: 4
lambda: 8
epsilon_svgd: 0.03
gamma: 0.01
decay_start_ratio: 0.05
decay_min_factor: 0.05
bandwith_kernel: None
no_interact: False
avg_score: 0.7449820041656494
median_score: 0.7423176169395447
std_score: 0.028129590675234795
percentiles: 2%=0.7040831446647644, 5%=0.7075725197792053, 10%=0.710171103477478, 25%=0.7230862379074097, 50%=0.7423176169395447, 75%=0.7601335048675537, 90%=0.7783373594284058, 95%=0.8044298887252808, 98%=0.8095158338546753
ranking_best_algo: CMApara
ranking_best_score: 0.7459277895312499
ranking_my_rank: 2/504 (99.8%)
ranking_my_percent: 99.8015873015873
