ConfigName: kjsd__advperagentrankweighted__M8__L8__eps0p005__g0p0005__ds0p05__dm0p05
Problem: QUBO
Kernel: jsd
Advantage: peragentrankweighted
M: 8
lambda: 8
epsilon_svgd: 0.005
gamma: 0.0005
decay_start_ratio: 0.05
decay_min_factor: 0.05
bandwith_kernel: None
no_interact: False
avg_score: -422.4200134277344
median_score: -422.0
std_score: 21.969606399536133
percentiles: 2%=-477.0400085449219, 5%=-461.0, 10%=-454.0, 25%=-433.25, 50%=-422.0, 75%=-406.0, 90%=-394.0, 95%=-393.8999938964844, 98%=-388.0
ranking_best_algo: Tabu
ranking_best_score: 438.12
ranking_my_rank: 21/504 (96.0%)
ranking_my_percent: 96.03174603174604
