ConfigName: kjsd__advperagentrankweighted__M5__L12__eps0p03__g0p0005__ds0p2__dm0p05
Problem: NK
Kernel: jsd
Advantage: peragentrankweighted
M: 5
lambda: 12
epsilon_svgd: 0.03
gamma: 0.0005
decay_start_ratio: 0.2
decay_min_factor: 0.05
bandwith_kernel: None
no_interact: False
avg_score: 0.7297142148017883
median_score: 0.7278441190719604
std_score: 0.014403145760297775
percentiles: 2%=0.706923246383667, 5%=0.7082414031028748, 10%=0.7129499316215515, 25%=0.720212996006012, 50%=0.7278441190719604, 75%=0.7368950843811035, 90%=0.7470593452453613, 95%=0.7503070831298828, 98%=0.7588809132575989
ranking_best_algo: Tabu
ranking_best_score: 0.7601875690625
ranking_my_rank: 50/504 (90.3%)
ranking_my_percent: 90.27777777777777
