ConfigName: kjsd__advperagentrankweighted__M5__L8__eps0p005__g0p0007__ds0p4__dm0p05
Problem: QUBO
Kernel: jsd
Advantage: peragentrankweighted
M: 5
lambda: 8
epsilon_svgd: 0.005
gamma: 0.0007
decay_start_ratio: 0.4
decay_min_factor: 0.05
bandwith_kernel: None
no_interact: False
avg_score: -578.5599975585938
median_score: -576.5
std_score: 25.99781608581543
percentiles: 2%=-633.0399780273438, 5%=-628.0499877929688, 10%=-615.0, 25%=-595.25, 50%=-576.5, 75%=-560.0, 90%=-544.9000244140625, 95%=-541.7999877929688, 98%=-530.9400024414062
ranking_best_algo: Tabu
ranking_best_score: 588.7199999999999
ranking_my_rank: 42/503 (91.8%)
ranking_my_percent: 91.84890656063618
