ConfigName: kjsd__advperagentrankweighted__M3__L18__eps0p01__g0p0007__ds0p05__dm0p1
Problem: NK
Kernel: jsd
Advantage: peragentrankweighted
M: 3
lambda: 18
epsilon_svgd: 0.01
gamma: 0.0007
decay_start_ratio: 0.05
decay_min_factor: 0.1
bandwith_kernel: None
no_interact: False
avg_score: 0.7208636403083801
median_score: 0.7203620672225952
std_score: 0.006437075324356556
percentiles: 2%=0.7097441554069519, 5%=0.7106994986534119, 10%=0.7126641273498535, 25%=0.7168594002723694, 50%=0.7203620672225952, 75%=0.7242462635040283, 90%=0.7290152311325073, 95%=0.7321088314056396, 98%=0.7330340147018433
ranking_best_algo: PBIL
ranking_best_score: 0.7170882103515624
ranking_my_rank: 1/504 (100.0%)
ranking_my_percent: 100.0
