ConfigName: krbf__advnormalizedfitness__M5__L10__eps0p025__g0p01__ds0p05__dm0p05
Problem: NK
Kernel: rbf
Advantage: normalizedfitness
M: 5
lambda: 10
epsilon_svgd: 0.025
gamma: 0.01
decay_start_ratio: 0.05
decay_min_factor: 0.05
bandwith_kernel: None
no_interact: False
avg_score: 0.7318932414054871
median_score: 0.7329499125480652
std_score: 0.009057522751390934
percentiles: 2%=0.7092623710632324, 5%=0.7165033221244812, 10%=0.7206836938858032, 25%=0.7260788083076477, 50%=0.7329499125480652, 75%=0.7386862635612488, 90%=0.7416634559631348, 95%=0.7450530529022217, 98%=0.7463646531105042
ranking_best_algo: PBIL
ranking_best_score: 0.730509098125
ranking_my_rank: 1/504 (100.0%)
ranking_my_percent: 100.0
