ConfigName: kfr__advglobalrankweighted__M4__L11__eps0p015__g0p005__ds0p01__dm0p01
Problem: QUBO
Kernel: fr
Advantage: globalrankweighted
M: 4
lambda: 11
epsilon_svgd: 0.015
gamma: 0.005
decay_start_ratio: 0.01
decay_min_factor: 0.01
bandwith_kernel: None
no_interact: False
avg_score: -1568.6600341796875
median_score: -1580.5
std_score: 73.37373352050781
percentiles: 2%=-1718.1400146484375, 5%=-1678.550048828125, 10%=-1659.5999755859375, 25%=-1606.0, 50%=-1580.5, 75%=-1533.25, 90%=-1451.0, 95%=-1434.9000244140625, 98%=-1420.8399658203125
ranking_best_algo: NLOPT_LN_PRAXIS
ranking_best_score: 1607.12
ranking_my_rank: 46/504 (91.1%)
ranking_my_percent: 91.07142857142857
