ConfigName: kfr__advglobalrankweighted__M3__L11__eps0p02__g0p003__ds0p01__dm0p01
Problem: QUBO
Kernel: fr
Advantage: globalrankweighted
M: 3
lambda: 11
epsilon_svgd: 0.02
gamma: 0.003
decay_start_ratio: 0.01
decay_min_factor: 0.01
bandwith_kernel: None
no_interact: False
avg_score: -324.6000061035156
median_score: -326.0
std_score: 20.073862075805664
percentiles: 2%=-357.0, 5%=-357.0, 10%=-350.0, 25%=-340.0, 50%=-326.0, 75%=-308.0, 90%=-297.8999938964844, 95%=-290.95001220703125, 98%=-285.9599914550781
ranking_best_algo: CMApara
ranking_best_score: 344.22
ranking_my_rank: 124/504 (75.6%)
ranking_my_percent: 75.5952380952381
