ConfigName: kjsd__advperagentrankweighted__M3__L18__eps0p005__g0p0007__ds0p1__dm0p05
Problem: QUBO
Kernel: jsd
Advantage: peragentrankweighted
M: 3
lambda: 18
epsilon_svgd: 0.005
gamma: 0.0007
decay_start_ratio: 0.1
decay_min_factor: 0.05
bandwith_kernel: None
no_interact: False
avg_score: -439.3599853515625
median_score: -444.0
std_score: 23.41261100769043
percentiles: 2%=-479.0400085449219, 5%=-472.04998779296875, 10%=-469.20001220703125, 25%=-455.25, 50%=-444.0, 75%=-421.0, 90%=-404.0, 95%=-399.8999938964844, 98%=-395.9599914550781
ranking_best_algo: CMApara
ranking_best_score: 453.82
ranking_my_rank: 19/504 (96.4%)
ranking_my_percent: 96.42857142857143
