ConfigName: kjsd__advperagentrankweighted__M4__L24__eps0p03__g0p0005__ds0p05__dm0p05
Problem: NK
Kernel: jsd
Advantage: peragentrankweighted
M: 4
lambda: 24
epsilon_svgd: 0.03
gamma: 0.0005
decay_start_ratio: 0.05
decay_min_factor: 0.05
bandwith_kernel: None
no_interact: False
avg_score: 0.738121509552002
median_score: 0.7384395599365234
std_score: 0.009254025295376778
percentiles: 2%=0.7160048484802246, 5%=0.7220717668533325, 10%=0.7280973196029663, 25%=0.7319802045822144, 50%=0.7384395599365234, 75%=0.7438182830810547, 90%=0.7489470839500427, 95%=0.7530494332313538, 98%=0.7561019659042358
ranking_best_algo: PBIL
ranking_best_score: 0.733570253046875
ranking_my_rank: 1/504 (100.0%)
ranking_my_percent: 100.0
