ConfigName: kjsd__advperagentrankweighted__M5__L10__eps0p005__g0p0005__ds0p2__dm0p05
Problem: QUBO
Kernel: jsd
Advantage: peragentrankweighted
M: 5
lambda: 10
epsilon_svgd: 0.005
gamma: 0.0005
decay_start_ratio: 0.2
decay_min_factor: 0.05
bandwith_kernel: None
no_interact: False
avg_score: -446.4200134277344
median_score: -450.0
std_score: 25.181413650512695
percentiles: 2%=-492.1199951171875, 5%=-481.1000061035156, 10%=-476.0, 25%=-465.5, 50%=-450.0, 75%=-426.75, 90%=-413.8999938964844, 95%=-406.8500061035156, 98%=-392.8599853515625
ranking_best_algo: CMApara
ranking_best_score: 453.82
ranking_my_rank: 2/504 (99.8%)
ranking_my_percent: 99.8015873015873
