ConfigName: krbf__advnormalizedfitness__M4__L10__eps0p025__g0p01__ds0p15__dm0p01
Problem: QUBO
Kernel: rbf
Advantage: normalizedfitness
M: 4
lambda: 10
epsilon_svgd: 0.025
gamma: 0.01
decay_start_ratio: 0.15
decay_min_factor: 0.01
bandwith_kernel: None
no_interact: False
avg_score: -2889.320068359375
median_score: -2885.0
std_score: 241.65956115722656
percentiles: 2%=-3392.639892578125, 5%=-3330.5, 10%=-3189.10009765625, 25%=-3043.0, 50%=-2885.0, 75%=-2692.75, 90%=-2600.699951171875, 95%=-2564.55029296875, 98%=-2456.699951171875
ranking_best_algo: RLSOnePlusOne
ranking_best_score: 3316.5199999999995
ranking_my_rank: 141/504 (72.2%)
ranking_my_percent: 72.22222222222223
