ConfigName: krbf__advnormalizedfitness__M4__L8__eps0p033__g0p005__ds0p3__dm0p3
Problem: QUBO
Kernel: rbf
Advantage: normalizedfitness
M: 4
lambda: 8
epsilon_svgd: 0.033
gamma: 0.005
decay_start_ratio: 0.3
decay_min_factor: 0.3
bandwith_kernel: None
no_interact: False
avg_score: -928.6599731445312
median_score: -922.5
std_score: 64.82456970214844
percentiles: 2%=-1052.3599853515625, 5%=-1025.050048828125, 10%=-1013.2000122070312, 25%=-978.75, 50%=-922.5, 75%=-883.25, 90%=-848.9000244140625, 95%=-840.9500122070312, 98%=-828.73974609375
ranking_best_algo: CMApara
ranking_best_score: 964.9
ranking_my_rank: 21/504 (96.0%)
ranking_my_percent: 96.03174603174604
