ConfigName: kjsd__advperagentrankweighted__M3__L30__eps0p005__g0p001__ds0p1__dm0p05
Problem: QUBO
Kernel: jsd
Advantage: peragentrankweighted
M: 3
lambda: 30
epsilon_svgd: 0.005
gamma: 0.001
decay_start_ratio: 0.1
decay_min_factor: 0.05
bandwith_kernel: None
no_interact: False
avg_score: -2589.719970703125
median_score: -2584.0
std_score: 132.4525604248047
percentiles: 2%=-2807.06005859375, 5%=-2794.050048828125, 10%=-2763.0, 25%=-2702.0, 50%=-2584.0, 75%=-2503.75, 90%=-2407.89990234375, 95%=-2382.89990234375, 98%=-2299.60009765625
ranking_best_algo: DiscreteLengler2OnePlusOne
ranking_best_score: 2617.04
ranking_my_rank: 42/504 (91.9%)
ranking_my_percent: 91.86507936507937
