ConfigName: kjsd__advperagentrankweighted__M4__L30__eps0p01__g0p0005__ds0p4__dm0p05
Problem: QUBO
Kernel: jsd
Advantage: peragentrankweighted
M: 4
lambda: 30
epsilon_svgd: 0.01
gamma: 0.0005
decay_start_ratio: 0.4
decay_min_factor: 0.05
bandwith_kernel: None
no_interact: False
avg_score: -417.4800109863281
median_score: -414.0
std_score: 24.77518081665039
percentiles: 2%=-473.0, 5%=-459.1000061035156, 10%=-454.0, 25%=-436.0, 50%=-414.0, 75%=-401.0, 90%=-388.0, 95%=-379.8999938964844, 98%=-373.760009765625
ranking_best_algo: Tabu
ranking_best_score: 438.12
ranking_my_rank: 40/504 (92.3%)
ranking_my_percent: 92.26190476190476
