ConfigName: krbf__advnormalizedfitness__M2__L8__eps0p015__g0p005__ds0p3__dm0p3
Problem: QUBO
Kernel: rbf
Advantage: normalizedfitness
M: 2
lambda: 8
epsilon_svgd: 0.015
gamma: 0.005
decay_start_ratio: 0.3
decay_min_factor: 0.3
bandwith_kernel: None
no_interact: False
avg_score: -137.83999633789062
median_score: -139.0
std_score: 11.442657470703125
percentiles: 2%=-158.0, 5%=-155.0500030517578, 10%=-151.0, 25%=-146.0, 50%=-139.0, 75%=-130.0, 90%=-122.80000305175781, 95%=-117.0, 98%=-112.9800033569336
ranking_best_algo: DiscreteDE
ranking_best_score: 143.4
ranking_my_rank: 117/504 (77.0%)
ranking_my_percent: 76.98412698412699
