ConfigName: kjsd__advperagentrankweighted__M4__L24__eps0p01__g0p0003__ds0p4__dm0p05
Problem: NK
Kernel: jsd
Advantage: peragentrankweighted
M: 4
lambda: 24
epsilon_svgd: 0.01
gamma: 0.0003
decay_start_ratio: 0.4
decay_min_factor: 0.05
bandwith_kernel: None
no_interact: False
avg_score: 0.7113264203071594
median_score: 0.6994725465774536
std_score: 0.031537801027297974
percentiles: 2%=0.6735868453979492, 5%=0.6743742823600769, 10%=0.6758787631988525, 25%=0.6828985214233398, 50%=0.6994725465774536, 75%=0.7465952634811401, 90%=0.7537440061569214, 95%=0.7613165378570557, 98%=0.7613165378570557
ranking_best_algo: CMApara
ranking_best_score: 0.7118996098437498
ranking_my_rank: 2/504 (99.8%)
ranking_my_percent: 99.8015873015873
