ConfigName: krbf__advnormalizedfitness__M2__L10__eps0p025__g0p015__ds0p01__dm0p01
Problem: QUBO
Kernel: rbf
Advantage: normalizedfitness
M: 2
lambda: 10
epsilon_svgd: 0.025
gamma: 0.015
decay_start_ratio: 0.01
decay_min_factor: 0.01
bandwith_kernel: None
no_interact: False
avg_score: -1194.9599609375
median_score: -1187.5
std_score: 63.19729995727539
percentiles: 2%=-1347.280029296875, 5%=-1339.0, 10%=-1259.300048828125, 25%=-1230.25, 50%=-1187.5, 75%=-1152.75, 90%=-1121.4000244140625, 95%=-1101.300048828125, 98%=-1083.8599853515625
ranking_best_algo: Tabu
ranking_best_score: 1216.16
ranking_my_rank: 48/504 (90.7%)
ranking_my_percent: 90.67460317460318
