ConfigName: krbf__advnormalizedfitness__M1__L8__eps0p025__g0p005__ds0p15__dm0p01
Problem: NK
Kernel: rbf
Advantage: normalizedfitness
M: 1
lambda: 8
epsilon_svgd: 0.025
gamma: 0.005
decay_start_ratio: 0.15
decay_min_factor: 0.01
bandwith_kernel: None
no_interact: False
avg_score: 0.7131561040878296
median_score: 0.713193416595459
std_score: 0.012021074071526527
percentiles: 2%=0.6895380616188049, 5%=0.6934608817100525, 10%=0.6991058588027954, 25%=0.7048102617263794, 50%=0.713193416595459, 75%=0.7233169078826904, 90%=0.7270174026489258, 95%=0.7315127849578857, 98%=0.7361699342727661
ranking_best_algo: Tabu
ranking_best_score: 0.7429702712499999
ranking_my_rank: 138/504 (72.8%)
ranking_my_percent: 72.81746031746032
