ConfigName: kjsd__advperagentrankweighted__M10__L12__eps0p005__g0p0005__ds0p05__dm0p05
Problem: QUBO
Kernel: jsd
Advantage: peragentrankweighted
M: 10
lambda: 12
epsilon_svgd: 0.005
gamma: 0.0005
decay_start_ratio: 0.05
decay_min_factor: 0.05
bandwith_kernel: None
no_interact: False
avg_score: -418.3599853515625
median_score: -415.0
std_score: 27.506189346313477
percentiles: 2%=-473.0799865722656, 5%=-469.1000061035156, 10%=-455.0, 25%=-440.5, 50%=-415.0, 75%=-398.0, 90%=-383.79998779296875, 95%=-372.0, 98%=-367.9599914550781
ranking_best_algo: Tabu
ranking_best_score: 438.12
ranking_my_rank: 37/504 (92.9%)
ranking_my_percent: 92.85714285714286
