ConfigName: kjsd__advperagentrankweighted__M3__L16__eps0p007__g0p0005__ds0p1__dm0p2
Problem: NK
Kernel: jsd
Advantage: peragentrankweighted
M: 3
lambda: 16
epsilon_svgd: 0.007
gamma: 0.0005
decay_start_ratio: 0.1
decay_min_factor: 0.2
bandwith_kernel: None
no_interact: False
avg_score: 0.7337782979011536
median_score: 0.7350500822067261
std_score: 0.008932068012654781
percentiles: 2%=0.7149881720542908, 5%=0.7156363725662231, 10%=0.7198446989059448, 25%=0.7279714941978455, 50%=0.7350500822067261, 75%=0.7406989336013794, 90%=0.7450166940689087, 95%=0.7466864585876465, 98%=0.747461199760437
ranking_best_algo: PBIL
ranking_best_score: 0.7248786399609374
ranking_my_rank: 1/504 (100.0%)
ranking_my_percent: 100.0
