ConfigName: krbf__advnormalizedfitness__M2__L10__eps0p025__g0p005__ds0p15__dm0p3
Problem: QUBO
Kernel: rbf
Advantage: normalizedfitness
M: 2
lambda: 10
epsilon_svgd: 0.025
gamma: 0.005
decay_start_ratio: 0.15
decay_min_factor: 0.3
bandwith_kernel: None
no_interact: False
avg_score: -572.4400024414062
median_score: -571.5
std_score: 29.419830322265625
percentiles: 2%=-627.0999755859375, 5%=-619.0499877929688, 10%=-609.5999755859375, 25%=-591.0, 50%=-571.5, 75%=-553.0, 90%=-533.4000244140625, 95%=-521.9500122070312, 98%=-517.8800048828125
ranking_best_algo: Tabu
ranking_best_score: 588.7199999999999
ranking_my_rank: 62/503 (87.9%)
ranking_my_percent: 87.8727634194831
