ConfigName: kjsd__advperagentrankweighted__M3__L30__eps0p005__g0p0005__ds0p1__dm0p05
Problem: NK
Kernel: jsd
Advantage: peragentrankweighted
M: 3
lambda: 30
epsilon_svgd: 0.005
gamma: 0.0005
decay_start_ratio: 0.1
decay_min_factor: 0.05
bandwith_kernel: None
no_interact: False
avg_score: 0.707872211933136
median_score: 0.7104001045227051
std_score: 0.011671839281916618
percentiles: 2%=0.6890838742256165, 5%=0.6900523900985718, 10%=0.6922533512115479, 25%=0.6966332793235779, 50%=0.7104001045227051, 75%=0.7176234722137451, 90%=0.7217975854873657, 95%=0.7235223650932312, 98%=0.7247199416160583
ranking_best_algo: PBIL
ranking_best_score: 0.7013553837109374
ranking_my_rank: 1/504 (100.0%)
ranking_my_percent: 100.0
