ConfigName: krbf__advnormalizedfitness__M4__L10__eps0p033__g0p005__ds0p3__dm0p3
Problem: NK
Kernel: rbf
Advantage: normalizedfitness
M: 4
lambda: 10
epsilon_svgd: 0.033
gamma: 0.005
decay_start_ratio: 0.3
decay_min_factor: 0.3
bandwith_kernel: None
no_interact: False
avg_score: 0.712635338306427
median_score: 0.7120184898376465
std_score: 0.016284575685858727
percentiles: 2%=0.6822983622550964, 5%=0.6872548460960388, 10%=0.6927046179771423, 25%=0.7010599374771118, 50%=0.7120184898376465, 75%=0.725385308265686, 90%=0.7336925864219666, 95%=0.7374982833862305, 98%=0.7465153932571411
ranking_best_algo: Tabu
ranking_best_score: 0.7429702712499999
ranking_my_rank: 141/504 (72.2%)
ranking_my_percent: 72.22222222222223
