ConfigName: kjsd__advperagentrankweighted__M3__L18__eps0p005__g0p003__ds0p1__dm0p2
Problem: QUBO
Kernel: jsd
Advantage: peragentrankweighted
M: 3
lambda: 18
epsilon_svgd: 0.005
gamma: 0.003
decay_start_ratio: 0.1
decay_min_factor: 0.2
bandwith_kernel: None
no_interact: False
avg_score: -138.67999267578125
median_score: -141.5
std_score: 11.839661598205566
percentiles: 2%=-160.0, 5%=-157.0500030517578, 10%=-153.0, 25%=-146.0, 50%=-141.5, 75%=-131.0, 90%=-125.0, 95%=-118.80000305175781, 98%=-107.0
ranking_best_algo: DiscreteDE
ranking_best_score: 143.4
ranking_my_rank: 97/504 (81.0%)
ranking_my_percent: 80.95238095238095
