ConfigName: krbf__advnormalizedfitness__M3__L10__eps0p015__g0p005__ds0p15__dm0p01
Problem: NK
Kernel: rbf
Advantage: normalizedfitness
M: 3
lambda: 10
epsilon_svgd: 0.015
gamma: 0.005
decay_start_ratio: 0.15
decay_min_factor: 0.01
bandwith_kernel: None
no_interact: False
avg_score: 0.7074653506278992
median_score: 0.7098302841186523
std_score: 0.011801300570368767
percentiles: 2%=0.6880613565444946, 5%=0.6896095871925354, 10%=0.6925352215766907, 25%=0.6964575052261353, 50%=0.7098302841186523, 75%=0.7170226573944092, 90%=0.7217260003089905, 95%=0.7237483263015747, 98%=0.7244775891304016
ranking_best_algo: PBIL
ranking_best_score: 0.7013553837109374
ranking_my_rank: 1/504 (100.0%)
ranking_my_percent: 100.0
