ConfigName: kjsd__advperagentrankweighted__M10__L28__eps0p005__g0p0005__ds0p05__dm0p05
Problem: QUBO
Kernel: jsd
Advantage: peragentrankweighted
M: 10
lambda: 28
epsilon_svgd: 0.005
gamma: 0.0005
decay_start_ratio: 0.05
decay_min_factor: 0.05
bandwith_kernel: None
no_interact: False
avg_score: -839.9199829101562
median_score: -830.5
std_score: 105.91702270507812
percentiles: 2%=-1071.9599609375, 5%=-1049.25, 10%=-988.0999755859375, 25%=-885.25, 50%=-830.5, 75%=-760.75, 90%=-723.4000244140625, 95%=-689.9000244140625, 98%=-686.4400024414062
ranking_best_algo: Tabu
ranking_best_score: 1216.16
ranking_my_rank: 330/504 (34.7%)
ranking_my_percent: 34.72222222222222
