ConfigName: krbf__advnormalizedfitness__M2__L9__eps0p015__g0p003__ds0p01__dm0p01
Problem: QUBO
Kernel: rbf
Advantage: normalizedfitness
M: 2
lambda: 9
epsilon_svgd: 0.015
gamma: 0.003
decay_start_ratio: 0.01
decay_min_factor: 0.01
bandwith_kernel: None
no_interact: False
avg_score: -914.9199829101562
median_score: -900.0
std_score: 69.97953033447266
percentiles: 2%=-1072.0799560546875, 5%=-1033.25, 10%=-1025.0999755859375, 25%=-951.75, 50%=-900.0, 75%=-868.5, 90%=-836.2000122070312, 95%=-816.7000122070312, 98%=-796.280029296875
ranking_best_algo: CMApara
ranking_best_score: 964.9
ranking_my_rank: 72/504 (85.9%)
ranking_my_percent: 85.91269841269842
