ConfigName: kjsd__advperagentrankweighted__M5__L8__eps0p005__g0p0003__ds0p05__dm0p05
Problem: QUBO
Kernel: jsd
Advantage: peragentrankweighted
M: 5
lambda: 8
epsilon_svgd: 0.005
gamma: 0.0003
decay_start_ratio: 0.05
decay_min_factor: 0.05
bandwith_kernel: None
no_interact: False
avg_score: -1626.5799560546875
median_score: -1630.0
std_score: 57.131805419921875
percentiles: 2%=-1737.199951171875, 5%=-1723.199951171875, 10%=-1695.5, 25%=-1662.25, 50%=-1630.0, 75%=-1589.25, 90%=-1552.199951171875, 95%=-1527.550048828125, 98%=-1507.0
ranking_best_algo: NLOPT_LN_PRAXIS
ranking_best_score: 1607.12
ranking_my_rank: 1/504 (100.0%)
ranking_my_percent: 100.0
