ConfigName: kjsd__advperagentrankweighted__M6__L8__eps0p02__g0p0005__ds0p2__dm0p05
Problem: QUBO
Kernel: jsd
Advantage: peragentrankweighted
M: 6
lambda: 8
epsilon_svgd: 0.02
gamma: 0.0005
decay_start_ratio: 0.2
decay_min_factor: 0.05
bandwith_kernel: None
no_interact: False
avg_score: -2577.260009765625
median_score: -2575.5
std_score: 109.85505676269531
percentiles: 2%=-2777.47998046875, 5%=-2762.10009765625, 10%=-2740.0, 25%=-2663.25, 50%=-2575.5, 75%=-2494.0, 90%=-2431.800048828125, 95%=-2419.449951171875, 98%=-2383.860107421875
ranking_best_algo: SVM1MetaModelLogNormal
ranking_best_score: 2605.14
ranking_my_rank: 14/504 (97.4%)
ranking_my_percent: 97.42063492063492
