ConfigName: kjsd__advperagentrankweighted__M3__L20__eps0p005__g0p0007__ds0p05__dm0p05
Problem: QUBO
Kernel: jsd
Advantage: peragentrankweighted
M: 3
lambda: 20
epsilon_svgd: 0.005
gamma: 0.0007
decay_start_ratio: 0.05
decay_min_factor: 0.05
bandwith_kernel: None
no_interact: False
avg_score: -414.9200134277344
median_score: -414.0
std_score: 27.882495880126953
percentiles: 2%=-471.0400085449219, 5%=-461.29998779296875, 10%=-454.0, 25%=-432.75, 50%=-414.0, 75%=-397.5, 90%=-376.0, 95%=-372.0, 98%=-364.0
ranking_best_algo: Tabu
ranking_best_score: 438.12
ranking_my_rank: 51/504 (90.1%)
ranking_my_percent: 90.07936507936508
