ConfigName: krbf__advnormalizedfitness__M3__L8__eps0p025__g0p01__ds0p15__dm0p3
Problem: QUBO
Kernel: rbf
Advantage: normalizedfitness
M: 3
lambda: 8
epsilon_svgd: 0.025
gamma: 0.01
decay_start_ratio: 0.15
decay_min_factor: 0.3
bandwith_kernel: None
no_interact: False
avg_score: -439.6400146484375
median_score: -444.0
std_score: 26.39299964904785
percentiles: 2%=-481.0400085449219, 5%=-477.20001220703125, 10%=-471.1000061035156, 25%=-461.0, 50%=-444.0, 75%=-415.0, 90%=-403.0, 95%=-395.9000244140625, 98%=-391.8799743652344
ranking_best_algo: CMApara
ranking_best_score: 453.82
ranking_my_rank: 17/504 (96.8%)
ranking_my_percent: 96.82539682539682
