ConfigName: kjsd__advperagentrankweighted__M5__L12__eps0p005__g0p0005__ds0p3__dm0p05
Problem: NK
Kernel: jsd
Advantage: peragentrankweighted
M: 5
lambda: 12
epsilon_svgd: 0.005
gamma: 0.0005
decay_start_ratio: 0.3
decay_min_factor: 0.05
bandwith_kernel: None
no_interact: False
avg_score: 0.7474528551101685
median_score: 0.7461803555488586
std_score: 0.010631736367940903
percentiles: 2%=0.7256367206573486, 5%=0.7314050197601318, 10%=0.7342324256896973, 25%=0.7409453988075256, 50%=0.7461803555488586, 75%=0.7539643049240112, 90%=0.7615584135055542, 95%=0.7653536200523376, 98%=0.7693727612495422
ranking_best_algo: PBIL
ranking_best_score: 0.733570253046875
ranking_my_rank: 1/504 (100.0%)
ranking_my_percent: 100.0
