ConfigName: kjsd__advperagentrankweighted__M3__L16__eps0p007__g0p001__ds0p1__dm0p2
Problem: NK
Kernel: jsd
Advantage: peragentrankweighted
M: 3
lambda: 16
epsilon_svgd: 0.007
gamma: 0.001
decay_start_ratio: 0.1
decay_min_factor: 0.2
bandwith_kernel: None
no_interact: False
avg_score: 0.7338567972183228
median_score: 0.7335413694381714
std_score: 0.009941860102117062
percentiles: 2%=0.715762734413147, 5%=0.7187896370887756, 10%=0.7196967601776123, 25%=0.7268196940422058, 50%=0.7335413694381714, 75%=0.7412697076797485, 90%=0.7463560700416565, 95%=0.7509631514549255, 98%=0.7532814741134644
ranking_best_algo: Tabu
ranking_best_score: 0.7429702712499999
ranking_my_rank: 2/504 (99.8%)
ranking_my_percent: 99.8015873015873
