ConfigName: kjsd__advperagentrankweighted__M3__L16__eps0p005__g0p0005__ds0p05__dm0p2
Problem: NK
Kernel: jsd
Advantage: peragentrankweighted
M: 3
lambda: 16
epsilon_svgd: 0.005
gamma: 0.0005
decay_start_ratio: 0.05
decay_min_factor: 0.2
bandwith_kernel: None
no_interact: False
avg_score: 0.7198858857154846
median_score: 0.7191755771636963
std_score: 0.006966267246752977
percentiles: 2%=0.708482027053833, 5%=0.7092658281326294, 10%=0.7117340564727783, 25%=0.7148692607879639, 50%=0.7191755771636963, 75%=0.7245781421661377, 90%=0.7279009819030762, 95%=0.7319727540016174, 98%=0.7334749698638916
ranking_best_algo: PBIL
ranking_best_score: 0.7170882103515624
ranking_my_rank: 1/504 (100.0%)
ranking_my_percent: 100.0
