ConfigName: kjsd__advperagentrankweighted__M5__L10__eps0p01__g0p003__ds0p4__dm0p05
Problem: QUBO
Kernel: jsd
Advantage: peragentrankweighted
M: 5
lambda: 10
epsilon_svgd: 0.01
gamma: 0.003
decay_start_ratio: 0.4
decay_min_factor: 0.05
bandwith_kernel: None
no_interact: False
avg_score: -150.10000610351562
median_score: -151.0
std_score: 12.88836669921875
percentiles: 2%=-179.0, 5%=-179.0, 10%=-164.0, 25%=-155.5, 50%=-151.0, 75%=-141.0, 90%=-135.89999389648438, 95%=-128.89999389648438, 98%=-126.95999908447266
ranking_best_algo: CMApara
ranking_best_score: 154.28
ranking_my_rank: 76/504 (85.1%)
ranking_my_percent: 85.11904761904762
