ConfigName: krbf__advnormalizedfitness__M3__L12__eps0p015__g0p005__ds0p3__dm0p01
Problem: QUBO
Kernel: rbf
Advantage: normalizedfitness
M: 3
lambda: 12
epsilon_svgd: 0.015
gamma: 0.005
decay_start_ratio: 0.3
decay_min_factor: 0.01
bandwith_kernel: None
no_interact: False
avg_score: -427.67999267578125
median_score: -428.0
std_score: 27.311124801635742
percentiles: 2%=-479.0799865722656, 5%=-475.1000061035156, 10%=-464.5, 25%=-446.25, 50%=-428.0, 75%=-408.75, 90%=-396.8999938964844, 95%=-379.70001220703125, 98%=-369.97998046875
ranking_best_algo: CMAL3
ranking_best_score: 435.36
ranking_my_rank: 18/504 (96.6%)
ranking_my_percent: 96.62698412698413
