ConfigName: krbf__advnormalizedfitness__M3__L10__eps0p033__g0p01__ds0p15__dm0p3
Problem: QUBO
Kernel: rbf
Advantage: normalizedfitness
M: 3
lambda: 10
epsilon_svgd: 0.033
gamma: 0.01
decay_start_ratio: 0.15
decay_min_factor: 0.3
bandwith_kernel: None
no_interact: False
avg_score: -3130.8798828125
median_score: -3129.5
std_score: 155.37342834472656
percentiles: 2%=-3458.0400390625, 5%=-3366.64990234375, 10%=-3309.199951171875, 25%=-3250.25, 50%=-3129.5, 75%=-3009.75, 90%=-2953.5, 95%=-2873.60009765625, 98%=-2823.97998046875
ranking_best_algo: RLSOnePlusOne
ranking_best_score: 3316.5199999999995
ranking_my_rank: 77/504 (84.9%)
ranking_my_percent: 84.92063492063492
