ConfigName: krbf__advnormalizedfitness__M4__L12__eps0p033__g0p005__ds0p15__dm0p3
Problem: NK
Kernel: rbf
Advantage: normalizedfitness
M: 4
lambda: 12
epsilon_svgd: 0.033
gamma: 0.005
decay_start_ratio: 0.15
decay_min_factor: 0.3
bandwith_kernel: None
no_interact: False
avg_score: 0.7105487585067749
median_score: 0.7111519575119019
std_score: 0.015480680391192436
percentiles: 2%=0.6715307235717773, 5%=0.6720685958862305, 10%=0.6971920132637024, 25%=0.7075030207633972, 50%=0.7111519575119019, 75%=0.7188823223114014, 90%=0.7255375981330872, 95%=0.7327122092247009, 98%=0.7333270311355591
ranking_best_algo: CMApara
ranking_best_score: 0.707475975
ranking_my_rank: 1/504 (100.0%)
ranking_my_percent: 100.0
