ConfigName: krbf__advnormalizedfitness__M1__L8__eps0p015__g0p01__ds0p3__dm0p3
Problem: QUBO
Kernel: rbf
Advantage: normalizedfitness
M: 1
lambda: 8
epsilon_svgd: 0.015
gamma: 0.01
decay_start_ratio: 0.3
decay_min_factor: 0.3
bandwith_kernel: None
no_interact: False
avg_score: -1169.0
median_score: -1155.5
std_score: 68.98188018798828
percentiles: 2%=-1309.3199462890625, 5%=-1293.300048828125, 10%=-1255.0, 25%=-1223.0, 50%=-1155.5, 75%=-1121.0, 90%=-1086.699951171875, 95%=-1063.0, 98%=-1050.919921875
ranking_best_algo: Tabu
ranking_best_score: 1216.16
ranking_my_rank: 92/504 (81.9%)
ranking_my_percent: 81.94444444444444
