ConfigName: kjsd__advperagentrankweighted__M3__L20__eps0p007__g0p0005__ds0p05__dm0p2
Problem: QUBO
Kernel: jsd
Advantage: peragentrankweighted
M: 3
lambda: 20
epsilon_svgd: 0.007
gamma: 0.0005
decay_start_ratio: 0.05
decay_min_factor: 0.2
bandwith_kernel: None
no_interact: False
avg_score: -2631.43994140625
median_score: -2639.5
std_score: 115.77498626708984
percentiles: 2%=-2846.4599609375, 5%=-2813.35009765625, 10%=-2755.5, 25%=-2715.75, 50%=-2639.5, 75%=-2544.5, 90%=-2482.0, 95%=-2424.5, 98%=-2384.800048828125
ranking_best_algo: DiscreteLengler2OnePlusOne
ranking_best_score: 2617.04
ranking_my_rank: 1/504 (100.0%)
ranking_my_percent: 100.0
