ConfigName: kjsd__advperagentrankweighted__M3__L24__eps0p007__g0p001__ds0p2__dm0p1
Problem: QUBO
Kernel: jsd
Advantage: peragentrankweighted
M: 3
lambda: 24
epsilon_svgd: 0.007
gamma: 0.001
decay_start_ratio: 0.2
decay_min_factor: 0.1
bandwith_kernel: None
no_interact: False
avg_score: -200.1999969482422
median_score: -201.0
std_score: 12.992303848266602
percentiles: 2%=-224.0, 5%=-222.0, 10%=-219.0, 25%=-208.25, 50%=-201.0, 75%=-192.75, 90%=-182.8000030517578, 95%=-177.89999389648438, 98%=-173.97999572753906
ranking_best_algo: Tabu
ranking_best_score: 208.36000000000004
ranking_my_rank: 51/504 (90.1%)
ranking_my_percent: 90.07936507936508
