ConfigName: kjsd__advperagentrankweighted__M3__L20__eps0p005__g0p0005__ds0p1__dm0p05
Problem: NK
Kernel: jsd
Advantage: peragentrankweighted
M: 3
lambda: 20
epsilon_svgd: 0.005
gamma: 0.0005
decay_start_ratio: 0.1
decay_min_factor: 0.05
bandwith_kernel: None
no_interact: False
avg_score: 0.7436133027076721
median_score: 0.741506814956665
std_score: 0.028707308694720268
percentiles: 2%=0.6963031888008118, 5%=0.7032659649848938, 10%=0.7105690836906433, 25%=0.7221139669418335, 50%=0.741506814956665, 75%=0.7580187320709229, 90%=0.7770732045173645, 95%=0.8045839071273804, 98%=0.8118547797203064
ranking_best_algo: CMApara
ranking_best_score: 0.7459277895312499
ranking_my_rank: 7/504 (98.8%)
ranking_my_percent: 98.80952380952381
