ConfigName: krbf__advnormalizedfitness__M1__L8__eps0p033__g0p007__ds0p01__dm0p01
Problem: QUBO
Kernel: rbf
Advantage: normalizedfitness
M: 1
lambda: 8
epsilon_svgd: 0.033
gamma: 0.007
decay_start_ratio: 0.01
decay_min_factor: 0.01
bandwith_kernel: None
no_interact: False
avg_score: -2489.02001953125
median_score: -2485.5
std_score: 145.4400177001953
percentiles: 2%=-2822.1201171875, 5%=-2751.949951171875, 10%=-2649.199951171875, 25%=-2577.0, 50%=-2485.5, 75%=-2388.25, 90%=-2316.699951171875, 95%=-2266.60009765625, 98%=-2227.879638671875
ranking_best_algo: SVM1MetaModelLogNormal
ranking_best_score: 2605.14
ranking_my_rank: 66/504 (87.1%)
ranking_my_percent: 87.10317460317461
