ConfigName: kjsd__advperagentrankweighted__M10__L24__eps0p005__g0p0005__ds0p3__dm0p05
Problem: QUBO
Kernel: jsd
Advantage: peragentrankweighted
M: 10
lambda: 24
epsilon_svgd: 0.005
gamma: 0.0005
decay_start_ratio: 0.3
decay_min_factor: 0.05
bandwith_kernel: None
no_interact: False
avg_score: -756.7000122070312
median_score: -749.5
std_score: 89.48480224609375
percentiles: 2%=-954.0399780273438, 5%=-908.5, 10%=-885.7000122070312, 25%=-816.75, 50%=-749.5, 75%=-693.5, 90%=-649.7000122070312, 95%=-618.3499755859375, 98%=-595.5399780273438
ranking_best_algo: CMApara
ranking_best_score: 964.9
ranking_my_rank: 326/504 (35.5%)
ranking_my_percent: 35.51587301587302
