ConfigName: kjsd__advperagentrankweighted__M3__L18__eps0p007__g0p003__ds0p2__dm0p2
Problem: NK
Kernel: jsd
Advantage: peragentrankweighted
M: 3
lambda: 18
epsilon_svgd: 0.007
gamma: 0.003
decay_start_ratio: 0.2
decay_min_factor: 0.2
bandwith_kernel: None
no_interact: False
avg_score: 0.5994372367858887
median_score: 0.5989667177200317
std_score: 0.010269109159708023
percentiles: 2%=0.5784447193145752, 5%=0.586822509765625, 10%=0.588563859462738, 25%=0.5917642712593079, 50%=0.5989667177200317, 75%=0.6051012873649597, 90%=0.6136535406112671, 95%=0.6200798153877258, 98%=0.6236165165901184
ranking_best_algo: PBIL
ranking_best_score: 0.7170882103515624
ranking_my_rank: 360/504 (28.8%)
ranking_my_percent: 28.76984126984127
