ConfigName: kjsd__advperagentrankweighted__M4__L24__eps0p03__g0p0005__ds0p05__dm0p05
Problem: NK
Kernel: jsd
Advantage: peragentrankweighted
M: 4
lambda: 24
epsilon_svgd: 0.03
gamma: 0.0005
decay_start_ratio: 0.05
decay_min_factor: 0.05
bandwith_kernel: None
no_interact: False
avg_score: 0.7496468424797058
median_score: 0.7491676211357117
std_score: 0.013530180789530277
percentiles: 2%=0.726901650428772, 5%=0.7281956076622009, 10%=0.7325941324234009, 25%=0.7403853535652161, 50%=0.7491676211357117, 75%=0.7566062211990356, 90%=0.7700532674789429, 95%=0.7724138498306274, 98%=0.7819440960884094
ranking_best_algo: Tabu
ranking_best_score: 0.7657846284375001
ranking_my_rank: 26/504 (95.0%)
ranking_my_percent: 95.03968253968254
