ConfigName: kjsd__advperagentrankweighted__M5__L12__eps0p02__g0p0005__ds0p2__dm0p05
Problem: QUBO
Kernel: jsd
Advantage: peragentrankweighted
M: 5
lambda: 12
epsilon_svgd: 0.02
gamma: 0.0005
decay_start_ratio: 0.2
decay_min_factor: 0.05
bandwith_kernel: None
no_interact: False
avg_score: -2635.659912109375
median_score: -2641.0
std_score: 112.96089935302734
percentiles: 2%=-2892.260009765625, 5%=-2830.050048828125, 10%=-2788.199951171875, 25%=-2704.5, 50%=-2641.0, 75%=-2545.0, 90%=-2494.699951171875, 95%=-2476.949951171875, 98%=-2441.52001953125
ranking_best_algo: DiscreteLengler2OnePlusOne
ranking_best_score: 2617.04
ranking_my_rank: 1/504 (100.0%)
ranking_my_percent: 100.0
