ConfigName: kjsd__advperagentrankweighted__M3__L16__eps0p005__g0p0005__ds0p2__dm0p05
Problem: NK
Kernel: jsd
Advantage: peragentrankweighted
M: 3
lambda: 16
epsilon_svgd: 0.005
gamma: 0.0005
decay_start_ratio: 0.2
decay_min_factor: 0.05
bandwith_kernel: None
no_interact: False
avg_score: 0.7399985790252686
median_score: 0.7395156621932983
std_score: 0.014780903235077858
percentiles: 2%=0.7088387608528137, 5%=0.7176596522331238, 10%=0.7229752540588379, 25%=0.7307291030883789, 50%=0.7395156621932983, 75%=0.7500919103622437, 90%=0.7573556303977966, 95%=0.7639056444168091, 98%=0.7666751742362976
ranking_best_algo: Tabu
ranking_best_score: 0.7601875690625
ranking_my_rank: 15/504 (97.2%)
ranking_my_percent: 97.22222222222223
