ConfigName: kjsd__advperagentrankweighted__M3__L20__eps0p007__g0p0005__ds0p2__dm0p05
Problem: NK
Kernel: jsd
Advantage: peragentrankweighted
M: 3
lambda: 20
epsilon_svgd: 0.007
gamma: 0.0005
decay_start_ratio: 0.2
decay_min_factor: 0.05
bandwith_kernel: None
no_interact: False
avg_score: 0.707124650478363
median_score: 0.7088589072227478
std_score: 0.011892380192875862
percentiles: 2%=0.6870347857475281, 5%=0.6885075569152832, 10%=0.6914871335029602, 25%=0.6957421898841858, 50%=0.7088589072227478, 75%=0.7171530723571777, 90%=0.7209765315055847, 95%=0.7221591472625732, 98%=0.723207414150238
ranking_best_algo: PBIL
ranking_best_score: 0.7013553837109374
ranking_my_rank: 1/504 (100.0%)
ranking_my_percent: 100.0
