ConfigName: kjsd__advperagentrankweighted__M4__L12__eps0p03__g0p0007__ds0p2__dm0p05
Problem: QUBO
Kernel: jsd
Advantage: peragentrankweighted
M: 4
lambda: 12
epsilon_svgd: 0.03
gamma: 0.0007
decay_start_ratio: 0.2
decay_min_factor: 0.05
bandwith_kernel: None
no_interact: False
avg_score: -437.8599853515625
median_score: -442.5
std_score: 29.626008987426758
percentiles: 2%=-490.0400085449219, 5%=-479.1000061035156, 10%=-474.1000061035156, 25%=-460.25, 50%=-442.5, 75%=-420.5, 90%=-396.70001220703125, 95%=-383.75, 98%=-377.79998779296875
ranking_best_algo: CMApara
ranking_best_score: 453.82
ranking_my_rank: 28/504 (94.6%)
ranking_my_percent: 94.64285714285714
