ConfigName: krbf__advnormalizedfitness__M1__L8__eps0p025__g0p015__ds0p01__dm0p3
Problem: NK
Kernel: rbf
Advantage: normalizedfitness
M: 1
lambda: 8
epsilon_svgd: 0.025
gamma: 0.015
decay_start_ratio: 0.01
decay_min_factor: 0.3
bandwith_kernel: None
no_interact: False
avg_score: 0.7492322325706482
median_score: 0.7475353479385376
std_score: 0.013704984448850155
percentiles: 2%=0.7253645062446594, 5%=0.7309032678604126, 10%=0.7343588471412659, 25%=0.7402229309082031, 50%=0.7475353479385376, 75%=0.7561826705932617, 90%=0.7689441442489624, 95%=0.7727989554405212, 98%=0.7821440696716309
ranking_best_algo: Tabu
ranking_best_score: 0.7470791764843752
ranking_my_rank: 1/504 (100.0%)
ranking_my_percent: 100.0
