ConfigName: kjsd__advperagentrankweighted__M3__L18__eps0p01__g0p0007__ds0p1__dm0p05
Problem: QUBO
Kernel: jsd
Advantage: peragentrankweighted
M: 3
lambda: 18
epsilon_svgd: 0.01
gamma: 0.0007
decay_start_ratio: 0.1
decay_min_factor: 0.05
bandwith_kernel: None
no_interact: False
avg_score: -1250.3199462890625
median_score: -1244.0
std_score: 53.21238327026367
percentiles: 2%=-1349.1199951171875, 5%=-1337.3499755859375, 10%=-1324.0999755859375, 25%=-1289.75, 50%=-1244.0, 75%=-1208.5, 90%=-1190.5999755859375, 95%=-1161.8499755859375, 98%=-1152.8399658203125
ranking_best_algo: SVMMetaModelLogNormal
ranking_best_score: 1233.7999999999997
ranking_my_rank: 1/504 (100.0%)
ranking_my_percent: 100.0
