ConfigName: kjsd__advperagentrankweighted__M4__L20__eps0p007__g0p0005__ds0p05__dm0p05
Problem: QUBO
Kernel: jsd
Advantage: peragentrankweighted
M: 4
lambda: 20
epsilon_svgd: 0.007
gamma: 0.0005
decay_start_ratio: 0.05
decay_min_factor: 0.05
bandwith_kernel: None
no_interact: False
avg_score: -424.8999938964844
median_score: -424.5
std_score: 25.762569427490234
percentiles: 2%=-477.0400085449219, 5%=-473.0, 10%=-457.0, 25%=-442.25, 50%=-424.5, 75%=-408.0, 90%=-390.79998779296875, 95%=-380.95001220703125, 98%=-373.9200134277344
ranking_best_algo: CMAL3
ranking_best_score: 435.36
ranking_my_rank: 29/504 (94.4%)
ranking_my_percent: 94.44444444444444
