ConfigName: kjsd__advperagentrankweighted__M5__L10__eps0p01__g0p003__ds0p05__dm0p2
Problem: NK
Kernel: jsd
Advantage: peragentrankweighted
M: 5
lambda: 10
epsilon_svgd: 0.01
gamma: 0.003
decay_start_ratio: 0.05
decay_min_factor: 0.2
bandwith_kernel: None
no_interact: False
avg_score: 0.7507556676864624
median_score: 0.751501202583313
std_score: 0.014464560896158218
percentiles: 2%=0.7233151197433472, 5%=0.7271988391876221, 10%=0.7298685908317566, 25%=0.7411116361618042, 50%=0.751501202583313, 75%=0.7611424922943115, 90%=0.7687081098556519, 95%=0.772260844707489, 98%=0.7761920690536499
ranking_best_algo: Tabu
ranking_best_score: 0.7470791764843752
ranking_my_rank: 1/504 (100.0%)
ranking_my_percent: 100.0
