ConfigName: kjsd__advperagentrankweighted__M3__L18__eps0p005__g0p001__ds0p05__dm0p1
Problem: NK
Kernel: jsd
Advantage: peragentrankweighted
M: 3
lambda: 18
epsilon_svgd: 0.005
gamma: 0.001
decay_start_ratio: 0.05
decay_min_factor: 0.1
bandwith_kernel: None
no_interact: False
avg_score: 0.7078590393066406
median_score: 0.7095261812210083
std_score: 0.011719467118382454
percentiles: 2%=0.6889764070510864, 5%=0.6895574331283569, 10%=0.6923441290855408, 25%=0.696604311466217, 50%=0.7095261812210083, 75%=0.7180544137954712, 90%=0.7219127416610718, 95%=0.724014163017273, 98%=0.7241910099983215
ranking_best_algo: PBIL
ranking_best_score: 0.7013553837109374
ranking_my_rank: 1/504 (100.0%)
ranking_my_percent: 100.0
