ConfigName: krbf__advnormalizedfitness__M3__L8__eps0p033__g0p005__ds0p3__dm0p3
Problem: QUBO
Kernel: rbf
Advantage: normalizedfitness
M: 3
lambda: 8
epsilon_svgd: 0.033
gamma: 0.005
decay_start_ratio: 0.3
decay_min_factor: 0.3
bandwith_kernel: None
no_interact: False
avg_score: -2522.47998046875
median_score: -2517.5
std_score: 128.3539276123047
percentiles: 2%=-2802.06005859375, 5%=-2746.64990234375, 10%=-2691.699951171875, 25%=-2618.0, 50%=-2517.5, 75%=-2422.5, 90%=-2374.0, 95%=-2308.75, 98%=-2280.0
ranking_best_algo: SVM1MetaModelLogNormal
ranking_best_score: 2605.14
ranking_my_rank: 55/504 (89.3%)
ranking_my_percent: 89.28571428571429
