ConfigName: krbf__advnormalizedfitness__M3__L8__eps0p033__g0p005__ds0p15__dm0p3
Problem: QUBO
Kernel: rbf
Advantage: normalizedfitness
M: 3
lambda: 8
epsilon_svgd: 0.033
gamma: 0.005
decay_start_ratio: 0.15
decay_min_factor: 0.3
bandwith_kernel: None
no_interact: False
avg_score: -1218.3800048828125
median_score: -1220.0
std_score: 56.971534729003906
percentiles: 2%=-1323.199951171875, 5%=-1315.0999755859375, 10%=-1286.4000244140625, 25%=-1260.25, 50%=-1220.0, 75%=-1182.5, 90%=-1139.5999755859375, 95%=-1130.9000244140625, 98%=-1111.93994140625
ranking_best_algo: SVMMetaModelLogNormal
ranking_best_score: 1233.7999999999997
ranking_my_rank: 40/504 (92.3%)
ranking_my_percent: 92.26190476190476
