ConfigName: kjsd__advperagentrankweighted__M4__L30__eps0p01__g0p0003__ds0p2__dm0p05
Problem: NK
Kernel: jsd
Advantage: peragentrankweighted
M: 4
lambda: 30
epsilon_svgd: 0.01
gamma: 0.0003
decay_start_ratio: 0.2
decay_min_factor: 0.05
bandwith_kernel: None
no_interact: False
avg_score: 0.7539282441139221
median_score: 0.7553958892822266
std_score: 0.01317633967846632
percentiles: 2%=0.7285575866699219, 5%=0.7318289875984192, 10%=0.7344426512718201, 25%=0.7436318397521973, 50%=0.7553958892822266, 75%=0.7647216320037842, 90%=0.7690331935882568, 95%=0.7713181972503662, 98%=0.778647243976593
ranking_best_algo: Tabu
ranking_best_score: 0.7657846284375001
ranking_my_rank: 9/504 (98.4%)
ranking_my_percent: 98.41269841269842
