ConfigName: krbf__advnormalizedfitness__M4__L8__eps0p033__g0p005__ds0p01__dm0p01
Problem: QUBO
Kernel: rbf
Advantage: normalizedfitness
M: 4
lambda: 8
epsilon_svgd: 0.033
gamma: 0.005
decay_start_ratio: 0.01
decay_min_factor: 0.01
bandwith_kernel: None
no_interact: False
avg_score: -921.5399780273438
median_score: -920.0
std_score: 63.88121032714844
percentiles: 2%=-1056.0400390625, 5%=-1030.3499755859375, 10%=-1012.2999877929688, 25%=-958.0, 50%=-920.0, 75%=-885.0, 90%=-835.0, 95%=-815.0, 98%=-792.9599609375
ranking_best_algo: CMApara
ranking_best_score: 964.9
ranking_my_rank: 58/504 (88.7%)
ranking_my_percent: 88.69047619047619
