ConfigName: krbf__advnormalizedfitness__M2__L10__eps0p015__g0p015__ds0p01__dm0p3
Problem: QUBO
Kernel: rbf
Advantage: normalizedfitness
M: 2
lambda: 10
epsilon_svgd: 0.015
gamma: 0.015
decay_start_ratio: 0.01
decay_min_factor: 0.3
bandwith_kernel: None
no_interact: False
avg_score: -562.1400146484375
median_score: -563.0
std_score: 32.49892807006836
percentiles: 2%=-615.1199951171875, 5%=-610.1500244140625, 10%=-607.0, 25%=-586.25, 50%=-563.0, 75%=-538.0, 90%=-517.0, 95%=-507.75, 98%=-495.8599853515625
ranking_best_algo: Tabu
ranking_best_score: 588.7199999999999
ranking_my_rank: 96/503 (81.1%)
ranking_my_percent: 81.11332007952286
