ConfigName: kjsd__advperagentrankweighted__M3__L16__eps0p01__g0p0005__ds0p2__dm0p1
Problem: QUBO
Kernel: jsd
Advantage: peragentrankweighted
M: 3
lambda: 16
epsilon_svgd: 0.01
gamma: 0.0005
decay_start_ratio: 0.2
decay_min_factor: 0.1
bandwith_kernel: None
no_interact: False
avg_score: -420.94000244140625
median_score: -418.0
std_score: 30.324846267700195
percentiles: 2%=-481.0, 5%=-475.0, 10%=-465.20001220703125, 25%=-444.25, 50%=-418.0, 75%=-402.75, 90%=-384.70001220703125, 95%=-372.0, 98%=-368.739990234375
ranking_best_algo: CMAL3
ranking_best_score: 435.36
ranking_my_rank: 56/504 (89.1%)
ranking_my_percent: 89.08730158730158
