ConfigName: kjsd__advperagentrankweighted__M4__L12__eps0p01__g0p0007__ds0p4__dm0p05
Problem: QUBO
Kernel: jsd
Advantage: peragentrankweighted
M: 4
lambda: 12
epsilon_svgd: 0.01
gamma: 0.0007
decay_start_ratio: 0.4
decay_min_factor: 0.05
bandwith_kernel: None
no_interact: False
avg_score: -1629.0
median_score: -1625.5
std_score: 52.72930908203125
percentiles: 2%=-1726.300048828125, 5%=-1714.4000244140625, 10%=-1695.0999755859375, 25%=-1669.25, 50%=-1625.5, 75%=-1589.25, 90%=-1569.800048828125, 95%=-1544.9000244140625, 98%=-1534.760009765625
ranking_best_algo: NLOPT_LN_PRAXIS
ranking_best_score: 1607.12
ranking_my_rank: 1/504 (100.0%)
ranking_my_percent: 100.0
