ConfigName: krbf__advnormalizedfitness__M3__L12__eps0p015__g0p007__ds0p15__dm0p01
Problem: NK
Kernel: rbf
Advantage: normalizedfitness
M: 3
lambda: 12
epsilon_svgd: 0.015
gamma: 0.007
decay_start_ratio: 0.15
decay_min_factor: 0.01
bandwith_kernel: None
no_interact: False
avg_score: 0.7453180551528931
median_score: 0.7423104643821716
std_score: 0.02796109952032566
percentiles: 2%=0.7070299983024597, 5%=0.7091895937919617, 10%=0.7105557918548584, 25%=0.7227901816368103, 50%=0.7423104643821716, 75%=0.7601335048675537, 90%=0.7770731449127197, 95%=0.8074495792388916, 98%=0.8104748129844666
ranking_best_algo: CMApara
ranking_best_score: 0.7459277895312499
ranking_my_rank: 2/504 (99.8%)
ranking_my_percent: 99.8015873015873
