ConfigName: kjsd__advperagentrankweighted__M3__L20__eps0p007__g0p0007__ds0p2__dm0p1
Problem: QUBO
Kernel: jsd
Advantage: peragentrankweighted
M: 3
lambda: 20
epsilon_svgd: 0.007
gamma: 0.0007
decay_start_ratio: 0.2
decay_min_factor: 0.1
bandwith_kernel: None
no_interact: False
avg_score: -574.2000122070312
median_score: -573.5
std_score: 30.746706008911133
percentiles: 2%=-635.0399780273438, 5%=-623.2999877929688, 10%=-616.0999755859375, 25%=-596.0, 50%=-573.5, 75%=-555.5, 90%=-527.7999877929688, 95%=-519.9000244140625, 98%=-516.9400024414062
ranking_best_algo: Tabu
ranking_best_score: 588.7199999999999
ranking_my_rank: 57/503 (88.9%)
ranking_my_percent: 88.86679920477137
