ConfigName: krbf__advnormalizedfitness__M2__L8__eps0p015__g0p007__ds0p01__dm0p01
Problem: QUBO
Kernel: rbf
Advantage: normalizedfitness
M: 2
lambda: 8
epsilon_svgd: 0.015
gamma: 0.007
decay_start_ratio: 0.01
decay_min_factor: 0.01
bandwith_kernel: None
no_interact: False
avg_score: -1291.219970703125
median_score: -1282.5
std_score: 57.40741729736328
percentiles: 2%=-1407.02001953125, 5%=-1386.449951171875, 10%=-1377.0999755859375, 25%=-1331.25, 50%=-1282.5, 75%=-1254.5, 90%=-1215.699951171875, 95%=-1200.9000244140625, 98%=-1192.9599609375
ranking_best_algo: BigLognormalDiscreteOnePlusOne
ranking_best_score: 1301.3600000000004
ranking_my_rank: 2/504 (99.8%)
ranking_my_percent: 99.8015873015873
