ConfigName: krbf__advnormalizedfitness__M3__L10__eps0p015__g0p007__ds0p15__dm0p01
Problem: QUBO
Kernel: rbf
Advantage: normalizedfitness
M: 3
lambda: 10
epsilon_svgd: 0.015
gamma: 0.007
decay_start_ratio: 0.15
decay_min_factor: 0.01
bandwith_kernel: None
no_interact: False
avg_score: -1180.1199951171875
median_score: -1180.0
std_score: 59.882266998291016
percentiles: 2%=-1300.199951171875, 5%=-1271.1500244140625, 10%=-1257.5999755859375, 25%=-1212.75, 50%=-1180.0, 75%=-1141.75, 90%=-1113.300048828125, 95%=-1088.300048828125, 98%=-1064.8199462890625
ranking_best_algo: Tabu
ranking_best_score: 1216.16
ranking_my_rank: 70/504 (86.3%)
ranking_my_percent: 86.30952380952381
