ConfigName: kjsd__advperagentrankweighted__M4__L20__eps0p005__g0p0005__ds0p05__dm0p1
Problem: QUBO
Kernel: jsd
Advantage: peragentrankweighted
M: 4
lambda: 20
epsilon_svgd: 0.005
gamma: 0.0005
decay_start_ratio: 0.05
decay_min_factor: 0.1
bandwith_kernel: None
no_interact: False
avg_score: -418.44000244140625
median_score: -421.0
std_score: 23.161312103271484
percentiles: 2%=-469.0, 5%=-454.0, 10%=-443.1000061035156, 25%=-433.25, 50%=-421.0, 75%=-408.0, 90%=-389.79998779296875, 95%=-381.70001220703125, 98%=-365.79998779296875
ranking_best_algo: Tabu
ranking_best_score: 438.12
ranking_my_rank: 37/504 (92.9%)
ranking_my_percent: 92.85714285714286
