ConfigName: kjsd__advperagentrankweighted__M3__L16__eps0p007__g0p0005__ds0p1__dm0p2
Problem: QUBO
Kernel: jsd
Advantage: peragentrankweighted
M: 3
lambda: 16
epsilon_svgd: 0.007
gamma: 0.0005
decay_start_ratio: 0.1
decay_min_factor: 0.2
bandwith_kernel: None
no_interact: False
avg_score: -2595.1201171875
median_score: -2585.5
std_score: 110.41949462890625
percentiles: 2%=-2824.3798828125, 5%=-2751.75, 10%=-2740.10009765625, 25%=-2677.5, 50%=-2585.5, 75%=-2511.25, 90%=-2455.89990234375, 95%=-2434.699951171875, 98%=-2403.06005859375
ranking_best_algo: SVM1MetaModelLogNormal
ranking_best_score: 2605.14
ranking_my_rank: 10/504 (98.2%)
ranking_my_percent: 98.21428571428571
