ConfigName: krbf__advnormalizedfitness__M3__L10__eps0p015__g0p01__ds0p15__dm0p3
Problem: QUBO
Kernel: rbf
Advantage: normalizedfitness
M: 3
lambda: 10
epsilon_svgd: 0.015
gamma: 0.01
decay_start_ratio: 0.15
decay_min_factor: 0.3
bandwith_kernel: None
no_interact: False
avg_score: -330.32000732421875
median_score: -334.0
std_score: 19.389110565185547
percentiles: 2%=-357.29998779296875, 5%=-354.0, 10%=-350.0, 25%=-343.0, 50%=-334.0, 75%=-319.5, 90%=-301.4000244140625, 95%=-292.95001220703125, 98%=-285.91998291015625
ranking_best_algo: CMApara
ranking_best_score: 344.22
ranking_my_rank: 79/504 (84.5%)
ranking_my_percent: 84.52380952380952
