ConfigName: krbf__advnormalizedfitness__M4__L8__eps0p015__g0p01__ds0p15__dm0p01
Problem: NK
Kernel: rbf
Advantage: normalizedfitness
M: 4
lambda: 8
epsilon_svgd: 0.015
gamma: 0.01
decay_start_ratio: 0.15
decay_min_factor: 0.01
bandwith_kernel: None
no_interact: False
avg_score: 0.5876685976982117
median_score: 0.5855680704116821
std_score: 0.010523166507482529
percentiles: 2%=0.571673572063446, 5%=0.5725545883178711, 10%=0.5758163928985596, 25%=0.5790984630584717, 50%=0.5855680704116821, 75%=0.5928015112876892, 90%=0.6033851504325867, 95%=0.6096318960189819, 98%=0.6104401350021362
ranking_best_algo: PBIL
ranking_best_score: 0.7170882103515624
ranking_my_rank: 370/504 (26.8%)
ranking_my_percent: 26.785714285714285
