ConfigName: krbf__advnormalizedfitness__M1__L10__eps0p015__g0p007__ds0p15__dm0p3
Problem: QUBO
Kernel: rbf
Advantage: normalizedfitness
M: 1
lambda: 10
epsilon_svgd: 0.015
gamma: 0.007
decay_start_ratio: 0.15
decay_min_factor: 0.3
bandwith_kernel: None
no_interact: False
avg_score: -298.82000732421875
median_score: -290.0
std_score: 39.47515106201172
percentiles: 2%=-388.0, 5%=-378.0, 10%=-349.79998779296875, 25%=-324.0, 50%=-290.0, 75%=-267.0, 90%=-257.0, 95%=-245.90000915527344, 98%=-242.8999786376953
ranking_best_algo: CMApara
ranking_best_score: 319.29999999999995
ranking_my_rank: 237/504 (53.2%)
ranking_my_percent: 53.17460317460318
