ConfigName: krbf__advnormalizedfitness__M3__L8__eps0p015__g0p005__ds0p01__dm0p3
Problem: NK
Kernel: rbf
Advantage: normalizedfitness
M: 3
lambda: 8
epsilon_svgd: 0.015
gamma: 0.005
decay_start_ratio: 0.01
decay_min_factor: 0.3
bandwith_kernel: None
no_interact: False
avg_score: 0.7102935910224915
median_score: 0.71135413646698
std_score: 0.015219395980238914
percentiles: 2%=0.6718454360961914, 5%=0.6732632517814636, 10%=0.6949033737182617, 25%=0.70726078748703, 50%=0.71135413646698, 75%=0.7182973623275757, 90%=0.7254832983016968, 95%=0.7322569489479065, 98%=0.7328444719314575
ranking_best_algo: CMApara
ranking_best_score: 0.707475975
ranking_my_rank: 1/504 (100.0%)
ranking_my_percent: 100.0
