ConfigName: kjsd__advperagentrankweighted__M3__L24__eps0p007__g0p001__ds0p05__dm0p1
Problem: NK
Kernel: jsd
Advantage: peragentrankweighted
M: 3
lambda: 24
epsilon_svgd: 0.007
gamma: 0.001
decay_start_ratio: 0.05
decay_min_factor: 0.1
bandwith_kernel: None
no_interact: False
avg_score: 0.7107184529304504
median_score: 0.7113044261932373
std_score: 0.015232053585350513
percentiles: 2%=0.672441840171814, 5%=0.673422634601593, 10%=0.697219729423523, 25%=0.7074204683303833, 50%=0.7113044261932373, 75%=0.7196811437606812, 90%=0.7250532507896423, 95%=0.7328460216522217, 98%=0.7333177328109741
ranking_best_algo: CMApara
ranking_best_score: 0.707475975
ranking_my_rank: 1/504 (100.0%)
ranking_my_percent: 100.0
