ConfigName: kfr__advglobalrankweighted__M2__L10__eps0p01__g0p007__ds0p01__dm0p01
Problem: QUBO
Kernel: fr
Advantage: globalrankweighted
M: 2
lambda: 10
epsilon_svgd: 0.01
gamma: 0.007
decay_start_ratio: 0.01
decay_min_factor: 0.01
bandwith_kernel: None
no_interact: False
avg_score: -322.260009765625
median_score: -326.0
std_score: 23.557003021240234
percentiles: 2%=-357.0, 5%=-354.0, 10%=-349.1000061035156, 25%=-340.0, 50%=-326.0, 75%=-301.5, 90%=-289.6000061035156, 95%=-278.95001220703125, 98%=-269.97998046875
ranking_best_algo: CMApara
ranking_best_score: 344.22
ranking_my_rank: 142/504 (72.0%)
ranking_my_percent: 72.02380952380952
