ConfigName: kjsd__advperagentrankweighted__M3__L20__eps0p005__g0p0007__ds0p05__dm0p1
Problem: NK
Kernel: jsd
Advantage: peragentrankweighted
M: 3
lambda: 20
epsilon_svgd: 0.005
gamma: 0.0007
decay_start_ratio: 0.05
decay_min_factor: 0.1
bandwith_kernel: None
no_interact: False
avg_score: 0.741374135017395
median_score: 0.7405465841293335
std_score: 0.015508950687944889
percentiles: 2%=0.7128450870513916, 5%=0.7205207347869873, 10%=0.7259089350700378, 25%=0.7303548455238342, 50%=0.7405465841293335, 75%=0.7497645616531372, 90%=0.7590020298957825, 95%=0.7654911875724792, 98%=0.7733520865440369
ranking_best_algo: Tabu
ranking_best_score: 0.7601875690625
ranking_my_rank: 12/504 (97.8%)
ranking_my_percent: 97.81746031746032
