ConfigName: krbf__advnormalizedfitness__M1__L8__eps0p015__g0p015__ds0p3__dm0p01
Problem: QUBO
Kernel: rbf
Advantage: normalizedfitness
M: 1
lambda: 8
epsilon_svgd: 0.015
gamma: 0.015
decay_start_ratio: 0.3
decay_min_factor: 0.01
bandwith_kernel: None
no_interact: False
avg_score: -1234.8199462890625
median_score: -1233.0
std_score: 76.87202453613281
percentiles: 2%=-1352.1400146484375, 5%=-1342.1500244140625, 10%=-1321.5, 25%=-1286.5, 50%=-1233.0, 75%=-1198.0, 90%=-1168.5999755859375, 95%=-1144.4000244140625, 98%=-1110.8800048828125
ranking_best_algo: SVMMetaModelLogNormal
ranking_best_score: 1233.7999999999997
ranking_my_rank: 1/504 (100.0%)
ranking_my_percent: 100.0
