ConfigName: krbf__advnormalizedfitness__M4__L12__eps0p033__g0p01__ds0p01__dm0p01
Problem: QUBO
Kernel: rbf
Advantage: normalizedfitness
M: 4
lambda: 12
epsilon_svgd: 0.033
gamma: 0.01
decay_start_ratio: 0.01
decay_min_factor: 0.01
bandwith_kernel: None
no_interact: False
avg_score: -335.17999267578125
median_score: -340.0
std_score: 17.85406494140625
percentiles: 2%=-372.0, 5%=-357.45001220703125, 10%=-354.0, 25%=-346.0, 50%=-340.0, 75%=-326.0, 90%=-308.0, 95%=-297.70001220703125, 98%=-290.0
ranking_best_algo: CMApara
ranking_best_score: 344.22
ranking_my_rank: 58/504 (88.7%)
ranking_my_percent: 88.69047619047619
