ConfigName: krbf__advnormalizedfitness__M3__L8__eps0p015__g0p01__ds0p15__dm0p01
Problem: QUBO
Kernel: rbf
Advantage: normalizedfitness
M: 3
lambda: 8
epsilon_svgd: 0.015
gamma: 0.01
decay_start_ratio: 0.15
decay_min_factor: 0.01
bandwith_kernel: None
no_interact: False
avg_score: -1173.800048828125
median_score: -1168.5
std_score: 66.24182891845703
percentiles: 2%=-1341.0, 5%=-1298.199951171875, 10%=-1249.0, 25%=-1207.25, 50%=-1168.5, 75%=-1140.75, 90%=-1085.699951171875, 95%=-1066.8499755859375, 98%=-1057.699951171875
ranking_best_algo: Tabu
ranking_best_score: 1216.16
ranking_my_rank: 84/504 (83.5%)
ranking_my_percent: 83.53174603174604
