ConfigName: kjsd__advperagentrankweighted__M5__L8__eps0p01__g0p0005__ds0p05__dm0p2
Problem: NK
Kernel: jsd
Advantage: peragentrankweighted
M: 5
lambda: 8
epsilon_svgd: 0.01
gamma: 0.0005
decay_start_ratio: 0.05
decay_min_factor: 0.2
bandwith_kernel: None
no_interact: False
avg_score: 0.7518765330314636
median_score: 0.749001145362854
std_score: 0.013704483397305012
percentiles: 2%=0.7278715968132019, 5%=0.7315440773963928, 10%=0.735866904258728, 25%=0.7432309985160828, 50%=0.749001145362854, 75%=0.761110782623291, 90%=0.7692258954048157, 95%=0.7761550545692444, 98%=0.7823215126991272
ranking_best_algo: Tabu
ranking_best_score: 0.7657846284375001
ranking_my_rank: 14/504 (97.4%)
ranking_my_percent: 97.42063492063492
