ConfigName: kjsd__advperagentrankweighted__M3__L20__eps0p007__g0p0005__ds0p05__dm0p1
Problem: NK
Kernel: jsd
Advantage: peragentrankweighted
M: 3
lambda: 20
epsilon_svgd: 0.007
gamma: 0.0005
decay_start_ratio: 0.05
decay_min_factor: 0.1
bandwith_kernel: None
no_interact: False
avg_score: 0.7325975894927979
median_score: 0.7329658269882202
std_score: 0.01024143397808075
percentiles: 2%=0.7147814035415649, 5%=0.7163228392601013, 10%=0.7182431221008301, 25%=0.7240487337112427, 50%=0.7329658269882202, 75%=0.7402716279029846, 90%=0.7466504573822021, 95%=0.7489383220672607, 98%=0.7521283030509949
ranking_best_algo: Tabu
ranking_best_score: 0.7429702712499999
ranking_my_rank: 2/504 (99.8%)
ranking_my_percent: 99.8015873015873
