ConfigName: kjsd__advperagentrankweighted__M3__L16__eps0p005__g0p001__ds0p1__dm0p2
Problem: QUBO
Kernel: jsd
Advantage: peragentrankweighted
M: 3
lambda: 16
epsilon_svgd: 0.005
gamma: 0.001
decay_start_ratio: 0.1
decay_min_factor: 0.2
bandwith_kernel: None
no_interact: False
avg_score: -440.1600036621094
median_score: -441.0
std_score: 25.654909133911133
percentiles: 2%=-483.29998779296875, 5%=-479.0, 10%=-471.0, 25%=-459.0, 50%=-441.0, 75%=-417.0, 90%=-404.79998779296875, 95%=-399.95001220703125, 98%=-392.8999938964844
ranking_best_algo: CMApara
ranking_best_score: 453.82
ranking_my_rank: 15/504 (97.2%)
ranking_my_percent: 97.22222222222223
