ConfigName: kjsd__advperagentrankweighted__M3__L20__eps0p005__g0p001__ds0p05__dm0p05
Problem: QUBO
Kernel: jsd
Advantage: peragentrankweighted
M: 3
lambda: 20
epsilon_svgd: 0.005
gamma: 0.001
decay_start_ratio: 0.05
decay_min_factor: 0.05
bandwith_kernel: None
no_interact: False
avg_score: -1229.5999755859375
median_score: -1223.5
std_score: 64.2649154663086
percentiles: 2%=-1357.8199462890625, 5%=-1344.25, 10%=-1320.300048828125, 25%=-1270.25, 50%=-1223.5, 75%=-1183.0, 90%=-1154.5, 95%=-1139.5999755859375, 98%=-1117.699951171875
ranking_best_algo: SVMMetaModelLogNormal
ranking_best_score: 1233.7999999999997
ranking_my_rank: 12/504 (97.8%)
ranking_my_percent: 97.81746031746032
