ConfigName: krbf__advnormalizedfitness__M4__L8__eps0p025__g0p007__ds0p15__dm0p3
Problem: QUBO
Kernel: rbf
Advantage: normalizedfitness
M: 4
lambda: 8
epsilon_svgd: 0.025
gamma: 0.007
decay_start_ratio: 0.15
decay_min_factor: 0.3
bandwith_kernel: None
no_interact: False
avg_score: -139.33999633789062
median_score: -140.0
std_score: 11.200196266174316
percentiles: 2%=-158.02000427246094, 5%=-157.0, 10%=-155.10000610351562, 25%=-146.25, 50%=-140.0, 75%=-129.0, 90%=-125.0, 95%=-123.0, 98%=-118.95999145507812
ranking_best_algo: DiscreteDE
ranking_best_score: 143.4
ranking_my_rank: 86/504 (83.1%)
ranking_my_percent: 83.13492063492063
