ConfigName: kjsd__advperagentrankweighted__M4__L8__eps0p02__g0p0005__ds0p05__dm0p05
Problem: QUBO
Kernel: jsd
Advantage: peragentrankweighted
M: 4
lambda: 8
epsilon_svgd: 0.02
gamma: 0.0005
decay_start_ratio: 0.05
decay_min_factor: 0.05
bandwith_kernel: None
no_interact: False
avg_score: -137.66000366210938
median_score: -139.0
std_score: 12.241094589233398
percentiles: 2%=-158.02000427246094, 5%=-156.0, 10%=-153.10000610351562, 25%=-146.0, 50%=-139.0, 75%=-129.0, 90%=-120.80000305175781, 95%=-116.9000015258789, 98%=-110.94000244140625
ranking_best_algo: DiscreteDE
ranking_best_score: 143.4
ranking_my_rank: 118/504 (76.8%)
ranking_my_percent: 76.78571428571429
