ConfigName: krbf__advnormalizedfitness__M3__L15__eps0p015__g0p005__ds0p01__dm0p3
Problem: NK
Kernel: rbf
Advantage: normalizedfitness
M: 3
lambda: 15
epsilon_svgd: 0.015
gamma: 0.005
decay_start_ratio: 0.01
decay_min_factor: 0.3
bandwith_kernel: None
no_interact: False
avg_score: 0.7454981803894043
median_score: 0.7446781396865845
std_score: 0.015805913135409355
percentiles: 2%=0.7132065892219543, 5%=0.7163119316101074, 10%=0.7226642966270447, 25%=0.7367092967033386, 50%=0.7446781396865845, 75%=0.7581931948661804, 90%=0.766119122505188, 95%=0.7686401605606079, 98%=0.7711303234100342
ranking_best_algo: Tabu
ranking_best_score: 0.7470791764843752
ranking_my_rank: 3/504 (99.6%)
ranking_my_percent: 99.60317460317461
