ConfigName: krbf__advnormalizedfitness__M3__L12__eps0p033__g0p007__ds0p01__dm0p3
Problem: QUBO
Kernel: rbf
Advantage: normalizedfitness
M: 3
lambda: 12
epsilon_svgd: 0.033
gamma: 0.007
decay_start_ratio: 0.01
decay_min_factor: 0.3
bandwith_kernel: None
no_interact: False
avg_score: -139.74000549316406
median_score: -141.0
std_score: 10.989649772644043
percentiles: 2%=-160.02000427246094, 5%=-159.0500030517578, 10%=-156.0, 25%=-146.0, 50%=-141.0, 75%=-130.75, 90%=-126.80000305175781, 95%=-121.0, 98%=-119.0
ranking_best_algo: DiscreteDE
ranking_best_score: 143.4
ranking_my_rank: 83/504 (83.7%)
ranking_my_percent: 83.73015873015873
