ConfigName: kjsd__advperagentrankweighted__M4__L8__eps0p01__g0p0007__ds0p2__dm0p05
Problem: QUBO
Kernel: jsd
Advantage: peragentrankweighted
M: 4
lambda: 8
epsilon_svgd: 0.01
gamma: 0.0007
decay_start_ratio: 0.2
decay_min_factor: 0.05
bandwith_kernel: None
no_interact: False
avg_score: -1300.52001953125
median_score: -1297.0
std_score: 56.91703796386719
percentiles: 2%=-1407.219970703125, 5%=-1390.25, 10%=-1381.300048828125, 25%=-1344.0, 50%=-1297.0, 75%=-1259.0, 90%=-1231.9000244140625, 95%=-1220.75, 98%=-1196.52001953125
ranking_best_algo: BigLognormalDiscreteOnePlusOne
ranking_best_score: 1301.3600000000004
ranking_my_rank: 2/504 (99.8%)
ranking_my_percent: 99.8015873015873
