ConfigName: kjsd__advperagentrankweighted__M3__L16__eps0p005__g0p001__ds0p2__dm0p05
Problem: QUBO
Kernel: jsd
Advantage: peragentrankweighted
M: 3
lambda: 16
epsilon_svgd: 0.005
gamma: 0.001
decay_start_ratio: 0.2
decay_min_factor: 0.05
bandwith_kernel: None
no_interact: False
avg_score: -1245.260009765625
median_score: -1238.0
std_score: 59.64823913574219
percentiles: 2%=-1352.0999755859375, 5%=-1348.050048828125, 10%=-1325.699951171875, 25%=-1291.5, 50%=-1238.0, 75%=-1200.75, 90%=-1170.800048828125, 95%=-1152.949951171875, 98%=-1147.9000244140625
ranking_best_algo: SVMMetaModelLogNormal
ranking_best_score: 1233.7999999999997
ranking_my_rank: 1/504 (100.0%)
ranking_my_percent: 100.0
