ConfigName: kjsd__advperagentrankweighted__M5__L8__eps0p01__g0p003__ds0p05__dm0p05
Problem: NK
Kernel: jsd
Advantage: peragentrankweighted
M: 5
lambda: 8
epsilon_svgd: 0.01
gamma: 0.003
decay_start_ratio: 0.05
decay_min_factor: 0.05
bandwith_kernel: None
no_interact: False
avg_score: 0.7109480500221252
median_score: 0.7114142179489136
std_score: 0.01523551344871521
percentiles: 2%=0.6727622747421265, 5%=0.6739691495895386, 10%=0.6972984075546265, 25%=0.707679033279419, 50%=0.7114142179489136, 75%=0.7200751304626465, 90%=0.7255674004554749, 95%=0.7332538366317749, 98%=0.7334689497947693
ranking_best_algo: CMApara
ranking_best_score: 0.707475975
ranking_my_rank: 1/504 (100.0%)
ranking_my_percent: 100.0
