ConfigName: krbf__advnormalizedfitness__M2__L10__eps0p025__g0p005__ds0p3__dm0p3
Problem: QUBO
Kernel: rbf
Advantage: normalizedfitness
M: 2
lambda: 10
epsilon_svgd: 0.025
gamma: 0.005
decay_start_ratio: 0.3
decay_min_factor: 0.3
bandwith_kernel: None
no_interact: False
avg_score: -2565.4599609375
median_score: -2555.0
std_score: 120.60243225097656
percentiles: 2%=-2809.139892578125, 5%=-2761.050048828125, 10%=-2710.10009765625, 25%=-2650.25, 50%=-2555.0, 75%=-2477.75, 90%=-2417.5, 95%=-2385.35009765625, 98%=-2355.52001953125
ranking_best_algo: SVM1MetaModelLogNormal
ranking_best_score: 2605.14
ranking_my_rank: 15/504 (97.2%)
ranking_my_percent: 97.22222222222223
