ConfigName: kjsd__advperagentrankweighted__M3__L16__eps0p007__g0p003__ds0p1__dm0p1
Problem: QUBO
Kernel: jsd
Advantage: peragentrankweighted
M: 3
lambda: 16
epsilon_svgd: 0.007
gamma: 0.003
decay_start_ratio: 0.1
decay_min_factor: 0.1
bandwith_kernel: None
no_interact: False
avg_score: -428.0799865722656
median_score: -426.5
std_score: 29.84281349182129
percentiles: 2%=-483.0400085449219, 5%=-481.0, 10%=-473.20001220703125, 25%=-448.5, 50%=-426.5, 75%=-407.0, 90%=-390.79998779296875, 95%=-380.95001220703125, 98%=-371.9200134277344
ranking_best_algo: CMAL3
ranking_best_score: 435.36
ranking_my_rank: 15/504 (97.2%)
ranking_my_percent: 97.22222222222223
