ConfigName: kjsd__advperagentrankweighted__M3__L24__eps0p007__g0p001__ds0p2__dm0p1
Problem: QUBO
Kernel: jsd
Advantage: peragentrankweighted
M: 3
lambda: 24
epsilon_svgd: 0.007
gamma: 0.001
decay_start_ratio: 0.2
decay_min_factor: 0.1
bandwith_kernel: None
no_interact: False
avg_score: -1188.8399658203125
median_score: -1190.0
std_score: 67.5298080444336
percentiles: 2%=-1349.1600341796875, 5%=-1319.0999755859375, 10%=-1257.199951171875, 25%=-1226.25, 50%=-1190.0, 75%=-1145.75, 90%=-1101.0, 95%=-1072.949951171875, 98%=-1058.739990234375
ranking_best_algo: Tabu
ranking_best_score: 1216.16
ranking_my_rank: 61/504 (88.1%)
ranking_my_percent: 88.0952380952381
