ConfigName: krbf__advnormalizedfitness__M3__L8__eps0p015__g0p015__ds0p01__dm0p3
Problem: NK
Kernel: rbf
Advantage: normalizedfitness
M: 3
lambda: 8
epsilon_svgd: 0.015
gamma: 0.015
decay_start_ratio: 0.01
decay_min_factor: 0.3
bandwith_kernel: None
no_interact: False
avg_score: 0.7074148058891296
median_score: 0.7079647183418274
std_score: 0.01524102222174406
percentiles: 2%=0.6678536534309387, 5%=0.6704464554786682, 10%=0.6939871311187744, 25%=0.7032027244567871, 50%=0.7079647183418274, 75%=0.7169893980026245, 90%=0.7243200540542603, 95%=0.7281582951545715, 98%=0.7300078868865967
ranking_best_algo: CMApara
ranking_best_score: 0.707475975
ranking_my_rank: 2/504 (99.8%)
ranking_my_percent: 99.8015873015873
