ConfigName: krbf__advnormalizedfitness__M4__L10__eps0p033__g0p007__ds0p01__dm0p3
Problem: NK
Kernel: rbf
Advantage: normalizedfitness
M: 4
lambda: 10
epsilon_svgd: 0.033
gamma: 0.007
decay_start_ratio: 0.01
decay_min_factor: 0.3
bandwith_kernel: None
no_interact: False
avg_score: 0.7104833722114563
median_score: 0.7113052606582642
std_score: 0.015107967890799046
percentiles: 2%=0.6717967987060547, 5%=0.6737491488456726, 10%=0.6976176500320435, 25%=0.706760048866272, 50%=0.7113052606582642, 75%=0.7183814644813538, 90%=0.7254517674446106, 95%=0.7326623201370239, 98%=0.7334023714065552
ranking_best_algo: CMApara
ranking_best_score: 0.707475975
ranking_my_rank: 1/504 (100.0%)
ranking_my_percent: 100.0
