ConfigName: kjsd__advperagentrankweighted__M3__L18__eps0p005__g0p003__ds0p2__dm0p2
Problem: NK
Kernel: jsd
Advantage: peragentrankweighted
M: 3
lambda: 18
epsilon_svgd: 0.005
gamma: 0.003
decay_start_ratio: 0.2
decay_min_factor: 0.2
bandwith_kernel: None
no_interact: False
avg_score: 0.579452395439148
median_score: 0.5782578587532043
std_score: 0.006782003212720156
percentiles: 2%=0.5694930553436279, 5%=0.5715271234512329, 10%=0.5722651481628418, 25%=0.5750517845153809, 50%=0.5782578587532043, 75%=0.582968533039093, 90%=0.5871628522872925, 95%=0.5919401049613953, 98%=0.5965675711631775
ranking_best_algo: PBIL
ranking_best_score: 0.7170882103515624
ranking_my_rank: 385/504 (23.8%)
ranking_my_percent: 23.80952380952381
