ConfigName: kjsd__advperagentrankweighted__M4__L8__eps0p005__g0p003__ds0p05__dm0p05
Problem: QUBO
Kernel: jsd
Advantage: peragentrankweighted
M: 4
lambda: 8
epsilon_svgd: 0.005
gamma: 0.003
decay_start_ratio: 0.05
decay_min_factor: 0.05
bandwith_kernel: None
no_interact: False
avg_score: -2508.8798828125
median_score: -2498.5
std_score: 139.89447021484375
percentiles: 2%=-2782.760009765625, 5%=-2744.300048828125, 10%=-2723.300048828125, 25%=-2579.0, 50%=-2498.5, 75%=-2419.5, 90%=-2343.800048828125, 95%=-2306.5, 98%=-2269.679931640625
ranking_best_algo: DiscreteLengler2OnePlusOne
ranking_best_score: 2617.04
ranking_my_rank: 65/504 (87.3%)
ranking_my_percent: 87.3015873015873
