ConfigName: krbf__advnormalizedfitness__M3__L15__eps0p033__g0p01__ds0p15__dm0p01
Problem: NK
Kernel: rbf
Advantage: normalizedfitness
M: 3
lambda: 15
epsilon_svgd: 0.033
gamma: 0.01
decay_start_ratio: 0.15
decay_min_factor: 0.01
bandwith_kernel: None
no_interact: False
avg_score: 0.7562697529792786
median_score: 0.7570779323577881
std_score: 0.012475462630391121
percentiles: 2%=0.7342460751533508, 5%=0.7346506118774414, 10%=0.7371246814727783, 25%=0.747844934463501, 50%=0.7570779323577881, 75%=0.7636941075325012, 90%=0.7732870578765869, 95%=0.7787129878997803, 98%=0.7796866297721863
ranking_best_algo: Tabu
ranking_best_score: 0.7470791764843752
ranking_my_rank: 1/504 (100.0%)
ranking_my_percent: 100.0
