ConfigName: kjsd__advperagentrankweighted__M3__L20__eps0p005__g0p003__ds0p05__dm0p1
Problem: QUBO
Kernel: jsd
Advantage: peragentrankweighted
M: 3
lambda: 20
epsilon_svgd: 0.005
gamma: 0.003
decay_start_ratio: 0.05
decay_min_factor: 0.1
bandwith_kernel: None
no_interact: False
avg_score: -2054.4599609375
median_score: -2046.5
std_score: 169.22018432617188
percentiles: 2%=-2400.320068359375, 5%=-2333.199951171875, 10%=-2247.0, 25%=-2188.75, 50%=-2046.5, 75%=-1925.5, 90%=-1816.699951171875, 95%=-1773.5999755859375, 98%=-1753.699951171875
ranking_best_algo: SVM1MetaModelLogNormal
ranking_best_score: 2605.14
ranking_my_rank: 245/504 (51.6%)
ranking_my_percent: 51.58730158730159
