ConfigName: kjsd__advperagentrankweighted__M3__L16__eps0p01__g0p003__ds0p05__dm0p05
Problem: NK
Kernel: jsd
Advantage: peragentrankweighted
M: 3
lambda: 16
epsilon_svgd: 0.01
gamma: 0.003
decay_start_ratio: 0.05
decay_min_factor: 0.05
bandwith_kernel: None
no_interact: False
avg_score: 0.7108170390129089
median_score: 0.7115734815597534
std_score: 0.015078411437571049
percentiles: 2%=0.6721829175949097, 5%=0.6737521290779114, 10%=0.6972774863243103, 25%=0.7074859738349915, 50%=0.7115734815597534, 75%=0.7194530963897705, 90%=0.7253579497337341, 95%=0.7319783568382263, 98%=0.7323481440544128
ranking_best_algo: CMApara
ranking_best_score: 0.707475975
ranking_my_rank: 1/504 (100.0%)
ranking_my_percent: 100.0
