ConfigName: krbf__advnormalizedfitness__M3__L15__eps0p025__g0p005__ds0p15__dm0p3
Problem: NK
Kernel: rbf
Advantage: normalizedfitness
M: 3
lambda: 15
epsilon_svgd: 0.025
gamma: 0.005
decay_start_ratio: 0.15
decay_min_factor: 0.3
bandwith_kernel: None
no_interact: False
avg_score: 0.7525158524513245
median_score: 0.7518633604049683
std_score: 0.01317409984767437
percentiles: 2%=0.7293040156364441, 5%=0.7320849895477295, 10%=0.7341477274894714, 25%=0.7431465983390808, 50%=0.7518633604049683, 75%=0.763359785079956, 90%=0.7696568369865417, 95%=0.7719596028327942, 98%=0.7799085378646851
ranking_best_algo: Tabu
ranking_best_score: 0.7657846284375001
ranking_my_rank: 10/504 (98.2%)
ranking_my_percent: 98.21428571428571
