ConfigName: kjsd__advperagentrankweighted__M6__L12__eps0p008__g0p0005__ds0p3__dm0p05
Problem: QUBO
Kernel: jsd
Advantage: peragentrankweighted
M: 6
lambda: 12
epsilon_svgd: 0.008
gamma: 0.0005
decay_start_ratio: 0.3
decay_min_factor: 0.05
bandwith_kernel: None
no_interact: False
avg_score: -3259.639892578125
median_score: -3256.0
std_score: 127.96980285644531
percentiles: 2%=-3514.1201171875, 5%=-3454.85009765625, 10%=-3407.89990234375, 25%=-3359.5, 50%=-3256.0, 75%=-3168.75, 90%=-3100.60009765625, 95%=-3060.64990234375, 98%=-3009.340087890625
ranking_best_algo: RLSOnePlusOne
ranking_best_score: 3316.5199999999995
ranking_my_rank: 39/504 (92.5%)
ranking_my_percent: 92.46031746031746
