ConfigName: krbf__advnormalizedfitness__M4__L15__eps0p025__g0p01__ds0p3__dm0p01
Problem: QUBO
Kernel: rbf
Advantage: normalizedfitness
M: 4
lambda: 15
epsilon_svgd: 0.025
gamma: 0.01
decay_start_ratio: 0.3
decay_min_factor: 0.01
bandwith_kernel: None
no_interact: False
avg_score: -947.0999755859375
median_score: -945.5
std_score: 71.02147674560547
percentiles: 2%=-1100.0999755859375, 5%=-1076.199951171875, 10%=-1037.199951171875, 25%=-987.25, 50%=-945.5, 75%=-892.75, 90%=-861.5999755859375, 95%=-854.9500122070312, 98%=-829.6199340820312
ranking_best_algo: SVMMetaModelLogNormal
ranking_best_score: 1233.7999999999997
ranking_my_rank: 293/504 (42.1%)
ranking_my_percent: 42.06349206349206
