ConfigName: kjsd__advperagentrankweighted__M5__L10__eps0p01__g0p0007__ds0p4__dm0p2
Problem: NK
Kernel: jsd
Advantage: peragentrankweighted
M: 5
lambda: 10
epsilon_svgd: 0.01
gamma: 0.0007
decay_start_ratio: 0.4
decay_min_factor: 0.2
bandwith_kernel: None
no_interact: False
avg_score: 0.7070571184158325
median_score: 0.7091612815856934
std_score: 0.01188588421791792
percentiles: 2%=0.687873125076294, 5%=0.6897459030151367, 10%=0.691478967666626, 25%=0.6950134038925171, 50%=0.7091612815856934, 75%=0.7175804376602173, 90%=0.7207547426223755, 95%=0.722220242023468, 98%=0.7240843772888184
ranking_best_algo: PBIL
ranking_best_score: 0.7013553837109374
ranking_my_rank: 1/504 (100.0%)
ranking_my_percent: 100.0
