ConfigName: krbf__advnormalizedfitness__M4__L10__eps0p015__g0p005__ds0p3__dm0p3
Problem: QUBO
Kernel: rbf
Advantage: normalizedfitness
M: 4
lambda: 10
epsilon_svgd: 0.015
gamma: 0.005
decay_start_ratio: 0.3
decay_min_factor: 0.3
bandwith_kernel: None
no_interact: False
avg_score: -1974.3800048828125
median_score: -1978.0
std_score: 178.78807067871094
percentiles: 2%=-2337.280029296875, 5%=-2248.0, 10%=-2208.39990234375, 25%=-2097.0, 50%=-1978.0, 75%=-1849.25, 90%=-1760.800048828125, 95%=-1722.60009765625, 98%=-1668.7999267578125
ranking_best_algo: SVM1MetaModelLogNormal
ranking_best_score: 2605.14
ranking_my_rank: 284/504 (43.8%)
ranking_my_percent: 43.84920634920635
