ConfigName: kjsd__advperagentrankweighted__M3__L24__eps0p007__g0p0005__ds0p2__dm0p05
Problem: NK
Kernel: jsd
Advantage: peragentrankweighted
M: 3
lambda: 24
epsilon_svgd: 0.007
gamma: 0.0005
decay_start_ratio: 0.2
decay_min_factor: 0.05
bandwith_kernel: None
no_interact: False
avg_score: 0.7068966031074524
median_score: 0.7095136046409607
std_score: 0.012065701186656952
percentiles: 2%=0.6873165369033813, 5%=0.6881167888641357, 10%=0.6900021433830261, 25%=0.6953705549240112, 50%=0.7095136046409607, 75%=0.7171926498413086, 90%=0.7213886976242065, 95%=0.7230698466300964, 98%=0.7232583165168762
ranking_best_algo: PBIL
ranking_best_score: 0.7013553837109374
ranking_my_rank: 1/504 (100.0%)
ranking_my_percent: 100.0
