ConfigName: krbf__advnormalizedfitness__M1__L8__eps0p025__g0p01__ds0p3__dm0p01
Problem: NK
Kernel: rbf
Advantage: normalizedfitness
M: 1
lambda: 8
epsilon_svgd: 0.025
gamma: 0.01
decay_start_ratio: 0.3
decay_min_factor: 0.01
bandwith_kernel: None
no_interact: False
avg_score: 0.7375617027282715
median_score: 0.7379939556121826
std_score: 0.009763054549694061
percentiles: 2%=0.7188499569892883, 5%=0.7206264138221741, 10%=0.7244398593902588, 25%=0.7306817173957825, 50%=0.7379939556121826, 75%=0.7449514865875244, 90%=0.7499646544456482, 95%=0.7525342702865601, 98%=0.7537674307823181
ranking_best_algo: PBIL
ranking_best_score: 0.733570253046875
ranking_my_rank: 1/504 (100.0%)
ranking_my_percent: 100.0
