ConfigName: kjsd__advperagentrankweighted__M3__L18__eps0p007__g0p003__ds0p2__dm0p05
Problem: QUBO
Kernel: jsd
Advantage: peragentrankweighted
M: 3
lambda: 18
epsilon_svgd: 0.007
gamma: 0.003
decay_start_ratio: 0.2
decay_min_factor: 0.05
bandwith_kernel: None
no_interact: False
avg_score: -329.1000061035156
median_score: -334.0
std_score: 20.865041732788086
percentiles: 2%=-372.0, 5%=-357.20001220703125, 10%=-350.0, 25%=-342.0, 50%=-334.0, 75%=-317.5, 90%=-298.0, 95%=-290.0, 98%=-281.9599914550781
ranking_best_algo: CMApara
ranking_best_score: 344.22
ranking_my_rank: 83/504 (83.7%)
ranking_my_percent: 83.73015873015873
