ConfigName: kjsd__advperagentrankweighted__M5__L12__eps0p03__g0p0005__ds0p05__dm0p05
Problem: QUBO
Kernel: jsd
Advantage: peragentrankweighted
M: 5
lambda: 12
epsilon_svgd: 0.03
gamma: 0.0005
decay_start_ratio: 0.05
decay_min_factor: 0.05
bandwith_kernel: None
no_interact: False
avg_score: -573.9199829101562
median_score: -575.0
std_score: 27.99345588684082
percentiles: 2%=-631.0399780273438, 5%=-625.0999755859375, 10%=-613.0999755859375, 25%=-590.0, 50%=-575.0, 75%=-553.75, 90%=-543.7000122070312, 95%=-528.0, 98%=-519.9000244140625
ranking_best_algo: Tabu
ranking_best_score: 588.7199999999999
ranking_my_rank: 61/503 (88.1%)
ranking_my_percent: 88.07157057654075
