ConfigName: kjsd__advperagentrankweighted__M4__L10__eps0p03__g0p0003__ds0p05__dm0p05
Problem: NK
Kernel: jsd
Advantage: peragentrankweighted
M: 4
lambda: 10
epsilon_svgd: 0.03
gamma: 0.0003
decay_start_ratio: 0.05
decay_min_factor: 0.05
bandwith_kernel: None
no_interact: False
avg_score: 0.6998577117919922
median_score: 0.7018840312957764
std_score: 0.012436938472092152
percentiles: 2%=0.6766538023948669, 5%=0.6801260709762573, 10%=0.6839866638183594, 25%=0.6885390281677246, 50%=0.7018840312957764, 75%=0.711418092250824, 90%=0.7151510119438171, 95%=0.7164710760116577, 98%=0.7179917097091675
ranking_best_algo: PBIL
ranking_best_score: 0.7013553837109374
ranking_my_rank: 2/504 (99.8%)
ranking_my_percent: 99.8015873015873
