ConfigName: krbf__advnormalizedfitness__M1__L10__eps0p015__g0p005__ds0p3__dm0p3
Problem: NK
Kernel: rbf
Advantage: normalizedfitness
M: 1
lambda: 10
epsilon_svgd: 0.015
gamma: 0.005
decay_start_ratio: 0.3
decay_min_factor: 0.3
bandwith_kernel: None
no_interact: False
avg_score: 0.7266300320625305
median_score: 0.7260326147079468
std_score: 0.01416047103703022
percentiles: 2%=0.7000331282615662, 5%=0.7036394476890564, 10%=0.7103930711746216, 25%=0.7160605192184448, 50%=0.7260326147079468, 75%=0.7370091080665588, 90%=0.7452437281608582, 95%=0.7505806684494019, 98%=0.752726674079895
ranking_best_algo: Tabu
ranking_best_score: 0.7429702712499999
ranking_my_rank: 2/504 (99.8%)
ranking_my_percent: 99.8015873015873
