ConfigName: krbf__advnormalizedfitness__M4__L10__eps0p03__g0p005__ds0p05__dm0p05
Problem: QUBO
Kernel: rbf
Advantage: normalizedfitness
M: 4
lambda: 10
epsilon_svgd: 0.03
gamma: 0.005
decay_start_ratio: 0.05
decay_min_factor: 0.05
bandwith_kernel: None
no_interact: False
avg_score: -443.1000061035156
median_score: -448.0
std_score: 26.081218719482422
percentiles: 2%=-485.0799865722656, 5%=-480.04998779296875, 10%=-472.5, 25%=-464.0, 50%=-448.0, 75%=-426.5, 90%=-404.8999938964844, 95%=-398.8500061035156, 98%=-391.7200012207031
ranking_best_algo: CMApara
ranking_best_score: 453.82
ranking_my_rank: 8/504 (98.6%)
ranking_my_percent: 98.61111111111111
