ConfigName: kjsd__advperagentrankweighted__M3__L20__eps0p007__g0p001__ds0p1__dm0p05
Problem: QUBO
Kernel: jsd
Advantage: peragentrankweighted
M: 3
lambda: 20
epsilon_svgd: 0.007
gamma: 0.001
decay_start_ratio: 0.1
decay_min_factor: 0.05
bandwith_kernel: None
no_interact: False
avg_score: -138.13999938964844
median_score: -138.5
std_score: 12.473187446594238
percentiles: 2%=-158.02000427246094, 5%=-158.0, 10%=-155.10000610351562, 25%=-146.0, 50%=-138.5, 75%=-130.0, 90%=-123.0, 95%=-114.9000015258789, 98%=-109.9000015258789
ranking_best_algo: DiscreteDE
ranking_best_score: 143.4
ranking_my_rank: 115/504 (77.4%)
ranking_my_percent: 77.38095238095238
