ConfigName: krbf__advnormalizedfitness__M3__L8__eps0p015__g0p015__ds0p01__dm0p01
Problem: QUBO
Kernel: rbf
Advantage: normalizedfitness
M: 3
lambda: 8
epsilon_svgd: 0.015
gamma: 0.015
decay_start_ratio: 0.01
decay_min_factor: 0.01
bandwith_kernel: None
no_interact: False
avg_score: -438.44000244140625
median_score: -435.0
std_score: 27.255943298339844
percentiles: 2%=-489.0199890136719, 5%=-486.04998779296875, 10%=-472.1000061035156, 25%=-459.0, 50%=-435.0, 75%=-423.0, 90%=-401.0, 95%=-388.95001220703125, 98%=-378.9599914550781
ranking_best_algo: CMApara
ranking_best_score: 453.82
ranking_my_rank: 20/504 (96.2%)
ranking_my_percent: 96.23015873015873
