ConfigName: kjsd__advperagentrankweighted__M5__L24__eps0p03__g0p0005__ds0p2__dm0p05
Problem: NK
Kernel: jsd
Advantage: peragentrankweighted
M: 5
lambda: 24
epsilon_svgd: 0.03
gamma: 0.0005
decay_start_ratio: 0.2
decay_min_factor: 0.05
bandwith_kernel: None
no_interact: False
avg_score: 0.7507294416427612
median_score: 0.752034068107605
std_score: 0.012821773067116737
percentiles: 2%=0.7244523167610168, 5%=0.7279859185218811, 10%=0.7340977787971497, 25%=0.7425252199172974, 50%=0.752034068107605, 75%=0.7582862377166748, 90%=0.7650721669197083, 95%=0.7707183957099915, 98%=0.7761820554733276
ranking_best_algo: Tabu
ranking_best_score: 0.7657846284375001
ranking_my_rank: 21/504 (96.0%)
ranking_my_percent: 96.03174603174604
