ConfigName: krbf__advnormalizedfitness__M4__L8__eps0p033__g0p01__ds0p01__dm0p3
Problem: QUBO
Kernel: rbf
Advantage: normalizedfitness
M: 4
lambda: 8
epsilon_svgd: 0.033
gamma: 0.01
decay_start_ratio: 0.01
decay_min_factor: 0.3
bandwith_kernel: None
no_interact: False
avg_score: -1466.0999755859375
median_score: -1473.0
std_score: 113.62046813964844
percentiles: 2%=-1657.5999755859375, 5%=-1623.449951171875, 10%=-1597.800048828125, 25%=-1565.25, 50%=-1473.0, 75%=-1379.0, 90%=-1314.800048828125, 95%=-1276.800048828125, 98%=-1266.93994140625
ranking_best_algo: NLOPT_LN_PRAXIS
ranking_best_score: 1607.12
ranking_my_rank: 85/504 (83.3%)
ranking_my_percent: 83.33333333333333
