ConfigName: kjsd__advperagentrankweighted__M6__L12__eps0p005__g0p0005__ds0p05__dm0p05
Problem: QUBO
Kernel: jsd
Advantage: peragentrankweighted
M: 6
lambda: 12
epsilon_svgd: 0.005
gamma: 0.0005
decay_start_ratio: 0.05
decay_min_factor: 0.05
bandwith_kernel: None
no_interact: False
avg_score: -2538.5
median_score: -2520.5
std_score: 121.81719970703125
percentiles: 2%=-2818.080078125, 5%=-2765.25, 10%=-2693.300048828125, 25%=-2618.25, 50%=-2520.5, 75%=-2445.0, 90%=-2403.0, 95%=-2360.0, 98%=-2336.5400390625
ranking_best_algo: SVM1MetaModelLogNormal
ranking_best_score: 2605.14
ranking_my_rank: 44/504 (91.5%)
ranking_my_percent: 91.46825396825396
