ConfigName: krbf__advnormalizedfitness__M4__L15__eps0p015__g0p007__ds0p15__dm0p01
Problem: QUBO
Kernel: rbf
Advantage: normalizedfitness
M: 4
lambda: 15
epsilon_svgd: 0.015
gamma: 0.007
decay_start_ratio: 0.15
decay_min_factor: 0.01
bandwith_kernel: None
no_interact: False
avg_score: -1045.9200439453125
median_score: -1030.5
std_score: 89.24580383300781
percentiles: 2%=-1257.760009765625, 5%=-1183.949951171875, 10%=-1163.0, 25%=-1108.5, 50%=-1030.5, 75%=-980.5, 90%=-940.7999877929688, 95%=-919.2500610351562, 98%=-902.97998046875
ranking_best_algo: Tabu
ranking_best_score: 1216.16
ranking_my_rank: 254/504 (49.8%)
ranking_my_percent: 49.801587301587304
