ConfigName: kjsd__advperagentrankweighted__M10__L24__eps0p008__g0p0005__ds0p05__dm0p05
Problem: QUBO
Kernel: jsd
Advantage: peragentrankweighted
M: 10
lambda: 24
epsilon_svgd: 0.008
gamma: 0.0005
decay_start_ratio: 0.05
decay_min_factor: 0.05
bandwith_kernel: None
no_interact: False
avg_score: -2121.5
median_score: -2113.5
std_score: 167.3882598876953
percentiles: 2%=-2462.219970703125, 5%=-2383.699951171875, 10%=-2343.5, 25%=-2253.75, 50%=-2113.5, 75%=-2001.25, 90%=-1921.5999755859375, 95%=-1879.9000244140625, 98%=-1828.9599609375
ranking_best_algo: DiscreteLengler2OnePlusOne
ranking_best_score: 2617.04
ranking_my_rank: 218/504 (56.9%)
ranking_my_percent: 56.94444444444444
