ConfigName: kjsd__advperagentrankweighted__M3__L24__eps0p007__g0p001__ds0p2__dm0p1
Problem: QUBO
Kernel: jsd
Advantage: peragentrankweighted
M: 3
lambda: 24
epsilon_svgd: 0.007
gamma: 0.001
decay_start_ratio: 0.2
decay_min_factor: 0.1
bandwith_kernel: None
no_interact: False
avg_score: -1233.9000244140625
median_score: -1230.0
std_score: 67.50148010253906
percentiles: 2%=-1373.06005859375, 5%=-1359.199951171875, 10%=-1323.4000244140625, 25%=-1276.75, 50%=-1230.0, 75%=-1195.5, 90%=-1156.9000244140625, 95%=-1119.949951171875, 98%=-1109.93994140625
ranking_best_algo: SVMMetaModelLogNormal
ranking_best_score: 1233.7999999999997
ranking_my_rank: 1/504 (100.0%)
ranking_my_percent: 100.0
