ConfigName: krbf__advnormalizedfitness__M3__L15__eps0p015__g0p01__ds0p15__dm0p3
Problem: QUBO
Kernel: rbf
Advantage: normalizedfitness
M: 3
lambda: 15
epsilon_svgd: 0.015
gamma: 0.01
decay_start_ratio: 0.15
decay_min_factor: 0.3
bandwith_kernel: None
no_interact: False
avg_score: -147.74000549316406
median_score: -146.0
std_score: 12.892338752746582
percentiles: 2%=-179.0, 5%=-177.10000610351562, 10%=-164.0, 25%=-154.0, 50%=-146.0, 75%=-138.5, 90%=-133.0, 95%=-129.95001220703125, 98%=-126.97999572753906
ranking_best_algo: CMApara
ranking_best_score: 154.28
ranking_my_rank: 93/504 (81.7%)
ranking_my_percent: 81.74603174603175
