ConfigName: kjsd__advperagentrankweighted__M4__L30__eps0p01__g0p0007__ds0p4__dm0p05
Problem: NK
Kernel: jsd
Advantage: peragentrankweighted
M: 4
lambda: 30
epsilon_svgd: 0.01
gamma: 0.0007
decay_start_ratio: 0.4
decay_min_factor: 0.05
bandwith_kernel: None
no_interact: False
avg_score: 0.693469762802124
median_score: 0.6946855783462524
std_score: 0.011619271710515022
percentiles: 2%=0.6743102073669434, 5%=0.6755824089050293, 10%=0.6802904605865479, 25%=0.6847962737083435, 50%=0.6946855783462524, 75%=0.6989362239837646, 90%=0.7086310982704163, 95%=0.712285041809082, 98%=0.7186077237129211
ranking_best_algo: PBIL
ranking_best_score: 0.7170882103515624
ranking_my_rank: 87/504 (82.9%)
ranking_my_percent: 82.93650793650794
