ConfigName: krbf__advnormalizedfitness__M4__L10__eps0p03__g0p005__ds0p05__dm0p05
Problem: QUBO
Kernel: rbf
Advantage: normalizedfitness
M: 4
lambda: 10
epsilon_svgd: 0.03
gamma: 0.005
decay_start_ratio: 0.05
decay_min_factor: 0.05
bandwith_kernel: None
no_interact: False
avg_score: -2498.800048828125
median_score: -2490.0
std_score: 141.1446075439453
percentiles: 2%=-2754.840087890625, 5%=-2736.39990234375, 10%=-2687.60009765625, 25%=-2603.25, 50%=-2490.0, 75%=-2387.0, 90%=-2339.699951171875, 95%=-2273.89990234375, 98%=-2237.159912109375
ranking_best_algo: SVM1MetaModelLogNormal
ranking_best_score: 2605.14
ranking_my_rank: 65/504 (87.3%)
ranking_my_percent: 87.3015873015873
