ConfigName: kjsd__advperagentrankweighted__M3__L18__eps0p007__g0p0007__ds0p05__dm0p1
Problem: QUBO
Kernel: jsd
Advantage: peragentrankweighted
M: 3
lambda: 18
epsilon_svgd: 0.007
gamma: 0.0007
decay_start_ratio: 0.05
decay_min_factor: 0.1
bandwith_kernel: None
no_interact: False
avg_score: -147.47999572753906
median_score: -145.0
std_score: 12.711003303527832
percentiles: 2%=-179.0, 5%=-179.0, 10%=-158.0, 25%=-155.0, 50%=-145.0, 75%=-139.75, 90%=-135.0, 95%=-131.0, 98%=-122.81999969482422
ranking_best_algo: CMApara
ranking_best_score: 154.28
ranking_my_rank: 95/504 (81.3%)
ranking_my_percent: 81.34920634920636
