ConfigName: kjsd__advperagentrankweighted__M5__L24__eps0p03__g0p0003__ds0p05__dm0p05
Problem: QUBO
Kernel: jsd
Advantage: peragentrankweighted
M: 5
lambda: 24
epsilon_svgd: 0.03
gamma: 0.0003
decay_start_ratio: 0.05
decay_min_factor: 0.05
bandwith_kernel: None
no_interact: False
avg_score: -922.3800048828125
median_score: -914.5
std_score: 62.54754638671875
percentiles: 2%=-1053.0999755859375, 5%=-1033.199951171875, 10%=-1006.0999755859375, 25%=-974.25, 50%=-914.5, 75%=-872.75, 90%=-840.7000122070312, 95%=-832.7000122070312, 98%=-820.9199829101562
ranking_best_algo: CMApara
ranking_best_score: 964.9
ranking_my_rank: 25/504 (95.2%)
ranking_my_percent: 95.23809523809524
