ConfigName: kjsd__advperagentrankweighted__M5__L10__eps0p01__g0p0005__ds0p4__dm0p05
Problem: NK
Kernel: jsd
Advantage: peragentrankweighted
M: 5
lambda: 10
epsilon_svgd: 0.01
gamma: 0.0005
decay_start_ratio: 0.4
decay_min_factor: 0.05
bandwith_kernel: None
no_interact: False
avg_score: 0.7101631760597229
median_score: 0.7115240097045898
std_score: 0.015055591240525246
percentiles: 2%=0.6714329719543457, 5%=0.6739377379417419, 10%=0.6932856440544128, 25%=0.7070429921150208, 50%=0.7115240097045898, 75%=0.7182633876800537, 90%=0.7254624962806702, 95%=0.7315062284469604, 98%=0.732928991317749
ranking_best_algo: CMApara
ranking_best_score: 0.707475975
ranking_my_rank: 1/504 (100.0%)
ranking_my_percent: 100.0
