ConfigName: kjsd__advperagentrankweighted__M3__L20__eps0p005__g0p0005__ds0p05__dm0p05
Problem: QUBO
Kernel: jsd
Advantage: peragentrankweighted
M: 3
lambda: 20
epsilon_svgd: 0.005
gamma: 0.0005
decay_start_ratio: 0.05
decay_min_factor: 0.05
bandwith_kernel: None
no_interact: False
avg_score: -2649.93994140625
median_score: -2653.0
std_score: 116.24575805664062
percentiles: 2%=-2881.56005859375, 5%=-2830.300048828125, 10%=-2790.60009765625, 25%=-2732.25, 50%=-2653.0, 75%=-2561.0, 90%=-2496.89990234375, 95%=-2459.300048828125, 98%=-2423.800048828125
ranking_best_algo: DiscreteLengler2OnePlusOne
ranking_best_score: 2617.04
ranking_my_rank: 1/504 (100.0%)
ranking_my_percent: 100.0
