ConfigName: krbf__advnormalizedfitness__M5__L15__eps0p025__g0p01__ds0p05__dm0p05
Problem: QUBO
Kernel: rbf
Advantage: normalizedfitness
M: 5
lambda: 15
epsilon_svgd: 0.025
gamma: 0.01
decay_start_ratio: 0.05
decay_min_factor: 0.05
bandwith_kernel: None
no_interact: False
avg_score: -1710.219970703125
median_score: -1697.0
std_score: 170.23500061035156
percentiles: 2%=-2103.0400390625, 5%=-2055.10009765625, 10%=-1949.0, 25%=-1794.5, 50%=-1697.0, 75%=-1602.5, 90%=-1508.300048828125, 95%=-1470.1500244140625, 98%=-1395.9000244140625
ranking_best_algo: DiscreteLengler2OnePlusOne
ranking_best_score: 2617.04
ranking_my_rank: 324/504 (35.9%)
ranking_my_percent: 35.91269841269841
