ConfigName: krbf__advnormalizedfitness__M1__L8__eps0p025__g0p007__ds0p3__dm0p01
Problem: NK
Kernel: rbf
Advantage: normalizedfitness
M: 1
lambda: 8
epsilon_svgd: 0.025
gamma: 0.007
decay_start_ratio: 0.3
decay_min_factor: 0.01
bandwith_kernel: None
no_interact: False
avg_score: 0.7359066009521484
median_score: 0.7353178262710571
std_score: 0.013559372164309025
percentiles: 2%=0.708808422088623, 5%=0.7137489914894104, 10%=0.7185099720954895, 25%=0.7260568141937256, 50%=0.7353178262710571, 75%=0.7449891567230225, 90%=0.7513017058372498, 95%=0.7579487562179565, 98%=0.764542818069458
ranking_best_algo: Tabu
ranking_best_score: 0.7470791764843752
ranking_my_rank: 17/504 (96.8%)
ranking_my_percent: 96.82539682539682
