ConfigName: krbf__advnormalizedfitness__M4__L15__eps0p033__g0p007__ds0p01__dm0p3
Problem: QUBO
Kernel: rbf
Advantage: normalizedfitness
M: 4
lambda: 15
epsilon_svgd: 0.033
gamma: 0.007
decay_start_ratio: 0.01
decay_min_factor: 0.3
bandwith_kernel: None
no_interact: False
avg_score: -865.6799926757812
median_score: -852.5
std_score: 72.7642593383789
percentiles: 2%=-1008.5999755859375, 5%=-984.4500122070312, 10%=-973.2000122070312, 25%=-918.0, 50%=-852.5, 75%=-813.75, 90%=-784.7999877929688, 95%=-756.0, 98%=-746.8999633789062
ranking_best_algo: CMAL3
ranking_best_score: 928.5800000000002
ranking_my_rank: 174/504 (65.7%)
ranking_my_percent: 65.67460317460318
