ConfigName: kfr__advglobalrankweighted__M4__L5__eps0p05__g0p007__ds0p01__dm0p01
Problem: QUBO
Kernel: fr
Advantage: globalrankweighted
M: 4
lambda: 5
epsilon_svgd: 0.05
gamma: 0.007
decay_start_ratio: 0.01
decay_min_factor: 0.01
bandwith_kernel: None
no_interact: False
avg_score: -3311.8798828125
median_score: -3309.0
std_score: 112.41488647460938
percentiles: 2%=-3572.60009765625, 5%=-3480.199951171875, 10%=-3443.199951171875, 25%=-3387.5, 50%=-3309.0, 75%=-3237.75, 90%=-3181.199951171875, 95%=-3139.300048828125, 98%=-3111.899658203125
ranking_best_algo: RLSOnePlusOne
ranking_best_score: 3316.5199999999995
ranking_my_rank: 2/504 (99.8%)
ranking_my_percent: 99.8015873015873
