ConfigName: kjsd__advperagentrankweighted__M3__L24__eps0p005__g0p001__ds0p05__dm0p2
Problem: QUBO
Kernel: jsd
Advantage: peragentrankweighted
M: 3
lambda: 24
epsilon_svgd: 0.005
gamma: 0.001
decay_start_ratio: 0.05
decay_min_factor: 0.2
bandwith_kernel: None
no_interact: False
avg_score: -2470.1201171875
median_score: -2460.5
std_score: 127.96338653564453
percentiles: 2%=-2704.0, 5%=-2670.550048828125, 10%=-2644.39990234375, 25%=-2571.75, 50%=-2460.5, 75%=-2377.5, 90%=-2334.5, 95%=-2258.0, 98%=-2237.800048828125
ranking_best_algo: SVM1MetaModelLogNormal
ranking_best_score: 2605.14
ranking_my_rank: 80/504 (84.3%)
ranking_my_percent: 84.32539682539682
