ConfigName: kjsd__advperagentrankweighted__M3__L18__eps0p01__g0p0007__ds0p1__dm0p1
Problem: QUBO
Kernel: jsd
Advantage: peragentrankweighted
M: 3
lambda: 18
epsilon_svgd: 0.01
gamma: 0.0007
decay_start_ratio: 0.1
decay_min_factor: 0.1
bandwith_kernel: None
no_interact: False
avg_score: -2590.219970703125
median_score: -2582.0
std_score: 109.41806030273438
percentiles: 2%=-2820.179931640625, 5%=-2767.35009765625, 10%=-2733.0, 25%=-2656.25, 50%=-2582.0, 75%=-2504.0, 90%=-2443.800048828125, 95%=-2434.89990234375, 98%=-2401.639892578125
ranking_best_algo: SVM1MetaModelLogNormal
ranking_best_score: 2605.14
ranking_my_rank: 11/504 (98.0%)
ranking_my_percent: 98.01587301587301
