ConfigName: krbf__advnormalizedfitness__M1__L8__eps0p015__g0p007__ds0p15__dm0p01
Problem: NK
Kernel: rbf
Advantage: normalizedfitness
M: 1
lambda: 8
epsilon_svgd: 0.015
gamma: 0.007
decay_start_ratio: 0.15
decay_min_factor: 0.01
bandwith_kernel: None
no_interact: False
avg_score: 0.7445806264877319
median_score: 0.7439841032028198
std_score: 0.016148876398801804
percentiles: 2%=0.7166078090667725, 5%=0.7192469835281372, 10%=0.7227651476860046, 25%=0.730444610118866, 50%=0.7439841032028198, 75%=0.757182776927948, 90%=0.7673559784889221, 95%=0.7719582319259644, 98%=0.7751784324645996
ranking_best_algo: Tabu
ranking_best_score: 0.7657846284375001
ranking_my_rank: 49/504 (90.5%)
ranking_my_percent: 90.47619047619048
