ConfigName: kjsd__advperagentrankweighted__M5__L8__eps0p005__g0p0003__ds0p05__dm0p05
Problem: QUBO
Kernel: jsd
Advantage: peragentrankweighted
M: 5
lambda: 8
epsilon_svgd: 0.005
gamma: 0.0003
decay_start_ratio: 0.05
decay_min_factor: 0.05
bandwith_kernel: None
no_interact: False
avg_score: -309.7200012207031
median_score: -312.0
std_score: 39.999019622802734
percentiles: 2%=-398.0, 5%=-382.5, 10%=-359.20001220703125, 25%=-338.0, 50%=-312.0, 75%=-273.5, 90%=-261.70001220703125, 95%=-248.9499969482422, 98%=-245.9600067138672
ranking_best_algo: CMApara
ranking_best_score: 319.29999999999995
ranking_my_rank: 69/504 (86.5%)
ranking_my_percent: 86.5079365079365
