ConfigName: krbf__advnormalizedfitness__M4__L15__eps0p033__g0p01__ds0p15__dm0p3
Problem: QUBO
Kernel: rbf
Advantage: normalizedfitness
M: 4
lambda: 15
epsilon_svgd: 0.033
gamma: 0.01
decay_start_ratio: 0.15
decay_min_factor: 0.3
bandwith_kernel: None
no_interact: False
avg_score: -485.4200134277344
median_score: -489.0
std_score: 47.250221252441406
percentiles: 2%=-585.0399780273438, 5%=-555.4000244140625, 10%=-545.0999755859375, 25%=-517.0, 50%=-489.0, 75%=-454.75, 90%=-424.70001220703125, 95%=-408.8000183105469, 98%=-397.8799743652344
ranking_best_algo: Tabu
ranking_best_score: 588.7199999999999
ranking_my_rank: 265/503 (47.5%)
ranking_my_percent: 47.514910536779325
