ConfigName: kjsd__advperagentrankweighted__M4__L12__eps0p03__g0p0007__ds0p2__dm0p05
Problem: NK
Kernel: jsd
Advantage: peragentrankweighted
M: 4
lambda: 12
epsilon_svgd: 0.03
gamma: 0.0007
decay_start_ratio: 0.2
decay_min_factor: 0.05
bandwith_kernel: None
no_interact: False
avg_score: 0.7287428975105286
median_score: 0.7284802198410034
std_score: 0.011287388391792774
percentiles: 2%=0.7081225514411926, 5%=0.7102336883544922, 10%=0.7143247723579407, 25%=0.7213791608810425, 50%=0.7284802198410034, 75%=0.7353476285934448, 90%=0.7428386807441711, 95%=0.7468791604042053, 98%=0.7520173192024231
ranking_best_algo: Tabu
ranking_best_score: 0.7601875690625
ranking_my_rank: 53/504 (89.7%)
ranking_my_percent: 89.68253968253968
