ConfigName: kjsd__advperagentrankweighted__M4__L10__eps0p008__g0p0005__ds0p05__dm0p05
Problem: NK
Kernel: jsd
Advantage: peragentrankweighted
M: 4
lambda: 10
epsilon_svgd: 0.008
gamma: 0.0005
decay_start_ratio: 0.05
decay_min_factor: 0.05
bandwith_kernel: None
no_interact: False
avg_score: 0.7107003927230835
median_score: 0.6971379518508911
std_score: 0.03180287405848503
percentiles: 2%=0.6734548807144165, 5%=0.6742434501647949, 10%=0.6751645803451538, 25%=0.6820313334465027, 50%=0.6971379518508911, 75%=0.7457970380783081, 90%=0.7537308931350708, 95%=0.7613165378570557, 98%=0.7613165378570557
ranking_best_algo: CMApara
ranking_best_score: 0.7118996098437498
ranking_my_rank: 14/504 (97.4%)
ranking_my_percent: 97.42063492063492
