ConfigName: kjsd__advperagentrankweighted__M3__L16__eps0p005__g0p0007__ds0p05__dm0p2
Problem: NK
Kernel: jsd
Advantage: peragentrankweighted
M: 3
lambda: 16
epsilon_svgd: 0.005
gamma: 0.0007
decay_start_ratio: 0.05
decay_min_factor: 0.2
bandwith_kernel: None
no_interact: False
avg_score: 0.7358371019363403
median_score: 0.7371722459793091
std_score: 0.009248659014701843
percentiles: 2%=0.7174296975135803, 5%=0.7206767201423645, 10%=0.7237612009048462, 25%=0.7292006015777588, 50%=0.7371722459793091, 75%=0.7415717840194702, 90%=0.7480645775794983, 95%=0.7511265277862549, 98%=0.7521834373474121
ranking_best_algo: PBIL
ranking_best_score: 0.730509098125
ranking_my_rank: 1/504 (100.0%)
ranking_my_percent: 100.0
