ConfigName: kjsd__advperagentrankweighted__M3__L20__eps0p007__g0p0007__ds0p2__dm0p05
Problem: NK
Kernel: jsd
Advantage: peragentrankweighted
M: 3
lambda: 20
epsilon_svgd: 0.007
gamma: 0.0007
decay_start_ratio: 0.2
decay_min_factor: 0.05
bandwith_kernel: None
no_interact: False
avg_score: 0.7073664665222168
median_score: 0.7088640928268433
std_score: 0.011630117893218994
percentiles: 2%=0.6870719194412231, 5%=0.6893965601921082, 10%=0.69190913438797, 25%=0.6967699527740479, 50%=0.7088640928268433, 75%=0.7177354693412781, 90%=0.7215667366981506, 95%=0.722122311592102, 98%=0.7242071628570557
ranking_best_algo: PBIL
ranking_best_score: 0.7013553837109374
ranking_my_rank: 1/504 (100.0%)
ranking_my_percent: 100.0
