ConfigName: kjsd__advperagentrankweighted__M5__L10__eps0p01__g0p0007__ds0p05__dm0p2
Problem: QUBO
Kernel: jsd
Advantage: peragentrankweighted
M: 5
lambda: 10
epsilon_svgd: 0.01
gamma: 0.0007
decay_start_ratio: 0.05
decay_min_factor: 0.2
bandwith_kernel: None
no_interact: False
avg_score: -1249.52001953125
median_score: -1246.0
std_score: 57.01569366455078
percentiles: 2%=-1359.1600341796875, 5%=-1344.300048828125, 10%=-1328.199951171875, 25%=-1295.0, 50%=-1246.0, 75%=-1203.75, 90%=-1183.0, 95%=-1165.949951171875, 98%=-1151.699951171875
ranking_best_algo: SVMMetaModelLogNormal
ranking_best_score: 1233.7999999999997
ranking_my_rank: 1/504 (100.0%)
ranking_my_percent: 100.0
