ConfigName: krbf__advnormalizedfitness__M1__L8__eps0p025__g0p01__ds0p01__dm0p3
Problem: NK
Kernel: rbf
Advantage: normalizedfitness
M: 1
lambda: 8
epsilon_svgd: 0.025
gamma: 0.01
decay_start_ratio: 0.01
decay_min_factor: 0.3
bandwith_kernel: None
no_interact: False
avg_score: 0.7265628576278687
median_score: 0.7255769968032837
std_score: 0.01221244502812624
percentiles: 2%=0.7014429569244385, 5%=0.7052499055862427, 10%=0.7123216390609741, 25%=0.7185594439506531, 50%=0.7255769968032837, 75%=0.7353212833404541, 90%=0.741693377494812, 95%=0.7466616034507751, 98%=0.7488070130348206
ranking_best_algo: Tabu
ranking_best_score: 0.7429702712499999
ranking_my_rank: 3/504 (99.6%)
ranking_my_percent: 99.60317460317461
