ConfigName: kjsd__advperagentrankweighted__M4__L24__eps0p01__g0p0005__ds1__dm1
Problem: QUBO
Kernel: jsd
Advantage: peragentrankweighted
M: 4
lambda: 24
epsilon_svgd: 0.01
gamma: 0.0005
decay_start_ratio: 1.0
decay_min_factor: 1.0
bandwith_kernel: None
no_interact: False
avg_score: -940.1400146484375
median_score: -944.0
std_score: 62.06190490722656
percentiles: 2%=-1062.239990234375, 5%=-1056.0, 10%=-1036.0999755859375, 25%=-973.25, 50%=-944.0, 75%=-888.5, 90%=-864.5999755859375, 95%=-842.9000244140625, 98%=-840.9600219726562
ranking_best_algo: CMApara
ranking_best_score: 964.9
ranking_my_rank: 7/504 (98.8%)
ranking_my_percent: 98.80952380952381
no_repulsion: True
