ConfigName: kfr__advglobalrankweighted__M4__L24__eps0p02__g0p007__ds0p01__dm0p01
Problem: QUBO
Kernel: fr
Advantage: globalrankweighted
M: 4
lambda: 24
epsilon_svgd: 0.02
gamma: 0.007
decay_start_ratio: 0.01
decay_min_factor: 0.01
bandwith_kernel: None
no_interact: False
avg_score: -1040.56005859375
median_score: -1034.0
std_score: 65.97808074951172
percentiles: 2%=-1168.3599853515625, 5%=-1150.25, 10%=-1133.800048828125, 25%=-1087.25, 50%=-1034.0, 75%=-1003.0, 90%=-950.7999877929688, 95%=-934.9000244140625, 98%=-909.7399291992188
ranking_best_algo: SVMMetaModelLogNormal
ranking_best_score: 1233.7999999999997
ranking_my_rank: 203/504 (59.9%)
ranking_my_percent: 59.92063492063492
