ConfigName: kjsd__advperagentrankweighted__M3__L18__eps0p01__g0p003__ds0p1__dm0p1
Problem: QUBO
Kernel: jsd
Advantage: peragentrankweighted
M: 3
lambda: 18
epsilon_svgd: 0.01
gamma: 0.003
decay_start_ratio: 0.1
decay_min_factor: 0.1
bandwith_kernel: None
no_interact: False
avg_score: -578.4000244140625
median_score: -579.5
std_score: 29.43807029724121
percentiles: 2%=-635.0800170898438, 5%=-625.0, 10%=-615.0999755859375, 25%=-599.0, 50%=-579.5, 75%=-558.75, 90%=-537.7999877929688, 95%=-532.75, 98%=-516.9400024414062
ranking_best_algo: Tabu
ranking_best_score: 588.7199999999999
ranking_my_rank: 42/503 (91.8%)
ranking_my_percent: 91.84890656063618
