ConfigName: kjsd__advperagentrankweighted__M4__L12__eps0p02__g0p0007__ds0p2__dm0p05
Problem: QUBO
Kernel: jsd
Advantage: peragentrankweighted
M: 4
lambda: 12
epsilon_svgd: 0.02
gamma: 0.0007
decay_start_ratio: 0.2
decay_min_factor: 0.05
bandwith_kernel: None
no_interact: False
avg_score: -330.5400085449219
median_score: -334.0
std_score: 20.476045608520508
percentiles: 2%=-372.0, 5%=-361.0, 10%=-354.0, 25%=-342.0, 50%=-334.0, 75%=-320.0, 90%=-302.0, 95%=-291.0, 98%=-283.9200134277344
ranking_best_algo: CMApara
ranking_best_score: 344.22
ranking_my_rank: 77/504 (84.9%)
ranking_my_percent: 84.92063492063492
