ConfigName: kjsd__advperagentrankweighted__M3__L16__eps0p007__g0p003__ds0p1__dm0p1
Problem: QUBO
Kernel: jsd
Advantage: peragentrankweighted
M: 3
lambda: 16
epsilon_svgd: 0.007
gamma: 0.003
decay_start_ratio: 0.1
decay_min_factor: 0.1
bandwith_kernel: None
no_interact: False
avg_score: -570.4600219726562
median_score: -570.5
std_score: 26.363391876220703
percentiles: 2%=-621.0999755859375, 5%=-617.0, 10%=-604.0, 25%=-587.0, 50%=-570.5, 75%=-553.0, 90%=-532.0, 95%=-525.8499755859375, 98%=-518.0
ranking_best_algo: Tabu
ranking_best_score: 588.7199999999999
ranking_my_rank: 68/503 (86.7%)
ranking_my_percent: 86.67992047713717
