ConfigName: kfr__advglobalrankweighted__M3__L9__eps0p02__g0p005__ds0p01__dm0p01
Problem: NK
Kernel: fr
Advantage: globalrankweighted
M: 3
lambda: 9
epsilon_svgd: 0.02
gamma: 0.005
decay_start_ratio: 0.01
decay_min_factor: 0.01
bandwith_kernel: None
no_interact: False
avg_score: 0.7309945821762085
median_score: 0.7302321791648865
std_score: 0.009258818812668324
percentiles: 2%=0.7133890390396118, 5%=0.7169016003608704, 10%=0.7211611270904541, 25%=0.7246034145355225, 50%=0.7302321791648865, 75%=0.7367212772369385, 90%=0.7430392503738403, 95%=0.7464129328727722, 98%=0.7528111934661865
ranking_best_algo: Tabu
ranking_best_score: 0.7429702712499999
ranking_my_rank: 2/504 (99.8%)
ranking_my_percent: 99.8015873015873
