ConfigName: krbf__advnormalizedfitness__M3__L8__eps0p025__g0p015__ds0p01__dm0p01
Problem: QUBO
Kernel: rbf
Advantage: normalizedfitness
M: 3
lambda: 8
epsilon_svgd: 0.025
gamma: 0.015
decay_start_ratio: 0.01
decay_min_factor: 0.01
bandwith_kernel: None
no_interact: False
avg_score: -427.1400146484375
median_score: -425.0
std_score: 25.151151657104492
percentiles: 2%=-477.0400085449219, 5%=-469.1000061035156, 10%=-461.20001220703125, 25%=-441.0, 50%=-425.0, 75%=-411.0, 90%=-392.70001220703125, 95%=-386.0, 98%=-379.91998291015625
ranking_best_algo: CMAL3
ranking_best_score: 435.36
ranking_my_rank: 19/504 (96.4%)
ranking_my_percent: 96.42857142857143
