ConfigName: kjsd__advperagentrankweighted__M3__L16__eps0p01__g0p0007__ds0p1__dm0p1
Problem: QUBO
Kernel: jsd
Advantage: peragentrankweighted
M: 3
lambda: 16
epsilon_svgd: 0.01
gamma: 0.0007
decay_start_ratio: 0.1
decay_min_factor: 0.1
bandwith_kernel: None
no_interact: False
avg_score: -579.9400024414062
median_score: -584.0
std_score: 29.92584800720215
percentiles: 2%=-635.0, 5%=-629.0, 10%=-615.7999877929688, 25%=-601.0, 50%=-584.0, 75%=-557.5, 90%=-543.5999755859375, 95%=-527.0, 98%=-518.6599731445312
ranking_best_algo: Tabu
ranking_best_score: 588.7199999999999
ranking_my_rank: 40/503 (92.2%)
ranking_my_percent: 92.2465208747515
