ConfigName: kjsd__advperagentrankweighted__M3__L18__eps0p005__g0p0007__ds0p05__dm0p2
Problem: QUBO
Kernel: jsd
Advantage: peragentrankweighted
M: 3
lambda: 18
epsilon_svgd: 0.005
gamma: 0.0007
decay_start_ratio: 0.05
decay_min_factor: 0.2
bandwith_kernel: None
no_interact: False
avg_score: -1198.8800048828125
median_score: -1198.5
std_score: 63.10281753540039
percentiles: 2%=-1353.0400390625, 5%=-1293.199951171875, 10%=-1274.300048828125, 25%=-1236.5, 50%=-1198.5, 75%=-1158.0, 90%=-1124.4000244140625, 95%=-1095.050048828125, 98%=-1071.8399658203125
ranking_best_algo: Tabu
ranking_best_score: 1216.16
ranking_my_rank: 44/504 (91.5%)
ranking_my_percent: 91.46825396825396
