ConfigName: kjsd__advperagentrankweighted__M5__L8__eps0p005__g0p003__ds0p2__dm0p2
Problem: NK
Kernel: jsd
Advantage: peragentrankweighted
M: 5
lambda: 8
epsilon_svgd: 0.005
gamma: 0.003
decay_start_ratio: 0.2
decay_min_factor: 0.2
bandwith_kernel: None
no_interact: False
avg_score: 0.6897239089012146
median_score: 0.6911779046058655
std_score: 0.012989102862775326
percentiles: 2%=0.6671451330184937, 5%=0.6696433424949646, 10%=0.672595739364624, 25%=0.6781331300735474, 50%=0.6911779046058655, 75%=0.7006462812423706, 90%=0.7060555815696716, 95%=0.7073379755020142, 98%=0.7094793915748596
ranking_best_algo: PBIL
ranking_best_score: 0.7013553837109374
ranking_my_rank: 69/504 (86.5%)
ranking_my_percent: 86.5079365079365
