ConfigName: kjsd__advperagentrankweighted__M4__L8__eps0p03__g0p0007__ds0p2__dm0p05
Problem: QUBO
Kernel: jsd
Advantage: peragentrankweighted
M: 4
lambda: 8
epsilon_svgd: 0.03
gamma: 0.0007
decay_start_ratio: 0.2
decay_min_factor: 0.05
bandwith_kernel: None
no_interact: False
avg_score: -2581.0
median_score: -2577.5
std_score: 133.4986114501953
percentiles: 2%=-2856.159912109375, 5%=-2833.550048828125, 10%=-2761.89990234375, 25%=-2667.75, 50%=-2577.5, 75%=-2493.0, 90%=-2403.800048828125, 95%=-2376.0, 98%=-2317.919921875
ranking_best_algo: DiscreteLengler2OnePlusOne
ranking_best_score: 2617.04
ranking_my_rank: 47/504 (90.9%)
ranking_my_percent: 90.87301587301587
