ConfigName: krbf__advnormalizedfitness__M4__L15__eps0p025__g0p01__ds0p3__dm0p01
Problem: NK
Kernel: rbf
Advantage: normalizedfitness
M: 4
lambda: 15
epsilon_svgd: 0.025
gamma: 0.01
decay_start_ratio: 0.3
decay_min_factor: 0.01
bandwith_kernel: None
no_interact: False
avg_score: 0.5748645663261414
median_score: 0.5747908353805542
std_score: 0.005654394160956144
percentiles: 2%=0.5659008026123047, 5%=0.5663233399391174, 10%=0.5668923854827881, 25%=0.5704744458198547, 50%=0.5747908353805542, 75%=0.579108715057373, 90%=0.5817966461181641, 95%=0.5832449793815613, 98%=0.5859068036079407
ranking_best_algo: PBIL
ranking_best_score: 0.7170882103515624
ranking_my_rank: 388/504 (23.2%)
ranking_my_percent: 23.214285714285715
