ConfigName: krbf__advnormalizedfitness__M3__L15__eps0p015__g0p007__ds0p01__dm0p3
Problem: NK
Kernel: rbf
Advantage: normalizedfitness
M: 3
lambda: 15
epsilon_svgd: 0.015
gamma: 0.007
decay_start_ratio: 0.01
decay_min_factor: 0.3
bandwith_kernel: None
no_interact: False
avg_score: 0.7084821462631226
median_score: 0.7100309133529663
std_score: 0.015629516914486885
percentiles: 2%=0.6680143475532532, 5%=0.6696341037750244, 10%=0.6949385404586792, 25%=0.7037899494171143, 50%=0.7100309133529663, 75%=0.7174824476242065, 90%=0.724058985710144, 95%=0.7297688722610474, 98%=0.7316567301750183
ranking_best_algo: CMApara
ranking_best_score: 0.707475975
ranking_my_rank: 1/504 (100.0%)
ranking_my_percent: 100.0
