ConfigName: kjsd__advperagentrankweighted__M3__L20__eps0p007__g0p0007__ds0p2__dm0p05
Problem: QUBO
Kernel: jsd
Advantage: peragentrankweighted
M: 3
lambda: 20
epsilon_svgd: 0.007
gamma: 0.0007
decay_start_ratio: 0.2
decay_min_factor: 0.05
bandwith_kernel: None
no_interact: False
avg_score: -1188.260009765625
median_score: -1186.0
std_score: 64.052734375
percentiles: 2%=-1353.0799560546875, 5%=-1300.699951171875, 10%=-1259.0999755859375, 25%=-1228.25, 50%=-1186.0, 75%=-1134.75, 90%=-1115.9000244140625, 95%=-1099.9000244140625, 98%=-1090.93994140625
ranking_best_algo: Tabu
ranking_best_score: 1216.16
ranking_my_rank: 61/504 (88.1%)
ranking_my_percent: 88.0952380952381
