ConfigName: kjsd__advperagentrankweighted__M3__L16__eps0p007__g0p0005__ds0p1__dm0p05
Problem: QUBO
Kernel: jsd
Advantage: peragentrankweighted
M: 3
lambda: 16
epsilon_svgd: 0.007
gamma: 0.0005
decay_start_ratio: 0.1
decay_min_factor: 0.05
bandwith_kernel: None
no_interact: False
avg_score: -411.32000732421875
median_score: -414.0
std_score: 29.339012145996094
percentiles: 2%=-475.0, 5%=-469.1000061035156, 10%=-450.0, 25%=-429.25, 50%=-414.0, 75%=-388.0, 90%=-373.6000061035156, 95%=-362.0, 98%=-359.9200134277344
ranking_best_algo: Tabu
ranking_best_score: 438.12
ranking_my_rank: 80/504 (84.3%)
ranking_my_percent: 84.32539682539682
