ConfigName: kfr__advglobalrankweighted__M4__L5__eps0p01__g0p01__ds0p01__dm0p01
Problem: QUBO
Kernel: fr
Advantage: globalrankweighted
M: 4
lambda: 5
epsilon_svgd: 0.01
gamma: 0.01
decay_start_ratio: 0.01
decay_min_factor: 0.01
bandwith_kernel: None
no_interact: False
avg_score: -446.3999938964844
median_score: -445.5
std_score: 22.547727584838867
percentiles: 2%=-489.17999267578125, 5%=-485.0, 10%=-473.0, 25%=-462.5, 50%=-445.5, 75%=-431.75, 90%=-415.79998779296875, 95%=-407.9000244140625, 98%=-403.0
ranking_best_algo: CMApara
ranking_best_score: 453.82
ranking_my_rank: 2/504 (99.8%)
ranking_my_percent: 99.8015873015873
