ConfigName: krbf__advnormalizedfitness__M3__L12__eps0p025__g0p005__ds0p15__dm0p3
Problem: NK
Kernel: rbf
Advantage: normalizedfitness
M: 3
lambda: 12
epsilon_svgd: 0.025
gamma: 0.005
decay_start_ratio: 0.15
decay_min_factor: 0.3
bandwith_kernel: None
no_interact: False
avg_score: 0.723522961139679
median_score: 0.7229434847831726
std_score: 0.013015410862863064
percentiles: 2%=0.7005744576454163, 5%=0.7013223767280579, 10%=0.7065876722335815, 25%=0.7142118811607361, 50%=0.7229434847831726, 75%=0.7331586480140686, 90%=0.7406636476516724, 95%=0.7454864978790283, 98%=0.74651700258255
ranking_best_algo: Tabu
ranking_best_score: 0.7429702712499999
ranking_my_rank: 5/504 (99.2%)
ranking_my_percent: 99.2063492063492
