ConfigName: krbf__advnormalizedfitness__M3__L8__eps0p015__g0p015__ds0p3__dm0p01
Problem: NK
Kernel: rbf
Advantage: normalizedfitness
M: 3
lambda: 8
epsilon_svgd: 0.015
gamma: 0.015
decay_start_ratio: 0.3
decay_min_factor: 0.01
bandwith_kernel: None
no_interact: False
avg_score: 0.7523318529129028
median_score: 0.7544853687286377
std_score: 0.01326645165681839
percentiles: 2%=0.7249975204467773, 5%=0.7301527261734009, 10%=0.7339140772819519, 25%=0.7409783005714417, 50%=0.7544853687286377, 75%=0.762188732624054, 90%=0.7669981718063354, 95%=0.7719616293907166, 98%=0.7740597724914551
ranking_best_algo: Tabu
ranking_best_score: 0.7657846284375001
ranking_my_rank: 13/504 (97.6%)
ranking_my_percent: 97.61904761904762
