ConfigName: krbf__advnormalizedfitness__M3__L10__eps0p033__g0p007__ds0p3__dm0p01
Problem: NK
Kernel: rbf
Advantage: normalizedfitness
M: 3
lambda: 10
epsilon_svgd: 0.033
gamma: 0.007
decay_start_ratio: 0.3
decay_min_factor: 0.01
bandwith_kernel: None
no_interact: False
avg_score: 0.7308313250541687
median_score: 0.7306033372879028
std_score: 0.01181910652667284
percentiles: 2%=0.7074668407440186, 5%=0.7102601528167725, 10%=0.7151533961296082, 25%=0.723600447177887, 50%=0.7306033372879028, 75%=0.737281084060669, 90%=0.7467648386955261, 95%=0.7503544092178345, 98%=0.7564873099327087
ranking_best_algo: Tabu
ranking_best_score: 0.7429702712499999
ranking_my_rank: 2/504 (99.8%)
ranking_my_percent: 99.8015873015873
