ConfigName: kjsd__advperagentrankweighted__M4__L20__eps0p005__g0p001__ds0p1__dm0p1
Problem: QUBO
Kernel: jsd
Advantage: peragentrankweighted
M: 4
lambda: 20
epsilon_svgd: 0.005
gamma: 0.001
decay_start_ratio: 0.1
decay_min_factor: 0.1
bandwith_kernel: None
no_interact: False
avg_score: -149.17999267578125
median_score: -147.5
std_score: 12.195391654968262
percentiles: 2%=-179.0, 5%=-179.0, 10%=-160.39999389648438, 25%=-156.0, 50%=-147.5, 75%=-141.0, 90%=-135.89999389648438, 95%=-133.9499969482422, 98%=-127.95999908447266
ranking_best_algo: CMApara
ranking_best_score: 154.28
ranking_my_rank: 79/504 (84.5%)
ranking_my_percent: 84.52380952380952
