ConfigName: kfr__advglobalrankweighted__M2__L8__eps0p01__g0p003__ds0p01__dm0p01
Problem: QUBO
Kernel: fr
Advantage: globalrankweighted
M: 2
lambda: 8
epsilon_svgd: 0.01
gamma: 0.003
decay_start_ratio: 0.01
decay_min_factor: 0.01
bandwith_kernel: None
no_interact: False
avg_score: -1288.5799560546875
median_score: -1294.5
std_score: 59.22874069213867
percentiles: 2%=-1402.3399658203125, 5%=-1382.0, 10%=-1363.4000244140625, 25%=-1332.0, 50%=-1294.5, 75%=-1244.0, 90%=-1215.0, 95%=-1181.0, 98%=-1168.919921875
ranking_best_algo: BigLognormalDiscreteOnePlusOne
ranking_best_score: 1301.3600000000004
ranking_my_rank: 4/504 (99.4%)
ranking_my_percent: 99.4047619047619
