ConfigName: kjsd__advperagentrankweighted__M5__L10__eps0p005__g0p0007__ds0p2__dm0p05
Problem: NK
Kernel: jsd
Advantage: peragentrankweighted
M: 5
lambda: 10
epsilon_svgd: 0.005
gamma: 0.0007
decay_start_ratio: 0.2
decay_min_factor: 0.05
bandwith_kernel: None
no_interact: False
avg_score: 0.7356188297271729
median_score: 0.7372332811355591
std_score: 0.009174501523375511
percentiles: 2%=0.7154494524002075, 5%=0.7166486978530884, 10%=0.7204548120498657, 25%=0.7304011583328247, 50%=0.7372332811355591, 75%=0.7429347038269043, 90%=0.7464653849601746, 95%=0.7475351691246033, 98%=0.7481978535652161
ranking_best_algo: PBIL
ranking_best_score: 0.7248786399609374
ranking_my_rank: 1/504 (100.0%)
ranking_my_percent: 100.0
