ConfigName: krbf__advnormalizedfitness__M4__L15__eps0p015__g0p005__ds0p15__dm0p3
Problem: NK
Kernel: rbf
Advantage: normalizedfitness
M: 4
lambda: 15
epsilon_svgd: 0.015
gamma: 0.005
decay_start_ratio: 0.15
decay_min_factor: 0.3
bandwith_kernel: None
no_interact: False
avg_score: 0.6373841762542725
median_score: 0.6378008127212524
std_score: 0.011108803562819958
percentiles: 2%=0.6155885457992554, 5%=0.620441198348999, 10%=0.623126208782196, 25%=0.6294349431991577, 50%=0.6378008127212524, 75%=0.6437435746192932, 90%=0.653175413608551, 95%=0.656554639339447, 98%=0.659936249256134
ranking_best_algo: PBIL
ranking_best_score: 0.733570253046875
ranking_my_rank: 307/504 (39.3%)
ranking_my_percent: 39.285714285714285
