ConfigName: kjsd__advperagentrankweighted__M5__L10__eps0p01__g0p0007__ds0p2__dm0p2
Problem: NK
Kernel: jsd
Advantage: peragentrankweighted
M: 5
lambda: 10
epsilon_svgd: 0.01
gamma: 0.0007
decay_start_ratio: 0.2
decay_min_factor: 0.2
bandwith_kernel: None
no_interact: False
avg_score: 0.7370347380638123
median_score: 0.7386336326599121
std_score: 0.009114429354667664
percentiles: 2%=0.7174228429794312, 5%=0.7193065881729126, 10%=0.7226958274841309, 25%=0.7324665784835815, 50%=0.7386336326599121, 75%=0.7429117560386658, 90%=0.7469025254249573, 95%=0.750121533870697, 98%=0.7519150972366333
ranking_best_algo: PBIL
ranking_best_score: 0.730509098125
ranking_my_rank: 1/504 (100.0%)
ranking_my_percent: 100.0
