ConfigName: kjsd__advperagentrankweighted__M4__L12__eps0p005__g0p0003__ds0p05__dm0p05
Problem: QUBO
Kernel: jsd
Advantage: peragentrankweighted
M: 4
lambda: 12
epsilon_svgd: 0.005
gamma: 0.0003
decay_start_ratio: 0.05
decay_min_factor: 0.05
bandwith_kernel: None
no_interact: False
avg_score: -199.8800048828125
median_score: -201.5
std_score: 12.405869483947754
percentiles: 2%=-224.0, 5%=-222.0, 10%=-215.10000610351562, 25%=-208.25, 50%=-201.5, 75%=-190.75, 90%=-182.89999389648438, 95%=-178.9499969482422, 98%=-176.94000244140625
ranking_best_algo: Tabu
ranking_best_score: 208.36000000000004
ranking_my_rank: 59/504 (88.5%)
ranking_my_percent: 88.4920634920635
