ConfigName: kjsd__advperagentrankweighted__M5__L8__eps0p005__g0p0005__ds0p2__dm0p2
Problem: QUBO
Kernel: jsd
Advantage: peragentrankweighted
M: 5
lambda: 8
epsilon_svgd: 0.005
gamma: 0.0005
decay_start_ratio: 0.2
decay_min_factor: 0.2
bandwith_kernel: None
no_interact: False
avg_score: -308.1600036621094
median_score: -311.0
std_score: 40.56074523925781
percentiles: 2%=-396.0400085449219, 5%=-390.1000061035156, 10%=-358.6000061035156, 25%=-334.5, 50%=-311.0, 75%=-272.0, 90%=-261.8999938964844, 95%=-256.6499938964844, 98%=-245.9600067138672
ranking_best_algo: CMApara
ranking_best_score: 319.29999999999995
ranking_my_rank: 90/504 (82.3%)
ranking_my_percent: 82.34126984126983
