ConfigName: kfr__advglobalrankweighted__M6__L11__eps0p02__g0p007__ds0p01__dm0p01
Problem: QUBO
Kernel: fr
Advantage: globalrankweighted
M: 6
lambda: 11
epsilon_svgd: 0.02
gamma: 0.007
decay_start_ratio: 0.01
decay_min_factor: 0.01
bandwith_kernel: None
no_interact: False
avg_score: -545.4000244140625
median_score: -545.0
std_score: 32.165199279785156
percentiles: 2%=-613.0399780273438, 5%=-597.0999755859375, 10%=-587.2000122070312, 25%=-566.5, 50%=-545.0, 75%=-525.75, 90%=-503.79998779296875, 95%=-489.8000183105469, 98%=-481.0
ranking_best_algo: Tabu
ranking_best_score: 588.7199999999999
ranking_my_rank: 157/503 (69.0%)
ranking_my_percent: 68.98608349900596
