ConfigName: kjsd__advperagentrankweighted__M5__L24__eps0p005__g0p0005__ds0p3__dm0p05
Problem: NK
Kernel: jsd
Advantage: peragentrankweighted
M: 5
lambda: 24
epsilon_svgd: 0.005
gamma: 0.0005
decay_start_ratio: 0.3
decay_min_factor: 0.05
bandwith_kernel: None
no_interact: False
avg_score: 0.7554071545600891
median_score: 0.7575026750564575
std_score: 0.012675260193645954
percentiles: 2%=0.7298095226287842, 5%=0.7337665557861328, 10%=0.7367827296257019, 25%=0.7463382482528687, 50%=0.7575026750564575, 75%=0.7649573683738708, 90%=0.768575131893158, 95%=0.7727629542350769, 98%=0.7757041454315186
ranking_best_algo: Tabu
ranking_best_score: 0.7470791764843752
ranking_my_rank: 1/504 (100.0%)
ranking_my_percent: 100.0
