ConfigName: krbf__advnormalizedfitness__M3__L8__eps0p033__g0p01__ds0p01__dm0p01
Problem: NK
Kernel: rbf
Advantage: normalizedfitness
M: 3
lambda: 8
epsilon_svgd: 0.033
gamma: 0.01
decay_start_ratio: 0.01
decay_min_factor: 0.01
bandwith_kernel: None
no_interact: False
avg_score: 0.7113624811172485
median_score: 0.6985580325126648
std_score: 0.03141079097986221
percentiles: 2%=0.6734524965286255, 5%=0.6751645803451538, 10%=0.6783626675605774, 25%=0.6824496388435364, 50%=0.6985580325126648, 75%=0.7467960119247437, 90%=0.7525893449783325, 95%=0.7613165378570557, 98%=0.7613165378570557
ranking_best_algo: CMApara
ranking_best_score: 0.7118996098437498
ranking_my_rank: 2/504 (99.8%)
ranking_my_percent: 99.8015873015873
