ConfigName: krbf__advnormalizedfitness__M1__L8__eps0p015__g0p01__ds0p3__dm0p3
Problem: NK
Kernel: rbf
Advantage: normalizedfitness
M: 1
lambda: 8
epsilon_svgd: 0.015
gamma: 0.01
decay_start_ratio: 0.3
decay_min_factor: 0.3
bandwith_kernel: None
no_interact: False
avg_score: 0.7495547533035278
median_score: 0.7498971223831177
std_score: 0.014386804774403572
percentiles: 2%=0.7215021252632141, 5%=0.730171799659729, 10%=0.7326589226722717, 25%=0.7396231889724731, 50%=0.7498971223831177, 75%=0.7584058046340942, 90%=0.7680155038833618, 95%=0.7744871973991394, 98%=0.7768560647964478
ranking_best_algo: Tabu
ranking_best_score: 0.7470791764843752
ranking_my_rank: 1/504 (100.0%)
ranking_my_percent: 100.0
