ConfigName: kjsd__advperagentrankweighted__M4__L8__eps0p02__g0p0005__ds0p05__dm0p05
Problem: NK
Kernel: jsd
Advantage: peragentrankweighted
M: 4
lambda: 8
epsilon_svgd: 0.02
gamma: 0.0005
decay_start_ratio: 0.05
decay_min_factor: 0.05
bandwith_kernel: None
no_interact: False
avg_score: 0.7282074689865112
median_score: 0.7293363213539124
std_score: 0.010032230988144875
percentiles: 2%=0.709019660949707, 5%=0.7100952863693237, 10%=0.7148323059082031, 25%=0.7209347486495972, 50%=0.7293363213539124, 75%=0.7348958253860474, 90%=0.7404626607894897, 95%=0.7413097023963928, 98%=0.7459481358528137
ranking_best_algo: PBIL
ranking_best_score: 0.730509098125
ranking_my_rank: 7/504 (98.8%)
ranking_my_percent: 98.80952380952381
