ConfigName: kjsd__advperagentrankweighted__M4__L12__eps0p01__g0p0007__ds0p2__dm0p05
Problem: QUBO
Kernel: jsd
Advantage: peragentrankweighted
M: 4
lambda: 12
epsilon_svgd: 0.01
gamma: 0.0007
decay_start_ratio: 0.2
decay_min_factor: 0.05
bandwith_kernel: None
no_interact: False
avg_score: -582.5599975585938
median_score: -582.0
std_score: 26.66770362854004
percentiles: 2%=-637.0399780273438, 5%=-633.1500244140625, 10%=-615.2000122070312, 25%=-599.75, 50%=-582.0, 75%=-562.75, 90%=-549.9000244140625, 95%=-541.9500122070312, 98%=-532.9199829101562
ranking_best_algo: Tabu
ranking_best_score: 588.7199999999999
ranking_my_rank: 6/503 (99.0%)
ranking_my_percent: 99.00596421471172
