ConfigName: kjsd__advperagentrankweighted__M3__L18__eps0p005__g0p001__ds0p2__dm0p1
Problem: QUBO
Kernel: jsd
Advantage: peragentrankweighted
M: 3
lambda: 18
epsilon_svgd: 0.005
gamma: 0.001
decay_start_ratio: 0.2
decay_min_factor: 0.1
bandwith_kernel: None
no_interact: False
avg_score: -1605.93994140625
median_score: -1598.5
std_score: 59.404178619384766
percentiles: 2%=-1738.4000244140625, 5%=-1707.199951171875, 10%=-1677.199951171875, 25%=-1648.25, 50%=-1598.5, 75%=-1565.0, 90%=-1538.9000244140625, 95%=-1509.6500244140625, 98%=-1488.8199462890625
ranking_best_algo: NLOPT_LN_PRAXIS
ranking_best_score: 1607.12
ranking_my_rank: 3/504 (99.6%)
ranking_my_percent: 99.60317460317461
