ConfigName: krbf__advnormalizedfitness__M3__L15__eps0p015__g0p005__ds0p15__dm0p3
Problem: QUBO
Kernel: rbf
Advantage: normalizedfitness
M: 3
lambda: 15
epsilon_svgd: 0.015
gamma: 0.005
decay_start_ratio: 0.15
decay_min_factor: 0.3
bandwith_kernel: None
no_interact: False
avg_score: -415.82000732421875
median_score: -414.0
std_score: 29.406248092651367
percentiles: 2%=-475.0, 5%=-469.1000061035156, 10%=-461.20001220703125, 25%=-435.25, 50%=-414.0, 75%=-396.75, 90%=-377.0, 95%=-369.95001220703125, 98%=-360.73992919921875
ranking_best_algo: CMAL3
ranking_best_score: 435.36
ranking_my_rank: 107/504 (79.0%)
ranking_my_percent: 78.96825396825396
