ConfigName: kjsd__advperagentrankweighted__M10__L24__eps0p008__g0p0005__ds0p3__dm0p05
Problem: NK
Kernel: jsd
Advantage: peragentrankweighted
M: 10
lambda: 24
epsilon_svgd: 0.008
gamma: 0.0005
decay_start_ratio: 0.3
decay_min_factor: 0.05
bandwith_kernel: None
no_interact: False
avg_score: 0.7472074031829834
median_score: 0.7500447034835815
std_score: 0.015565433539450169
percentiles: 2%=0.7178483009338379, 5%=0.7206078171730042, 10%=0.7260751724243164, 25%=0.7352266311645508, 50%=0.7500447034835815, 75%=0.759764552116394, 90%=0.7661919593811035, 95%=0.769178032875061, 98%=0.771950900554657
ranking_best_algo: Tabu
ranking_best_score: 0.7657846284375001
ranking_my_rank: 35/504 (93.3%)
ranking_my_percent: 93.25396825396825
