ConfigName: kjsd__advperagentrankweighted__M4__L10__eps0p03__g0p0005__ds0p2__dm0p05
Problem: QUBO
Kernel: jsd
Advantage: peragentrankweighted
M: 4
lambda: 10
epsilon_svgd: 0.03
gamma: 0.0005
decay_start_ratio: 0.2
decay_min_factor: 0.05
bandwith_kernel: None
no_interact: False
avg_score: -195.5
median_score: -196.5
std_score: 12.543923377990723
percentiles: 2%=-224.0, 5%=-211.3000030517578, 10%=-210.0, 25%=-205.0, 50%=-196.5, 75%=-187.75, 90%=-178.8000030517578, 95%=-175.8000030517578, 98%=-171.0
ranking_best_algo: Tabu
ranking_best_score: 208.36000000000004
ranking_my_rank: 208/504 (58.9%)
ranking_my_percent: 58.92857142857143
