ConfigName: kjsd__advperagentrankweighted__M6__L8__eps0p02__g0p0007__ds0p2__dm0p05
Problem: QUBO
Kernel: jsd
Advantage: peragentrankweighted
M: 6
lambda: 8
epsilon_svgd: 0.02
gamma: 0.0007
decay_start_ratio: 0.2
decay_min_factor: 0.05
bandwith_kernel: None
no_interact: False
avg_score: -429.5199890136719
median_score: -426.0
std_score: 29.366130828857422
percentiles: 2%=-487.0400085449219, 5%=-477.1000061035156, 10%=-471.0, 25%=-446.25, 50%=-426.0, 75%=-412.5, 90%=-397.0, 95%=-392.75, 98%=-365.7200012207031
ranking_best_algo: CMAL3
ranking_best_score: 435.36
ranking_my_rank: 10/504 (98.2%)
ranking_my_percent: 98.21428571428571
