ConfigName: kjsd__advperagentrankweighted__M4__L24__eps0p03__g0p0003__ds0p05__dm0p05
Problem: QUBO
Kernel: jsd
Advantage: peragentrankweighted
M: 4
lambda: 24
epsilon_svgd: 0.03
gamma: 0.0003
decay_start_ratio: 0.05
decay_min_factor: 0.05
bandwith_kernel: None
no_interact: False
avg_score: -323.6000061035156
median_score: -326.0
std_score: 24.45894432067871
percentiles: 2%=-372.0, 5%=-360.04998779296875, 10%=-352.1000061035156, 25%=-341.0, 50%=-326.0, 75%=-308.0, 90%=-290.5, 95%=-278.0, 98%=-269.9599914550781
ranking_best_algo: CMApara
ranking_best_score: 344.22
ranking_my_rank: 130/504 (74.4%)
ranking_my_percent: 74.4047619047619
