ConfigName: kjsd__advperagentrankweighted__M5__L8__eps0p03__g0p0005__ds0p2__dm0p05
Problem: QUBO
Kernel: jsd
Advantage: peragentrankweighted
M: 5
lambda: 8
epsilon_svgd: 0.03
gamma: 0.0005
decay_start_ratio: 0.2
decay_min_factor: 0.05
bandwith_kernel: None
no_interact: False
avg_score: -2516.760009765625
median_score: -2532.5
std_score: 115.33561706542969
percentiles: 2%=-2718.56005859375, 5%=-2696.699951171875, 10%=-2666.10009765625, 25%=-2600.25, 50%=-2532.5, 75%=-2440.75, 90%=-2356.699951171875, 95%=-2340.60009765625, 98%=-2293.56005859375
ranking_best_algo: SVM1MetaModelLogNormal
ranking_best_score: 2605.14
ranking_my_rank: 60/504 (88.3%)
ranking_my_percent: 88.2936507936508
