ConfigName: kjsd__advperagentrankweighted__M3__L20__eps0p01__g0p0005__ds0p2__dm0p1
Problem: NK
Kernel: jsd
Advantage: peragentrankweighted
M: 3
lambda: 20
epsilon_svgd: 0.01
gamma: 0.0005
decay_start_ratio: 0.2
decay_min_factor: 0.1
bandwith_kernel: None
no_interact: False
avg_score: 0.7210600972175598
median_score: 0.7213955521583557
std_score: 0.007019170559942722
percentiles: 2%=0.7037403583526611, 5%=0.7077977657318115, 10%=0.7122076153755188, 25%=0.7169914245605469, 50%=0.7213955521583557, 75%=0.7257877588272095, 90%=0.7301982045173645, 95%=0.731359601020813, 98%=0.732986569404602
ranking_best_algo: PBIL
ranking_best_score: 0.7170882103515624
ranking_my_rank: 1/504 (100.0%)
ranking_my_percent: 100.0
