ConfigName: kjsd__advperagentrankweighted__M5__L10__eps0p03__g0p0007__ds0p05__dm0p05
Problem: QUBO
Kernel: jsd
Advantage: peragentrankweighted
M: 5
lambda: 10
epsilon_svgd: 0.03
gamma: 0.0007
decay_start_ratio: 0.05
decay_min_factor: 0.05
bandwith_kernel: None
no_interact: False
avg_score: -950.97998046875
median_score: -953.0
std_score: 68.71287536621094
percentiles: 2%=-1074.0400390625, 5%=-1068.0, 10%=-1044.0, 25%=-1007.5, 50%=-953.0, 75%=-893.5, 90%=-860.4000244140625, 95%=-850.9000244140625, 98%=-824.9600219726562
ranking_best_algo: CMApara
ranking_best_score: 964.9
ranking_my_rank: 2/504 (99.8%)
ranking_my_percent: 99.8015873015873
