ConfigName: krbf__advnormalizedfitness__M3__L12__eps0p015__g0p01__ds0p3__dm0p3
Problem: NK
Kernel: rbf
Advantage: normalizedfitness
M: 3
lambda: 12
epsilon_svgd: 0.015
gamma: 0.01
decay_start_ratio: 0.3
decay_min_factor: 0.3
bandwith_kernel: None
no_interact: False
avg_score: 0.7041774988174438
median_score: 0.7051434516906738
std_score: 0.015842929482460022
percentiles: 2%=0.6636806130409241, 5%=0.6656325459480286, 10%=0.691533625125885, 25%=0.6981972455978394, 50%=0.7051434516906738, 75%=0.7144224643707275, 90%=0.7215486168861389, 95%=0.726295530796051, 98%=0.7278550863265991
ranking_best_algo: CMApara
ranking_best_score: 0.707475975
ranking_my_rank: 11/504 (98.0%)
ranking_my_percent: 98.01587301587301
