ConfigName: kjsd__advperagentrankweighted__M3__L30__eps0p005__g0p0005__ds0p2__dm0p05
Problem: QUBO
Kernel: jsd
Advantage: peragentrankweighted
M: 3
lambda: 30
epsilon_svgd: 0.005
gamma: 0.0005
decay_start_ratio: 0.2
decay_min_factor: 0.05
bandwith_kernel: None
no_interact: False
avg_score: -580.4199829101562
median_score: -581.5
std_score: 28.539508819580078
percentiles: 2%=-633.0399780273438, 5%=-628.0499877929688, 10%=-621.2000122070312, 25%=-600.25, 50%=-581.5, 75%=-562.75, 90%=-544.9000244140625, 95%=-533.8499755859375, 98%=-528.5
ranking_best_algo: Tabu
ranking_best_score: 588.7199999999999
ranking_my_rank: 38/503 (92.6%)
ranking_my_percent: 92.6441351888668
