ConfigName: kjsd__advperagentrankweighted__M3__L18__eps0p01__g0p0007__ds0p1__dm0p2
Problem: QUBO
Kernel: jsd
Advantage: peragentrankweighted
M: 3
lambda: 18
epsilon_svgd: 0.01
gamma: 0.0007
decay_start_ratio: 0.1
decay_min_factor: 0.2
bandwith_kernel: None
no_interact: False
avg_score: -1633.5400390625
median_score: -1636.0
std_score: 60.414306640625
percentiles: 2%=-1754.239990234375, 5%=-1729.3499755859375, 10%=-1717.0999755859375, 25%=-1677.5, 50%=-1636.0, 75%=-1590.25, 90%=-1549.0, 95%=-1544.949951171875, 98%=-1518.8399658203125
ranking_best_algo: NLOPT_LN_PRAXIS
ranking_best_score: 1607.12
ranking_my_rank: 1/504 (100.0%)
ranking_my_percent: 100.0
