ConfigName: krbf__advnormalizedfitness__M4__L8__eps0p025__g0p005__ds0p01__dm0p01
Problem: NK
Kernel: rbf
Advantage: normalizedfitness
M: 4
lambda: 8
epsilon_svgd: 0.025
gamma: 0.005
decay_start_ratio: 0.01
decay_min_factor: 0.01
bandwith_kernel: None
no_interact: False
avg_score: 0.7579693794250488
median_score: 0.757959246635437
std_score: 0.011533644050359726
percentiles: 2%=0.7384811639785767, 5%=0.7411506175994873, 10%=0.7428932785987854, 25%=0.7494058609008789, 50%=0.757959246635437, 75%=0.7660989761352539, 90%=0.7729822993278503, 95%=0.7754666805267334, 98%=0.7788848280906677
ranking_best_algo: Tabu
ranking_best_score: 0.7470791764843752
ranking_my_rank: 1/504 (100.0%)
ranking_my_percent: 100.0
