ConfigName: kjsd__advperagentrankweighted__M6__L8__eps0p03__g0p0005__ds0p05__dm0p05
Problem: QUBO
Kernel: jsd
Advantage: peragentrankweighted
M: 6
lambda: 8
epsilon_svgd: 0.03
gamma: 0.0005
decay_start_ratio: 0.05
decay_min_factor: 0.05
bandwith_kernel: None
no_interact: False
avg_score: -311.79998779296875
median_score: -316.0
std_score: 38.5164909362793
percentiles: 2%=-396.0, 5%=-388.0, 10%=-359.0, 25%=-334.5, 50%=-316.0, 75%=-275.75, 90%=-266.0, 95%=-263.79998779296875, 98%=-253.89999389648438
ranking_best_algo: CMApara
ranking_best_score: 319.29999999999995
ranking_my_rank: 36/504 (93.1%)
ranking_my_percent: 93.05555555555556
