ConfigName: kjsd__advperagentrankweighted__M3__L16__eps0p007__g0p0005__ds0p05__dm0p2
Problem: NK
Kernel: jsd
Advantage: peragentrankweighted
M: 3
lambda: 16
epsilon_svgd: 0.007
gamma: 0.0005
decay_start_ratio: 0.05
decay_min_factor: 0.2
bandwith_kernel: None
no_interact: False
avg_score: 0.738050639629364
median_score: 0.7377966642379761
std_score: 0.014672842808067799
percentiles: 2%=0.7106705904006958, 5%=0.7163638472557068, 10%=0.7190355658531189, 25%=0.7271894216537476, 50%=0.7377966642379761, 75%=0.7477234601974487, 90%=0.7579675316810608, 95%=0.7611366510391235, 98%=0.7653234601020813
ranking_best_algo: Tabu
ranking_best_score: 0.7601875690625
ranking_my_rank: 19/504 (96.4%)
ranking_my_percent: 96.42857142857143
