ConfigName: krbf__advnormalizedfitness__M3__L12__eps0p025__g0p005__ds0p01__dm0p3
Problem: QUBO
Kernel: rbf
Advantage: normalizedfitness
M: 3
lambda: 12
epsilon_svgd: 0.025
gamma: 0.005
decay_start_ratio: 0.01
decay_min_factor: 0.3
bandwith_kernel: None
no_interact: False
avg_score: -904.719970703125
median_score: -906.5
std_score: 63.93326187133789
percentiles: 2%=-1031.0999755859375, 5%=-998.5999755859375, 10%=-982.0, 25%=-957.0, 50%=-906.5, 75%=-855.75, 90%=-820.9000244140625, 95%=-808.6000366210938, 98%=-797.639892578125
ranking_best_algo: CMAL3
ranking_best_score: 928.5800000000002
ranking_my_rank: 64/504 (87.5%)
ranking_my_percent: 87.5
