ConfigName: krbf__advnormalizedfitness__M2__L10__eps0p033__g0p01__ds0p01__dm0p3
Problem: NK
Kernel: rbf
Advantage: normalizedfitness
M: 2
lambda: 10
epsilon_svgd: 0.033
gamma: 0.01
decay_start_ratio: 0.01
decay_min_factor: 0.3
bandwith_kernel: None
no_interact: False
avg_score: 0.7426727414131165
median_score: 0.7399160861968994
std_score: 0.02884332463145256
percentiles: 2%=0.6942618489265442, 5%=0.6994017958641052, 10%=0.7116372585296631, 25%=0.7210164070129395, 50%=0.7399160861968994, 75%=0.7568355798721313, 90%=0.7782467603683472, 95%=0.8044298887252808, 98%=0.8045783638954163
ranking_best_algo: CMApara
ranking_best_score: 0.7459277895312499
ranking_my_rank: 17/504 (96.8%)
ranking_my_percent: 96.82539682539682
