ConfigName: kjsd__advperagentrankweighted__M4__L24__eps0p005__g0p0007__ds0p4__dm0p05
Problem: NK
Kernel: jsd
Advantage: peragentrankweighted
M: 4
lambda: 24
epsilon_svgd: 0.005
gamma: 0.0007
decay_start_ratio: 0.4
decay_min_factor: 0.05
bandwith_kernel: None
no_interact: False
avg_score: 0.6443234086036682
median_score: 0.642196536064148
std_score: 0.018168609589338303
percentiles: 2%=0.6170268058776855, 5%=0.6207600831985474, 10%=0.6272434592247009, 25%=0.6321274042129517, 50%=0.642196536064148, 75%=0.6505711078643799, 90%=0.6667974591255188, 95%=0.6818558573722839, 98%=0.6953979134559631
ranking_best_algo: PBIL
ranking_best_score: 0.7170882103515624
ranking_my_rank: 296/504 (41.5%)
ranking_my_percent: 41.46825396825397
