ConfigName: kjsd__advperagentrankweighted__M3__L16__eps0p01__g0p0005__ds0p2__dm0p05
Problem: QUBO
Kernel: jsd
Advantage: peragentrankweighted
M: 3
lambda: 16
epsilon_svgd: 0.01
gamma: 0.0005
decay_start_ratio: 0.2
decay_min_factor: 0.05
bandwith_kernel: None
no_interact: False
avg_score: -574.1400146484375
median_score: -574.5
std_score: 32.01844024658203
percentiles: 2%=-635.0399780273438, 5%=-631.0, 10%=-619.4000244140625, 25%=-595.0, 50%=-574.5, 75%=-552.5, 90%=-534.7000122070312, 95%=-521.9000244140625, 98%=-514.8200073242188
ranking_best_algo: Tabu
ranking_best_score: 588.7199999999999
ranking_my_rank: 57/503 (88.9%)
ranking_my_percent: 88.86679920477137
