ConfigName: kfr__advglobalrankweighted__M6__L7__eps0p01__g0p007__ds0p01__dm0p01
Problem: QUBO
Kernel: fr
Advantage: globalrankweighted
M: 6
lambda: 7
epsilon_svgd: 0.01
gamma: 0.007
decay_start_ratio: 0.01
decay_min_factor: 0.01
bandwith_kernel: None
no_interact: False
avg_score: -807.52001953125
median_score: -802.0
std_score: 66.76817321777344
percentiles: 2%=-946.219970703125, 5%=-911.0999755859375, 10%=-899.2000122070312, 25%=-859.0, 50%=-802.0, 75%=-756.75, 90%=-729.9000244140625, 95%=-721.9500122070312, 98%=-664.8999633789062
ranking_best_algo: CMAL3
ranking_best_score: 928.5800000000002
ranking_my_rank: 267/504 (47.2%)
ranking_my_percent: 47.22222222222222
