ConfigName: kjsd__advperagentrankweighted__M3__L30__eps0p007__g0p001__ds0p05__dm0p2
Problem: QUBO
Kernel: jsd
Advantage: peragentrankweighted
M: 3
lambda: 30
epsilon_svgd: 0.007
gamma: 0.001
decay_start_ratio: 0.05
decay_min_factor: 0.2
bandwith_kernel: None
no_interact: False
avg_score: -576.2999877929688
median_score: -576.5
std_score: 26.993146896362305
percentiles: 2%=-629.2000122070312, 5%=-621.2000122070312, 10%=-612.2999877929688, 25%=-594.25, 50%=-576.5, 75%=-560.0, 90%=-538.7000122070312, 95%=-533.0, 98%=-530.9600219726562
ranking_best_algo: Tabu
ranking_best_score: 588.7199999999999
ranking_my_rank: 56/503 (89.1%)
ranking_my_percent: 89.06560636182903
