ConfigName: krbf__advnormalizedfitness__M3__L24__eps0p03__g0p01__ds0p15__dm0p05
Problem: QUBO
Kernel: rbf
Advantage: normalizedfitness
M: 3
lambda: 24
epsilon_svgd: 0.03
gamma: 0.01
decay_start_ratio: 0.15
decay_min_factor: 0.05
bandwith_kernel: None
no_interact: False
avg_score: -139.36000061035156
median_score: -141.0
std_score: 11.919328689575195
percentiles: 2%=-159.02000427246094, 5%=-158.0, 10%=-156.10000610351562, 25%=-146.25, 50%=-141.0, 75%=-130.75, 90%=-123.0, 95%=-120.80000305175781, 98%=-116.94000244140625
ranking_best_algo: DiscreteDE
ranking_best_score: 143.4
ranking_my_rank: 86/504 (83.1%)
ranking_my_percent: 83.13492063492063
