ConfigName: kjsd__advperagentrankweighted__M3__L18__eps0p007__g0p001__ds0p2__dm0p2
Problem: QUBO
Kernel: jsd
Advantage: peragentrankweighted
M: 3
lambda: 18
epsilon_svgd: 0.007
gamma: 0.001
decay_start_ratio: 0.2
decay_min_factor: 0.2
bandwith_kernel: None
no_interact: False
avg_score: -1236.0999755859375
median_score: -1237.5
std_score: 61.66790008544922
percentiles: 2%=-1356.219970703125, 5%=-1338.3499755859375, 10%=-1323.4000244140625, 25%=-1267.75, 50%=-1237.5, 75%=-1197.0, 90%=-1164.800048828125, 95%=-1122.949951171875, 98%=-1110.93994140625
ranking_best_algo: SVMMetaModelLogNormal
ranking_best_score: 1233.7999999999997
ranking_my_rank: 1/504 (100.0%)
ranking_my_percent: 100.0
