ConfigName: kjsd__advperagentrankweighted__M3__L20__eps0p005__g0p001__ds0p05__dm0p05
Problem: NK
Kernel: jsd
Advantage: peragentrankweighted
M: 3
lambda: 20
epsilon_svgd: 0.005
gamma: 0.001
decay_start_ratio: 0.05
decay_min_factor: 0.05
bandwith_kernel: None
no_interact: False
avg_score: 0.7542102336883545
median_score: 0.756196141242981
std_score: 0.013727042824029922
percentiles: 2%=0.7269265055656433, 5%=0.7308867573738098, 10%=0.7367782592773438, 25%=0.7421478033065796, 50%=0.756196141242981, 75%=0.764802098274231, 90%=0.7703655958175659, 95%=0.7710243463516235, 98%=0.7773972153663635
ranking_best_algo: Tabu
ranking_best_score: 0.7657846284375001
ranking_my_rank: 7/504 (98.8%)
ranking_my_percent: 98.80952380952381
