ConfigName: krbf__advglobalrankweighted__M4__L11__eps0p02__g0p003__ds0p01__dm0p01
Problem: QUBO
Kernel: rbf
Advantage: globalrankweighted
M: 4
lambda: 11
epsilon_svgd: 0.02
gamma: 0.003
decay_start_ratio: 0.01
decay_min_factor: 0.01
bandwith_kernel: None
no_interact: False
avg_score: -198.8800048828125
median_score: -201.0
std_score: 12.741491317749023
percentiles: 2%=-224.0, 5%=-221.0500030517578, 10%=-215.39999389648438, 25%=-207.0, 50%=-201.0, 75%=-191.0, 90%=-182.89999389648438, 95%=-176.0, 98%=-170.95999145507812
ranking_best_algo: Tabu
ranking_best_score: 208.36000000000004
ranking_my_rank: 89/504 (82.5%)
ranking_my_percent: 82.53968253968254
