ConfigName: kfr__advglobalrankweighted__M3__L10__eps0p015__g0p007__ds0p01__dm0p01
Problem: QUBO
Kernel: fr
Advantage: globalrankweighted
M: 3
lambda: 10
epsilon_svgd: 0.015
gamma: 0.007
decay_start_ratio: 0.01
decay_min_factor: 0.01
bandwith_kernel: None
no_interact: False
avg_score: -307.55999755859375
median_score: -299.0
std_score: 38.73094940185547
percentiles: 2%=-398.0, 5%=-390.0, 10%=-360.79998779296875, 25%=-332.0, 50%=-299.0, 75%=-276.0, 90%=-268.6000061035156, 95%=-259.70001220703125, 98%=-251.87997436523438
ranking_best_algo: CMApara
ranking_best_score: 319.29999999999995
ranking_my_rank: 96/504 (81.2%)
ranking_my_percent: 81.15079365079364
