ConfigName: kjsd__advperagentrankweighted__M8__L10__eps0p008__g0p0005__ds0p3__dm0p05
Problem: QUBO
Kernel: jsd
Advantage: peragentrankweighted
M: 8
lambda: 10
epsilon_svgd: 0.008
gamma: 0.0005
decay_start_ratio: 0.3
decay_min_factor: 0.05
bandwith_kernel: None
no_interact: False
avg_score: -1208.1800537109375
median_score: -1206.0
std_score: 67.80345153808594
percentiles: 2%=-1334.800048828125, 5%=-1322.0999755859375, 10%=-1305.0999755859375, 25%=-1252.0, 50%=-1206.0, 75%=-1160.75, 90%=-1128.800048828125, 95%=-1113.0, 98%=-1062.9200439453125
ranking_best_algo: SVMMetaModelLogNormal
ranking_best_score: 1233.7999999999997
ranking_my_rank: 47/504 (90.9%)
ranking_my_percent: 90.87301587301587
