ConfigName: kjsd__advperagentrankweighted__M3__L18__eps0p007__g0p0007__ds0p1__dm0p1
Problem: NK
Kernel: jsd
Advantage: peragentrankweighted
M: 3
lambda: 18
epsilon_svgd: 0.007
gamma: 0.0007
decay_start_ratio: 0.1
decay_min_factor: 0.1
bandwith_kernel: None
no_interact: False
avg_score: 0.7222859263420105
median_score: 0.7219297289848328
std_score: 0.007846489548683167
percentiles: 2%=0.7090984582901001, 5%=0.7102277874946594, 10%=0.7128196954727173, 25%=0.7168984413146973, 50%=0.7219297289848328, 75%=0.7267157435417175, 90%=0.7324936389923096, 95%=0.7373406291007996, 98%=0.7404600977897644
ranking_best_algo: PBIL
ranking_best_score: 0.7170882103515624
ranking_my_rank: 1/504 (100.0%)
ranking_my_percent: 100.0
