ConfigName: kfr__advglobalrankweighted__M4__L13__eps0p03__g0p007__ds0p01__dm0p01
Problem: QUBO
Kernel: fr
Advantage: globalrankweighted
M: 4
lambda: 13
epsilon_svgd: 0.03
gamma: 0.007
decay_start_ratio: 0.01
decay_min_factor: 0.01
bandwith_kernel: None
no_interact: False
avg_score: -928.239990234375
median_score: -921.0
std_score: 64.73084259033203
percentiles: 2%=-1063.02001953125, 5%=-1035.699951171875, 10%=-1017.0, 25%=-978.5, 50%=-921.0, 75%=-886.75, 90%=-838.5999755859375, 95%=-830.9000244140625, 98%=-818.719970703125
ranking_best_algo: CMApara
ranking_best_score: 964.9
ranking_my_rank: 21/504 (96.0%)
ranking_my_percent: 96.03174603174604
