ConfigName: kjsd__advperagentrankweighted__M4__L20__eps0p005__g0p001__ds0p05__dm0p1
Problem: QUBO
Kernel: jsd
Advantage: peragentrankweighted
M: 4
lambda: 20
epsilon_svgd: 0.005
gamma: 0.001
decay_start_ratio: 0.05
decay_min_factor: 0.1
bandwith_kernel: None
no_interact: False
avg_score: -906.280029296875
median_score: -912.5
std_score: 66.68839263916016
percentiles: 2%=-1049.02001953125, 5%=-1015.2999877929688, 10%=-987.0999755859375, 25%=-950.25, 50%=-912.5, 75%=-857.5, 90%=-818.7999877929688, 95%=-800.9000244140625, 98%=-795.219970703125
ranking_best_algo: CMAL3
ranking_best_score: 928.5800000000002
ranking_my_rank: 60/504 (88.3%)
ranking_my_percent: 88.2936507936508
