ConfigName: kjsd__advperagentrankweighted__M4__L8__eps0p01__g0p0003__ds0p2__dm0p05
Problem: NK
Kernel: jsd
Advantage: peragentrankweighted
M: 4
lambda: 8
epsilon_svgd: 0.01
gamma: 0.0003
decay_start_ratio: 0.2
decay_min_factor: 0.05
bandwith_kernel: None
no_interact: False
avg_score: 0.7301404476165771
median_score: 0.728205680847168
std_score: 0.014184505678713322
percentiles: 2%=0.7054911255836487, 5%=0.7076583504676819, 10%=0.7124038934707642, 25%=0.7181237936019897, 50%=0.728205680847168, 75%=0.7417664527893066, 90%=0.7484784126281738, 95%=0.7522112131118774, 98%=0.7566569447517395
ranking_best_algo: Tabu
ranking_best_score: 0.7601875690625
ranking_my_rank: 50/504 (90.3%)
ranking_my_percent: 90.27777777777777
