ConfigName: krbf__advnormalizedfitness__M3__L15__eps0p025__g0p007__ds0p3__dm0p01
Problem: QUBO
Kernel: rbf
Advantage: normalizedfitness
M: 3
lambda: 15
epsilon_svgd: 0.025
gamma: 0.007
decay_start_ratio: 0.3
decay_min_factor: 0.01
bandwith_kernel: None
no_interact: False
avg_score: -1175.6600341796875
median_score: -1180.0
std_score: 79.55691528320312
percentiles: 2%=-1320.0400390625, 5%=-1313.25, 10%=-1289.0, 25%=-1231.0, 50%=-1180.0, 75%=-1118.25, 90%=-1072.5999755859375, 95%=-1050.5, 98%=-1039.5799560546875
ranking_best_algo: SVMMetaModelLogNormal
ranking_best_score: 1233.7999999999997
ranking_my_rank: 73/504 (85.7%)
ranking_my_percent: 85.71428571428571
