ConfigName: kjsd__advperagentrankweighted__M5__L8__eps0p005__g0p0003__ds0p2__dm0p05
Problem: NK
Kernel: jsd
Advantage: peragentrankweighted
M: 5
lambda: 8
epsilon_svgd: 0.005
gamma: 0.0003
decay_start_ratio: 0.2
decay_min_factor: 0.05
bandwith_kernel: None
no_interact: False
avg_score: 0.741255521774292
median_score: 0.7407797574996948
std_score: 0.010073711164295673
percentiles: 2%=0.7252760529518127, 5%=0.7261844277381897, 10%=0.7283813953399658, 25%=0.7337075471878052, 50%=0.7407797574996948, 75%=0.7477334141731262, 90%=0.7547008991241455, 95%=0.7606410980224609, 98%=0.7627466320991516
ranking_best_algo: PBIL
ranking_best_score: 0.733570253046875
ranking_my_rank: 1/504 (100.0%)
ranking_my_percent: 100.0
