ConfigName: krbf__advnormalizedfitness__M4__L10__eps0p02__g0p005__ds0p15__dm0p05
Problem: QUBO
Kernel: rbf
Advantage: normalizedfitness
M: 4
lambda: 10
epsilon_svgd: 0.02
gamma: 0.005
decay_start_ratio: 0.15
decay_min_factor: 0.05
bandwith_kernel: None
no_interact: False
avg_score: -201.82000732421875
median_score: -201.0
std_score: 12.219966888427734
percentiles: 2%=-224.0, 5%=-222.10000610351562, 10%=-220.10000610351562, 25%=-210.0, 50%=-201.0, 75%=-194.75, 90%=-185.0, 95%=-181.0, 98%=-178.94000244140625
ranking_best_algo: Tabu
ranking_best_score: 208.36000000000004
ranking_my_rank: 39/504 (92.5%)
ranking_my_percent: 92.46031746031746
