ConfigName: krbf__advnormalizedfitness__M1__L8__eps0p015__g0p015__ds0p01__dm0p3
Problem: QUBO
Kernel: rbf
Advantage: normalizedfitness
M: 1
lambda: 8
epsilon_svgd: 0.015
gamma: 0.015
decay_start_ratio: 0.01
decay_min_factor: 0.3
bandwith_kernel: None
no_interact: False
avg_score: -911.4000244140625
median_score: -909.5
std_score: 86.31511688232422
percentiles: 2%=-1061.02001953125, 5%=-1031.550048828125, 10%=-1015.2999877929688, 25%=-962.5, 50%=-909.5, 75%=-874.75, 90%=-824.5999755859375, 95%=-798.6000366210938, 98%=-764.719970703125
ranking_best_algo: CMApara
ranking_best_score: 964.9
ranking_my_rank: 84/504 (83.5%)
ranking_my_percent: 83.53174603174604
