ConfigName: kfr__advglobalrankweighted__M1__L11__eps0p02__g0p003__ds0p01__dm0p01
Problem: QUBO
Kernel: fr
Advantage: globalrankweighted
M: 1
lambda: 11
epsilon_svgd: 0.02
gamma: 0.003
decay_start_ratio: 0.01
decay_min_factor: 0.01
bandwith_kernel: None
no_interact: False
avg_score: -1179.3199462890625
median_score: -1177.0
std_score: 57.96652603149414
percentiles: 2%=-1301.199951171875, 5%=-1281.3499755859375, 10%=-1243.199951171875, 25%=-1218.5, 50%=-1177.0, 75%=-1143.0, 90%=-1106.5999755859375, 95%=-1090.9000244140625, 98%=-1034.919921875
ranking_best_algo: SVMMetaModelLogNormal
ranking_best_score: 1233.7999999999997
ranking_my_rank: 66/504 (87.1%)
ranking_my_percent: 87.10317460317461
