ConfigName: krbf__advnormalizedfitness__M3__L12__eps0p033__g0p015__ds0p01__dm0p01
Problem: NK
Kernel: rbf
Advantage: normalizedfitness
M: 3
lambda: 12
epsilon_svgd: 0.033
gamma: 0.015
decay_start_ratio: 0.01
decay_min_factor: 0.01
bandwith_kernel: None
no_interact: False
avg_score: 0.7108153700828552
median_score: 0.7114423513412476
std_score: 0.015112164430320263
percentiles: 2%=0.6736435890197754, 5%=0.6737578511238098, 10%=0.6970670223236084, 25%=0.7075717449188232, 50%=0.7114423513412476, 75%=0.7189286351203918, 90%=0.7254776954650879, 95%=0.7329074740409851, 98%=0.7338268756866455
ranking_best_algo: CMApara
ranking_best_score: 0.707475975
ranking_my_rank: 1/504 (100.0%)
ranking_my_percent: 100.0
