ConfigName: krbf__advnormalizedfitness__M4__L8__eps0p03__g0p005__ds0p05__dm0p05
Problem: NK
Kernel: rbf
Advantage: normalizedfitness
M: 4
lambda: 8
epsilon_svgd: 0.03
gamma: 0.005
decay_start_ratio: 0.05
decay_min_factor: 0.05
bandwith_kernel: None
no_interact: False
avg_score: 0.755744457244873
median_score: 0.7539985179901123
std_score: 0.012139045633375645
percentiles: 2%=0.7358234524726868, 5%=0.7383361458778381, 10%=0.7410082817077637, 25%=0.7471743822097778, 50%=0.7539985179901123, 75%=0.7638108730316162, 90%=0.7743456959724426, 95%=0.776594877243042, 98%=0.7785249948501587
ranking_best_algo: Tabu
ranking_best_score: 0.7470791764843752
ranking_my_rank: 1/504 (100.0%)
ranking_my_percent: 100.0
