ConfigName: krbf__advnormalizedfitness__M3__L8__eps0p015__g0p015__ds0p15__dm0p3
Problem: QUBO
Kernel: rbf
Advantage: normalizedfitness
M: 3
lambda: 8
epsilon_svgd: 0.015
gamma: 0.015
decay_start_ratio: 0.15
decay_min_factor: 0.3
bandwith_kernel: None
no_interact: False
avg_score: -1753.4200439453125
median_score: -1757.0
std_score: 150.4375762939453
percentiles: 2%=-2097.139892578125, 5%=-2037.550048828125, 10%=-1919.5, 25%=-1837.5, 50%=-1757.0, 75%=-1654.0, 90%=-1558.800048828125, 95%=-1520.949951171875, 98%=-1495.7197265625
ranking_best_algo: SVM1MetaModelLogNormal
ranking_best_score: 2605.14
ranking_my_rank: 322/504 (36.3%)
ranking_my_percent: 36.30952380952381
