ConfigName: krbf__advnormalizedfitness__M4__L12__eps0p025__g0p005__ds0p01__dm0p01
Problem: QUBO
Kernel: rbf
Advantage: normalizedfitness
M: 4
lambda: 12
epsilon_svgd: 0.025
gamma: 0.005
decay_start_ratio: 0.01
decay_min_factor: 0.01
bandwith_kernel: None
no_interact: False
avg_score: -310.3399963378906
median_score: -315.0
std_score: 38.754154205322266
percentiles: 2%=-390.0799865722656, 5%=-382.1000061035156, 10%=-359.1999816894531, 25%=-336.0, 50%=-315.0, 75%=-274.5, 90%=-264.8999938964844, 95%=-258.0, 98%=-244.97999572753906
ranking_best_algo: CMApara
ranking_best_score: 319.29999999999995
ranking_my_rank: 62/504 (87.9%)
ranking_my_percent: 87.89682539682539
