ConfigName: krbf__advnormalizedfitness__M4__L24__eps0p025__g0p01__ds0p05__dm0p05
Problem: QUBO
Kernel: rbf
Advantage: normalizedfitness
M: 4
lambda: 24
epsilon_svgd: 0.025
gamma: 0.01
decay_start_ratio: 0.05
decay_min_factor: 0.05
bandwith_kernel: None
no_interact: False
avg_score: -148.02000427246094
median_score: -148.0
std_score: 12.499584197998047
percentiles: 2%=-179.0, 5%=-173.3000030517578, 10%=-158.60000610351562, 25%=-154.0, 50%=-148.0, 75%=-140.5, 90%=-131.0, 95%=-126.94999694824219, 98%=-124.95999908447266
ranking_best_algo: CMApara
ranking_best_score: 154.28
ranking_my_rank: 86/504 (83.1%)
ranking_my_percent: 83.13492063492063
