ConfigName: krbf__advnormalizedfitness__M1__L10__eps0p015__g0p015__ds0p15__dm0p01
Problem: QUBO
Kernel: rbf
Advantage: normalizedfitness
M: 1
lambda: 10
epsilon_svgd: 0.015
gamma: 0.015
decay_start_ratio: 0.15
decay_min_factor: 0.01
bandwith_kernel: None
no_interact: False
avg_score: -2602.56005859375
median_score: -2587.5
std_score: 119.16596221923828
percentiles: 2%=-2852.5, 5%=-2812.60009765625, 10%=-2759.199951171875, 25%=-2690.5, 50%=-2587.5, 75%=-2521.0, 90%=-2455.60009765625, 95%=-2408.60009765625, 98%=-2364.419921875
ranking_best_algo: SVM1MetaModelLogNormal
ranking_best_score: 2605.14
ranking_my_rank: 2/504 (99.8%)
ranking_my_percent: 99.8015873015873
