ConfigName: kfr__advglobalrankweighted__M1__L10__eps0p02__g0p003__ds0p01__dm0p01
Problem: QUBO
Kernel: fr
Advantage: globalrankweighted
M: 1
lambda: 10
epsilon_svgd: 0.02
gamma: 0.003
decay_start_ratio: 0.01
decay_min_factor: 0.01
bandwith_kernel: None
no_interact: False
avg_score: -1517.97998046875
median_score: -1515.0
std_score: 67.8337631225586
percentiles: 2%=-1654.4599609375, 5%=-1647.050048828125, 10%=-1608.5, 25%=-1555.5, 50%=-1515.0, 75%=-1472.75, 90%=-1439.9000244140625, 95%=-1418.949951171875, 98%=-1393.8800048828125
ranking_best_algo: NLOPT_LN_PRAXIS
ranking_best_score: 1607.12
ranking_my_rank: 65/504 (87.3%)
ranking_my_percent: 87.3015873015873
