ConfigName: krbf__advnormalizedfitness__M3__L8__eps0p025__g0p01__ds0p3__dm0p3
Problem: NK
Kernel: rbf
Advantage: normalizedfitness
M: 3
lambda: 8
epsilon_svgd: 0.025
gamma: 0.01
decay_start_ratio: 0.3
decay_min_factor: 0.3
bandwith_kernel: None
no_interact: False
avg_score: 0.7444403171539307
median_score: 0.7408133745193481
std_score: 0.02893151342868805
percentiles: 2%=0.6977947950363159, 5%=0.7041216492652893, 10%=0.7106374502182007, 25%=0.7216469049453735, 50%=0.7408133745193481, 75%=0.7610644102096558, 90%=0.778337299823761, 95%=0.8045512437820435, 98%=0.8118547797203064
ranking_best_algo: CMApara
ranking_best_score: 0.7459277895312499
ranking_my_rank: 3/504 (99.6%)
ranking_my_percent: 99.60317460317461
