ConfigName: kjsd__advperagentrankweighted__M5__L10__eps0p01__g0p003__ds0p2__dm0p05
Problem: QUBO
Kernel: jsd
Advantage: peragentrankweighted
M: 5
lambda: 10
epsilon_svgd: 0.01
gamma: 0.003
decay_start_ratio: 0.2
decay_min_factor: 0.05
bandwith_kernel: None
no_interact: False
avg_score: -140.27999877929688
median_score: -141.0
std_score: 10.065862655639648
percentiles: 2%=-156.0399932861328, 5%=-155.0500030517578, 10%=-153.0, 25%=-147.25, 50%=-141.0, 75%=-132.0, 90%=-127.0, 95%=-124.9000015258789, 98%=-120.94000244140625
ranking_best_algo: DiscreteDE
ranking_best_score: 143.4
ranking_my_rank: 78/504 (84.7%)
ranking_my_percent: 84.72222222222223
