ConfigName: kjsd__advperagentrankweighted__M4__L24__eps0p005__g0p0003__ds0p4__dm0p05
Problem: QUBO
Kernel: jsd
Advantage: peragentrankweighted
M: 4
lambda: 24
epsilon_svgd: 0.005
gamma: 0.0003
decay_start_ratio: 0.4
decay_min_factor: 0.05
bandwith_kernel: None
no_interact: False
avg_score: -309.6600036621094
median_score: -312.0
std_score: 39.34773635864258
percentiles: 2%=-398.0400085449219, 5%=-392.0, 10%=-356.0, 25%=-336.0, 50%=-312.0, 75%=-273.5, 90%=-264.8999938964844, 95%=-261.0, 98%=-258.9800109863281
ranking_best_algo: CMApara
ranking_best_score: 319.29999999999995
ranking_my_rank: 72/504 (85.9%)
ranking_my_percent: 85.91269841269842
