ConfigName: krbf__advnormalizedfitness__M3__L15__eps0p033__g0p007__ds0p3__dm0p3
Problem: QUBO
Kernel: rbf
Advantage: normalizedfitness
M: 3
lambda: 15
epsilon_svgd: 0.033
gamma: 0.007
decay_start_ratio: 0.3
decay_min_factor: 0.3
bandwith_kernel: None
no_interact: False
avg_score: -930.1199951171875
median_score: -928.5
std_score: 63.773704528808594
percentiles: 2%=-1057.02001953125, 5%=-1046.199951171875, 10%=-1013.2000122070312, 25%=-978.0, 50%=-928.5, 75%=-875.75, 90%=-851.5, 95%=-838.800048828125, 98%=-829.8599853515625
ranking_best_algo: CMApara
ranking_best_score: 964.9
ranking_my_rank: 19/504 (96.4%)
ranking_my_percent: 96.42857142857143
