ConfigName: kjsd__advperagentrankweighted__M3__L20__eps0p007__g0p0005__ds0p1__dm0p2
Problem: NK
Kernel: jsd
Advantage: peragentrankweighted
M: 3
lambda: 20
epsilon_svgd: 0.007
gamma: 0.0005
decay_start_ratio: 0.1
decay_min_factor: 0.2
bandwith_kernel: None
no_interact: False
avg_score: 0.7358165979385376
median_score: 0.7373542785644531
std_score: 0.009213545359671116
percentiles: 2%=0.7169506549835205, 5%=0.7189571857452393, 10%=0.7225441336631775, 25%=0.7291435599327087, 50%=0.7373542785644531, 75%=0.7421556711196899, 90%=0.7464255094528198, 95%=0.7497901320457458, 98%=0.7528842091560364
ranking_best_algo: PBIL
ranking_best_score: 0.730509098125
ranking_my_rank: 1/504 (100.0%)
ranking_my_percent: 100.0
