ConfigName: krbf__advnormalizedfitness__M1__L8__eps0p015__g0p01__ds0p3__dm0p01
Problem: QUBO
Kernel: rbf
Advantage: normalizedfitness
M: 1
lambda: 8
epsilon_svgd: 0.015
gamma: 0.01
decay_start_ratio: 0.3
decay_min_factor: 0.01
bandwith_kernel: None
no_interact: False
avg_score: -134.3000030517578
median_score: -137.0
std_score: 14.88992977142334
percentiles: 2%=-156.0, 5%=-155.0, 10%=-150.10000610351562, 25%=-145.0, 50%=-137.0, 75%=-127.0, 90%=-113.0, 95%=-111.0, 98%=-101.0
ranking_best_algo: DiscreteDE
ranking_best_score: 143.4
ranking_my_rank: 305/504 (39.7%)
ranking_my_percent: 39.682539682539684
