ConfigName: kjsd__advperagentrankweighted__M3__L16__eps0p007__g0p0005__ds0p05__dm0p05
Problem: NK
Kernel: jsd
Advantage: peragentrankweighted
M: 3
lambda: 16
epsilon_svgd: 0.007
gamma: 0.0005
decay_start_ratio: 0.05
decay_min_factor: 0.05
bandwith_kernel: None
no_interact: False
avg_score: 0.710898756980896
median_score: 0.6987258791923523
std_score: 0.03148831054568291
percentiles: 2%=0.6735712289810181, 5%=0.6751535534858704, 10%=0.6765226125717163, 25%=0.6824496388435364, 50%=0.6987258791923523, 75%=0.7467526197433472, 90%=0.7535533308982849, 95%=0.7613165378570557, 98%=0.7613165378570557
ranking_best_algo: CMApara
ranking_best_score: 0.7118996098437498
ranking_my_rank: 9/504 (98.4%)
ranking_my_percent: 98.41269841269842
