ConfigName: kjsd__advperagentrankweighted__M5__L8__eps0p03__g0p0003__ds0p05__dm0p05
Problem: QUBO
Kernel: jsd
Advantage: peragentrankweighted
M: 5
lambda: 8
epsilon_svgd: 0.03
gamma: 0.0003
decay_start_ratio: 0.05
decay_min_factor: 0.05
bandwith_kernel: None
no_interact: False
avg_score: -1236.5400390625
median_score: -1227.0
std_score: 67.11101531982422
percentiles: 2%=-1377.280029296875, 5%=-1360.449951171875, 10%=-1330.0999755859375, 25%=-1277.25, 50%=-1227.0, 75%=-1182.5, 90%=-1159.0, 95%=-1147.949951171875, 98%=-1140.56005859375
ranking_best_algo: BigLognormalDiscreteOnePlusOne
ranking_best_score: 1301.3600000000004
ranking_my_rank: 57/504 (88.9%)
ranking_my_percent: 88.88888888888889
