ConfigName: kjsd__advperagentrankweighted__M4__L30__eps0p01__g0p0005__ds0p4__dm0p05
Problem: NK
Kernel: jsd
Advantage: peragentrankweighted
M: 4
lambda: 30
epsilon_svgd: 0.01
gamma: 0.0005
decay_start_ratio: 0.4
decay_min_factor: 0.05
bandwith_kernel: None
no_interact: False
avg_score: 0.7380450963973999
median_score: 0.7401518821716309
std_score: 0.009122072719037533
percentiles: 2%=0.7197368144989014, 5%=0.7216099500656128, 10%=0.7224897146224976, 25%=0.7327607870101929, 50%=0.7401518821716309, 75%=0.7438862919807434, 90%=0.7476869225502014, 95%=0.7515498399734497, 98%=0.7537243366241455
ranking_best_algo: PBIL
ranking_best_score: 0.730509098125
ranking_my_rank: 1/504 (100.0%)
ranking_my_percent: 100.0
