ConfigName: kjsd__advperagentrankweighted__M4__L20__eps0p005__g0p0005__ds0p05__dm0p1
Problem: NK
Kernel: jsd
Advantage: peragentrankweighted
M: 4
lambda: 20
epsilon_svgd: 0.005
gamma: 0.0005
decay_start_ratio: 0.05
decay_min_factor: 0.1
bandwith_kernel: None
no_interact: False
avg_score: 0.7115658521652222
median_score: 0.6994725465774536
std_score: 0.03156851604580879
percentiles: 2%=0.6748149394989014, 5%=0.6751645803451538, 10%=0.6785765886306763, 25%=0.6824374794960022, 50%=0.6994725465774536, 75%=0.7474179267883301, 90%=0.7525893449783325, 95%=0.7613165378570557, 98%=0.7613165378570557
ranking_best_algo: CMApara
ranking_best_score: 0.7118996098437498
ranking_my_rank: 2/504 (99.8%)
ranking_my_percent: 99.8015873015873
