ConfigName: kjsd__advperagentrankweighted__M3__L16__eps0p01__g0p003__ds0p1__dm0p2
Problem: QUBO
Kernel: jsd
Advantage: peragentrankweighted
M: 3
lambda: 16
epsilon_svgd: 0.01
gamma: 0.003
decay_start_ratio: 0.1
decay_min_factor: 0.2
bandwith_kernel: None
no_interact: False
avg_score: -147.67999267578125
median_score: -146.0
std_score: 13.578571319580078
percentiles: 2%=-179.0, 5%=-179.0, 10%=-160.0, 25%=-155.0, 50%=-146.0, 75%=-139.75, 90%=-132.8000030517578, 95%=-125.0, 98%=-121.9000015258789
ranking_best_algo: CMApara
ranking_best_score: 154.28
ranking_my_rank: 94/504 (81.5%)
ranking_my_percent: 81.54761904761905
