ConfigName: kfr__advglobalrankweighted__M3__L9__eps0p02__g0p005__ds0p01__dm0p01
Problem: QUBO
Kernel: fr
Advantage: globalrankweighted
M: 3
lambda: 9
epsilon_svgd: 0.02
gamma: 0.005
decay_start_ratio: 0.01
decay_min_factor: 0.01
bandwith_kernel: None
no_interact: False
avg_score: -3261.739990234375
median_score: -3257.5
std_score: 125.1382064819336
percentiles: 2%=-3571.419921875, 5%=-3446.60009765625, 10%=-3398.10009765625, 25%=-3350.25, 50%=-3257.5, 75%=-3160.75, 90%=-3103.699951171875, 95%=-3048.550048828125, 98%=-3016.89990234375
ranking_best_algo: RLSOnePlusOne
ranking_best_score: 3316.5199999999995
ranking_my_rank: 14/504 (97.4%)
ranking_my_percent: 97.42063492063492
