ConfigName: kjsd__advperagentrankweighted__M5__L24__eps0p02__g0p0005__ds0p05__dm0p05
Problem: QUBO
Kernel: jsd
Advantage: peragentrankweighted
M: 5
lambda: 24
epsilon_svgd: 0.02
gamma: 0.0005
decay_start_ratio: 0.05
decay_min_factor: 0.05
bandwith_kernel: None
no_interact: False
avg_score: -414.6000061035156
median_score: -414.0
std_score: 27.91916847229004
percentiles: 2%=-471.0400085449219, 5%=-467.1000061035156, 10%=-451.29998779296875, 25%=-430.0, 50%=-414.0, 75%=-394.0, 90%=-375.79998779296875, 95%=-371.8999938964844, 98%=-365.9200134277344
ranking_best_algo: Tabu
ranking_best_score: 438.12
ranking_my_rank: 52/504 (89.9%)
ranking_my_percent: 89.88095238095238
