ConfigName: kjsd__advperagentrankweighted__M4__L10__eps0p005__g0p0005__ds0p4__dm0p05
Problem: QUBO
Kernel: jsd
Advantage: peragentrankweighted
M: 4
lambda: 10
epsilon_svgd: 0.005
gamma: 0.0005
decay_start_ratio: 0.4
decay_min_factor: 0.05
bandwith_kernel: None
no_interact: False
avg_score: -311.3399963378906
median_score: -316.0
std_score: 38.3281135559082
percentiles: 2%=-392.0400085449219, 5%=-386.1000061035156, 10%=-360.0, 25%=-334.0, 50%=-316.0, 75%=-273.75, 90%=-266.8999938964844, 95%=-260.95001220703125, 98%=-254.89999389648438
ranking_best_algo: CMApara
ranking_best_score: 319.29999999999995
ranking_my_rank: 39/504 (92.5%)
ranking_my_percent: 92.46031746031746
