ConfigName: krbf__advnormalizedfitness__M4__L12__eps0p015__g0p007__ds0p3__dm0p01
Problem: QUBO
Kernel: rbf
Advantage: normalizedfitness
M: 4
lambda: 12
epsilon_svgd: 0.015
gamma: 0.007
decay_start_ratio: 0.3
decay_min_factor: 0.01
bandwith_kernel: None
no_interact: False
avg_score: -199.52000427246094
median_score: -198.5
std_score: 12.265789985656738
percentiles: 2%=-224.0, 5%=-222.0, 10%=-216.10000610351562, 25%=-209.0, 50%=-198.5, 75%=-192.0, 90%=-185.0, 95%=-180.90000915527344, 98%=-176.8999786376953
ranking_best_algo: Tabu
ranking_best_score: 208.36000000000004
ranking_my_rank: 68/504 (86.7%)
ranking_my_percent: 86.7063492063492
