ConfigName: krbf__advnormalizedfitness__M2__L8__eps0p033__g0p01__ds0p01__dm0p01
Problem: QUBO
Kernel: rbf
Advantage: normalizedfitness
M: 2
lambda: 8
epsilon_svgd: 0.033
gamma: 0.01
decay_start_ratio: 0.01
decay_min_factor: 0.01
bandwith_kernel: None
no_interact: False
avg_score: -573.4000244140625
median_score: -573.5
std_score: 29.642536163330078
percentiles: 2%=-639.0399780273438, 5%=-619.0, 10%=-613.0999755859375, 25%=-595.0, 50%=-573.5, 75%=-554.25, 90%=-535.9000244140625, 95%=-529.0, 98%=-523.9000244140625
ranking_best_algo: Tabu
ranking_best_score: 588.7199999999999
ranking_my_rank: 61/503 (88.1%)
ranking_my_percent: 88.07157057654075
