ConfigName: kjsd__advperagentrankweighted__M4__L20__eps0p007__g0p0005__ds0p1__dm0p2
Problem: QUBO
Kernel: jsd
Advantage: peragentrankweighted
M: 4
lambda: 20
epsilon_svgd: 0.007
gamma: 0.0005
decay_start_ratio: 0.1
decay_min_factor: 0.2
bandwith_kernel: None
no_interact: False
avg_score: -913.52001953125
median_score: -915.5
std_score: 58.251434326171875
percentiles: 2%=-1048.0799560546875, 5%=-1007.0999755859375, 10%=-984.0999755859375, 25%=-953.0, 50%=-915.5, 75%=-872.0, 90%=-840.7999877929688, 95%=-817.0, 98%=-803.0
ranking_best_algo: CMAL3
ranking_best_score: 928.5800000000002
ranking_my_rank: 18/504 (96.6%)
ranking_my_percent: 96.62698412698413
