ConfigName: kjsd__advperagentrankweighted__M3__L16__eps0p007__g0p003__ds0p1__dm0p2
Problem: QUBO
Kernel: jsd
Advantage: peragentrankweighted
M: 3
lambda: 16
epsilon_svgd: 0.007
gamma: 0.003
decay_start_ratio: 0.1
decay_min_factor: 0.2
bandwith_kernel: None
no_interact: False
avg_score: -3011.780029296875
median_score: -2998.0
std_score: 187.30859375
percentiles: 2%=-3359.260009765625, 5%=-3305.5, 10%=-3280.89990234375, 25%=-3155.0, 50%=-2998.0, 75%=-2896.75, 90%=-2781.199951171875, 95%=-2737.550048828125, 98%=-2657.320068359375
ranking_best_algo: RLSOnePlusOne
ranking_best_score: 3316.5199999999995
ranking_my_rank: 129/504 (74.6%)
ranking_my_percent: 74.60317460317461
