ConfigName: kjsd__advperagentrankweighted__M3__L18__eps0p007__g0p0005__ds0p2__dm0p05
Problem: QUBO
Kernel: jsd
Advantage: peragentrankweighted
M: 3
lambda: 18
epsilon_svgd: 0.007
gamma: 0.0005
decay_start_ratio: 0.2
decay_min_factor: 0.05
bandwith_kernel: None
no_interact: False
avg_score: -1190.1199951171875
median_score: -1186.0
std_score: 60.45167922973633
percentiles: 2%=-1333.3599853515625, 5%=-1309.300048828125, 10%=-1270.300048828125, 25%=-1227.5, 50%=-1186.0, 75%=-1139.75, 90%=-1125.800048828125, 95%=-1119.699951171875, 98%=-1086.9200439453125
ranking_best_algo: Tabu
ranking_best_score: 1216.16
ranking_my_rank: 55/504 (89.3%)
ranking_my_percent: 89.28571428571429
