ConfigName: kfr__advglobalrankweighted__M6__L8__eps0p01__g0p003__ds0p01__dm0p01
Problem: QUBO
Kernel: fr
Advantage: globalrankweighted
M: 6
lambda: 8
epsilon_svgd: 0.01
gamma: 0.003
decay_start_ratio: 0.01
decay_min_factor: 0.01
bandwith_kernel: None
no_interact: False
avg_score: -880.0599975585938
median_score: -874.5
std_score: 68.67762756347656
percentiles: 2%=-1015.0599975585938, 5%=-1002.2000122070312, 10%=-981.2000122070312, 25%=-928.0, 50%=-874.5, 75%=-829.75, 90%=-788.7000122070312, 95%=-774.9000244140625, 98%=-754.9400024414062
ranking_best_algo: CMAL3
ranking_best_score: 928.5800000000002
ranking_my_rank: 120/504 (76.4%)
ranking_my_percent: 76.38888888888889
