ConfigName: krbf__advnormalizedfitness__M3__L15__eps0p033__g0p015__ds0p3__dm0p01
Problem: QUBO
Kernel: rbf
Advantage: normalizedfitness
M: 3
lambda: 15
epsilon_svgd: 0.033
gamma: 0.015
decay_start_ratio: 0.3
decay_min_factor: 0.01
bandwith_kernel: None
no_interact: False
avg_score: -418.1000061035156
median_score: -421.0
std_score: 27.795503616333008
percentiles: 2%=-473.0, 5%=-469.0, 10%=-452.3999938964844, 25%=-434.0, 50%=-421.0, 75%=-397.0, 90%=-383.0, 95%=-367.95001220703125, 98%=-359.89996337890625
ranking_best_algo: CMAL3
ranking_best_score: 435.36
ranking_my_rank: 97/504 (81.0%)
ranking_my_percent: 80.95238095238095
