ConfigName: krbf__advnormalizedfitness__M5__L15__eps0p03__g0p01__ds0p05__dm0p05
Problem: QUBO
Kernel: rbf
Advantage: normalizedfitness
M: 5
lambda: 15
epsilon_svgd: 0.03
gamma: 0.01
decay_start_ratio: 0.05
decay_min_factor: 0.05
bandwith_kernel: None
no_interact: False
avg_score: -940.8200073242188
median_score: -920.0
std_score: 90.66061401367188
percentiles: 2%=-1143.0400390625, 5%=-1123.800048828125, 10%=-1063.0, 25%=-993.0, 50%=-920.0, 75%=-876.75, 90%=-836.7999877929688, 95%=-812.5, 98%=-795.8599853515625
ranking_best_algo: BigLognormalDiscreteOnePlusOne
ranking_best_score: 1301.3600000000004
ranking_my_rank: 293/504 (42.1%)
ranking_my_percent: 42.06349206349206
