ConfigName: krbf__advnormalizedfitness__M4__L8__eps0p033__g0p015__ds0p15__dm0p3
Problem: QUBO
Kernel: rbf
Advantage: normalizedfitness
M: 4
lambda: 8
epsilon_svgd: 0.033
gamma: 0.015
decay_start_ratio: 0.15
decay_min_factor: 0.3
bandwith_kernel: None
no_interact: False
avg_score: -403.6199951171875
median_score: -402.0
std_score: 32.440338134765625
percentiles: 2%=-471.0, 5%=-455.20001220703125, 10%=-449.1000061035156, 25%=-429.0, 50%=-402.0, 75%=-380.5, 90%=-363.79998779296875, 95%=-356.95001220703125, 98%=-337.0
ranking_best_algo: CMAL3
ranking_best_score: 435.36
ranking_my_rank: 223/504 (56.0%)
ranking_my_percent: 55.95238095238095
