ConfigName: krbf__advnormalizedfitness__M4__L15__eps0p02__g0p001__ds0p05__dm0p05
Problem: QUBO
Kernel: rbf
Advantage: normalizedfitness
M: 4
lambda: 15
epsilon_svgd: 0.02
gamma: 0.001
decay_start_ratio: 0.05
decay_min_factor: 0.05
bandwith_kernel: None
no_interact: False
avg_score: -1183.9200439453125
median_score: -1182.0
std_score: 55.67417526245117
percentiles: 2%=-1303.3399658203125, 5%=-1274.300048828125, 10%=-1247.5, 25%=-1218.25, 50%=-1182.0, 75%=-1153.25, 90%=-1114.5999755859375, 95%=-1092.6500244140625, 98%=-1064.97998046875
ranking_best_algo: Tabu
ranking_best_score: 1216.16
ranking_my_rank: 65/504 (87.3%)
ranking_my_percent: 87.3015873015873
