ConfigName: kjsd__advperagentrankweighted__M3__L24__eps0p005__g0p001__ds0p1__dm0p1
Problem: NK
Kernel: jsd
Advantage: peragentrankweighted
M: 3
lambda: 24
epsilon_svgd: 0.005
gamma: 0.001
decay_start_ratio: 0.1
decay_min_factor: 0.1
bandwith_kernel: None
no_interact: False
avg_score: 0.7408471703529358
median_score: 0.740928590297699
std_score: 0.013093833811581135
percentiles: 2%=0.7163727879524231, 5%=0.7189704179763794, 10%=0.7231414318084717, 25%=0.7314540147781372, 50%=0.740928590297699, 75%=0.7518348693847656, 90%=0.7576643824577332, 95%=0.7607035040855408, 98%=0.762982189655304
ranking_best_algo: Tabu
ranking_best_score: 0.7601875690625
ranking_my_rank: 12/504 (97.8%)
ranking_my_percent: 97.81746031746032
