ConfigName: krbf__advnormalizedfitness__M4__L8__eps0p015__g0p015__ds0p15__dm0p01
Problem: NK
Kernel: rbf
Advantage: normalizedfitness
M: 4
lambda: 8
epsilon_svgd: 0.015
gamma: 0.015
decay_start_ratio: 0.15
decay_min_factor: 0.01
bandwith_kernel: None
no_interact: False
avg_score: 0.6615086197853088
median_score: 0.6616485714912415
std_score: 0.012846579775214195
percentiles: 2%=0.6375914216041565, 5%=0.6409326195716858, 10%=0.6445558071136475, 25%=0.651670515537262, 50%=0.6616485714912415, 75%=0.6695890426635742, 90%=0.6774526834487915, 95%=0.6817594170570374, 98%=0.688264787197113
ranking_best_algo: PBIL
ranking_best_score: 0.733570253046875
ranking_my_rank: 273/504 (46.0%)
ranking_my_percent: 46.03174603174603
