ConfigName: krbf__advnormalizedfitness__M4__L10__eps0p033__g0p015__ds0p01__dm0p01
Problem: NK
Kernel: rbf
Advantage: normalizedfitness
M: 4
lambda: 10
epsilon_svgd: 0.033
gamma: 0.015
decay_start_ratio: 0.01
decay_min_factor: 0.01
bandwith_kernel: None
no_interact: False
avg_score: 0.7269391417503357
median_score: 0.729317307472229
std_score: 0.009740478359162807
percentiles: 2%=0.7057253122329712, 5%=0.7084442377090454, 10%=0.7118061780929565, 25%=0.7215383648872375, 50%=0.729317307472229, 75%=0.7346338629722595, 90%=0.7380841970443726, 95%=0.7391718029975891, 98%=0.7415316104888916
ranking_best_algo: PBIL
ranking_best_score: 0.7248786399609374
ranking_my_rank: 1/504 (100.0%)
ranking_my_percent: 100.0
