ConfigName: krbf__advnormalizedfitness__M1__L8__eps0p015__g0p007__ds0p3__dm0p3
Problem: QUBO
Kernel: rbf
Advantage: normalizedfitness
M: 1
lambda: 8
epsilon_svgd: 0.015
gamma: 0.007
decay_start_ratio: 0.3
decay_min_factor: 0.3
bandwith_kernel: None
no_interact: False
avg_score: -191.5800018310547
median_score: -193.0
std_score: 15.93435287475586
percentiles: 2%=-224.0, 5%=-217.10000610351562, 10%=-213.0, 25%=-201.0, 50%=-193.0, 75%=-182.5, 90%=-171.5, 95%=-162.85000610351562, 98%=-157.9399871826172
ranking_best_algo: Tabu
ranking_best_score: 208.36000000000004
ranking_my_rank: 232/504 (54.2%)
ranking_my_percent: 54.166666666666664
