ConfigName: kfr__advglobalrankweighted__M4__L5__eps0p01__g0p007__ds0p01__dm0p01
Problem: NK
Kernel: fr
Advantage: globalrankweighted
M: 4
lambda: 5
epsilon_svgd: 0.01
gamma: 0.007
decay_start_ratio: 0.01
decay_min_factor: 0.01
bandwith_kernel: None
no_interact: False
avg_score: 0.7635592818260193
median_score: 0.7633854150772095
std_score: 0.010547648184001446
percentiles: 2%=0.7441297769546509, 5%=0.7475698590278625, 10%=0.7496357560157776, 25%=0.7562910914421082, 50%=0.7633854150772095, 75%=0.7713960409164429, 90%=0.7773921489715576, 95%=0.7814596891403198, 98%=0.7846105098724365
ranking_best_algo: Tabu
ranking_best_score: 0.7470791764843752
ranking_my_rank: 1/504 (100.0%)
ranking_my_percent: 100.0
