ConfigName: kjsd__advperagentrankweighted__M5__L12__eps0p005__g0p0005__ds0p05__dm0p05
Problem: NK
Kernel: jsd
Advantage: peragentrankweighted
M: 5
lambda: 12
epsilon_svgd: 0.005
gamma: 0.0005
decay_start_ratio: 0.05
decay_min_factor: 0.05
bandwith_kernel: None
no_interact: False
avg_score: 0.7442180514335632
median_score: 0.7448068857192993
std_score: 0.013222339563071728
percentiles: 2%=0.7167841792106628, 5%=0.722183346748352, 10%=0.7276389002799988, 25%=0.7348572611808777, 50%=0.7448068857192993, 75%=0.7526006698608398, 90%=0.7610458135604858, 95%=0.7634055018424988, 98%=0.7712706327438354
ranking_best_algo: Tabu
ranking_best_score: 0.7601875690625
ranking_my_rank: 7/504 (98.8%)
ranking_my_percent: 98.80952380952381
