ConfigName: krbf__advnormalizedfitness__M4__L10__eps0p033__g0p015__ds0p01__dm0p3
Problem: NK
Kernel: rbf
Advantage: normalizedfitness
M: 4
lambda: 10
epsilon_svgd: 0.033
gamma: 0.015
decay_start_ratio: 0.01
decay_min_factor: 0.3
bandwith_kernel: None
no_interact: False
avg_score: 0.6969496011734009
median_score: 0.6977083683013916
std_score: 0.011661785654723644
percentiles: 2%=0.6763342022895813, 5%=0.6783462762832642, 10%=0.6813581585884094, 25%=0.688146710395813, 50%=0.6977083683013916, 75%=0.704271674156189, 90%=0.7118397355079651, 95%=0.716006875038147, 98%=0.7225341200828552
ranking_best_algo: PBIL
ranking_best_score: 0.7248786399609374
ranking_my_rank: 107/504 (79.0%)
ranking_my_percent: 78.96825396825396
