ConfigName: kjsd__advperagentrankweighted__M5__L12__eps0p005__g0p0005__ds0p05__dm0p05
Problem: QUBO
Kernel: jsd
Advantage: peragentrankweighted
M: 5
lambda: 12
epsilon_svgd: 0.005
gamma: 0.0005
decay_start_ratio: 0.05
decay_min_factor: 0.05
bandwith_kernel: None
no_interact: False
avg_score: -309.6000061035156
median_score: -314.0
std_score: 38.06941223144531
percentiles: 2%=-396.0400085449219, 5%=-384.1000061035156, 10%=-360.20001220703125, 25%=-330.5, 50%=-314.0, 75%=-274.0, 90%=-264.0, 95%=-263.0, 98%=-262.0
ranking_best_algo: CMApara
ranking_best_score: 319.29999999999995
ranking_my_rank: 73/504 (85.7%)
ranking_my_percent: 85.71428571428571
