ConfigName: krbf__advnormalizedfitness__M2__L6__eps0p01__g0p015__ds0p01__dm0p3
Problem: QUBO
Kernel: rbf
Advantage: normalizedfitness
M: 2
lambda: 6
epsilon_svgd: 0.01
gamma: 0.015
decay_start_ratio: 0.01
decay_min_factor: 0.3
bandwith_kernel: None
no_interact: False
avg_score: -927.2000122070312
median_score: -930.5
std_score: 68.02014923095703
percentiles: 2%=-1074.0, 5%=-1041.449951171875, 10%=-1014.0, 25%=-976.75, 50%=-930.5, 75%=-877.0, 90%=-840.5999755859375, 95%=-818.9000244140625, 98%=-808.9599609375
ranking_best_algo: CMApara
ranking_best_score: 964.9
ranking_my_rank: 21/504 (96.0%)
ranking_my_percent: 96.03174603174604
