ConfigName: kjsd__advperagentrankweighted__M8__L12__eps0p008__g0p0005__ds0p05__dm0p05
Problem: QUBO
Kernel: jsd
Advantage: peragentrankweighted
M: 8
lambda: 12
epsilon_svgd: 0.008
gamma: 0.0005
decay_start_ratio: 0.05
decay_min_factor: 0.05
bandwith_kernel: None
no_interact: False
avg_score: -915.6799926757812
median_score: -909.5
std_score: 60.05728530883789
percentiles: 2%=-1049.219970703125, 5%=-1019.8499755859375, 10%=-995.0, 25%=-954.75, 50%=-909.5, 75%=-874.25, 90%=-838.7000122070312, 95%=-824.7000122070312, 98%=-815.0
ranking_best_algo: CMAL3
ranking_best_score: 928.5800000000002
ranking_my_rank: 17/504 (96.8%)
ranking_my_percent: 96.82539682539682
