ConfigName: krbf__advnormalizedfitness__M3__L15__eps0p015__g0p005__ds0p01__dm0p01
Problem: QUBO
Kernel: rbf
Advantage: normalizedfitness
M: 3
lambda: 15
epsilon_svgd: 0.015
gamma: 0.005
decay_start_ratio: 0.01
decay_min_factor: 0.01
bandwith_kernel: None
no_interact: False
avg_score: -1182.47998046875
median_score: -1177.5
std_score: 59.25090408325195
percentiles: 2%=-1341.280029296875, 5%=-1272.1500244140625, 10%=-1249.199951171875, 25%=-1216.75, 50%=-1177.5, 75%=-1151.75, 90%=-1114.9000244140625, 95%=-1081.9000244140625, 98%=-1074.099853515625
ranking_best_algo: Tabu
ranking_best_score: 1216.16
ranking_my_rank: 65/504 (87.3%)
ranking_my_percent: 87.3015873015873
