ConfigName: kjsd__advperagentrankweighted__M3__L20__eps0p005__g0p001__ds0p2__dm0p2
Problem: QUBO
Kernel: jsd
Advantage: peragentrankweighted
M: 3
lambda: 20
epsilon_svgd: 0.005
gamma: 0.001
decay_start_ratio: 0.2
decay_min_factor: 0.2
bandwith_kernel: None
no_interact: False
avg_score: -1286.43994140625
median_score: -1279.0
std_score: 67.27040100097656
percentiles: 2%=-1436.1800537109375, 5%=-1405.800048828125, 10%=-1386.4000244140625, 25%=-1325.0, 50%=-1279.0, 75%=-1236.0, 90%=-1206.4000244140625, 95%=-1173.0, 98%=-1160.8800048828125
ranking_best_algo: BigLognormalDiscreteOnePlusOne
ranking_best_score: 1301.3600000000004
ranking_my_rank: 4/504 (99.4%)
ranking_my_percent: 99.4047619047619
