ConfigName: krbf__advglobalrankweighted__M4__L9__eps0p02__g0p005__ds0p01__dm0p01
Problem: QUBO
Kernel: rbf
Advantage: globalrankweighted
M: 4
lambda: 9
epsilon_svgd: 0.02
gamma: 0.005
decay_start_ratio: 0.01
decay_min_factor: 0.01
bandwith_kernel: None
no_interact: False
avg_score: -309.1400146484375
median_score: -301.0
std_score: 38.4476318359375
percentiles: 2%=-394.1199951171875, 5%=-384.29998779296875, 10%=-359.5999755859375, 25%=-332.0, 50%=-301.0, 75%=-272.75, 90%=-266.0, 95%=-260.95001220703125, 98%=-257.9599914550781
ranking_best_algo: CMApara
ranking_best_score: 319.29999999999995
ranking_my_rank: 81/504 (84.1%)
ranking_my_percent: 84.12698412698413
