ConfigName: krbf__advnormalizedfitness__M4__L12__eps0p015__g0p01__ds0p3__dm0p01
Problem: QUBO
Kernel: rbf
Advantage: normalizedfitness
M: 4
lambda: 12
epsilon_svgd: 0.015
gamma: 0.01
decay_start_ratio: 0.3
decay_min_factor: 0.01
bandwith_kernel: None
no_interact: False
avg_score: -395.5
median_score: -392.5
std_score: 31.533950805664062
percentiles: 2%=-459.0400085449219, 5%=-441.0, 10%=-437.0, 25%=-419.25, 50%=-392.5, 75%=-376.75, 90%=-354.79998779296875, 95%=-342.7500305175781, 98%=-327.8399658203125
ranking_best_algo: CMApara
ranking_best_score: 453.82
ranking_my_rank: 269/504 (46.8%)
ranking_my_percent: 46.82539682539682
