ConfigName: krbf__advnormalizedfitness__M4__L15__eps0p015__g0p015__ds0p3__dm0p01
Problem: NK
Kernel: rbf
Advantage: normalizedfitness
M: 4
lambda: 15
epsilon_svgd: 0.015
gamma: 0.015
decay_start_ratio: 0.3
decay_min_factor: 0.01
bandwith_kernel: None
no_interact: False
avg_score: 0.6415349841117859
median_score: 0.6402812004089355
std_score: 0.01568415015935898
percentiles: 2%=0.6144301295280457, 5%=0.618037223815918, 10%=0.620430052280426, 25%=0.6311593055725098, 50%=0.6402812004089355, 75%=0.6527208685874939, 90%=0.6620146036148071, 95%=0.6683427691459656, 98%=0.6748055815696716
ranking_best_algo: Tabu
ranking_best_score: 0.7470791764843752
ranking_my_rank: 364/504 (28.0%)
ranking_my_percent: 27.976190476190474
