ConfigName: krbf__advnormalizedfitness__M3__L8__eps0p015__g0p007__ds0p01__dm0p3
Problem: QUBO
Kernel: rbf
Advantage: normalizedfitness
M: 3
lambda: 8
epsilon_svgd: 0.015
gamma: 0.007
decay_start_ratio: 0.01
decay_min_factor: 0.3
bandwith_kernel: None
no_interact: False
avg_score: -440.82000732421875
median_score: -439.5
std_score: 25.71940040588379
percentiles: 2%=-482.1400146484375, 5%=-481.0, 10%=-475.20001220703125, 25%=-459.0, 50%=-439.5, 75%=-422.0, 90%=-410.0, 95%=-400.9000244140625, 98%=-384.8599853515625
ranking_best_algo: CMApara
ranking_best_score: 453.82
ranking_my_rank: 12/504 (97.8%)
ranking_my_percent: 97.81746031746032
