ConfigName: krbf__advnormalizedfitness__M4__L8__eps0p033__g0p015__ds0p3__dm0p3
Problem: QUBO
Kernel: rbf
Advantage: normalizedfitness
M: 4
lambda: 8
epsilon_svgd: 0.033
gamma: 0.015
decay_start_ratio: 0.3
decay_min_factor: 0.3
bandwith_kernel: None
no_interact: False
avg_score: -1042.239990234375
median_score: -1026.5
std_score: 100.62346649169922
percentiles: 2%=-1237.3800048828125, 5%=-1211.0, 10%=-1165.199951171875, 25%=-1114.25, 50%=-1026.5, 75%=-969.0, 90%=-919.800048828125, 95%=-892.800048828125, 98%=-874.5999145507812
ranking_best_algo: BigLognormalDiscreteOnePlusOne
ranking_best_score: 1301.3600000000004
ranking_my_rank: 218/504 (56.9%)
ranking_my_percent: 56.94444444444444
