ConfigName: kfr__advglobalrankweighted__M1__L11__eps0p015__g0p003__ds0p01__dm0p01
Problem: QUBO
Kernel: fr
Advantage: globalrankweighted
M: 1
lambda: 11
epsilon_svgd: 0.015
gamma: 0.003
decay_start_ratio: 0.01
decay_min_factor: 0.01
bandwith_kernel: None
no_interact: False
avg_score: -1186.719970703125
median_score: -1183.5
std_score: 63.03095626831055
percentiles: 2%=-1292.8399658203125, 5%=-1287.0, 10%=-1263.699951171875, 25%=-1223.0, 50%=-1183.5, 75%=-1144.5, 90%=-1112.5999755859375, 95%=-1094.800048828125, 98%=-1060.8800048828125
ranking_best_algo: SVMMetaModelLogNormal
ranking_best_score: 1233.7999999999997
ranking_my_rank: 58/504 (88.7%)
ranking_my_percent: 88.69047619047619
