ConfigName: krbf__advnormalizedfitness__M3__L12__eps0p015__g0p007__ds0p15__dm0p01
Problem: QUBO
Kernel: rbf
Advantage: normalizedfitness
M: 3
lambda: 12
epsilon_svgd: 0.015
gamma: 0.007
decay_start_ratio: 0.15
decay_min_factor: 0.01
bandwith_kernel: None
no_interact: False
avg_score: -417.05999755859375
median_score: -418.0
std_score: 25.946027755737305
percentiles: 2%=-469.0400085449219, 5%=-455.5, 10%=-451.1000061035156, 25%=-435.25, 50%=-418.0, 75%=-397.75, 90%=-385.79998779296875, 95%=-377.70001220703125, 98%=-369.8799743652344
ranking_best_algo: Tabu
ranking_best_score: 438.12
ranking_my_rank: 41/504 (92.1%)
ranking_my_percent: 92.06349206349206
