ConfigName: kjsd__advperagentrankweighted__M4__L12__eps0p02__g0p0003__ds0p2__dm0p05
Problem: NK
Kernel: jsd
Advantage: peragentrankweighted
M: 4
lambda: 12
epsilon_svgd: 0.02
gamma: 0.0003
decay_start_ratio: 0.2
decay_min_factor: 0.05
bandwith_kernel: None
no_interact: False
avg_score: 0.7246720194816589
median_score: 0.724937915802002
std_score: 0.00841884408146143
percentiles: 2%=0.7082956433296204, 5%=0.7106183171272278, 10%=0.713341236114502, 25%=0.7183454036712646, 50%=0.724937915802002, 75%=0.7302324771881104, 90%=0.7353785634040833, 95%=0.737560510635376, 98%=0.7401391267776489
ranking_best_algo: PBIL
ranking_best_score: 0.7248786399609374
ranking_my_rank: 2/504 (99.8%)
ranking_my_percent: 99.8015873015873
