ConfigName: kjsd__advperagentrankweighted__M3__L20__eps0p005__g0p001__ds0p2__dm0p1
Problem: NK
Kernel: jsd
Advantage: peragentrankweighted
M: 3
lambda: 20
epsilon_svgd: 0.005
gamma: 0.001
decay_start_ratio: 0.2
decay_min_factor: 0.1
bandwith_kernel: None
no_interact: False
avg_score: 0.7575972676277161
median_score: 0.7587234973907471
std_score: 0.013201876543462276
percentiles: 2%=0.7336061000823975, 5%=0.7362332344055176, 10%=0.7405216097831726, 25%=0.747058629989624, 50%=0.7587234973907471, 75%=0.7667511701583862, 90%=0.7744467854499817, 95%=0.777645468711853, 98%=0.7812699675559998
ranking_best_algo: Tabu
ranking_best_score: 0.7470791764843752
ranking_my_rank: 1/504 (100.0%)
ranking_my_percent: 100.0
