ConfigName: krbf__advnormalizedfitness__M4__L15__eps0p01__g0p001__ds0p05__dm0p05
Problem: QUBO
Kernel: rbf
Advantage: normalizedfitness
M: 4
lambda: 15
epsilon_svgd: 0.01
gamma: 0.001
decay_start_ratio: 0.05
decay_min_factor: 0.05
bandwith_kernel: None
no_interact: False
avg_score: -333.1000061035156
median_score: -339.5
std_score: 20.169034957885742
percentiles: 2%=-372.0, 5%=-360.04998779296875, 10%=-354.0, 25%=-346.75, 50%=-339.5, 75%=-322.0, 90%=-305.3999938964844, 95%=-295.0, 98%=-283.9200134277344
ranking_best_algo: CMApara
ranking_best_score: 344.22
ranking_my_rank: 69/504 (86.5%)
ranking_my_percent: 86.5079365079365
