ConfigName: kjsd__advperagentrankweighted__M4__L30__eps0p005__g0p0007__ds0p05__dm0p05
Problem: QUBO
Kernel: jsd
Advantage: peragentrankweighted
M: 4
lambda: 30
epsilon_svgd: 0.005
gamma: 0.0007
decay_start_ratio: 0.05
decay_min_factor: 0.05
bandwith_kernel: None
no_interact: False
avg_score: -415.6400146484375
median_score: -419.0
std_score: 27.23729705810547
percentiles: 2%=-473.0799865722656, 5%=-459.1000061035156, 10%=-447.1000061035156, 25%=-430.0, 50%=-419.0, 75%=-399.5, 90%=-385.79998779296875, 95%=-367.8999938964844, 98%=-359.8399963378906
ranking_best_algo: Tabu
ranking_best_score: 438.12
ranking_my_rank: 49/504 (90.5%)
ranking_my_percent: 90.47619047619048
