ConfigName: kjsd__advperagentrankweighted__M4__L30__eps0p01__g0p0003__ds0p4__dm0p05
Problem: QUBO
Kernel: jsd
Advantage: peragentrankweighted
M: 4
lambda: 30
epsilon_svgd: 0.01
gamma: 0.0003
decay_start_ratio: 0.4
decay_min_factor: 0.05
bandwith_kernel: None
no_interact: False
avg_score: -138.66000366210938
median_score: -139.0
std_score: 11.335095405578613
percentiles: 2%=-158.02000427246094, 5%=-157.0, 10%=-154.0, 25%=-146.0, 50%=-139.0, 75%=-129.75, 90%=-124.80000305175781, 95%=-119.9000015258789, 98%=-117.0
ranking_best_algo: DiscreteDE
ranking_best_score: 143.4
ranking_my_rank: 97/504 (81.0%)
ranking_my_percent: 80.95238095238095
