ConfigName: krbf__advnormalizedfitness__M3__L12__eps0p033__g0p005__ds0p3__dm0p01
Problem: QUBO
Kernel: rbf
Advantage: normalizedfitness
M: 3
lambda: 12
epsilon_svgd: 0.033
gamma: 0.005
decay_start_ratio: 0.3
decay_min_factor: 0.01
bandwith_kernel: None
no_interact: False
avg_score: -439.0199890136719
median_score: -442.5
std_score: 27.3064022064209
percentiles: 2%=-490.0400085449219, 5%=-479.1000061035156, 10%=-470.1000061035156, 25%=-458.25, 50%=-442.5, 75%=-417.75, 90%=-401.8999938964844, 95%=-392.7500305175781, 98%=-381.97998046875
ranking_best_algo: CMApara
ranking_best_score: 453.82
ranking_my_rank: 19/504 (96.4%)
ranking_my_percent: 96.42857142857143
