ConfigName: krbf__advnormalizedfitness__M4__L8__eps0p03__g0p01__ds0p15__dm0p05
Problem: QUBO
Kernel: rbf
Advantage: normalizedfitness
M: 4
lambda: 8
epsilon_svgd: 0.03
gamma: 0.01
decay_start_ratio: 0.15
decay_min_factor: 0.05
bandwith_kernel: None
no_interact: False
avg_score: -140.0399932861328
median_score: -141.0
std_score: 11.196356773376465
percentiles: 2%=-159.02000427246094, 5%=-158.0, 10%=-156.0, 25%=-147.25, 50%=-141.0, 75%=-130.75, 90%=-127.0, 95%=-120.9000015258789, 98%=-117.0
ranking_best_algo: DiscreteDE
ranking_best_score: 143.4
ranking_my_rank: 80/504 (84.3%)
ranking_my_percent: 84.32539682539682
