ConfigName: krbf__advnormalizedfitness__M1__L10__eps0p015__g0p01__ds0p01__dm0p01
Problem: QUBO
Kernel: rbf
Advantage: normalizedfitness
M: 1
lambda: 10
epsilon_svgd: 0.015
gamma: 0.01
decay_start_ratio: 0.01
decay_min_factor: 0.01
bandwith_kernel: None
no_interact: False
avg_score: -144.77999877929688
median_score: -145.0
std_score: 16.151519775390625
percentiles: 2%=-179.0, 5%=-179.0, 10%=-164.0, 25%=-155.0, 50%=-145.0, 75%=-133.0, 90%=-124.9000015258789, 95%=-120.0, 98%=-116.91998291015625
ranking_best_algo: CMApara
ranking_best_score: 154.28
ranking_my_rank: 177/504 (65.1%)
ranking_my_percent: 65.07936507936508
