ConfigName: kjsd__advperagentrankweighted__M5__L8__eps0p02__g0p0005__ds0p2__dm0p05
Problem: QUBO
Kernel: jsd
Advantage: peragentrankweighted
M: 5
lambda: 8
epsilon_svgd: 0.02
gamma: 0.0005
decay_start_ratio: 0.2
decay_min_factor: 0.05
bandwith_kernel: None
no_interact: False
avg_score: -331.739990234375
median_score: -334.0
std_score: 20.712614059448242
percentiles: 2%=-372.0, 5%=-361.54998779296875, 10%=-354.1000061035156, 25%=-343.75, 50%=-334.0, 75%=-321.75, 90%=-300.0, 95%=-295.95001220703125, 98%=-290.0
ranking_best_algo: CMApara
ranking_best_score: 344.22
ranking_my_rank: 76/504 (85.1%)
ranking_my_percent: 85.11904761904762
