ConfigName: kjsd__advperagentrankweighted__M6__L8__eps0p02__g0p0005__ds0p2__dm0p05
Problem: NK
Kernel: jsd
Advantage: peragentrankweighted
M: 6
lambda: 8
epsilon_svgd: 0.02
gamma: 0.0005
decay_start_ratio: 0.2
decay_min_factor: 0.05
bandwith_kernel: None
no_interact: False
avg_score: 0.7104846239089966
median_score: 0.6956518292427063
std_score: 0.03184737637639046
percentiles: 2%=0.6728808283805847, 5%=0.6742316484451294, 10%=0.6757414937019348, 25%=0.6821137070655823, 50%=0.6956518292427063, 75%=0.746545672416687, 90%=0.7534111738204956, 95%=0.7613165378570557, 98%=0.7613165378570557
ranking_best_algo: CMApara
ranking_best_score: 0.7118996098437498
ranking_my_rank: 22/504 (95.8%)
ranking_my_percent: 95.83333333333333
