ConfigName: krbf__advnormalizedfitness__M4__L15__eps0p015__g0p007__ds0p01__dm0p3
Problem: QUBO
Kernel: rbf
Advantage: normalizedfitness
M: 4
lambda: 15
epsilon_svgd: 0.015
gamma: 0.007
decay_start_ratio: 0.01
decay_min_factor: 0.3
bandwith_kernel: None
no_interact: False
avg_score: -1197.3599853515625
median_score: -1173.0
std_score: 132.5799102783203
percentiles: 2%=-1505.699951171875, 5%=-1395.9000244140625, 10%=-1376.0999755859375, 25%=-1282.0, 50%=-1173.0, 75%=-1093.75, 90%=-1050.9000244140625, 95%=-1023.550048828125, 98%=-1004.1398315429688
ranking_best_algo: RLSOnePlusOne
ranking_best_score: 3316.5199999999995
ranking_my_rank: 385/504 (23.8%)
ranking_my_percent: 23.80952380952381
