ConfigName: kfr__advglobalrankweighted__M1__L10__eps0p02__g0p005__ds0p01__dm0p01
Problem: QUBO
Kernel: fr
Advantage: globalrankweighted
M: 1
lambda: 10
epsilon_svgd: 0.02
gamma: 0.005
decay_start_ratio: 0.01
decay_min_factor: 0.01
bandwith_kernel: None
no_interact: False
avg_score: -3174.159912109375
median_score: -3169.5
std_score: 138.1705322265625
percentiles: 2%=-3456.1201171875, 5%=-3414.050048828125, 10%=-3378.0, 25%=-3248.0, 50%=-3169.5, 75%=-3071.25, 90%=-2993.199951171875, 95%=-2968.89990234375, 98%=-2913.599853515625
ranking_best_algo: RLSOnePlusOne
ranking_best_score: 3316.5199999999995
ranking_my_rank: 60/504 (88.3%)
ranking_my_percent: 88.2936507936508
