ConfigName: kjsd__advperagentrankweighted__M3__L30__eps0p007__g0p001__ds0p05__dm0p05
Problem: NK
Kernel: jsd
Advantage: peragentrankweighted
M: 3
lambda: 30
epsilon_svgd: 0.007
gamma: 0.001
decay_start_ratio: 0.05
decay_min_factor: 0.05
bandwith_kernel: None
no_interact: False
avg_score: 0.7109206318855286
median_score: 0.7114897966384888
std_score: 0.01532103680074215
percentiles: 2%=0.6712735295295715, 5%=0.6737578511238098, 10%=0.6970773935317993, 25%=0.7082589864730835, 50%=0.7114897966384888, 75%=0.7187971472740173, 90%=0.7255907654762268, 95%=0.7328662276268005, 98%=0.7340100407600403
ranking_best_algo: CMApara
ranking_best_score: 0.707475975
ranking_my_rank: 1/504 (100.0%)
ranking_my_percent: 100.0
