ConfigName: kfr__advglobalrankweighted__M5__L8__eps0p015__g0p007__ds0p01__dm0p01
Problem: QUBO
Kernel: fr
Advantage: globalrankweighted
M: 5
lambda: 8
epsilon_svgd: 0.015
gamma: 0.007
decay_start_ratio: 0.01
decay_min_factor: 0.01
bandwith_kernel: None
no_interact: False
avg_score: -1166.97998046875
median_score: -1166.0
std_score: 64.61810302734375
percentiles: 2%=-1299.02001953125, 5%=-1267.9000244140625, 10%=-1255.0, 25%=-1207.0, 50%=-1166.0, 75%=-1122.5, 90%=-1087.0, 95%=-1075.8499755859375, 98%=-1050.4598388671875
ranking_best_algo: Tabu
ranking_best_score: 1216.16
ranking_my_rank: 93/504 (81.7%)
ranking_my_percent: 81.74603174603175
