ConfigName: kjsd__advperagentrankweighted__M3__L24__eps0p007__g0p001__ds0p1__dm0p1
Problem: QUBO
Kernel: jsd
Advantage: peragentrankweighted
M: 3
lambda: 24
epsilon_svgd: 0.007
gamma: 0.001
decay_start_ratio: 0.1
decay_min_factor: 0.1
bandwith_kernel: None
no_interact: False
avg_score: -2564.1201171875
median_score: -2559.0
std_score: 116.92161560058594
percentiles: 2%=-2807.199951171875, 5%=-2773.85009765625, 10%=-2734.10009765625, 25%=-2632.0, 50%=-2559.0, 75%=-2477.5, 90%=-2426.89990234375, 95%=-2399.14990234375, 98%=-2361.43994140625
ranking_best_algo: SVM1MetaModelLogNormal
ranking_best_score: 2605.14
ranking_my_rank: 39/504 (92.5%)
ranking_my_percent: 92.46031746031746
