ConfigName: kjsd__advperagentrankweighted__M3__L20__eps0p005__g0p0005__ds0p05__dm0p1
Problem: QUBO
Kernel: jsd
Advantage: peragentrankweighted
M: 3
lambda: 20
epsilon_svgd: 0.005
gamma: 0.0005
decay_start_ratio: 0.05
decay_min_factor: 0.1
bandwith_kernel: None
no_interact: False
avg_score: -427.2200012207031
median_score: -426.0
std_score: 28.5711669921875
percentiles: 2%=-483.0, 5%=-481.0, 10%=-463.3999938964844, 25%=-448.5, 50%=-426.0, 75%=-408.0, 90%=-390.8999938964844, 95%=-383.95001220703125, 98%=-375.8399963378906
ranking_best_algo: CMAL3
ranking_best_score: 435.36
ranking_my_rank: 19/504 (96.4%)
ranking_my_percent: 96.42857142857143
