ConfigName: kjsd__advperagentrankweighted__M3__L18__eps0p005__g0p003__ds0p1__dm0p1
Problem: QUBO
Kernel: jsd
Advantage: peragentrankweighted
M: 3
lambda: 18
epsilon_svgd: 0.005
gamma: 0.003
decay_start_ratio: 0.1
decay_min_factor: 0.1
bandwith_kernel: None
no_interact: False
avg_score: -864.5999755859375
median_score: -857.0
std_score: 67.9053726196289
percentiles: 2%=-1014.3200073242188, 5%=-983.5499877929688, 10%=-959.5, 25%=-902.75, 50%=-857.0, 75%=-814.75, 90%=-773.0, 95%=-752.9000244140625, 98%=-741.8800048828125
ranking_best_algo: CMAL3
ranking_best_score: 928.5800000000002
ranking_my_rank: 177/504 (65.1%)
ranking_my_percent: 65.07936507936508
