ConfigName: kjsd__advperagentrankweighted__M4__L8__eps0p005__g0p0005__ds0p2__dm0p2
Problem: NK
Kernel: jsd
Advantage: peragentrankweighted
M: 4
lambda: 8
epsilon_svgd: 0.005
gamma: 0.0005
decay_start_ratio: 0.2
decay_min_factor: 0.2
bandwith_kernel: None
no_interact: False
avg_score: 0.706541895866394
median_score: 0.7092662453651428
std_score: 0.011633320711553097
percentiles: 2%=0.6875678300857544, 5%=0.6886530518531799, 10%=0.6913778781890869, 25%=0.6954412460327148, 50%=0.7092662453651428, 75%=0.716751754283905, 90%=0.7212424278259277, 95%=0.7224167585372925, 98%=0.7234110236167908
ranking_best_algo: PBIL
ranking_best_score: 0.7013553837109374
ranking_my_rank: 1/504 (100.0%)
ranking_my_percent: 100.0
