ConfigName: kjsd__advperagentrankweighted__M3__L16__eps0p01__g0p0007__ds0p2__dm0p05
Problem: QUBO
Kernel: jsd
Advantage: peragentrankweighted
M: 3
lambda: 16
epsilon_svgd: 0.01
gamma: 0.0007
decay_start_ratio: 0.2
decay_min_factor: 0.05
bandwith_kernel: None
no_interact: False
avg_score: -435.79998779296875
median_score: -438.5
std_score: 25.949182510375977
percentiles: 2%=-487.0400085449219, 5%=-474.3500061035156, 10%=-467.1000061035156, 25%=-453.5, 50%=-438.5, 75%=-418.75, 90%=-399.79998779296875, 95%=-390.0, 98%=-385.8999938964844
ranking_best_algo: CMApara
ranking_best_score: 453.82
ranking_my_rank: 30/504 (94.2%)
ranking_my_percent: 94.24603174603175
