ConfigName: kjsd__advperagentrankweighted__M3__L20__eps0p01__g0p0005__ds0p2__dm0p05
Problem: QUBO
Kernel: jsd
Advantage: peragentrankweighted
M: 3
lambda: 20
epsilon_svgd: 0.01
gamma: 0.0005
decay_start_ratio: 0.2
decay_min_factor: 0.05
bandwith_kernel: None
no_interact: False
avg_score: -2592.699951171875
median_score: -2589.5
std_score: 121.08158111572266
percentiles: 2%=-2843.340087890625, 5%=-2806.199951171875, 10%=-2753.89990234375, 25%=-2665.75, 50%=-2589.5, 75%=-2508.5, 90%=-2426.800048828125, 95%=-2406.949951171875, 98%=-2386.97998046875
ranking_best_algo: SVM1MetaModelLogNormal
ranking_best_score: 2605.14
ranking_my_rank: 10/504 (98.2%)
ranking_my_percent: 98.21428571428571
