ConfigName: kjsd__advperagentrankweighted__M4__L8__eps0p005__g0p0003__ds0p2__dm0p05
Problem: NK
Kernel: jsd
Advantage: peragentrankweighted
M: 4
lambda: 8
epsilon_svgd: 0.005
gamma: 0.0003
decay_start_ratio: 0.2
decay_min_factor: 0.05
bandwith_kernel: None
no_interact: False
avg_score: 0.7332267761230469
median_score: 0.7332780957221985
std_score: 0.00958721898496151
percentiles: 2%=0.7143061757087708, 5%=0.7175729274749756, 10%=0.721124529838562, 25%=0.7269628047943115, 50%=0.7332780957221985, 75%=0.7405527234077454, 90%=0.7470859289169312, 95%=0.7487277984619141, 98%=0.7500518560409546
ranking_best_algo: PBIL
ranking_best_score: 0.730509098125
ranking_my_rank: 1/504 (100.0%)
ranking_my_percent: 100.0
