ConfigName: kfr__advglobalrankweighted__M2__L9__eps0p015__g0p003__ds0p01__dm0p01
Problem: QUBO
Kernel: fr
Advantage: globalrankweighted
M: 2
lambda: 9
epsilon_svgd: 0.015
gamma: 0.003
decay_start_ratio: 0.01
decay_min_factor: 0.01
bandwith_kernel: None
no_interact: False
avg_score: -883.02001953125
median_score: -885.5
std_score: 63.008731842041016
percentiles: 2%=-1014.5599975585938, 5%=-970.6499633789062, 10%=-949.4000244140625, 25%=-923.75, 50%=-885.5, 75%=-841.0, 90%=-798.9000244140625, 95%=-787.6000366210938, 98%=-758.5599365234375
ranking_best_algo: CMAL3
ranking_best_score: 928.5800000000002
ranking_my_rank: 109/504 (78.6%)
ranking_my_percent: 78.57142857142857
