ConfigName: kfr__advglobalrankweighted__M2__L8__eps0p015__g0p003__ds0p01__dm0p01
Problem: QUBO
Kernel: fr
Advantage: globalrankweighted
M: 2
lambda: 8
epsilon_svgd: 0.015
gamma: 0.003
decay_start_ratio: 0.01
decay_min_factor: 0.01
bandwith_kernel: None
no_interact: False
avg_score: -317.3800048828125
median_score: -317.0
std_score: 23.704336166381836
percentiles: 2%=-361.2200012207031, 5%=-350.20001220703125, 10%=-346.29998779296875, 25%=-339.0, 50%=-317.0, 75%=-300.75, 90%=-285.8999938964844, 95%=-278.95001220703125, 98%=-277.7999572753906
ranking_best_algo: CMApara
ranking_best_score: 344.22
ranking_my_rank: 190/504 (62.5%)
ranking_my_percent: 62.5
