ConfigName: krbf__advnormalizedfitness__M3__L8__eps0p015__g0p015__ds0p3__dm0p01
Problem: NK
Kernel: rbf
Advantage: normalizedfitness
M: 3
lambda: 8
epsilon_svgd: 0.015
gamma: 0.015
decay_start_ratio: 0.3
decay_min_factor: 0.01
bandwith_kernel: None
no_interact: False
avg_score: 0.7100663185119629
median_score: 0.7105895280838013
std_score: 0.015289681032299995
percentiles: 2%=0.6720244884490967, 5%=0.6728183031082153, 10%=0.6961820721626282, 25%=0.7065239548683167, 50%=0.7105895280838013, 75%=0.7191441059112549, 90%=0.7252848148345947, 95%=0.7310855984687805, 98%=0.7326264381408691
ranking_best_algo: CMApara
ranking_best_score: 0.707475975
ranking_my_rank: 1/504 (100.0%)
ranking_my_percent: 100.0
