ConfigName: krbf__advnormalizedfitness__M2__L8__eps0p025__g0p005__ds0p3__dm0p3
Problem: QUBO
Kernel: rbf
Advantage: normalizedfitness
M: 2
lambda: 8
epsilon_svgd: 0.025
gamma: 0.005
decay_start_ratio: 0.3
decay_min_factor: 0.3
bandwith_kernel: None
no_interact: False
avg_score: -568.8200073242188
median_score: -567.0
std_score: 28.918638229370117
percentiles: 2%=-631.02001953125, 5%=-623.0, 10%=-609.0, 25%=-586.0, 50%=-567.0, 75%=-549.0, 90%=-534.0, 95%=-524.7999877929688, 98%=-512.9000244140625
ranking_best_algo: Tabu
ranking_best_score: 588.7199999999999
ranking_my_rank: 76/503 (85.1%)
ranking_my_percent: 85.08946322067594
