ConfigName: kjsd__advperagentrankweighted__M4__L12__eps0p005__g0p0005__ds0p05__dm0p05
Problem: QUBO
Kernel: jsd
Advantage: peragentrankweighted
M: 4
lambda: 12
epsilon_svgd: 0.005
gamma: 0.0005
decay_start_ratio: 0.05
decay_min_factor: 0.05
bandwith_kernel: None
no_interact: False
avg_score: -308.6199951171875
median_score: -302.0
std_score: 39.523860931396484
percentiles: 2%=-396.0799865722656, 5%=-392.1000061035156, 10%=-356.0, 25%=-335.0, 50%=-302.0, 75%=-274.75, 90%=-264.8999938964844, 95%=-260.0, 98%=-255.97999572753906
ranking_best_algo: CMApara
ranking_best_score: 319.29999999999995
ranking_my_rank: 87/504 (82.9%)
ranking_my_percent: 82.93650793650794
