ConfigName: kjsd__advperagentrankweighted__M3__L16__eps0p005__g0p001__ds0p2__dm0p2
Problem: NK
Kernel: jsd
Advantage: peragentrankweighted
M: 3
lambda: 16
epsilon_svgd: 0.005
gamma: 0.001
decay_start_ratio: 0.2
decay_min_factor: 0.2
bandwith_kernel: None
no_interact: False
avg_score: 0.7375096678733826
median_score: 0.73863685131073
std_score: 0.009166893549263477
percentiles: 2%=0.7187116742134094, 5%=0.7204639911651611, 10%=0.7225008606910706, 25%=0.7339433431625366, 50%=0.73863685131073, 75%=0.7438197731971741, 90%=0.7475859522819519, 95%=0.7521390318870544, 98%=0.7532837390899658
ranking_best_algo: PBIL
ranking_best_score: 0.730509098125
ranking_my_rank: 1/504 (100.0%)
ranking_my_percent: 100.0
