ConfigName: kjsd__advperagentrankweighted__M5__L8__eps0p005__g0p0007__ds0p05__dm0p2
Problem: NK
Kernel: jsd
Advantage: peragentrankweighted
M: 5
lambda: 8
epsilon_svgd: 0.005
gamma: 0.0007
decay_start_ratio: 0.05
decay_min_factor: 0.2
bandwith_kernel: None
no_interact: False
avg_score: 0.7443916201591492
median_score: 0.7414121031761169
std_score: 0.028276098892092705
percentiles: 2%=0.7011914253234863, 5%=0.7053327560424805, 10%=0.7121877670288086, 25%=0.7252927422523499, 50%=0.7414121031761169, 75%=0.7580187320709229, 90%=0.7729498147964478, 95%=0.8047558665275574, 98%=0.8118547797203064
ranking_best_algo: CMApara
ranking_best_score: 0.7459277895312499
ranking_my_rank: 4/504 (99.4%)
ranking_my_percent: 99.4047619047619
