ConfigName: kjsd__advperagentrankweighted__M3__L24__eps0p005__g0p0005__ds0p2__dm0p1
Problem: QUBO
Kernel: jsd
Advantage: peragentrankweighted
M: 3
lambda: 24
epsilon_svgd: 0.005
gamma: 0.0005
decay_start_ratio: 0.2
decay_min_factor: 0.1
bandwith_kernel: None
no_interact: False
avg_score: -3279.0
median_score: -3264.5
std_score: 115.43032836914062
percentiles: 2%=-3526.06005859375, 5%=-3478.60009765625, 10%=-3435.300048828125, 25%=-3354.0, 50%=-3264.5, 75%=-3204.75, 90%=-3126.699951171875, 95%=-3103.699951171875, 98%=-3051.8798828125
ranking_best_algo: RLSOnePlusOne
ranking_best_score: 3316.5199999999995
ranking_my_rank: 11/504 (98.0%)
ranking_my_percent: 98.01587301587301
