ConfigName: krbf__advnormalizedfitness__M2__L3__eps0p015__g0p005__ds0p01__dm0p01
Problem: QUBO
Kernel: rbf
Advantage: normalizedfitness
M: 2
lambda: 3
epsilon_svgd: 0.015
gamma: 0.005
decay_start_ratio: 0.01
decay_min_factor: 0.01
bandwith_kernel: None
no_interact: False
avg_score: -894.8400268554688
median_score: -891.0
std_score: 72.59830474853516
percentiles: 2%=-1028.3199462890625, 5%=-1006.9000244140625, 10%=-983.0, 25%=-948.5, 50%=-891.0, 75%=-853.75, 90%=-806.5999755859375, 95%=-777.8499755859375, 98%=-734.8400268554688
ranking_best_algo: CMApara
ranking_best_score: 964.9
ranking_my_rank: 170/504 (66.5%)
ranking_my_percent: 66.46825396825396
