ConfigName: kjsd__advperagentrankweighted__M3__L16__eps0p007__g0p003__ds0p05__dm0p2
Problem: QUBO
Kernel: jsd
Advantage: peragentrankweighted
M: 3
lambda: 16
epsilon_svgd: 0.007
gamma: 0.003
decay_start_ratio: 0.05
decay_min_factor: 0.2
bandwith_kernel: None
no_interact: False
avg_score: -422.2200012207031
median_score: -423.0
std_score: 28.468782424926758
percentiles: 2%=-473.0400085449219, 5%=-465.0, 10%=-457.3999938964844, 25%=-442.75, 50%=-423.0, 75%=-401.0, 90%=-383.70001220703125, 95%=-372.75, 98%=-366.6600036621094
ranking_best_algo: CMAL3
ranking_best_score: 435.36
ranking_my_rank: 44/504 (91.5%)
ranking_my_percent: 91.46825396825396
