ConfigName: krbf__advnormalizedfitness__M1__L8__eps0p015__g0p007__ds0p3__dm0p01
Problem: NK
Kernel: rbf
Advantage: normalizedfitness
M: 1
lambda: 8
epsilon_svgd: 0.015
gamma: 0.007
decay_start_ratio: 0.3
decay_min_factor: 0.01
bandwith_kernel: None
no_interact: False
avg_score: 0.7390743494033813
median_score: 0.7372936606407166
std_score: 0.016559818759560585
percentiles: 2%=0.706959068775177, 5%=0.7127867937088013, 10%=0.7191798090934753, 25%=0.7287667393684387, 50%=0.7372936606407166, 75%=0.7519207000732422, 90%=0.7611434459686279, 95%=0.7666933536529541, 98%=0.7717913389205933
ranking_best_algo: Tabu
ranking_best_score: 0.7657846284375001
ranking_my_rank: 87/504 (82.9%)
ranking_my_percent: 82.93650793650794
