ConfigName: kfr__advglobalrankweighted__M1__L9__eps0p01__g0p003__ds0p01__dm0p01
Problem: QUBO
Kernel: fr
Advantage: globalrankweighted
M: 1
lambda: 9
epsilon_svgd: 0.01
gamma: 0.003
decay_start_ratio: 0.01
decay_min_factor: 0.01
bandwith_kernel: None
no_interact: False
avg_score: -191.05999755859375
median_score: -191.5
std_score: 14.029840469360352
percentiles: 2%=-224.0, 5%=-215.1999969482422, 10%=-207.10000610351562, 25%=-201.0, 50%=-191.5, 75%=-180.0, 90%=-171.89999389648438, 95%=-169.95001220703125, 98%=-166.97999572753906
ranking_best_algo: Tabu
ranking_best_score: 208.36000000000004
ranking_my_rank: 233/504 (54.0%)
ranking_my_percent: 53.96825396825397
