ConfigName: kjsd__advperagentrankweighted__M5__L8__eps0p005__g0p0003__ds0p4__dm0p05
Problem: QUBO
Kernel: jsd
Advantage: peragentrankweighted
M: 5
lambda: 8
epsilon_svgd: 0.005
gamma: 0.0003
decay_start_ratio: 0.4
decay_min_factor: 0.05
bandwith_kernel: None
no_interact: False
avg_score: -2622.93994140625
median_score: -2629.0
std_score: 114.63959503173828
percentiles: 2%=-2831.360107421875, 5%=-2792.449951171875, 10%=-2776.300048828125, 25%=-2704.0, 50%=-2629.0, 75%=-2546.25, 90%=-2468.0, 95%=-2439.699951171875, 98%=-2402.219970703125
ranking_best_algo: DiscreteLengler2OnePlusOne
ranking_best_score: 2617.04
ranking_my_rank: 1/504 (100.0%)
ranking_my_percent: 100.0
