ConfigName: kfr__advglobalrankweighted__M1__L7__eps0p015__g0p007__ds0p01__dm0p01
Problem: QUBO
Kernel: fr
Advantage: globalrankweighted
M: 1
lambda: 7
epsilon_svgd: 0.015
gamma: 0.007
decay_start_ratio: 0.01
decay_min_factor: 0.01
bandwith_kernel: None
no_interact: False
avg_score: -1144.47998046875
median_score: -1136.5
std_score: 72.1181640625
percentiles: 2%=-1319.239990234375, 5%=-1284.3499755859375, 10%=-1247.5, 25%=-1180.5, 50%=-1136.5, 75%=-1096.75, 90%=-1061.199951171875, 95%=-1043.7000732421875, 98%=-1031.5198974609375
ranking_best_algo: Tabu
ranking_best_score: 1216.16
ranking_my_rank: 151/504 (70.2%)
ranking_my_percent: 70.23809523809524
