ConfigName: kjsd__advperagentrankweighted__M3__L30__eps0p005__g0p001__ds0p1__dm0p2
Problem: NK
Kernel: jsd
Advantage: peragentrankweighted
M: 3
lambda: 30
epsilon_svgd: 0.005
gamma: 0.001
decay_start_ratio: 0.1
decay_min_factor: 0.2
bandwith_kernel: None
no_interact: False
avg_score: 0.705792248249054
median_score: 0.7095946073532104
std_score: 0.012014287523925304
percentiles: 2%=0.6862978935241699, 5%=0.6880156993865967, 10%=0.6891153454780579, 25%=0.6946895718574524, 50%=0.7095946073532104, 75%=0.7157421112060547, 90%=0.7202555537223816, 95%=0.7212345600128174, 98%=0.7245150804519653
ranking_best_algo: PBIL
ranking_best_score: 0.7013553837109374
ranking_my_rank: 1/504 (100.0%)
ranking_my_percent: 100.0
