ConfigName: kjsd__advperagentrankweighted__M5__L10__eps0p01__g0p0005__ds0p05__dm0p05
Problem: QUBO
Kernel: jsd
Advantage: peragentrankweighted
M: 5
lambda: 10
epsilon_svgd: 0.01
gamma: 0.0005
decay_start_ratio: 0.05
decay_min_factor: 0.05
bandwith_kernel: None
no_interact: False
avg_score: -3291.919921875
median_score: -3288.0
std_score: 109.49498748779297
percentiles: 2%=-3506.06005859375, 5%=-3459.35009765625, 10%=-3436.199951171875, 25%=-3372.25, 50%=-3288.0, 75%=-3219.25, 90%=-3167.5, 95%=-3109.699951171875, 98%=-3083.419921875
ranking_best_algo: RLSOnePlusOne
ranking_best_score: 3316.5199999999995
ranking_my_rank: 3/504 (99.6%)
ranking_my_percent: 99.60317460317461
