ConfigName: kfr__advglobalrankweighted__M1__L8__eps0p015__g0p003__ds0p01__dm0p01
Problem: QUBO
Kernel: fr
Advantage: globalrankweighted
M: 1
lambda: 8
epsilon_svgd: 0.015
gamma: 0.003
decay_start_ratio: 0.01
decay_min_factor: 0.01
bandwith_kernel: None
no_interact: False
avg_score: -403.17999267578125
median_score: -400.5
std_score: 34.865562438964844
percentiles: 2%=-465.20001220703125, 5%=-461.0, 10%=-451.1000061035156, 25%=-427.25, 50%=-400.5, 75%=-378.75, 90%=-364.8999938964844, 95%=-349.95001220703125, 98%=-346.8599853515625
ranking_best_algo: CMAL3
ranking_best_score: 435.36
ranking_my_rank: 225/504 (55.6%)
ranking_my_percent: 55.55555555555556
