ConfigName: kjsd__advperagentrankweighted__M5__L12__eps0p03__g0p0003__ds0p2__dm0p05
Problem: QUBO
Kernel: jsd
Advantage: peragentrankweighted
M: 5
lambda: 12
epsilon_svgd: 0.03
gamma: 0.0003
decay_start_ratio: 0.2
decay_min_factor: 0.05
bandwith_kernel: None
no_interact: False
avg_score: -562.2999877929688
median_score: -561.0
std_score: 25.71050453186035
percentiles: 2%=-614.0999755859375, 5%=-603.2000122070312, 10%=-594.0, 25%=-579.25, 50%=-561.0, 75%=-545.75, 90%=-528.7999877929688, 95%=-521.0, 98%=-511.94000244140625
ranking_best_algo: Tabu
ranking_best_score: 588.7199999999999
ranking_my_rank: 96/503 (81.1%)
ranking_my_percent: 81.11332007952286
