ConfigName: kjsd__advperagentrankweighted__M3__L16__eps0p005__g0p003__ds0p1__dm0p2
Problem: QUBO
Kernel: jsd
Advantage: peragentrankweighted
M: 3
lambda: 16
epsilon_svgd: 0.005
gamma: 0.003
decay_start_ratio: 0.1
decay_min_factor: 0.2
bandwith_kernel: None
no_interact: False
avg_score: -150.17999267578125
median_score: -150.5
std_score: 12.24285888671875
percentiles: 2%=-179.0, 5%=-179.0, 10%=-164.0, 25%=-156.25, 50%=-150.5, 75%=-141.0, 90%=-135.89999389648438, 95%=-132.89999389648438, 98%=-127.0
ranking_best_algo: CMApara
ranking_best_score: 154.28
ranking_my_rank: 76/504 (85.1%)
ranking_my_percent: 85.11904761904762
