ConfigName: kjsd__advperagentrankweighted__M5__L10__eps0p01__g0p003__ds0p2__dm0p05
Problem: QUBO
Kernel: jsd
Advantage: peragentrankweighted
M: 5
lambda: 10
epsilon_svgd: 0.01
gamma: 0.003
decay_start_ratio: 0.2
decay_min_factor: 0.05
bandwith_kernel: None
no_interact: False
avg_score: -571.0599975585938
median_score: -571.0
std_score: 29.046110153198242
percentiles: 2%=-637.0, 5%=-619.2000122070312, 10%=-610.4000244140625, 25%=-587.25, 50%=-571.0, 75%=-546.75, 90%=-535.0, 95%=-527.9500122070312, 98%=-521.8800048828125
ranking_best_algo: Tabu
ranking_best_score: 588.7199999999999
ranking_my_rank: 62/503 (87.9%)
ranking_my_percent: 87.8727634194831
