ConfigName: kjsd__advperagentrankweighted__M3__L20__eps0p007__g0p003__ds0p05__dm0p05
Problem: QUBO
Kernel: jsd
Advantage: peragentrankweighted
M: 3
lambda: 20
epsilon_svgd: 0.007
gamma: 0.003
decay_start_ratio: 0.05
decay_min_factor: 0.05
bandwith_kernel: None
no_interact: False
avg_score: -938.52001953125
median_score: -942.0
std_score: 75.56817626953125
percentiles: 2%=-1074.0, 5%=-1051.0, 10%=-1025.300048828125, 25%=-993.0, 50%=-942.0, 75%=-892.75, 90%=-847.2000122070312, 95%=-806.5999755859375, 98%=-778.2000122070312
ranking_best_algo: CMApara
ranking_best_score: 964.9
ranking_my_rank: 7/504 (98.8%)
ranking_my_percent: 98.80952380952381
