ConfigName: kjsd__advperagentrankweighted__M3__L24__eps0p005__g0p001__ds0p2__dm0p05
Problem: QUBO
Kernel: jsd
Advantage: peragentrankweighted
M: 3
lambda: 24
epsilon_svgd: 0.005
gamma: 0.001
decay_start_ratio: 0.2
decay_min_factor: 0.05
bandwith_kernel: None
no_interact: False
avg_score: -1213.06005859375
median_score: -1210.0
std_score: 67.65601348876953
percentiles: 2%=-1347.3199462890625, 5%=-1325.3499755859375, 10%=-1310.300048828125, 25%=-1261.0, 50%=-1210.0, 75%=-1168.5, 90%=-1132.9000244140625, 95%=-1101.449951171875, 98%=-1089.97998046875
ranking_best_algo: SVMMetaModelLogNormal
ranking_best_score: 1233.7999999999997
ranking_my_rank: 45/504 (91.3%)
ranking_my_percent: 91.26984126984127
