ConfigName: krbf__advnormalizedfitness__M3__L8__eps0p025__g0p005__ds0p15__dm0p3
Problem: QUBO
Kernel: rbf
Advantage: normalizedfitness
M: 3
lambda: 8
epsilon_svgd: 0.025
gamma: 0.005
decay_start_ratio: 0.15
decay_min_factor: 0.3
bandwith_kernel: None
no_interact: False
avg_score: -413.0
median_score: -416.0
std_score: 28.65239906311035
percentiles: 2%=-471.0, 5%=-457.1000061035156, 10%=-450.1000061035156, 25%=-430.0, 50%=-416.0, 75%=-390.0, 90%=-373.79998779296875, 95%=-364.0, 98%=-356.0
ranking_best_algo: Tabu
ranking_best_score: 438.12
ranking_my_rank: 60/504 (88.3%)
ranking_my_percent: 88.2936507936508
