ConfigName: kfr__advglobalrankweighted__M5__L10__eps0p015__g0p007__ds0p01__dm0p01
Problem: QUBO
Kernel: fr
Advantage: globalrankweighted
M: 5
lambda: 10
epsilon_svgd: 0.015
gamma: 0.007
decay_start_ratio: 0.01
decay_min_factor: 0.01
bandwith_kernel: None
no_interact: False
avg_score: -1172.5400390625
median_score: -1174.5
std_score: 67.90322875976562
percentiles: 2%=-1325.1400146484375, 5%=-1265.0999755859375, 10%=-1261.0, 25%=-1220.0, 50%=-1174.5, 75%=-1130.0, 90%=-1085.800048828125, 95%=-1050.800048828125, 98%=-1020.7599487304688
ranking_best_algo: BigLognormalDiscreteOnePlusOne
ranking_best_score: 1301.3600000000004
ranking_my_rank: 102/504 (80.0%)
ranking_my_percent: 79.96031746031746
