ConfigName: kjsd__advperagentrankweighted__M5__L10__eps0p005__g0p003__ds0p4__dm0p2
Problem: NK
Kernel: jsd
Advantage: peragentrankweighted
M: 5
lambda: 10
epsilon_svgd: 0.005
gamma: 0.003
decay_start_ratio: 0.4
decay_min_factor: 0.2
bandwith_kernel: None
no_interact: False
avg_score: 0.6914986371994019
median_score: 0.6897507905960083
std_score: 0.022321080788969994
percentiles: 2%=0.6523538827896118, 5%=0.6579271554946899, 10%=0.6629424095153809, 25%=0.6767591834068298, 50%=0.6897507905960083, 75%=0.7089200615882874, 90%=0.7212098240852356, 95%=0.7258754372596741, 98%=0.7326954007148743
ranking_best_algo: Tabu
ranking_best_score: 0.7470791764843752
ranking_my_rank: 304/504 (39.9%)
ranking_my_percent: 39.88095238095238
