ConfigName: krbf__advnormalizedfitness__M4__L12__eps0p015__g0p015__ds0p3__dm0p3
Problem: QUBO
Kernel: rbf
Advantage: normalizedfitness
M: 4
lambda: 12
epsilon_svgd: 0.015
gamma: 0.015
decay_start_ratio: 0.3
decay_min_factor: 0.3
bandwith_kernel: None
no_interact: False
avg_score: -916.4199829101562
median_score: -906.0
std_score: 67.66700744628906
percentiles: 2%=-1073.9400634765625, 5%=-1049.4000244140625, 10%=-1016.5, 25%=-949.0, 50%=-906.0, 75%=-868.75, 90%=-838.7000122070312, 95%=-825.9500122070312, 98%=-808.8199462890625
ranking_best_algo: RLSOnePlusOne
ranking_best_score: 3316.5199999999995
ranking_my_rank: 400/504 (20.8%)
ranking_my_percent: 20.833333333333332
