ConfigName: kjsd__advperagentrankweighted__M4__L10__eps0p008__g0p0005__ds0p05__dm0p05
Problem: QUBO
Kernel: jsd
Advantage: peragentrankweighted
M: 4
lambda: 10
epsilon_svgd: 0.008
gamma: 0.0005
decay_start_ratio: 0.05
decay_min_factor: 0.05
bandwith_kernel: None
no_interact: False
avg_score: -2662.5
median_score: -2660.5
std_score: 131.66879272460938
percentiles: 2%=-2878.0400390625, 5%=-2872.050048828125, 10%=-2820.300048828125, 25%=-2778.0, 50%=-2660.5, 75%=-2560.75, 90%=-2480.699951171875, 95%=-2434.800048828125, 98%=-2409.8798828125
ranking_best_algo: DiscreteLengler2OnePlusOne
ranking_best_score: 2617.04
ranking_my_rank: 1/504 (100.0%)
ranking_my_percent: 100.0
