ConfigName: kfr__advglobalrankweighted__M4__L12__eps0p02__g0p007__ds0p01__dm0p01
Problem: QUBO
Kernel: fr
Advantage: globalrankweighted
M: 4
lambda: 12
epsilon_svgd: 0.02
gamma: 0.007
decay_start_ratio: 0.01
decay_min_factor: 0.01
bandwith_kernel: None
no_interact: False
avg_score: -3141.780029296875
median_score: -3148.5
std_score: 145.61439514160156
percentiles: 2%=-3443.639892578125, 5%=-3383.10009765625, 10%=-3317.10009765625, 25%=-3243.25, 50%=-3148.5, 75%=-3027.0, 90%=-2949.300048828125, 95%=-2938.650146484375, 98%=-2923.85986328125
ranking_best_algo: RLSOnePlusOne
ranking_best_score: 3316.5199999999995
ranking_my_rank: 70/504 (86.3%)
ranking_my_percent: 86.30952380952381
