ConfigName: kjsd__advperagentrankweighted__M3__L16__eps0p005__g0p0005__ds0p1__dm0p1
Problem: QUBO
Kernel: jsd
Advantage: peragentrankweighted
M: 3
lambda: 16
epsilon_svgd: 0.005
gamma: 0.0005
decay_start_ratio: 0.1
decay_min_factor: 0.1
bandwith_kernel: None
no_interact: False
avg_score: -1253.1800537109375
median_score: -1251.0
std_score: 61.792457580566406
percentiles: 2%=-1366.6800537109375, 5%=-1355.300048828125, 10%=-1337.0, 25%=-1296.25, 50%=-1251.0, 75%=-1207.0, 90%=-1180.5999755859375, 95%=-1162.800048828125, 98%=-1129.6800537109375
ranking_best_algo: SVMMetaModelLogNormal
ranking_best_score: 1233.7999999999997
ranking_my_rank: 1/504 (100.0%)
ranking_my_percent: 100.0
