ConfigName: kjsd__advperagentrankweighted__M3__L18__eps0p007__g0p001__ds0p05__dm0p1
Problem: QUBO
Kernel: jsd
Advantage: peragentrankweighted
M: 3
lambda: 18
epsilon_svgd: 0.007
gamma: 0.001
decay_start_ratio: 0.05
decay_min_factor: 0.1
bandwith_kernel: None
no_interact: False
avg_score: -308.0199890136719
median_score: -304.0
std_score: 39.015377044677734
percentiles: 2%=-390.0799865722656, 5%=-386.1000061035156, 10%=-354.20001220703125, 25%=-336.0, 50%=-304.0, 75%=-274.75, 90%=-264.0, 95%=-260.8500061035156, 98%=-244.0
ranking_best_algo: CMApara
ranking_best_score: 319.29999999999995
ranking_my_rank: 91/504 (82.1%)
ranking_my_percent: 82.14285714285714
