ConfigName: krbf__advnormalizedfitness__M4__L10__eps0p015__g0p007__ds0p3__dm0p3
Problem: NK
Kernel: rbf
Advantage: normalizedfitness
M: 4
lambda: 10
epsilon_svgd: 0.015
gamma: 0.007
decay_start_ratio: 0.3
decay_min_factor: 0.3
bandwith_kernel: None
no_interact: False
avg_score: 0.5730283260345459
median_score: 0.572769820690155
std_score: 0.005754033103585243
percentiles: 2%=0.5641375780105591, 5%=0.5643583536148071, 10%=0.5657267570495605, 25%=0.5688481330871582, 50%=0.572769820690155, 75%=0.5767685770988464, 90%=0.580682098865509, 95%=0.5837866067886353, 98%=0.5869346857070923
ranking_best_algo: PBIL
ranking_best_score: 0.7170882103515624
ranking_my_rank: 390/504 (22.8%)
ranking_my_percent: 22.817460317460316
