ConfigName: kjsd__advperagentrankweighted__M3__L16__eps0p005__g0p0005__ds0p05__dm0p1
Problem: NK
Kernel: jsd
Advantage: peragentrankweighted
M: 3
lambda: 16
epsilon_svgd: 0.005
gamma: 0.0005
decay_start_ratio: 0.05
decay_min_factor: 0.1
bandwith_kernel: None
no_interact: False
avg_score: 0.7466607689857483
median_score: 0.7469209432601929
std_score: 0.009028942324221134
percentiles: 2%=0.7287541627883911, 5%=0.7314537763595581, 10%=0.7358834743499756, 25%=0.739943265914917, 50%=0.7469209432601929, 75%=0.7526278495788574, 90%=0.7588330507278442, 95%=0.7607735395431519, 98%=0.7648016214370728
ranking_best_algo: PBIL
ranking_best_score: 0.733570253046875
ranking_my_rank: 1/504 (100.0%)
ranking_my_percent: 100.0
