ConfigName: krbf__advnormalizedfitness__M1__L8__eps0p015__g0p01__ds0p15__dm0p01
Problem: QUBO
Kernel: rbf
Advantage: normalizedfitness
M: 1
lambda: 8
epsilon_svgd: 0.015
gamma: 0.01
decay_start_ratio: 0.15
decay_min_factor: 0.01
bandwith_kernel: None
no_interact: False
avg_score: -143.02000427246094
median_score: -142.0
std_score: 15.386995315551758
percentiles: 2%=-179.0, 5%=-179.0, 10%=-158.1999969482422, 25%=-152.25, 50%=-142.0, 75%=-134.0, 90%=-125.0, 95%=-118.80001831054688, 98%=-110.89997863769531
ranking_best_algo: CMApara
ranking_best_score: 154.28
ranking_my_rank: 218/504 (56.9%)
ranking_my_percent: 56.94444444444444
