ConfigName: kjsd__advperagentrankweighted__M4__L20__eps0p007__g0p0005__ds0p1__dm0p1
Problem: QUBO
Kernel: jsd
Advantage: peragentrankweighted
M: 4
lambda: 20
epsilon_svgd: 0.007
gamma: 0.0005
decay_start_ratio: 0.1
decay_min_factor: 0.1
bandwith_kernel: None
no_interact: False
avg_score: -914.260009765625
median_score: -907.0
std_score: 60.62138748168945
percentiles: 2%=-1026.0799560546875, 5%=-1019.0499877929688, 10%=-998.5, 25%=-969.0, 50%=-907.0, 75%=-869.25, 90%=-835.7000122070312, 95%=-825.9500122070312, 98%=-819.9400024414062
ranking_best_algo: CMAL3
ranking_best_score: 928.5800000000002
ranking_my_rank: 17/504 (96.8%)
ranking_my_percent: 96.82539682539682
