ConfigName: kfr__advglobalrankweighted__M4__L5__eps0p05__g0p005__ds0p01__dm0p01
Problem: QUBO
Kernel: fr
Advantage: globalrankweighted
M: 4
lambda: 5
epsilon_svgd: 0.05
gamma: 0.005
decay_start_ratio: 0.01
decay_min_factor: 0.01
bandwith_kernel: None
no_interact: False
avg_score: -406.6000061035156
median_score: -410.0
std_score: 26.11130142211914
percentiles: 2%=-451.3600158691406, 5%=-442.04998779296875, 10%=-438.1000061035156, 25%=-426.0, 50%=-410.0, 75%=-387.0, 90%=-373.8999938964844, 95%=-361.9000244140625, 98%=-351.8399658203125
ranking_best_algo: Tabu
ranking_best_score: 438.12
ranking_my_rank: 160/504 (68.5%)
ranking_my_percent: 68.45238095238095
