ConfigName: krbf__advnormalizedfitness__M3__L10__eps0p033__g0p005__ds0p15__dm0p01
Problem: QUBO
Kernel: rbf
Advantage: normalizedfitness
M: 3
lambda: 10
epsilon_svgd: 0.033
gamma: 0.005
decay_start_ratio: 0.15
decay_min_factor: 0.01
bandwith_kernel: None
no_interact: False
avg_score: -2560.39990234375
median_score: -2548.5
std_score: 133.07652282714844
percentiles: 2%=-2841.02001953125, 5%=-2816.64990234375, 10%=-2737.5, 25%=-2648.25, 50%=-2548.5, 75%=-2473.5, 90%=-2373.60009765625, 95%=-2353.949951171875, 98%=-2331.259765625
ranking_best_algo: DiscreteLengler2OnePlusOne
ranking_best_score: 2617.04
ranking_my_rank: 53/504 (89.7%)
ranking_my_percent: 89.68253968253968
