ConfigName: krbf__advnormalizedfitness__M3__L8__eps0p033__g0p007__ds0p01__dm0p3
Problem: NK
Kernel: rbf
Advantage: normalizedfitness
M: 3
lambda: 8
epsilon_svgd: 0.033
gamma: 0.007
decay_start_ratio: 0.01
decay_min_factor: 0.3
bandwith_kernel: None
no_interact: False
avg_score: 0.7510376572608948
median_score: 0.7499289512634277
std_score: 0.01419465709477663
percentiles: 2%=0.7261180281639099, 5%=0.7294524908065796, 10%=0.7319068908691406, 25%=0.7414253354072571, 50%=0.7499289512634277, 75%=0.7617272734642029, 90%=0.7701940536499023, 95%=0.7757159471511841, 98%=0.7796770930290222
ranking_best_algo: Tabu
ranking_best_score: 0.7657846284375001
ranking_my_rank: 18/504 (96.6%)
ranking_my_percent: 96.62698412698413
