ConfigName: krbf__advnormalizedfitness__M3__L8__eps0p033__g0p005__ds0p3__dm0p3
Problem: NK
Kernel: rbf
Advantage: normalizedfitness
M: 3
lambda: 8
epsilon_svgd: 0.033
gamma: 0.005
decay_start_ratio: 0.3
decay_min_factor: 0.3
bandwith_kernel: None
no_interact: False
avg_score: 0.7352246046066284
median_score: 0.7353497743606567
std_score: 0.012335913255810738
percentiles: 2%=0.7134512066841125, 5%=0.7163684368133545, 10%=0.719406247138977, 25%=0.7252602577209473, 50%=0.7353497743606567, 75%=0.7432135343551636, 90%=0.7509123086929321, 95%=0.7538542747497559, 98%=0.7617290019989014
ranking_best_algo: Tabu
ranking_best_score: 0.7601875690625
ranking_my_rank: 28/504 (94.6%)
ranking_my_percent: 94.64285714285714
