ConfigName: kfr__advglobalrankweighted__M3__L9__eps0p015__g0p005__ds0p01__dm0p01
Problem: QUBO
Kernel: fr
Advantage: globalrankweighted
M: 3
lambda: 9
epsilon_svgd: 0.015
gamma: 0.005
decay_start_ratio: 0.01
decay_min_factor: 0.01
bandwith_kernel: None
no_interact: False
avg_score: -936.3800048828125
median_score: -938.0
std_score: 71.06782531738281
percentiles: 2%=-1076.0, 5%=-1063.449951171875, 10%=-1033.0999755859375, 25%=-986.25, 50%=-938.0, 75%=-884.25, 90%=-843.7000122070312, 95%=-824.9000244140625, 98%=-804.7599487304688
ranking_best_algo: CMApara
ranking_best_score: 964.9
ranking_my_rank: 10/504 (98.2%)
ranking_my_percent: 98.21428571428571
