ConfigName: krbf__advnormalizedfitness__M3__L10__eps0p033__g0p005__ds0p15__dm0p01
Problem: QUBO
Kernel: rbf
Advantage: normalizedfitness
M: 3
lambda: 10
epsilon_svgd: 0.033
gamma: 0.005
decay_start_ratio: 0.15
decay_min_factor: 0.01
bandwith_kernel: None
no_interact: False
avg_score: -436.32000732421875
median_score: -437.0
std_score: 26.77569007873535
percentiles: 2%=-483.260009765625, 5%=-476.1499938964844, 10%=-471.1000061035156, 25%=-456.0, 50%=-437.0, 75%=-417.0, 90%=-402.8999938964844, 95%=-392.8500061035156, 98%=-388.77996826171875
ranking_best_algo: CMApara
ranking_best_score: 453.82
ranking_my_rank: 30/504 (94.2%)
ranking_my_percent: 94.24603174603175
