ConfigName: kjsd__advperagentrankweighted__M3__L16__eps0p01__g0p001__ds0p2__dm0p05
Problem: NK
Kernel: jsd
Advantage: peragentrankweighted
M: 3
lambda: 16
epsilon_svgd: 0.01
gamma: 0.001
decay_start_ratio: 0.2
decay_min_factor: 0.05
bandwith_kernel: None
no_interact: False
avg_score: 0.7353445291519165
median_score: 0.7370783686637878
std_score: 0.008142387494444847
percentiles: 2%=0.7175353765487671, 5%=0.7196308374404907, 10%=0.7226040363311768, 25%=0.7301364541053772, 50%=0.7370783686637878, 75%=0.7410362958908081, 90%=0.7447829246520996, 95%=0.7464656233787537, 98%=0.7491289377212524
ranking_best_algo: PBIL
ranking_best_score: 0.7248786399609374
ranking_my_rank: 1/504 (100.0%)
ranking_my_percent: 100.0
