ConfigName: kjsd__advperagentrankweighted__M4__L10__eps0p005__g0p0007__ds0p4__dm0p05
Problem: QUBO
Kernel: jsd
Advantage: peragentrankweighted
M: 4
lambda: 10
epsilon_svgd: 0.005
gamma: 0.0007
decay_start_ratio: 0.4
decay_min_factor: 0.05
bandwith_kernel: None
no_interact: False
avg_score: -1627.0
median_score: -1635.0
std_score: 58.34672164916992
percentiles: 2%=-1721.1800537109375, 5%=-1713.050048828125, 10%=-1701.300048828125, 25%=-1669.5, 50%=-1635.0, 75%=-1584.75, 90%=-1544.4000244140625, 95%=-1522.800048828125, 98%=-1508.9200439453125
ranking_best_algo: NLOPT_LN_PRAXIS
ranking_best_score: 1607.12
ranking_my_rank: 1/504 (100.0%)
ranking_my_percent: 100.0
