ConfigName: krbf__advnormalizedfitness__M4__L12__eps0p033__g0p015__ds0p3__dm0p01
Problem: QUBO
Kernel: rbf
Advantage: normalizedfitness
M: 4
lambda: 12
epsilon_svgd: 0.033
gamma: 0.015
decay_start_ratio: 0.3
decay_min_factor: 0.01
bandwith_kernel: None
no_interact: False
avg_score: -831.8599853515625
median_score: -823.0
std_score: 70.38551330566406
percentiles: 2%=-986.0399780273438, 5%=-965.2000122070312, 10%=-945.0999755859375, 25%=-871.75, 50%=-823.0, 75%=-778.0, 90%=-744.7999877929688, 95%=-728.9500122070312, 98%=-723.9400024414062
ranking_best_algo: CMAL3
ranking_best_score: 928.5800000000002
ranking_my_rank: 249/504 (50.8%)
ranking_my_percent: 50.79365079365079
