ConfigName: krbf__advnormalizedfitness__M4__L8__eps0p033__g0p007__ds0p01__dm0p01
Problem: QUBO
Kernel: rbf
Advantage: normalizedfitness
M: 4
lambda: 8
epsilon_svgd: 0.033
gamma: 0.007
decay_start_ratio: 0.01
decay_min_factor: 0.01
bandwith_kernel: None
no_interact: False
avg_score: -139.16000366210938
median_score: -141.0
std_score: 11.655659675598145
percentiles: 2%=-159.02000427246094, 5%=-158.0500030517578, 10%=-156.0, 25%=-146.0, 50%=-141.0, 75%=-131.0, 90%=-124.80000305175781, 95%=-120.95000457763672, 98%=-110.91998291015625
ranking_best_algo: DiscreteDE
ranking_best_score: 143.4
ranking_my_rank: 86/504 (83.1%)
ranking_my_percent: 83.13492063492063
