ConfigName: krbf__advnormalizedfitness__M1__L8__eps0p025__g0p007__ds0p3__dm0p01
Problem: QUBO
Kernel: rbf
Advantage: normalizedfitness
M: 1
lambda: 8
epsilon_svgd: 0.025
gamma: 0.007
decay_start_ratio: 0.3
decay_min_factor: 0.01
bandwith_kernel: None
no_interact: False
avg_score: -307.3999938964844
median_score: -314.0
std_score: 41.66197204589844
percentiles: 2%=-355.0400085449219, 5%=-350.0, 10%=-346.0, 25%=-334.0, 50%=-314.0, 75%=-290.0, 90%=-270.8999938964844, 95%=-264.0, 98%=-240.67971801757812
ranking_best_algo: CMApara
ranking_best_score: 344.22
ranking_my_rank: 297/504 (41.3%)
ranking_my_percent: 41.26984126984127
