ConfigName: krbf__advnormalizedfitness__M4__L12__eps0p033__g0p005__ds0p01__dm0p01
Problem: QUBO
Kernel: rbf
Advantage: normalizedfitness
M: 4
lambda: 12
epsilon_svgd: 0.033
gamma: 0.005
decay_start_ratio: 0.01
decay_min_factor: 0.01
bandwith_kernel: None
no_interact: False
avg_score: -331.5
median_score: -334.0
std_score: 19.255908966064453
percentiles: 2%=-372.0, 5%=-366.1000061035156, 10%=-350.0, 25%=-342.25, 50%=-334.0, 75%=-320.0, 90%=-307.8999938964844, 95%=-297.8000183105469, 98%=-286.0
ranking_best_algo: CMApara
ranking_best_score: 344.22
ranking_my_rank: 76/504 (85.1%)
ranking_my_percent: 85.11904761904762
