ConfigName: krbf__advnormalizedfitness__M1__L10__eps0p015__g0p01__ds0p01__dm0p01
Problem: QUBO
Kernel: rbf
Advantage: normalizedfitness
M: 1
lambda: 10
epsilon_svgd: 0.015
gamma: 0.01
decay_start_ratio: 0.01
decay_min_factor: 0.01
bandwith_kernel: None
no_interact: False
avg_score: -401.5400085449219
median_score: -399.0
std_score: 28.418102264404297
percentiles: 2%=-457.0, 5%=-452.1499938964844, 10%=-440.20001220703125, 25%=-422.0, 50%=-399.0, 75%=-382.0, 90%=-365.6000061035156, 95%=-357.9000244140625, 98%=-351.8799743652344
ranking_best_algo: Tabu
ranking_best_score: 438.12
ranking_my_rank: 224/504 (55.8%)
ranking_my_percent: 55.75396825396825
