ConfigName: kjsd__advperagentrankweighted__M4__L12__eps0p03__g0p0007__ds0p05__dm0p05
Problem: QUBO
Kernel: jsd
Advantage: peragentrankweighted
M: 4
lambda: 12
epsilon_svgd: 0.03
gamma: 0.0007
decay_start_ratio: 0.05
decay_min_factor: 0.05
bandwith_kernel: None
no_interact: False
avg_score: -3242.0400390625
median_score: -3232.0
std_score: 112.26485443115234
percentiles: 2%=-3486.199951171875, 5%=-3428.60009765625, 10%=-3396.60009765625, 25%=-3313.0, 50%=-3232.0, 75%=-3156.75, 90%=-3114.60009765625, 95%=-3076.0, 98%=-3041.0
ranking_best_algo: RLSOnePlusOne
ranking_best_score: 3316.5199999999995
ranking_my_rank: 42/504 (91.9%)
ranking_my_percent: 91.86507936507937
