ConfigName: kjsd__advperagentrankweighted__M3__L18__eps0p007__g0p0005__ds0p1__dm0p1
Problem: QUBO
Kernel: jsd
Advantage: peragentrankweighted
M: 3
lambda: 18
epsilon_svgd: 0.007
gamma: 0.0005
decay_start_ratio: 0.1
decay_min_factor: 0.1
bandwith_kernel: None
no_interact: False
avg_score: -147.05999755859375
median_score: -146.0
std_score: 12.196573257446289
percentiles: 2%=-179.0, 5%=-164.75, 10%=-158.1999969482422, 25%=-154.0, 50%=-146.0, 75%=-139.75, 90%=-134.89999389648438, 95%=-133.9499969482422, 98%=-117.0
ranking_best_algo: CMApara
ranking_best_score: 154.28
ranking_my_rank: 101/504 (80.2%)
ranking_my_percent: 80.15873015873017
