ConfigName: krbf__advnormalizedfitness__M1__L10__eps0p015__g0p007__ds0p15__dm0p3
Problem: NK
Kernel: rbf
Advantage: normalizedfitness
M: 1
lambda: 10
epsilon_svgd: 0.015
gamma: 0.007
decay_start_ratio: 0.15
decay_min_factor: 0.3
bandwith_kernel: None
no_interact: False
avg_score: 0.7300153970718384
median_score: 0.7318143844604492
std_score: 0.010542728938162327
percentiles: 2%=0.707711935043335, 5%=0.7120872735977173, 10%=0.7135286331176758, 25%=0.7233375906944275, 50%=0.7318143844604492, 75%=0.7377839088439941, 90%=0.7413260340690613, 95%=0.7429269552230835, 98%=0.7492260336875916
ranking_best_algo: PBIL
ranking_best_score: 0.730509098125
ranking_my_rank: 3/504 (99.6%)
ranking_my_percent: 99.60317460317461
