ConfigName: krbf__advnormalizedfitness__M2__L8__eps0p015__g0p005__ds0p01__dm0p3
Problem: NK
Kernel: rbf
Advantage: normalizedfitness
M: 2
lambda: 8
epsilon_svgd: 0.015
gamma: 0.005
decay_start_ratio: 0.01
decay_min_factor: 0.3
bandwith_kernel: None
no_interact: False
avg_score: 0.7091871500015259
median_score: 0.7105541229248047
std_score: 0.015448188409209251
percentiles: 2%=0.6688973903656006, 5%=0.6720482110977173, 10%=0.6953659653663635, 25%=0.7037648558616638, 50%=0.7105541229248047, 75%=0.7179430723190308, 90%=0.7249547243118286, 95%=0.7315295934677124, 98%=0.7335460782051086
ranking_best_algo: CMApara
ranking_best_score: 0.707475975
ranking_my_rank: 1/504 (100.0%)
ranking_my_percent: 100.0
