ConfigName: kjsd__advperagentrankweighted__M5__L10__eps0p03__g0p0005__ds0p05__dm0p05
Problem: QUBO
Kernel: jsd
Advantage: peragentrankweighted
M: 5
lambda: 10
epsilon_svgd: 0.03
gamma: 0.0005
decay_start_ratio: 0.05
decay_min_factor: 0.05
bandwith_kernel: None
no_interact: False
avg_score: -2544.06005859375
median_score: -2554.0
std_score: 110.50228881835938
percentiles: 2%=-2761.56005859375, 5%=-2745.35009765625, 10%=-2692.800048828125, 25%=-2603.0, 50%=-2554.0, 75%=-2459.0, 90%=-2402.39990234375, 95%=-2365.5, 98%=-2331.719970703125
ranking_best_algo: SVM1MetaModelLogNormal
ranking_best_score: 2605.14
ranking_my_rank: 43/504 (91.7%)
ranking_my_percent: 91.66666666666667
