ConfigName: kjsd__advperagentrankweighted__M3__L20__eps0p01__g0p0005__ds0p1__dm0p2
Problem: NK
Kernel: jsd
Advantage: peragentrankweighted
M: 3
lambda: 20
epsilon_svgd: 0.01
gamma: 0.0005
decay_start_ratio: 0.1
decay_min_factor: 0.2
bandwith_kernel: None
no_interact: False
avg_score: 0.742493212223053
median_score: 0.7400995492935181
std_score: 0.030972471460700035
percentiles: 2%=0.6845317482948303, 5%=0.6949950456619263, 10%=0.7080649733543396, 25%=0.7213835120201111, 50%=0.7400995492935181, 75%=0.7583327293395996, 90%=0.7770732045173645, 95%=0.8118547797203064, 98%=0.8118547797203064
ranking_best_algo: CMApara
ranking_best_score: 0.7459277895312499
ranking_my_rank: 20/504 (96.2%)
ranking_my_percent: 96.23015873015873
