ConfigName: krbf__advnormalizedfitness__M2__L8__eps0p025__g0p015__ds0p3__dm0p3
Problem: QUBO
Kernel: rbf
Advantage: normalizedfitness
M: 2
lambda: 8
epsilon_svgd: 0.025
gamma: 0.015
decay_start_ratio: 0.3
decay_min_factor: 0.3
bandwith_kernel: None
no_interact: False
avg_score: -438.8999938964844
median_score: -440.0
std_score: 24.45138168334961
percentiles: 2%=-481.1600036621094, 5%=-475.0, 10%=-471.1000061035156, 25%=-460.25, 50%=-440.0, 75%=-419.0, 90%=-409.0, 95%=-399.8999938964844, 98%=-395.9800109863281
ranking_best_algo: CMApara
ranking_best_score: 453.82
ranking_my_rank: 19/504 (96.4%)
ranking_my_percent: 96.42857142857143
