ConfigName: krbf__advnormalizedfitness__M3__L8__eps0p033__g0p007__ds0p01__dm0p3
Problem: QUBO
Kernel: rbf
Advantage: normalizedfitness
M: 3
lambda: 8
epsilon_svgd: 0.033
gamma: 0.007
decay_start_ratio: 0.01
decay_min_factor: 0.3
bandwith_kernel: None
no_interact: False
avg_score: -2588.080078125
median_score: -2588.0
std_score: 126.52333068847656
percentiles: 2%=-2859.56005859375, 5%=-2799.64990234375, 10%=-2755.0, 25%=-2666.0, 50%=-2588.0, 75%=-2490.75, 90%=-2411.39990234375, 95%=-2393.10009765625, 98%=-2365.9599609375
ranking_best_algo: DiscreteLengler2OnePlusOne
ranking_best_score: 2617.04
ranking_my_rank: 42/504 (91.9%)
ranking_my_percent: 91.86507936507937
