ConfigName: kjsd__advperagentrankweighted__M3__L24__eps0p007__g0p001__ds0p05__dm0p1
Problem: QUBO
Kernel: jsd
Advantage: peragentrankweighted
M: 3
lambda: 24
epsilon_svgd: 0.007
gamma: 0.001
decay_start_ratio: 0.05
decay_min_factor: 0.1
bandwith_kernel: None
no_interact: False
avg_score: -2608.9599609375
median_score: -2604.0
std_score: 121.9427719116211
percentiles: 2%=-2839.4599609375, 5%=-2802.10009765625, 10%=-2773.10009765625, 25%=-2695.75, 50%=-2604.0, 75%=-2516.75, 90%=-2458.0, 95%=-2418.449951171875, 98%=-2390.60009765625
ranking_best_algo: DiscreteLengler2OnePlusOne
ranking_best_score: 2617.04
ranking_my_rank: 2/504 (99.8%)
ranking_my_percent: 99.8015873015873
