ConfigName: kjsd__advperagentrankweighted__M3__L20__eps0p005__g0p003__ds0p2__dm0p05
Problem: NK
Kernel: jsd
Advantage: peragentrankweighted
M: 3
lambda: 20
epsilon_svgd: 0.005
gamma: 0.003
decay_start_ratio: 0.2
decay_min_factor: 0.05
bandwith_kernel: None
no_interact: False
avg_score: 0.5878878831863403
median_score: 0.5864229202270508
std_score: 0.009932355023920536
percentiles: 2%=0.5727739334106445, 5%=0.5748258829116821, 10%=0.5788512825965881, 25%=0.5816368460655212, 50%=0.5864229202270508, 75%=0.5922347903251648, 90%=0.5998417139053345, 95%=0.6043378710746765, 98%=0.6141045689582825
ranking_best_algo: PBIL
ranking_best_score: 0.7170882103515624
ranking_my_rank: 370/504 (26.8%)
ranking_my_percent: 26.785714285714285
