ConfigName: krbf__advnormalizedfitness__M4__L8__eps0p033__g0p005__ds0p15__dm0p3
Problem: QUBO
Kernel: rbf
Advantage: normalizedfitness
M: 4
lambda: 8
epsilon_svgd: 0.033
gamma: 0.005
decay_start_ratio: 0.15
decay_min_factor: 0.3
bandwith_kernel: None
no_interact: False
avg_score: -426.17999267578125
median_score: -429.0
std_score: 27.808048248291016
percentiles: 2%=-471.0799865722656, 5%=-469.0, 10%=-463.20001220703125, 25%=-448.0, 50%=-429.0, 75%=-406.5, 90%=-388.8999938964844, 95%=-381.7500305175781, 98%=-373.8799743652344
ranking_best_algo: CMAL3
ranking_best_score: 435.36
ranking_my_rank: 23/504 (95.6%)
ranking_my_percent: 95.63492063492063
