ConfigName: kjsd__advperagentrankweighted__M5__L10__eps0p005__g0p0005__ds0p2__dm0p2
Problem: QUBO
Kernel: jsd
Advantage: peragentrankweighted
M: 5
lambda: 10
epsilon_svgd: 0.005
gamma: 0.0005
decay_start_ratio: 0.2
decay_min_factor: 0.2
bandwith_kernel: None
no_interact: False
avg_score: -1305.199951171875
median_score: -1311.0
std_score: 55.75715255737305
percentiles: 2%=-1408.02001953125, 5%=-1397.050048828125, 10%=-1379.5999755859375, 25%=-1342.25, 50%=-1311.0, 75%=-1266.75, 90%=-1234.800048828125, 95%=-1218.4000244140625, 98%=-1198.9200439453125
ranking_best_algo: BigLognormalDiscreteOnePlusOne
ranking_best_score: 1301.3600000000004
ranking_my_rank: 1/504 (100.0%)
ranking_my_percent: 100.0
