ConfigName: krbf__advnormalizedfitness__M5__L15__eps0p025__g0p01__ds0p05__dm0p05
Problem: QUBO
Kernel: rbf
Advantage: normalizedfitness
M: 5
lambda: 15
epsilon_svgd: 0.025
gamma: 0.01
decay_start_ratio: 0.05
decay_min_factor: 0.05
bandwith_kernel: None
no_interact: False
avg_score: -139.0399932861328
median_score: -139.0
std_score: 10.428729057312012
percentiles: 2%=-158.0, 5%=-157.0, 10%=-154.0, 25%=-146.0, 50%=-139.0, 75%=-131.0, 90%=-127.0, 95%=-124.80000305175781, 98%=-115.0
ranking_best_algo: DiscreteDE
ranking_best_score: 143.4
ranking_my_rank: 93/504 (81.7%)
ranking_my_percent: 81.74603174603175
