ConfigName: kjsd__advperagentrankweighted__M5__L10__eps0p005__g0p003__ds0p4__dm0p2
Problem: NK
Kernel: jsd
Advantage: peragentrankweighted
M: 5
lambda: 10
epsilon_svgd: 0.005
gamma: 0.003
decay_start_ratio: 0.4
decay_min_factor: 0.2
bandwith_kernel: None
no_interact: False
avg_score: 0.7007222175598145
median_score: 0.7015048265457153
std_score: 0.017112402245402336
percentiles: 2%=0.6595514416694641, 5%=0.6607535481452942, 10%=0.6784035563468933, 25%=0.6946700811386108, 50%=0.7015048265457153, 75%=0.7119989991188049, 90%=0.7206947207450867, 95%=0.722987174987793, 98%=0.7254313230514526
ranking_best_algo: CMApara
ranking_best_score: 0.707475975
ranking_my_rank: 50/504 (90.3%)
ranking_my_percent: 90.27777777777777
