ConfigName: kfr__advglobalrankweighted__M5__L10__eps0p02__g0p007__ds0p01__dm0p01
Problem: QUBO
Kernel: fr
Advantage: globalrankweighted
M: 5
lambda: 10
epsilon_svgd: 0.02
gamma: 0.007
decay_start_ratio: 0.01
decay_min_factor: 0.01
bandwith_kernel: None
no_interact: False
avg_score: -883.760009765625
median_score: -881.5
std_score: 71.0385971069336
percentiles: 2%=-1046.0, 5%=-1007.9500122070312, 10%=-971.0, 25%=-932.75, 50%=-881.5, 75%=-834.75, 90%=-792.7999877929688, 95%=-768.0, 98%=-758.9199829101562
ranking_best_algo: CMAL3
ranking_best_score: 928.5800000000002
ranking_my_rank: 109/504 (78.6%)
ranking_my_percent: 78.57142857142857
