ConfigName: krbf__advnormalizedfitness__M4__L15__eps0p025__g0p005__ds0p3__dm0p01
Problem: QUBO
Kernel: rbf
Advantage: normalizedfitness
M: 4
lambda: 15
epsilon_svgd: 0.025
gamma: 0.005
decay_start_ratio: 0.3
decay_min_factor: 0.01
bandwith_kernel: None
no_interact: False
avg_score: -418.5799865722656
median_score: -418.0
std_score: 26.96634292602539
percentiles: 2%=-475.0400085449219, 5%=-455.20001220703125, 10%=-452.0, 25%=-441.25, 50%=-418.0, 75%=-396.0, 90%=-383.79998779296875, 95%=-375.9000244140625, 98%=-369.9599914550781
ranking_best_algo: Tabu
ranking_best_score: 438.12
ranking_my_rank: 35/504 (93.3%)
ranking_my_percent: 93.25396825396825
