ConfigName: kjsd__advperagentrankweighted__M3__L18__eps0p005__g0p001__ds0p1__dm0p1
Problem: QUBO
Kernel: jsd
Advantage: peragentrankweighted
M: 3
lambda: 18
epsilon_svgd: 0.005
gamma: 0.001
decay_start_ratio: 0.1
decay_min_factor: 0.1
bandwith_kernel: None
no_interact: False
avg_score: -416.29998779296875
median_score: -413.0
std_score: 28.342723846435547
percentiles: 2%=-469.1600036621094, 5%=-459.0, 10%=-452.1000061035156, 25%=-434.0, 50%=-413.0, 75%=-397.5, 90%=-374.0, 95%=-368.0, 98%=-364.0
ranking_best_algo: Tabu
ranking_best_score: 438.12
ranking_my_rank: 45/504 (91.3%)
ranking_my_percent: 91.26984126984127
