ConfigName: kjsd__advperagentrankweighted__M3__L30__eps0p005__g0p0005__ds0p05__dm0p05
Problem: QUBO
Kernel: jsd
Advantage: peragentrankweighted
M: 3
lambda: 30
epsilon_svgd: 0.005
gamma: 0.0005
decay_start_ratio: 0.05
decay_min_factor: 0.05
bandwith_kernel: None
no_interact: False
avg_score: -936.0
median_score: -927.0
std_score: 68.12679290771484
percentiles: 2%=-1072.0799560546875, 5%=-1065.1500244140625, 10%=-1036.800048828125, 25%=-971.0, 50%=-927.0, 75%=-894.25, 90%=-869.5, 95%=-828.5999755859375, 98%=-794.280029296875
ranking_best_algo: CMApara
ranking_best_score: 964.9
ranking_my_rank: 13/504 (97.6%)
ranking_my_percent: 97.61904761904762
