ConfigName: kjsd__advperagentrankweighted__M4__L20__eps0p007__g0p0005__ds0p2__dm0p1
Problem: QUBO
Kernel: jsd
Advantage: peragentrankweighted
M: 4
lambda: 20
epsilon_svgd: 0.007
gamma: 0.0005
decay_start_ratio: 0.2
decay_min_factor: 0.1
bandwith_kernel: None
no_interact: False
avg_score: -443.5799865722656
median_score: -443.5
std_score: 25.29473304748535
percentiles: 2%=-492.0, 5%=-483.0, 10%=-477.0, 25%=-463.0, 50%=-443.5, 75%=-426.75, 90%=-412.6000061035156, 95%=-396.8500061035156, 98%=-388.94000244140625
ranking_best_algo: CMApara
ranking_best_score: 453.82
ranking_my_rank: 7/504 (98.8%)
ranking_my_percent: 98.80952380952381
