ConfigName: kjsd__advperagentrankweighted__M3__L16__eps0p01__g0p0007__ds0p2__dm0p05
Problem: QUBO
Kernel: jsd
Advantage: peragentrankweighted
M: 3
lambda: 16
epsilon_svgd: 0.01
gamma: 0.0007
decay_start_ratio: 0.2
decay_min_factor: 0.05
bandwith_kernel: None
no_interact: False
avg_score: -2611.56005859375
median_score: -2601.5
std_score: 126.29444122314453
percentiles: 2%=-2850.1201171875, 5%=-2826.60009765625, 10%=-2795.89990234375, 25%=-2692.75, 50%=-2601.5, 75%=-2516.5, 90%=-2465.60009765625, 95%=-2433.60009765625, 98%=-2411.719970703125
ranking_best_algo: SVM1MetaModelLogNormal
ranking_best_score: 2605.14
ranking_my_rank: 1/504 (100.0%)
ranking_my_percent: 100.0
