ConfigName: krbf__advnormalizedfitness__M2__L10__eps0p025__g0p007__ds0p15__dm0p3
Problem: QUBO
Kernel: rbf
Advantage: normalizedfitness
M: 2
lambda: 10
epsilon_svgd: 0.025
gamma: 0.007
decay_start_ratio: 0.15
decay_min_factor: 0.3
bandwith_kernel: None
no_interact: False
avg_score: -2592.679931640625
median_score: -2607.0
std_score: 124.75070190429688
percentiles: 2%=-2847.300048828125, 5%=-2803.050048828125, 10%=-2713.39990234375, 25%=-2675.25, 50%=-2607.0, 75%=-2503.0, 90%=-2403.60009765625, 95%=-2379.699951171875, 98%=-2347.93994140625
ranking_best_algo: DiscreteLengler2OnePlusOne
ranking_best_score: 2617.04
ranking_my_rank: 39/504 (92.5%)
ranking_my_percent: 92.46031746031746
