ConfigName: krbf__advnormalizedfitness__M3__L24__eps0p03__g0p01__ds0p05__dm0p05
Problem: QUBO
Kernel: rbf
Advantage: normalizedfitness
M: 3
lambda: 24
epsilon_svgd: 0.03
gamma: 0.01
decay_start_ratio: 0.05
decay_min_factor: 0.05
bandwith_kernel: None
no_interact: False
avg_score: -853.0599975585938
median_score: -853.0
std_score: 69.17005157470703
percentiles: 2%=-1001.3599853515625, 5%=-964.6500244140625, 10%=-945.0999755859375, 25%=-896.75, 50%=-853.0, 75%=-803.75, 90%=-756.4000244140625, 95%=-739.9500122070312, 98%=-735.6799926757812
ranking_best_algo: CMAL3
ranking_best_score: 928.5800000000002
ranking_my_rank: 205/504 (59.5%)
ranking_my_percent: 59.523809523809526
