ConfigName: kjsd__advperagentrankweighted__M6__L12__eps0p008__g0p0005__ds0p3__dm0p05
Problem: QUBO
Kernel: jsd
Advantage: peragentrankweighted
M: 6
lambda: 12
epsilon_svgd: 0.008
gamma: 0.0005
decay_start_ratio: 0.3
decay_min_factor: 0.05
bandwith_kernel: None
no_interact: False
avg_score: -313.67999267578125
median_score: -317.0
std_score: 37.379371643066406
percentiles: 2%=-398.0, 5%=-382.5, 10%=-354.3999938964844, 25%=-338.5, 50%=-317.0, 75%=-279.75, 90%=-272.0, 95%=-262.95001220703125, 98%=-256.9800109863281
ranking_best_algo: CMApara
ranking_best_score: 319.29999999999995
ranking_my_rank: 27/504 (94.8%)
ranking_my_percent: 94.84126984126983
