ConfigName: krbf__advnormalizedfitness__M4__L24__eps0p01__g0p0005__ds0p05__dm0p05
Problem: NK
Kernel: rbf
Advantage: normalizedfitness
M: 4
lambda: 24
epsilon_svgd: 0.01
gamma: 0.0005
decay_start_ratio: 0.05
decay_min_factor: 0.05
bandwith_kernel: None
no_interact: False
avg_score: 0.7355897426605225
median_score: 0.7372219562530518
std_score: 0.008571775630116463
percentiles: 2%=0.7165998816490173, 5%=0.7185119986534119, 10%=0.7218685746192932, 25%=0.7308001518249512, 50%=0.7372219562530518, 75%=0.7413707971572876, 90%=0.7455466985702515, 95%=0.7469370365142822, 98%=0.7506664991378784
ranking_best_algo: PBIL
ranking_best_score: 0.730509098125
ranking_my_rank: 1/504 (100.0%)
ranking_my_percent: 100.0
