ConfigName: kjsd__advperagentrankweighted__M5__L8__eps0p005__g0p0003__ds0p05__dm0p05
Problem: QUBO
Kernel: jsd
Advantage: peragentrankweighted
M: 5
lambda: 8
epsilon_svgd: 0.005
gamma: 0.0003
decay_start_ratio: 0.05
decay_min_factor: 0.05
bandwith_kernel: None
no_interact: False
avg_score: -2575.679931640625
median_score: -2574.5
std_score: 106.70059967041016
percentiles: 2%=-2781.56005859375, 5%=-2759.449951171875, 10%=-2704.699951171875, 25%=-2643.0, 50%=-2574.5, 75%=-2499.0, 90%=-2439.89990234375, 95%=-2419.64990234375, 98%=-2393.739990234375
ranking_best_algo: SVM1MetaModelLogNormal
ranking_best_score: 2605.14
ranking_my_rank: 14/504 (97.4%)
ranking_my_percent: 97.42063492063492
