ConfigName: krbf__advnormalizedfitness__M3__L8__eps0p025__g0p005__ds0p05__dm0p05
Problem: QUBO
Kernel: rbf
Advantage: normalizedfitness
M: 3
lambda: 8
epsilon_svgd: 0.025
gamma: 0.005
decay_start_ratio: 0.05
decay_min_factor: 0.05
bandwith_kernel: None
no_interact: False
avg_score: -1601.239990234375
median_score: -1598.5
std_score: 68.1668701171875
percentiles: 2%=-1747.0, 5%=-1715.3499755859375, 10%=-1696.4000244140625, 25%=-1642.75, 50%=-1598.5, 75%=-1552.25, 90%=-1516.199951171875, 95%=-1496.800048828125, 98%=-1478.8399658203125
ranking_best_algo: NLOPT_LN_PRAXIS
ranking_best_score: 1607.12
ranking_my_rank: 11/504 (98.0%)
ranking_my_percent: 98.01587301587301
