ConfigName: kjsd__advperagentrankweighted__M3__L20__eps0p005__g0p0005__ds0p2__dm0p05
Problem: QUBO
Kernel: jsd
Advantage: peragentrankweighted
M: 3
lambda: 20
epsilon_svgd: 0.005
gamma: 0.0005
decay_start_ratio: 0.2
decay_min_factor: 0.05
bandwith_kernel: None
no_interact: False
avg_score: -2601.659912109375
median_score: -2592.5
std_score: 120.78942108154297
percentiles: 2%=-2847.719970703125, 5%=-2787.10009765625, 10%=-2753.5, 25%=-2670.75, 50%=-2592.5, 75%=-2525.5, 90%=-2457.800048828125, 95%=-2386.949951171875, 98%=-2375.919921875
ranking_best_algo: SVM1MetaModelLogNormal
ranking_best_score: 2605.14
ranking_my_rank: 2/504 (99.8%)
ranking_my_percent: 99.8015873015873
