ConfigName: krbf__advnormalizedfitness__M3__L10__eps0p025__g0p015__ds0p3__dm0p3
Problem: QUBO
Kernel: rbf
Advantage: normalizedfitness
M: 3
lambda: 10
epsilon_svgd: 0.025
gamma: 0.015
decay_start_ratio: 0.3
decay_min_factor: 0.3
bandwith_kernel: None
no_interact: False
avg_score: -1076.4599609375
median_score: -1059.0
std_score: 82.5661392211914
percentiles: 2%=-1259.47998046875, 5%=-1202.050048828125, 10%=-1177.5999755859375, 25%=-1138.75, 50%=-1059.0, 75%=-1020.0, 90%=-973.4000244140625, 95%=-951.3500366210938, 98%=-928.8199462890625
ranking_best_algo: Tabu
ranking_best_score: 1216.16
ranking_my_rank: 224/504 (55.8%)
ranking_my_percent: 55.75396825396825
