ConfigName: krbf__advnormalizedfitness__M4__L8__eps0p015__g0p01__ds0p3__dm0p3
Problem: NK
Kernel: rbf
Advantage: normalizedfitness
M: 4
lambda: 8
epsilon_svgd: 0.015
gamma: 0.01
decay_start_ratio: 0.3
decay_min_factor: 0.3
bandwith_kernel: None
no_interact: False
avg_score: 0.6751239895820618
median_score: 0.6753949522972107
std_score: 0.009568091481924057
percentiles: 2%=0.6560448408126831, 5%=0.6576239466667175, 10%=0.6622916460037231, 25%=0.669562816619873, 50%=0.6753949522972107, 75%=0.6820904016494751, 90%=0.6877297163009644, 95%=0.6893545985221863, 98%=0.6916466355323792
ranking_best_algo: PBIL
ranking_best_score: 0.7248786399609374
ranking_my_rank: 209/504 (58.7%)
ranking_my_percent: 58.73015873015873
