ConfigName: krbf__advnormalizedfitness__M2__L8__eps0p015__g0p015__ds0p3__dm0p3
Problem: QUBO
Kernel: rbf
Advantage: normalizedfitness
M: 2
lambda: 8
epsilon_svgd: 0.015
gamma: 0.015
decay_start_ratio: 0.3
decay_min_factor: 0.3
bandwith_kernel: None
no_interact: False
avg_score: -1459.4000244140625
median_score: -1466.0
std_score: 95.46360778808594
percentiles: 2%=-1646.1800537109375, 5%=-1613.199951171875, 10%=-1580.699951171875, 25%=-1523.25, 50%=-1466.0, 75%=-1371.0, 90%=-1334.9000244140625, 95%=-1330.0999755859375, 98%=-1300.06005859375
ranking_best_algo: NLOPT_LN_PRAXIS
ranking_best_score: 1607.12
ranking_my_rank: 88/504 (82.7%)
ranking_my_percent: 82.73809523809524
