ConfigName: kjsd__advperagentrankweighted__M3__L18__eps0p005__g0p0005__ds0p2__dm0p05
Problem: NK
Kernel: jsd
Advantage: peragentrankweighted
M: 3
lambda: 18
epsilon_svgd: 0.005
gamma: 0.0005
decay_start_ratio: 0.2
decay_min_factor: 0.05
bandwith_kernel: None
no_interact: False
avg_score: 0.7484787702560425
median_score: 0.747381329536438
std_score: 0.009455939754843712
percentiles: 2%=0.7290220260620117, 5%=0.7331050038337708, 10%=0.7362379431724548, 25%=0.7429000735282898, 50%=0.747381329536438, 75%=0.7555975317955017, 90%=0.7612690329551697, 95%=0.7643190622329712, 98%=0.7663343548774719
ranking_best_algo: PBIL
ranking_best_score: 0.733570253046875
ranking_my_rank: 1/504 (100.0%)
ranking_my_percent: 100.0
