ConfigName: krbf__advnormalizedfitness__M3__L8__eps0p02__g0p01__ds0p15__dm0p05
Problem: NK
Kernel: rbf
Advantage: normalizedfitness
M: 3
lambda: 8
epsilon_svgd: 0.02
gamma: 0.01
decay_start_ratio: 0.15
decay_min_factor: 0.05
bandwith_kernel: None
no_interact: False
avg_score: 0.7423052787780762
median_score: 0.7427361011505127
std_score: 0.012137203477323055
percentiles: 2%=0.7157527804374695, 5%=0.7227907180786133, 10%=0.7261052131652832, 25%=0.7353914380073547, 50%=0.7427361011505127, 75%=0.7507445812225342, 90%=0.7572445273399353, 95%=0.7599436640739441, 98%=0.7641671299934387
ranking_best_algo: PBIL
ranking_best_score: 0.733570253046875
ranking_my_rank: 1/504 (100.0%)
ranking_my_percent: 100.0
