ConfigName: krbf__advnormalizedfitness__M3__L15__eps0p033__g0p005__ds0p01__dm0p01
Problem: NK
Kernel: rbf
Advantage: normalizedfitness
M: 3
lambda: 15
epsilon_svgd: 0.033
gamma: 0.005
decay_start_ratio: 0.01
decay_min_factor: 0.01
bandwith_kernel: None
no_interact: False
avg_score: 0.7527667880058289
median_score: 0.7537861466407776
std_score: 0.012875774875283241
percentiles: 2%=0.7283923625946045, 5%=0.7306451797485352, 10%=0.7365838885307312, 25%=0.7442627549171448, 50%=0.7537861466407776, 75%=0.761052668094635, 90%=0.7683686017990112, 95%=0.7722496390342712, 98%=0.7762642502784729
ranking_best_algo: Tabu
ranking_best_score: 0.7657846284375001
ranking_my_rank: 9/504 (98.4%)
ranking_my_percent: 98.41269841269842
