ConfigName: krbf__advnormalizedfitness__M4__L15__eps0p033__g0p005__ds0p15__dm0p01
Problem: NK
Kernel: rbf
Advantage: normalizedfitness
M: 4
lambda: 15
epsilon_svgd: 0.033
gamma: 0.005
decay_start_ratio: 0.15
decay_min_factor: 0.01
bandwith_kernel: None
no_interact: False
avg_score: 0.7161976099014282
median_score: 0.7163585424423218
std_score: 0.01498496811836958
percentiles: 2%=0.6869046092033386, 5%=0.691584050655365, 10%=0.697224497795105, 25%=0.7059376239776611, 50%=0.7163585424423218, 75%=0.7275302410125732, 90%=0.7334676384925842, 95%=0.7368584275245667, 98%=0.7481526732444763
ranking_best_algo: Tabu
ranking_best_score: 0.7429702712499999
ranking_my_rank: 81/504 (84.1%)
ranking_my_percent: 84.12698412698413
