ConfigName: kjsd__advperagentrankweighted__M4__L10__eps0p005__g0p0007__ds0p2__dm0p05
Problem: QUBO
Kernel: jsd
Advantage: peragentrankweighted
M: 4
lambda: 10
epsilon_svgd: 0.005
gamma: 0.0007
decay_start_ratio: 0.2
decay_min_factor: 0.05
bandwith_kernel: None
no_interact: False
avg_score: -150.10000610351562
median_score: -150.5
std_score: 13.62020492553711
percentiles: 2%=-179.0, 5%=-179.0, 10%=-165.5, 25%=-155.0, 50%=-150.5, 75%=-141.0, 90%=-136.0, 95%=-126.9000015258789, 98%=-121.94000244140625
ranking_best_algo: CMApara
ranking_best_score: 154.28
ranking_my_rank: 76/504 (85.1%)
ranking_my_percent: 85.11904761904762
