ConfigName: kjsd__advperagentrankweighted__M4__L24__eps0p01__g0p0005__ds1__dm1
Problem: QUBO
Kernel: jsd
Advantage: peragentrankweighted
M: 4
lambda: 24
epsilon_svgd: 0.01
gamma: 0.0005
decay_start_ratio: 1.0
decay_min_factor: 1.0
bandwith_kernel: None
no_interact: False
avg_score: -578.0800170898438
median_score: -573.5
std_score: 25.6856689453125
percentiles: 2%=-633.0399780273438, 5%=-619.2000122070312, 10%=-611.0, 25%=-593.0, 50%=-573.5, 75%=-560.75, 90%=-548.7000122070312, 95%=-536.75, 98%=-524.8400268554688
ranking_best_algo: Tabu
ranking_best_score: 588.7199999999999
ranking_my_rank: 42/503 (91.8%)
ranking_my_percent: 91.84890656063618
no_repulsion: True
