ConfigName: kjsd__advperagentrankweighted__M6__L12__eps0p008__g0p0005__ds0p3__dm0p05
Problem: QUBO
Kernel: jsd
Advantage: peragentrankweighted
M: 6
lambda: 12
epsilon_svgd: 0.008
gamma: 0.0005
decay_start_ratio: 0.3
decay_min_factor: 0.05
bandwith_kernel: None
no_interact: False
avg_score: -1197.199951171875
median_score: -1187.5
std_score: 62.67200469970703
percentiles: 2%=-1357.0400390625, 5%=-1294.699951171875, 10%=-1283.199951171875, 25%=-1235.75, 50%=-1187.5, 75%=-1155.75, 90%=-1116.5, 95%=-1107.9000244140625, 98%=-1098.8800048828125
ranking_best_algo: Tabu
ranking_best_score: 1216.16
ranking_my_rank: 45/504 (91.3%)
ranking_my_percent: 91.26984126984127
