ConfigName: kjsd__advperagentrankweighted__M3__L30__eps0p005__g0p0005__ds0p1__dm0p2
Problem: NK
Kernel: jsd
Advantage: peragentrankweighted
M: 3
lambda: 30
epsilon_svgd: 0.005
gamma: 0.0005
decay_start_ratio: 0.1
decay_min_factor: 0.2
bandwith_kernel: None
no_interact: False
avg_score: 0.7465225458145142
median_score: 0.7460868954658508
std_score: 0.01035147812217474
percentiles: 2%=0.7262131571769714, 5%=0.7285823822021484, 10%=0.7341772317886353, 25%=0.7392868995666504, 50%=0.7460868954658508, 75%=0.7540639042854309, 90%=0.760835587978363, 95%=0.763758659362793, 98%=0.7651705741882324
ranking_best_algo: PBIL
ranking_best_score: 0.733570253046875
ranking_my_rank: 1/504 (100.0%)
ranking_my_percent: 100.0
