ConfigName: krbf__advnormalizedfitness__M4__L12__eps0p015__g0p005__ds0p15__dm0p01
Problem: NK
Kernel: rbf
Advantage: normalizedfitness
M: 4
lambda: 12
epsilon_svgd: 0.015
gamma: 0.005
decay_start_ratio: 0.15
decay_min_factor: 0.01
bandwith_kernel: None
no_interact: False
avg_score: 0.7261391282081604
median_score: 0.7287138104438782
std_score: 0.011140280403196812
percentiles: 2%=0.6986606121063232, 5%=0.7046089172363281, 10%=0.7110946774482727, 25%=0.7189912796020508, 50%=0.7287138104438782, 75%=0.733704149723053, 90%=0.7387913465499878, 95%=0.7409931421279907, 98%=0.7433367371559143
ranking_best_algo: PBIL
ranking_best_score: 0.7248786399609374
ranking_my_rank: 1/504 (100.0%)
ranking_my_percent: 100.0
