ConfigName: kjsd__advperagentrankweighted__M3__L18__eps0p005__g0p0007__ds0p1__dm0p05
Problem: QUBO
Kernel: jsd
Advantage: peragentrankweighted
M: 3
lambda: 18
epsilon_svgd: 0.005
gamma: 0.0007
decay_start_ratio: 0.1
decay_min_factor: 0.05
bandwith_kernel: None
no_interact: False
avg_score: -1309.6400146484375
median_score: -1307.0
std_score: 58.53725814819336
percentiles: 2%=-1425.1199951171875, 5%=-1413.4000244140625, 10%=-1385.0999755859375, 25%=-1353.0, 50%=-1307.0, 75%=-1274.75, 90%=-1236.9000244140625, 95%=-1229.9000244140625, 98%=-1186.5400390625
ranking_best_algo: BigLognormalDiscreteOnePlusOne
ranking_best_score: 1301.3600000000004
ranking_my_rank: 1/504 (100.0%)
ranking_my_percent: 100.0
