ConfigName: krbf__advnormalizedfitness__M1__L10__eps0p015__g0p01__ds0p15__dm0p3
Problem: QUBO
Kernel: rbf
Advantage: normalizedfitness
M: 1
lambda: 10
epsilon_svgd: 0.015
gamma: 0.01
decay_start_ratio: 0.15
decay_min_factor: 0.3
bandwith_kernel: None
no_interact: False
avg_score: -146.05999755859375
median_score: -145.5
std_score: 14.26591682434082
percentiles: 2%=-179.0, 5%=-179.0, 10%=-160.0, 25%=-154.25, 50%=-145.5, 75%=-138.75, 90%=-132.60000610351562, 95%=-123.95000457763672, 98%=-113.95999145507812
ranking_best_algo: CMApara
ranking_best_score: 154.28
ranking_my_rank: 128/504 (74.8%)
ranking_my_percent: 74.8015873015873
