ConfigName: krbf__advnormalizedfitness__M3__L10__eps0p025__g0p015__ds0p15__dm0p01
Problem: QUBO
Kernel: rbf
Advantage: normalizedfitness
M: 3
lambda: 10
epsilon_svgd: 0.025
gamma: 0.015
decay_start_ratio: 0.15
decay_min_factor: 0.01
bandwith_kernel: None
no_interact: False
avg_score: -417.44000244140625
median_score: -417.0
std_score: 28.153976440429688
percentiles: 2%=-473.0400085449219, 5%=-473.0, 10%=-452.20001220703125, 25%=-437.5, 50%=-417.0, 75%=-398.0, 90%=-382.0, 95%=-369.8000183105469, 98%=-358.0
ranking_best_algo: Tabu
ranking_best_score: 438.12
ranking_my_rank: 41/504 (92.1%)
ranking_my_percent: 92.06349206349206
