ConfigName: krbf__advnormalizedfitness__M1__L8__eps0p025__g0p005__ds0p01__dm0p3
Problem: NK
Kernel: rbf
Advantage: normalizedfitness
M: 1
lambda: 8
epsilon_svgd: 0.025
gamma: 0.005
decay_start_ratio: 0.01
decay_min_factor: 0.3
bandwith_kernel: None
no_interact: False
avg_score: 0.6980937719345093
median_score: 0.6996078491210938
std_score: 0.011969216167926788
percentiles: 2%=0.6712684035301208, 5%=0.6794091463088989, 10%=0.68314129114151, 25%=0.6882590055465698, 50%=0.6996078491210938, 75%=0.7083525061607361, 90%=0.7132671475410461, 95%=0.7148022055625916, 98%=0.7157084941864014
ranking_best_algo: PBIL
ranking_best_score: 0.7013553837109374
ranking_my_rank: 5/504 (99.2%)
ranking_my_percent: 99.2063492063492
