ConfigName: kjsd__advperagentrankweighted__M4__L10__eps0p01__g0p0007__ds0p2__dm0p05
Problem: NK
Kernel: jsd
Advantage: peragentrankweighted
M: 4
lambda: 10
epsilon_svgd: 0.01
gamma: 0.0007
decay_start_ratio: 0.2
decay_min_factor: 0.05
bandwith_kernel: None
no_interact: False
avg_score: 0.7094016075134277
median_score: 0.7109535932540894
std_score: 0.015513508580625057
percentiles: 2%=0.6697683334350586, 5%=0.6707143783569336, 10%=0.6934775114059448, 25%=0.7055649161338806, 50%=0.7109535932540894, 75%=0.7188198566436768, 90%=0.7246178984642029, 95%=0.7312063574790955, 98%=0.7325670123100281
ranking_best_algo: CMApara
ranking_best_score: 0.707475975
ranking_my_rank: 1/504 (100.0%)
ranking_my_percent: 100.0
