ConfigName: krbf__advnormalizedfitness__M1__L8__eps0p025__g0p015__ds0p3__dm0p01
Problem: NK
Kernel: rbf
Advantage: normalizedfitness
M: 1
lambda: 8
epsilon_svgd: 0.025
gamma: 0.015
decay_start_ratio: 0.3
decay_min_factor: 0.01
bandwith_kernel: None
no_interact: False
avg_score: 0.7364092469215393
median_score: 0.7339423894882202
std_score: 0.030265269801020622
percentiles: 2%=0.6888232827186584, 5%=0.6949560642242432, 10%=0.7020219564437866, 25%=0.715086817741394, 50%=0.7339423894882202, 75%=0.7485460042953491, 90%=0.774488627910614, 95%=0.8044298887252808, 98%=0.8117834329605103
ranking_best_algo: CMApara
ranking_best_score: 0.7459277895312499
ranking_my_rank: 88/504 (82.7%)
ranking_my_percent: 82.73809523809524
