ConfigName: kjsd__advperagentrankweighted__M3__L18__eps0p005__g0p003__ds0p05__dm0p1
Problem: NK
Kernel: jsd
Advantage: peragentrankweighted
M: 3
lambda: 18
epsilon_svgd: 0.005
gamma: 0.003
decay_start_ratio: 0.05
decay_min_factor: 0.1
bandwith_kernel: None
no_interact: False
avg_score: 0.7010175585746765
median_score: 0.7030801773071289
std_score: 0.012646052055060863
percentiles: 2%=0.6806405782699585, 5%=0.6826061606407166, 10%=0.6841040849685669, 25%=0.6875447034835815, 50%=0.7030801773071289, 75%=0.7124760746955872, 90%=0.7166340947151184, 95%=0.7181230783462524, 98%=0.7213467955589294
ranking_best_algo: PBIL
ranking_best_score: 0.7013553837109374
ranking_my_rank: 2/504 (99.8%)
ranking_my_percent: 99.8015873015873
