ConfigName: kjsd__advperagentrankweighted__M4__L20__eps0p005__g0p0005__ds0p2__dm0p05
Problem: NK
Kernel: jsd
Advantage: peragentrankweighted
M: 4
lambda: 20
epsilon_svgd: 0.005
gamma: 0.0005
decay_start_ratio: 0.2
decay_min_factor: 0.05
bandwith_kernel: None
no_interact: False
avg_score: 0.7108194231987
median_score: 0.7116697430610657
std_score: 0.015211500227451324
percentiles: 2%=0.6722446084022522, 5%=0.6736576557159424, 10%=0.6958485245704651, 25%=0.7077188491821289, 50%=0.7116697430610657, 75%=0.7193619012832642, 90%=0.7255907654762268, 95%=0.7328521013259888, 98%=0.733312726020813
ranking_best_algo: CMApara
ranking_best_score: 0.707475975
ranking_my_rank: 1/504 (100.0%)
ranking_my_percent: 100.0
