ConfigName: kjsd__advperagentrankweighted__M4__L24__eps0p01__g0p0005__ds0p05__dm0p05
Problem: QUBO
Kernel: jsd
Advantage: peragentrankweighted
M: 4
lambda: 24
epsilon_svgd: 0.01
gamma: 0.0005
decay_start_ratio: 0.05
decay_min_factor: 0.05
bandwith_kernel: None
no_interact: False
avg_score: -916.7999877929688
median_score: -915.0
std_score: 62.24580383300781
percentiles: 2%=-1044.02001953125, 5%=-1021.3499755859375, 10%=-996.2000122070312, 25%=-961.5, 50%=-915.0, 75%=-876.75, 90%=-839.0, 95%=-818.7000122070312, 98%=-799.8800048828125
ranking_best_algo: CMAL3
ranking_best_score: 928.5800000000002
ranking_my_rank: 15/504 (97.2%)
ranking_my_percent: 97.22222222222223
no_repulsion: True
