ConfigName: kjsd__advperagentrankweighted__M5__L12__eps0p02__g0p0003__ds0p2__dm0p05
Problem: QUBO
Kernel: jsd
Advantage: peragentrankweighted
M: 5
lambda: 12
epsilon_svgd: 0.02
gamma: 0.0003
decay_start_ratio: 0.2
decay_min_factor: 0.05
bandwith_kernel: None
no_interact: False
avg_score: -2549.0400390625
median_score: -2540.5
std_score: 118.96385192871094
percentiles: 2%=-2794.139892578125, 5%=-2746.35009765625, 10%=-2701.39990234375, 25%=-2625.0, 50%=-2540.5, 75%=-2456.5, 90%=-2407.800048828125, 95%=-2353.800048828125, 98%=-2342.320068359375
ranking_best_algo: SVM1MetaModelLogNormal
ranking_best_score: 2605.14
ranking_my_rank: 41/504 (92.1%)
ranking_my_percent: 92.06349206349206
