Problem: QUBO
Kernel: rbf
Advantage: peragentrankweighted
M: 20
lambda: 10
epsilon_svgd: 0.01
gamma: 0.0001
decay_start_ratio: 0.3
decay_min_factor: 0.4
bandwith_kernel: None
no_interact: False
avg_score: -143.17999267578125
median_score: -143.0
std_score: 10.012372016906738
percentiles: 2%=-160.0, 5%=-159.0, 10%=-158.0, 25%=-150.25, 50%=-143.0, 75%=-134.0, 90%=-129.0, 95%=-128.89999389648438, 98%=-127.0
ranking_best_algo: DiscreteDE
ranking_best_score: 143.4
ranking_my_rank: 3/505 (99.6%)
