ConfigName: krbf__advnormalizedfitness__M1__L8__eps0p025__g0p01__ds0p3__dm0p3
Problem: QUBO
Kernel: rbf
Advantage: normalizedfitness
M: 1
lambda: 8
epsilon_svgd: 0.025
gamma: 0.01
decay_start_ratio: 0.3
decay_min_factor: 0.3
bandwith_kernel: None
no_interact: False
avg_score: -317.32000732421875
median_score: -320.0
std_score: 27.058778762817383
percentiles: 2%=-372.0, 5%=-361.54998779296875, 10%=-346.29998779296875, 25%=-336.0, 50%=-320.0, 75%=-297.5, 90%=-282.0, 95%=-273.95001220703125, 98%=-264.89996337890625
ranking_best_algo: CMApara
ranking_best_score: 344.22
ranking_my_rank: 190/504 (62.5%)
ranking_my_percent: 62.5
