ConfigName: kjsd__advperagentrankweighted__M3__L16__eps0p007__g0p0005__ds0p1__dm0p1
Problem: NK
Kernel: jsd
Advantage: peragentrankweighted
M: 3
lambda: 16
epsilon_svgd: 0.007
gamma: 0.0005
decay_start_ratio: 0.1
decay_min_factor: 0.1
bandwith_kernel: None
no_interact: False
avg_score: 0.7352692484855652
median_score: 0.7370401620864868
std_score: 0.008830835111439228
percentiles: 2%=0.7179854512214661, 5%=0.7197224497795105, 10%=0.7232139110565186, 25%=0.7276033163070679, 50%=0.7370401620864868, 75%=0.7418735027313232, 90%=0.7457432746887207, 95%=0.7472527027130127, 98%=0.751320481300354
ranking_best_algo: PBIL
ranking_best_score: 0.730509098125
ranking_my_rank: 1/504 (100.0%)
ranking_my_percent: 100.0
