ConfigName: kfr__advglobalrankweighted__M5__L10__eps0p02__g0p005__ds0p01__dm0p01
Problem: QUBO
Kernel: fr
Advantage: globalrankweighted
M: 5
lambda: 10
epsilon_svgd: 0.02
gamma: 0.005
decay_start_ratio: 0.01
decay_min_factor: 0.01
bandwith_kernel: None
no_interact: False
avg_score: -414.6600036621094
median_score: -414.5
std_score: 27.13161277770996
percentiles: 2%=-473.0799865722656, 5%=-463.29998779296875, 10%=-450.29998779296875, 25%=-430.0, 50%=-414.5, 75%=-395.5, 90%=-379.79998779296875, 95%=-368.0, 98%=-365.7999572753906
ranking_best_algo: Tabu
ranking_best_score: 438.12
ranking_my_rank: 51/504 (90.1%)
ranking_my_percent: 90.07936507936508
