ConfigName: krbf__advnormalizedfitness__M4__L12__eps0p025__g0p007__ds0p15__dm0p01
Problem: QUBO
Kernel: rbf
Advantage: normalizedfitness
M: 4
lambda: 12
epsilon_svgd: 0.025
gamma: 0.007
decay_start_ratio: 0.15
decay_min_factor: 0.01
bandwith_kernel: None
no_interact: False
avg_score: -2323.47998046875
median_score: -2316.0
std_score: 159.2827911376953
percentiles: 2%=-2636.47998046875, 5%=-2575.75, 10%=-2550.699951171875, 25%=-2429.75, 50%=-2316.0, 75%=-2206.25, 90%=-2136.800048828125, 95%=-2089.9501953125, 98%=-2049.679931640625
ranking_best_algo: SVM1MetaModelLogNormal
ranking_best_score: 2605.14
ranking_my_rank: 152/504 (70.0%)
ranking_my_percent: 70.03968253968254
