ConfigName: kjsd__advperagentrankweighted__M4__L12__eps0p005__g0p0005__ds0p05__dm0p05
Problem: NK
Kernel: jsd
Advantage: peragentrankweighted
M: 4
lambda: 12
epsilon_svgd: 0.005
gamma: 0.0005
decay_start_ratio: 0.05
decay_min_factor: 0.05
bandwith_kernel: None
no_interact: False
avg_score: 0.7475891709327698
median_score: 0.7483503818511963
std_score: 0.009216171689331532
percentiles: 2%=0.7295395135879517, 5%=0.7315330505371094, 10%=0.736279308795929, 25%=0.740627110004425, 50%=0.7483503818511963, 75%=0.7541695237159729, 90%=0.7585077285766602, 95%=0.7608820199966431, 98%=0.7644387483596802
ranking_best_algo: PBIL
ranking_best_score: 0.733570253046875
ranking_my_rank: 1/504 (100.0%)
ranking_my_percent: 100.0
