ConfigName: krbf__advnormalizedfitness__M3__L15__eps0p033__g0p005__ds0p01__dm0p01
Problem: QUBO
Kernel: rbf
Advantage: normalizedfitness
M: 3
lambda: 15
epsilon_svgd: 0.033
gamma: 0.005
decay_start_ratio: 0.01
decay_min_factor: 0.01
bandwith_kernel: None
no_interact: False
avg_score: -1216.219970703125
median_score: -1202.0
std_score: 70.18098449707031
percentiles: 2%=-1354.239990234375, 5%=-1326.449951171875, 10%=-1320.0999755859375, 25%=-1274.0, 50%=-1202.0, 75%=-1170.0, 90%=-1120.800048828125, 95%=-1108.7000732421875, 98%=-1100.8800048828125
ranking_best_algo: SVMMetaModelLogNormal
ranking_best_score: 1233.7999999999997
ranking_my_rank: 41/504 (92.1%)
ranking_my_percent: 92.06349206349206
