ConfigName: krbf__advnormalizedfitness__M3__L12__eps0p033__g0p005__ds0p3__dm0p01
Problem: NK
Kernel: rbf
Advantage: normalizedfitness
M: 3
lambda: 12
epsilon_svgd: 0.033
gamma: 0.005
decay_start_ratio: 0.3
decay_min_factor: 0.01
bandwith_kernel: None
no_interact: False
avg_score: 0.7099294066429138
median_score: 0.7109902501106262
std_score: 0.015333401039242744
percentiles: 2%=0.6717720627784729, 5%=0.6723793148994446, 10%=0.6965265274047852, 25%=0.704153299331665, 50%=0.7109902501106262, 75%=0.7196334600448608, 90%=0.7255440950393677, 95%=0.7326986193656921, 98%=0.7332379817962646
ranking_best_algo: CMApara
ranking_best_score: 0.707475975
ranking_my_rank: 1/504 (100.0%)
ranking_my_percent: 100.0
