ConfigName: kfr__advglobalrankweighted__M4__L11__eps0p015__g0p007__ds0p01__dm0p01
Problem: QUBO
Kernel: fr
Advantage: globalrankweighted
M: 4
lambda: 11
epsilon_svgd: 0.015
gamma: 0.007
decay_start_ratio: 0.01
decay_min_factor: 0.01
bandwith_kernel: None
no_interact: False
avg_score: -2472.739990234375
median_score: -2463.0
std_score: 151.9264678955078
percentiles: 2%=-2780.300048828125, 5%=-2731.35009765625, 10%=-2658.5, 25%=-2582.75, 50%=-2463.0, 75%=-2337.5, 90%=-2275.699951171875, 95%=-2255.699951171875, 98%=-2217.080078125
ranking_best_algo: DiscreteLengler2OnePlusOne
ranking_best_score: 2617.04
ranking_my_rank: 84/504 (83.5%)
ranking_my_percent: 83.53174603174604
