ConfigName: krbf__advnormalizedfitness__M3__L15__eps0p015__g0p005__ds0p01__dm0p01
Problem: QUBO
Kernel: rbf
Advantage: normalizedfitness
M: 3
lambda: 15
epsilon_svgd: 0.015
gamma: 0.005
decay_start_ratio: 0.01
decay_min_factor: 0.01
bandwith_kernel: None
no_interact: False
avg_score: -3142.840087890625
median_score: -3160.5
std_score: 167.2021942138672
percentiles: 2%=-3492.280029296875, 5%=-3379.5, 10%=-3350.60009765625, 25%=-3270.0, 50%=-3160.5, 75%=-3025.0, 90%=-2913.39990234375, 95%=-2863.949951171875, 98%=-2817.899658203125
ranking_best_algo: RLSOnePlusOne
ranking_best_score: 3316.5199999999995
ranking_my_rank: 66/504 (87.1%)
ranking_my_percent: 87.10317460317461
