ConfigName: kjsd__advperagentrankweighted__M4__L10__eps0p015__g0p0005__ds0p05__dm0p05
Problem: NK
Kernel: jsd
Advantage: peragentrankweighted
M: 4
lambda: 10
epsilon_svgd: 0.015
gamma: 0.0005
decay_start_ratio: 0.05
decay_min_factor: 0.05
bandwith_kernel: None
no_interact: False
avg_score: 0.7328260540962219
median_score: 0.7326966524124146
std_score: 0.010169132612645626
percentiles: 2%=0.710334837436676, 5%=0.7156281471252441, 10%=0.7185667753219604, 25%=0.7254452109336853, 50%=0.7326966524124146, 75%=0.7407733201980591, 90%=0.7441297769546509, 95%=0.7487421035766602, 98%=0.7520217895507812
ranking_best_algo: PBIL
ranking_best_score: 0.730509098125
ranking_my_rank: 1/504 (100.0%)
ranking_my_percent: 100.0
