ConfigName: kjsd__advperagentrankweighted__M3__L18__eps0p01__g0p0005__ds0p2__dm0p1
Problem: QUBO
Kernel: jsd
Advantage: peragentrankweighted
M: 3
lambda: 18
epsilon_svgd: 0.01
gamma: 0.0005
decay_start_ratio: 0.2
decay_min_factor: 0.1
bandwith_kernel: None
no_interact: False
avg_score: -925.4600219726562
median_score: -929.5
std_score: 58.1983528137207
percentiles: 2%=-1028.719970703125, 5%=-1002.6500244140625, 10%=-994.2000122070312, 25%=-970.75, 50%=-929.5, 75%=-888.75, 90%=-838.7999877929688, 95%=-831.0, 98%=-812.780029296875
ranking_best_algo: CMApara
ranking_best_score: 964.9
ranking_my_rank: 21/504 (96.0%)
ranking_my_percent: 96.03174603174604
