ConfigName: kjsd__advperagentrankweighted__M4__L24__eps0p005__g0p0003__ds0p05__dm0p05
Problem: NK
Kernel: jsd
Advantage: peragentrankweighted
M: 4
lambda: 24
epsilon_svgd: 0.005
gamma: 0.0003
decay_start_ratio: 0.05
decay_min_factor: 0.05
bandwith_kernel: None
no_interact: False
avg_score: 0.7079612612724304
median_score: 0.7106316685676575
std_score: 0.01200821902602911
percentiles: 2%=0.6868433356285095, 5%=0.6895934343338013, 10%=0.6939455270767212, 25%=0.6962934136390686, 50%=0.7106316685676575, 75%=0.718523383140564, 90%=0.72206050157547, 95%=0.723736584186554, 98%=0.7248966097831726
ranking_best_algo: PBIL
ranking_best_score: 0.7013553837109374
ranking_my_rank: 1/504 (100.0%)
ranking_my_percent: 100.0
