ConfigName: krbf__advnormalizedfitness__M3__L10__eps0p025__g0p01__ds0p05__dm0p05
Problem: QUBO
Kernel: rbf
Advantage: normalizedfitness
M: 3
lambda: 10
epsilon_svgd: 0.025
gamma: 0.01
decay_start_ratio: 0.05
decay_min_factor: 0.05
bandwith_kernel: None
no_interact: False
avg_score: -2488.639892578125
median_score: -2478.0
std_score: 156.2536163330078
percentiles: 2%=-2822.219970703125, 5%=-2746.10009765625, 10%=-2680.10009765625, 25%=-2590.0, 50%=-2478.0, 75%=-2365.0, 90%=-2280.39990234375, 95%=-2253.699951171875, 98%=-2231.340087890625
ranking_best_algo: SVM1MetaModelLogNormal
ranking_best_score: 2605.14
ranking_my_rank: 69/504 (86.5%)
ranking_my_percent: 86.5079365079365
