ConfigName: kjsd__advperagentrankweighted__M6__L20__eps0p005__g0p0005__ds0p1__dm0p2
Problem: QUBO
Kernel: jsd
Advantage: peragentrankweighted
M: 6
lambda: 20
epsilon_svgd: 0.005
gamma: 0.0005
decay_start_ratio: 0.1
decay_min_factor: 0.2
bandwith_kernel: None
no_interact: False
avg_score: -884.8400268554688
median_score: -877.0
std_score: 69.96766662597656
percentiles: 2%=-1046.0799560546875, 5%=-1034.1500244140625, 10%=-967.2000122070312, 25%=-919.5, 50%=-877.0, 75%=-842.25, 90%=-801.7000122070312, 95%=-773.75, 98%=-756.8599853515625
ranking_best_algo: CMAL3
ranking_best_score: 928.5800000000002
ranking_my_rank: 105/504 (79.4%)
ranking_my_percent: 79.36507936507937
