ConfigName: kfr__advglobalrankweighted__M3__L8__eps0p01__g0p007__ds0p01__dm0p01
Problem: QUBO
Kernel: fr
Advantage: globalrankweighted
M: 3
lambda: 8
epsilon_svgd: 0.01
gamma: 0.007
decay_start_ratio: 0.01
decay_min_factor: 0.01
bandwith_kernel: None
no_interact: False
avg_score: -2575.199951171875
median_score: -2576.5
std_score: 144.0348663330078
percentiles: 2%=-2837.1201171875, 5%=-2813.25, 10%=-2763.300048828125, 25%=-2682.25, 50%=-2576.5, 75%=-2464.75, 90%=-2393.5, 95%=-2341.85009765625, 98%=-2305.8798828125
ranking_best_algo: DiscreteLengler2OnePlusOne
ranking_best_score: 2617.04
ranking_my_rank: 48/504 (90.7%)
ranking_my_percent: 90.67460317460318
