ConfigName: krbf__advnormalizedfitness__M4__L24__eps0p025__g0p005__ds0p05__dm0p05
Problem: QUBO
Kernel: rbf
Advantage: normalizedfitness
M: 4
lambda: 24
epsilon_svgd: 0.025
gamma: 0.005
decay_start_ratio: 0.05
decay_min_factor: 0.05
bandwith_kernel: None
no_interact: False
avg_score: -2096.97998046875
median_score: -2101.0
std_score: 187.26046752929688
percentiles: 2%=-2496.080078125, 5%=-2476.050048828125, 10%=-2316.0, 25%=-2217.5, 50%=-2101.0, 75%=-1953.75, 90%=-1854.300048828125, 95%=-1828.300048828125, 98%=-1790.93994140625
ranking_best_algo: SVM1MetaModelLogNormal
ranking_best_score: 2605.14
ranking_my_rank: 207/504 (59.1%)
ranking_my_percent: 59.12698412698413
