ConfigName: kjsd__advperagentrankweighted__M4__L10__eps0p01__g0p0003__ds0p05__dm0p05
Problem: QUBO
Kernel: jsd
Advantage: peragentrankweighted
M: 4
lambda: 10
epsilon_svgd: 0.01
gamma: 0.0003
decay_start_ratio: 0.05
decay_min_factor: 0.05
bandwith_kernel: None
no_interact: False
avg_score: -436.9200134277344
median_score: -437.0
std_score: 24.311182022094727
percentiles: 2%=-481.0400085449219, 5%=-475.1000061035156, 10%=-466.20001220703125, 25%=-455.5, 50%=-437.0, 75%=-419.75, 90%=-405.79998779296875, 95%=-401.6000061035156, 98%=-388.8800048828125
ranking_best_algo: CMApara
ranking_best_score: 453.82
ranking_my_rank: 30/504 (94.2%)
ranking_my_percent: 94.24603174603175
