ConfigName: kjsd__advperagentrankweighted__M3__L30__eps0p005__g0p0005__ds0p05__dm0p2
Problem: NK
Kernel: jsd
Advantage: peragentrankweighted
M: 3
lambda: 30
epsilon_svgd: 0.005
gamma: 0.0005
decay_start_ratio: 0.05
decay_min_factor: 0.2
bandwith_kernel: None
no_interact: False
avg_score: 0.7365156412124634
median_score: 0.7374207973480225
std_score: 0.008421926759183407
percentiles: 2%=0.719882071018219, 5%=0.7219471335411072, 10%=0.72437584400177, 25%=0.7310186624526978, 50%=0.7374207973480225, 75%=0.7422711253166199, 90%=0.7461646795272827, 95%=0.7480441927909851, 98%=0.7500756978988647
ranking_best_algo: PBIL
ranking_best_score: 0.730509098125
ranking_my_rank: 1/504 (100.0%)
ranking_my_percent: 100.0
