ConfigName: krbf__advnormalizedfitness__M2__L6__eps0p01__g0p01__ds0p01__dm0p01
Problem: QUBO
Kernel: rbf
Advantage: normalizedfitness
M: 2
lambda: 6
epsilon_svgd: 0.01
gamma: 0.01
decay_start_ratio: 0.01
decay_min_factor: 0.01
bandwith_kernel: None
no_interact: False
avg_score: -2570.780029296875
median_score: -2555.0
std_score: 131.44654846191406
percentiles: 2%=-2808.159912109375, 5%=-2789.10009765625, 10%=-2756.5, 25%=-2687.5, 50%=-2555.0, 75%=-2464.75, 90%=-2405.89990234375, 95%=-2371.89990234375, 98%=-2365.97998046875
ranking_best_algo: SVM1MetaModelLogNormal
ranking_best_score: 2605.14
ranking_my_rank: 14/504 (97.4%)
ranking_my_percent: 97.42063492063492
