ConfigName: krbf__advnormalizedfitness__M4__L15__eps0p03__g0p005__ds0p05__dm0p05
Problem: QUBO
Kernel: rbf
Advantage: normalizedfitness
M: 4
lambda: 15
epsilon_svgd: 0.03
gamma: 0.005
decay_start_ratio: 0.05
decay_min_factor: 0.05
bandwith_kernel: None
no_interact: False
avg_score: -417.8800048828125
median_score: -418.0
std_score: 26.221092224121094
percentiles: 2%=-475.0, 5%=-465.20001220703125, 10%=-452.1000061035156, 25%=-434.0, 50%=-418.0, 75%=-400.0, 90%=-388.0, 95%=-373.95001220703125, 98%=-367.8800048828125
ranking_best_algo: Tabu
ranking_best_score: 438.12
ranking_my_rank: 40/504 (92.3%)
ranking_my_percent: 92.26190476190476
