ConfigName: krbf__advnormalizedfitness__M4__L15__eps0p015__g0p01__ds0p01__dm0p3
Problem: NK
Kernel: rbf
Advantage: normalizedfitness
M: 4
lambda: 15
epsilon_svgd: 0.015
gamma: 0.01
decay_start_ratio: 0.01
decay_min_factor: 0.3
bandwith_kernel: None
no_interact: False
avg_score: 0.5713649988174438
median_score: 0.5704437494277954
std_score: 0.005888612475246191
percentiles: 2%=0.5634657144546509, 5%=0.5642907023429871, 10%=0.565273106098175, 25%=0.5665470361709595, 50%=0.5704437494277954, 75%=0.5742406249046326, 90%=0.5796030759811401, 95%=0.5837298631668091, 98%=0.586649477481842
ranking_best_algo: PBIL
ranking_best_score: 0.7170882103515624
ranking_my_rank: 393/504 (22.2%)
ranking_my_percent: 22.22222222222222
