ConfigName: kjsd__advperagentrankweighted__M5__L8__eps0p005__g0p003__ds0p2__dm0p2
Problem: NK
Kernel: jsd
Advantage: peragentrankweighted
M: 5
lambda: 8
epsilon_svgd: 0.005
gamma: 0.003
decay_start_ratio: 0.2
decay_min_factor: 0.2
bandwith_kernel: None
no_interact: False
avg_score: 0.7431311011314392
median_score: 0.7419590950012207
std_score: 0.02968711592257023
percentiles: 2%=0.6977046132087708, 5%=0.70036381483078, 10%=0.7059681415557861, 25%=0.7182909846305847, 50%=0.7419590950012207, 75%=0.7580187320709229, 90%=0.7783373594284058, 95%=0.8044693470001221, 98%=0.8118547797203064
ranking_best_algo: CMApara
ranking_best_score: 0.7459277895312499
ranking_my_rank: 13/504 (97.6%)
ranking_my_percent: 97.61904761904762
