ConfigName: krbf__advnormalizedfitness__M3__L8__eps0p03__g0p005__ds0p05__dm0p05
Problem: QUBO
Kernel: rbf
Advantage: normalizedfitness
M: 3
lambda: 8
epsilon_svgd: 0.03
gamma: 0.005
decay_start_ratio: 0.05
decay_min_factor: 0.05
bandwith_kernel: None
no_interact: False
avg_score: -1589.5400390625
median_score: -1585.5
std_score: 68.89824676513672
percentiles: 2%=-1752.1199951171875, 5%=-1724.800048828125, 10%=-1680.300048828125, 25%=-1619.75, 50%=-1585.5, 75%=-1554.0, 90%=-1524.800048828125, 95%=-1499.9000244140625, 98%=-1453.8800048828125
ranking_best_algo: NLOPT_LN_PRAXIS
ranking_best_score: 1607.12
ranking_my_rank: 39/504 (92.5%)
ranking_my_percent: 92.46031746031746
