ConfigName: kjsd__advperagentrankweighted__M3__L16__eps0p007__g0p003__ds0p05__dm0p2
Problem: QUBO
Kernel: jsd
Advantage: peragentrankweighted
M: 3
lambda: 16
epsilon_svgd: 0.007
gamma: 0.003
decay_start_ratio: 0.05
decay_min_factor: 0.2
bandwith_kernel: None
no_interact: False
avg_score: -308.8399963378906
median_score: -312.0
std_score: 39.623409271240234
percentiles: 2%=-392.0, 5%=-386.20001220703125, 10%=-354.3999938964844, 25%=-332.5, 50%=-312.0, 75%=-272.0, 90%=-262.8999938964844, 95%=-259.79998779296875, 98%=-246.9600067138672
ranking_best_algo: CMApara
ranking_best_score: 319.29999999999995
ranking_my_rank: 86/504 (83.1%)
ranking_my_percent: 83.13492063492063
