ConfigName: krbf__advnormalizedfitness__M2__L8__eps0p025__g0p005__ds0p15__dm0p3
Problem: NK
Kernel: rbf
Advantage: normalizedfitness
M: 2
lambda: 8
epsilon_svgd: 0.025
gamma: 0.005
decay_start_ratio: 0.15
decay_min_factor: 0.3
bandwith_kernel: None
no_interact: False
avg_score: 0.7073298692703247
median_score: 0.7089274525642395
std_score: 0.01578439772129059
percentiles: 2%=0.6679502129554749, 5%=0.6709171533584595, 10%=0.6873416900634766, 25%=0.7013018131256104, 50%=0.7089274525642395, 75%=0.7166540026664734, 90%=0.72499680519104, 95%=0.7305349111557007, 98%=0.7320794463157654
ranking_best_algo: CMApara
ranking_best_score: 0.707475975
ranking_my_rank: 2/504 (99.8%)
ranking_my_percent: 99.8015873015873
