ConfigName: kjsd__advperagentrankweighted__M4__L8__eps0p005__g0p0007__ds0p4__dm0p05
Problem: QUBO
Kernel: jsd
Advantage: peragentrankweighted
M: 4
lambda: 8
epsilon_svgd: 0.005
gamma: 0.0007
decay_start_ratio: 0.4
decay_min_factor: 0.05
bandwith_kernel: None
no_interact: False
avg_score: -1197.8399658203125
median_score: -1189.0
std_score: 60.59269332885742
percentiles: 2%=-1339.47998046875, 5%=-1314.6500244140625, 10%=-1272.300048828125, 25%=-1231.0, 50%=-1189.0, 75%=-1162.75, 90%=-1129.4000244140625, 95%=-1104.5999755859375, 98%=-1091.9000244140625
ranking_best_algo: Tabu
ranking_best_score: 1216.16
ranking_my_rank: 44/504 (91.5%)
ranking_my_percent: 91.46825396825396
