ConfigName: kjsd__advperagentrankweighted__M4__L24__eps0p005__g0p0005__ds0p05__dm0p05
Problem: QUBO
Kernel: jsd
Advantage: peragentrankweighted
M: 4
lambda: 24
epsilon_svgd: 0.005
gamma: 0.0005
decay_start_ratio: 0.05
decay_min_factor: 0.05
bandwith_kernel: None
no_interact: False
avg_score: -417.9200134277344
median_score: -418.0
std_score: 25.562347412109375
percentiles: 2%=-473.0, 5%=-457.29998779296875, 10%=-453.1000061035156, 25%=-434.0, 50%=-418.0, 75%=-398.0, 90%=-388.0, 95%=-379.8999938964844, 98%=-364.0
ranking_best_algo: Tabu
ranking_best_score: 438.12
ranking_my_rank: 40/504 (92.3%)
ranking_my_percent: 92.26190476190476
