ConfigName: krbf__advnormalizedfitness__M4__L12__eps0p033__g0p005__ds0p3__dm0p3
Problem: QUBO
Kernel: rbf
Advantage: normalizedfitness
M: 4
lambda: 12
epsilon_svgd: 0.033
gamma: 0.005
decay_start_ratio: 0.3
decay_min_factor: 0.3
bandwith_kernel: None
no_interact: False
avg_score: -309.0799865722656
median_score: -312.0
std_score: 39.423770904541016
percentiles: 2%=-394.0, 5%=-384.20001220703125, 10%=-356.1999816894531, 25%=-337.0, 50%=-312.0, 75%=-274.0, 90%=-265.8999938964844, 95%=-254.95001220703125, 98%=-249.95999145507812
ranking_best_algo: CMApara
ranking_best_score: 319.29999999999995
ranking_my_rank: 82/504 (83.9%)
ranking_my_percent: 83.92857142857143
