ConfigName: kjsd__advperagentrankweighted__M3__L20__eps0p007__g0p001__ds0p05__dm0p05
Problem: QUBO
Kernel: jsd
Advantage: peragentrankweighted
M: 3
lambda: 20
epsilon_svgd: 0.007
gamma: 0.001
decay_start_ratio: 0.05
decay_min_factor: 0.05
bandwith_kernel: None
no_interact: False
avg_score: -328.29998779296875
median_score: -334.0
std_score: 22.880340576171875
percentiles: 2%=-361.2200012207031, 5%=-354.3500061035156, 10%=-350.29998779296875, 25%=-343.0, 50%=-334.0, 75%=-317.5, 90%=-293.8999938964844, 95%=-284.0, 98%=-279.9599914550781
ranking_best_algo: CMApara
ranking_best_score: 344.22
ranking_my_rank: 84/504 (83.5%)
ranking_my_percent: 83.53174603174604
