ConfigName: krbf__advnormalizedfitness__M3__L8__eps0p033__g0p005__ds0p3__dm0p3
Problem: NK
Kernel: rbf
Advantage: normalizedfitness
M: 3
lambda: 8
epsilon_svgd: 0.033
gamma: 0.005
decay_start_ratio: 0.3
decay_min_factor: 0.3
bandwith_kernel: None
no_interact: False
avg_score: 0.744072675704956
median_score: 0.7430151700973511
std_score: 0.009317559190094471
percentiles: 2%=0.727944016456604, 5%=0.7301182150840759, 10%=0.7339839935302734, 25%=0.7375784516334534, 50%=0.7430151700973511, 75%=0.7515214085578918, 90%=0.7575036287307739, 95%=0.7595005631446838, 98%=0.7614211440086365
ranking_best_algo: PBIL
ranking_best_score: 0.733570253046875
ranking_my_rank: 1/504 (100.0%)
ranking_my_percent: 100.0
