ConfigName: krbf__advnormalizedfitness__M4__L12__eps0p033__g0p015__ds0p15__dm0p3
Problem: QUBO
Kernel: rbf
Advantage: normalizedfitness
M: 4
lambda: 12
epsilon_svgd: 0.033
gamma: 0.015
decay_start_ratio: 0.15
decay_min_factor: 0.3
bandwith_kernel: None
no_interact: False
avg_score: -1566.5799560546875
median_score: -1537.0
std_score: 220.5718536376953
percentiles: 2%=-2055.820068359375, 5%=-1932.800048828125, 10%=-1839.0999755859375, 25%=-1739.25, 50%=-1537.0, 75%=-1403.5, 90%=-1318.0999755859375, 95%=-1244.9000244140625, 98%=-1207.73974609375
ranking_best_algo: RLSOnePlusOne
ranking_best_score: 3316.5199999999995
ranking_my_rank: 341/504 (32.5%)
ranking_my_percent: 32.53968253968254
