ConfigName: krbf__advnormalizedfitness__M3__L10__eps0p033__g0p015__ds0p01__dm0p01
Problem: NK
Kernel: rbf
Advantage: normalizedfitness
M: 3
lambda: 10
epsilon_svgd: 0.033
gamma: 0.015
decay_start_ratio: 0.01
decay_min_factor: 0.01
bandwith_kernel: None
no_interact: False
avg_score: 0.7075615525245667
median_score: 0.7104604244232178
std_score: 0.011538990773260593
percentiles: 2%=0.6884663105010986, 5%=0.6893913149833679, 10%=0.6920964121818542, 25%=0.6967059969902039, 50%=0.7104604244232178, 75%=0.7183987498283386, 90%=0.7206785082817078, 95%=0.7232792377471924, 98%=0.7238683700561523
ranking_best_algo: PBIL
ranking_best_score: 0.7013553837109374
ranking_my_rank: 1/504 (100.0%)
ranking_my_percent: 100.0
