ConfigName: kjsd__advperagentrankweighted__M3__L18__eps0p005__g0p001__ds0p05__dm0p2
Problem: NK
Kernel: jsd
Advantage: peragentrankweighted
M: 3
lambda: 18
epsilon_svgd: 0.005
gamma: 0.001
decay_start_ratio: 0.05
decay_min_factor: 0.2
bandwith_kernel: None
no_interact: False
avg_score: 0.7547898292541504
median_score: 0.7549071311950684
std_score: 0.014543692581355572
percentiles: 2%=0.7265453934669495, 5%=0.728515088558197, 10%=0.7355780005455017, 25%=0.7454851269721985, 50%=0.7549071311950684, 75%=0.7663173675537109, 90%=0.7727966904640198, 95%=0.7768798470497131, 98%=0.7799526453018188
ranking_best_algo: Tabu
ranking_best_score: 0.7657846284375001
ranking_my_rank: 7/504 (98.8%)
ranking_my_percent: 98.80952380952381
