ConfigName: krbf__advnormalizedfitness__M4__L8__eps0p025__g0p005__ds0p01__dm0p01
Problem: QUBO
Kernel: rbf
Advantage: normalizedfitness
M: 4
lambda: 8
epsilon_svgd: 0.025
gamma: 0.005
decay_start_ratio: 0.01
decay_min_factor: 0.01
bandwith_kernel: None
no_interact: False
avg_score: -583.5399780273438
median_score: -583.5
std_score: 30.720487594604492
percentiles: 2%=-637.0399780273438, 5%=-634.0499877929688, 10%=-617.0999755859375, 25%=-607.25, 50%=-583.5, 75%=-566.0, 90%=-542.7000122070312, 95%=-528.75, 98%=-522.8399658203125
ranking_best_algo: Tabu
ranking_best_score: 588.7199999999999
ranking_my_rank: 5/503 (99.2%)
ranking_my_percent: 99.20477137176938
