ConfigName: kjsd__advperagentrankweighted__M8__L10__eps0p005__g0p0005__ds0p05__dm0p05
Problem: NK
Kernel: jsd
Advantage: peragentrankweighted
M: 8
lambda: 10
epsilon_svgd: 0.005
gamma: 0.0005
decay_start_ratio: 0.05
decay_min_factor: 0.05
bandwith_kernel: None
no_interact: False
avg_score: 0.7462420463562012
median_score: 0.7423104643821716
std_score: 0.028267497196793556
percentiles: 2%=0.7072144746780396, 5%=0.7083337306976318, 10%=0.713021993637085, 25%=0.7257553339004517, 50%=0.7423104643821716, 75%=0.7582865953445435, 90%=0.7783373594284058, 95%=0.8118547797203064, 98%=0.8118547797203064
ranking_best_algo: CMApara
ranking_best_score: 0.7459277895312499
ranking_my_rank: 1/504 (100.0%)
ranking_my_percent: 100.0
