ConfigName: kjsd__advperagentrankweighted__M4__L24__eps0p02__g0p0005__ds0p2__dm0p05
Problem: QUBO
Kernel: jsd
Advantage: peragentrankweighted
M: 4
lambda: 24
epsilon_svgd: 0.02
gamma: 0.0005
decay_start_ratio: 0.2
decay_min_factor: 0.05
bandwith_kernel: None
no_interact: False
avg_score: -1294.6400146484375
median_score: -1291.0
std_score: 52.050079345703125
percentiles: 2%=-1393.06005859375, 5%=-1384.050048828125, 10%=-1368.0999755859375, 25%=-1328.25, 50%=-1291.0, 75%=-1259.0, 90%=-1237.300048828125, 95%=-1215.8499755859375, 98%=-1186.8199462890625
ranking_best_algo: BigLognormalDiscreteOnePlusOne
ranking_best_score: 1301.3600000000004
ranking_my_rank: 2/504 (99.8%)
ranking_my_percent: 99.8015873015873
