ConfigName: kfr__advglobalrankweighted__M3__L8__eps0p015__g0p003__ds0p01__dm0p01
Problem: QUBO
Kernel: fr
Advantage: globalrankweighted
M: 3
lambda: 8
epsilon_svgd: 0.015
gamma: 0.003
decay_start_ratio: 0.01
decay_min_factor: 0.01
bandwith_kernel: None
no_interact: False
avg_score: -2609.9599609375
median_score: -2610.0
std_score: 127.51611328125
percentiles: 2%=-2845.159912109375, 5%=-2811.0, 10%=-2774.89990234375, 25%=-2698.0, 50%=-2610.0, 75%=-2533.75, 90%=-2462.800048828125, 95%=-2400.35009765625, 98%=-2321.85986328125
ranking_best_algo: DiscreteLengler2OnePlusOne
ranking_best_score: 2617.04
ranking_my_rank: 2/504 (99.8%)
ranking_my_percent: 99.8015873015873
