ConfigName: kjsd__advperagentrankweighted__M3__L18__eps0p005__g0p003__ds0p05__dm0p2
Problem: NK
Kernel: jsd
Advantage: peragentrankweighted
M: 3
lambda: 18
epsilon_svgd: 0.005
gamma: 0.003
decay_start_ratio: 0.05
decay_min_factor: 0.2
bandwith_kernel: None
no_interact: False
avg_score: 0.6317497491836548
median_score: 0.6282069683074951
std_score: 0.01810397394001484
percentiles: 2%=0.6052988171577454, 5%=0.6098388433456421, 10%=0.6120913624763489, 25%=0.6184946298599243, 50%=0.6282069683074951, 75%=0.6408823728561401, 90%=0.6557656526565552, 95%=0.6668577790260315, 98%=0.6774930357933044
ranking_best_algo: Tabu
ranking_best_score: 0.7429702712499999
ranking_my_rank: 364/504 (28.0%)
ranking_my_percent: 27.976190476190474
