ConfigName: kjsd__advperagentrankweighted__M3__L30__eps0p005__g0p001__ds0p05__dm0p1
Problem: QUBO
Kernel: jsd
Advantage: peragentrankweighted
M: 3
lambda: 30
epsilon_svgd: 0.005
gamma: 0.001
decay_start_ratio: 0.05
decay_min_factor: 0.1
bandwith_kernel: None
no_interact: False
avg_score: -1191.3199462890625
median_score: -1187.0
std_score: 67.17587280273438
percentiles: 2%=-1313.199951171875, 5%=-1295.050048828125, 10%=-1287.300048828125, 25%=-1243.25, 50%=-1187.0, 75%=-1145.75, 90%=-1109.0, 95%=-1089.449951171875, 98%=-1060.4000244140625
ranking_best_algo: SVMMetaModelLogNormal
ranking_best_score: 1233.7999999999997
ranking_my_rank: 58/504 (88.7%)
ranking_my_percent: 88.69047619047619
