ConfigName: kjsd__advperagentrankweighted__M3__L18__eps0p005__g0p0007__ds0p1__dm0p1
Problem: QUBO
Kernel: jsd
Advantage: peragentrankweighted
M: 3
lambda: 18
epsilon_svgd: 0.005
gamma: 0.0007
decay_start_ratio: 0.1
decay_min_factor: 0.1
bandwith_kernel: None
no_interact: False
avg_score: -908.0800170898438
median_score: -903.5
std_score: 64.2586441040039
percentiles: 2%=-1034.0400390625, 5%=-1031.050048828125, 10%=-996.5, 25%=-950.5, 50%=-903.5, 75%=-864.0, 90%=-827.0, 95%=-802.7999877929688, 98%=-785.739990234375
ranking_best_algo: CMAL3
ranking_best_score: 928.5800000000002
ranking_my_rank: 53/504 (89.7%)
ranking_my_percent: 89.68253968253968
