ConfigName: krbf__advnormalizedfitness__M4__L10__eps0p033__g0p015__ds0p15__dm0p3
Problem: NK
Kernel: rbf
Advantage: normalizedfitness
M: 4
lambda: 10
epsilon_svgd: 0.033
gamma: 0.015
decay_start_ratio: 0.15
decay_min_factor: 0.3
bandwith_kernel: None
no_interact: False
avg_score: 0.654670000076294
median_score: 0.6531373262405396
std_score: 0.012412811629474163
percentiles: 2%=0.6351919174194336, 5%=0.6359401345252991, 10%=0.6408853530883789, 25%=0.6445832252502441, 50%=0.6531373262405396, 75%=0.6621557474136353, 90%=0.6737614870071411, 95%=0.6773306131362915, 98%=0.6807599067687988
ranking_best_algo: Tabu
ranking_best_score: 0.7601875690625
ranking_my_rank: 379/504 (25.0%)
ranking_my_percent: 25.0
