ConfigName: kjsd__advperagentrankweighted__M4__L12__eps0p03__g0p0003__ds0p2__dm0p05
Problem: NK
Kernel: jsd
Advantage: peragentrankweighted
M: 4
lambda: 12
epsilon_svgd: 0.03
gamma: 0.0003
decay_start_ratio: 0.2
decay_min_factor: 0.05
bandwith_kernel: None
no_interact: False
avg_score: 0.7086725831031799
median_score: 0.7077981233596802
std_score: 0.010067027993500233
percentiles: 2%=0.6887638568878174, 5%=0.6937566995620728, 10%=0.6969659924507141, 25%=0.7013499736785889, 50%=0.7077981233596802, 75%=0.7152873873710632, 90%=0.7215845584869385, 95%=0.7268561720848083, 98%=0.7279337644577026
ranking_best_algo: Tabu
ranking_best_score: 0.7429702712499999
ranking_my_rank: 153/504 (69.8%)
ranking_my_percent: 69.84126984126983
