ConfigName: kjsd__advperagentrankweighted__M4__L12__eps0p01__g0p0007__ds0p2__dm0p05
Problem: QUBO
Kernel: jsd
Advantage: peragentrankweighted
M: 4
lambda: 12
epsilon_svgd: 0.01
gamma: 0.0007
decay_start_ratio: 0.2
decay_min_factor: 0.05
bandwith_kernel: None
no_interact: False
avg_score: -332.739990234375
median_score: -340.0
std_score: 22.610008239746094
percentiles: 2%=-372.0, 5%=-372.0, 10%=-357.0, 25%=-346.75, 50%=-340.0, 75%=-324.0, 90%=-295.8999938964844, 95%=-289.6000061035156, 98%=-279.9599914550781
ranking_best_algo: CMApara
ranking_best_score: 344.22
ranking_my_rank: 70/504 (86.3%)
ranking_my_percent: 86.30952380952381
