ConfigName: kjsd__advperagentrankweighted__M6__L8__eps0p02__g0p0007__ds0p05__dm0p05
Problem: QUBO
Kernel: jsd
Advantage: peragentrankweighted
M: 6
lambda: 8
epsilon_svgd: 0.02
gamma: 0.0007
decay_start_ratio: 0.05
decay_min_factor: 0.05
bandwith_kernel: None
no_interact: False
avg_score: -2590.320068359375
median_score: -2575.0
std_score: 110.15033721923828
percentiles: 2%=-2822.02001953125, 5%=-2799.050048828125, 10%=-2733.0, 25%=-2673.75, 50%=-2575.0, 75%=-2511.25, 90%=-2455.0, 95%=-2431.89990234375, 98%=-2411.320068359375
ranking_best_algo: SVM1MetaModelLogNormal
ranking_best_score: 2605.14
ranking_my_rank: 11/504 (98.0%)
ranking_my_percent: 98.01587301587301
