ConfigName: kfr__advglobalrankweighted__M3__L9__eps0p01__g0p007__ds0p01__dm0p01
Problem: QUBO
Kernel: fr
Advantage: globalrankweighted
M: 3
lambda: 9
epsilon_svgd: 0.01
gamma: 0.007
decay_start_ratio: 0.01
decay_min_factor: 0.01
bandwith_kernel: None
no_interact: False
avg_score: -2496.5
median_score: -2486.5
std_score: 136.24444580078125
percentiles: 2%=-2767.639892578125, 5%=-2739.300048828125, 10%=-2678.199951171875, 25%=-2585.5, 50%=-2486.5, 75%=-2394.75, 90%=-2319.60009765625, 95%=-2308.7001953125, 98%=-2236.6396484375
ranking_best_algo: SVM1MetaModelLogNormal
ranking_best_score: 2605.14
ranking_my_rank: 65/504 (87.3%)
ranking_my_percent: 87.3015873015873
