ConfigName: krbf__advnormalizedfitness__M3__L8__eps0p025__g0p01__ds0p3__dm0p01
Problem: NK
Kernel: rbf
Advantage: normalizedfitness
M: 3
lambda: 8
epsilon_svgd: 0.025
gamma: 0.01
decay_start_ratio: 0.3
decay_min_factor: 0.01
bandwith_kernel: None
no_interact: False
avg_score: 0.7223947644233704
median_score: 0.723319411277771
std_score: 0.011964774690568447
percentiles: 2%=0.6995173096656799, 5%=0.70478355884552, 10%=0.7073611617088318, 25%=0.7122433185577393, 50%=0.723319411277771, 75%=0.7314118146896362, 90%=0.7363407611846924, 95%=0.7397422194480896, 98%=0.7422354221343994
ranking_best_algo: Tabu
ranking_best_score: 0.7429702712499999
ranking_my_rank: 6/504 (99.0%)
ranking_my_percent: 99.0079365079365
