ConfigName: kjsd__advperagentrankweighted__M4__L10__eps0p01__g0p0007__ds0p4__dm0p05
Problem: NK
Kernel: jsd
Advantage: peragentrankweighted
M: 4
lambda: 10
epsilon_svgd: 0.01
gamma: 0.0007
decay_start_ratio: 0.4
decay_min_factor: 0.05
bandwith_kernel: None
no_interact: False
avg_score: 0.7511367797851562
median_score: 0.7496575713157654
std_score: 0.013473610393702984
percentiles: 2%=0.7248095273971558, 5%=0.7314850687980652, 10%=0.7371033430099487, 25%=0.742219090461731, 50%=0.7496575713157654, 75%=0.7602632641792297, 90%=0.7690075635910034, 95%=0.774591326713562, 98%=0.7788500785827637
ranking_best_algo: Tabu
ranking_best_score: 0.7657846284375001
ranking_my_rank: 18/504 (96.6%)
ranking_my_percent: 96.62698412698413
