ConfigName: krbf__advnormalizedfitness__M1__L8__eps0p033__g0p015__ds0p15__dm0p3
Problem: QUBO
Kernel: rbf
Advantage: normalizedfitness
M: 1
lambda: 8
epsilon_svgd: 0.033
gamma: 0.015
decay_start_ratio: 0.15
decay_min_factor: 0.3
bandwith_kernel: None
no_interact: False
avg_score: -1215.199951171875
median_score: -1212.5
std_score: 75.09048461914062
percentiles: 2%=-1371.1800537109375, 5%=-1348.25, 10%=-1307.199951171875, 25%=-1266.0, 50%=-1212.5, 75%=-1160.5, 90%=-1126.300048828125, 95%=-1114.9000244140625, 98%=-1084.1597900390625
ranking_best_algo: SVMMetaModelLogNormal
ranking_best_score: 1233.7999999999997
ranking_my_rank: 41/504 (92.1%)
ranking_my_percent: 92.06349206349206
