ConfigName: krbf__advnormalizedfitness__M3__L10__eps0p025__g0p007__ds0p01__dm0p01
Problem: QUBO
Kernel: rbf
Advantage: normalizedfitness
M: 3
lambda: 10
epsilon_svgd: 0.025
gamma: 0.007
decay_start_ratio: 0.01
decay_min_factor: 0.01
bandwith_kernel: None
no_interact: False
avg_score: -2520.739990234375
median_score: -2519.0
std_score: 146.5757598876953
percentiles: 2%=-2802.47998046875, 5%=-2759.0, 10%=-2717.10009765625, 25%=-2625.25, 50%=-2519.0, 75%=-2397.75, 90%=-2351.60009765625, 95%=-2281.050048828125, 98%=-2253.639892578125
ranking_best_algo: SVM1MetaModelLogNormal
ranking_best_score: 2605.14
ranking_my_rank: 55/504 (89.3%)
ranking_my_percent: 89.28571428571429
