ConfigName: kjsd__advperagentrankweighted__M3__L18__eps0p005__g0p001__ds0p1__dm0p1
Problem: QUBO
Kernel: jsd
Advantage: peragentrankweighted
M: 3
lambda: 18
epsilon_svgd: 0.005
gamma: 0.001
decay_start_ratio: 0.1
decay_min_factor: 0.1
bandwith_kernel: None
no_interact: False
avg_score: -581.5800170898438
median_score: -580.5
std_score: 26.743663787841797
percentiles: 2%=-633.1199951171875, 5%=-623.0999755859375, 10%=-617.2000122070312, 25%=-603.25, 50%=-580.5, 75%=-564.75, 90%=-544.9000244140625, 95%=-539.9500122070312, 98%=-528.9199829101562
ranking_best_algo: Tabu
ranking_best_score: 588.7199999999999
ranking_my_rank: 36/503 (93.0%)
ranking_my_percent: 93.04174950298211
