ConfigName: kjsd__advperagentrankweighted__M3__L18__eps0p005__g0p0007__ds0p1__dm0p1
Problem: QUBO
Kernel: jsd
Advantage: peragentrankweighted
M: 3
lambda: 18
epsilon_svgd: 0.005
gamma: 0.0007
decay_start_ratio: 0.1
decay_min_factor: 0.1
bandwith_kernel: None
no_interact: False
avg_score: -1196.0400390625
median_score: -1190.0
std_score: 60.09108352661133
percentiles: 2%=-1343.239990234375, 5%=-1289.5999755859375, 10%=-1269.0999755859375, 25%=-1234.25, 50%=-1190.0, 75%=-1160.75, 90%=-1119.5999755859375, 95%=-1104.550048828125, 98%=-1089.9200439453125
ranking_best_algo: Tabu
ranking_best_score: 1216.16
ranking_my_rank: 47/504 (90.9%)
ranking_my_percent: 90.87301587301587
