ConfigName: krbf__advnormalizedfitness__M4__L15__eps0p015__g0p005__ds0p3__dm0p01
Problem: QUBO
Kernel: rbf
Advantage: normalizedfitness
M: 4
lambda: 15
epsilon_svgd: 0.015
gamma: 0.005
decay_start_ratio: 0.3
decay_min_factor: 0.01
bandwith_kernel: None
no_interact: False
avg_score: -149.67999267578125
median_score: -148.0
std_score: 13.2581148147583
percentiles: 2%=-179.0, 5%=-179.0, 10%=-165.49998474121094, 25%=-155.0, 50%=-148.0, 75%=-140.75, 90%=-136.0, 95%=-134.90000915527344, 98%=-127.0
ranking_best_algo: CMApara
ranking_best_score: 154.28
ranking_my_rank: 76/504 (85.1%)
ranking_my_percent: 85.11904761904762
