ConfigName: kjsd__advperagentrankweighted__M3__L18__eps0p005__g0p0007__ds0p1__dm0p1
Problem: QUBO
Kernel: jsd
Advantage: peragentrankweighted
M: 3
lambda: 18
epsilon_svgd: 0.005
gamma: 0.0007
decay_start_ratio: 0.1
decay_min_factor: 0.1
bandwith_kernel: None
no_interact: False
avg_score: -329.3800048828125
median_score: -334.0
std_score: 24.985107421875
percentiles: 2%=-372.0, 5%=-372.0, 10%=-354.29998779296875, 25%=-346.75, 50%=-334.0, 75%=-311.0, 90%=-294.0, 95%=-289.6000061035156, 98%=-273.760009765625
ranking_best_algo: CMApara
ranking_best_score: 344.22
ranking_my_rank: 81/504 (84.1%)
ranking_my_percent: 84.12698412698413
