ConfigName: krbf__advnormalizedfitness__M1__L10__eps0p015__g0p005__ds0p01__dm0p3
Problem: QUBO
Kernel: rbf
Advantage: normalizedfitness
M: 1
lambda: 10
epsilon_svgd: 0.015
gamma: 0.005
decay_start_ratio: 0.01
decay_min_factor: 0.3
bandwith_kernel: None
no_interact: False
avg_score: -1212.93994140625
median_score: -1216.0
std_score: 92.42259979248047
percentiles: 2%=-1354.3599853515625, 5%=-1331.0999755859375, 10%=-1299.300048828125, 25%=-1255.5, 50%=-1216.0, 75%=-1173.75, 90%=-1145.0, 95%=-1124.6500244140625, 98%=-1086.699951171875
ranking_best_algo: SVMMetaModelLogNormal
ranking_best_score: 1233.7999999999997
ranking_my_rank: 45/504 (91.3%)
ranking_my_percent: 91.26984126984127
