ConfigName: kjsd__advperagentrankweighted__M3__L16__eps0p005__g0p001__ds0p2__dm0p05
Problem: QUBO
Kernel: jsd
Advantage: peragentrankweighted
M: 3
lambda: 16
epsilon_svgd: 0.005
gamma: 0.001
decay_start_ratio: 0.2
decay_min_factor: 0.05
bandwith_kernel: None
no_interact: False
avg_score: -916.2000122070312
median_score: -924.5
std_score: 69.21719360351562
percentiles: 2%=-1054.0400390625, 5%=-1020.2999877929688, 10%=-1003.5, 25%=-967.5, 50%=-924.5, 75%=-873.25, 90%=-821.9000244140625, 95%=-802.5, 98%=-782.8200073242188
ranking_best_algo: CMAL3
ranking_best_score: 928.5800000000002
ranking_my_rank: 15/504 (97.2%)
ranking_my_percent: 97.22222222222223
