ConfigName: kfr__advglobalrankweighted__M4__L24__eps0p01__g0p005__ds0p01__dm0p01
Problem: NK
Kernel: fr
Advantage: globalrankweighted
M: 4
lambda: 24
epsilon_svgd: 0.01
gamma: 0.005
decay_start_ratio: 0.01
decay_min_factor: 0.01
bandwith_kernel: None
no_interact: False
avg_score: 0.6197414994239807
median_score: 0.6183868646621704
std_score: 0.010608936659991741
percentiles: 2%=0.6010909676551819, 5%=0.6022385954856873, 10%=0.6052668690681458, 25%=0.6125701665878296, 50%=0.6183868646621704, 75%=0.6269172430038452, 90%=0.6332559585571289, 95%=0.636983335018158, 98%=0.6432193517684937
ranking_best_algo: Tabu
ranking_best_score: 0.7429702712499999
ranking_my_rank: 373/504 (26.2%)
ranking_my_percent: 26.19047619047619
