ConfigName: kjsd__advperagentrankweighted__M4__L24__eps0p02__g0p0003__ds0p2__dm0p05
Problem: NK
Kernel: jsd
Advantage: peragentrankweighted
M: 4
lambda: 24
epsilon_svgd: 0.02
gamma: 0.0003
decay_start_ratio: 0.2
decay_min_factor: 0.05
bandwith_kernel: None
no_interact: False
avg_score: 0.7051138281822205
median_score: 0.7068918943405151
std_score: 0.011523086577653885
percentiles: 2%=0.6848852634429932, 5%=0.6860833168029785, 10%=0.6897345781326294, 25%=0.6953975558280945, 50%=0.7068918943405151, 75%=0.7151469588279724, 90%=0.7188036441802979, 95%=0.7209405303001404, 98%=0.7213272452354431
ranking_best_algo: PBIL
ranking_best_score: 0.7013553837109374
ranking_my_rank: 1/504 (100.0%)
ranking_my_percent: 100.0
