ConfigName: krbf__advnormalizedfitness__M3__L12__eps0p033__g0p01__ds0p01__dm0p3
Problem: NK
Kernel: rbf
Advantage: normalizedfitness
M: 3
lambda: 12
epsilon_svgd: 0.033
gamma: 0.01
decay_start_ratio: 0.01
decay_min_factor: 0.3
bandwith_kernel: None
no_interact: False
avg_score: 0.7557199597358704
median_score: 0.7538497447967529
std_score: 0.014101036824285984
percentiles: 2%=0.727988600730896, 5%=0.733110785484314, 10%=0.7379710674285889, 25%=0.7450211048126221, 50%=0.7538497447967529, 75%=0.7676207423210144, 90%=0.7757463455200195, 95%=0.7779437899589539, 98%=0.7808657884597778
ranking_best_algo: Tabu
ranking_best_score: 0.7470791764843752
ranking_my_rank: 1/504 (100.0%)
ranking_my_percent: 100.0
