ConfigName: krbf__advnormalizedfitness__M3__L10__eps0p015__g0p007__ds0p01__dm0p3
Problem: QUBO
Kernel: rbf
Advantage: normalizedfitness
M: 3
lambda: 10
epsilon_svgd: 0.015
gamma: 0.007
decay_start_ratio: 0.01
decay_min_factor: 0.3
bandwith_kernel: None
no_interact: False
avg_score: -1205.0
median_score: -1195.0
std_score: 80.82115936279297
percentiles: 2%=-1377.3800048828125, 5%=-1324.550048828125, 10%=-1302.800048828125, 25%=-1267.5, 50%=-1195.0, 75%=-1149.75, 90%=-1107.9000244140625, 95%=-1074.8499755859375, 98%=-1054.8399658203125
ranking_best_algo: BigLognormalDiscreteOnePlusOne
ranking_best_score: 1301.3600000000004
ranking_my_rank: 83/504 (83.7%)
ranking_my_percent: 83.73015873015873
