ConfigName: kjsd__advperagentrankweighted__M5__L8__eps0p005__g0p003__ds0p2__dm0p05
Problem: QUBO
Kernel: jsd
Advantage: peragentrankweighted
M: 5
lambda: 8
epsilon_svgd: 0.005
gamma: 0.003
decay_start_ratio: 0.2
decay_min_factor: 0.05
bandwith_kernel: None
no_interact: False
avg_score: -896.280029296875
median_score: -888.0
std_score: 72.96945190429688
percentiles: 2%=-1061.1400146484375, 5%=-1025.550048828125, 10%=-995.0, 25%=-934.0, 50%=-888.0, 75%=-842.0, 90%=-816.7000122070312, 95%=-794.9000244140625, 98%=-749.0
ranking_best_algo: CMApara
ranking_best_score: 964.9
ranking_my_rank: 161/504 (68.3%)
ranking_my_percent: 68.25396825396825
