ConfigName: kjsd__advperagentrankweighted__M3__L30__eps0p007__g0p001__ds0p2__dm0p1
Problem: QUBO
Kernel: jsd
Advantage: peragentrankweighted
M: 3
lambda: 30
epsilon_svgd: 0.007
gamma: 0.001
decay_start_ratio: 0.2
decay_min_factor: 0.1
bandwith_kernel: None
no_interact: False
avg_score: -200.13999938964844
median_score: -199.5
std_score: 13.641861915588379
percentiles: 2%=-224.0, 5%=-222.10000610351562, 10%=-219.1999969482422, 25%=-211.0, 50%=-199.5, 75%=-190.0, 90%=-183.0, 95%=-178.0, 98%=-172.97999572753906
ranking_best_algo: Tabu
ranking_best_score: 208.36000000000004
ranking_my_rank: 52/504 (89.9%)
ranking_my_percent: 89.88095238095238
