ConfigName: kjsd__advperagentrankweighted__M3__L16__eps0p007__g0p001__ds0p1__dm0p1
Problem: QUBO
Kernel: jsd
Advantage: peragentrankweighted
M: 3
lambda: 16
epsilon_svgd: 0.007
gamma: 0.001
decay_start_ratio: 0.1
decay_min_factor: 0.1
bandwith_kernel: None
no_interact: False
avg_score: -2593.3798828125
median_score: -2587.5
std_score: 120.76445770263672
percentiles: 2%=-2809.300048828125, 5%=-2803.14990234375, 10%=-2781.300048828125, 25%=-2671.75, 50%=-2587.5, 75%=-2500.0, 90%=-2438.89990234375, 95%=-2425.0, 98%=-2387.919921875
ranking_best_algo: SVM1MetaModelLogNormal
ranking_best_score: 2605.14
ranking_my_rank: 10/504 (98.2%)
ranking_my_percent: 98.21428571428571
