ConfigName: kfr__advglobalrankweighted__M4__L13__eps0p03__g0p001__ds0p01__dm0p01
Problem: NK
Kernel: fr
Advantage: globalrankweighted
M: 4
lambda: 13
epsilon_svgd: 0.03
gamma: 0.001
decay_start_ratio: 0.01
decay_min_factor: 0.01
bandwith_kernel: None
no_interact: False
avg_score: 0.7475330233573914
median_score: 0.7481564283370972
std_score: 0.014425837434828281
percentiles: 2%=0.721921443939209, 5%=0.7259675860404968, 10%=0.7294442057609558, 25%=0.7363561987876892, 50%=0.7481564283370972, 75%=0.7555842399597168, 90%=0.7674170732498169, 95%=0.773270845413208, 98%=0.778900682926178
ranking_best_algo: Tabu
ranking_best_score: 0.7657846284375001
ranking_my_rank: 35/504 (93.3%)
ranking_my_percent: 93.25396825396825
