ConfigName: krbf__advnormalizedfitness__M4__L12__eps0p015__g0p005__ds0p3__dm0p01
Problem: QUBO
Kernel: rbf
Advantage: normalizedfitness
M: 4
lambda: 12
epsilon_svgd: 0.015
gamma: 0.005
decay_start_ratio: 0.3
decay_min_factor: 0.01
bandwith_kernel: None
no_interact: False
avg_score: -2185.419921875
median_score: -2154.0
std_score: 160.5283203125
percentiles: 2%=-2498.300048828125, 5%=-2477.75, 10%=-2410.300048828125, 25%=-2275.0, 50%=-2154.0, 75%=-2083.0, 90%=-1987.9000244140625, 95%=-1955.550048828125, 98%=-1924.0
ranking_best_algo: SVM1MetaModelLogNormal
ranking_best_score: 2605.14
ranking_my_rank: 191/504 (62.3%)
ranking_my_percent: 62.301587301587304
