ConfigName: kjsd__advperagentrankweighted__M4__L20__eps0p007__g0p0005__ds0p05__dm0p2
Problem: QUBO
Kernel: jsd
Advantage: peragentrankweighted
M: 4
lambda: 20
epsilon_svgd: 0.007
gamma: 0.0005
decay_start_ratio: 0.05
decay_min_factor: 0.2
bandwith_kernel: None
no_interact: False
avg_score: -443.20001220703125
median_score: -447.5
std_score: 23.971649169921875
percentiles: 2%=-485.0, 5%=-479.1000061035156, 10%=-472.1000061035156, 25%=-462.0, 50%=-447.5, 75%=-424.75, 90%=-410.0, 95%=-401.8999938964844, 98%=-389.94000244140625
ranking_best_algo: CMApara
ranking_best_score: 453.82
ranking_my_rank: 8/504 (98.6%)
ranking_my_percent: 98.61111111111111
