ConfigName: kfr__advglobalrankweighted__M3__L9__eps0p01__g0p003__ds0p01__dm0p01
Problem: QUBO
Kernel: fr
Advantage: globalrankweighted
M: 3
lambda: 9
epsilon_svgd: 0.01
gamma: 0.003
decay_start_ratio: 0.01
decay_min_factor: 0.01
bandwith_kernel: None
no_interact: False
avg_score: -2566.56005859375
median_score: -2559.0
std_score: 114.1469497680664
percentiles: 2%=-2804.320068359375, 5%=-2749.14990234375, 10%=-2734.39990234375, 25%=-2649.0, 50%=-2559.0, 75%=-2488.0, 90%=-2403.300048828125, 95%=-2381.89990234375, 98%=-2359.919921875
ranking_best_algo: SVM1MetaModelLogNormal
ranking_best_score: 2605.14
ranking_my_rank: 15/504 (97.2%)
ranking_my_percent: 97.22222222222223
