ConfigName: kjsd__advperagentrankweighted__M3__L20__eps0p007__g0p001__ds0p1__dm0p1
Problem: NK
Kernel: jsd
Advantage: peragentrankweighted
M: 3
lambda: 20
epsilon_svgd: 0.007
gamma: 0.001
decay_start_ratio: 0.1
decay_min_factor: 0.1
bandwith_kernel: None
no_interact: False
avg_score: 0.7380640506744385
median_score: 0.7391781806945801
std_score: 0.009040053002536297
percentiles: 2%=0.7194273471832275, 5%=0.7227223515510559, 10%=0.7251794934272766, 25%=0.7319703698158264, 50%=0.7391781806945801, 75%=0.7438356876373291, 90%=0.7486265897750854, 95%=0.7533579468727112, 98%=0.7539668679237366
ranking_best_algo: PBIL
ranking_best_score: 0.730509098125
ranking_my_rank: 1/504 (100.0%)
ranking_my_percent: 100.0
