ConfigName: kfr__advglobalrankweighted__M4__L5__eps0p06__g0p007__ds0p01__dm0p01
Problem: NK
Kernel: fr
Advantage: globalrankweighted
M: 4
lambda: 5
epsilon_svgd: 0.06
gamma: 0.007
decay_start_ratio: 0.01
decay_min_factor: 0.01
bandwith_kernel: None
no_interact: False
avg_score: 0.7111043334007263
median_score: 0.6971379518508911
std_score: 0.03152475133538246
percentiles: 2%=0.6735799908638, 5%=0.6751208901405334, 10%=0.6771544814109802, 25%=0.6824374794960022, 50%=0.6971379518508911, 75%=0.7468891739845276, 90%=0.7525893449783325, 95%=0.7613165378570557, 98%=0.7613165378570557
ranking_best_algo: CMApara
ranking_best_score: 0.7118996098437498
ranking_my_rank: 6/504 (99.0%)
ranking_my_percent: 99.0079365079365
