ConfigName: kfr__advglobalrankweighted__M3__L8__eps0p015__g0p007__ds0p01__dm0p01
Problem: QUBO
Kernel: fr
Advantage: globalrankweighted
M: 3
lambda: 8
epsilon_svgd: 0.015
gamma: 0.007
decay_start_ratio: 0.01
decay_min_factor: 0.01
bandwith_kernel: None
no_interact: False
avg_score: -147.5399932861328
median_score: -146.0
std_score: 13.618678092956543
percentiles: 2%=-179.0, 5%=-179.0, 10%=-164.0, 25%=-155.0, 50%=-146.0, 75%=-137.0, 90%=-131.0, 95%=-127.95000457763672, 98%=-124.95999145507812
ranking_best_algo: CMApara
ranking_best_score: 154.28
ranking_my_rank: 95/504 (81.3%)
ranking_my_percent: 81.34920634920636
