ConfigName: kjsd__advperagentrankweighted__M3__L20__eps0p007__g0p0005__ds0p2__dm0p2
Problem: QUBO
Kernel: jsd
Advantage: peragentrankweighted
M: 3
lambda: 20
epsilon_svgd: 0.007
gamma: 0.0005
decay_start_ratio: 0.2
decay_min_factor: 0.2
bandwith_kernel: None
no_interact: False
avg_score: -1304.300048828125
median_score: -1305.5
std_score: 59.13653564453125
percentiles: 2%=-1428.06005859375, 5%=-1393.0999755859375, 10%=-1371.199951171875, 25%=-1346.5, 50%=-1305.5, 75%=-1265.0, 90%=-1232.4000244140625, 95%=-1211.75, 98%=-1184.9200439453125
ranking_best_algo: BigLognormalDiscreteOnePlusOne
ranking_best_score: 1301.3600000000004
ranking_my_rank: 1/504 (100.0%)
ranking_my_percent: 100.0
