ConfigName: kjsd__advperagentrankweighted__M3__L18__eps0p01__g0p001__ds0p2__dm0p2
Problem: QUBO
Kernel: jsd
Advantage: peragentrankweighted
M: 3
lambda: 18
epsilon_svgd: 0.01
gamma: 0.001
decay_start_ratio: 0.2
decay_min_factor: 0.2
bandwith_kernel: None
no_interact: False
avg_score: -577.8400268554688
median_score: -575.0
std_score: 26.796537399291992
percentiles: 2%=-635.2000122070312, 5%=-621.4500122070312, 10%=-613.7999877929688, 25%=-594.25, 50%=-575.0, 75%=-557.0, 90%=-546.0, 95%=-540.0, 98%=-536.6199951171875
ranking_best_algo: Tabu
ranking_best_score: 588.7199999999999
ranking_my_rank: 42/503 (91.8%)
ranking_my_percent: 91.84890656063618
