ConfigName: kjsd__advperagentrankweighted__M3__L16__eps0p005__g0p0007__ds0p2__dm0p2
Problem: QUBO
Kernel: jsd
Advantage: peragentrankweighted
M: 3
lambda: 16
epsilon_svgd: 0.005
gamma: 0.0007
decay_start_ratio: 0.2
decay_min_factor: 0.2
bandwith_kernel: None
no_interact: False
avg_score: -139.0399932861328
median_score: -141.0
std_score: 11.028979301452637
percentiles: 2%=-157.05999755859375, 5%=-156.0, 10%=-153.1999969482422, 25%=-146.0, 50%=-141.0, 75%=-131.0, 90%=-124.80000305175781, 95%=-123.0, 98%=-115.94000244140625
ranking_best_algo: DiscreteDE
ranking_best_score: 143.4
ranking_my_rank: 93/504 (81.7%)
ranking_my_percent: 81.74603174603175
