ConfigName: kjsd__advperagentrankweighted__M3__L20__eps0p007__g0p001__ds0p1__dm0p1
Problem: QUBO
Kernel: jsd
Advantage: peragentrankweighted
M: 3
lambda: 20
epsilon_svgd: 0.007
gamma: 0.001
decay_start_ratio: 0.1
decay_min_factor: 0.1
bandwith_kernel: None
no_interact: False
avg_score: -331.1400146484375
median_score: -337.5
std_score: 21.208969116210938
percentiles: 2%=-372.0, 5%=-357.20001220703125, 10%=-354.0, 25%=-346.0, 50%=-337.5, 75%=-320.0, 90%=-297.79998779296875, 95%=-291.8999938964844, 98%=-278.9800109863281
ranking_best_algo: CMApara
ranking_best_score: 344.22
ranking_my_rank: 77/504 (84.9%)
ranking_my_percent: 84.92063492063492
