ConfigName: kjsd__advperagentrankweighted__M4__L8__eps0p02__g0p0003__ds0p2__dm0p05
Problem: QUBO
Kernel: jsd
Advantage: peragentrankweighted
M: 4
lambda: 8
epsilon_svgd: 0.02
gamma: 0.0003
decay_start_ratio: 0.2
decay_min_factor: 0.05
bandwith_kernel: None
no_interact: False
avg_score: -324.1000061035156
median_score: -324.0
std_score: 23.593006134033203
percentiles: 2%=-372.0, 5%=-366.20001220703125, 10%=-350.3999938964844, 25%=-340.0, 50%=-324.0, 75%=-305.5, 90%=-294.0, 95%=-289.79998779296875, 98%=-277.9800109863281
ranking_best_algo: CMApara
ranking_best_score: 344.22
ranking_my_rank: 126/504 (75.2%)
ranking_my_percent: 75.1984126984127
