ConfigName: kjsd__advperagentrankweighted__M3__L18__eps0p01__g0p003__ds0p05__dm0p2
Problem: QUBO
Kernel: jsd
Advantage: peragentrankweighted
M: 3
lambda: 18
epsilon_svgd: 0.01
gamma: 0.003
decay_start_ratio: 0.05
decay_min_factor: 0.2
bandwith_kernel: None
no_interact: False
avg_score: -1182.5799560546875
median_score: -1172.0
std_score: 72.97152709960938
percentiles: 2%=-1354.4200439453125, 5%=-1313.300048828125, 10%=-1283.4000244140625, 25%=-1226.75, 50%=-1172.0, 75%=-1133.0, 90%=-1089.300048828125, 95%=-1077.5, 98%=-1060.8800048828125
ranking_best_algo: SVMMetaModelLogNormal
ranking_best_score: 1233.7999999999997
ranking_my_rank: 63/504 (87.7%)
ranking_my_percent: 87.6984126984127
