ConfigName: kjsd__advperagentrankweighted__M4__L20__eps0p007__g0p0005__ds0p2__dm0p2
Problem: NK
Kernel: jsd
Advantage: peragentrankweighted
M: 4
lambda: 20
epsilon_svgd: 0.007
gamma: 0.0005
decay_start_ratio: 0.2
decay_min_factor: 0.2
bandwith_kernel: None
no_interact: False
avg_score: 0.7486367225646973
median_score: 0.7490395307540894
std_score: 0.01044198963791132
percentiles: 2%=0.7283366322517395, 5%=0.7315131425857544, 10%=0.7342167496681213, 25%=0.7418559789657593, 50%=0.7490395307540894, 75%=0.7563956379890442, 90%=0.7626339197158813, 95%=0.7641940116882324, 98%=0.7664898037910461
ranking_best_algo: PBIL
ranking_best_score: 0.733570253046875
ranking_my_rank: 1/504 (100.0%)
ranking_my_percent: 100.0
