ConfigName: krbf__advnormalizedfitness__M1__L10__eps0p015__g0p005__ds0p3__dm0p01
Problem: QUBO
Kernel: rbf
Advantage: normalizedfitness
M: 1
lambda: 10
epsilon_svgd: 0.015
gamma: 0.005
decay_start_ratio: 0.3
decay_min_factor: 0.01
bandwith_kernel: None
no_interact: False
avg_score: -427.79998779296875
median_score: -430.5
std_score: 30.138347625732422
percentiles: 2%=-481.1600036621094, 5%=-472.0, 10%=-467.0, 25%=-452.0, 50%=-430.5, 75%=-409.75, 90%=-388.70001220703125, 95%=-380.8000183105469, 98%=-363.89996337890625
ranking_best_algo: CMApara
ranking_best_score: 453.82
ranking_my_rank: 100/504 (80.4%)
ranking_my_percent: 80.35714285714286
