ConfigName: krbf__advglobalrankweighted__M4__L11__eps0p02__g0p007__ds0p01__dm0p01
Problem: QUBO
Kernel: rbf
Advantage: globalrankweighted
M: 4
lambda: 11
epsilon_svgd: 0.02
gamma: 0.007
decay_start_ratio: 0.01
decay_min_factor: 0.01
bandwith_kernel: None
no_interact: False
avg_score: -2551.639892578125
median_score: -2558.5
std_score: 145.1309356689453
percentiles: 2%=-2825.43994140625, 5%=-2796.64990234375, 10%=-2737.89990234375, 25%=-2656.25, 50%=-2558.5, 75%=-2437.75, 90%=-2391.0, 95%=-2319.60009765625, 98%=-2288.85986328125
ranking_best_algo: DiscreteLengler2OnePlusOne
ranking_best_score: 2617.04
ranking_my_rank: 55/504 (89.3%)
ranking_my_percent: 89.28571428571429
