ConfigName: kjsd__advperagentrankweighted__M3__L16__eps0p007__g0p0007__ds0p2__dm0p1
Problem: QUBO
Kernel: jsd
Advantage: peragentrankweighted
M: 3
lambda: 16
epsilon_svgd: 0.007
gamma: 0.0007
decay_start_ratio: 0.2
decay_min_factor: 0.1
bandwith_kernel: None
no_interact: False
avg_score: -2600.39990234375
median_score: -2589.0
std_score: 113.8024673461914
percentiles: 2%=-2868.10009765625, 5%=-2821.60009765625, 10%=-2741.60009765625, 25%=-2666.0, 50%=-2589.0, 75%=-2517.75, 90%=-2461.39990234375, 95%=-2434.85009765625, 98%=-2409.679931640625
ranking_best_algo: SVM1MetaModelLogNormal
ranking_best_score: 2605.14
ranking_my_rank: 2/504 (99.8%)
ranking_my_percent: 99.8015873015873
