ConfigName: krbf__advnormalizedfitness__M3__L8__eps0p025__g0p015__ds0p3__dm0p01
Problem: QUBO
Kernel: rbf
Advantage: normalizedfitness
M: 3
lambda: 8
epsilon_svgd: 0.025
gamma: 0.015
decay_start_ratio: 0.3
decay_min_factor: 0.01
bandwith_kernel: None
no_interact: False
avg_score: -2485.860107421875
median_score: -2475.5
std_score: 166.25636291503906
percentiles: 2%=-2819.10009765625, 5%=-2757.35009765625, 10%=-2718.39990234375, 25%=-2621.5, 50%=-2475.5, 75%=-2387.25, 90%=-2276.0, 95%=-2212.550048828125, 98%=-2167.52001953125
ranking_best_algo: DiscreteLengler2OnePlusOne
ranking_best_score: 2617.04
ranking_my_rank: 79/504 (84.5%)
ranking_my_percent: 84.52380952380952
