ConfigName: kjsd__advperagentrankweighted__M3__L20__eps0p007__g0p0007__ds0p05__dm0p05
Problem: QUBO
Kernel: jsd
Advantage: peragentrankweighted
M: 3
lambda: 20
epsilon_svgd: 0.007
gamma: 0.0007
decay_start_ratio: 0.05
decay_min_factor: 0.05
bandwith_kernel: None
no_interact: False
avg_score: -198.77999877929688
median_score: -201.0
std_score: 13.861875534057617
percentiles: 2%=-224.0, 5%=-222.0, 10%=-218.0, 25%=-207.0, 50%=-201.0, 75%=-187.0, 90%=-180.89999389648438, 95%=-175.75, 98%=-169.0
ranking_best_algo: Tabu
ranking_best_score: 208.36000000000004
ranking_my_rank: 91/504 (82.1%)
ranking_my_percent: 82.14285714285714
