ConfigName: kjsd__advperagentrankweighted__M3__L30__eps0p007__g0p001__ds0p05__dm0p1
Problem: QUBO
Kernel: jsd
Advantage: peragentrankweighted
M: 3
lambda: 30
epsilon_svgd: 0.007
gamma: 0.001
decay_start_ratio: 0.05
decay_min_factor: 0.1
bandwith_kernel: None
no_interact: False
avg_score: -1303.43994140625
median_score: -1300.5
std_score: 51.60296630859375
percentiles: 2%=-1423.3199462890625, 5%=-1383.199951171875, 10%=-1369.4000244140625, 25%=-1335.25, 50%=-1300.5, 75%=-1265.25, 90%=-1242.699951171875, 95%=-1227.0, 98%=-1220.52001953125
ranking_best_algo: BigLognormalDiscreteOnePlusOne
ranking_best_score: 1301.3600000000004
ranking_my_rank: 1/504 (100.0%)
ranking_my_percent: 100.0
