ConfigName: krbf__advnormalizedfitness__M3__L10__eps0p015__g0p007__ds0p3__dm0p01
Problem: QUBO
Kernel: rbf
Advantage: normalizedfitness
M: 3
lambda: 10
epsilon_svgd: 0.015
gamma: 0.007
decay_start_ratio: 0.3
decay_min_factor: 0.01
bandwith_kernel: None
no_interact: False
avg_score: -2468.93994140625
median_score: -2467.5
std_score: 160.61880493164062
percentiles: 2%=-2757.159912109375, 5%=-2746.050048828125, 10%=-2680.300048828125, 25%=-2590.75, 50%=-2467.5, 75%=-2374.75, 90%=-2258.5, 95%=-2187.89990234375, 98%=-2132.4599609375
ranking_best_algo: DiscreteLengler2OnePlusOne
ranking_best_score: 2617.04
ranking_my_rank: 84/504 (83.5%)
ranking_my_percent: 83.53174603174604
