ConfigName: kjsd__advperagentrankweighted__M3__L18__eps0p01__g0p001__ds0p05__dm0p1
Problem: QUBO
Kernel: jsd
Advantage: peragentrankweighted
M: 3
lambda: 18
epsilon_svgd: 0.01
gamma: 0.001
decay_start_ratio: 0.05
decay_min_factor: 0.1
bandwith_kernel: None
no_interact: False
avg_score: -412.3399963378906
median_score: -415.5
std_score: 27.604427337646484
percentiles: 2%=-459.0400085449219, 5%=-454.0, 10%=-447.5, 25%=-430.75, 50%=-415.5, 75%=-391.5, 90%=-373.79998779296875, 95%=-363.8999938964844, 98%=-360.94000244140625
ranking_best_algo: Tabu
ranking_best_score: 438.12
ranking_my_rank: 70/504 (86.3%)
ranking_my_percent: 86.30952380952381
