ConfigName: krbf__advnormalizedfitness__M4__L8__eps0p03__g0p01__ds0p05__dm0p05
Problem: NK
Kernel: rbf
Advantage: normalizedfitness
M: 4
lambda: 8
epsilon_svgd: 0.03
gamma: 0.01
decay_start_ratio: 0.05
decay_min_factor: 0.05
bandwith_kernel: None
no_interact: False
avg_score: 0.7108106017112732
median_score: 0.7114561796188354
std_score: 0.015081618912518024
percentiles: 2%=0.6736372113227844, 5%=0.6739691495895386, 10%=0.6970802545547485, 25%=0.707493245601654, 50%=0.7114561796188354, 75%=0.7199655771255493, 90%=0.7255419492721558, 95%=0.7327829599380493, 98%=0.7337243556976318
ranking_best_algo: CMApara
ranking_best_score: 0.707475975
ranking_my_rank: 1/504 (100.0%)
ranking_my_percent: 100.0
