ConfigName: krbf__advnormalizedfitness__M4__L10__eps0p01__g0p002__ds0p05__dm0p05
Problem: QUBO
Kernel: rbf
Advantage: normalizedfitness
M: 4
lambda: 10
epsilon_svgd: 0.01
gamma: 0.002
decay_start_ratio: 0.05
decay_min_factor: 0.05
bandwith_kernel: None
no_interact: False
avg_score: -934.760009765625
median_score: -931.0
std_score: 61.29439163208008
percentiles: 2%=-1060.06005859375, 5%=-1050.300048828125, 10%=-1017.2999877929688, 25%=-973.25, 50%=-931.0, 75%=-886.25, 90%=-862.4000244140625, 95%=-846.7999877929688, 98%=-822.9199829101562
ranking_best_algo: CMApara
ranking_best_score: 964.9
ranking_my_rank: 16/504 (97.0%)
ranking_my_percent: 97.02380952380952
