ConfigName: kfr__advglobalrankweighted__M2__L7__eps0p02__g0p007__ds0p01__dm0p01
Problem: QUBO
Kernel: fr
Advantage: globalrankweighted
M: 2
lambda: 7
epsilon_svgd: 0.02
gamma: 0.007
decay_start_ratio: 0.01
decay_min_factor: 0.01
bandwith_kernel: None
no_interact: False
avg_score: -2619.820068359375
median_score: -2621.5
std_score: 126.56352996826172
percentiles: 2%=-2859.239990234375, 5%=-2829.64990234375, 10%=-2802.199951171875, 25%=-2693.0, 50%=-2621.5, 75%=-2533.5, 90%=-2445.5, 95%=-2419.5, 98%=-2403.9599609375
ranking_best_algo: DiscreteLengler2OnePlusOne
ranking_best_score: 2617.04
ranking_my_rank: 1/504 (100.0%)
ranking_my_percent: 100.0
