ConfigName: kjsd__advperagentrankweighted__M4__L30__eps0p005__g0p0007__ds0p2__dm0p05
Problem: NK
Kernel: jsd
Advantage: peragentrankweighted
M: 4
lambda: 30
epsilon_svgd: 0.005
gamma: 0.0007
decay_start_ratio: 0.2
decay_min_factor: 0.05
bandwith_kernel: None
no_interact: False
avg_score: 0.7451937794685364
median_score: 0.7423104643821716
std_score: 0.0289604552090168
percentiles: 2%=0.699616551399231, 5%=0.7048181891441345, 10%=0.710507333278656, 25%=0.7264618873596191, 50%=0.7423104643821716, 75%=0.7601335048675537, 90%=0.7783373594284058, 95%=0.8068645596504211, 98%=0.8118547797203064
ranking_best_algo: CMApara
ranking_best_score: 0.7459277895312499
ranking_my_rank: 2/504 (99.8%)
ranking_my_percent: 99.8015873015873
