ConfigName: kjsd__advperagentrankweighted__M4__L24__eps0p01__g0p0007__ds0p05__dm0p05
Problem: NK
Kernel: jsd
Advantage: peragentrankweighted
M: 4
lambda: 24
epsilon_svgd: 0.01
gamma: 0.0007
decay_start_ratio: 0.05
decay_min_factor: 0.05
bandwith_kernel: None
no_interact: False
avg_score: 0.7145169377326965
median_score: 0.7136213183403015
std_score: 0.008463773876428604
percentiles: 2%=0.7016607522964478, 5%=0.7028395533561707, 10%=0.7041863203048706, 25%=0.7080403566360474, 50%=0.7136213183403015, 75%=0.7194937467575073, 90%=0.7253358960151672, 95%=0.7286146879196167, 98%=0.7342545986175537
ranking_best_algo: PBIL
ranking_best_score: 0.7170882103515624
ranking_my_rank: 40/504 (92.3%)
ranking_my_percent: 92.26190476190476
