ConfigName: kjsd__advperagentrankweighted__M3__L24__eps0p007__g0p001__ds0p2__dm0p05
Problem: QUBO
Kernel: jsd
Advantage: peragentrankweighted
M: 3
lambda: 24
epsilon_svgd: 0.007
gamma: 0.001
decay_start_ratio: 0.2
decay_min_factor: 0.05
bandwith_kernel: None
no_interact: False
avg_score: -3289.4599609375
median_score: -3287.0
std_score: 111.362060546875
percentiles: 2%=-3492.0, 5%=-3465.0, 10%=-3446.10009765625, 25%=-3363.5, 50%=-3287.0, 75%=-3209.25, 90%=-3156.300048828125, 95%=-3115.64990234375, 98%=-3089.9599609375
ranking_best_algo: RLSOnePlusOne
ranking_best_score: 3316.5199999999995
ranking_my_rank: 3/504 (99.6%)
ranking_my_percent: 99.60317460317461
