ConfigName: kjsd__advperagentrankweighted__M4__L24__eps0p02__g0p0007__ds0p05__dm0p05
Problem: QUBO
Kernel: jsd
Advantage: peragentrankweighted
M: 4
lambda: 24
epsilon_svgd: 0.02
gamma: 0.0007
decay_start_ratio: 0.05
decay_min_factor: 0.05
bandwith_kernel: None
no_interact: False
avg_score: -1627.0
median_score: -1627.0
std_score: 47.39641189575195
percentiles: 2%=-1727.199951171875, 5%=-1712.3499755859375, 10%=-1688.0999755859375, 25%=-1657.25, 50%=-1627.0, 75%=-1598.5, 90%=-1561.0, 95%=-1556.300048828125, 98%=-1535.0
ranking_best_algo: NLOPT_LN_PRAXIS
ranking_best_score: 1607.12
ranking_my_rank: 1/504 (100.0%)
ranking_my_percent: 100.0
