ConfigName: kjsd__advperagentrankweighted__M4__L12__eps0p02__g0p0007__ds0p05__dm0p05
Problem: NK
Kernel: jsd
Advantage: peragentrankweighted
M: 4
lambda: 12
epsilon_svgd: 0.02
gamma: 0.0007
decay_start_ratio: 0.05
decay_min_factor: 0.05
bandwith_kernel: None
no_interact: False
avg_score: 0.7054293155670166
median_score: 0.7070226073265076
std_score: 0.011846727691590786
percentiles: 2%=0.6845548748970032, 5%=0.6860201358795166, 10%=0.6895701885223389, 25%=0.6946687698364258, 50%=0.7070226073265076, 75%=0.7156296968460083, 90%=0.7190450429916382, 95%=0.7213208675384521, 98%=0.7236447334289551
ranking_best_algo: PBIL
ranking_best_score: 0.7013553837109374
ranking_my_rank: 1/504 (100.0%)
ranking_my_percent: 100.0
