ConfigName: kjsd__advperagentrankweighted__M3__L18__eps0p01__g0p001__ds0p1__dm0p1
Problem: QUBO
Kernel: jsd
Advantage: peragentrankweighted
M: 3
lambda: 18
epsilon_svgd: 0.01
gamma: 0.001
decay_start_ratio: 0.1
decay_min_factor: 0.1
bandwith_kernel: None
no_interact: False
avg_score: -428.3800048828125
median_score: -427.5
std_score: 31.15277862548828
percentiles: 2%=-483.0, 5%=-477.1000061035156, 10%=-471.0, 25%=-445.25, 50%=-427.5, 75%=-413.75, 90%=-388.20001220703125, 95%=-375.6000061035156, 98%=-351.8399963378906
ranking_best_algo: CMAL3
ranking_best_score: 435.36
ranking_my_rank: 15/504 (97.2%)
ranking_my_percent: 97.22222222222223
