ConfigName: kjsd__advperagentrankweighted__M3__L24__eps0p005__g0p0005__ds0p05__dm0p1
Problem: QUBO
Kernel: jsd
Advantage: peragentrankweighted
M: 3
lambda: 24
epsilon_svgd: 0.005
gamma: 0.0005
decay_start_ratio: 0.05
decay_min_factor: 0.1
bandwith_kernel: None
no_interact: False
avg_score: -937.6400146484375
median_score: -946.0
std_score: 71.36056518554688
percentiles: 2%=-1068.1600341796875, 5%=-1056.25, 10%=-1037.5999755859375, 25%=-982.5, 50%=-946.0, 75%=-885.75, 90%=-840.5999755859375, 95%=-818.9000244140625, 98%=-800.9199829101562
ranking_best_algo: CMApara
ranking_best_score: 964.9
ranking_my_rank: 8/504 (98.6%)
ranking_my_percent: 98.61111111111111
