ConfigName: krbf__advnormalizedfitness__M4__L15__eps0p015__g0p015__ds0p3__dm0p01
Problem: NK
Kernel: rbf
Advantage: normalizedfitness
M: 4
lambda: 15
epsilon_svgd: 0.015
gamma: 0.015
decay_start_ratio: 0.3
decay_min_factor: 0.01
bandwith_kernel: None
no_interact: False
avg_score: 0.6508124470710754
median_score: 0.6538679599761963
std_score: 0.01239872258156538
percentiles: 2%=0.6283048391342163, 5%=0.6306852102279663, 10%=0.6352481842041016, 25%=0.6390157341957092, 50%=0.6538679599761963, 75%=0.660578727722168, 90%=0.6650847792625427, 95%=0.6691421270370483, 98%=0.669879138469696
ranking_best_algo: PBIL
ranking_best_score: 0.7013553837109374
ranking_my_rank: 257/504 (49.2%)
ranking_my_percent: 49.20634920634921
