ConfigName: krbf__advnormalizedfitness__M4__L15__eps0p015__g0p007__ds0p01__dm0p01
Problem: QUBO
Kernel: rbf
Advantage: normalizedfitness
M: 4
lambda: 15
epsilon_svgd: 0.015
gamma: 0.007
decay_start_ratio: 0.01
decay_min_factor: 0.01
bandwith_kernel: None
no_interact: False
avg_score: -329.1000061035156
median_score: -334.0
std_score: 21.69400978088379
percentiles: 2%=-370.0400085449219, 5%=-362.20001220703125, 10%=-350.0, 25%=-342.0, 50%=-334.0, 75%=-320.0, 90%=-304.0, 95%=-290.4500427246094, 98%=-275.8799743652344
ranking_best_algo: CMApara
ranking_best_score: 344.22
ranking_my_rank: 83/504 (83.7%)
ranking_my_percent: 83.73015873015873
