ConfigName: kjsd__advperagentrankweighted__M5__L8__eps0p01__g0p0005__ds0p05__dm0p2
Problem: NK
Kernel: jsd
Advantage: peragentrankweighted
M: 5
lambda: 8
epsilon_svgd: 0.01
gamma: 0.0005
decay_start_ratio: 0.05
decay_min_factor: 0.2
bandwith_kernel: None
no_interact: False
avg_score: 0.7277794480323792
median_score: 0.7270262241363525
std_score: 0.008780073374509811
percentiles: 2%=0.7097891569137573, 5%=0.7146165370941162, 10%=0.7182055115699768, 25%=0.7219696044921875, 50%=0.7270262241363525, 75%=0.7338509559631348, 90%=0.7392129898071289, 95%=0.7423797249794006, 98%=0.7449648380279541
ranking_best_algo: Tabu
ranking_best_score: 0.7429702712499999
ranking_my_rank: 2/504 (99.8%)
ranking_my_percent: 99.8015873015873
