ConfigName: kjsd__advperagentrankweighted__M4__L12__eps0p005__g0p0005__ds0p2__dm0p05
Problem: QUBO
Kernel: jsd
Advantage: peragentrankweighted
M: 4
lambda: 12
epsilon_svgd: 0.005
gamma: 0.0005
decay_start_ratio: 0.2
decay_min_factor: 0.05
bandwith_kernel: None
no_interact: False
avg_score: -1632.43994140625
median_score: -1632.0
std_score: 55.36484909057617
percentiles: 2%=-1741.1199951171875, 5%=-1718.199951171875, 10%=-1708.300048828125, 25%=-1666.25, 50%=-1632.0, 75%=-1600.75, 90%=-1564.9000244140625, 95%=-1536.9000244140625, 98%=-1502.9599609375
ranking_best_algo: NLOPT_LN_PRAXIS
ranking_best_score: 1607.12
ranking_my_rank: 1/504 (100.0%)
ranking_my_percent: 100.0
