ConfigName: kjsd__advperagentrankweighted__M4__L10__eps0p03__g0p0005__ds0p05__dm0p05
Problem: QUBO
Kernel: jsd
Advantage: peragentrankweighted
M: 4
lambda: 10
epsilon_svgd: 0.03
gamma: 0.0005
decay_start_ratio: 0.05
decay_min_factor: 0.05
bandwith_kernel: None
no_interact: False
avg_score: -2562.0400390625
median_score: -2552.5
std_score: 114.74422454833984
percentiles: 2%=-2795.280029296875, 5%=-2776.25, 10%=-2710.10009765625, 25%=-2637.25, 50%=-2552.5, 75%=-2480.0, 90%=-2437.800048828125, 95%=-2365.85009765625, 98%=-2308.9599609375
ranking_best_algo: DiscreteLengler2OnePlusOne
ranking_best_score: 2617.04
ranking_my_rank: 52/504 (89.9%)
ranking_my_percent: 89.88095238095238
