ConfigName: krbf__advnormalizedfitness__M4__L10__eps0p015__g0p015__ds0p01__dm0p3
Problem: QUBO
Kernel: rbf
Advantage: normalizedfitness
M: 4
lambda: 10
epsilon_svgd: 0.015
gamma: 0.015
decay_start_ratio: 0.01
decay_min_factor: 0.3
bandwith_kernel: None
no_interact: False
avg_score: -148.5800018310547
median_score: -147.0
std_score: 18.902477264404297
percentiles: 2%=-190.02000427246094, 5%=-183.0500030517578, 10%=-173.1999969482422, 25%=-162.25, 50%=-147.0, 75%=-136.25, 90%=-125.9000015258789, 95%=-117.95000457763672, 98%=-113.91998291015625
ranking_best_algo: Tabu
ranking_best_score: 208.36000000000004
ranking_my_rank: 359/504 (29.0%)
ranking_my_percent: 28.96825396825397
