ConfigName: krbf__advnormalizedfitness__M2__L10__eps0p015__g0p01__ds0p15__dm0p3
Problem: QUBO
Kernel: rbf
Advantage: normalizedfitness
M: 2
lambda: 10
epsilon_svgd: 0.015
gamma: 0.01
decay_start_ratio: 0.15
decay_min_factor: 0.3
bandwith_kernel: None
no_interact: False
avg_score: -571.0599975585938
median_score: -567.0
std_score: 29.52755355834961
percentiles: 2%=-633.1199951171875, 5%=-619.2000122070312, 10%=-611.2000122070312, 25%=-591.25, 50%=-567.0, 75%=-550.75, 90%=-536.0, 95%=-529.8499755859375, 98%=-522.6400146484375
ranking_best_algo: Tabu
ranking_best_score: 588.7199999999999
ranking_my_rank: 62/503 (87.9%)
ranking_my_percent: 87.8727634194831
