ConfigName: kjsd__advperagentrankweighted__M3__L18__eps0p005__g0p0005__ds0p2__dm0p05
Problem: NK
Kernel: jsd
Advantage: peragentrankweighted
M: 3
lambda: 18
epsilon_svgd: 0.005
gamma: 0.0005
decay_start_ratio: 0.2
decay_min_factor: 0.05
bandwith_kernel: None
no_interact: False
avg_score: 0.7355784773826599
median_score: 0.7364323139190674
std_score: 0.008784282021224499
percentiles: 2%=0.7171434164047241, 5%=0.7186471819877625, 10%=0.7219984531402588, 25%=0.7308758497238159, 50%=0.7364323139190674, 75%=0.7418726086616516, 90%=0.7458847761154175, 95%=0.7478441596031189, 98%=0.7503782510757446
ranking_best_algo: PBIL
ranking_best_score: 0.7248786399609374
ranking_my_rank: 1/504 (100.0%)
ranking_my_percent: 100.0
