ConfigName: kjsd__advperagentrankweighted__M6__L12__eps0p005__g0p0005__ds0p3__dm0p05
Problem: NK
Kernel: jsd
Advantage: peragentrankweighted
M: 6
lambda: 12
epsilon_svgd: 0.005
gamma: 0.0005
decay_start_ratio: 0.3
decay_min_factor: 0.05
bandwith_kernel: None
no_interact: False
avg_score: 0.7240539789199829
median_score: 0.721459150314331
std_score: 0.014171544462442398
percentiles: 2%=0.6983206868171692, 5%=0.7046236395835876, 10%=0.7073626518249512, 25%=0.7143847942352295, 50%=0.721459150314331, 75%=0.7337033152580261, 90%=0.742382287979126, 95%=0.7512790560722351, 98%=0.7578467130661011
ranking_best_algo: Tabu
ranking_best_score: 0.7429702712499999
ranking_my_rank: 4/504 (99.4%)
ranking_my_percent: 99.4047619047619
