ConfigName: kjsd__advperagentrankweighted__M4__L20__eps0p005__g0p0005__ds0p1__dm0p05
Problem: NK
Kernel: jsd
Advantage: peragentrankweighted
M: 4
lambda: 20
epsilon_svgd: 0.005
gamma: 0.0005
decay_start_ratio: 0.1
decay_min_factor: 0.05
bandwith_kernel: None
no_interact: False
avg_score: 0.7102170586585999
median_score: 0.7096149921417236
std_score: 0.008409224450588226
percentiles: 2%=0.6955182552337646, 5%=0.6973485946655273, 10%=0.7000665664672852, 25%=0.7047674059867859, 50%=0.7096149921417236, 75%=0.7160495519638062, 90%=0.7210464477539062, 95%=0.7252483367919922, 98%=0.7301292419433594
ranking_best_algo: PBIL
ranking_best_score: 0.7170882103515624
ranking_my_rank: 48/504 (90.7%)
ranking_my_percent: 90.67460317460318
