ConfigName: krbf__advnormalizedfitness__M4__L8__eps0p025__g0p01__ds0p01__dm0p3
Problem: QUBO
Kernel: rbf
Advantage: normalizedfitness
M: 4
lambda: 8
epsilon_svgd: 0.025
gamma: 0.01
decay_start_ratio: 0.01
decay_min_factor: 0.3
bandwith_kernel: None
no_interact: False
avg_score: -1320.9599609375
median_score: -1337.0
std_score: 133.02444458007812
percentiles: 2%=-1601.06005859375, 5%=-1510.5999755859375, 10%=-1495.0999755859375, 25%=-1427.0, 50%=-1337.0, 75%=-1224.0, 90%=-1143.699951171875, 95%=-1113.4500732421875, 98%=-1093.739990234375
ranking_best_algo: NLOPT_LN_PRAXIS
ranking_best_score: 1607.12
ranking_my_rank: 198/504 (60.9%)
ranking_my_percent: 60.91269841269841
