ConfigName: kjsd__advperagentrankweighted__M5__L24__eps0p03__g0p0005__ds0p2__dm0p05
Problem: QUBO
Kernel: jsd
Advantage: peragentrankweighted
M: 5
lambda: 24
epsilon_svgd: 0.03
gamma: 0.0005
decay_start_ratio: 0.2
decay_min_factor: 0.05
bandwith_kernel: None
no_interact: False
avg_score: -199.9600067138672
median_score: -200.0
std_score: 11.889423370361328
percentiles: 2%=-224.0, 5%=-220.10000610351562, 10%=-216.0, 25%=-207.0, 50%=-200.0, 75%=-192.75, 90%=-185.89999389648438, 95%=-180.0, 98%=-177.86000061035156
ranking_best_algo: Tabu
ranking_best_score: 208.36000000000004
ranking_my_rank: 55/504 (89.3%)
ranking_my_percent: 89.28571428571429
