ConfigName: kfr__advglobalrankweighted__M6__L10__eps0p015__g0p003__ds0p01__dm0p01
Problem: QUBO
Kernel: fr
Advantage: globalrankweighted
M: 6
lambda: 10
epsilon_svgd: 0.015
gamma: 0.003
decay_start_ratio: 0.01
decay_min_factor: 0.01
bandwith_kernel: None
no_interact: False
avg_score: -1137.0
median_score: -1135.5
std_score: 65.25565338134766
percentiles: 2%=-1255.6600341796875, 5%=-1242.1500244140625, 10%=-1226.300048828125, 25%=-1171.5, 50%=-1135.5, 75%=-1104.75, 90%=-1055.4000244140625, 95%=-1022.8500366210938, 98%=-1003.7799682617188
ranking_best_algo: SVMMetaModelLogNormal
ranking_best_score: 1233.7999999999997
ranking_my_rank: 95/504 (81.3%)
ranking_my_percent: 81.34920634920636
