ConfigName: kjsd__advperagentrankweighted__M4__L12__eps0p005__g0p0007__ds0p4__dm0p05
Problem: QUBO
Kernel: jsd
Advantage: peragentrankweighted
M: 4
lambda: 12
epsilon_svgd: 0.005
gamma: 0.0007
decay_start_ratio: 0.4
decay_min_factor: 0.05
bandwith_kernel: None
no_interact: False
avg_score: -578.8800048828125
median_score: -577.0
std_score: 28.12873077392578
percentiles: 2%=-633.1199951171875, 5%=-629.0999755859375, 10%=-619.0999755859375, 25%=-597.0, 50%=-577.0, 75%=-559.0, 90%=-542.9000244140625, 95%=-534.9500122070312, 98%=-523.760009765625
ranking_best_algo: Tabu
ranking_best_score: 588.7199999999999
ranking_my_rank: 41/503 (92.0%)
ranking_my_percent: 92.04771371769384
