ConfigName: kjsd__advperagentrankweighted__M3__L30__eps0p005__g0p001__ds0p2__dm0p1
Problem: QUBO
Kernel: jsd
Advantage: peragentrankweighted
M: 3
lambda: 30
epsilon_svgd: 0.005
gamma: 0.001
decay_start_ratio: 0.2
decay_min_factor: 0.1
bandwith_kernel: None
no_interact: False
avg_score: -1554.1800537109375
median_score: -1559.0
std_score: 83.1491928100586
percentiles: 2%=-1716.4599609375, 5%=-1678.8499755859375, 10%=-1651.5, 25%=-1616.25, 50%=-1559.0, 75%=-1486.75, 90%=-1448.699951171875, 95%=-1424.699951171875, 98%=-1382.9000244140625
ranking_best_algo: NLOPT_LN_PRAXIS
ranking_best_score: 1607.12
ranking_my_rank: 51/504 (90.1%)
ranking_my_percent: 90.07936507936508
