ConfigName: kjsd__advperagentrankweighted__M5__L8__eps0p005__g0p003__ds0p05__dm0p05
Problem: NK
Kernel: jsd
Advantage: peragentrankweighted
M: 5
lambda: 8
epsilon_svgd: 0.005
gamma: 0.003
decay_start_ratio: 0.05
decay_min_factor: 0.05
bandwith_kernel: None
no_interact: False
avg_score: 0.5974177718162537
median_score: 0.5967673659324646
std_score: 0.008608631789684296
percentiles: 2%=0.5813155770301819, 5%=0.5863894820213318, 10%=0.5872209668159485, 25%=0.5915223956108093, 50%=0.5967673659324646, 75%=0.6019618511199951, 90%=0.6094057559967041, 95%=0.6125203371047974, 98%=0.6134660840034485
ranking_best_algo: PBIL
ranking_best_score: 0.7170882103515624
ranking_my_rank: 361/504 (28.6%)
ranking_my_percent: 28.571428571428573
