ConfigName: kjsd__advperagentrankweighted__M3__L20__eps0p005__g0p0007__ds0p1__dm0p05
Problem: QUBO
Kernel: jsd
Advantage: peragentrankweighted
M: 3
lambda: 20
epsilon_svgd: 0.005
gamma: 0.0007
decay_start_ratio: 0.1
decay_min_factor: 0.05
bandwith_kernel: None
no_interact: False
avg_score: -579.9600219726562
median_score: -579.0
std_score: 26.8178768157959
percentiles: 2%=-633.0399780273438, 5%=-627.0, 10%=-619.2000122070312, 25%=-600.25, 50%=-579.0, 75%=-559.0, 90%=-544.7999877929688, 95%=-539.9000244140625, 98%=-529.9600219726562
ranking_best_algo: Tabu
ranking_best_score: 588.7199999999999
ranking_my_rank: 40/503 (92.2%)
ranking_my_percent: 92.2465208747515
