ConfigName: krbf__advnormalizedfitness__M2__L10__eps0p015__g0p003__ds0p01__dm0p01
Problem: QUBO
Kernel: rbf
Advantage: normalizedfitness
M: 2
lambda: 10
epsilon_svgd: 0.015
gamma: 0.003
decay_start_ratio: 0.01
decay_min_factor: 0.01
bandwith_kernel: None
no_interact: False
avg_score: -421.4599914550781
median_score: -420.5
std_score: 28.394865036010742
percentiles: 2%=-477.0, 5%=-471.1000061035156, 10%=-464.1000061035156, 25%=-437.5, 50%=-420.5, 75%=-400.75, 90%=-384.79998779296875, 95%=-381.0, 98%=-374.8999938964844
ranking_best_algo: CMAL3
ranking_best_score: 435.36
ranking_my_rank: 53/504 (89.7%)
ranking_my_percent: 89.68253968253968
