ConfigName: kjsd__advperagentrankweighted__M3__L24__eps0p005__g0p001__ds0p2__dm0p2
Problem: QUBO
Kernel: jsd
Advantage: peragentrankweighted
M: 3
lambda: 24
epsilon_svgd: 0.005
gamma: 0.001
decay_start_ratio: 0.2
decay_min_factor: 0.2
bandwith_kernel: None
no_interact: False
avg_score: -441.0400085449219
median_score: -442.0
std_score: 26.120460510253906
percentiles: 2%=-492.0799865722656, 5%=-481.3999938964844, 10%=-471.0, 25%=-461.0, 50%=-442.0, 75%=-421.0, 90%=-410.79998779296875, 95%=-399.75, 98%=-389.9599914550781
ranking_best_algo: CMApara
ranking_best_score: 453.82
ranking_my_rank: 12/504 (97.8%)
ranking_my_percent: 97.81746031746032
