Problem: QUBO
Kernel: hk
Advantage: peragentrankweighted
M: 1
lambda: 7
epsilon_svgd: 0.8
gamma: 5e-05
bandwith_kernel: None
no_interact: True
avg_score: -1599.1800537109375
median_score: -1597.0
std_score: 63.681610107421875
percentiles: 2%=-1720.06005859375, 5%=-1713.050048828125, 10%=-1694.0999755859375, 25%=-1637.0, 50%=-1597.0, 75%=-1560.0, 90%=-1517.800048828125, 95%=-1496.7000732421875, 98%=-1468.9599609375
ranking_best_algo: PPO-EDA
ranking_best_score: 1697.68
ranking_my_rank: 14/505 (97.4%)
