ConfigName: kjsd__advperagentrankweighted__M4__L24__eps0p03__g0p0005__ds0p05__dm0p05
Problem: QUBO
Kernel: jsd
Advantage: peragentrankweighted
M: 4
lambda: 24
epsilon_svgd: 0.03
gamma: 0.0005
decay_start_ratio: 0.05
decay_min_factor: 0.05
bandwith_kernel: None
no_interact: False
avg_score: -1182.5799560546875
median_score: -1175.5
std_score: 60.55380630493164
percentiles: 2%=-1317.0799560546875, 5%=-1305.0, 10%=-1262.699951171875, 25%=-1224.75, 50%=-1175.5, 75%=-1138.25, 90%=-1118.5, 95%=-1097.800048828125, 98%=-1073.739990234375
ranking_best_algo: Tabu
ranking_best_score: 1216.16
ranking_my_rank: 65/504 (87.3%)
ranking_my_percent: 87.3015873015873
