ConfigName: kjsd__advperagentrankweighted__M5__L8__eps0p005__g0p003__ds0p4__dm0p05
Problem: NK
Kernel: jsd
Advantage: peragentrankweighted
M: 5
lambda: 8
epsilon_svgd: 0.005
gamma: 0.003
decay_start_ratio: 0.4
decay_min_factor: 0.05
bandwith_kernel: None
no_interact: False
avg_score: 0.7309412360191345
median_score: 0.7318016290664673
std_score: 0.010486728511750698
percentiles: 2%=0.7060431241989136, 5%=0.7131257653236389, 10%=0.7169395089149475, 25%=0.7241445779800415, 50%=0.7318016290664673, 75%=0.7378888130187988, 90%=0.7439570426940918, 95%=0.7455605864524841, 98%=0.7469245791435242
ranking_best_algo: PBIL
ranking_best_score: 0.730509098125
ranking_my_rank: 1/504 (100.0%)
ranking_my_percent: 100.0
