ConfigName: kjsd__advperagentrankweighted__M3__L30__eps0p007__g0p001__ds0p05__dm0p05
Problem: QUBO
Kernel: jsd
Advantage: peragentrankweighted
M: 3
lambda: 30
epsilon_svgd: 0.007
gamma: 0.001
decay_start_ratio: 0.05
decay_min_factor: 0.05
bandwith_kernel: None
no_interact: False
avg_score: -2616.580078125
median_score: -2612.5
std_score: 122.11414337158203
percentiles: 2%=-2846.06005859375, 5%=-2801.199951171875, 10%=-2777.0, 25%=-2712.25, 50%=-2612.5, 75%=-2530.75, 90%=-2453.699951171875, 95%=-2430.85009765625, 98%=-2392.56005859375
ranking_best_algo: DiscreteLengler2OnePlusOne
ranking_best_score: 2617.04
ranking_my_rank: 2/504 (99.8%)
ranking_my_percent: 99.8015873015873
