ConfigName: kjsd__advperagentrankweighted__M5__L24__eps0p03__g0p0007__ds0p05__dm0p05
Problem: QUBO
Kernel: jsd
Advantage: peragentrankweighted
M: 5
lambda: 24
epsilon_svgd: 0.03
gamma: 0.0007
decay_start_ratio: 0.05
decay_min_factor: 0.05
bandwith_kernel: None
no_interact: False
avg_score: -919.4000244140625
median_score: -917.0
std_score: 61.0905876159668
percentiles: 2%=-1038.0999755859375, 5%=-1022.0, 10%=-997.4000244140625, 25%=-963.0, 50%=-917.0, 75%=-882.0, 90%=-841.7000122070312, 95%=-810.75, 98%=-800.9600219726562
ranking_best_algo: CMAL3
ranking_best_score: 928.5800000000002
ranking_my_rank: 9/504 (98.4%)
ranking_my_percent: 98.41269841269842
