ConfigName: krbf__advnormalizedfitness__M3__L15__eps0p015__g0p007__ds0p15__dm0p01
Problem: QUBO
Kernel: rbf
Advantage: normalizedfitness
M: 3
lambda: 15
epsilon_svgd: 0.015
gamma: 0.007
decay_start_ratio: 0.15
decay_min_factor: 0.01
bandwith_kernel: None
no_interact: False
avg_score: -920.0599975585938
median_score: -921.5
std_score: 69.26886749267578
percentiles: 2%=-1064.0, 5%=-1044.0, 10%=-1004.5999755859375, 25%=-967.25, 50%=-921.5, 75%=-873.75, 90%=-826.9000244140625, 95%=-810.4000244140625, 98%=-790.9199829101562
ranking_best_algo: CMApara
ranking_best_score: 964.9
ranking_my_rank: 61/504 (88.1%)
ranking_my_percent: 88.0952380952381
