ConfigName: kjsd__advperagentrankweighted__M5__L8__eps0p01__g0p0003__ds0p05__dm0p05
Problem: NK
Kernel: jsd
Advantage: peragentrankweighted
M: 5
lambda: 8
epsilon_svgd: 0.01
gamma: 0.0003
decay_start_ratio: 0.05
decay_min_factor: 0.05
bandwith_kernel: None
no_interact: False
avg_score: 0.7484460473060608
median_score: 0.7469574809074402
std_score: 0.014944913797080517
percentiles: 2%=0.7189256548881531, 5%=0.7278280258178711, 10%=0.7304970026016235, 25%=0.7392460107803345, 50%=0.7469574809074402, 75%=0.758009672164917, 90%=0.7686043977737427, 95%=0.7746492028236389, 98%=0.7808951139450073
ranking_best_algo: Tabu
ranking_best_score: 0.7657846284375001
ranking_my_rank: 31/504 (94.0%)
ranking_my_percent: 94.04761904761905
