ConfigName: kjsd__advperagentrankweighted__M5__L8__eps0p005__g0p003__ds0p4__dm0p2
Problem: NK
Kernel: jsd
Advantage: peragentrankweighted
M: 5
lambda: 8
epsilon_svgd: 0.005
gamma: 0.003
decay_start_ratio: 0.4
decay_min_factor: 0.2
bandwith_kernel: None
no_interact: False
avg_score: 0.74208664894104
median_score: 0.7426739931106567
std_score: 0.019059371203184128
percentiles: 2%=0.7015557885169983, 5%=0.7118206024169922, 10%=0.716545581817627, 25%=0.7277804613113403, 50%=0.7426739931106567, 75%=0.7580116391181946, 90%=0.7660895586013794, 95%=0.7695886492729187, 98%=0.771950900554657
ranking_best_algo: Tabu
ranking_best_score: 0.7657846284375001
ranking_my_rank: 63/504 (87.7%)
ranking_my_percent: 87.6984126984127
