ConfigName: krbf__advnormalizedfitness__M3__L10__eps0p033__g0p005__ds0p3__dm0p01
Problem: QUBO
Kernel: rbf
Advantage: normalizedfitness
M: 3
lambda: 10
epsilon_svgd: 0.033
gamma: 0.005
decay_start_ratio: 0.3
decay_min_factor: 0.01
bandwith_kernel: None
no_interact: False
avg_score: -425.0
median_score: -425.0
std_score: 27.71209144592285
percentiles: 2%=-477.0400085449219, 5%=-475.0, 10%=-463.20001220703125, 25%=-440.0, 50%=-425.0, 75%=-407.75, 90%=-389.0, 95%=-382.95001220703125, 98%=-376.57989501953125
ranking_best_algo: CMAL3
ranking_best_score: 435.36
ranking_my_rank: 29/504 (94.4%)
ranking_my_percent: 94.44444444444444
