ConfigName: kjsd__advperagentrankweighted__M5__L10__eps0p03__g0p0005__ds0p05__dm0p05
Problem: QUBO
Kernel: jsd
Advantage: peragentrankweighted
M: 5
lambda: 10
epsilon_svgd: 0.03
gamma: 0.0005
decay_start_ratio: 0.05
decay_min_factor: 0.05
bandwith_kernel: None
no_interact: False
avg_score: -930.3800048828125
median_score: -922.5
std_score: 65.18524169921875
percentiles: 2%=-1074.0400390625, 5%=-1038.1500244140625, 10%=-1023.0999755859375, 25%=-978.75, 50%=-922.5, 75%=-881.75, 90%=-847.0, 95%=-837.75, 98%=-814.7999877929688
ranking_best_algo: CMApara
ranking_best_score: 964.9
ranking_my_rank: 19/504 (96.4%)
ranking_my_percent: 96.42857142857143
