ConfigName: kjsd__advperagentrankweighted__M4__L12__eps0p01__g0p0007__ds0p05__dm0p05
Problem: QUBO
Kernel: jsd
Advantage: peragentrankweighted
M: 4
lambda: 12
epsilon_svgd: 0.01
gamma: 0.0007
decay_start_ratio: 0.05
decay_min_factor: 0.05
bandwith_kernel: None
no_interact: False
avg_score: -938.6599731445312
median_score: -931.5
std_score: 72.25305938720703
percentiles: 2%=-1072.0799560546875, 5%=-1063.0, 10%=-1048.0, 25%=-990.5, 50%=-931.5, 75%=-886.0, 90%=-846.4000244140625, 95%=-826.7000122070312, 98%=-820.9600219726562
ranking_best_algo: CMApara
ranking_best_score: 964.9
ranking_my_rank: 7/504 (98.8%)
ranking_my_percent: 98.80952380952381
