ConfigName: kfr__advglobalrankweighted__M4__L15__eps0p02__g0p007__ds0p01__dm0p01
Problem: QUBO
Kernel: fr
Advantage: globalrankweighted
M: 4
lambda: 15
epsilon_svgd: 0.02
gamma: 0.007
decay_start_ratio: 0.01
decay_min_factor: 0.01
bandwith_kernel: None
no_interact: False
avg_score: -890.6599731445312
median_score: -879.5
std_score: 66.95629119873047
percentiles: 2%=-1027.1800537109375, 5%=-1016.25, 10%=-983.2000122070312, 25%=-940.25, 50%=-879.5, 75%=-840.75, 90%=-808.7999877929688, 95%=-792.75, 98%=-786.659912109375
ranking_best_algo: CMAL3
ranking_best_score: 928.5800000000002
ranking_my_rank: 98/504 (80.8%)
ranking_my_percent: 80.75396825396825
