ConfigName: krbf__advnormalizedfitness__M4__L12__eps0p015__g0p015__ds0p15__dm0p3
Problem: QUBO
Kernel: rbf
Advantage: normalizedfitness
M: 4
lambda: 12
epsilon_svgd: 0.015
gamma: 0.015
decay_start_ratio: 0.15
decay_min_factor: 0.3
bandwith_kernel: None
no_interact: False
avg_score: -250.39999389648438
median_score: -245.0
std_score: 24.477745056152344
percentiles: 2%=-308.0799865722656, 5%=-291.3500061035156, 10%=-282.29998779296875, 25%=-266.5, 50%=-245.0, 75%=-234.75, 90%=-225.8000030517578, 95%=-212.0, 98%=-202.0
ranking_best_algo: Tabu
ranking_best_score: 438.12
ranking_my_rank: 393/504 (22.2%)
ranking_my_percent: 22.22222222222222
