ConfigName: kjsd__advperagentrankweighted__M4__L20__eps0p005__g0p0005__ds0p05__dm0p1
Problem: NK
Kernel: jsd
Advantage: peragentrankweighted
M: 4
lambda: 20
epsilon_svgd: 0.005
gamma: 0.0005
decay_start_ratio: 0.05
decay_min_factor: 0.1
bandwith_kernel: None
no_interact: False
avg_score: 0.7104585766792297
median_score: 0.7113884091377258
std_score: 0.015160197392106056
percentiles: 2%=0.6717954277992249, 5%=0.6733289361000061, 10%=0.6972084045410156, 25%=0.7074989676475525, 50%=0.7113884091377258, 75%=0.7189018130302429, 90%=0.7251020669937134, 95%=0.7312489748001099, 98%=0.7329118251800537
ranking_best_algo: CMApara
ranking_best_score: 0.707475975
ranking_my_rank: 1/504 (100.0%)
ranking_my_percent: 100.0
