ConfigName: kjsd__advperagentrankweighted__M4__L8__eps0p006__g0p0005__ds0p05__dm0p05
Problem: QUBO
Kernel: jsd
Advantage: peragentrankweighted
M: 4
lambda: 8
epsilon_svgd: 0.006
gamma: 0.0005
decay_start_ratio: 0.05
decay_min_factor: 0.05
bandwith_kernel: None
no_interact: False
avg_score: -442.260009765625
median_score: -441.5
std_score: 26.251331329345703
percentiles: 2%=-487.0199890136719, 5%=-481.0, 10%=-473.0, 25%=-465.0, 50%=-441.5, 75%=-418.75, 90%=-407.8999938964844, 95%=-405.8999938964844, 98%=-400.67999267578125
ranking_best_algo: CMApara
ranking_best_score: 453.82
ranking_my_rank: 9/504 (98.4%)
ranking_my_percent: 98.41269841269842
no_repulsion: True
