ConfigName: krbf__advnormalizedfitness__M3__L8__eps0p033__g0p007__ds0p01__dm0p01
Problem: NK
Kernel: rbf
Advantage: normalizedfitness
M: 3
lambda: 8
epsilon_svgd: 0.033
gamma: 0.007
decay_start_ratio: 0.01
decay_min_factor: 0.01
bandwith_kernel: None
no_interact: False
avg_score: 0.7347202897071838
median_score: 0.7363965511322021
std_score: 0.008273309096693993
percentiles: 2%=0.716744601726532, 5%=0.7203132510185242, 10%=0.7215781807899475, 25%=0.730255663394928, 50%=0.7363965511322021, 75%=0.741044819355011, 90%=0.7437974214553833, 95%=0.7461836934089661, 98%=0.7490496039390564
ranking_best_algo: PBIL
ranking_best_score: 0.7248786399609374
ranking_my_rank: 1/504 (100.0%)
ranking_my_percent: 100.0
