ConfigName: kjsd__advperagentrankweighted__M3__L16__eps0p01__g0p0005__ds0p2__dm0p05
Problem: QUBO
Kernel: jsd
Advantage: peragentrankweighted
M: 3
lambda: 16
epsilon_svgd: 0.01
gamma: 0.0005
decay_start_ratio: 0.2
decay_min_factor: 0.05
bandwith_kernel: None
no_interact: False
avg_score: -2605.97998046875
median_score: -2599.0
std_score: 106.05111694335938
percentiles: 2%=-2808.239990234375, 5%=-2772.25, 10%=-2753.60009765625, 25%=-2674.75, 50%=-2599.0, 75%=-2516.0, 90%=-2470.89990234375, 95%=-2453.199951171875, 98%=-2405.820068359375
ranking_best_algo: SVM1MetaModelLogNormal
ranking_best_score: 2605.14
ranking_my_rank: 1/504 (100.0%)
ranking_my_percent: 100.0
