ConfigName: krbf__advnormalizedfitness__M4__L15__eps0p025__g0p005__ds0p3__dm0p01
Problem: QUBO
Kernel: rbf
Advantage: normalizedfitness
M: 4
lambda: 15
epsilon_svgd: 0.025
gamma: 0.005
decay_start_ratio: 0.3
decay_min_factor: 0.01
bandwith_kernel: None
no_interact: False
avg_score: -2424.47998046875
median_score: -2429.0
std_score: 183.6593780517578
percentiles: 2%=-2789.39990234375, 5%=-2718.39990234375, 10%=-2658.0, 25%=-2563.0, 50%=-2429.0, 75%=-2288.75, 90%=-2189.199951171875, 95%=-2095.699951171875, 98%=-2083.35986328125
ranking_best_algo: DiscreteLengler2OnePlusOne
ranking_best_score: 2617.04
ranking_my_rank: 127/504 (75.0%)
ranking_my_percent: 75.0
