ConfigName: kfr__advglobalrankweighted__M1__L11__eps0p01__g0p003__ds0p01__dm0p01
Problem: QUBO
Kernel: fr
Advantage: globalrankweighted
M: 1
lambda: 11
epsilon_svgd: 0.01
gamma: 0.003
decay_start_ratio: 0.01
decay_min_factor: 0.01
bandwith_kernel: None
no_interact: False
avg_score: -548.5
median_score: -548.0
std_score: 31.182527542114258
percentiles: 2%=-611.0, 5%=-603.0499877929688, 10%=-587.0, 25%=-570.25, 50%=-548.0, 75%=-528.75, 90%=-512.5, 95%=-498.8500061035156, 98%=-474.8599853515625
ranking_best_algo: Tabu
ranking_best_score: 588.7199999999999
ranking_my_rank: 154/503 (69.6%)
ranking_my_percent: 69.58250497017893
