ConfigName: kjsd__advperagentrankweighted__M3__L16__eps0p01__g0p0007__ds0p05__dm0p1
Problem: QUBO
Kernel: jsd
Advantage: peragentrankweighted
M: 3
lambda: 16
epsilon_svgd: 0.01
gamma: 0.0007
decay_start_ratio: 0.05
decay_min_factor: 0.1
bandwith_kernel: None
no_interact: False
avg_score: -437.739990234375
median_score: -438.0
std_score: 28.52389144897461
percentiles: 2%=-489.0199890136719, 5%=-479.0, 10%=-472.0, 25%=-461.0, 50%=-438.0, 75%=-418.75, 90%=-394.70001220703125, 95%=-388.8500061035156, 98%=-383.8999938964844
ranking_best_algo: CMApara
ranking_best_score: 453.82
ranking_my_rank: 28/504 (94.6%)
ranking_my_percent: 94.64285714285714
