ConfigName: krbf__advnormalizedfitness__M3__L12__eps0p033__g0p015__ds0p15__dm0p01
Problem: NK
Kernel: rbf
Advantage: normalizedfitness
M: 3
lambda: 12
epsilon_svgd: 0.033
gamma: 0.015
decay_start_ratio: 0.15
decay_min_factor: 0.01
bandwith_kernel: None
no_interact: False
avg_score: 0.7322078943252563
median_score: 0.7330123782157898
std_score: 0.013573892414569855
percentiles: 2%=0.7106125950813293, 5%=0.7124605774879456, 10%=0.7153687477111816, 25%=0.7223105430603027, 50%=0.7330123782157898, 75%=0.7416352033615112, 90%=0.7484381198883057, 95%=0.7518116235733032, 98%=0.7611247301101685
ranking_best_algo: PBIL
ranking_best_score: 0.733570253046875
ranking_my_rank: 2/504 (99.8%)
ranking_my_percent: 99.8015873015873
