ConfigName: kjsd__advperagentrankweighted__M4__L10__eps0p01__g0p0007__ds0p2__dm0p05
Problem: QUBO
Kernel: jsd
Advantage: peragentrankweighted
M: 4
lambda: 10
epsilon_svgd: 0.01
gamma: 0.0007
decay_start_ratio: 0.2
decay_min_factor: 0.05
bandwith_kernel: None
no_interact: False
avg_score: -414.2799987792969
median_score: -414.0
std_score: 24.845956802368164
percentiles: 2%=-467.0799865722656, 5%=-457.29998779296875, 10%=-452.0, 25%=-427.0, 50%=-414.0, 75%=-399.5, 90%=-382.70001220703125, 95%=-374.0, 98%=-367.9200134277344
ranking_best_algo: Tabu
ranking_best_score: 438.12
ranking_my_rank: 57/504 (88.9%)
ranking_my_percent: 88.88888888888889
