ConfigName: kjsd__advperagentrankweighted__M4__L30__eps0p005__g0p0003__ds0p05__dm0p05
Problem: NK
Kernel: jsd
Advantage: peragentrankweighted
M: 4
lambda: 30
epsilon_svgd: 0.005
gamma: 0.0003
decay_start_ratio: 0.05
decay_min_factor: 0.05
bandwith_kernel: None
no_interact: False
avg_score: 0.7078753113746643
median_score: 0.710201621055603
std_score: 0.011933354660868645
percentiles: 2%=0.688571035861969, 5%=0.6897971034049988, 10%=0.6924787759780884, 25%=0.6965247392654419, 50%=0.710201621055603, 75%=0.718624472618103, 90%=0.7225001454353333, 95%=0.72391676902771, 98%=0.7249478101730347
ranking_best_algo: PBIL
ranking_best_score: 0.7013553837109374
ranking_my_rank: 1/504 (100.0%)
ranking_my_percent: 100.0
