ConfigName: kjsd__advperagentrankweighted__M3__L16__eps0p01__g0p0007__ds0p05__dm0p2
Problem: NK
Kernel: jsd
Advantage: peragentrankweighted
M: 3
lambda: 16
epsilon_svgd: 0.01
gamma: 0.0007
decay_start_ratio: 0.05
decay_min_factor: 0.2
bandwith_kernel: None
no_interact: False
avg_score: 0.7108799815177917
median_score: 0.6971379518508911
std_score: 0.03128483146429062
percentiles: 2%=0.673568844795227, 5%=0.6747558116912842, 10%=0.6790636777877808, 25%=0.6824496388435364, 50%=0.6971379518508911, 75%=0.7462846040725708, 90%=0.7526780366897583, 95%=0.7613165378570557, 98%=0.7613165378570557
ranking_best_algo: CMApara
ranking_best_score: 0.7118996098437498
ranking_my_rank: 10/504 (98.2%)
ranking_my_percent: 98.21428571428571
