ConfigName: krbf__advnormalizedfitness__M3__L12__eps0p015__g0p007__ds0p3__dm0p01
Problem: NK
Kernel: rbf
Advantage: normalizedfitness
M: 3
lambda: 12
epsilon_svgd: 0.015
gamma: 0.007
decay_start_ratio: 0.3
decay_min_factor: 0.01
bandwith_kernel: None
no_interact: False
avg_score: 0.729114294052124
median_score: 0.7323594093322754
std_score: 0.01065803412348032
percentiles: 2%=0.7037554383277893, 5%=0.7070167064666748, 10%=0.7125658988952637, 25%=0.7215244770050049, 50%=0.7323594093322754, 75%=0.7368005514144897, 90%=0.7402582764625549, 95%=0.7425200343132019, 98%=0.7457485795021057
ranking_best_algo: PBIL
ranking_best_score: 0.7248786399609374
ranking_my_rank: 1/504 (100.0%)
ranking_my_percent: 100.0
