ConfigName: kjsd__advperagentrankweighted__M3__L18__eps0p007__g0p0007__ds0p05__dm0p2
Problem: NK
Kernel: jsd
Advantage: peragentrankweighted
M: 3
lambda: 18
epsilon_svgd: 0.007
gamma: 0.0007
decay_start_ratio: 0.05
decay_min_factor: 0.2
bandwith_kernel: None
no_interact: False
avg_score: 0.7071545124053955
median_score: 0.7099140286445618
std_score: 0.011775345541536808
percentiles: 2%=0.6872721910476685, 5%=0.6896259784698486, 10%=0.6921905279159546, 25%=0.6954081654548645, 50%=0.7099140286445618, 75%=0.717648983001709, 90%=0.7205438613891602, 95%=0.7224988341331482, 98%=0.7230064272880554
ranking_best_algo: PBIL
ranking_best_score: 0.7013553837109374
ranking_my_rank: 1/504 (100.0%)
ranking_my_percent: 100.0
