ConfigName: krbf__advnormalizedfitness__M3__L12__eps0p033__g0p005__ds0p01__dm0p3
Problem: QUBO
Kernel: rbf
Advantage: normalizedfitness
M: 3
lambda: 12
epsilon_svgd: 0.033
gamma: 0.005
decay_start_ratio: 0.01
decay_min_factor: 0.3
bandwith_kernel: None
no_interact: False
avg_score: -2530.89990234375
median_score: -2513.5
std_score: 128.25033569335938
percentiles: 2%=-2794.699951171875, 5%=-2752.89990234375, 10%=-2730.89990234375, 25%=-2611.25, 50%=-2513.5, 75%=-2434.0, 90%=-2385.800048828125, 95%=-2335.89990234375, 98%=-2324.760009765625
ranking_best_algo: SVM1MetaModelLogNormal
ranking_best_score: 2605.14
ranking_my_rank: 52/504 (89.9%)
ranking_my_percent: 89.88095238095238
