ConfigName: krbf__advglobalrankweighted__M4__L11__eps0p015__g0p005__ds0p01__dm0p01
Problem: QUBO
Kernel: rbf
Advantage: globalrankweighted
M: 4
lambda: 11
epsilon_svgd: 0.015
gamma: 0.005
decay_start_ratio: 0.01
decay_min_factor: 0.01
bandwith_kernel: None
no_interact: False
avg_score: -898.4199829101562
median_score: -888.5
std_score: 63.122764587402344
percentiles: 2%=-1032.199951171875, 5%=-1012.4000244140625, 10%=-989.0, 25%=-935.25, 50%=-888.5, 75%=-851.75, 90%=-814.9000244140625, 95%=-811.9000244140625, 98%=-795.8999633789062
ranking_best_algo: CMAL3
ranking_best_score: 928.5800000000002
ranking_my_rank: 74/504 (85.5%)
ranking_my_percent: 85.51587301587301
