ConfigName: kjsd__advperagentrankweighted__M4__L30__eps0p005__g0p0005__ds0p4__dm0p05
Problem: QUBO
Kernel: jsd
Advantage: peragentrankweighted
M: 4
lambda: 30
epsilon_svgd: 0.005
gamma: 0.0005
decay_start_ratio: 0.4
decay_min_factor: 0.05
bandwith_kernel: None
no_interact: False
avg_score: -202.5399932861328
median_score: -203.0
std_score: 11.32556438446045
percentiles: 2%=-224.0, 5%=-222.0, 10%=-217.1999969482422, 25%=-210.0, 50%=-203.0, 75%=-195.0, 90%=-186.0, 95%=-184.9499969482422, 98%=-180.9199981689453
ranking_best_algo: Tabu
ranking_best_score: 208.36000000000004
ranking_my_rank: 34/504 (93.5%)
ranking_my_percent: 93.45238095238095
