ConfigName: krbf__advnormalizedfitness__M4__L10__eps0p025__g0p007__ds0p01__dm0p01
Problem: QUBO
Kernel: rbf
Advantage: normalizedfitness
M: 4
lambda: 10
epsilon_svgd: 0.025
gamma: 0.007
decay_start_ratio: 0.01
decay_min_factor: 0.01
bandwith_kernel: None
no_interact: False
avg_score: -201.5
median_score: -202.0
std_score: 12.367295265197754
percentiles: 2%=-224.0, 5%=-222.10000610351562, 10%=-216.10000610351562, 25%=-211.0, 50%=-202.0, 75%=-193.0, 90%=-185.8000030517578, 95%=-179.95001220703125, 98%=-173.9399871826172
ranking_best_algo: Tabu
ranking_best_score: 208.36000000000004
ranking_my_rank: 40/504 (92.3%)
ranking_my_percent: 92.26190476190476
