ConfigName: krbf__advnormalizedfitness__M2__L8__eps0p025__g0p01__ds0p3__dm0p01
Problem: NK
Kernel: rbf
Advantage: normalizedfitness
M: 2
lambda: 8
epsilon_svgd: 0.025
gamma: 0.01
decay_start_ratio: 0.3
decay_min_factor: 0.01
bandwith_kernel: None
no_interact: False
avg_score: 0.7569717168807983
median_score: 0.7568846940994263
std_score: 0.013301597908139229
percentiles: 2%=0.7331337332725525, 5%=0.7345511317253113, 10%=0.7397444248199463, 25%=0.7486159801483154, 50%=0.7568846940994263, 75%=0.7683648467063904, 90%=0.774261474609375, 95%=0.7774763703346252, 98%=0.7800362706184387
ranking_best_algo: Tabu
ranking_best_score: 0.7470791764843752
ranking_my_rank: 1/504 (100.0%)
ranking_my_percent: 100.0
