ConfigName: kjsd__advperagentrankweighted__M4__L10__eps0p02__g0p0005__ds0p05__dm0p05
Problem: NK
Kernel: jsd
Advantage: peragentrankweighted
M: 4
lambda: 10
epsilon_svgd: 0.02
gamma: 0.0005
decay_start_ratio: 0.05
decay_min_factor: 0.05
bandwith_kernel: None
no_interact: False
avg_score: 0.7107799649238586
median_score: 0.6985580325126648
std_score: 0.031152945011854172
percentiles: 2%=0.6742534041404724, 5%=0.6751272678375244, 10%=0.6789965033531189, 25%=0.6824042797088623, 50%=0.6985580325126648, 75%=0.7450590133666992, 90%=0.7534111738204956, 95%=0.7613165378570557, 98%=0.7613165378570557
ranking_best_algo: CMApara
ranking_best_score: 0.7118996098437498
ranking_my_rank: 11/504 (98.0%)
ranking_my_percent: 98.01587301587301
