ConfigName: kfr__advglobalrankweighted__M3__L10__eps0p01__g0p007__ds0p01__dm0p01
Problem: QUBO
Kernel: fr
Advantage: globalrankweighted
M: 3
lambda: 10
epsilon_svgd: 0.01
gamma: 0.007
decay_start_ratio: 0.01
decay_min_factor: 0.01
bandwith_kernel: None
no_interact: False
avg_score: -311.20001220703125
median_score: -317.0
std_score: 40.410892486572266
percentiles: 2%=-398.0, 5%=-382.6999816894531, 10%=-361.3999938964844, 25%=-338.0, 50%=-317.0, 75%=-272.0, 90%=-264.0, 95%=-260.95001220703125, 98%=-249.91998291015625
ranking_best_algo: CMApara
ranking_best_score: 319.29999999999995
ranking_my_rank: 39/504 (92.5%)
ranking_my_percent: 92.46031746031746
