ConfigName: kjsd__advperagentrankweighted__M4__L10__eps0p03__g0p0005__ds0p2__dm0p05
Problem: QUBO
Kernel: jsd
Advantage: peragentrankweighted
M: 4
lambda: 10
epsilon_svgd: 0.03
gamma: 0.0005
decay_start_ratio: 0.2
decay_min_factor: 0.05
bandwith_kernel: None
no_interact: False
avg_score: -560.780029296875
median_score: -557.0
std_score: 30.281208038330078
percentiles: 2%=-621.0, 5%=-611.0499877929688, 10%=-597.0999755859375, 25%=-585.25, 50%=-557.0, 75%=-542.0, 90%=-518.5999755859375, 95%=-510.95001220703125, 98%=-502.8999938964844
ranking_best_algo: Tabu
ranking_best_score: 588.7199999999999
ranking_my_rank: 98/503 (80.7%)
ranking_my_percent: 80.71570576540755
