ConfigName: kjsd__advperagentrankweighted__M5__L10__eps0p005__g0p0003__ds0p05__dm0p05
Problem: QUBO
Kernel: jsd
Advantage: peragentrankweighted
M: 5
lambda: 10
epsilon_svgd: 0.005
gamma: 0.0003
decay_start_ratio: 0.05
decay_min_factor: 0.05
bandwith_kernel: None
no_interact: False
avg_score: -309.94000244140625
median_score: -311.0
std_score: 39.3892936706543
percentiles: 2%=-390.0400085449219, 5%=-388.0, 10%=-359.3999938964844, 25%=-336.5, 50%=-311.0, 75%=-273.0, 90%=-266.0, 95%=-260.0, 98%=-249.9199981689453
ranking_best_algo: CMApara
ranking_best_score: 319.29999999999995
ranking_my_rank: 67/504 (86.9%)
ranking_my_percent: 86.9047619047619
