ConfigName: krbf__advnormalizedfitness__M4__L10__eps0p025__g0p005__ds0p05__dm0p05
Problem: QUBO
Kernel: rbf
Advantage: normalizedfitness
M: 4
lambda: 10
epsilon_svgd: 0.025
gamma: 0.005
decay_start_ratio: 0.05
decay_min_factor: 0.05
bandwith_kernel: None
no_interact: False
avg_score: -1253.760009765625
median_score: -1243.0
std_score: 68.22142028808594
percentiles: 2%=-1405.1800537109375, 5%=-1367.1500244140625, 10%=-1346.300048828125, 25%=-1308.0, 50%=-1243.0, 75%=-1200.5, 90%=-1170.4000244140625, 95%=-1153.0, 98%=-1148.9599609375
ranking_best_algo: BigLognormalDiscreteOnePlusOne
ranking_best_score: 1301.3600000000004
ranking_my_rank: 55/504 (89.3%)
ranking_my_percent: 89.28571428571429
