ConfigName: kfr__advglobalrankweighted__M4__L12__eps0p01__g0p003__ds0p01__dm0p01
Problem: QUBO
Kernel: fr
Advantage: globalrankweighted
M: 4
lambda: 12
epsilon_svgd: 0.01
gamma: 0.003
decay_start_ratio: 0.01
decay_min_factor: 0.01
bandwith_kernel: None
no_interact: False
avg_score: -423.70001220703125
median_score: -425.5
std_score: 26.006731033325195
percentiles: 2%=-477.1199951171875, 5%=-475.0, 10%=-456.1000061035156, 25%=-437.5, 50%=-425.5, 75%=-403.0, 90%=-390.70001220703125, 95%=-385.0, 98%=-380.8599853515625
ranking_best_algo: CMAL3
ranking_best_score: 435.36
ranking_my_rank: 32/504 (93.8%)
ranking_my_percent: 93.84920634920636
