ConfigName: kfr__advglobalrankweighted__M5__L10__eps0p01__g0p003__ds0p01__dm0p01
Problem: QUBO
Kernel: fr
Advantage: globalrankweighted
M: 5
lambda: 10
epsilon_svgd: 0.01
gamma: 0.003
decay_start_ratio: 0.01
decay_min_factor: 0.01
bandwith_kernel: None
no_interact: False
avg_score: -423.5400085449219
median_score: -422.0
std_score: 26.722057342529297
percentiles: 2%=-475.0400085449219, 5%=-467.1000061035156, 10%=-461.0, 25%=-441.25, 50%=-422.0, 75%=-403.75, 90%=-396.8999938964844, 95%=-387.9000244140625, 98%=-361.8799743652344
ranking_best_algo: CMAL3
ranking_best_score: 435.36
ranking_my_rank: 32/504 (93.8%)
ranking_my_percent: 93.84920634920636
