ConfigName: kjsd__advperagentrankweighted__M3__L18__eps0p01__g0p001__ds0p1__dm0p1
Problem: QUBO
Kernel: jsd
Advantage: peragentrankweighted
M: 3
lambda: 18
epsilon_svgd: 0.01
gamma: 0.001
decay_start_ratio: 0.1
decay_min_factor: 0.1
bandwith_kernel: None
no_interact: False
avg_score: -309.17999267578125
median_score: -313.0
std_score: 39.51211929321289
percentiles: 2%=-394.0400085449219, 5%=-390.1000061035156, 10%=-355.6000061035156, 25%=-332.5, 50%=-313.0, 75%=-273.75, 90%=-263.0, 95%=-260.0, 98%=-255.9199981689453
ranking_best_algo: CMApara
ranking_best_score: 319.29999999999995
ranking_my_rank: 81/504 (84.1%)
ranking_my_percent: 84.12698412698413
