ConfigName: kjsd__advperagentrankweighted__M4__L20__eps0p005__g0p001__ds0p05__dm0p2
Problem: NK
Kernel: jsd
Advantage: peragentrankweighted
M: 4
lambda: 20
epsilon_svgd: 0.005
gamma: 0.001
decay_start_ratio: 0.05
decay_min_factor: 0.2
bandwith_kernel: None
no_interact: False
avg_score: 0.728289008140564
median_score: 0.7294110059738159
std_score: 0.009861190803349018
percentiles: 2%=0.7083786725997925, 5%=0.7101383209228516, 10%=0.713068425655365, 25%=0.722126841545105, 50%=0.7294110059738159, 75%=0.7356277108192444, 90%=0.7408879995346069, 95%=0.742455780506134, 98%=0.7437669634819031
ranking_best_algo: PBIL
ranking_best_score: 0.7248786399609374
ranking_my_rank: 1/504 (100.0%)
ranking_my_percent: 100.0
