ConfigName: kjsd__advperagentrankweighted__M5__L12__eps0p03__g0p0005__ds0p2__dm0p05
Problem: QUBO
Kernel: jsd
Advantage: peragentrankweighted
M: 5
lambda: 12
epsilon_svgd: 0.03
gamma: 0.0005
decay_start_ratio: 0.2
decay_min_factor: 0.05
bandwith_kernel: None
no_interact: False
avg_score: -2555.179931640625
median_score: -2544.5
std_score: 118.61723327636719
percentiles: 2%=-2779.780029296875, 5%=-2748.199951171875, 10%=-2711.199951171875, 25%=-2629.75, 50%=-2544.5, 75%=-2467.0, 90%=-2411.0, 95%=-2369.949951171875, 98%=-2347.840087890625
ranking_best_algo: SVM1MetaModelLogNormal
ranking_best_score: 2605.14
ranking_my_rank: 41/504 (92.1%)
ranking_my_percent: 92.06349206349206
