ConfigName: krbf__advnormalizedfitness__M3__L10__eps0p025__g0p007__ds0p3__dm0p3
Problem: NK
Kernel: rbf
Advantage: normalizedfitness
M: 3
lambda: 10
epsilon_svgd: 0.025
gamma: 0.007
decay_start_ratio: 0.3
decay_min_factor: 0.3
bandwith_kernel: None
no_interact: False
avg_score: 0.7345924377441406
median_score: 0.7337322235107422
std_score: 0.014631912112236023
percentiles: 2%=0.7052977681159973, 5%=0.7091142535209656, 10%=0.7169320583343506, 25%=0.7231160402297974, 50%=0.7337322235107422, 75%=0.7449426054954529, 90%=0.7541465759277344, 95%=0.7576091885566711, 98%=0.7611861228942871
ranking_best_algo: PBIL
ranking_best_score: 0.733570253046875
ranking_my_rank: 1/504 (100.0%)
ranking_my_percent: 100.0
