ConfigName: kjsd__advperagentrankweighted__M8__L10__eps0p008__g0p0005__ds0p05__dm0p05
Problem: QUBO
Kernel: jsd
Advantage: peragentrankweighted
M: 8
lambda: 10
epsilon_svgd: 0.008
gamma: 0.0005
decay_start_ratio: 0.05
decay_min_factor: 0.05
bandwith_kernel: None
no_interact: False
avg_score: -431.20001220703125
median_score: -431.0
std_score: 22.98695182800293
percentiles: 2%=-479.0400085449219, 5%=-475.1000061035156, 10%=-465.0, 25%=-441.0, 50%=-431.0, 75%=-416.75, 90%=-403.8999938964844, 95%=-398.8999938964844, 98%=-392.6199951171875
ranking_best_algo: CMAL3
ranking_best_score: 435.36
ranking_my_rank: 8/504 (98.6%)
ranking_my_percent: 98.61111111111111
