ConfigName: kjsd__advperagentrankweighted__M3__L24__eps0p007__g0p001__ds0p05__dm0p1
Problem: QUBO
Kernel: jsd
Advantage: peragentrankweighted
M: 3
lambda: 24
epsilon_svgd: 0.007
gamma: 0.001
decay_start_ratio: 0.05
decay_min_factor: 0.1
bandwith_kernel: None
no_interact: False
avg_score: -309.0400085449219
median_score: -312.0
std_score: 38.29462432861328
percentiles: 2%=-396.0400085449219, 5%=-380.29998779296875, 10%=-359.20001220703125, 25%=-332.5, 50%=-312.0, 75%=-275.75, 90%=-265.8999938964844, 95%=-262.79998779296875, 98%=-252.89999389648438
ranking_best_algo: CMApara
ranking_best_score: 319.29999999999995
ranking_my_rank: 82/504 (83.9%)
ranking_my_percent: 83.92857142857143
