ConfigName: kjsd__advperagentrankweighted__M4__L10__eps0p03__g0p0003__ds0p05__dm0p05
Problem: QUBO
Kernel: jsd
Advantage: peragentrankweighted
M: 4
lambda: 10
epsilon_svgd: 0.03
gamma: 0.0003
decay_start_ratio: 0.05
decay_min_factor: 0.05
bandwith_kernel: None
no_interact: False
avg_score: -143.17999267578125
median_score: -143.0
std_score: 13.424141883850098
percentiles: 2%=-175.0800018310547, 5%=-164.25, 10%=-158.1999969482422, 25%=-153.0, 50%=-143.0, 75%=-135.0, 90%=-129.0, 95%=-122.94999694824219, 98%=-112.9800033569336
ranking_best_algo: CMApara
ranking_best_score: 154.28
ranking_my_rank: 214/504 (57.7%)
ranking_my_percent: 57.73809523809524
