ConfigName: kjsd__advperagentrankweighted__M5__L10__eps0p005__g0p0007__ds0p05__dm0p2
Problem: QUBO
Kernel: jsd
Advantage: peragentrankweighted
M: 5
lambda: 10
epsilon_svgd: 0.005
gamma: 0.0007
decay_start_ratio: 0.05
decay_min_factor: 0.2
bandwith_kernel: None
no_interact: False
avg_score: -417.3599853515625
median_score: -420.0
std_score: 25.83699607849121
percentiles: 2%=-467.0799865722656, 5%=-457.0, 10%=-452.0, 25%=-436.25, 50%=-420.0, 75%=-400.0, 90%=-382.0, 95%=-373.70001220703125, 98%=-364.0
ranking_best_algo: Tabu
ranking_best_score: 438.12
ranking_my_rank: 41/504 (92.1%)
ranking_my_percent: 92.06349206349206
