ConfigName: kjsd__advperagentrankweighted__M3__L16__eps0p01__g0p003__ds0p1__dm0p2
Problem: NK
Kernel: jsd
Advantage: peragentrankweighted
M: 3
lambda: 16
epsilon_svgd: 0.01
gamma: 0.003
decay_start_ratio: 0.1
decay_min_factor: 0.2
bandwith_kernel: None
no_interact: False
avg_score: 0.7380198836326599
median_score: 0.737667977809906
std_score: 0.011648526415228844
percentiles: 2%=0.7157593369483948, 5%=0.7189303636550903, 10%=0.7232513427734375, 25%=0.730234682559967, 50%=0.737667977809906, 75%=0.7456097602844238, 90%=0.7544140815734863, 95%=0.7579441070556641, 98%=0.7614665627479553
ranking_best_algo: PBIL
ranking_best_score: 0.733570253046875
ranking_my_rank: 1/504 (100.0%)
ranking_my_percent: 100.0
