ConfigName: kjsd__advperagentrankweighted__M4__L24__eps0p005__g0p0003__ds0p05__dm0p05
Problem: NK
Kernel: jsd
Advantage: peragentrankweighted
M: 4
lambda: 24
epsilon_svgd: 0.005
gamma: 0.0003
decay_start_ratio: 0.05
decay_min_factor: 0.05
bandwith_kernel: None
no_interact: False
avg_score: 0.7103293538093567
median_score: 0.7118236422538757
std_score: 0.015293963253498077
percentiles: 2%=0.6713916063308716, 5%=0.6736758351325989, 10%=0.6948637962341309, 25%=0.7066024541854858, 50%=0.7118236422538757, 75%=0.7192702293395996, 90%=0.7254681587219238, 95%=0.7319315075874329, 98%=0.7333104610443115
ranking_best_algo: CMApara
ranking_best_score: 0.707475975
ranking_my_rank: 1/504 (100.0%)
ranking_my_percent: 100.0
