ConfigName: krbf__advnormalizedfitness__M4__L10__eps0p033__g0p007__ds0p3__dm0p01
Problem: NK
Kernel: rbf
Advantage: normalizedfitness
M: 4
lambda: 10
epsilon_svgd: 0.033
gamma: 0.007
decay_start_ratio: 0.3
decay_min_factor: 0.01
bandwith_kernel: None
no_interact: False
avg_score: 0.6551333665847778
median_score: 0.6528670787811279
std_score: 0.020445741713047028
percentiles: 2%=0.6200706958770752, 5%=0.6296935677528381, 10%=0.6333103775978088, 25%=0.6415365934371948, 50%=0.6528670787811279, 75%=0.6629577279090881, 90%=0.689940333366394, 95%=0.6987533569335938, 98%=0.7030016779899597
ranking_best_algo: PBIL
ranking_best_score: 0.7170882103515624
ranking_my_rank: 250/504 (50.6%)
ranking_my_percent: 50.595238095238095
