ConfigName: krbf__advnormalizedfitness__M1__L10__eps0p015__g0p007__ds0p15__dm0p3
Problem: QUBO
Kernel: rbf
Advantage: normalizedfitness
M: 1
lambda: 10
epsilon_svgd: 0.015
gamma: 0.007
decay_start_ratio: 0.15
decay_min_factor: 0.3
bandwith_kernel: None
no_interact: False
avg_score: -397.9599914550781
median_score: -399.5
std_score: 31.061203002929688
percentiles: 2%=-457.239990234375, 5%=-446.0, 10%=-434.3999938964844, 25%=-420.0, 50%=-399.5, 75%=-376.0, 90%=-359.79998779296875, 95%=-349.8000183105469, 98%=-331.91998291015625
ranking_best_algo: Tabu
ranking_best_score: 438.12
ranking_my_rank: 231/504 (54.4%)
ranking_my_percent: 54.36507936507937
