ConfigName: kfr__advglobalrankweighted__M4__L12__eps0p015__g0p007__ds0p01__dm0p01
Problem: QUBO
Kernel: fr
Advantage: globalrankweighted
M: 4
lambda: 12
epsilon_svgd: 0.015
gamma: 0.007
decay_start_ratio: 0.01
decay_min_factor: 0.01
bandwith_kernel: None
no_interact: False
avg_score: -147.94000244140625
median_score: -149.5
std_score: 13.524658203125
percentiles: 2%=-179.0, 5%=-179.0, 10%=-160.39999389648438, 25%=-155.0, 50%=-149.5, 75%=-140.75, 90%=-132.89999389648438, 95%=-126.95000457763672, 98%=-122.8399658203125
ranking_best_algo: CMApara
ranking_best_score: 154.28
ranking_my_rank: 87/504 (82.9%)
ranking_my_percent: 82.93650793650794
