ConfigName: kfr__advglobalrankweighted__M4__L5__eps0p03__g0p005__ds0p01__dm0p01
Problem: QUBO
Kernel: fr
Advantage: globalrankweighted
M: 4
lambda: 5
epsilon_svgd: 0.03
gamma: 0.005
decay_start_ratio: 0.01
decay_min_factor: 0.01
bandwith_kernel: None
no_interact: False
avg_score: -900.0800170898438
median_score: -893.0
std_score: 64.37649536132812
percentiles: 2%=-1030.0799560546875, 5%=-1005.1500244140625, 10%=-983.0999755859375, 25%=-951.5, 50%=-893.0, 75%=-847.0, 90%=-825.0, 95%=-797.3499755859375, 98%=-784.97998046875
ranking_best_algo: CMAL3
ranking_best_score: 928.5800000000002
ranking_my_rank: 70/504 (86.3%)
ranking_my_percent: 86.30952380952381
