ConfigName: kfr__advglobalrankweighted__M6__L9__eps0p02__g0p007__ds0p01__dm0p01
Problem: QUBO
Kernel: fr
Advantage: globalrankweighted
M: 6
lambda: 9
epsilon_svgd: 0.02
gamma: 0.007
decay_start_ratio: 0.01
decay_min_factor: 0.01
bandwith_kernel: None
no_interact: False
avg_score: -328.29998779296875
median_score: -330.5
std_score: 20.60849380493164
percentiles: 2%=-368.0799865722656, 5%=-361.04998779296875, 10%=-355.20001220703125, 25%=-343.0, 50%=-330.5, 75%=-310.0, 90%=-301.8999938964844, 95%=-295.9000244140625, 98%=-289.8399658203125
ranking_best_algo: CMApara
ranking_best_score: 344.22
ranking_my_rank: 84/504 (83.5%)
ranking_my_percent: 83.53174603174604
