ConfigName: kjsd__advperagentrankweighted__M5__L10__eps0p005__g0p003__ds0p4__dm0p2
Problem: QUBO
Kernel: jsd
Advantage: peragentrankweighted
M: 5
lambda: 10
epsilon_svgd: 0.005
gamma: 0.003
decay_start_ratio: 0.4
decay_min_factor: 0.2
bandwith_kernel: None
no_interact: False
avg_score: -829.4000244140625
median_score: -821.0
std_score: 94.81402587890625
percentiles: 2%=-1051.0, 5%=-994.7999877929688, 10%=-956.9000244140625, 25%=-887.75, 50%=-821.0, 75%=-758.0, 90%=-713.9000244140625, 95%=-688.7999877929688, 98%=-676.9000244140625
ranking_best_algo: NLOPT_LN_PRAXIS
ranking_best_score: 1607.12
ranking_my_rank: 337/504 (33.3%)
ranking_my_percent: 33.333333333333336
