ConfigName: kjsd__advperagentrankweighted__M5__L10__eps0p01__g0p0005__ds0p2__dm0p05
Problem: NK
Kernel: jsd
Advantage: peragentrankweighted
M: 5
lambda: 10
epsilon_svgd: 0.01
gamma: 0.0005
decay_start_ratio: 0.2
decay_min_factor: 0.05
bandwith_kernel: None
no_interact: False
avg_score: 0.7433153390884399
median_score: 0.7415397763252258
std_score: 0.028631245717406273
percentiles: 2%=0.691485583782196, 5%=0.7057695984840393, 10%=0.7122671604156494, 25%=0.7201516628265381, 50%=0.7415397763252258, 75%=0.7580187320709229, 90%=0.7782784700393677, 95%=0.8044298887252808, 98%=0.8045783638954163
ranking_best_algo: CMApara
ranking_best_score: 0.7459277895312499
ranking_my_rank: 12/504 (97.8%)
ranking_my_percent: 97.81746031746032
