ConfigName: krbf__advnormalizedfitness__M4__L10__eps0p033__g0p007__ds0p01__dm0p01
Problem: QUBO
Kernel: rbf
Advantage: normalizedfitness
M: 4
lambda: 10
epsilon_svgd: 0.033
gamma: 0.007
decay_start_ratio: 0.01
decay_min_factor: 0.01
bandwith_kernel: None
no_interact: False
avg_score: -310.4200134277344
median_score: -316.0
std_score: 38.208160400390625
percentiles: 2%=-392.1199951171875, 5%=-386.0, 10%=-358.3999938964844, 25%=-331.0, 50%=-316.0, 75%=-274.75, 90%=-265.79998779296875, 95%=-260.0, 98%=-243.87997436523438
ranking_best_algo: CMApara
ranking_best_score: 319.29999999999995
ranking_my_rank: 59/504 (88.5%)
ranking_my_percent: 88.4920634920635
