ConfigName: kjsd__advperagentrankweighted__M3__L20__eps0p007__g0p001__ds0p05__dm0p05
Problem: QUBO
Kernel: jsd
Advantage: peragentrankweighted
M: 3
lambda: 20
epsilon_svgd: 0.007
gamma: 0.001
decay_start_ratio: 0.05
decay_min_factor: 0.05
bandwith_kernel: None
no_interact: False
avg_score: -138.1199951171875
median_score: -137.0
std_score: 11.974371910095215
percentiles: 2%=-159.0, 5%=-158.0, 10%=-153.3000030517578, 25%=-146.25, 50%=-137.0, 75%=-128.0, 90%=-123.0, 95%=-120.0, 98%=-116.83999633789062
ranking_best_algo: DiscreteDE
ranking_best_score: 143.4
ranking_my_rank: 115/504 (77.4%)
ranking_my_percent: 77.38095238095238
