ConfigName: kjsd__advperagentrankweighted__M4__L20__eps0p005__g0p0005__ds0p1__dm0p2
Problem: NK
Kernel: jsd
Advantage: peragentrankweighted
M: 4
lambda: 20
epsilon_svgd: 0.005
gamma: 0.0005
decay_start_ratio: 0.1
decay_min_factor: 0.2
bandwith_kernel: None
no_interact: False
avg_score: 0.7105205655097961
median_score: 0.711490273475647
std_score: 0.015289249829947948
percentiles: 2%=0.6717292070388794, 5%=0.6736915707588196, 10%=0.6938621997833252, 25%=0.7078288793563843, 50%=0.711490273475647, 75%=0.7197127342224121, 90%=0.7254681587219238, 95%=0.7328492999076843, 98%=0.7340112924575806
ranking_best_algo: CMApara
ranking_best_score: 0.707475975
ranking_my_rank: 1/504 (100.0%)
ranking_my_percent: 100.0
