ConfigName: krbf__advnormalizedfitness__M4__L24__eps0p02__g0p01__ds0p15__dm0p05
Problem: NK
Kernel: rbf
Advantage: normalizedfitness
M: 4
lambda: 24
epsilon_svgd: 0.02
gamma: 0.01
decay_start_ratio: 0.15
decay_min_factor: 0.05
bandwith_kernel: None
no_interact: False
avg_score: 0.5699290633201599
median_score: 0.5691441893577576
std_score: 0.005339615512639284
percentiles: 2%=0.5611549615859985, 5%=0.5619438290596008, 10%=0.5636758208274841, 25%=0.5662236213684082, 50%=0.5691441893577576, 75%=0.5734341144561768, 90%=0.5774972438812256, 95%=0.5790626406669617, 98%=0.581156313419342
ranking_best_algo: PBIL
ranking_best_score: 0.7170882103515624
ranking_my_rank: 399/504 (21.0%)
ranking_my_percent: 21.03174603174603
