ConfigName: krbf__advnormalizedfitness__M4__L8__eps0p015__g0p015__ds0p15__dm0p3
Problem: QUBO
Kernel: rbf
Advantage: normalizedfitness
M: 4
lambda: 8
epsilon_svgd: 0.015
gamma: 0.015
decay_start_ratio: 0.15
decay_min_factor: 0.3
bandwith_kernel: None
no_interact: False
avg_score: -641.2000122070312
median_score: -631.5
std_score: 72.45812225341797
percentiles: 2%=-787.1400146484375, 5%=-769.3499755859375, 10%=-745.0999755859375, 25%=-685.0, 50%=-631.5, 75%=-587.0, 90%=-553.9000244140625, 95%=-539.6500244140625, 98%=-520.7599487304688
ranking_best_algo: CMApara
ranking_best_score: 964.9
ranking_my_rank: 344/504 (31.9%)
ranking_my_percent: 31.944444444444443
