ConfigName: krbf__advnormalizedfitness__M4__L15__eps0p033__g0p007__ds0p15__dm0p3
Problem: NK
Kernel: rbf
Advantage: normalizedfitness
M: 4
lambda: 15
epsilon_svgd: 0.033
gamma: 0.007
decay_start_ratio: 0.15
decay_min_factor: 0.3
bandwith_kernel: None
no_interact: False
avg_score: 0.7367087006568909
median_score: 0.7378442287445068
std_score: 0.019507713615894318
percentiles: 2%=0.6975274085998535, 5%=0.7039515376091003, 10%=0.7128875255584717, 25%=0.7230082750320435, 50%=0.7378442287445068, 75%=0.7520431280136108, 90%=0.7617639899253845, 95%=0.7650336027145386, 98%=0.7672736048698425
ranking_best_algo: Tabu
ranking_best_score: 0.7470791764843752
ranking_my_rank: 16/504 (97.0%)
ranking_my_percent: 97.02380952380952
