ConfigName: kjsd__advperagentrankweighted__M2__L20__eps0p005__g0p0005__ds0p1__dm0p1
Problem: NK
Kernel: jsd
Advantage: peragentrankweighted
M: 2
lambda: 20
epsilon_svgd: 0.005
gamma: 0.0005
decay_start_ratio: 0.1
decay_min_factor: 0.1
bandwith_kernel: None
no_interact: False
avg_score: 0.7347868084907532
median_score: 0.7332669496536255
std_score: 0.014332258142530918
percentiles: 2%=0.7103865742683411, 5%=0.7116116881370544, 10%=0.7166221737861633, 25%=0.7255535125732422, 50%=0.7332669496536255, 75%=0.7448921203613281, 90%=0.7530126571655273, 95%=0.7583712339401245, 98%=0.763001561164856
ranking_best_algo: Tabu
ranking_best_score: 0.7601875690625
ranking_my_rank: 28/504 (94.6%)
ranking_my_percent: 94.64285714285714
