ConfigName: krbf__advnormalizedfitness__M4__L8__eps0p033__g0p01__ds0p01__dm0p01
Problem: QUBO
Kernel: rbf
Advantage: normalizedfitness
M: 4
lambda: 8
epsilon_svgd: 0.033
gamma: 0.01
decay_start_ratio: 0.01
decay_min_factor: 0.01
bandwith_kernel: None
no_interact: False
avg_score: -930.47998046875
median_score: -919.5
std_score: 60.079193115234375
percentiles: 2%=-1076.0, 5%=-1040.0999755859375, 10%=-1022.0999755859375, 25%=-973.25, 50%=-919.5, 75%=-883.0, 90%=-864.5999755859375, 95%=-850.9500122070312, 98%=-840.5999145507812
ranking_best_algo: CMApara
ranking_best_score: 964.9
ranking_my_rank: 19/504 (96.4%)
ranking_my_percent: 96.42857142857143
