ConfigName: kjsd__advperagentrankweighted__M6__L10__eps0p005__g0p0005__ds0p05__dm0p05
Problem: QUBO
Kernel: jsd
Advantage: peragentrankweighted
M: 6
lambda: 10
epsilon_svgd: 0.005
gamma: 0.0005
decay_start_ratio: 0.05
decay_min_factor: 0.05
bandwith_kernel: None
no_interact: False
avg_score: -151.77999877929688
median_score: -151.0
std_score: 12.153665542602539
percentiles: 2%=-179.0, 5%=-179.0, 10%=-165.5, 25%=-158.0, 50%=-151.0, 75%=-141.0, 90%=-139.0, 95%=-136.0, 98%=-132.9600067138672
ranking_best_algo: CMApara
ranking_best_score: 154.28
ranking_my_rank: 65/504 (87.3%)
ranking_my_percent: 87.3015873015873
