ConfigName: kjsd__advperagentrankweighted__M8__L10__eps0p008__g0p0005__ds0p05__dm0p05
Problem: QUBO
Kernel: jsd
Advantage: peragentrankweighted
M: 8
lambda: 10
epsilon_svgd: 0.008
gamma: 0.0005
decay_start_ratio: 0.05
decay_min_factor: 0.05
bandwith_kernel: None
no_interact: False
avg_score: -150.8800048828125
median_score: -149.5
std_score: 12.016056060791016
percentiles: 2%=-179.0, 5%=-179.0, 10%=-164.0, 25%=-155.0, 50%=-149.5, 75%=-141.0, 90%=-140.0, 95%=-136.0, 98%=-134.83999633789062
ranking_best_algo: CMApara
ranking_best_score: 154.28
ranking_my_rank: 75/504 (85.3%)
ranking_my_percent: 85.31746031746032
