ConfigName: kjsd__advperagentrankweighted__M4__L10__eps0p015__g0p0005__ds0p05__dm0p05
Problem: QUBO
Kernel: jsd
Advantage: peragentrankweighted
M: 4
lambda: 10
epsilon_svgd: 0.015
gamma: 0.0005
decay_start_ratio: 0.05
decay_min_factor: 0.05
bandwith_kernel: None
no_interact: False
avg_score: -427.17999267578125
median_score: -428.0
std_score: 24.964126586914062
percentiles: 2%=-479.0400085449219, 5%=-471.0, 10%=-460.5, 25%=-442.0, 50%=-428.0, 75%=-411.75, 90%=-397.5, 95%=-386.0, 98%=-381.94000244140625
ranking_best_algo: CMAL3
ranking_best_score: 435.36
ranking_my_rank: 19/504 (96.4%)
ranking_my_percent: 96.42857142857143
