ConfigName: kfr__advglobalrankweighted__M5__L9__eps0p02__g0p005__ds0p01__dm0p01
Problem: QUBO
Kernel: fr
Advantage: globalrankweighted
M: 5
lambda: 9
epsilon_svgd: 0.02
gamma: 0.005
decay_start_ratio: 0.01
decay_min_factor: 0.01
bandwith_kernel: None
no_interact: False
avg_score: -440.7799987792969
median_score: -441.5
std_score: 24.115381240844727
percentiles: 2%=-484.1199951171875, 5%=-474.04998779296875, 10%=-472.0, 25%=-461.25, 50%=-441.5, 75%=-422.5, 90%=-407.0, 95%=-404.8500061035156, 98%=-395.9599914550781
ranking_best_algo: CMApara
ranking_best_score: 453.82
ranking_my_rank: 12/504 (97.8%)
ranking_my_percent: 97.81746031746032
