ConfigName: kjsd__advperagentrankweighted__M5__L8__eps0p005__g0p0005__ds0p2__dm0p2
Problem: NK
Kernel: jsd
Advantage: peragentrankweighted
M: 5
lambda: 8
epsilon_svgd: 0.005
gamma: 0.0005
decay_start_ratio: 0.2
decay_min_factor: 0.2
bandwith_kernel: None
no_interact: False
avg_score: 0.7532059550285339
median_score: 0.7525515556335449
std_score: 0.013517508283257484
percentiles: 2%=0.7267369031906128, 5%=0.7310537099838257, 10%=0.7354394793510437, 25%=0.7440458536148071, 50%=0.7525515556335449, 75%=0.764396607875824, 90%=0.7688074111938477, 95%=0.7733610272407532, 98%=0.7792518138885498
ranking_best_algo: Tabu
ranking_best_score: 0.7657846284375001
ranking_my_rank: 9/504 (98.4%)
ranking_my_percent: 98.41269841269842
