ConfigName: kjsd__advperagentrankweighted__M3__L30__eps0p007__g0p0005__ds0p1__dm0p2
Problem: QUBO
Kernel: jsd
Advantage: peragentrankweighted
M: 3
lambda: 30
epsilon_svgd: 0.007
gamma: 0.0005
decay_start_ratio: 0.1
decay_min_factor: 0.2
bandwith_kernel: None
no_interact: False
avg_score: -135.89999389648438
median_score: -137.0
std_score: 13.238956451416016
percentiles: 2%=-159.0, 5%=-156.10000610351562, 10%=-151.1999969482422, 25%=-146.0, 50%=-137.0, 75%=-127.0, 90%=-119.69999694824219, 95%=-111.0, 98%=-107.0
ranking_best_algo: DiscreteDE
ranking_best_score: 143.4
ranking_my_rank: 235/504 (53.6%)
ranking_my_percent: 53.57142857142857
