ConfigName: krbf__advglobalrankweighted__M4__L10__eps0p01__g0p005__ds0p01__dm0p01
Problem: QUBO
Kernel: rbf
Advantage: globalrankweighted
M: 4
lambda: 10
epsilon_svgd: 0.01
gamma: 0.005
decay_start_ratio: 0.01
decay_min_factor: 0.01
bandwith_kernel: None
no_interact: False
avg_score: -2361.239990234375
median_score: -2360.0
std_score: 146.786865234375
percentiles: 2%=-2615.60009765625, 5%=-2594.64990234375, 10%=-2557.5, 25%=-2460.0, 50%=-2360.0, 75%=-2231.5, 90%=-2180.699951171875, 95%=-2148.89990234375, 98%=-2115.539794921875
ranking_best_algo: SVM1MetaModelLogNormal
ranking_best_score: 2605.14
ranking_my_rank: 136/504 (73.2%)
ranking_my_percent: 73.21428571428571
