ConfigName: kjsd__advperagentrankweighted__M4__L10__eps0p01__g0p0003__ds0p4__dm0p05
Problem: NK
Kernel: jsd
Advantage: peragentrankweighted
M: 4
lambda: 10
epsilon_svgd: 0.01
gamma: 0.0003
decay_start_ratio: 0.4
decay_min_factor: 0.05
bandwith_kernel: None
no_interact: False
avg_score: 0.744229257106781
median_score: 0.7421156167984009
std_score: 0.011255801655352116
percentiles: 2%=0.7286432981491089, 5%=0.7299454212188721, 10%=0.7313152551651001, 25%=0.7360004782676697, 50%=0.7421156167984009, 75%=0.750820517539978, 90%=0.7586303949356079, 95%=0.7654646635055542, 98%=0.7668413519859314
ranking_best_algo: Tabu
ranking_best_score: 0.7470791764843752
ranking_my_rank: 3/504 (99.6%)
ranking_my_percent: 99.60317460317461
