ConfigName: kjsd__advperagentrankweighted__M6__L10__eps0p008__g0p0005__ds0p05__dm0p05
Problem: QUBO
Kernel: jsd
Advantage: peragentrankweighted
M: 6
lambda: 10
epsilon_svgd: 0.008
gamma: 0.0005
decay_start_ratio: 0.05
decay_min_factor: 0.05
bandwith_kernel: None
no_interact: False
avg_score: -1622.43994140625
median_score: -1613.0
std_score: 65.27531433105469
percentiles: 2%=-1741.0799560546875, 5%=-1721.699951171875, 10%=-1710.4000244140625, 25%=-1674.0, 50%=-1613.0, 75%=-1587.0, 90%=-1538.4000244140625, 95%=-1518.800048828125, 98%=-1488.43994140625
ranking_best_algo: NLOPT_LN_PRAXIS
ranking_best_score: 1607.12
ranking_my_rank: 1/504 (100.0%)
ranking_my_percent: 100.0
