ConfigName: krbf__advnormalizedfitness__M4__L12__eps0p025__g0p01__ds0p15__dm0p01
Problem: QUBO
Kernel: rbf
Advantage: normalizedfitness
M: 4
lambda: 12
epsilon_svgd: 0.025
gamma: 0.01
decay_start_ratio: 0.15
decay_min_factor: 0.01
bandwith_kernel: None
no_interact: False
avg_score: -140.44000244140625
median_score: -141.5
std_score: 10.58708667755127
percentiles: 2%=-159.0, 5%=-158.0, 10%=-157.0, 25%=-147.0, 50%=-141.5, 75%=-131.0, 90%=-127.0, 95%=-124.90000915527344, 98%=-119.97999572753906
ranking_best_algo: DiscreteDE
ranking_best_score: 143.4
ranking_my_rank: 78/504 (84.7%)
ranking_my_percent: 84.72222222222223
