ConfigName: kjsd__advperagentrankweighted__M3__L18__eps0p005__g0p003__ds0p05__dm0p05
Problem: NK
Kernel: jsd
Advantage: peragentrankweighted
M: 3
lambda: 18
epsilon_svgd: 0.005
gamma: 0.003
decay_start_ratio: 0.05
decay_min_factor: 0.05
bandwith_kernel: None
no_interact: False
avg_score: 0.7442634701728821
median_score: 0.7423176169395447
std_score: 0.029185399413108826
percentiles: 2%=0.6944578886032104, 5%=0.7054360508918762, 10%=0.7101693153381348, 25%=0.7183939218521118, 50%=0.7423176169395447, 75%=0.7585474252700806, 90%=0.7779470086097717, 95%=0.8044298887252808, 98%=0.8117834329605103
ranking_best_algo: CMApara
ranking_best_score: 0.7459277895312499
ranking_my_rank: 5/504 (99.2%)
ranking_my_percent: 99.2063492063492
