ConfigName: kfr__advglobalrankweighted__M4__L9__eps0p01__g0p007__ds0p01__dm0p01
Problem: QUBO
Kernel: fr
Advantage: globalrankweighted
M: 4
lambda: 9
epsilon_svgd: 0.01
gamma: 0.007
decay_start_ratio: 0.01
decay_min_factor: 0.01
bandwith_kernel: None
no_interact: False
avg_score: -917.3400268554688
median_score: -910.5
std_score: 70.26595306396484
percentiles: 2%=-1052.1199951171875, 5%=-1038.050048828125, 10%=-1015.5, 25%=-967.5, 50%=-910.5, 75%=-865.25, 90%=-832.2000122070312, 95%=-816.7999877929688, 98%=-786.9600219726562
ranking_best_algo: CMApara
ranking_best_score: 964.9
ranking_my_rank: 68/504 (86.7%)
ranking_my_percent: 86.7063492063492
