ConfigName: kfr__advglobalrankweighted__M4__L13__eps0p06__g0p007__ds0p01__dm0p01
Problem: NK
Kernel: fr
Advantage: globalrankweighted
M: 4
lambda: 13
epsilon_svgd: 0.06
gamma: 0.007
decay_start_ratio: 0.01
decay_min_factor: 0.01
bandwith_kernel: None
no_interact: False
avg_score: 0.7355530261993408
median_score: 0.73829185962677
std_score: 0.008317879401147366
percentiles: 2%=0.7158701419830322, 5%=0.7185712456703186, 10%=0.7227956056594849, 25%=0.7313114404678345, 50%=0.73829185962677, 75%=0.7407944202423096, 90%=0.7443450689315796, 95%=0.7467408180236816, 98%=0.7473069429397583
ranking_best_algo: PBIL
ranking_best_score: 0.7248786399609374
ranking_my_rank: 1/504 (100.0%)
ranking_my_percent: 100.0
