ConfigName: kjsd__advperagentrankweighted__M4__L12__eps0p02__g0p0007__ds0p05__dm0p05
Problem: NK
Kernel: jsd
Advantage: peragentrankweighted
M: 4
lambda: 12
epsilon_svgd: 0.02
gamma: 0.0007
decay_start_ratio: 0.05
decay_min_factor: 0.05
bandwith_kernel: None
no_interact: False
avg_score: 0.7101657390594482
median_score: 0.6939244866371155
std_score: 0.03189904987812042
percentiles: 2%=0.6719732880592346, 5%=0.6726971864700317, 10%=0.6742130517959595, 25%=0.6823291182518005, 50%=0.6939244866371155, 75%=0.7461645007133484, 90%=0.7524471879005432, 95%=0.7608934640884399, 98%=0.7613165378570557
ranking_best_algo: CMApara
ranking_best_score: 0.7118996098437498
ranking_my_rank: 33/504 (93.7%)
ranking_my_percent: 93.65079365079364
