ConfigName: kfr__advglobalrankweighted__M2__L9__eps0p01__g0p003__ds0p01__dm0p01
Problem: QUBO
Kernel: fr
Advantage: globalrankweighted
M: 2
lambda: 9
epsilon_svgd: 0.01
gamma: 0.003
decay_start_ratio: 0.01
decay_min_factor: 0.01
bandwith_kernel: None
no_interact: False
avg_score: -574.6599731445312
median_score: -577.0
std_score: 28.872901916503906
percentiles: 2%=-629.0399780273438, 5%=-623.1500244140625, 10%=-612.2000122070312, 25%=-594.25, 50%=-577.0, 75%=-553.0, 90%=-532.7999877929688, 95%=-526.9500122070312, 98%=-524.97998046875
ranking_best_algo: Tabu
ranking_best_score: 588.7199999999999
ranking_my_rank: 57/503 (88.9%)
ranking_my_percent: 88.86679920477137
