ConfigName: kjsd__advperagentrankweighted__M3__L18__eps0p007__g0p003__ds0p05__dm0p1
Problem: QUBO
Kernel: jsd
Advantage: peragentrankweighted
M: 3
lambda: 18
epsilon_svgd: 0.007
gamma: 0.003
decay_start_ratio: 0.05
decay_min_factor: 0.1
bandwith_kernel: None
no_interact: False
avg_score: -1513.239990234375
median_score: -1528.0
std_score: 84.09210968017578
percentiles: 2%=-1650.52001953125, 5%=-1635.4000244140625, 10%=-1619.0, 25%=-1573.25, 50%=-1528.0, 75%=-1443.75, 90%=-1398.800048828125, 95%=-1384.8499755859375, 98%=-1344.5999755859375
ranking_best_algo: NLOPT_LN_PRAXIS
ranking_best_score: 1607.12
ranking_my_rank: 74/504 (85.5%)
ranking_my_percent: 85.51587301587301
