ConfigName: kjsd__advperagentrankweighted__M3__L18__eps0p007__g0p001__ds0p2__dm0p05
Problem: NK
Kernel: jsd
Advantage: peragentrankweighted
M: 3
lambda: 18
epsilon_svgd: 0.007
gamma: 0.001
decay_start_ratio: 0.2
decay_min_factor: 0.05
bandwith_kernel: None
no_interact: False
avg_score: 0.7569296360015869
median_score: 0.7560955882072449
std_score: 0.011896002106368542
percentiles: 2%=0.7320258021354675, 5%=0.739244282245636, 10%=0.7420861721038818, 25%=0.7486310005187988, 50%=0.7560955882072449, 75%=0.7651572227478027, 90%=0.7728193998336792, 95%=0.7754988670349121, 98%=0.7795289754867554
ranking_best_algo: Tabu
ranking_best_score: 0.7470791764843752
ranking_my_rank: 1/504 (100.0%)
ranking_my_percent: 100.0
