ConfigName: krbf__advnormalizedfitness__M4__L15__eps0p033__g0p005__ds0p15__dm0p3
Problem: QUBO
Kernel: rbf
Advantage: normalizedfitness
M: 4
lambda: 15
epsilon_svgd: 0.033
gamma: 0.005
decay_start_ratio: 0.15
decay_min_factor: 0.3
bandwith_kernel: None
no_interact: False
avg_score: -1153.8599853515625
median_score: -1149.5
std_score: 60.225250244140625
percentiles: 2%=-1281.0, 5%=-1258.050048828125, 10%=-1231.199951171875, 25%=-1196.5, 50%=-1149.5, 75%=-1110.75, 90%=-1072.9000244140625, 95%=-1058.949951171875, 98%=-1047.919921875
ranking_best_algo: Tabu
ranking_best_score: 1216.16
ranking_my_rank: 108/504 (78.8%)
ranking_my_percent: 78.76984126984127
