ConfigName: kjsd__advperagentrankweighted__M4__L8__eps0p005__g0p0007__ds0p2__dm0p05
Problem: QUBO
Kernel: jsd
Advantage: peragentrankweighted
M: 4
lambda: 8
epsilon_svgd: 0.005
gamma: 0.0007
decay_start_ratio: 0.2
decay_min_factor: 0.05
bandwith_kernel: None
no_interact: False
avg_score: -200.3000030517578
median_score: -201.0
std_score: 12.702362060546875
percentiles: 2%=-224.0, 5%=-224.0, 10%=-218.10000610351562, 25%=-210.0, 50%=-201.0, 75%=-190.75, 90%=-182.89999389648438, 95%=-180.9499969482422, 98%=-175.9199981689453
ranking_best_algo: Tabu
ranking_best_score: 208.36000000000004
ranking_my_rank: 48/504 (90.7%)
ranking_my_percent: 90.67460317460318
