ConfigName: krbf__advnormalizedfitness__M4__L12__eps0p015__g0p015__ds0p01__dm0p01
Problem: QUBO
Kernel: rbf
Advantage: normalizedfitness
M: 4
lambda: 12
epsilon_svgd: 0.015
gamma: 0.015
decay_start_ratio: 0.01
decay_min_factor: 0.01
bandwith_kernel: None
no_interact: False
avg_score: -428.4800109863281
median_score: -425.5
std_score: 45.03609085083008
percentiles: 2%=-523.3400268554688, 5%=-505.25, 10%=-492.0, 25%=-458.5, 50%=-425.5, 75%=-396.0, 90%=-375.0, 95%=-369.25006103515625, 98%=-340.91998291015625
ranking_best_algo: Tabu
ranking_best_score: 588.7199999999999
ranking_my_rank: 327/503 (35.2%)
ranking_my_percent: 35.188866799204774
