ConfigName: krbf__advnormalizedfitness__M1__L10__eps0p015__g0p01__ds0p15__dm0p3
Problem: QUBO
Kernel: rbf
Advantage: normalizedfitness
M: 1
lambda: 10
epsilon_svgd: 0.015
gamma: 0.01
decay_start_ratio: 0.15
decay_min_factor: 0.3
bandwith_kernel: None
no_interact: False
avg_score: -320.9200134277344
median_score: -324.0
std_score: 29.050880432128906
percentiles: 2%=-372.0, 5%=-372.0, 10%=-354.0, 25%=-342.25, 50%=-324.0, 75%=-298.0, 90%=-279.79998779296875, 95%=-269.9000244140625, 98%=-264.0
ranking_best_algo: CMApara
ranking_best_score: 344.22
ranking_my_rank: 160/504 (68.5%)
ranking_my_percent: 68.45238095238095
