ConfigName: kjsd__advperagentrankweighted__M3__L18__eps0p01__g0p0007__ds0p2__dm0p2
Problem: QUBO
Kernel: jsd
Advantage: peragentrankweighted
M: 3
lambda: 18
epsilon_svgd: 0.01
gamma: 0.0007
decay_start_ratio: 0.2
decay_min_factor: 0.2
bandwith_kernel: None
no_interact: False
avg_score: -1628.8399658203125
median_score: -1625.5
std_score: 60.467132568359375
percentiles: 2%=-1750.02001953125, 5%=-1732.0999755859375, 10%=-1709.199951171875, 25%=-1665.75, 50%=-1625.5, 75%=-1593.0, 90%=-1556.4000244140625, 95%=-1538.9000244140625, 98%=-1512.3199462890625
ranking_best_algo: NLOPT_LN_PRAXIS
ranking_best_score: 1607.12
ranking_my_rank: 1/504 (100.0%)
ranking_my_percent: 100.0
