ConfigName: krbf__advnormalizedfitness__M4__L15__eps0p015__g0p015__ds0p01__dm0p3
Problem: QUBO
Kernel: rbf
Advantage: normalizedfitness
M: 4
lambda: 15
epsilon_svgd: 0.015
gamma: 0.015
decay_start_ratio: 0.01
decay_min_factor: 0.3
bandwith_kernel: None
no_interact: False
avg_score: -229.52000427246094
median_score: -228.0
std_score: 20.104963302612305
percentiles: 2%=-270.55999755859375, 5%=-265.0, 10%=-253.0, 25%=-241.25, 50%=-228.0, 75%=-216.0, 90%=-206.89999389648438, 95%=-200.95001220703125, 98%=-194.95999145507812
ranking_best_algo: Tabu
ranking_best_score: 588.7199999999999
ranking_my_rank: 399/503 (20.9%)
ranking_my_percent: 20.87475149105368
