ConfigName: kfr__advglobalrankweighted__M1__L10__eps0p02__g0p007__ds0p01__dm0p01
Problem: QUBO
Kernel: fr
Advantage: globalrankweighted
M: 1
lambda: 10
epsilon_svgd: 0.02
gamma: 0.007
decay_start_ratio: 0.01
decay_min_factor: 0.01
bandwith_kernel: None
no_interact: False
avg_score: -2553.699951171875
median_score: -2551.5
std_score: 120.19363403320312
percentiles: 2%=-2797.5, 5%=-2741.199951171875, 10%=-2710.0, 25%=-2626.25, 50%=-2551.5, 75%=-2464.0, 90%=-2407.39990234375, 95%=-2378.0, 98%=-2340.8798828125
ranking_best_algo: DiscreteLengler2OnePlusOne
ranking_best_score: 2617.04
ranking_my_rank: 55/504 (89.3%)
ranking_my_percent: 89.28571428571429
