ConfigName: krbf__advnormalizedfitness__M4__L15__eps0p033__g0p005__ds0p01__dm0p01
Problem: NK
Kernel: rbf
Advantage: normalizedfitness
M: 4
lambda: 15
epsilon_svgd: 0.033
gamma: 0.005
decay_start_ratio: 0.01
decay_min_factor: 0.01
bandwith_kernel: None
no_interact: False
avg_score: 0.7414522767066956
median_score: 0.7405213117599487
std_score: 0.01193032506853342
percentiles: 2%=0.7199602127075195, 5%=0.7245017290115356, 10%=0.7264838814735413, 25%=0.7317220568656921, 50%=0.7405213117599487, 75%=0.7484051585197449, 90%=0.758529543876648, 95%=0.761742353439331, 98%=0.7664058208465576
ranking_best_algo: Tabu
ranking_best_score: 0.7601875690625
ranking_my_rank: 12/504 (97.8%)
ranking_my_percent: 97.81746031746032
