ConfigName: kjsd__advperagentrankweighted__M3__L20__eps0p007__g0p001__ds0p05__dm0p2
Problem: NK
Kernel: jsd
Advantage: peragentrankweighted
M: 3
lambda: 20
epsilon_svgd: 0.007
gamma: 0.001
decay_start_ratio: 0.05
decay_min_factor: 0.2
bandwith_kernel: None
no_interact: False
avg_score: 0.7306080460548401
median_score: 0.7309739589691162
std_score: 0.011208336800336838
percentiles: 2%=0.7108913064002991, 5%=0.7134618759155273, 10%=0.7164050340652466, 25%=0.7228545546531677, 50%=0.7309739589691162, 75%=0.7375349998474121, 90%=0.7433504462242126, 95%=0.7476082444190979, 98%=0.7574026584625244
ranking_best_algo: Tabu
ranking_best_score: 0.7429702712499999
ranking_my_rank: 2/504 (99.8%)
ranking_my_percent: 99.8015873015873
