ConfigName: krbf__advnormalizedfitness__M4__L10__eps0p033__g0p01__ds0p3__dm0p3
Problem: NK
Kernel: rbf
Advantage: normalizedfitness
M: 4
lambda: 10
epsilon_svgd: 0.033
gamma: 0.01
decay_start_ratio: 0.3
decay_min_factor: 0.3
bandwith_kernel: None
no_interact: False
avg_score: 0.6988396644592285
median_score: 0.7000936269760132
std_score: 0.012133424170315266
percentiles: 2%=0.6801081895828247, 5%=0.6812822222709656, 10%=0.6826372742652893, 25%=0.6868180632591248, 50%=0.7000936269760132, 75%=0.7100366950035095, 90%=0.7130905985832214, 95%=0.7155174016952515, 98%=0.7170124650001526
ranking_best_algo: PBIL
ranking_best_score: 0.7013553837109374
ranking_my_rank: 3/504 (99.6%)
ranking_my_percent: 99.60317460317461
