ConfigName: krbf__advnormalizedfitness__M1__L10__eps0p015__g0p005__ds0p15__dm0p01
Problem: QUBO
Kernel: rbf
Advantage: normalizedfitness
M: 1
lambda: 10
epsilon_svgd: 0.015
gamma: 0.005
decay_start_ratio: 0.15
decay_min_factor: 0.01
bandwith_kernel: None
no_interact: False
avg_score: -3251.760009765625
median_score: -3270.5
std_score: 187.3949432373047
percentiles: 2%=-3472.8798828125, 5%=-3438.949951171875, 10%=-3417.5, 25%=-3350.0, 50%=-3270.5, 75%=-3186.0, 90%=-3108.800048828125, 95%=-3002.949951171875, 98%=-2955.3798828125
ranking_best_algo: RLSOnePlusOne
ranking_best_score: 3316.5199999999995
ranking_my_rank: 40/504 (92.3%)
ranking_my_percent: 92.26190476190476
