ConfigName: kjsd__advperagentrankweighted__M4__L10__eps0p02__g0p0005__ds0p2__dm0p05
Problem: QUBO
Kernel: jsd
Advantage: peragentrankweighted
M: 4
lambda: 10
epsilon_svgd: 0.02
gamma: 0.0005
decay_start_ratio: 0.2
decay_min_factor: 0.05
bandwith_kernel: None
no_interact: False
avg_score: -423.6400146484375
median_score: -421.5
std_score: 25.62714385986328
percentiles: 2%=-475.0799865722656, 5%=-471.1000061035156, 10%=-455.1000061035156, 25%=-442.25, 50%=-421.5, 75%=-406.0, 90%=-390.79998779296875, 95%=-384.95001220703125, 98%=-381.55999755859375
ranking_best_algo: CMAL3
ranking_best_score: 435.36
ranking_my_rank: 32/504 (93.8%)
ranking_my_percent: 93.84920634920636
