ConfigName: krbf__advnormalizedfitness__M1__L8__eps0p025__g0p005__ds0p3__dm0p3
Problem: NK
Kernel: rbf
Advantage: normalizedfitness
M: 1
lambda: 8
epsilon_svgd: 0.025
gamma: 0.005
decay_start_ratio: 0.3
decay_min_factor: 0.3
bandwith_kernel: None
no_interact: False
avg_score: 0.7003980278968811
median_score: 0.702507734298706
std_score: 0.016835641115903854
percentiles: 2%=0.6598274111747742, 5%=0.66117262840271, 10%=0.6801139116287231, 25%=0.6943152546882629, 50%=0.702507734298706, 75%=0.7088760137557983, 90%=0.7214034795761108, 95%=0.7252737879753113, 98%=0.7292484045028687
ranking_best_algo: CMApara
ranking_best_score: 0.707475975
ranking_my_rank: 89/504 (82.5%)
ranking_my_percent: 82.53968253968254
