ConfigName: krbf__advnormalizedfitness__M4__L12__eps0p025__g0p005__ds0p15__dm0p01
Problem: QUBO
Kernel: rbf
Advantage: normalizedfitness
M: 4
lambda: 12
epsilon_svgd: 0.025
gamma: 0.005
decay_start_ratio: 0.15
decay_min_factor: 0.01
bandwith_kernel: None
no_interact: False
avg_score: -312.9200134277344
median_score: -315.0
std_score: 37.22786331176758
percentiles: 2%=-392.0400085449219, 5%=-384.20001220703125, 10%=-358.6000061035156, 25%=-338.0, 50%=-315.0, 75%=-277.75, 90%=-267.8999938964844, 95%=-264.0, 98%=-261.89996337890625
ranking_best_algo: CMApara
ranking_best_score: 319.29999999999995
ranking_my_rank: 31/504 (94.0%)
ranking_my_percent: 94.04761904761905
