ConfigName: kjsd__advperagentrankweighted__M3__L20__eps0p007__g0p0007__ds0p1__dm0p1
Problem: QUBO
Kernel: jsd
Advantage: peragentrankweighted
M: 3
lambda: 20
epsilon_svgd: 0.007
gamma: 0.0007
decay_start_ratio: 0.1
decay_min_factor: 0.1
bandwith_kernel: None
no_interact: False
avg_score: -925.52001953125
median_score: -910.0
std_score: 65.30902862548828
percentiles: 2%=-1054.0799560546875, 5%=-1048.0, 10%=-1017.2999877929688, 25%=-966.0, 50%=-910.0, 75%=-883.5, 90%=-857.2000122070312, 95%=-816.9000244140625, 98%=-800.9000244140625
ranking_best_algo: CMApara
ranking_best_score: 964.9
ranking_my_rank: 21/504 (96.0%)
ranking_my_percent: 96.03174603174604
