ConfigName: kjsd__advperagentrankweighted__M6__L24__eps0p008__g0p0005__ds0p3__dm0p05
Problem: NK
Kernel: jsd
Advantage: peragentrankweighted
M: 6
lambda: 24
epsilon_svgd: 0.008
gamma: 0.0005
decay_start_ratio: 0.3
decay_min_factor: 0.05
bandwith_kernel: None
no_interact: False
avg_score: 0.7144671082496643
median_score: 0.7140414714813232
std_score: 0.015530683100223541
percentiles: 2%=0.6863563656806946, 5%=0.6902662515640259, 10%=0.6943071484565735, 25%=0.7032310366630554, 50%=0.7140414714813232, 75%=0.7240155935287476, 90%=0.7339492440223694, 95%=0.739421010017395, 98%=0.7470206618309021
ranking_best_algo: Tabu
ranking_best_score: 0.7429702712499999
ranking_my_rank: 98/504 (80.8%)
ranking_my_percent: 80.75396825396825
