ConfigName: kjsd__advperagentrankweighted__M3__L16__eps0p005__g0p001__ds0p05__dm0p1
Problem: QUBO
Kernel: jsd
Advantage: peragentrankweighted
M: 3
lambda: 16
epsilon_svgd: 0.005
gamma: 0.001
decay_start_ratio: 0.05
decay_min_factor: 0.1
bandwith_kernel: None
no_interact: False
avg_score: -2643.860107421875
median_score: -2638.5
std_score: 119.93940734863281
percentiles: 2%=-2909.639892578125, 5%=-2852.199951171875, 10%=-2797.5, 25%=-2718.0, 50%=-2638.5, 75%=-2555.75, 90%=-2497.699951171875, 95%=-2467.89990234375, 98%=-2435.52001953125
ranking_best_algo: DiscreteLengler2OnePlusOne
ranking_best_score: 2617.04
ranking_my_rank: 1/504 (100.0%)
ranking_my_percent: 100.0
