ConfigName: krbf__advnormalizedfitness__M3__L10__eps0p025__g0p015__ds0p15__dm0p01
Problem: NK
Kernel: rbf
Advantage: normalizedfitness
M: 3
lambda: 10
epsilon_svgd: 0.025
gamma: 0.015
decay_start_ratio: 0.15
decay_min_factor: 0.01
bandwith_kernel: None
no_interact: False
avg_score: 0.6927869915962219
median_score: 0.6931858062744141
std_score: 0.019128238782286644
percentiles: 2%=0.6528935432434082, 5%=0.6558217406272888, 10%=0.6680552959442139, 25%=0.6820504069328308, 50%=0.6931858062744141, 75%=0.7031453251838684, 90%=0.716253399848938, 95%=0.7247413992881775, 98%=0.7303965091705322
ranking_best_algo: Tabu
ranking_best_score: 0.7429702712499999
ranking_my_rank: 237/504 (53.2%)
ranking_my_percent: 53.17460317460318
