ConfigName: krbf__advnormalizedfitness__M3__L10__eps0p015__g0p01__ds0p3__dm0p3
Problem: NK
Kernel: rbf
Advantage: normalizedfitness
M: 3
lambda: 10
epsilon_svgd: 0.015
gamma: 0.01
decay_start_ratio: 0.3
decay_min_factor: 0.3
bandwith_kernel: None
no_interact: False
avg_score: 0.7119812965393066
median_score: 0.708490252494812
std_score: 0.02112460881471634
percentiles: 2%=0.6756196618080139, 5%=0.6806905269622803, 10%=0.6857690811157227, 25%=0.6962574124336243, 50%=0.708490252494812, 75%=0.729731559753418, 90%=0.7404347658157349, 95%=0.7487233281135559, 98%=0.7542980313301086
ranking_best_algo: Tabu
ranking_best_score: 0.7470791764843752
ranking_my_rank: 237/504 (53.2%)
ranking_my_percent: 53.17460317460318
