ConfigName: kjsd__advperagentrankweighted__M5__L8__eps0p02__g0p0007__ds0p2__dm0p05
Problem: QUBO
Kernel: jsd
Advantage: peragentrankweighted
M: 5
lambda: 8
epsilon_svgd: 0.02
gamma: 0.0007
decay_start_ratio: 0.2
decay_min_factor: 0.05
bandwith_kernel: None
no_interact: False
avg_score: -2577.0400390625
median_score: -2576.0
std_score: 117.19674682617188
percentiles: 2%=-2792.239990234375, 5%=-2763.449951171875, 10%=-2732.5, 25%=-2659.5, 50%=-2576.0, 75%=-2497.75, 90%=-2421.699951171875, 95%=-2374.64990234375, 98%=-2337.93994140625
ranking_best_algo: SVM1MetaModelLogNormal
ranking_best_score: 2605.14
ranking_my_rank: 14/504 (97.4%)
ranking_my_percent: 97.42063492063492
