ConfigName: kjsd__advperagentrankweighted__M3__L30__eps0p007__g0p0005__ds0p1__dm0p05
Problem: NK
Kernel: jsd
Advantage: peragentrankweighted
M: 3
lambda: 30
epsilon_svgd: 0.007
gamma: 0.0005
decay_start_ratio: 0.1
decay_min_factor: 0.05
bandwith_kernel: None
no_interact: False
avg_score: 0.7074341773986816
median_score: 0.7093550562858582
std_score: 0.012143813073635101
percentiles: 2%=0.6880316138267517, 5%=0.6887838244438171, 10%=0.6921421885490417, 25%=0.6957641839981079, 50%=0.7093550562858582, 75%=0.7179065942764282, 90%=0.7219093441963196, 95%=0.7233595252037048, 98%=0.7250027060508728
ranking_best_algo: PBIL
ranking_best_score: 0.7013553837109374
ranking_my_rank: 1/504 (100.0%)
ranking_my_percent: 100.0
