ConfigName: krbf__advnormalizedfitness__M4__L12__eps0p025__g0p005__ds0p3__dm0p01
Problem: QUBO
Kernel: rbf
Advantage: normalizedfitness
M: 4
lambda: 12
epsilon_svgd: 0.025
gamma: 0.005
decay_start_ratio: 0.3
decay_min_factor: 0.01
bandwith_kernel: None
no_interact: False
avg_score: -2475.39990234375
median_score: -2447.0
std_score: 165.4647979736328
percentiles: 2%=-2789.419921875, 5%=-2756.39990234375, 10%=-2700.10009765625, 25%=-2608.0, 50%=-2447.0, 75%=-2349.25, 90%=-2290.10009765625, 95%=-2200.0, 98%=-2182.97998046875
ranking_best_algo: DiscreteLengler2OnePlusOne
ranking_best_score: 2617.04
ranking_my_rank: 84/504 (83.5%)
ranking_my_percent: 83.53174603174604
