ConfigName: krbf__advnormalizedfitness__M4__L8__eps0p033__g0p005__ds0p15__dm0p01
Problem: QUBO
Kernel: rbf
Advantage: normalizedfitness
M: 4
lambda: 8
epsilon_svgd: 0.033
gamma: 0.005
decay_start_ratio: 0.15
decay_min_factor: 0.01
bandwith_kernel: None
no_interact: False
avg_score: -427.5199890136719
median_score: -430.0
std_score: 23.66621208190918
percentiles: 2%=-471.0799865722656, 5%=-462.1000061035156, 10%=-457.0, 25%=-444.25, 50%=-430.0, 75%=-414.25, 90%=-396.0, 95%=-387.8500061035156, 98%=-379.73992919921875
ranking_best_algo: CMAL3
ranking_best_score: 435.36
ranking_my_rank: 18/504 (96.6%)
ranking_my_percent: 96.62698412698413
