ConfigName: kjsd__advperagentrankweighted__M5__L10__eps0p005__g0p0005__ds0p05__dm0p05
Problem: QUBO
Kernel: jsd
Advantage: peragentrankweighted
M: 5
lambda: 10
epsilon_svgd: 0.005
gamma: 0.0005
decay_start_ratio: 0.05
decay_min_factor: 0.05
bandwith_kernel: None
no_interact: False
avg_score: -2595.5
median_score: -2575.0
std_score: 121.50123596191406
percentiles: 2%=-2824.0400390625, 5%=-2798.550048828125, 10%=-2782.300048828125, 25%=-2679.25, 50%=-2575.0, 75%=-2509.75, 90%=-2433.89990234375, 95%=-2417.35009765625, 98%=-2399.8798828125
ranking_best_algo: SVM1MetaModelLogNormal
ranking_best_score: 2605.14
ranking_my_rank: 10/504 (98.2%)
ranking_my_percent: 98.21428571428571
