ConfigName: kfr__advglobalrankweighted__M3__L9__eps0p01__g0p005__ds0p01__dm0p01
Problem: QUBO
Kernel: fr
Advantage: globalrankweighted
M: 3
lambda: 9
epsilon_svgd: 0.01
gamma: 0.005
decay_start_ratio: 0.01
decay_min_factor: 0.01
bandwith_kernel: None
no_interact: False
avg_score: -3248.199951171875
median_score: -3243.5
std_score: 129.72169494628906
percentiles: 2%=-3492.860107421875, 5%=-3480.199951171875, 10%=-3435.0, 25%=-3327.25, 50%=-3243.5, 75%=-3169.5, 90%=-3076.89990234375, 95%=-3033.75, 98%=-3007.279541015625
ranking_best_algo: RLSOnePlusOne
ranking_best_score: 3316.5199999999995
ranking_my_rank: 42/504 (91.9%)
ranking_my_percent: 91.86507936507937
