ConfigName: kjsd__advperagentrankweighted__M3__L20__eps0p005__g0p003__ds0p05__dm0p1
Problem: NK
Kernel: jsd
Advantage: peragentrankweighted
M: 3
lambda: 20
epsilon_svgd: 0.005
gamma: 0.003
decay_start_ratio: 0.05
decay_min_factor: 0.1
bandwith_kernel: None
no_interact: False
avg_score: 0.5867007374763489
median_score: 0.5849037766456604
std_score: 0.008698921650648117
percentiles: 2%=0.5738635063171387, 5%=0.5747888088226318, 10%=0.576729953289032, 25%=0.5806092023849487, 50%=0.5849037766456604, 75%=0.592047929763794, 90%=0.5993483662605286, 95%=0.6006038188934326, 98%=0.6038854718208313
ranking_best_algo: PBIL
ranking_best_score: 0.7170882103515624
ranking_my_rank: 373/504 (26.2%)
ranking_my_percent: 26.19047619047619
