ConfigName: krbf__advnormalizedfitness__M1__L8__eps0p015__g0p01__ds0p01__dm0p01
Problem: QUBO
Kernel: rbf
Advantage: normalizedfitness
M: 1
lambda: 8
epsilon_svgd: 0.015
gamma: 0.01
decay_start_ratio: 0.01
decay_min_factor: 0.01
bandwith_kernel: None
no_interact: False
avg_score: -1163.219970703125
median_score: -1164.5
std_score: 59.26054000854492
percentiles: 2%=-1279.1199951171875, 5%=-1255.5999755859375, 10%=-1238.4000244140625, 25%=-1201.75, 50%=-1164.5, 75%=-1118.75, 90%=-1084.699951171875, 95%=-1065.9000244140625, 98%=-1049.9599609375
ranking_best_algo: Tabu
ranking_best_score: 1216.16
ranking_my_rank: 98/504 (80.8%)
ranking_my_percent: 80.75396825396825
