ConfigName: kjsd__advperagentrankweighted__M5__L8__eps0p01__g0p003__ds0p4__dm0p2
Problem: NK
Kernel: jsd
Advantage: peragentrankweighted
M: 5
lambda: 8
epsilon_svgd: 0.01
gamma: 0.003
decay_start_ratio: 0.4
decay_min_factor: 0.2
bandwith_kernel: None
no_interact: False
avg_score: 0.7118289470672607
median_score: 0.6994725465774536
std_score: 0.03142367675900459
percentiles: 2%=0.6743402481079102, 5%=0.6744084358215332, 10%=0.6792120933532715, 25%=0.6828573942184448, 50%=0.6994725465774536, 75%=0.7474179267883301, 90%=0.7535372376441956, 95%=0.7613165378570557, 98%=0.7613165378570557
ranking_best_algo: CMApara
ranking_best_score: 0.7118996098437498
ranking_my_rank: 2/504 (99.8%)
ranking_my_percent: 99.8015873015873
