ConfigName: kjsd__advperagentrankweighted__M3__L18__eps0p005__g0p0005__ds0p2__dm0p2
Problem: NK
Kernel: jsd
Advantage: peragentrankweighted
M: 3
lambda: 18
epsilon_svgd: 0.005
gamma: 0.0005
decay_start_ratio: 0.2
decay_min_factor: 0.2
bandwith_kernel: None
no_interact: False
avg_score: 0.719362735748291
median_score: 0.718979001045227
std_score: 0.008320305496454239
percentiles: 2%=0.7039134502410889, 5%=0.7063069343566895, 10%=0.7087305784225464, 25%=0.7137172222137451, 50%=0.718979001045227, 75%=0.7244583368301392, 90%=0.730115532875061, 95%=0.7337979078292847, 98%=0.7363893389701843
ranking_best_algo: PBIL
ranking_best_score: 0.7170882103515624
ranking_my_rank: 1/504 (100.0%)
ranking_my_percent: 100.0
