ConfigName: kjsd__advperagentrankweighted__M3__L20__eps0p01__g0p0005__ds0p05__dm0p05
Problem: QUBO
Kernel: jsd
Advantage: peragentrankweighted
M: 3
lambda: 20
epsilon_svgd: 0.01
gamma: 0.0005
decay_start_ratio: 0.05
decay_min_factor: 0.05
bandwith_kernel: None
no_interact: False
avg_score: -2595.199951171875
median_score: -2590.5
std_score: 109.55181121826172
percentiles: 2%=-2826.679931640625, 5%=-2771.300048828125, 10%=-2736.10009765625, 25%=-2673.5, 50%=-2590.5, 75%=-2515.75, 90%=-2463.699951171875, 95%=-2426.60009765625, 98%=-2412.360107421875
ranking_best_algo: SVM1MetaModelLogNormal
ranking_best_score: 2605.14
ranking_my_rank: 10/504 (98.2%)
ranking_my_percent: 98.21428571428571
