ConfigName: kjsd__advperagentrankweighted__M3__L20__eps0p005__g0p001__ds0p05__dm0p2
Problem: NK
Kernel: jsd
Advantage: peragentrankweighted
M: 3
lambda: 20
epsilon_svgd: 0.005
gamma: 0.001
decay_start_ratio: 0.05
decay_min_factor: 0.2
bandwith_kernel: None
no_interact: False
avg_score: 0.7431626915931702
median_score: 0.7441524863243103
std_score: 0.01237710751593113
percentiles: 2%=0.7195541858673096, 5%=0.7252405285835266, 10%=0.7276761531829834, 25%=0.7345950603485107, 50%=0.7441524863243103, 75%=0.7506388425827026, 90%=0.7554981708526611, 95%=0.7594566345214844, 98%=0.7694161534309387
ranking_best_algo: Tabu
ranking_best_score: 0.7601875690625
ranking_my_rank: 8/504 (98.6%)
ranking_my_percent: 98.61111111111111
