ConfigName: kjsd__advperagentrankweighted__M3__L16__eps0p007__g0p003__ds0p1__dm0p05
Problem: QUBO
Kernel: jsd
Advantage: peragentrankweighted
M: 3
lambda: 16
epsilon_svgd: 0.007
gamma: 0.003
decay_start_ratio: 0.1
decay_min_factor: 0.05
bandwith_kernel: None
no_interact: False
avg_score: -576.02001953125
median_score: -574.0
std_score: 26.614273071289062
percentiles: 2%=-627.0, 5%=-619.0999755859375, 10%=-611.0, 25%=-595.25, 50%=-574.0, 75%=-556.75, 90%=-541.9000244140625, 95%=-532.7000122070312, 98%=-523.0
ranking_best_algo: Tabu
ranking_best_score: 588.7199999999999
ranking_my_rank: 56/503 (89.1%)
ranking_my_percent: 89.06560636182903
