ConfigName: kjsd__advperagentrankweighted__M4__L20__eps0p005__g0p001__ds0p2__dm0p1
Problem: QUBO
Kernel: jsd
Advantage: peragentrankweighted
M: 4
lambda: 20
epsilon_svgd: 0.005
gamma: 0.001
decay_start_ratio: 0.2
decay_min_factor: 0.1
bandwith_kernel: None
no_interact: False
avg_score: -1246.280029296875
median_score: -1240.0
std_score: 79.424560546875
percentiles: 2%=-1413.0400390625, 5%=-1366.199951171875, 10%=-1351.0999755859375, 25%=-1304.0, 50%=-1240.0, 75%=-1180.5, 90%=-1154.5999755859375, 95%=-1128.9000244140625, 98%=-1093.6600341796875
ranking_best_algo: BigLognormalDiscreteOnePlusOne
ranking_best_score: 1301.3600000000004
ranking_my_rank: 57/504 (88.9%)
ranking_my_percent: 88.88888888888889
