ConfigName: krbf__advnormalizedfitness__M4__L8__eps0p015__g0p007__ds0p15__dm0p3
Problem: QUBO
Kernel: rbf
Advantage: normalizedfitness
M: 4
lambda: 8
epsilon_svgd: 0.015
gamma: 0.007
decay_start_ratio: 0.15
decay_min_factor: 0.3
bandwith_kernel: None
no_interact: False
avg_score: -824.8599853515625
median_score: -820.0
std_score: 71.20084381103516
percentiles: 2%=-983.260009765625, 5%=-948.4000244140625, 10%=-931.0, 25%=-862.0, 50%=-820.0, 75%=-778.75, 90%=-734.7999877929688, 95%=-714.4500732421875, 98%=-695.8199462890625
ranking_best_algo: CMAL3
ranking_best_score: 928.5800000000002
ranking_my_rank: 261/504 (48.4%)
ranking_my_percent: 48.41269841269841
