ConfigName: kjsd__advperagentrankweighted__M8__L24__eps0p008__g0p0005__ds0p3__dm0p05
Problem: QUBO
Kernel: jsd
Advantage: peragentrankweighted
M: 8
lambda: 24
epsilon_svgd: 0.008
gamma: 0.0005
decay_start_ratio: 0.3
decay_min_factor: 0.05
bandwith_kernel: None
no_interact: False
avg_score: -151.16000366210938
median_score: -149.5
std_score: 11.918657302856445
percentiles: 2%=-179.0, 5%=-179.0, 10%=-164.0, 25%=-155.25, 50%=-149.5, 75%=-141.0, 90%=-139.0, 95%=-135.0, 98%=-133.0
ranking_best_algo: CMApara
ranking_best_score: 154.28
ranking_my_rank: 72/504 (85.9%)
ranking_my_percent: 85.91269841269842
