ConfigName: kjsd__advperagentrankweighted__M3__L16__eps0p005__g0p0007__ds0p05__dm0p1
Problem: QUBO
Kernel: jsd
Advantage: peragentrankweighted
M: 3
lambda: 16
epsilon_svgd: 0.005
gamma: 0.0007
decay_start_ratio: 0.05
decay_min_factor: 0.1
bandwith_kernel: None
no_interact: False
avg_score: -438.55999755859375
median_score: -448.0
std_score: 27.277212142944336
percentiles: 2%=-473.20001220703125, 5%=-472.0, 10%=-467.0, 25%=-459.25, 50%=-448.0, 75%=-415.0, 90%=-397.8999938964844, 95%=-392.8500061035156, 98%=-375.9599914550781
ranking_best_algo: CMApara
ranking_best_score: 453.82
ranking_my_rank: 19/504 (96.4%)
ranking_my_percent: 96.42857142857143
