ConfigName: krbf__advnormalizedfitness__M2__L11__eps0p01__g0p007__ds0p01__dm0p01
Problem: NK
Kernel: rbf
Advantage: normalizedfitness
M: 2
lambda: 11
epsilon_svgd: 0.01
gamma: 0.007
decay_start_ratio: 0.01
decay_min_factor: 0.01
bandwith_kernel: None
no_interact: False
avg_score: 0.7359106540679932
median_score: 0.737930178642273
std_score: 0.009053075686097145
percentiles: 2%=0.7158267498016357, 5%=0.7189720869064331, 10%=0.7220712900161743, 25%=0.72954261302948, 50%=0.737930178642273, 75%=0.7429801225662231, 90%=0.745930016040802, 95%=0.7469003200531006, 98%=0.7484875917434692
ranking_best_algo: PBIL
ranking_best_score: 0.7248786399609374
ranking_my_rank: 1/504 (100.0%)
ranking_my_percent: 100.0
