ConfigName: kjsd__advperagentrankweighted__M5__L24__eps0p02__g0p0007__ds0p2__dm0p05
Problem: NK
Kernel: jsd
Advantage: peragentrankweighted
M: 5
lambda: 24
epsilon_svgd: 0.02
gamma: 0.0007
decay_start_ratio: 0.2
decay_min_factor: 0.05
bandwith_kernel: None
no_interact: False
avg_score: 0.7310828566551208
median_score: 0.7300572991371155
std_score: 0.009536758065223694
percentiles: 2%=0.7162694931030273, 5%=0.7179544568061829, 10%=0.7194119691848755, 25%=0.7250915169715881, 50%=0.7300572991371155, 75%=0.7365494966506958, 90%=0.7440865635871887, 95%=0.7461575269699097, 98%=0.7532885074615479
ranking_best_algo: Tabu
ranking_best_score: 0.7429702712499999
ranking_my_rank: 2/504 (99.8%)
ranking_my_percent: 99.8015873015873
