ConfigName: kjsd__advperagentrankweighted__M4__L28__eps0p008__g0p0005__ds0p05__dm0p05
Problem: QUBO
Kernel: jsd
Advantage: peragentrankweighted
M: 4
lambda: 28
epsilon_svgd: 0.008
gamma: 0.0005
decay_start_ratio: 0.05
decay_min_factor: 0.05
bandwith_kernel: None
no_interact: False
avg_score: -584.5999755859375
median_score: -586.5
std_score: 24.93511390686035
percentiles: 2%=-633.1199951171875, 5%=-621.0999755859375, 10%=-614.0, 25%=-601.0, 50%=-586.5, 75%=-566.0, 90%=-554.0, 95%=-546.9500122070312, 98%=-534.6599731445312
ranking_best_algo: Tabu
ranking_best_score: 588.7199999999999
ranking_my_rank: 5/503 (99.2%)
ranking_my_percent: 99.20477137176938
