ConfigName: kjsd__advperagentrankweighted__M5__L8__eps0p005__g0p0007__ds0p05__dm0p05
Problem: NK
Kernel: jsd
Advantage: peragentrankweighted
M: 5
lambda: 8
epsilon_svgd: 0.005
gamma: 0.0007
decay_start_ratio: 0.05
decay_min_factor: 0.05
bandwith_kernel: None
no_interact: False
avg_score: 0.7075119614601135
median_score: 0.7098423838615417
std_score: 0.011604963801801205
percentiles: 2%=0.6880732774734497, 5%=0.6897362470626831, 10%=0.6918333768844604, 25%=0.6966843008995056, 50%=0.7098423838615417, 75%=0.7173056602478027, 90%=0.7211241722106934, 95%=0.7223039865493774, 98%=0.7240883111953735
ranking_best_algo: PBIL
ranking_best_score: 0.7013553837109374
ranking_my_rank: 1/504 (100.0%)
ranking_my_percent: 100.0
