ConfigName: kjsd__advperagentrankweighted__M4__L12__eps0p02__g0p0003__ds0p05__dm0p05
Problem: QUBO
Kernel: jsd
Advantage: peragentrankweighted
M: 4
lambda: 12
epsilon_svgd: 0.02
gamma: 0.0003
decay_start_ratio: 0.05
decay_min_factor: 0.05
bandwith_kernel: None
no_interact: False
avg_score: -420.5
median_score: -417.0
std_score: 29.37601089477539
percentiles: 2%=-475.0799865722656, 5%=-469.1000061035156, 10%=-457.29998779296875, 25%=-443.25, 50%=-417.0, 75%=-400.75, 90%=-384.5, 95%=-373.8999938964844, 98%=-368.7799987792969
ranking_best_algo: CMAL3
ranking_best_score: 435.36
ranking_my_rank: 59/504 (88.5%)
ranking_my_percent: 88.4920634920635
