ConfigName: kjsd__advperagentrankweighted__M3__L20__eps0p007__g0p001__ds0p05__dm0p1
Problem: QUBO
Kernel: jsd
Advantage: peragentrankweighted
M: 3
lambda: 20
epsilon_svgd: 0.007
gamma: 0.001
decay_start_ratio: 0.05
decay_min_factor: 0.1
bandwith_kernel: None
no_interact: False
avg_score: -921.0399780273438
median_score: -916.5
std_score: 60.876747131347656
percentiles: 2%=-1040.0400390625, 5%=-1024.300048828125, 10%=-1006.2000122070312, 25%=-962.5, 50%=-916.5, 75%=-873.0, 90%=-848.9000244140625, 95%=-824.9000244140625, 98%=-817.780029296875
ranking_best_algo: CMAL3
ranking_best_score: 928.5800000000002
ranking_my_rank: 9/504 (98.4%)
ranking_my_percent: 98.41269841269842
