ConfigName: kjsd__advperagentrankweighted__M4__L12__eps0p01__g0p0003__ds0p05__dm0p05
Problem: QUBO
Kernel: jsd
Advantage: peragentrankweighted
M: 4
lambda: 12
epsilon_svgd: 0.01
gamma: 0.0003
decay_start_ratio: 0.05
decay_min_factor: 0.05
bandwith_kernel: None
no_interact: False
avg_score: -1174.8599853515625
median_score: -1168.5
std_score: 58.52418518066406
percentiles: 2%=-1325.199951171875, 5%=-1273.0999755859375, 10%=-1259.0999755859375, 25%=-1204.25, 50%=-1168.5, 75%=-1132.0, 90%=-1110.9000244140625, 95%=-1091.8499755859375, 98%=-1084.6199951171875
ranking_best_algo: Tabu
ranking_best_score: 1216.16
ranking_my_rank: 83/504 (83.7%)
ranking_my_percent: 83.73015873015873
