ConfigName: krbf__advnormalizedfitness__M1__L8__eps0p015__g0p015__ds0p01__dm0p3
Problem: QUBO
Kernel: rbf
Advantage: normalizedfitness
M: 1
lambda: 8
epsilon_svgd: 0.015
gamma: 0.015
decay_start_ratio: 0.01
decay_min_factor: 0.3
bandwith_kernel: None
no_interact: False
avg_score: -3279.080078125
median_score: -3281.0
std_score: 129.82723999023438
percentiles: 2%=-3536.239990234375, 5%=-3507.64990234375, 10%=-3426.699951171875, 25%=-3360.25, 50%=-3281.0, 75%=-3200.25, 90%=-3137.800048828125, 95%=-3105.400146484375, 98%=-3069.619873046875
ranking_best_algo: RLSOnePlusOne
ranking_best_score: 3316.5199999999995
ranking_my_rank: 11/504 (98.0%)
ranking_my_percent: 98.01587301587301
