ConfigName: krbf__advnormalizedfitness__M4__L8__eps0p015__g0p015__ds0p01__dm0p01
Problem: QUBO
Kernel: rbf
Advantage: normalizedfitness
M: 4
lambda: 8
epsilon_svgd: 0.015
gamma: 0.015
decay_start_ratio: 0.01
decay_min_factor: 0.01
bandwith_kernel: None
no_interact: False
avg_score: -522.739990234375
median_score: -525.5
std_score: 43.02199935913086
percentiles: 2%=-604.0599975585938, 5%=-597.0499877929688, 10%=-580.2000122070312, 25%=-547.5, 50%=-525.5, 75%=-491.75, 90%=-464.8999938964844, 95%=-454.95001220703125, 98%=-443.75994873046875
ranking_best_algo: Tabu
ranking_best_score: 588.7199999999999
ranking_my_rank: 203/503 (59.8%)
ranking_my_percent: 59.84095427435388
