ConfigName: krbf__advnormalizedfitness__M4__L15__eps0p015__g0p015__ds0p15__dm0p3
Problem: QUBO
Kernel: rbf
Advantage: normalizedfitness
M: 4
lambda: 15
epsilon_svgd: 0.015
gamma: 0.015
decay_start_ratio: 0.15
decay_min_factor: 0.3
bandwith_kernel: None
no_interact: False
avg_score: -225.1199951171875
median_score: -216.0
std_score: 29.199756622314453
percentiles: 2%=-292.0799865722656, 5%=-284.1000061035156, 10%=-262.3999938964844, 25%=-246.5, 50%=-216.0, 75%=-203.0, 90%=-194.0, 95%=-187.95001220703125, 98%=-183.8999786376953
ranking_best_algo: CMApara
ranking_best_score: 319.29999999999995
ranking_my_rank: 388/504 (23.2%)
ranking_my_percent: 23.214285714285715
