ConfigName: kjsd__advperagentrankweighted__M3__L16__eps0p01__g0p0005__ds0p1__dm0p1
Problem: QUBO
Kernel: jsd
Advantage: peragentrankweighted
M: 3
lambda: 16
epsilon_svgd: 0.01
gamma: 0.0005
decay_start_ratio: 0.1
decay_min_factor: 0.1
bandwith_kernel: None
no_interact: False
avg_score: -421.739990234375
median_score: -425.0
std_score: 31.910064697265625
percentiles: 2%=-473.1199951171875, 5%=-471.1000061035156, 10%=-459.3999938964844, 25%=-442.25, 50%=-425.0, 75%=-406.75, 90%=-382.70001220703125, 95%=-361.79998779296875, 98%=-350.0
ranking_best_algo: CMAL3
ranking_best_score: 435.36
ranking_my_rank: 52/504 (89.9%)
ranking_my_percent: 89.88095238095238
