ConfigName: kfr__advglobalrankweighted__M3__L11__eps0p02__g0p003__ds0p01__dm0p01
Problem: QUBO
Kernel: fr
Advantage: globalrankweighted
M: 3
lambda: 11
epsilon_svgd: 0.02
gamma: 0.003
decay_start_ratio: 0.01
decay_min_factor: 0.01
bandwith_kernel: None
no_interact: False
avg_score: -3268.219970703125
median_score: -3271.0
std_score: 119.11402893066406
percentiles: 2%=-3534.380126953125, 5%=-3441.699951171875, 10%=-3396.5, 25%=-3332.75, 50%=-3271.0, 75%=-3177.5, 90%=-3127.699951171875, 95%=-3103.35009765625, 98%=-3036.8798828125
ranking_best_algo: RLSOnePlusOne
ranking_best_score: 3316.5199999999995
ranking_my_rank: 12/504 (97.8%)
ranking_my_percent: 97.81746031746032
