ConfigName: krbf__advnormalizedfitness__M4__L8__eps0p033__g0p015__ds0p01__dm0p3
Problem: QUBO
Kernel: rbf
Advantage: normalizedfitness
M: 4
lambda: 8
epsilon_svgd: 0.033
gamma: 0.015
decay_start_ratio: 0.01
decay_min_factor: 0.3
bandwith_kernel: None
no_interact: False
avg_score: -892.260009765625
median_score: -896.0
std_score: 73.12422180175781
percentiles: 2%=-1037.5, 5%=-1005.2999877929688, 10%=-981.5999755859375, 25%=-939.25, 50%=-896.0, 75%=-846.0, 90%=-791.7000122070312, 95%=-758.800048828125, 98%=-752.7599487304688
ranking_best_algo: CMApara
ranking_best_score: 964.9
ranking_my_rank: 184/504 (63.7%)
ranking_my_percent: 63.69047619047619
