ConfigName: kjsd__advperagentrankweighted__M5__L10__eps0p01__g0p003__ds0p05__dm0p2
Problem: QUBO
Kernel: jsd
Advantage: peragentrankweighted
M: 5
lambda: 10
epsilon_svgd: 0.01
gamma: 0.003
decay_start_ratio: 0.05
decay_min_factor: 0.2
bandwith_kernel: None
no_interact: False
avg_score: -883.4000244140625
median_score: -883.5
std_score: 64.94658660888672
percentiles: 2%=-1024.219970703125, 5%=-996.9000244140625, 10%=-967.2000122070312, 25%=-920.0, 50%=-883.5, 75%=-841.0, 90%=-800.7000122070312, 95%=-781.3499755859375, 98%=-752.780029296875
ranking_best_algo: CMAL3
ranking_best_score: 928.5800000000002
ranking_my_rank: 109/504 (78.6%)
ranking_my_percent: 78.57142857142857
