ConfigName: krbf__advnormalizedfitness__M2__L9__eps0p01__g0p003__ds0p01__dm0p01
Problem: QUBO
Kernel: rbf
Advantage: normalizedfitness
M: 2
lambda: 9
epsilon_svgd: 0.01
gamma: 0.003
decay_start_ratio: 0.01
decay_min_factor: 0.01
bandwith_kernel: None
no_interact: False
avg_score: -570.9400024414062
median_score: -568.5
std_score: 31.899158477783203
percentiles: 2%=-631.0800170898438, 5%=-627.0, 10%=-619.2000122070312, 25%=-589.5, 50%=-568.5, 75%=-549.5, 90%=-535.5, 95%=-525.9000244140625, 98%=-505.739990234375
ranking_best_algo: Tabu
ranking_best_score: 588.7199999999999
ranking_my_rank: 64/503 (87.5%)
ranking_my_percent: 87.47514910536779
