ConfigName: kfr__advglobalrankweighted__M2__L10__eps0p02__g0p005__ds0p01__dm0p01
Problem: QUBO
Kernel: fr
Advantage: globalrankweighted
M: 2
lambda: 10
epsilon_svgd: 0.02
gamma: 0.005
decay_start_ratio: 0.01
decay_min_factor: 0.01
bandwith_kernel: None
no_interact: False
avg_score: -2564.639892578125
median_score: -2557.0
std_score: 126.04296875
percentiles: 2%=-2813.639892578125, 5%=-2795.14990234375, 10%=-2754.39990234375, 25%=-2644.25, 50%=-2557.0, 75%=-2472.75, 90%=-2415.300048828125, 95%=-2357.800048828125, 98%=-2327.919921875
ranking_best_algo: SVM1MetaModelLogNormal
ranking_best_score: 2605.14
ranking_my_rank: 39/504 (92.5%)
ranking_my_percent: 92.46031746031746
