ConfigName: kjsd__advperagentrankweighted__M4__L8__eps0p01__g0p0007__ds0p05__dm0p05
Problem: NK
Kernel: jsd
Advantage: peragentrankweighted
M: 4
lambda: 8
epsilon_svgd: 0.01
gamma: 0.0007
decay_start_ratio: 0.05
decay_min_factor: 0.05
bandwith_kernel: None
no_interact: False
avg_score: 0.7092475295066833
median_score: 0.7104752659797668
std_score: 0.01553730946034193
percentiles: 2%=0.6695185899734497, 5%=0.670683741569519, 10%=0.6931949853897095, 25%=0.7048309445381165, 50%=0.7104752659797668, 75%=0.7182528972625732, 90%=0.7253301739692688, 95%=0.7317629456520081, 98%=0.7327664494514465
ranking_best_algo: CMApara
ranking_best_score: 0.707475975
ranking_my_rank: 1/504 (100.0%)
ranking_my_percent: 100.0
