ConfigName: kjsd__advperagentrankweighted__M3__L16__eps0p01__g0p001__ds0p1__dm0p1
Problem: QUBO
Kernel: jsd
Advantage: peragentrankweighted
M: 3
lambda: 16
epsilon_svgd: 0.01
gamma: 0.001
decay_start_ratio: 0.1
decay_min_factor: 0.1
bandwith_kernel: None
no_interact: False
avg_score: -1188.4000244140625
median_score: -1187.0
std_score: 61.56898498535156
percentiles: 2%=-1345.239990234375, 5%=-1299.199951171875, 10%=-1265.5999755859375, 25%=-1225.25, 50%=-1187.0, 75%=-1146.75, 90%=-1118.5, 95%=-1098.75, 98%=-1083.9200439453125
ranking_best_algo: Tabu
ranking_best_score: 1216.16
ranking_my_rank: 61/504 (88.1%)
ranking_my_percent: 88.0952380952381
