ConfigName: kjsd__advperagentrankweighted__M3__L20__eps0p005__g0p001__ds0p05__dm0p05
Problem: NK
Kernel: jsd
Advantage: peragentrankweighted
M: 3
lambda: 20
epsilon_svgd: 0.005
gamma: 0.001
decay_start_ratio: 0.05
decay_min_factor: 0.05
bandwith_kernel: None
no_interact: False
avg_score: 0.7340953946113586
median_score: 0.7343612909317017
std_score: 0.009658458642661572
percentiles: 2%=0.7157979011535645, 5%=0.7197144031524658, 10%=0.7218959331512451, 25%=0.7278774976730347, 50%=0.7343612909317017, 75%=0.7388731241226196, 90%=0.7475849390029907, 95%=0.7505645751953125, 98%=0.7560011744499207
ranking_best_algo: Tabu
ranking_best_score: 0.7429702712499999
ranking_my_rank: 2/504 (99.8%)
ranking_my_percent: 99.8015873015873
