ConfigName: kjsd__advperagentrankweighted__M8__L24__eps0p008__g0p0005__ds0p05__dm0p05
Problem: NK
Kernel: jsd
Advantage: peragentrankweighted
M: 8
lambda: 24
epsilon_svgd: 0.008
gamma: 0.0005
decay_start_ratio: 0.05
decay_min_factor: 0.05
bandwith_kernel: None
no_interact: False
avg_score: 0.7045340538024902
median_score: 0.705510675907135
std_score: 0.012310520745813847
percentiles: 2%=0.6863419413566589, 5%=0.6872082948684692, 10%=0.6885908842086792, 25%=0.6924250721931458, 50%=0.705510675907135, 75%=0.7167441844940186, 90%=0.7189769744873047, 95%=0.7209340333938599, 98%=0.7222172617912292
ranking_best_algo: PBIL
ranking_best_score: 0.7013553837109374
ranking_my_rank: 1/504 (100.0%)
ranking_my_percent: 100.0
