ConfigName: kfr__advglobalrankweighted__M2__L8__eps0p015__g0p005__ds0p01__dm0p01
Problem: QUBO
Kernel: fr
Advantage: globalrankweighted
M: 2
lambda: 8
epsilon_svgd: 0.015
gamma: 0.005
decay_start_ratio: 0.01
decay_min_factor: 0.01
bandwith_kernel: None
no_interact: False
avg_score: -422.17999267578125
median_score: -421.5
std_score: 27.99799156188965
percentiles: 2%=-479.0400085449219, 5%=-475.1000061035156, 10%=-459.0, 25%=-435.25, 50%=-421.5, 75%=-409.0, 90%=-386.79998779296875, 95%=-379.550048828125, 98%=-366.97998046875
ranking_best_algo: CMAL3
ranking_best_score: 435.36
ranking_my_rank: 45/504 (91.3%)
ranking_my_percent: 91.26984126984127
