ConfigName: krbf__advnormalizedfitness__M3__L12__eps0p015__g0p007__ds0p01__dm0p3
Problem: NK
Kernel: rbf
Advantage: normalizedfitness
M: 3
lambda: 12
epsilon_svgd: 0.015
gamma: 0.007
decay_start_ratio: 0.01
decay_min_factor: 0.3
bandwith_kernel: None
no_interact: False
avg_score: 0.7103727459907532
median_score: 0.7112253308296204
std_score: 0.015225053764879704
percentiles: 2%=0.672271192073822, 5%=0.6730111241340637, 10%=0.6958091259002686, 25%=0.7067867517471313, 50%=0.7112253308296204, 75%=0.7193151116371155, 90%=0.7255777716636658, 95%=0.7320637106895447, 98%=0.7326829433441162
ranking_best_algo: CMApara
ranking_best_score: 0.707475975
ranking_my_rank: 1/504 (100.0%)
ranking_my_percent: 100.0
