ConfigName: krbf__advnormalizedfitness__M3__L8__eps0p015__g0p015__ds0p01__dm0p3
Problem: QUBO
Kernel: rbf
Advantage: normalizedfitness
M: 3
lambda: 8
epsilon_svgd: 0.015
gamma: 0.015
decay_start_ratio: 0.01
decay_min_factor: 0.3
bandwith_kernel: None
no_interact: False
avg_score: -1802.93994140625
median_score: -1782.0
std_score: 158.14195251464844
percentiles: 2%=-2128.47998046875, 5%=-2080.550048828125, 10%=-1999.300048828125, 25%=-1913.0, 50%=-1782.0, 75%=-1700.5, 90%=-1602.4000244140625, 95%=-1546.2000732421875, 98%=-1507.599853515625
ranking_best_algo: SVM1MetaModelLogNormal
ranking_best_score: 2605.14
ranking_my_rank: 321/504 (36.5%)
ranking_my_percent: 36.507936507936506
