ConfigName: kjsd__advperagentrankweighted__M4__L8__eps0p03__g0p0005__ds0p05__dm0p05
Problem: NK
Kernel: jsd
Advantage: peragentrankweighted
M: 4
lambda: 8
epsilon_svgd: 0.03
gamma: 0.0005
decay_start_ratio: 0.05
decay_min_factor: 0.05
bandwith_kernel: None
no_interact: False
avg_score: 0.7046915292739868
median_score: 0.7057708501815796
std_score: 0.01596158742904663
percentiles: 2%=0.6637815237045288, 5%=0.6693224906921387, 10%=0.6866534948348999, 25%=0.6998029947280884, 50%=0.7057708501815796, 75%=0.7134708762168884, 90%=0.7241560220718384, 95%=0.7304680347442627, 98%=0.7321488857269287
ranking_best_algo: CMApara
ranking_best_score: 0.707475975
ranking_my_rank: 9/504 (98.4%)
ranking_my_percent: 98.41269841269842
