ConfigName: kfr__advglobalrankweighted__M1__L11__eps0p02__g0p003__ds0p01__dm0p01
Problem: QUBO
Kernel: fr
Advantage: globalrankweighted
M: 1
lambda: 11
epsilon_svgd: 0.02
gamma: 0.003
decay_start_ratio: 0.01
decay_min_factor: 0.01
bandwith_kernel: None
no_interact: False
avg_score: -889.1400146484375
median_score: -890.0
std_score: 65.11160278320312
percentiles: 2%=-1023.3599853515625, 5%=-1011.1500244140625, 10%=-967.5, 25%=-928.75, 50%=-890.0, 75%=-839.5, 90%=-806.7999877929688, 95%=-794.5000610351562, 98%=-775.5999145507812
ranking_best_algo: CMApara
ranking_best_score: 964.9
ranking_my_rank: 190/504 (62.5%)
ranking_my_percent: 62.5
