ConfigName: krbf__advnormalizedfitness__M4__L12__eps0p025__g0p015__ds0p01__dm0p3
Problem: QUBO
Kernel: rbf
Advantage: normalizedfitness
M: 4
lambda: 12
epsilon_svgd: 0.025
gamma: 0.015
decay_start_ratio: 0.01
decay_min_factor: 0.3
bandwith_kernel: None
no_interact: False
avg_score: -351.82000732421875
median_score: -351.5
std_score: 48.108707427978516
percentiles: 2%=-473.0199890136719, 5%=-427.3999938964844, 10%=-404.1000061035156, 25%=-377.75, 50%=-351.5, 75%=-323.5, 90%=-288.0, 95%=-278.70001220703125, 98%=-262.89996337890625
ranking_best_algo: Tabu
ranking_best_score: 588.7199999999999
ranking_my_rank: 345/503 (31.6%)
ranking_my_percent: 31.610337972167
