ConfigName: kjsd__advperagentrankweighted__M6__L8__eps0p02__g0p0005__ds0p2__dm0p05
Problem: QUBO
Kernel: jsd
Advantage: peragentrankweighted
M: 6
lambda: 8
epsilon_svgd: 0.02
gamma: 0.0005
decay_start_ratio: 0.2
decay_min_factor: 0.05
bandwith_kernel: None
no_interact: False
avg_score: -150.75999450683594
median_score: -149.0
std_score: 12.2189359664917
percentiles: 2%=-179.0, 5%=-179.0, 10%=-164.0, 25%=-155.25, 50%=-149.0, 75%=-141.0, 90%=-137.89999389648438, 95%=-135.9499969482422, 98%=-134.9199981689453
ranking_best_algo: CMApara
ranking_best_score: 154.28
ranking_my_rank: 75/504 (85.3%)
ranking_my_percent: 85.31746031746032
