ConfigName: krbf__advnormalizedfitness__M3__L12__eps0p015__g0p007__ds0p3__dm0p3
Problem: NK
Kernel: rbf
Advantage: normalizedfitness
M: 3
lambda: 12
epsilon_svgd: 0.015
gamma: 0.007
decay_start_ratio: 0.3
decay_min_factor: 0.3
bandwith_kernel: None
no_interact: False
avg_score: 0.7300736308097839
median_score: 0.7295966744422913
std_score: 0.019193436950445175
percentiles: 2%=0.6911699175834656, 5%=0.702775776386261, 10%=0.7062318325042725, 25%=0.7149987816810608, 50%=0.7295966744422913, 75%=0.7443356513977051, 90%=0.7551883459091187, 95%=0.7598364353179932, 98%=0.768558919429779
ranking_best_algo: Tabu
ranking_best_score: 0.7470791764843752
ranking_my_rank: 75/504 (85.3%)
ranking_my_percent: 85.31746031746032
