ConfigName: krbf__advnormalizedfitness__M3__L10__eps0p033__g0p015__ds0p3__dm0p01
Problem: NK
Kernel: rbf
Advantage: normalizedfitness
M: 3
lambda: 10
epsilon_svgd: 0.033
gamma: 0.015
decay_start_ratio: 0.3
decay_min_factor: 0.01
bandwith_kernel: None
no_interact: False
avg_score: 0.7068122029304504
median_score: 0.7079038023948669
std_score: 0.011782702058553696
percentiles: 2%=0.6881826519966125, 5%=0.6886585354804993, 10%=0.6925968527793884, 25%=0.6955647468566895, 50%=0.7079038023948669, 75%=0.7174598574638367, 90%=0.7217434644699097, 95%=0.722796618938446, 98%=0.7234043478965759
ranking_best_algo: PBIL
ranking_best_score: 0.7013553837109374
ranking_my_rank: 1/504 (100.0%)
ranking_my_percent: 100.0
