ConfigName: kjsd__advperagentrankweighted__M4__L24__eps0p01__g0p0007__ds0p2__dm0p05
Problem: NK
Kernel: jsd
Advantage: peragentrankweighted
M: 4
lambda: 24
epsilon_svgd: 0.01
gamma: 0.0007
decay_start_ratio: 0.2
decay_min_factor: 0.05
bandwith_kernel: None
no_interact: False
avg_score: 0.71199631690979
median_score: 0.6987258791923523
std_score: 0.031328894197940826
percentiles: 2%=0.674265444278717, 5%=0.6751387119293213, 10%=0.6800239682197571, 25%=0.6838210821151733, 50%=0.6987258791923523, 75%=0.7474179267883301, 90%=0.7540167570114136, 95%=0.7613165378570557, 98%=0.7613165378570557
ranking_best_algo: CMApara
ranking_best_score: 0.7118996098437498
ranking_my_rank: 1/504 (100.0%)
ranking_my_percent: 100.0
