ConfigName: krbf__advnormalizedfitness__M4__L8__eps0p025__g0p005__ds0p05__dm0p05
Problem: NK
Kernel: rbf
Advantage: normalizedfitness
M: 4
lambda: 8
epsilon_svgd: 0.025
gamma: 0.005
decay_start_ratio: 0.05
decay_min_factor: 0.05
bandwith_kernel: None
no_interact: False
avg_score: 0.6949100494384766
median_score: 0.6924318075180054
std_score: 0.01595691405236721
percentiles: 2%=0.6714064478874207, 5%=0.6737914085388184, 10%=0.676116406917572, 25%=0.682715892791748, 50%=0.6924318075180054, 75%=0.7045625448226929, 90%=0.7193359136581421, 95%=0.7280738949775696, 98%=0.7302163243293762
ranking_best_algo: PBIL
ranking_best_score: 0.7170882103515624
ranking_my_rank: 87/504 (82.9%)
ranking_my_percent: 82.93650793650794
