ConfigName: kjsd__advperagentrankweighted__M10__L10__eps0p008__g0p0005__ds0p05__dm0p05
Problem: NK
Kernel: jsd
Advantage: peragentrankweighted
M: 10
lambda: 10
epsilon_svgd: 0.008
gamma: 0.0005
decay_start_ratio: 0.05
decay_min_factor: 0.05
bandwith_kernel: None
no_interact: False
avg_score: 0.7567076683044434
median_score: 0.7559906244277954
std_score: 0.014121889136731625
percentiles: 2%=0.7294759154319763, 5%=0.734074592590332, 10%=0.7401288151741028, 25%=0.7464244365692139, 50%=0.7559906244277954, 75%=0.7668207883834839, 90%=0.7753622531890869, 95%=0.7811000347137451, 98%=0.7818019390106201
ranking_best_algo: Tabu
ranking_best_score: 0.7470791764843752
ranking_my_rank: 1/504 (100.0%)
ranking_my_percent: 100.0
