ConfigName: kjsd__advperagentrankweighted__M5__L8__eps0p01__g0p003__ds0p2__dm0p2
Problem: NK
Kernel: jsd
Advantage: peragentrankweighted
M: 5
lambda: 8
epsilon_svgd: 0.01
gamma: 0.003
decay_start_ratio: 0.2
decay_min_factor: 0.2
bandwith_kernel: None
no_interact: False
avg_score: 0.7221406698226929
median_score: 0.7205085754394531
std_score: 0.014516248367726803
percentiles: 2%=0.6946074366569519, 5%=0.6980626583099365, 10%=0.7034047842025757, 25%=0.7112042903900146, 50%=0.7205085754394531, 75%=0.7336499094963074, 90%=0.740908682346344, 95%=0.7453603148460388, 98%=0.7485155463218689
ranking_best_algo: PBIL
ranking_best_score: 0.733570253046875
ranking_my_rank: 49/504 (90.5%)
ranking_my_percent: 90.47619047619048
