ConfigName: krbf__advnormalizedfitness__M3__L10__eps0p015__g0p005__ds0p01__dm0p01
Problem: QUBO
Kernel: rbf
Advantage: normalizedfitness
M: 3
lambda: 10
epsilon_svgd: 0.015
gamma: 0.005
decay_start_ratio: 0.01
decay_min_factor: 0.01
bandwith_kernel: None
no_interact: False
avg_score: -2498.97998046875
median_score: -2501.0
std_score: 154.10321044921875
percentiles: 2%=-2831.06005859375, 5%=-2758.14990234375, 10%=-2694.800048828125, 25%=-2605.0, 50%=-2501.0, 75%=-2394.5, 90%=-2286.0, 95%=-2251.89990234375, 98%=-2233.800048828125
ranking_best_algo: SVM1MetaModelLogNormal
ranking_best_score: 2605.14
ranking_my_rank: 65/504 (87.3%)
ranking_my_percent: 87.3015873015873
