ConfigName: kjsd__advperagentrankweighted__M3__L18__eps0p01__g0p001__ds0p2__dm0p1
Problem: QUBO
Kernel: jsd
Advantage: peragentrankweighted
M: 3
lambda: 18
epsilon_svgd: 0.01
gamma: 0.001
decay_start_ratio: 0.2
decay_min_factor: 0.1
bandwith_kernel: None
no_interact: False
avg_score: -1199.0400390625
median_score: -1181.0
std_score: 56.05799102783203
percentiles: 2%=-1339.1199951171875, 5%=-1296.699951171875, 10%=-1281.0, 25%=-1227.25, 50%=-1181.0, 75%=-1158.75, 90%=-1135.800048828125, 95%=-1122.8499755859375, 98%=-1113.97998046875
ranking_best_algo: Tabu
ranking_best_score: 1216.16
ranking_my_rank: 44/504 (91.5%)
ranking_my_percent: 91.46825396825396
