ConfigName: krbf__advnormalizedfitness__M3__L10__eps0p015__g0p01__ds0p3__dm0p3
Problem: QUBO
Kernel: rbf
Advantage: normalizedfitness
M: 3
lambda: 10
epsilon_svgd: 0.015
gamma: 0.01
decay_start_ratio: 0.3
decay_min_factor: 0.3
bandwith_kernel: None
no_interact: False
avg_score: -864.5
median_score: -848.5
std_score: 80.73394775390625
percentiles: 2%=-1031.3800048828125, 5%=-1000.5499877929688, 10%=-970.0999755859375, 25%=-917.25, 50%=-848.5, 75%=-811.5, 90%=-778.4000244140625, 95%=-734.6000366210938, 98%=-710.2798461914062
ranking_best_algo: CMApara
ranking_best_score: 964.9
ranking_my_rank: 246/504 (51.4%)
ranking_my_percent: 51.388888888888886
