ConfigName: krbf__advnormalizedfitness__M4__L15__eps0p033__g0p005__ds0p15__dm0p01
Problem: QUBO
Kernel: rbf
Advantage: normalizedfitness
M: 4
lambda: 15
epsilon_svgd: 0.033
gamma: 0.005
decay_start_ratio: 0.15
decay_min_factor: 0.01
bandwith_kernel: None
no_interact: False
avg_score: -427.760009765625
median_score: -424.5
std_score: 25.34684181213379
percentiles: 2%=-475.1199951171875, 5%=-471.04998779296875, 10%=-465.3999938964844, 25%=-444.75, 50%=-424.5, 75%=-410.0, 90%=-397.0, 95%=-394.8000183105469, 98%=-377.8799743652344
ranking_best_algo: CMAL3
ranking_best_score: 435.36
ranking_my_rank: 18/504 (96.6%)
ranking_my_percent: 96.62698412698413
