ConfigName: kjsd__advperagentrankweighted__M10__L28__eps0p008__g0p0005__ds0p3__dm0p05
Problem: QUBO
Kernel: jsd
Advantage: peragentrankweighted
M: 10
lambda: 28
epsilon_svgd: 0.008
gamma: 0.0005
decay_start_ratio: 0.3
decay_min_factor: 0.05
bandwith_kernel: None
no_interact: False
avg_score: -736.8200073242188
median_score: -730.0
std_score: 75.1219482421875
percentiles: 2%=-904.02001953125, 5%=-864.1500244140625, 10%=-834.2000122070312, 25%=-789.0, 50%=-730.0, 75%=-677.25, 90%=-644.2000122070312, 95%=-620.8499755859375, 98%=-603.760009765625
ranking_best_algo: CMAL3
ranking_best_score: 928.5800000000002
ranking_my_rank: 326/504 (35.5%)
ranking_my_percent: 35.51587301587302
