ConfigName: kjsd__advperagentrankweighted__M5__L8__eps0p01__g0p0003__ds0p2__dm0p05
Problem: QUBO
Kernel: jsd
Advantage: peragentrankweighted
M: 5
lambda: 8
epsilon_svgd: 0.01
gamma: 0.0003
decay_start_ratio: 0.2
decay_min_factor: 0.05
bandwith_kernel: None
no_interact: False
avg_score: -148.72000122070312
median_score: -149.0
std_score: 12.534815788269043
percentiles: 2%=-179.0, 5%=-179.0, 10%=-160.0, 25%=-155.0, 50%=-149.0, 75%=-140.0, 90%=-134.0, 95%=-131.0, 98%=-130.89999389648438
ranking_best_algo: CMApara
ranking_best_score: 154.28
ranking_my_rank: 82/504 (83.9%)
ranking_my_percent: 83.92857142857143
