ConfigName: krbf__advnormalizedfitness__M1__L8__eps0p015__g0p007__ds0p3__dm0p01
Problem: NK
Kernel: rbf
Advantage: normalizedfitness
M: 1
lambda: 8
epsilon_svgd: 0.015
gamma: 0.007
decay_start_ratio: 0.3
decay_min_factor: 0.01
bandwith_kernel: None
no_interact: False
avg_score: 0.7059881091117859
median_score: 0.7069321870803833
std_score: 0.015073571354150772
percentiles: 2%=0.668865978717804, 5%=0.6696189045906067, 10%=0.6926329135894775, 25%=0.700234055519104, 50%=0.7069321870803833, 75%=0.7151374816894531, 90%=0.7225979566574097, 95%=0.7293297052383423, 98%=0.7311649322509766
ranking_best_algo: CMApara
ranking_best_score: 0.707475975
ranking_my_rank: 5/504 (99.2%)
ranking_my_percent: 99.2063492063492
