ConfigName: krbf__advnormalizedfitness__M2__L6__eps0p01__g0p006__ds0p01__dm0p01
Problem: NK
Kernel: rbf
Advantage: normalizedfitness
M: 2
lambda: 6
epsilon_svgd: 0.01
gamma: 0.006
decay_start_ratio: 0.01
decay_min_factor: 0.01
bandwith_kernel: None
no_interact: False
avg_score: 0.7342079877853394
median_score: 0.735653281211853
std_score: 0.008973002433776855
percentiles: 2%=0.7156344652175903, 5%=0.7174574136734009, 10%=0.7206339836120605, 25%=0.7275525331497192, 50%=0.735653281211853, 75%=0.7409207820892334, 90%=0.7454148530960083, 95%=0.7465134263038635, 98%=0.7483533620834351
ranking_best_algo: PBIL
ranking_best_score: 0.7248786399609374
ranking_my_rank: 1/504 (100.0%)
ranking_my_percent: 100.0
