ConfigName: kjsd__advperagentrankweighted__M3__L16__eps0p005__g0p0007__ds0p1__dm0p2
Problem: NK
Kernel: jsd
Advantage: peragentrankweighted
M: 3
lambda: 16
epsilon_svgd: 0.005
gamma: 0.0007
decay_start_ratio: 0.1
decay_min_factor: 0.2
bandwith_kernel: None
no_interact: False
avg_score: 0.7519667148590088
median_score: 0.7524633407592773
std_score: 0.015003716573119164
percentiles: 2%=0.7254928350448608, 5%=0.727516770362854, 10%=0.7320332527160645, 25%=0.742448091506958, 50%=0.7524633407592773, 75%=0.7627601623535156, 90%=0.7722486257553101, 95%=0.7770355939865112, 98%=0.7796770334243774
ranking_best_algo: Tabu
ranking_best_score: 0.7657846284375001
ranking_my_rank: 14/504 (97.4%)
ranking_my_percent: 97.42063492063492
