ConfigName: kjsd__advperagentrankweighted__M3__L18__eps0p007__g0p0005__ds0p1__dm0p1
Problem: QUBO
Kernel: jsd
Advantage: peragentrankweighted
M: 3
lambda: 18
epsilon_svgd: 0.007
gamma: 0.0005
decay_start_ratio: 0.1
decay_min_factor: 0.1
bandwith_kernel: None
no_interact: False
avg_score: -425.8999938964844
median_score: -426.5
std_score: 26.492828369140625
percentiles: 2%=-479.1600036621094, 5%=-475.1000061035156, 10%=-460.1000061035156, 25%=-443.5, 50%=-426.5, 75%=-408.0, 90%=-391.0, 95%=-385.95001220703125, 98%=-378.0
ranking_best_algo: CMAL3
ranking_best_score: 435.36
ranking_my_rank: 24/504 (95.4%)
ranking_my_percent: 95.43650793650794
