ConfigName: krbf__advnormalizedfitness__M3__L8__eps0p015__g0p01__ds0p3__dm0p3
Problem: NK
Kernel: rbf
Advantage: normalizedfitness
M: 3
lambda: 8
epsilon_svgd: 0.015
gamma: 0.01
decay_start_ratio: 0.3
decay_min_factor: 0.3
bandwith_kernel: None
no_interact: False
avg_score: 0.7332703471183777
median_score: 0.735657811164856
std_score: 0.018365703523159027
percentiles: 2%=0.6955977082252502, 5%=0.6991012096405029, 10%=0.7110493779182434, 25%=0.7199305295944214, 50%=0.735657811164856, 75%=0.7455428242683411, 90%=0.7562663555145264, 95%=0.7620287537574768, 98%=0.7635612487792969
ranking_best_algo: Tabu
ranking_best_score: 0.7470791764843752
ranking_my_rank: 24/504 (95.4%)
ranking_my_percent: 95.43650793650794
