ConfigName: kjsd__advperagentrankweighted__M3__L30__eps0p005__g0p001__ds0p05__dm0p05
Problem: NK
Kernel: jsd
Advantage: peragentrankweighted
M: 3
lambda: 30
epsilon_svgd: 0.005
gamma: 0.001
decay_start_ratio: 0.05
decay_min_factor: 0.05
bandwith_kernel: None
no_interact: False
avg_score: 0.7544112205505371
median_score: 0.7567567825317383
std_score: 0.01398818101733923
percentiles: 2%=0.7262362837791443, 5%=0.7323324680328369, 10%=0.7336019277572632, 25%=0.741934061050415, 50%=0.7567567825317383, 75%=0.7646611928939819, 90%=0.7706454992294312, 95%=0.7719643712043762, 98%=0.7830500602722168
ranking_best_algo: Tabu
ranking_best_score: 0.7657846284375001
ranking_my_rank: 7/504 (98.8%)
ranking_my_percent: 98.80952380952381
