ConfigName: krbf__advnormalizedfitness__M1__L8__eps0p033__g0p007__ds0p01__dm0p3
Problem: QUBO
Kernel: rbf
Advantage: normalizedfitness
M: 1
lambda: 8
epsilon_svgd: 0.033
gamma: 0.007
decay_start_ratio: 0.01
decay_min_factor: 0.3
bandwith_kernel: None
no_interact: False
avg_score: -1192.6199951171875
median_score: -1196.5
std_score: 70.77510833740234
percentiles: 2%=-1331.699951171875, 5%=-1290.0999755859375, 10%=-1274.300048828125, 25%=-1239.0, 50%=-1196.5, 75%=-1144.5, 90%=-1108.9000244140625, 95%=-1095.8499755859375, 98%=-1066.919921875
ranking_best_algo: SVMMetaModelLogNormal
ranking_best_score: 1233.7999999999997
ranking_my_rank: 58/504 (88.7%)
ranking_my_percent: 88.69047619047619
