ConfigName: kjsd__advperagentrankweighted__M5__L8__eps0p01__g0p0005__ds0p4__dm0p2
Problem: NK
Kernel: jsd
Advantage: peragentrankweighted
M: 5
lambda: 8
epsilon_svgd: 0.01
gamma: 0.0005
decay_start_ratio: 0.4
decay_min_factor: 0.2
bandwith_kernel: None
no_interact: False
avg_score: 0.7352750897407532
median_score: 0.7359187602996826
std_score: 0.008493760600686073
percentiles: 2%=0.7191739082336426, 5%=0.7208187580108643, 10%=0.7239542007446289, 25%=0.7297860980033875, 50%=0.7359187602996826, 75%=0.7421483397483826, 90%=0.7452927827835083, 95%=0.7496059536933899, 98%=0.7508149147033691
ranking_best_algo: PBIL
ranking_best_score: 0.730509098125
ranking_my_rank: 1/504 (100.0%)
ranking_my_percent: 100.0
