ConfigName: krbf__advglobalrankweighted__M4__L10__eps0p02__g0p003__ds0p01__dm0p01
Problem: QUBO
Kernel: rbf
Advantage: globalrankweighted
M: 4
lambda: 10
epsilon_svgd: 0.02
gamma: 0.003
decay_start_ratio: 0.01
decay_min_factor: 0.01
bandwith_kernel: None
no_interact: False
avg_score: -1286.02001953125
median_score: -1290.5
std_score: 63.54290008544922
percentiles: 2%=-1391.760009765625, 5%=-1385.0999755859375, 10%=-1366.5, 25%=-1331.25, 50%=-1290.5, 75%=-1234.5, 90%=-1197.0, 95%=-1184.8499755859375, 98%=-1168.760009765625
ranking_best_algo: BigLognormalDiscreteOnePlusOne
ranking_best_score: 1301.3600000000004
ranking_my_rank: 4/504 (99.4%)
ranking_my_percent: 99.4047619047619
