ConfigName: kjsd__advperagentrankweighted__M5__L8__eps0p02__g0p0007__ds0p2__dm0p05
Problem: NK
Kernel: jsd
Advantage: peragentrankweighted
M: 5
lambda: 8
epsilon_svgd: 0.02
gamma: 0.0007
decay_start_ratio: 0.2
decay_min_factor: 0.05
bandwith_kernel: None
no_interact: False
avg_score: 0.7422792315483093
median_score: 0.74016273021698
std_score: 0.02850576862692833
percentiles: 2%=0.6964154243469238, 5%=0.7061052918434143, 10%=0.7125260829925537, 25%=0.7205490469932556, 50%=0.74016273021698, 75%=0.7580187320709229, 90%=0.777646005153656, 95%=0.8044298887252808, 98%=0.8118547797203064
ranking_best_algo: CMApara
ranking_best_score: 0.7459277895312499
ranking_my_rank: 20/504 (96.2%)
ranking_my_percent: 96.23015873015873
