ConfigName: kfr__advglobalrankweighted__M1__L11__eps0p015__g0p005__ds0p01__dm0p01
Problem: QUBO
Kernel: fr
Advantage: globalrankweighted
M: 1
lambda: 11
epsilon_svgd: 0.015
gamma: 0.005
decay_start_ratio: 0.01
decay_min_factor: 0.01
bandwith_kernel: None
no_interact: False
avg_score: -412.67999267578125
median_score: -415.5
std_score: 32.79233932495117
percentiles: 2%=-473.0400085449219, 5%=-463.20001220703125, 10%=-456.0, 25%=-431.0, 50%=-415.5, 75%=-391.0, 90%=-371.79998779296875, 95%=-353.95001220703125, 98%=-321.97998046875
ranking_best_algo: CMAL3
ranking_best_score: 435.36
ranking_my_rank: 138/504 (72.8%)
ranking_my_percent: 72.81746031746032
