ConfigName: kjsd__advperagentrankweighted__M8__L12__eps0p005__g0p0005__ds0p3__dm0p05
Problem: QUBO
Kernel: jsd
Advantage: peragentrankweighted
M: 8
lambda: 12
epsilon_svgd: 0.005
gamma: 0.0005
decay_start_ratio: 0.3
decay_min_factor: 0.05
bandwith_kernel: None
no_interact: False
avg_score: -1175.3199462890625
median_score: -1174.5
std_score: 66.16190338134766
percentiles: 2%=-1331.1199951171875, 5%=-1303.0999755859375, 10%=-1249.699951171875, 25%=-1216.5, 50%=-1174.5, 75%=-1127.75, 90%=-1090.0, 95%=-1060.949951171875, 98%=-1050.93994140625
ranking_best_algo: Tabu
ranking_best_score: 1216.16
ranking_my_rank: 82/504 (83.9%)
ranking_my_percent: 83.92857142857143
