ConfigName: krbf__advnormalizedfitness__M2__L8__eps0p025__g0p005__ds0p01__dm0p01
Problem: QUBO
Kernel: rbf
Advantage: normalizedfitness
M: 2
lambda: 8
epsilon_svgd: 0.025
gamma: 0.005
decay_start_ratio: 0.01
decay_min_factor: 0.01
bandwith_kernel: None
no_interact: False
avg_score: -2581.139892578125
median_score: -2577.5
std_score: 119.84581756591797
percentiles: 2%=-2795.239990234375, 5%=-2769.050048828125, 10%=-2722.199951171875, 25%=-2683.0, 50%=-2577.5, 75%=-2490.0, 90%=-2430.60009765625, 95%=-2399.39990234375, 98%=-2370.300048828125
ranking_best_algo: DiscreteLengler2OnePlusOne
ranking_best_score: 2617.04
ranking_my_rank: 47/504 (90.9%)
ranking_my_percent: 90.87301587301587
