ConfigName: kjsd__advperagentrankweighted__M5__L10__eps0p02__g0p0003__ds0p2__dm0p05
Problem: QUBO
Kernel: jsd
Advantage: peragentrankweighted
M: 5
lambda: 10
epsilon_svgd: 0.02
gamma: 0.0003
decay_start_ratio: 0.2
decay_min_factor: 0.05
bandwith_kernel: None
no_interact: False
avg_score: -571.6599731445312
median_score: -570.0
std_score: 26.542877197265625
percentiles: 2%=-627.0399780273438, 5%=-621.0499877929688, 10%=-603.0999755859375, 25%=-587.75, 50%=-570.0, 75%=-552.75, 90%=-542.5999755859375, 95%=-530.9000244140625, 98%=-521.97998046875
ranking_best_algo: Tabu
ranking_best_score: 588.7199999999999
ranking_my_rank: 62/503 (87.9%)
ranking_my_percent: 87.8727634194831
