ConfigName: krbf__advnormalizedfitness__M3__L24__eps0p025__g0p005__ds0p05__dm0p05
Problem: NK
Kernel: rbf
Advantage: normalizedfitness
M: 3
lambda: 24
epsilon_svgd: 0.025
gamma: 0.005
decay_start_ratio: 0.05
decay_min_factor: 0.05
bandwith_kernel: None
no_interact: False
avg_score: 0.7564178705215454
median_score: 0.7551187872886658
std_score: 0.013259568251669407
percentiles: 2%=0.7320681214332581, 5%=0.7341306209564209, 10%=0.7394634485244751, 25%=0.7469946146011353, 50%=0.7551187872886658, 75%=0.7676808834075928, 90%=0.775244951248169, 95%=0.7790230512619019, 98%=0.7811179161071777
ranking_best_algo: Tabu
ranking_best_score: 0.7470791764843752
ranking_my_rank: 1/504 (100.0%)
ranking_my_percent: 100.0
