ConfigName: kfr__advglobalrankweighted__M4__L5__eps0p01__g0p01__ds0p01__dm0p01
Problem: QUBO
Kernel: fr
Advantage: globalrankweighted
M: 4
lambda: 5
epsilon_svgd: 0.01
gamma: 0.01
decay_start_ratio: 0.01
decay_min_factor: 0.01
bandwith_kernel: None
no_interact: False
avg_score: -202.74000549316406
median_score: -203.0
std_score: 12.440755844116211
percentiles: 2%=-224.0, 5%=-224.0, 10%=-222.0, 25%=-210.25, 50%=-203.0, 75%=-194.75, 90%=-185.89999389648438, 95%=-183.0, 98%=-178.87997436523438
ranking_best_algo: Tabu
ranking_best_score: 208.36000000000004
ranking_my_rank: 34/504 (93.5%)
ranking_my_percent: 93.45238095238095
