ConfigName: kjsd__advperagentrankweighted__M3__L16__eps0p01__g0p001__ds0p1__dm0p2
Problem: NK
Kernel: jsd
Advantage: peragentrankweighted
M: 3
lambda: 16
epsilon_svgd: 0.01
gamma: 0.001
decay_start_ratio: 0.1
decay_min_factor: 0.2
bandwith_kernel: None
no_interact: False
avg_score: 0.7096064686775208
median_score: 0.7109073400497437
std_score: 0.015365676954388618
percentiles: 2%=0.6707749366760254, 5%=0.6723986268043518, 10%=0.6944296360015869, 25%=0.706084132194519, 50%=0.7109073400497437, 75%=0.71782386302948, 90%=0.7252453565597534, 95%=0.7320806980133057, 98%=0.7332273125648499
ranking_best_algo: CMApara
ranking_best_score: 0.707475975
ranking_my_rank: 1/504 (100.0%)
ranking_my_percent: 100.0
