ConfigName: kjsd__advperagentrankweighted__M3__L18__eps0p005__g0p003__ds0p1__dm0p1
Problem: QUBO
Kernel: jsd
Advantage: peragentrankweighted
M: 3
lambda: 18
epsilon_svgd: 0.005
gamma: 0.003
decay_start_ratio: 0.1
decay_min_factor: 0.1
bandwith_kernel: None
no_interact: False
avg_score: -412.82000732421875
median_score: -411.0
std_score: 26.445556640625
percentiles: 2%=-463.1199951171875, 5%=-453.20001220703125, 10%=-450.1000061035156, 25%=-434.0, 50%=-411.0, 75%=-392.0, 90%=-379.79998779296875, 95%=-373.79998779296875, 98%=-365.9800109863281
ranking_best_algo: Tabu
ranking_best_score: 438.12
ranking_my_rank: 64/504 (87.5%)
ranking_my_percent: 87.5
