ConfigName: kjsd__advperagentrankweighted__M5__L8__eps0p005__g0p003__ds0p2__dm0p2
Problem: QUBO
Kernel: jsd
Advantage: peragentrankweighted
M: 5
lambda: 8
epsilon_svgd: 0.005
gamma: 0.003
decay_start_ratio: 0.2
decay_min_factor: 0.2
bandwith_kernel: None
no_interact: False
avg_score: -149.33999633789062
median_score: -147.0
std_score: 12.522156715393066
percentiles: 2%=-179.0, 5%=-179.0, 10%=-164.10000610351562, 25%=-155.0, 50%=-147.0, 75%=-140.5, 90%=-135.0, 95%=-133.0, 98%=-132.94000244140625
ranking_best_algo: CMApara
ranking_best_score: 154.28
ranking_my_rank: 77/504 (84.9%)
ranking_my_percent: 84.92063492063492
