ConfigName: kjsd__advperagentrankweighted__M3__L30__eps0p007__g0p001__ds0p1__dm0p05
Problem: QUBO
Kernel: jsd
Advantage: peragentrankweighted
M: 3
lambda: 30
epsilon_svgd: 0.007
gamma: 0.001
decay_start_ratio: 0.1
decay_min_factor: 0.05
bandwith_kernel: None
no_interact: False
avg_score: -1195.239990234375
median_score: -1187.5
std_score: 57.55208206176758
percentiles: 2%=-1347.3199462890625, 5%=-1300.300048828125, 10%=-1262.5999755859375, 25%=-1224.0, 50%=-1187.5, 75%=-1161.75, 90%=-1126.9000244140625, 95%=-1118.75, 98%=-1105.56005859375
ranking_best_algo: Tabu
ranking_best_score: 1216.16
ranking_my_rank: 48/504 (90.7%)
ranking_my_percent: 90.67460317460318
