ConfigName: krbf__advnormalizedfitness__M4__L10__eps0p033__g0p015__ds0p01__dm0p01
Problem: NK
Kernel: rbf
Advantage: normalizedfitness
M: 4
lambda: 10
epsilon_svgd: 0.033
gamma: 0.015
decay_start_ratio: 0.01
decay_min_factor: 0.01
bandwith_kernel: None
no_interact: False
avg_score: 0.7040334343910217
median_score: 0.7055712938308716
std_score: 0.012244826182723045
percentiles: 2%=0.6836366057395935, 5%=0.684629499912262, 10%=0.6879777312278748, 25%=0.6929225921630859, 50%=0.7055712938308716, 75%=0.7147629261016846, 90%=0.7182100415229797, 95%=0.7224382162094116, 98%=0.723885715007782
ranking_best_algo: PBIL
ranking_best_score: 0.7013553837109374
ranking_my_rank: 1/504 (100.0%)
ranking_my_percent: 100.0
