ConfigName: krbf__advnormalizedfitness__M2__L8__eps0p015__g0p01__ds0p3__dm0p01
Problem: QUBO
Kernel: rbf
Advantage: normalizedfitness
M: 2
lambda: 8
epsilon_svgd: 0.015
gamma: 0.01
decay_start_ratio: 0.3
decay_min_factor: 0.01
bandwith_kernel: None
no_interact: False
avg_score: -1230.3800048828125
median_score: -1229.0
std_score: 64.99473571777344
percentiles: 2%=-1333.5799560546875, 5%=-1329.0999755859375, 10%=-1313.4000244140625, 25%=-1274.0, 50%=-1229.0, 75%=-1181.25, 90%=-1148.800048828125, 95%=-1118.9000244140625, 98%=-1102.8399658203125
ranking_best_algo: SVMMetaModelLogNormal
ranking_best_score: 1233.7999999999997
ranking_my_rank: 12/504 (97.8%)
ranking_my_percent: 97.81746031746032
