ConfigName: kjsd__advperagentrankweighted__M4__L24__eps0p01__g0p0005__ds1__dm1
Problem: NK
Kernel: jsd
Advantage: peragentrankweighted
M: 4
lambda: 24
epsilon_svgd: 0.01
gamma: 0.0005
decay_start_ratio: 1.0
decay_min_factor: 1.0
bandwith_kernel: None
no_interact: False
avg_score: 0.7394477128982544
median_score: 0.7382758855819702
std_score: 0.010552038438618183
percentiles: 2%=0.7221343517303467, 5%=0.7235517501831055, 10%=0.725558340549469, 25%=0.7311196327209473, 50%=0.7382758855819702, 75%=0.747621476650238, 90%=0.7522661685943604, 95%=0.7555761337280273, 98%=0.7590303421020508
ranking_best_algo: PBIL
ranking_best_score: 0.733570253046875
ranking_my_rank: 1/504 (100.0%)
ranking_my_percent: 100.0
