ConfigName: kjsd__advperagentrankweighted__M3__L20__eps0p005__g0p0005__ds0p1__dm0p1
Problem: QUBO
Kernel: jsd
Advantage: peragentrankweighted
M: 3
lambda: 20
epsilon_svgd: 0.005
gamma: 0.0005
decay_start_ratio: 0.1
decay_min_factor: 0.1
bandwith_kernel: None
no_interact: False
avg_score: -199.9199981689453
median_score: -201.0
std_score: 13.508279800415039
percentiles: 2%=-224.0, 5%=-224.0, 10%=-219.1999969482422, 25%=-209.0, 50%=-201.0, 75%=-189.0, 90%=-182.89999389648438, 95%=-178.9499969482422, 98%=-175.9199981689453
ranking_best_algo: Tabu
ranking_best_score: 208.36000000000004
ranking_my_rank: 59/504 (88.5%)
ranking_my_percent: 88.4920634920635
