ConfigName: krbf__advnormalizedfitness__M4__L12__eps0p025__g0p005__ds0p15__dm0p01
Problem: QUBO
Kernel: rbf
Advantage: normalizedfitness
M: 4
lambda: 12
epsilon_svgd: 0.025
gamma: 0.005
decay_start_ratio: 0.15
decay_min_factor: 0.01
bandwith_kernel: None
no_interact: False
avg_score: -201.63999938964844
median_score: -201.5
std_score: 11.594411849975586
percentiles: 2%=-224.0, 5%=-222.0, 10%=-218.10000610351562, 25%=-207.0, 50%=-201.5, 75%=-195.0, 90%=-186.0, 95%=-182.0, 98%=-177.8999786376953
ranking_best_algo: Tabu
ranking_best_score: 208.36000000000004
ranking_my_rank: 39/504 (92.5%)
ranking_my_percent: 92.46031746031746
