ConfigName: krbf__advnormalizedfitness__M4__L15__eps0p015__g0p015__ds0p3__dm0p01
Problem: QUBO
Kernel: rbf
Advantage: normalizedfitness
M: 4
lambda: 15
epsilon_svgd: 0.015
gamma: 0.015
decay_start_ratio: 0.3
decay_min_factor: 0.01
bandwith_kernel: None
no_interact: False
avg_score: -152.24000549316406
median_score: -151.0
std_score: 19.371688842773438
percentiles: 2%=-198.0, 5%=-184.14999389648438, 10%=-176.10000610351562, 25%=-166.25, 50%=-151.0, 75%=-138.75, 90%=-127.0, 95%=-122.90000915527344, 98%=-112.97999572753906
ranking_best_algo: Tabu
ranking_best_score: 208.36000000000004
ranking_my_rank: 353/504 (30.2%)
ranking_my_percent: 30.158730158730158
