ConfigName: kjsd__advperagentrankweighted__M5__L10__eps0p005__g0p0005__ds0p4__dm0p2
Problem: QUBO
Kernel: jsd
Advantage: peragentrankweighted
M: 5
lambda: 10
epsilon_svgd: 0.005
gamma: 0.0005
decay_start_ratio: 0.4
decay_min_factor: 0.2
bandwith_kernel: None
no_interact: False
avg_score: -2597.60009765625
median_score: -2605.5
std_score: 123.38524627685547
percentiles: 2%=-2822.780029296875, 5%=-2798.0, 10%=-2755.60009765625, 25%=-2683.25, 50%=-2605.5, 75%=-2517.75, 90%=-2438.800048828125, 95%=-2407.89990234375, 98%=-2327.800048828125
ranking_best_algo: DiscreteLengler2OnePlusOne
ranking_best_score: 2617.04
ranking_my_rank: 34/504 (93.5%)
ranking_my_percent: 93.45238095238095
