ConfigName: kjsd__advperagentrankweighted__M5__L8__eps0p01__g0p0005__ds0p4__dm0p2
Problem: QUBO
Kernel: jsd
Advantage: peragentrankweighted
M: 5
lambda: 8
epsilon_svgd: 0.01
gamma: 0.0005
decay_start_ratio: 0.4
decay_min_factor: 0.2
bandwith_kernel: None
no_interact: False
avg_score: -150.60000610351562
median_score: -150.5
std_score: 12.727922439575195
percentiles: 2%=-179.0, 5%=-179.0, 10%=-165.10000610351562, 25%=-155.25, 50%=-150.5, 75%=-141.0, 90%=-136.0, 95%=-131.0, 98%=-126.95999908447266
ranking_best_algo: CMApara
ranking_best_score: 154.28
ranking_my_rank: 76/504 (85.1%)
ranking_my_percent: 85.11904761904762
