ConfigName: kjsd__advperagentrankweighted__M3__L16__eps0p01__g0p003__ds0p2__dm0p2
Problem: NK
Kernel: jsd
Advantage: peragentrankweighted
M: 3
lambda: 16
epsilon_svgd: 0.01
gamma: 0.003
decay_start_ratio: 0.2
decay_min_factor: 0.2
bandwith_kernel: None
no_interact: False
avg_score: 0.7109427452087402
median_score: 0.7119152545928955
std_score: 0.01505553349852562
percentiles: 2%=0.6736378073692322, 5%=0.6739691495895386, 10%=0.6971919536590576, 25%=0.7075248956680298, 50%=0.7119152545928955, 75%=0.7190245389938354, 90%=0.725536048412323, 95%=0.7324061393737793, 98%=0.7329128384590149
ranking_best_algo: CMApara
ranking_best_score: 0.707475975
ranking_my_rank: 1/504 (100.0%)
ranking_my_percent: 100.0
