ConfigName: krbf__advnormalizedfitness__M3__L12__eps0p033__g0p01__ds0p3__dm0p3
Problem: QUBO
Kernel: rbf
Advantage: normalizedfitness
M: 3
lambda: 12
epsilon_svgd: 0.033
gamma: 0.01
decay_start_ratio: 0.3
decay_min_factor: 0.3
bandwith_kernel: None
no_interact: False
avg_score: -311.1400146484375
median_score: -311.0
std_score: 40.27927780151367
percentiles: 2%=-392.0799865722656, 5%=-388.20001220703125, 10%=-360.0, 25%=-340.0, 50%=-311.0, 75%=-275.75, 90%=-263.8999938964844, 95%=-256.95001220703125, 98%=-248.0
ranking_best_algo: CMApara
ranking_best_score: 319.29999999999995
ranking_my_rank: 39/504 (92.5%)
ranking_my_percent: 92.46031746031746
