ConfigName: kjsd__advperagentrankweighted__M4__L12__eps0p02__g0p0007__ds0p05__dm0p05
Problem: QUBO
Kernel: jsd
Advantage: peragentrankweighted
M: 4
lambda: 12
epsilon_svgd: 0.02
gamma: 0.0007
decay_start_ratio: 0.05
decay_min_factor: 0.05
bandwith_kernel: None
no_interact: False
avg_score: -442.82000732421875
median_score: -445.5
std_score: 26.579082489013672
percentiles: 2%=-489.0, 5%=-486.1499938964844, 10%=-472.0, 25%=-461.0, 50%=-445.5, 75%=-427.0, 90%=-403.0, 95%=-392.95001220703125, 98%=-385.9599914550781
ranking_best_algo: CMApara
ranking_best_score: 453.82
ranking_my_rank: 8/504 (98.6%)
ranking_my_percent: 98.61111111111111
