ConfigName: kjsd__advperagentrankweighted__M5__L8__eps0p01__g0p0007__ds0p2__dm0p2
Problem: QUBO
Kernel: jsd
Advantage: peragentrankweighted
M: 5
lambda: 8
epsilon_svgd: 0.01
gamma: 0.0007
decay_start_ratio: 0.2
decay_min_factor: 0.2
bandwith_kernel: None
no_interact: False
avg_score: -444.0
median_score: -443.0
std_score: 26.529983520507812
percentiles: 2%=-496.0, 5%=-487.1000061035156, 10%=-481.0, 25%=-462.0, 50%=-443.0, 75%=-426.0, 90%=-408.79998779296875, 95%=-395.95001220703125, 98%=-393.8800048828125
ranking_best_algo: CMApara
ranking_best_score: 453.82
ranking_my_rank: 6/504 (99.0%)
ranking_my_percent: 99.0079365079365
