ConfigName: kjsd__advperagentrankweighted__M3__L16__eps0p005__g0p003__ds0p2__dm0p05
Problem: QUBO
Kernel: jsd
Advantage: peragentrankweighted
M: 3
lambda: 16
epsilon_svgd: 0.005
gamma: 0.003
decay_start_ratio: 0.2
decay_min_factor: 0.05
bandwith_kernel: None
no_interact: False
avg_score: -2259.4599609375
median_score: -2253.0
std_score: 184.85763549804688
percentiles: 2%=-2645.60009765625, 5%=-2578.14990234375, 10%=-2522.10009765625, 25%=-2386.25, 50%=-2253.0, 75%=-2131.75, 90%=-2025.0, 95%=-1937.9000244140625, 98%=-1923.5400390625
ranking_best_algo: SVM1MetaModelLogNormal
ranking_best_score: 2605.14
ranking_my_rank: 170/504 (66.5%)
ranking_my_percent: 66.46825396825396
