ConfigName: kjsd__advperagentrankweighted__M5__L12__eps0p03__g0p0007__ds0p2__dm0p05
Problem: NK
Kernel: jsd
Advantage: peragentrankweighted
M: 5
lambda: 12
epsilon_svgd: 0.03
gamma: 0.0007
decay_start_ratio: 0.2
decay_min_factor: 0.05
bandwith_kernel: None
no_interact: False
avg_score: 0.7119160294532776
median_score: 0.7117306590080261
std_score: 0.005909718573093414
percentiles: 2%=0.7011235952377319, 5%=0.702430784702301, 10%=0.7043655514717102, 25%=0.7082536220550537, 50%=0.7117306590080261, 75%=0.7159518003463745, 90%=0.7198120355606079, 95%=0.7216326594352722, 98%=0.7232984900474548
ranking_best_algo: PBIL
ranking_best_score: 0.7170882103515624
ranking_my_rank: 42/504 (91.9%)
ranking_my_percent: 91.86507936507937
