ConfigName: kjsd__advperagentrankweighted__M3__L20__eps0p005__g0p001__ds0p2__dm0p05
Problem: QUBO
Kernel: jsd
Advantage: peragentrankweighted
M: 3
lambda: 20
epsilon_svgd: 0.005
gamma: 0.001
decay_start_ratio: 0.2
decay_min_factor: 0.05
bandwith_kernel: None
no_interact: False
avg_score: -439.5
median_score: -440.0
std_score: 28.014102935791016
percentiles: 2%=-490.0400085449219, 5%=-481.3999938964844, 10%=-473.20001220703125, 25%=-462.5, 50%=-440.0, 75%=-420.75, 90%=-399.8999938964844, 95%=-396.79998779296875, 98%=-387.79998779296875
ranking_best_algo: CMApara
ranking_best_score: 453.82
ranking_my_rank: 18/504 (96.6%)
ranking_my_percent: 96.62698412698413
