ConfigName: kjsd__advperagentrankweighted__M4__L30__eps0p01__g0p0007__ds0p2__dm0p05
Problem: QUBO
Kernel: jsd
Advantage: peragentrankweighted
M: 4
lambda: 30
epsilon_svgd: 0.01
gamma: 0.0007
decay_start_ratio: 0.2
decay_min_factor: 0.05
bandwith_kernel: None
no_interact: False
avg_score: -1241.9200439453125
median_score: -1234.0
std_score: 71.74742889404297
percentiles: 2%=-1382.199951171875, 5%=-1356.1500244140625, 10%=-1347.199951171875, 25%=-1295.0, 50%=-1234.0, 75%=-1189.0, 90%=-1155.0, 95%=-1142.3499755859375, 98%=-1110.8800048828125
ranking_best_algo: SVMMetaModelLogNormal
ranking_best_score: 1233.7999999999997
ranking_my_rank: 1/504 (100.0%)
ranking_my_percent: 100.0
