ConfigName: kjsd__advperagentrankweighted__M4__L12__eps0p02__g0p0007__ds0p2__dm0p05
Problem: QUBO
Kernel: jsd
Advantage: peragentrankweighted
M: 4
lambda: 12
epsilon_svgd: 0.02
gamma: 0.0007
decay_start_ratio: 0.2
decay_min_factor: 0.05
bandwith_kernel: None
no_interact: False
avg_score: -1187.9200439453125
median_score: -1183.5
std_score: 62.09616470336914
percentiles: 2%=-1302.5799560546875, 5%=-1297.0999755859375, 10%=-1277.0, 25%=-1225.0, 50%=-1183.5, 75%=-1149.0, 90%=-1110.9000244140625, 95%=-1090.800048828125, 98%=-1076.8599853515625
ranking_best_algo: Tabu
ranking_best_score: 1216.16
ranking_my_rank: 61/504 (88.1%)
ranking_my_percent: 88.0952380952381
