ConfigName: kjsd__advperagentrankweighted__M8__L24__eps0p008__g0p0005__ds0p3__dm0p05
Problem: QUBO
Kernel: jsd
Advantage: peragentrankweighted
M: 8
lambda: 24
epsilon_svgd: 0.008
gamma: 0.0005
decay_start_ratio: 0.3
decay_min_factor: 0.05
bandwith_kernel: None
no_interact: False
avg_score: -1035.219970703125
median_score: -1029.0
std_score: 79.92102813720703
percentiles: 2%=-1205.1199951171875, 5%=-1169.25, 10%=-1154.0, 25%=-1088.25, 50%=-1029.0, 75%=-976.75, 90%=-945.9000244140625, 95%=-921.9500122070312, 98%=-894.5999755859375
ranking_best_algo: SVMMetaModelLogNormal
ranking_best_score: 1233.7999999999997
ranking_my_rank: 206/504 (59.3%)
ranking_my_percent: 59.32539682539682
