ConfigName: krbf__advnormalizedfitness__M3__L15__eps0p015__g0p007__ds0p15__dm0p01
Problem: QUBO
Kernel: rbf
Advantage: normalizedfitness
M: 3
lambda: 15
epsilon_svgd: 0.015
gamma: 0.007
decay_start_ratio: 0.15
decay_min_factor: 0.01
bandwith_kernel: None
no_interact: False
avg_score: -1451.3800048828125
median_score: -1453.5
std_score: 110.23681640625
percentiles: 2%=-1659.5799560546875, 5%=-1620.3499755859375, 10%=-1603.5, 25%=-1529.25, 50%=-1453.5, 75%=-1361.25, 90%=-1316.699951171875, 95%=-1291.949951171875, 98%=-1260.8199462890625
ranking_best_algo: NLOPT_LN_PRAXIS
ranking_best_score: 1607.12
ranking_my_rank: 88/504 (82.7%)
ranking_my_percent: 82.73809523809524
