ConfigName: kjsd__advperagentrankweighted__M5__L24__eps0p008__g0p0005__ds0p05__dm0p05
Problem: QUBO
Kernel: jsd
Advantage: peragentrankweighted
M: 5
lambda: 24
epsilon_svgd: 0.008
gamma: 0.0005
decay_start_ratio: 0.05
decay_min_factor: 0.05
bandwith_kernel: None
no_interact: False
avg_score: -1302.8599853515625
median_score: -1302.5
std_score: 58.35752487182617
percentiles: 2%=-1415.1400146484375, 5%=-1402.050048828125, 10%=-1386.0999755859375, 25%=-1339.5, 50%=-1302.5, 75%=-1258.25, 90%=-1230.9000244140625, 95%=-1214.800048828125, 98%=-1190.8800048828125
ranking_best_algo: BigLognormalDiscreteOnePlusOne
ranking_best_score: 1301.3600000000004
ranking_my_rank: 1/504 (100.0%)
ranking_my_percent: 100.0
