ConfigName: krbf__advnormalizedfitness__M4__L15__eps0p025__g0p015__ds0p15__dm0p3
Problem: NK
Kernel: rbf
Advantage: normalizedfitness
M: 4
lambda: 15
epsilon_svgd: 0.025
gamma: 0.015
decay_start_ratio: 0.15
decay_min_factor: 0.3
bandwith_kernel: None
no_interact: False
avg_score: 0.6408506631851196
median_score: 0.6384062767028809
std_score: 0.013810771517455578
percentiles: 2%=0.6160963773727417, 5%=0.6220172047615051, 10%=0.6262677311897278, 25%=0.6297444105148315, 50%=0.6384062767028809, 75%=0.6504291296005249, 90%=0.6621960997581482, 95%=0.6639971733093262, 98%=0.6672140955924988
ranking_best_algo: Tabu
ranking_best_score: 0.7470791764843752
ranking_my_rank: 365/504 (27.8%)
ranking_my_percent: 27.77777777777778
