ConfigName: krbf__advnormalizedfitness__M3__L10__eps0p025__g0p005__ds0p05__dm0p05
Problem: QUBO
Kernel: rbf
Advantage: normalizedfitness
M: 3
lambda: 10
epsilon_svgd: 0.025
gamma: 0.005
decay_start_ratio: 0.05
decay_min_factor: 0.05
bandwith_kernel: None
no_interact: False
avg_score: -905.6400146484375
median_score: -902.0
std_score: 63.88278579711914
percentiles: 2%=-1022.0, 5%=-1019.0999755859375, 10%=-993.7999877929688, 25%=-953.25, 50%=-902.0, 75%=-859.0, 90%=-821.7000122070312, 95%=-803.9500122070312, 98%=-797.9000244140625
ranking_best_algo: CMAL3
ranking_best_score: 928.5800000000002
ranking_my_rank: 62/504 (87.9%)
ranking_my_percent: 87.89682539682539
