ConfigName: kjsd__advperagentrankweighted__M3__L16__eps0p007__g0p0007__ds0p05__dm0p1
Problem: QUBO
Kernel: jsd
Advantage: peragentrankweighted
M: 3
lambda: 16
epsilon_svgd: 0.007
gamma: 0.0007
decay_start_ratio: 0.05
decay_min_factor: 0.1
bandwith_kernel: None
no_interact: False
avg_score: -146.5
median_score: -145.0
std_score: 12.63131046295166
percentiles: 2%=-179.0, 5%=-169.5, 10%=-158.0, 25%=-155.0, 50%=-145.0, 75%=-138.75, 90%=-131.0, 95%=-127.0, 98%=-124.9000015258789
ranking_best_algo: CMApara
ranking_best_score: 154.28
ranking_my_rank: 112/504 (78.0%)
ranking_my_percent: 77.97619047619048
