ConfigName: krbf__advnormalizedfitness__M3__L12__eps0p025__g0p007__ds0p01__dm0p3
Problem: QUBO
Kernel: rbf
Advantage: normalizedfitness
M: 3
lambda: 12
epsilon_svgd: 0.025
gamma: 0.007
decay_start_ratio: 0.01
decay_min_factor: 0.3
bandwith_kernel: None
no_interact: False
avg_score: -201.13999938964844
median_score: -201.0
std_score: 11.85834789276123
percentiles: 2%=-224.0, 5%=-222.10000610351562, 10%=-217.1999969482422, 25%=-209.5, 50%=-201.0, 75%=-193.75, 90%=-185.0, 95%=-183.90000915527344, 98%=-178.0
ranking_best_algo: Tabu
ranking_best_score: 208.36000000000004
ranking_my_rank: 42/504 (91.9%)
ranking_my_percent: 91.86507936507937
