ConfigName: kjsd__advperagentrankweighted__M3__L16__eps0p007__g0p0007__ds0p05__dm0p2
Problem: QUBO
Kernel: jsd
Advantage: peragentrankweighted
M: 3
lambda: 16
epsilon_svgd: 0.007
gamma: 0.0007
decay_start_ratio: 0.05
decay_min_factor: 0.2
bandwith_kernel: None
no_interact: False
avg_score: -3310.39990234375
median_score: -3310.5
std_score: 135.42584228515625
percentiles: 2%=-3644.360107421875, 5%=-3526.449951171875, 10%=-3454.89990234375, 25%=-3393.25, 50%=-3310.5, 75%=-3223.75, 90%=-3153.0, 95%=-3091.25, 98%=-3046.239990234375
ranking_best_algo: RLSOnePlusOne
ranking_best_score: 3316.5199999999995
ranking_my_rank: 2/504 (99.8%)
ranking_my_percent: 99.8015873015873
