ConfigName: krbf__advnormalizedfitness__M3__L8__eps0p033__g0p007__ds0p01__dm0p01
Problem: NK
Kernel: rbf
Advantage: normalizedfitness
M: 3
lambda: 8
epsilon_svgd: 0.033
gamma: 0.007
decay_start_ratio: 0.01
decay_min_factor: 0.01
bandwith_kernel: None
no_interact: False
avg_score: 0.7108443975448608
median_score: 0.6994725465774536
std_score: 0.03135371208190918
percentiles: 2%=0.671828031539917, 5%=0.6734704971313477, 10%=0.6756837964057922, 25%=0.6824496388435364, 50%=0.6994725465774536, 75%=0.7468891739845276, 90%=0.7532674670219421, 95%=0.7567710280418396, 98%=0.7613165378570557
ranking_best_algo: CMApara
ranking_best_score: 0.7118996098437498
ranking_my_rank: 10/504 (98.2%)
ranking_my_percent: 98.21428571428571
