ConfigName: krbf__advnormalizedfitness__M2__L8__eps0p033__g0p01__ds0p3__dm0p3
Problem: QUBO
Kernel: rbf
Advantage: normalizedfitness
M: 2
lambda: 8
epsilon_svgd: 0.033
gamma: 0.01
decay_start_ratio: 0.3
decay_min_factor: 0.3
bandwith_kernel: None
no_interact: False
avg_score: -1170.06005859375
median_score: -1169.0
std_score: 61.908451080322266
percentiles: 2%=-1305.0799560546875, 5%=-1281.300048828125, 10%=-1258.0999755859375, 25%=-1205.5, 50%=-1169.0, 75%=-1122.75, 90%=-1091.9000244140625, 95%=-1080.699951171875, 98%=-1063.52001953125
ranking_best_algo: Tabu
ranking_best_score: 1216.16
ranking_my_rank: 91/504 (82.1%)
ranking_my_percent: 82.14285714285714
