ConfigName: krbf__advnormalizedfitness__M4__L8__eps0p033__g0p005__ds0p3__dm0p01
Problem: NK
Kernel: rbf
Advantage: normalizedfitness
M: 4
lambda: 8
epsilon_svgd: 0.033
gamma: 0.005
decay_start_ratio: 0.3
decay_min_factor: 0.01
bandwith_kernel: None
no_interact: False
avg_score: 0.7334478497505188
median_score: 0.7350242137908936
std_score: 0.009179455228149891
percentiles: 2%=0.7139881253242493, 5%=0.7161989212036133, 10%=0.7199819087982178, 25%=0.7277919054031372, 50%=0.7350242137908936, 75%=0.7410105466842651, 90%=0.7444601655006409, 95%=0.7457335591316223, 98%=0.7460991144180298
ranking_best_algo: PBIL
ranking_best_score: 0.7248786399609374
ranking_my_rank: 1/504 (100.0%)
ranking_my_percent: 100.0
