ConfigName: kjsd__advperagentrankweighted__M6__L8__eps0p03__g0p0005__ds0p2__dm0p05
Problem: QUBO
Kernel: jsd
Advantage: peragentrankweighted
M: 6
lambda: 8
epsilon_svgd: 0.03
gamma: 0.0005
decay_start_ratio: 0.2
decay_min_factor: 0.05
bandwith_kernel: None
no_interact: False
avg_score: -574.9000244140625
median_score: -573.5
std_score: 22.43278694152832
percentiles: 2%=-618.02001953125, 5%=-615.0999755859375, 10%=-603.0, 25%=-592.25, 50%=-573.5, 75%=-559.0, 90%=-548.7999877929688, 95%=-542.5499877929688, 98%=-527.97998046875
ranking_best_algo: Tabu
ranking_best_score: 588.7199999999999
ranking_my_rank: 57/503 (88.9%)
ranking_my_percent: 88.86679920477137
