ConfigName: kjsd__advperagentrankweighted__M3__L18__eps0p01__g0p0005__ds0p2__dm0p1
Problem: QUBO
Kernel: jsd
Advantage: peragentrankweighted
M: 3
lambda: 18
epsilon_svgd: 0.01
gamma: 0.0005
decay_start_ratio: 0.2
decay_min_factor: 0.1
bandwith_kernel: None
no_interact: False
avg_score: -910.8599853515625
median_score: -911.5
std_score: 66.2024154663086
percentiles: 2%=-1038.239990234375, 5%=-1014.0, 10%=-1001.0, 25%=-956.25, 50%=-911.5, 75%=-874.75, 90%=-824.7000122070312, 95%=-790.9000244140625, 98%=-785.0
ranking_best_algo: CMAL3
ranking_best_score: 928.5800000000002
ranking_my_rank: 20/504 (96.2%)
ranking_my_percent: 96.23015873015873
