ConfigName: kjsd__advperagentrankweighted__M3__L16__eps0p01__g0p003__ds0p2__dm0p2
Problem: NK
Kernel: jsd
Advantage: peragentrankweighted
M: 3
lambda: 16
epsilon_svgd: 0.01
gamma: 0.003
decay_start_ratio: 0.2
decay_min_factor: 0.2
bandwith_kernel: None
no_interact: False
avg_score: 0.6660546660423279
median_score: 0.6626273393630981
std_score: 0.01936064474284649
percentiles: 2%=0.6353533864021301, 5%=0.6400412917137146, 10%=0.6431562304496765, 25%=0.6530839204788208, 50%=0.6626273393630981, 75%=0.6734862923622131, 90%=0.6923815608024597, 95%=0.7063081860542297, 98%=0.7172294855117798
ranking_best_algo: PBIL
ranking_best_score: 0.7170882103515624
ranking_my_rank: 201/504 (60.3%)
ranking_my_percent: 60.317460317460316
