ConfigName: kjsd__advperagentrankweighted__M5__L10__eps0p02__g0p0005__ds0p2__dm0p05
Problem: QUBO
Kernel: jsd
Advantage: peragentrankweighted
M: 5
lambda: 10
epsilon_svgd: 0.02
gamma: 0.0005
decay_start_ratio: 0.2
decay_min_factor: 0.05
bandwith_kernel: None
no_interact: False
avg_score: -425.9800109863281
median_score: -425.0
std_score: 23.939916610717773
percentiles: 2%=-481.1199951171875, 5%=-473.20001220703125, 10%=-457.3999938964844, 25%=-436.5, 50%=-425.0, 75%=-411.0, 90%=-399.8999938964844, 95%=-392.8999938964844, 98%=-367.9800109863281
ranking_best_algo: CMAL3
ranking_best_score: 435.36
ranking_my_rank: 23/504 (95.6%)
ranking_my_percent: 95.63492063492063
