ConfigName: krbf__advnormalizedfitness__M2__L8__eps0p015__g0p015__ds0p3__dm0p01
Problem: NK
Kernel: rbf
Advantage: normalizedfitness
M: 2
lambda: 8
epsilon_svgd: 0.015
gamma: 0.015
decay_start_ratio: 0.3
decay_min_factor: 0.01
bandwith_kernel: None
no_interact: False
avg_score: 0.758899986743927
median_score: 0.7594355940818787
std_score: 0.013170295394957066
percentiles: 2%=0.7324246764183044, 5%=0.734908938407898, 10%=0.7408137917518616, 25%=0.7502235174179077, 50%=0.7594355940818787, 75%=0.770690381526947, 90%=0.7754785418510437, 95%=0.7774806618690491, 98%=0.7791082262992859
ranking_best_algo: Tabu
ranking_best_score: 0.7470791764843752
ranking_my_rank: 1/504 (100.0%)
ranking_my_percent: 100.0
