ConfigName: kfr__advglobalrankweighted__M4__L12__eps0p015__g0p007__ds0p01__dm0p01
Problem: QUBO
Kernel: fr
Advantage: globalrankweighted
M: 4
lambda: 12
epsilon_svgd: 0.015
gamma: 0.007
decay_start_ratio: 0.01
decay_min_factor: 0.01
bandwith_kernel: None
no_interact: False
avg_score: -575.5999755859375
median_score: -577.0
std_score: 29.82482147216797
percentiles: 2%=-637.0, 5%=-625.0, 10%=-613.2000122070312, 25%=-597.75, 50%=-577.0, 75%=-555.0, 90%=-540.4000244140625, 95%=-529.8500366210938, 98%=-525.5198974609375
ranking_best_algo: Tabu
ranking_best_score: 588.7199999999999
ranking_my_rank: 57/503 (88.9%)
ranking_my_percent: 88.86679920477137
