ConfigName: kfr__advglobalrankweighted__M4__L24__eps0p01__g0p007__ds0p01__dm0p01
Problem: QUBO
Kernel: fr
Advantage: globalrankweighted
M: 4
lambda: 24
epsilon_svgd: 0.01
gamma: 0.007
decay_start_ratio: 0.01
decay_min_factor: 0.01
bandwith_kernel: None
no_interact: False
avg_score: -286.8599853515625
median_score: -287.0
std_score: 37.9728889465332
percentiles: 2%=-376.1600036621094, 5%=-362.0, 10%=-332.20001220703125, 25%=-312.0, 50%=-287.0, 75%=-256.0, 90%=-241.89999389648438, 95%=-233.90000915527344, 98%=-229.95999145507812
ranking_best_algo: CMApara
ranking_best_score: 319.29999999999995
ranking_my_rank: 317/504 (37.3%)
ranking_my_percent: 37.301587301587304
