ConfigName: krbf__advnormalizedfitness__M2__L8__eps0p033__g0p007__ds0p01__dm0p01
Problem: QUBO
Kernel: rbf
Advantage: normalizedfitness
M: 2
lambda: 8
epsilon_svgd: 0.033
gamma: 0.007
decay_start_ratio: 0.01
decay_min_factor: 0.01
bandwith_kernel: None
no_interact: False
avg_score: -3258.89990234375
median_score: -3248.0
std_score: 121.64797973632812
percentiles: 2%=-3496.39990234375, 5%=-3468.60009765625, 10%=-3421.0, 25%=-3350.5, 50%=-3248.0, 75%=-3180.5, 90%=-3128.0, 95%=-3048.800048828125, 98%=-3006.780029296875
ranking_best_algo: RLSOnePlusOne
ranking_best_score: 3316.5199999999995
ranking_my_rank: 40/504 (92.3%)
ranking_my_percent: 92.26190476190476
