ConfigName: kjsd__advperagentrankweighted__M3__L16__eps0p007__g0p0007__ds0p1__dm0p2
Problem: QUBO
Kernel: jsd
Advantage: peragentrankweighted
M: 3
lambda: 16
epsilon_svgd: 0.007
gamma: 0.0007
decay_start_ratio: 0.1
decay_min_factor: 0.2
bandwith_kernel: None
no_interact: False
avg_score: -1181.43994140625
median_score: -1183.0
std_score: 62.87118911743164
percentiles: 2%=-1298.1199951171875, 5%=-1274.0999755859375, 10%=-1264.199951171875, 25%=-1219.25, 50%=-1183.0, 75%=-1142.0, 90%=-1100.4000244140625, 95%=-1086.3499755859375, 98%=-1059.97998046875
ranking_best_algo: Tabu
ranking_best_score: 1216.16
ranking_my_rank: 66/504 (87.1%)
ranking_my_percent: 87.10317460317461
