ConfigName: kjsd__advperagentrankweighted__M4__L24__eps0p005__g0p0007__ds0p4__dm0p05
Problem: QUBO
Kernel: jsd
Advantage: peragentrankweighted
M: 4
lambda: 24
epsilon_svgd: 0.005
gamma: 0.0007
decay_start_ratio: 0.4
decay_min_factor: 0.05
bandwith_kernel: None
no_interact: False
avg_score: -1550.199951171875
median_score: -1548.5
std_score: 87.82061004638672
percentiles: 2%=-1717.43994140625, 5%=-1681.25, 10%=-1668.199951171875, 25%=-1616.5, 50%=-1548.5, 75%=-1489.75, 90%=-1431.9000244140625, 95%=-1400.5999755859375, 98%=-1372.719970703125
ranking_best_algo: NLOPT_LN_PRAXIS
ranking_best_score: 1607.12
ranking_my_rank: 52/504 (89.9%)
ranking_my_percent: 89.88095238095238
