ConfigName: kjsd__advperagentrankweighted__M5__L8__eps0p01__g0p003__ds0p2__dm0p05
Problem: QUBO
Kernel: jsd
Advantage: peragentrankweighted
M: 5
lambda: 8
epsilon_svgd: 0.01
gamma: 0.003
decay_start_ratio: 0.2
decay_min_factor: 0.05
bandwith_kernel: None
no_interact: False
avg_score: -902.8200073242188
median_score: -897.0
std_score: 60.53319549560547
percentiles: 2%=-1025.0799560546875, 5%=-1008.2999877929688, 10%=-979.0, 25%=-945.0, 50%=-897.0, 75%=-861.5, 90%=-832.4000244140625, 95%=-809.9000244140625, 98%=-784.97998046875
ranking_best_algo: CMAL3
ranking_best_score: 928.5800000000002
ranking_my_rank: 66/504 (87.1%)
ranking_my_percent: 87.10317460317461
