ConfigName: kjsd__advperagentrankweighted__M3__L18__eps0p007__g0p003__ds0p05__dm0p2
Problem: QUBO
Kernel: jsd
Advantage: peragentrankweighted
M: 3
lambda: 18
epsilon_svgd: 0.007
gamma: 0.003
decay_start_ratio: 0.05
decay_min_factor: 0.2
bandwith_kernel: None
no_interact: False
avg_score: -1202.719970703125
median_score: -1205.5
std_score: 80.0406265258789
percentiles: 2%=-1359.0, 5%=-1343.5999755859375, 10%=-1313.199951171875, 25%=-1254.25, 50%=-1205.5, 75%=-1147.5, 90%=-1101.0, 95%=-1066.699951171875, 98%=-1048.9200439453125
ranking_best_algo: BigLognormalDiscreteOnePlusOne
ranking_best_score: 1301.3600000000004
ranking_my_rank: 83/504 (83.7%)
ranking_my_percent: 83.73015873015873
