ConfigName: kjsd__advperagentrankweighted__M4__L12__eps0p005__g0p0005__ds0p05__dm0p2
Problem: NK
Kernel: jsd
Advantage: peragentrankweighted
M: 4
lambda: 12
epsilon_svgd: 0.005
gamma: 0.0005
decay_start_ratio: 0.05
decay_min_factor: 0.2
bandwith_kernel: None
no_interact: False
avg_score: 0.7075061798095703
median_score: 0.7086242437362671
std_score: 0.01172302383929491
percentiles: 2%=0.6879809498786926, 5%=0.6886093616485596, 10%=0.6906121969223022, 25%=0.6967271566390991, 50%=0.7086242437362671, 75%=0.717879056930542, 90%=0.7202759981155396, 95%=0.7237430214881897, 98%=0.7246258854866028
ranking_best_algo: PBIL
ranking_best_score: 0.7013553837109374
ranking_my_rank: 1/504 (100.0%)
ranking_my_percent: 100.0
