ConfigName: kjsd__advperagentrankweighted__M3__L18__eps0p007__g0p0005__ds0p1__dm0p05
Problem: NK
Kernel: jsd
Advantage: peragentrankweighted
M: 3
lambda: 18
epsilon_svgd: 0.007
gamma: 0.0005
decay_start_ratio: 0.1
decay_min_factor: 0.05
bandwith_kernel: None
no_interact: False
avg_score: 0.7552496194839478
median_score: 0.7541818618774414
std_score: 0.012397981248795986
percentiles: 2%=0.7328765392303467, 5%=0.7352913022041321, 10%=0.7403029799461365, 25%=0.7465221881866455, 50%=0.7541818618774414, 75%=0.7632805705070496, 90%=0.7738795876502991, 95%=0.7771239280700684, 98%=0.7796787619590759
ranking_best_algo: Tabu
ranking_best_score: 0.7470791764843752
ranking_my_rank: 1/504 (100.0%)
ranking_my_percent: 100.0
