ConfigName: kjsd__advperagentrankweighted__M4__L8__eps0p005__g0p003__ds0p05__dm0p05
Problem: QUBO
Kernel: jsd
Advantage: peragentrankweighted
M: 4
lambda: 8
epsilon_svgd: 0.005
gamma: 0.003
decay_start_ratio: 0.05
decay_min_factor: 0.05
bandwith_kernel: None
no_interact: False
avg_score: -1529.5400390625
median_score: -1521.5
std_score: 88.04913330078125
percentiles: 2%=-1677.93994140625, 5%=-1659.199951171875, 10%=-1640.199951171875, 25%=-1593.5, 50%=-1521.5, 75%=-1474.75, 90%=-1412.9000244140625, 95%=-1386.9000244140625, 98%=-1377.43994140625
ranking_best_algo: NLOPT_LN_PRAXIS
ranking_best_score: 1607.12
ranking_my_rank: 57/504 (88.9%)
ranking_my_percent: 88.88888888888889
