ConfigName: kfr__advglobalrankweighted__M4__L24__eps0p06__g0p007__ds0p01__dm0p01
Problem: QUBO
Kernel: fr
Advantage: globalrankweighted
M: 4
lambda: 24
epsilon_svgd: 0.06
gamma: 0.007
decay_start_ratio: 0.01
decay_min_factor: 0.01
bandwith_kernel: None
no_interact: False
avg_score: -2603.5
median_score: -2617.5
std_score: 136.59967041015625
percentiles: 2%=-2901.1201171875, 5%=-2809.800048828125, 10%=-2767.800048828125, 25%=-2694.25, 50%=-2617.5, 75%=-2507.5, 90%=-2415.699951171875, 95%=-2383.64990234375, 98%=-2340.4599609375
ranking_best_algo: DiscreteLengler2OnePlusOne
ranking_best_score: 2617.04
ranking_my_rank: 3/504 (99.6%)
ranking_my_percent: 99.60317460317461
