ConfigName: kjsd__advperagentrankweighted__M4__L8__eps0p03__g0p0007__ds0p2__dm0p05
Problem: NK
Kernel: jsd
Advantage: peragentrankweighted
M: 4
lambda: 8
epsilon_svgd: 0.03
gamma: 0.0007
decay_start_ratio: 0.2
decay_min_factor: 0.05
bandwith_kernel: None
no_interact: False
avg_score: 0.728320837020874
median_score: 0.7277119755744934
std_score: 0.009890683926641941
percentiles: 2%=0.708048939704895, 5%=0.712875485420227, 10%=0.715502142906189, 25%=0.7219067811965942, 50%=0.7277119755744934, 75%=0.7345372438430786, 90%=0.7409674525260925, 95%=0.7447126507759094, 98%=0.7509921193122864
ranking_best_algo: PBIL
ranking_best_score: 0.733570253046875
ranking_my_rank: 3/504 (99.6%)
ranking_my_percent: 99.60317460317461
