ConfigName: kjsd__advperagentrankweighted__M3__L16__eps0p005__g0p003__ds0p2__dm0p2
Problem: NK
Kernel: jsd
Advantage: peragentrankweighted
M: 3
lambda: 16
epsilon_svgd: 0.005
gamma: 0.003
decay_start_ratio: 0.2
decay_min_factor: 0.2
bandwith_kernel: None
no_interact: False
avg_score: 0.7378451824188232
median_score: 0.7387468218803406
std_score: 0.01947922818362713
percentiles: 2%=0.7008854150772095, 5%=0.7030816078186035, 10%=0.7123500108718872, 25%=0.723039984703064, 50%=0.7387468218803406, 75%=0.7534488439559937, 90%=0.7630472779273987, 95%=0.7678025960922241, 98%=0.769879162311554
ranking_best_algo: Tabu
ranking_best_score: 0.7470791764843752
ranking_my_rank: 11/504 (98.0%)
ranking_my_percent: 98.01587301587301
