ConfigName: kjsd__advperagentrankweighted__M3__L18__eps0p005__g0p001__ds0p05__dm0p1
Problem: NK
Kernel: jsd
Advantage: peragentrankweighted
M: 3
lambda: 18
epsilon_svgd: 0.005
gamma: 0.001
decay_start_ratio: 0.05
decay_min_factor: 0.1
bandwith_kernel: None
no_interact: False
avg_score: 0.7109172940254211
median_score: 0.7091940641403198
std_score: 0.010631228797137737
percentiles: 2%=0.6932927370071411, 5%=0.6967049837112427, 10%=0.6979736685752869, 25%=0.7035521268844604, 50%=0.7091940641403198, 75%=0.7172369360923767, 90%=0.7265329360961914, 95%=0.7288461923599243, 98%=0.7345450520515442
ranking_best_algo: PBIL
ranking_best_score: 0.7170882103515624
ranking_my_rank: 44/504 (91.5%)
ranking_my_percent: 91.46825396825396
