ConfigName: krbf__advnormalizedfitness__M3__L12__eps0p025__g0p01__ds0p3__dm0p01
Problem: NK
Kernel: rbf
Advantage: normalizedfitness
M: 3
lambda: 12
epsilon_svgd: 0.025
gamma: 0.01
decay_start_ratio: 0.3
decay_min_factor: 0.01
bandwith_kernel: None
no_interact: False
avg_score: 0.6312643885612488
median_score: 0.6287936568260193
std_score: 0.02171957492828369
percentiles: 2%=0.5983158946037292, 5%=0.6012661457061768, 10%=0.6077359318733215, 25%=0.6180875897407532, 50%=0.6287936568260193, 75%=0.6382322311401367, 90%=0.6638625860214233, 95%=0.6741175651550293, 98%=0.6794466376304626
ranking_best_algo: PBIL
ranking_best_score: 0.7170882103515624
ranking_my_rank: 305/504 (39.7%)
ranking_my_percent: 39.682539682539684
