ConfigName: kfr__advglobalrankweighted__M6__L11__eps0p01__g0p005__ds0p01__dm0p01
Problem: QUBO
Kernel: fr
Advantage: globalrankweighted
M: 6
lambda: 11
epsilon_svgd: 0.01
gamma: 0.005
decay_start_ratio: 0.01
decay_min_factor: 0.01
bandwith_kernel: None
no_interact: False
avg_score: -301.8599853515625
median_score: -300.0
std_score: 38.00763702392578
percentiles: 2%=-384.0400085449219, 5%=-374.3999938964844, 10%=-354.0, 25%=-328.0, 50%=-300.0, 75%=-267.0, 90%=-256.8999938964844, 95%=-246.0, 98%=-243.95999145507812
ranking_best_algo: CMApara
ranking_best_score: 319.29999999999995
ranking_my_rank: 219/504 (56.7%)
ranking_my_percent: 56.74603174603175
