ConfigName: krbf__advnormalizedfitness__M4__L10__eps0p025__g0p007__ds0p3__dm0p01
Problem: QUBO
Kernel: rbf
Advantage: normalizedfitness
M: 4
lambda: 10
epsilon_svgd: 0.025
gamma: 0.007
decay_start_ratio: 0.3
decay_min_factor: 0.01
bandwith_kernel: None
no_interact: False
avg_score: -139.9199981689453
median_score: -141.5
std_score: 12.003067016601562
percentiles: 2%=-158.0399932861328, 5%=-158.0, 10%=-156.10000610351562, 25%=-147.0, 50%=-141.5, 75%=-130.75, 90%=-125.0, 95%=-119.0, 98%=-113.93998718261719
ranking_best_algo: DiscreteDE
ranking_best_score: 143.4
ranking_my_rank: 80/504 (84.3%)
ranking_my_percent: 84.32539682539682
