ConfigName: krbf__advnormalizedfitness__M4__L15__eps0p033__g0p015__ds0p3__dm0p01
Problem: QUBO
Kernel: rbf
Advantage: normalizedfitness
M: 4
lambda: 15
epsilon_svgd: 0.033
gamma: 0.015
decay_start_ratio: 0.3
decay_min_factor: 0.01
bandwith_kernel: None
no_interact: False
avg_score: -970.7000122070312
median_score: -963.0
std_score: 93.29120635986328
percentiles: 2%=-1203.199951171875, 5%=-1137.9000244140625, 10%=-1101.300048828125, 25%=-1014.25, 50%=-963.0, 75%=-902.0, 90%=-855.4000244140625, 95%=-843.9500122070312, 98%=-810.1998291015625
ranking_best_algo: BigLognormalDiscreteOnePlusOne
ranking_best_score: 1301.3600000000004
ranking_my_rank: 285/504 (43.7%)
ranking_my_percent: 43.65079365079365
