ConfigName: krbf__advnormalizedfitness__M3__L15__eps0p025__g0p01__ds0p3__dm0p01
Problem: QUBO
Kernel: rbf
Advantage: normalizedfitness
M: 3
lambda: 15
epsilon_svgd: 0.025
gamma: 0.01
decay_start_ratio: 0.3
decay_min_factor: 0.01
bandwith_kernel: None
no_interact: False
avg_score: -2249.1201171875
median_score: -2250.5
std_score: 156.4716796875
percentiles: 2%=-2549.47998046875, 5%=-2514.0, 10%=-2433.5, 25%=-2363.0, 50%=-2250.5, 75%=-2131.75, 90%=-2038.0, 95%=-1983.300048828125, 98%=-1966.4598388671875
ranking_best_algo: SVM1MetaModelLogNormal
ranking_best_score: 2605.14
ranking_my_rank: 173/504 (65.9%)
ranking_my_percent: 65.87301587301587
