ConfigName: kjsd__advperagentrankweighted__M3__L24__eps0p007__g0p001__ds0p2__dm0p1
Problem: QUBO
Kernel: jsd
Advantage: peragentrankweighted
M: 3
lambda: 24
epsilon_svgd: 0.007
gamma: 0.001
decay_start_ratio: 0.2
decay_min_factor: 0.1
bandwith_kernel: None
no_interact: False
avg_score: -3279.840087890625
median_score: -3279.0
std_score: 143.08477783203125
percentiles: 2%=-3556.06005859375, 5%=-3478.5, 10%=-3461.10009765625, 25%=-3393.75, 50%=-3279.0, 75%=-3184.0, 90%=-3095.800048828125, 95%=-3070.60009765625, 98%=-2944.93994140625
ranking_best_algo: RLSOnePlusOne
ranking_best_score: 3316.5199999999995
ranking_my_rank: 11/504 (98.0%)
ranking_my_percent: 98.01587301587301
