ConfigName: kjsd__advperagentrankweighted__M3__L16__eps0p01__g0p001__ds0p1__dm0p2
Problem: QUBO
Kernel: jsd
Advantage: peragentrankweighted
M: 3
lambda: 16
epsilon_svgd: 0.01
gamma: 0.001
decay_start_ratio: 0.1
decay_min_factor: 0.2
bandwith_kernel: None
no_interact: False
avg_score: -138.1199951171875
median_score: -137.0
std_score: 11.34132194519043
percentiles: 2%=-158.0, 5%=-157.0500030517578, 10%=-154.10000610351562, 25%=-146.0, 50%=-137.0, 75%=-129.0, 90%=-124.9000015258789, 95%=-121.0, 98%=-119.9800033569336
ranking_best_algo: DiscreteDE
ranking_best_score: 143.4
ranking_my_rank: 115/504 (77.4%)
ranking_my_percent: 77.38095238095238
