ConfigName: krbf__advnormalizedfitness__M3__L24__eps0p03__g0p01__ds0p15__dm0p05
Problem: NK
Kernel: rbf
Advantage: normalizedfitness
M: 3
lambda: 24
epsilon_svgd: 0.03
gamma: 0.01
decay_start_ratio: 0.15
decay_min_factor: 0.05
bandwith_kernel: None
no_interact: False
avg_score: 0.693285346031189
median_score: 0.6949808597564697
std_score: 0.01419207826256752
percentiles: 2%=0.667081892490387, 5%=0.6701471209526062, 10%=0.673652708530426, 25%=0.6850674748420715, 50%=0.6949808597564697, 75%=0.7022886276245117, 90%=0.7114552855491638, 95%=0.7156835794448853, 98%=0.719678521156311
ranking_best_algo: PBIL
ranking_best_score: 0.733570253046875
ranking_my_rank: 172/504 (66.1%)
ranking_my_percent: 66.07142857142857
