ConfigName: kjsd__advperagentrankweighted__M3__L16__eps0p007__g0p0007__ds0p1__dm0p05
Problem: NK
Kernel: jsd
Advantage: peragentrankweighted
M: 3
lambda: 16
epsilon_svgd: 0.007
gamma: 0.0007
decay_start_ratio: 0.1
decay_min_factor: 0.05
bandwith_kernel: None
no_interact: False
avg_score: 0.7406793832778931
median_score: 0.7401259541511536
std_score: 0.014558788388967514
percentiles: 2%=0.7150669097900391, 5%=0.7198014855384827, 10%=0.7217780351638794, 25%=0.7301034927368164, 50%=0.7401259541511536, 75%=0.7509409189224243, 90%=0.7605147361755371, 95%=0.7634296417236328, 98%=0.7697424292564392
ranking_best_algo: Tabu
ranking_best_score: 0.7601875690625
ranking_my_rank: 12/504 (97.8%)
ranking_my_percent: 97.81746031746032
