ConfigName: kjsd__advperagentrankweighted__M3__L16__eps0p01__g0p001__ds0p2__dm0p1
Problem: QUBO
Kernel: jsd
Advantage: peragentrankweighted
M: 3
lambda: 16
epsilon_svgd: 0.01
gamma: 0.001
decay_start_ratio: 0.2
decay_min_factor: 0.1
bandwith_kernel: None
no_interact: False
avg_score: -1636.4200439453125
median_score: -1636.0
std_score: 56.148048400878906
percentiles: 2%=-1740.280029296875, 5%=-1730.0999755859375, 10%=-1706.4000244140625, 25%=-1675.25, 50%=-1636.0, 75%=-1596.5, 90%=-1566.9000244140625, 95%=-1556.9000244140625, 98%=-1537.97998046875
ranking_best_algo: NLOPT_LN_PRAXIS
ranking_best_score: 1607.12
ranking_my_rank: 1/504 (100.0%)
ranking_my_percent: 100.0
