ConfigName: kfr__advglobalrankweighted__M4__L5__eps0p01__g0p001__ds0p01__dm0p01
Problem: QUBO
Kernel: fr
Advantage: globalrankweighted
M: 4
lambda: 5
epsilon_svgd: 0.01
gamma: 0.001
decay_start_ratio: 0.01
decay_min_factor: 0.01
bandwith_kernel: None
no_interact: False
avg_score: -1253.739990234375
median_score: -1254.0
std_score: 60.765716552734375
percentiles: 2%=-1375.0400390625, 5%=-1357.199951171875, 10%=-1335.199951171875, 25%=-1295.0, 50%=-1254.0, 75%=-1207.25, 90%=-1182.699951171875, 95%=-1166.300048828125, 98%=-1135.9599609375
ranking_best_algo: BigLognormalDiscreteOnePlusOne
ranking_best_score: 1301.3600000000004
ranking_my_rank: 55/504 (89.3%)
ranking_my_percent: 89.28571428571429
