ConfigName: krbf__advnormalizedfitness__M2__L8__eps0p025__g0p01__ds0p15__dm0p01
Problem: NK
Kernel: rbf
Advantage: normalizedfitness
M: 2
lambda: 8
epsilon_svgd: 0.025
gamma: 0.01
decay_start_ratio: 0.15
decay_min_factor: 0.01
bandwith_kernel: None
no_interact: False
avg_score: 0.741365373134613
median_score: 0.7383209466934204
std_score: 0.028900930657982826
percentiles: 2%=0.6947588920593262, 5%=0.703399121761322, 10%=0.709250807762146, 25%=0.7203104496002197, 50%=0.7383209466934204, 75%=0.7543677687644958, 90%=0.7757807374000549, 95%=0.8044298887252808, 98%=0.8118547797203064
ranking_best_algo: CMApara
ranking_best_score: 0.7459277895312499
ranking_my_rank: 26/504 (95.0%)
ranking_my_percent: 95.03968253968254
