ConfigName: kjsd__advperagentrankweighted__M4__L12__eps0p03__g0p0007__ds0p05__dm0p05
Problem: QUBO
Kernel: jsd
Advantage: peragentrankweighted
M: 4
lambda: 12
epsilon_svgd: 0.03
gamma: 0.0007
decay_start_ratio: 0.05
decay_min_factor: 0.05
bandwith_kernel: None
no_interact: False
avg_score: -437.1199951171875
median_score: -440.0
std_score: 28.057538986206055
percentiles: 2%=-494.0400085449219, 5%=-479.0, 10%=-472.1000061035156, 25%=-455.0, 50%=-440.0, 75%=-419.75, 90%=-395.8999938964844, 95%=-385.95001220703125, 98%=-382.8800048828125
ranking_best_algo: CMApara
ranking_best_score: 453.82
ranking_my_rank: 29/504 (94.4%)
ranking_my_percent: 94.44444444444444
