ConfigName: krbf__advnormalizedfitness__M3__L15__eps0p033__g0p007__ds0p15__dm0p3
Problem: QUBO
Kernel: rbf
Advantage: normalizedfitness
M: 3
lambda: 15
epsilon_svgd: 0.033
gamma: 0.007
decay_start_ratio: 0.15
decay_min_factor: 0.3
bandwith_kernel: None
no_interact: False
avg_score: -139.10000610351562
median_score: -141.0
std_score: 11.621962547302246
percentiles: 2%=-159.0, 5%=-157.0500030517578, 10%=-153.10000610351562, 25%=-146.25, 50%=-141.0, 75%=-129.75, 90%=-125.0, 95%=-119.85001373291016, 98%=-114.95999145507812
ranking_best_algo: DiscreteDE
ranking_best_score: 143.4
ranking_my_rank: 88/504 (82.7%)
ranking_my_percent: 82.73809523809524
