ConfigName: kjsd__advperagentrankweighted__M3__L16__eps0p005__g0p0007__ds0p1__dm0p1
Problem: QUBO
Kernel: jsd
Advantage: peragentrankweighted
M: 3
lambda: 16
epsilon_svgd: 0.005
gamma: 0.0007
decay_start_ratio: 0.1
decay_min_factor: 0.1
bandwith_kernel: None
no_interact: False
avg_score: -1194.699951171875
median_score: -1198.0
std_score: 60.15986633300781
percentiles: 2%=-1316.739990234375, 5%=-1280.1500244140625, 10%=-1267.0999755859375, 25%=-1243.0, 50%=-1198.0, 75%=-1146.0, 90%=-1125.0, 95%=-1102.0, 98%=-1068.9599609375
ranking_best_algo: Tabu
ranking_best_score: 1216.16
ranking_my_rank: 48/504 (90.7%)
ranking_my_percent: 90.67460317460318
