ConfigName: kjsd__advperagentrankweighted__M4__L30__eps0p005__g0p0007__ds0p2__dm0p05
Problem: QUBO
Kernel: jsd
Advantage: peragentrankweighted
M: 4
lambda: 30
epsilon_svgd: 0.005
gamma: 0.0007
decay_start_ratio: 0.2
decay_min_factor: 0.05
bandwith_kernel: None
no_interact: False
avg_score: -931.7999877929688
median_score: -930.0
std_score: 74.9988021850586
percentiles: 2%=-1068.1199951171875, 5%=-1048.6500244140625, 10%=-1025.300048828125, 25%=-991.25, 50%=-930.0, 75%=-880.0, 90%=-834.9000244140625, 95%=-814.9000244140625, 98%=-782.9600219726562
ranking_best_algo: CMApara
ranking_best_score: 964.9
ranking_my_rank: 19/504 (96.4%)
ranking_my_percent: 96.42857142857143
