ConfigName: kjsd__advperagentrankweighted__M5__L24__eps0p008__g0p0005__ds0p05__dm0p05
Problem: QUBO
Kernel: jsd
Advantage: peragentrankweighted
M: 5
lambda: 24
epsilon_svgd: 0.008
gamma: 0.0005
decay_start_ratio: 0.05
decay_min_factor: 0.05
bandwith_kernel: None
no_interact: False
avg_score: -201.17999267578125
median_score: -201.0
std_score: 12.57487964630127
percentiles: 2%=-224.0, 5%=-222.0, 10%=-219.10000610351562, 25%=-209.0, 50%=-201.0, 75%=-192.75, 90%=-183.89999389648438, 95%=-180.9499969482422, 98%=-178.94000244140625
ranking_best_algo: Tabu
ranking_best_score: 208.36000000000004
ranking_my_rank: 41/504 (92.1%)
ranking_my_percent: 92.06349206349206
