ConfigName: krbf__advnormalizedfitness__M4__L15__eps0p03__g0p0005__ds0p05__dm0p05
Problem: QUBO
Kernel: rbf
Advantage: normalizedfitness
M: 4
lambda: 15
epsilon_svgd: 0.03
gamma: 0.0005
decay_start_ratio: 0.05
decay_min_factor: 0.05
bandwith_kernel: None
no_interact: False
avg_score: -2313.280029296875
median_score: -2301.0
std_score: 152.3191375732422
percentiles: 2%=-2610.219970703125, 5%=-2576.10009765625, 10%=-2521.300048828125, 25%=-2421.0, 50%=-2301.0, 75%=-2200.75, 90%=-2119.89990234375, 95%=-2081.75, 98%=-2035.3800048828125
ranking_best_algo: SVM1MetaModelLogNormal
ranking_best_score: 2605.14
ranking_my_rank: 153/504 (69.8%)
ranking_my_percent: 69.84126984126983
