ConfigName: krbf__advnormalizedfitness__M3__L12__eps0p015__g0p015__ds0p01__dm0p3
Problem: QUBO
Kernel: rbf
Advantage: normalizedfitness
M: 3
lambda: 12
epsilon_svgd: 0.015
gamma: 0.015
decay_start_ratio: 0.01
decay_min_factor: 0.3
bandwith_kernel: None
no_interact: False
avg_score: -134.27999877929688
median_score: -134.0
std_score: 10.055923461914062
percentiles: 2%=-153.02000427246094, 5%=-150.0500030517578, 10%=-148.0, 25%=-142.0, 50%=-134.0, 75%=-127.0, 90%=-123.0, 95%=-118.95000457763672, 98%=-115.79995727539062
ranking_best_algo: DiscreteDE
ranking_best_score: 143.4
ranking_my_rank: 306/504 (39.5%)
ranking_my_percent: 39.48412698412698
