ConfigName: kfr__advglobalrankweighted__M4__L24__eps0p01__g0p001__ds0p01__dm0p01
Problem: QUBO
Kernel: fr
Advantage: globalrankweighted
M: 4
lambda: 24
epsilon_svgd: 0.01
gamma: 0.001
decay_start_ratio: 0.01
decay_min_factor: 0.01
bandwith_kernel: None
no_interact: False
avg_score: -139.52000427246094
median_score: -141.0
std_score: 11.94360065460205
percentiles: 2%=-161.0, 5%=-158.0500030517578, 10%=-157.10000610351562, 25%=-146.0, 50%=-141.0, 75%=-130.0, 90%=-125.0, 95%=-119.0, 98%=-113.0
ranking_best_algo: DiscreteDE
ranking_best_score: 143.4
ranking_my_rank: 84/504 (83.5%)
ranking_my_percent: 83.53174603174604
