ConfigName: kjsd__advperagentrankweighted__M4__L24__eps0p01__g0p0005__ds0p05__dm0p05
Problem: QUBO
Kernel: jsd
Advantage: peragentrankweighted
M: 4
lambda: 24
epsilon_svgd: 0.01
gamma: 0.0005
decay_start_ratio: 0.05
decay_min_factor: 0.05
bandwith_kernel: None
no_interact: False
avg_score: -414.8599853515625
median_score: -417.0
std_score: 25.15035629272461
percentiles: 2%=-465.1600036621094, 5%=-451.1499938964844, 10%=-449.1000061035156, 25%=-430.25, 50%=-417.0, 75%=-396.0, 90%=-380.0, 95%=-372.0, 98%=-369.94000244140625
ranking_best_algo: Tabu
ranking_best_score: 438.12
ranking_my_rank: 51/504 (90.1%)
ranking_my_percent: 90.07936507936508
