ConfigName: krbf__advnormalizedfitness__M4__L15__eps0p015__g0p01__ds0p15__dm0p3
Problem: QUBO
Kernel: rbf
Advantage: normalizedfitness
M: 4
lambda: 15
epsilon_svgd: 0.015
gamma: 0.01
decay_start_ratio: 0.15
decay_min_factor: 0.3
bandwith_kernel: None
no_interact: False
avg_score: -494.260009765625
median_score: -486.5
std_score: 39.037322998046875
percentiles: 2%=-583.1799926757812, 5%=-559.25, 10%=-543.2000122070312, 25%=-525.25, 50%=-486.5, 75%=-470.75, 90%=-451.70001220703125, 95%=-434.8000183105469, 98%=-420.94000244140625
ranking_best_algo: BigLognormalDiscreteOnePlusOne
ranking_best_score: 1301.3600000000004
ranking_my_rank: 394/504 (22.0%)
ranking_my_percent: 22.023809523809526
