ConfigName: kjsd__advperagentrankweighted__M4__L10__eps0p02__g0p0003__ds0p2__dm0p05
Problem: QUBO
Kernel: jsd
Advantage: peragentrankweighted
M: 4
lambda: 10
epsilon_svgd: 0.02
gamma: 0.0003
decay_start_ratio: 0.2
decay_min_factor: 0.05
bandwith_kernel: None
no_interact: False
avg_score: -431.5199890136719
median_score: -434.5
std_score: 25.94628143310547
percentiles: 2%=-481.0400085449219, 5%=-469.29998779296875, 10%=-464.0, 25%=-451.0, 50%=-434.5, 75%=-410.75, 90%=-396.79998779296875, 95%=-386.0, 98%=-385.9200134277344
ranking_best_algo: CMApara
ranking_best_score: 453.82
ranking_my_rank: 78/504 (84.7%)
ranking_my_percent: 84.72222222222223
