ConfigName: krbf__advnormalizedfitness__M3__L8__eps0p033__g0p015__ds0p15__dm0p01
Problem: QUBO
Kernel: rbf
Advantage: normalizedfitness
M: 3
lambda: 8
epsilon_svgd: 0.033
gamma: 0.015
decay_start_ratio: 0.15
decay_min_factor: 0.01
bandwith_kernel: None
no_interact: False
avg_score: -201.5399932861328
median_score: -203.0
std_score: 12.316996574401855
percentiles: 2%=-224.0, 5%=-222.10000610351562, 10%=-217.10000610351562, 25%=-208.25, 50%=-203.0, 75%=-195.5, 90%=-184.0, 95%=-179.95001220703125, 98%=-174.9399871826172
ranking_best_algo: Tabu
ranking_best_score: 208.36000000000004
ranking_my_rank: 40/504 (92.3%)
ranking_my_percent: 92.26190476190476
