ConfigName: kjsd__advperagentrankweighted__M4__L24__eps0p01__g0p0005__ds0p2__dm0p05
Problem: NK
Kernel: jsd
Advantage: peragentrankweighted
M: 4
lambda: 24
epsilon_svgd: 0.01
gamma: 0.0005
decay_start_ratio: 0.2
decay_min_factor: 0.05
bandwith_kernel: None
no_interact: False
avg_score: 0.7575296759605408
median_score: 0.7565420866012573
std_score: 0.012057890184223652
percentiles: 2%=0.7382999658584595, 5%=0.7412402629852295, 10%=0.7423635721206665, 25%=0.748004674911499, 50%=0.7565420866012573, 75%=0.767870306968689, 90%=0.7744837999343872, 95%=0.7756412625312805, 98%=0.7784724235534668
ranking_best_algo: Tabu
ranking_best_score: 0.7470791764843752
ranking_my_rank: 1/504 (100.0%)
ranking_my_percent: 100.0
