ConfigName: kjsd__advperagentrankweighted__M3__L16__eps0p01__g0p0007__ds0p2__dm0p2
Problem: QUBO
Kernel: jsd
Advantage: peragentrankweighted
M: 3
lambda: 16
epsilon_svgd: 0.01
gamma: 0.0007
decay_start_ratio: 0.2
decay_min_factor: 0.2
bandwith_kernel: None
no_interact: False
avg_score: -138.02000427246094
median_score: -139.0
std_score: 11.838902473449707
percentiles: 2%=-160.0, 5%=-158.0500030517578, 10%=-155.10000610351562, 25%=-146.0, 50%=-139.0, 75%=-129.0, 90%=-124.80000305175781, 95%=-119.0, 98%=-114.94000244140625
ranking_best_algo: DiscreteDE
ranking_best_score: 143.4
ranking_my_rank: 116/504 (77.2%)
ranking_my_percent: 77.18253968253968
