ConfigName: krbf__advnormalizedfitness__M3__L8__eps0p033__g0p005__ds0p3__dm0p01
Problem: NK
Kernel: rbf
Advantage: normalizedfitness
M: 3
lambda: 8
epsilon_svgd: 0.033
gamma: 0.005
decay_start_ratio: 0.3
decay_min_factor: 0.01
bandwith_kernel: None
no_interact: False
avg_score: 0.7394858002662659
median_score: 0.7409723401069641
std_score: 0.013411504216492176
percentiles: 2%=0.7114531993865967, 5%=0.7180558443069458, 10%=0.7214922308921814, 25%=0.7310956716537476, 50%=0.7409723401069641, 75%=0.7467585802078247, 90%=0.7538838386535645, 95%=0.7612796425819397, 98%=0.7684780359268188
ranking_best_algo: Tabu
ranking_best_score: 0.7601875690625
ranking_my_rank: 16/504 (97.0%)
ranking_my_percent: 97.02380952380952
