ConfigName: kjsd__advperagentrankweighted__M3__L18__eps0p005__g0p001__ds0p05__dm0p05
Problem: NK
Kernel: jsd
Advantage: peragentrankweighted
M: 3
lambda: 18
epsilon_svgd: 0.005
gamma: 0.001
decay_start_ratio: 0.05
decay_min_factor: 0.05
bandwith_kernel: None
no_interact: False
avg_score: 0.7363135814666748
median_score: 0.7385922074317932
std_score: 0.008621261455118656
percentiles: 2%=0.7152290940284729, 5%=0.7202887535095215, 10%=0.7251200079917908, 25%=0.7304327487945557, 50%=0.7385922074317932, 75%=0.742904543876648, 90%=0.7446408867835999, 95%=0.7482100129127502, 98%=0.7494146227836609
ranking_best_algo: PBIL
ranking_best_score: 0.7248786399609374
ranking_my_rank: 1/504 (100.0%)
ranking_my_percent: 100.0
