ConfigName: krbf__advnormalizedfitness__M4__L12__eps0p033__g0p007__ds0p15__dm0p01
Problem: NK
Kernel: rbf
Advantage: normalizedfitness
M: 4
lambda: 12
epsilon_svgd: 0.033
gamma: 0.007
decay_start_ratio: 0.15
decay_min_factor: 0.01
bandwith_kernel: None
no_interact: False
avg_score: 0.7570926547050476
median_score: 0.7599332332611084
std_score: 0.01355158630758524
percentiles: 2%=0.7304755449295044, 5%=0.7341417670249939, 10%=0.7384548783302307, 25%=0.7467936873435974, 50%=0.7599332332611084, 75%=0.7663394212722778, 90%=0.7709037065505981, 95%=0.7778909802436829, 98%=0.7803246974945068
ranking_best_algo: Tabu
ranking_best_score: 0.7470791764843752
ranking_my_rank: 1/504 (100.0%)
ranking_my_percent: 100.0
