ConfigName: kjsd__advperagentrankweighted__M3__L16__eps0p007__g0p0005__ds0p2__dm0p2
Problem: QUBO
Kernel: jsd
Advantage: peragentrankweighted
M: 3
lambda: 16
epsilon_svgd: 0.007
gamma: 0.0005
decay_start_ratio: 0.2
decay_min_factor: 0.2
bandwith_kernel: None
no_interact: False
avg_score: -439.0799865722656
median_score: -440.5
std_score: 28.498308181762695
percentiles: 2%=-489.0, 5%=-481.1000061035156, 10%=-472.29998779296875, 25%=-462.25, 50%=-440.5, 75%=-416.75, 90%=-401.8999938964844, 95%=-390.95001220703125, 98%=-388.9599914550781
ranking_best_algo: CMApara
ranking_best_score: 453.82
ranking_my_rank: 19/504 (96.4%)
ranking_my_percent: 96.42857142857143
