ConfigName: kjsd__advperagentrankweighted__M3__L18__eps0p005__g0p001__ds0p05__dm0p1
Problem: QUBO
Kernel: jsd
Advantage: peragentrankweighted
M: 3
lambda: 18
epsilon_svgd: 0.005
gamma: 0.001
decay_start_ratio: 0.05
decay_min_factor: 0.1
bandwith_kernel: None
no_interact: False
avg_score: -1615.219970703125
median_score: -1614.0
std_score: 60.563453674316406
percentiles: 2%=-1756.4599609375, 5%=-1727.4000244140625, 10%=-1680.4000244140625, 25%=-1656.0, 50%=-1614.0, 75%=-1576.5, 90%=-1544.300048828125, 95%=-1524.699951171875, 98%=-1506.3599853515625
ranking_best_algo: NLOPT_LN_PRAXIS
ranking_best_score: 1607.12
ranking_my_rank: 1/504 (100.0%)
ranking_my_percent: 100.0
