ConfigName: kjsd__advperagentrankweighted__M3__L16__eps0p01__g0p0005__ds0p2__dm0p1
Problem: QUBO
Kernel: jsd
Advantage: peragentrankweighted
M: 3
lambda: 16
epsilon_svgd: 0.01
gamma: 0.0005
decay_start_ratio: 0.2
decay_min_factor: 0.1
bandwith_kernel: None
no_interact: False
avg_score: -934.0999755859375
median_score: -927.5
std_score: 68.11498260498047
percentiles: 2%=-1068.0799560546875, 5%=-1050.300048828125, 10%=-1042.0999755859375, 25%=-981.5, 50%=-927.5, 75%=-883.5, 90%=-847.0, 95%=-831.9500122070312, 98%=-822.52001953125
ranking_best_algo: CMApara
ranking_best_score: 964.9
ranking_my_rank: 17/504 (96.8%)
ranking_my_percent: 96.82539682539682
