ConfigName: kjsd__advperagentrankweighted__M4__L30__eps0p005__g0p0007__ds0p2__dm0p05
Problem: QUBO
Kernel: jsd
Advantage: peragentrankweighted
M: 4
lambda: 30
epsilon_svgd: 0.005
gamma: 0.0007
decay_start_ratio: 0.2
decay_min_factor: 0.05
bandwith_kernel: None
no_interact: False
avg_score: -1154.4599609375
median_score: -1151.0
std_score: 69.67703247070312
percentiles: 2%=-1297.1400146484375, 5%=-1278.6500244140625, 10%=-1259.199951171875, 25%=-1190.5, 50%=-1151.0, 75%=-1103.75, 90%=-1068.0, 95%=-1051.949951171875, 98%=-1027.0
ranking_best_algo: SVMMetaModelLogNormal
ranking_best_score: 1233.7999999999997
ranking_my_rank: 91/504 (82.1%)
ranking_my_percent: 82.14285714285714
