ConfigName: krbf__advnormalizedfitness__M3__L8__eps0p025__g0p015__ds0p15__dm0p3
Problem: NK
Kernel: rbf
Advantage: normalizedfitness
M: 3
lambda: 8
epsilon_svgd: 0.025
gamma: 0.015
decay_start_ratio: 0.15
decay_min_factor: 0.3
bandwith_kernel: None
no_interact: False
avg_score: 0.585159420967102
median_score: 0.5837312936782837
std_score: 0.007727010175585747
percentiles: 2%=0.5745852589607239, 5%=0.5750125646591187, 10%=0.5763925313949585, 25%=0.579737663269043, 50%=0.5837312936782837, 75%=0.5876762270927429, 90%=0.5977380871772766, 95%=0.6006653308868408, 98%=0.6030041575431824
ranking_best_algo: PBIL
ranking_best_score: 0.7170882103515624
ranking_my_rank: 374/504 (26.0%)
ranking_my_percent: 25.99206349206349
