ConfigName: krbf__advnormalizedfitness__M3__L8__eps0p015__g0p015__ds0p15__dm0p01
Problem: NK
Kernel: rbf
Advantage: normalizedfitness
M: 3
lambda: 8
epsilon_svgd: 0.015
gamma: 0.015
decay_start_ratio: 0.15
decay_min_factor: 0.01
bandwith_kernel: None
no_interact: False
avg_score: 0.7037631869316101
median_score: 0.7068618535995483
std_score: 0.012077110819518566
percentiles: 2%=0.68485426902771, 5%=0.6864360570907593, 10%=0.6879375576972961, 25%=0.6913561820983887, 50%=0.7068618535995483, 75%=0.7143466472625732, 90%=0.7169278264045715, 95%=0.7210741639137268, 98%=0.7220300436019897
ranking_best_algo: PBIL
ranking_best_score: 0.7013553837109374
ranking_my_rank: 1/504 (100.0%)
ranking_my_percent: 100.0
