Problem: NK
Kernel: jsd
Advantage: peragentrankweighted
M: 3
lambda: 15
epsilon_svgd: 0.01
gamma: 0.0005
bandwith_kernel: None
no_interact: False
avg_score: 0.7155575752258301
median_score: 0.7154349684715271
std_score: 0.006240032147616148
percentiles: 2%=0.7033481001853943, 5%=0.7042744159698486, 10%=0.7073842287063599, 25%=0.7114934325218201, 50%=0.7154349684715271, 75%=0.7200093269348145, 90%=0.7233426570892334, 95%=0.7247362732887268, 98%=0.7276512384414673
ranking_best_algo: PPO-EDA
ranking_best_score: 0.7232516
ranking_my_rank: 40/505 (92.3%)
