Problem: NK
Kernel: pk
Advantage: peragentrankweighted
M: 3
lambda: 20
epsilon_svgd: 0.03
gamma: 0.001
bandwith_kernel: None
no_interact: False
avg_score: 0.715594470500946
median_score: 0.7149654626846313
std_score: 0.008031745441257954
percentiles: 2%=0.7009150981903076, 5%=0.7026869654655457, 10%=0.7057613134384155, 25%=0.7099734544754028, 50%=0.7149654626846313, 75%=0.7213855981826782, 90%=0.7259193062782288, 95%=0.7291525602340698, 98%=0.7321558594703674
ranking_best_algo: PPO-EDA
ranking_best_score: 0.7232516
ranking_my_rank: 40/505 (92.3%)
