ConfigName: kjsd__advperagentrankweighted__M3__L18__eps0p01__g0p003__ds0p2__dm0p2
Problem: QUBO
Kernel: jsd
Advantage: peragentrankweighted
M: 3
lambda: 18
epsilon_svgd: 0.01
gamma: 0.003
decay_start_ratio: 0.2
decay_min_factor: 0.2
bandwith_kernel: None
no_interact: False
avg_score: -423.2200012207031
median_score: -422.0
std_score: 28.04623794555664
percentiles: 2%=-477.0, 5%=-467.3999938964844, 10%=-461.3999938964844, 25%=-444.5, 50%=-422.0, 75%=-403.75, 90%=-384.0, 95%=-378.95001220703125, 98%=-371.9599914550781
ranking_best_algo: CMAL3
ranking_best_score: 435.36
ranking_my_rank: 33/504 (93.7%)
ranking_my_percent: 93.65079365079364
