ConfigName: krbf__advnormalizedfitness__M4__L8__eps0p033__g0p01__ds0p3__dm0p3
Problem: NK
Kernel: rbf
Advantage: normalizedfitness
M: 4
lambda: 8
epsilon_svgd: 0.033
gamma: 0.01
decay_start_ratio: 0.3
decay_min_factor: 0.3
bandwith_kernel: None
no_interact: False
avg_score: 0.6454495191574097
median_score: 0.6427128314971924
std_score: 0.01807168871164322
percentiles: 2%=0.616523265838623, 5%=0.6216652393341064, 10%=0.6244581341743469, 25%=0.6323986053466797, 50%=0.6427128314971924, 75%=0.6551554203033447, 90%=0.6698331236839294, 95%=0.678424596786499, 98%=0.6882495284080505
ranking_best_algo: Tabu
ranking_best_score: 0.7429702712499999
ranking_my_rank: 331/504 (34.5%)
ranking_my_percent: 34.523809523809526
