ConfigName: kjsd__advperagentrankweighted__M4__L30__eps0p005__g0p0007__ds0p4__dm0p05
Problem: QUBO
Kernel: jsd
Advantage: peragentrankweighted
M: 4
lambda: 30
epsilon_svgd: 0.005
gamma: 0.0007
decay_start_ratio: 0.4
decay_min_factor: 0.05
bandwith_kernel: None
no_interact: False
avg_score: -564.760009765625
median_score: -562.0
std_score: 30.393131256103516
percentiles: 2%=-629.0, 5%=-621.2999877929688, 10%=-608.0, 25%=-580.0, 50%=-562.0, 75%=-542.75, 90%=-525.9000244140625, 95%=-520.9000244140625, 98%=-513.8599853515625
ranking_best_algo: Tabu
ranking_best_score: 588.7199999999999
ranking_my_rank: 94/503 (81.5%)
ranking_my_percent: 81.51093439363817
