ConfigName: krbf__advnormalizedfitness__M2__L8__eps0p025__g0p007__ds0p15__dm0p01
Problem: QUBO
Kernel: rbf
Advantage: normalizedfitness
M: 2
lambda: 8
epsilon_svgd: 0.025
gamma: 0.007
decay_start_ratio: 0.15
decay_min_factor: 0.01
bandwith_kernel: None
no_interact: False
avg_score: -921.5
median_score: -909.5
std_score: 69.34616088867188
percentiles: 2%=-1068.1199951171875, 5%=-1049.5, 10%=-1010.0999755859375, 25%=-969.5, 50%=-909.5, 75%=-870.0, 90%=-846.7000122070312, 95%=-808.9000244140625, 98%=-804.5800170898438
ranking_best_algo: CMApara
ranking_best_score: 964.9
ranking_my_rank: 58/504 (88.7%)
ranking_my_percent: 88.69047619047619
