ConfigName: kjsd__advperagentrankweighted__M3__L20__eps0p005__g0p001__ds0p1__dm0p05
Problem: QUBO
Kernel: jsd
Advantage: peragentrankweighted
M: 3
lambda: 20
epsilon_svgd: 0.005
gamma: 0.001
decay_start_ratio: 0.1
decay_min_factor: 0.05
bandwith_kernel: None
no_interact: False
avg_score: -930.97998046875
median_score: -934.5
std_score: 70.01870727539062
percentiles: 2%=-1074.0, 5%=-1050.5999755859375, 10%=-1020.5999755859375, 25%=-978.25, 50%=-934.5, 75%=-862.5, 90%=-837.0, 95%=-829.5499877929688, 98%=-816.7999877929688
ranking_best_algo: CMApara
ranking_best_score: 964.9
ranking_my_rank: 19/504 (96.4%)
ranking_my_percent: 96.42857142857143
