ConfigName: kjsd__advperagentrankweighted__M5__L8__eps0p01__g0p003__ds0p2__dm0p2
Problem: QUBO
Kernel: jsd
Advantage: peragentrankweighted
M: 5
lambda: 8
epsilon_svgd: 0.01
gamma: 0.003
decay_start_ratio: 0.2
decay_min_factor: 0.2
bandwith_kernel: None
no_interact: False
avg_score: -890.6799926757812
median_score: -887.0
std_score: 61.32142639160156
percentiles: 2%=-1022.3200073242188, 5%=-991.4000244140625, 10%=-963.0999755859375, 25%=-929.5, 50%=-887.0, 75%=-850.75, 90%=-815.9000244140625, 95%=-788.5999755859375, 98%=-775.780029296875
ranking_best_algo: CMAL3
ranking_best_score: 928.5800000000002
ranking_my_rank: 98/504 (80.8%)
ranking_my_percent: 80.75396825396825
