ConfigName: kjsd__advperagentrankweighted__M3__L30__eps0p005__g0p001__ds0p1__dm0p2
Problem: NK
Kernel: jsd
Advantage: peragentrankweighted
M: 3
lambda: 30
epsilon_svgd: 0.005
gamma: 0.001
decay_start_ratio: 0.1
decay_min_factor: 0.2
bandwith_kernel: None
no_interact: False
avg_score: 0.729778528213501
median_score: 0.7312355041503906
std_score: 0.009870778769254684
percentiles: 2%=0.7069927453994751, 5%=0.7081470489501953, 10%=0.7148271799087524, 25%=0.7251860499382019, 50%=0.7312355041503906, 75%=0.7374497056007385, 90%=0.7408512234687805, 95%=0.7421348094940186, 98%=0.7444062232971191
ranking_best_algo: PBIL
ranking_best_score: 0.7248786399609374
ranking_my_rank: 1/504 (100.0%)
ranking_my_percent: 100.0
