ConfigName: krbf__advnormalizedfitness__M3__L10__eps0p015__g0p015__ds0p15__dm0p01
Problem: QUBO
Kernel: rbf
Advantage: normalizedfitness
M: 3
lambda: 10
epsilon_svgd: 0.015
gamma: 0.015
decay_start_ratio: 0.15
decay_min_factor: 0.01
bandwith_kernel: None
no_interact: False
avg_score: -1120.4000244140625
median_score: -1113.0
std_score: 86.64144897460938
percentiles: 2%=-1327.0799560546875, 5%=-1273.800048828125, 10%=-1223.0, 25%=-1177.0, 50%=-1113.0, 75%=-1065.0, 90%=-1013.7999877929688, 95%=-984.2500610351562, 98%=-964.35986328125
ranking_best_algo: Tabu
ranking_best_score: 1216.16
ranking_my_rank: 170/504 (66.5%)
ranking_my_percent: 66.46825396825396
