ConfigName: kjsd__advperagentrankweighted__M5__L8__eps0p03__g0p0005__ds0p05__dm0p05
Problem: NK
Kernel: jsd
Advantage: peragentrankweighted
M: 5
lambda: 8
epsilon_svgd: 0.03
gamma: 0.0005
decay_start_ratio: 0.05
decay_min_factor: 0.05
bandwith_kernel: None
no_interact: False
avg_score: 0.7386128902435303
median_score: 0.7369487285614014
std_score: 0.02944372594356537
percentiles: 2%=0.6949294805526733, 5%=0.7027503252029419, 10%=0.7083437442779541, 25%=0.7187842130661011, 50%=0.7369487285614014, 75%=0.7508392333984375, 90%=0.7751633524894714, 95%=0.8045790791511536, 98%=0.8118547797203064
ranking_best_algo: CMApara
ranking_best_score: 0.7459277895312499
ranking_my_rank: 61/504 (88.1%)
ranking_my_percent: 88.0952380952381
