ConfigName: kjsd__advperagentrankweighted__M3__L30__eps0p005__g0p001__ds0p1__dm0p05
Problem: NK
Kernel: jsd
Advantage: peragentrankweighted
M: 3
lambda: 30
epsilon_svgd: 0.005
gamma: 0.001
decay_start_ratio: 0.1
decay_min_factor: 0.05
bandwith_kernel: None
no_interact: False
avg_score: 0.7340949773788452
median_score: 0.7357365489006042
std_score: 0.009229103103280067
percentiles: 2%=0.7126859426498413, 5%=0.7156189680099487, 10%=0.7213988304138184, 25%=0.7278111577033997, 50%=0.7357365489006042, 75%=0.7410992383956909, 90%=0.7454509735107422, 95%=0.7463409900665283, 98%=0.7479292154312134
ranking_best_algo: PBIL
ranking_best_score: 0.7248786399609374
ranking_my_rank: 1/504 (100.0%)
ranking_my_percent: 100.0
