ConfigName: krbf__advglobalrankweighted__M4__L9__eps0p015__g0p007__ds0p01__dm0p01
Problem: QUBO
Kernel: rbf
Advantage: globalrankweighted
M: 4
lambda: 9
epsilon_svgd: 0.015
gamma: 0.007
decay_start_ratio: 0.01
decay_min_factor: 0.01
bandwith_kernel: None
no_interact: False
avg_score: -3135.360107421875
median_score: -3135.5
std_score: 154.31459045410156
percentiles: 2%=-3491.0, 5%=-3397.89990234375, 10%=-3333.199951171875, 25%=-3233.25, 50%=-3135.5, 75%=-3030.25, 90%=-2940.800048828125, 95%=-2913.550048828125, 98%=-2847.699951171875
ranking_best_algo: RLSOnePlusOne
ranking_best_score: 3316.5199999999995
ranking_my_rank: 75/504 (85.3%)
ranking_my_percent: 85.31746031746032
