ConfigName: krbf__advnormalizedfitness__M4__L10__eps0p025__g0p007__ds0p01__dm0p01
Problem: QUBO
Kernel: rbf
Advantage: normalizedfitness
M: 4
lambda: 10
epsilon_svgd: 0.025
gamma: 0.007
decay_start_ratio: 0.01
decay_min_factor: 0.01
bandwith_kernel: None
no_interact: False
avg_score: -415.260009765625
median_score: -416.0
std_score: 28.450876235961914
percentiles: 2%=-473.0400085449219, 5%=-459.1000061035156, 10%=-452.0, 25%=-433.0, 50%=-416.0, 75%=-396.0, 90%=-381.79998779296875, 95%=-371.50006103515625, 98%=-355.91998291015625
ranking_best_algo: Tabu
ranking_best_score: 438.12
ranking_my_rank: 50/504 (90.3%)
ranking_my_percent: 90.27777777777777
