ConfigName: kjsd__advperagentrankweighted__M6__L20__eps0p005__g0p0005__ds0p1__dm0p2
Problem: QUBO
Kernel: jsd
Advantage: peragentrankweighted
M: 6
lambda: 20
epsilon_svgd: 0.005
gamma: 0.0005
decay_start_ratio: 0.1
decay_min_factor: 0.2
bandwith_kernel: None
no_interact: False
avg_score: -1089.6400146484375
median_score: -1081.5
std_score: 70.17443084716797
percentiles: 2%=-1225.56005859375, 5%=-1219.0999755859375, 10%=-1199.800048828125, 25%=-1137.0, 50%=-1081.5, 75%=-1035.25, 90%=-1012.7000122070312, 95%=-988.6500244140625, 98%=-964.8800048828125
ranking_best_algo: SVMMetaModelLogNormal
ranking_best_score: 1233.7999999999997
ranking_my_rank: 158/504 (68.8%)
ranking_my_percent: 68.84920634920636
