ConfigName: kjsd__advperagentrankweighted__M8__L12__eps0p005__g0p0005__ds0p3__dm0p05
Problem: NK
Kernel: jsd
Advantage: peragentrankweighted
M: 8
lambda: 12
epsilon_svgd: 0.005
gamma: 0.0005
decay_start_ratio: 0.3
decay_min_factor: 0.05
bandwith_kernel: None
no_interact: False
avg_score: 0.7165125012397766
median_score: 0.7182919383049011
std_score: 0.014298235066235065
percentiles: 2%=0.6896355748176575, 5%=0.692762553691864, 10%=0.6977684497833252, 25%=0.706308126449585, 50%=0.7182919383049011, 75%=0.7263882160186768, 90%=0.7344534993171692, 95%=0.7368221879005432, 98%=0.7443602681159973
ranking_best_algo: PBIL
ranking_best_score: 0.733570253046875
ranking_my_rank: 57/504 (88.9%)
ranking_my_percent: 88.88888888888889
