ConfigName: krbf__advnormalizedfitness__M4__L8__eps0p025__g0p005__ds0p05__dm0p05
Problem: QUBO
Kernel: rbf
Advantage: normalizedfitness
M: 4
lambda: 8
epsilon_svgd: 0.025
gamma: 0.005
decay_start_ratio: 0.05
decay_min_factor: 0.05
bandwith_kernel: None
no_interact: False
avg_score: -414.260009765625
median_score: -412.5
std_score: 25.072938919067383
percentiles: 2%=-469.0, 5%=-457.0, 10%=-452.0, 25%=-428.5, 50%=-412.5, 75%=-395.75, 90%=-384.0, 95%=-376.0, 98%=-373.8800048828125
ranking_best_algo: Tabu
ranking_best_score: 438.12
ranking_my_rank: 57/504 (88.9%)
ranking_my_percent: 88.88888888888889
