ConfigName: kjsd__advperagentrankweighted__M3__L20__eps0p007__g0p0005__ds0p05__dm0p1
Problem: QUBO
Kernel: jsd
Advantage: peragentrankweighted
M: 3
lambda: 20
epsilon_svgd: 0.007
gamma: 0.0005
decay_start_ratio: 0.05
decay_min_factor: 0.1
bandwith_kernel: None
no_interact: False
avg_score: -1243.56005859375
median_score: -1252.0
std_score: 67.23322296142578
percentiles: 2%=-1367.52001953125, 5%=-1352.199951171875, 10%=-1337.4000244140625, 25%=-1285.25, 50%=-1252.0, 75%=-1189.25, 90%=-1157.9000244140625, 95%=-1150.699951171875, 98%=-1122.52001953125
ranking_best_algo: SVMMetaModelLogNormal
ranking_best_score: 1233.7999999999997
ranking_my_rank: 1/504 (100.0%)
ranking_my_percent: 100.0
