ConfigName: kjsd__advperagentrankweighted__M4__L10__eps0p02__g0p0007__ds0p05__dm0p05
Problem: QUBO
Kernel: jsd
Advantage: peragentrankweighted
M: 4
lambda: 10
epsilon_svgd: 0.02
gamma: 0.0007
decay_start_ratio: 0.05
decay_min_factor: 0.05
bandwith_kernel: None
no_interact: False
avg_score: -1241.43994140625
median_score: -1234.0
std_score: 60.74163818359375
percentiles: 2%=-1402.1400146484375, 5%=-1333.6500244140625, 10%=-1314.0999755859375, 25%=-1279.5, 50%=-1234.0, 75%=-1195.75, 90%=-1164.5999755859375, 95%=-1153.0, 98%=-1145.780029296875
ranking_best_algo: SVMMetaModelLogNormal
ranking_best_score: 1233.7999999999997
ranking_my_rank: 1/504 (100.0%)
ranking_my_percent: 100.0
