ConfigName: kjsd__advperagentrankweighted__M3__L20__eps0p007__g0p0007__ds0p2__dm0p1
Problem: QUBO
Kernel: jsd
Advantage: peragentrankweighted
M: 3
lambda: 20
epsilon_svgd: 0.007
gamma: 0.0007
decay_start_ratio: 0.2
decay_min_factor: 0.1
bandwith_kernel: None
no_interact: False
avg_score: -1301.4599609375
median_score: -1306.5
std_score: 52.87389373779297
percentiles: 2%=-1402.1400146484375, 5%=-1391.199951171875, 10%=-1367.300048828125, 25%=-1335.25, 50%=-1306.5, 75%=-1265.0, 90%=-1232.5999755859375, 95%=-1211.0, 98%=-1196.760009765625
ranking_best_algo: BigLognormalDiscreteOnePlusOne
ranking_best_score: 1301.3600000000004
ranking_my_rank: 1/504 (100.0%)
ranking_my_percent: 100.0
