ConfigName: krbf__advnormalizedfitness__M3__L8__eps0p015__g0p015__ds0p15__dm0p3
Problem: NK
Kernel: rbf
Advantage: normalizedfitness
M: 3
lambda: 8
epsilon_svgd: 0.015
gamma: 0.015
decay_start_ratio: 0.15
decay_min_factor: 0.3
bandwith_kernel: None
no_interact: False
avg_score: 0.7437734007835388
median_score: 0.7408133745193481
std_score: 0.02918802574276924
percentiles: 2%=0.701069176197052, 5%=0.7021016478538513, 10%=0.705649733543396, 25%=0.7223702669143677, 50%=0.7408133745193481, 75%=0.7580187320709229, 90%=0.7757551074028015, 95%=0.8044298887252808, 98%=0.8104748129844666
ranking_best_algo: CMApara
ranking_best_score: 0.7459277895312499
ranking_my_rank: 6/504 (99.0%)
ranking_my_percent: 99.0079365079365
