ConfigName: kjsd__advperagentrankweighted__M5__L10__eps0p02__g0p0003__ds0p2__dm0p05
Problem: QUBO
Kernel: jsd
Advantage: peragentrankweighted
M: 5
lambda: 10
epsilon_svgd: 0.02
gamma: 0.0003
decay_start_ratio: 0.2
decay_min_factor: 0.05
bandwith_kernel: None
no_interact: False
avg_score: -1169.8199462890625
median_score: -1161.0
std_score: 66.3733901977539
percentiles: 2%=-1317.199951171875, 5%=-1305.199951171875, 10%=-1264.0999755859375, 25%=-1211.5, 50%=-1161.0, 75%=-1114.0, 90%=-1093.9000244140625, 95%=-1080.0, 98%=-1072.6800537109375
ranking_best_algo: Tabu
ranking_best_score: 1216.16
ranking_my_rank: 91/504 (82.1%)
ranking_my_percent: 82.14285714285714
