ConfigName: krbf__advnormalizedfitness__M4__L8__eps0p025__g0p015__ds0p3__dm0p01
Problem: QUBO
Kernel: rbf
Advantage: normalizedfitness
M: 4
lambda: 8
epsilon_svgd: 0.025
gamma: 0.015
decay_start_ratio: 0.3
decay_min_factor: 0.01
bandwith_kernel: None
no_interact: False
avg_score: -2053.4599609375
median_score: -2053.5
std_score: 153.37388610839844
percentiles: 2%=-2389.639892578125, 5%=-2277.75, 10%=-2241.199951171875, 25%=-2154.5, 50%=-2053.5, 75%=-1948.5, 90%=-1837.199951171875, 95%=-1809.949951171875, 98%=-1777.5399169921875
ranking_best_algo: SVM1MetaModelLogNormal
ranking_best_score: 2605.14
ranking_my_rank: 246/504 (51.4%)
ranking_my_percent: 51.388888888888886
