ConfigName: krbf__advnormalizedfitness__M3__L12__eps0p015__g0p005__ds0p15__dm0p01
Problem: QUBO
Kernel: rbf
Advantage: normalizedfitness
M: 3
lambda: 12
epsilon_svgd: 0.015
gamma: 0.005
decay_start_ratio: 0.15
decay_min_factor: 0.01
bandwith_kernel: None
no_interact: False
avg_score: -2455.919921875
median_score: -2470.5
std_score: 165.7903289794922
percentiles: 2%=-2786.52001953125, 5%=-2733.199951171875, 10%=-2646.0, 25%=-2571.5, 50%=-2470.5, 75%=-2326.25, 90%=-2221.39990234375, 95%=-2197.800048828125, 98%=-2177.85986328125
ranking_best_algo: SVM1MetaModelLogNormal
ranking_best_score: 2605.14
ranking_my_rank: 81/504 (84.1%)
ranking_my_percent: 84.12698412698413
