ConfigName: kjsd__advperagentrankweighted__M5__L10__eps0p008__g0p0005__ds0p05__dm0p05
Problem: QUBO
Kernel: jsd
Advantage: peragentrankweighted
M: 5
lambda: 10
epsilon_svgd: 0.008
gamma: 0.0005
decay_start_ratio: 0.05
decay_min_factor: 0.05
bandwith_kernel: None
no_interact: False
avg_score: -1629.0799560546875
median_score: -1631.5
std_score: 62.59340286254883
percentiles: 2%=-1738.06005859375, 5%=-1732.050048828125, 10%=-1709.0999755859375, 25%=-1670.5, 50%=-1631.5, 75%=-1580.75, 90%=-1554.300048828125, 95%=-1527.0, 98%=-1514.8399658203125
ranking_best_algo: NLOPT_LN_PRAXIS
ranking_best_score: 1607.12
ranking_my_rank: 1/504 (100.0%)
ranking_my_percent: 100.0
