ConfigName: krbf__advnormalizedfitness__M4__L10__eps0p025__g0p005__ds0p3__dm0p01
Problem: QUBO
Kernel: rbf
Advantage: normalizedfitness
M: 4
lambda: 10
epsilon_svgd: 0.025
gamma: 0.005
decay_start_ratio: 0.3
decay_min_factor: 0.01
bandwith_kernel: None
no_interact: False
avg_score: -441.9800109863281
median_score: -440.5
std_score: 25.981523513793945
percentiles: 2%=-492.1199951171875, 5%=-485.20001220703125, 10%=-478.1000061035156, 25%=-460.25, 50%=-440.5, 75%=-423.75, 90%=-409.0, 95%=-403.0, 98%=-395.94000244140625
ranking_best_algo: CMApara
ranking_best_score: 453.82
ranking_my_rank: 10/504 (98.2%)
ranking_my_percent: 98.21428571428571
