ConfigName: kjsd__advperagentrankweighted__M10__L10__eps0p005__g0p0005__ds0p05__dm0p05
Problem: QUBO
Kernel: jsd
Advantage: peragentrankweighted
M: 10
lambda: 10
epsilon_svgd: 0.005
gamma: 0.0005
decay_start_ratio: 0.05
decay_min_factor: 0.05
bandwith_kernel: None
no_interact: False
avg_score: -1175.9000244140625
median_score: -1168.0
std_score: 83.40174865722656
percentiles: 2%=-1355.1199951171875, 5%=-1317.199951171875, 10%=-1304.0999755859375, 25%=-1230.25, 50%=-1168.0, 75%=-1118.75, 90%=-1077.800048828125, 95%=-1050.0999755859375, 98%=-1022.8800048828125
ranking_best_algo: BigLognormalDiscreteOnePlusOne
ranking_best_score: 1301.3600000000004
ranking_my_rank: 98/504 (80.8%)
ranking_my_percent: 80.75396825396825
