ConfigName: kjsd__advperagentrankweighted__M3__L20__eps0p005__g0p003__ds0p05__dm0p2
Problem: NK
Kernel: jsd
Advantage: peragentrankweighted
M: 3
lambda: 20
epsilon_svgd: 0.005
gamma: 0.003
decay_start_ratio: 0.05
decay_min_factor: 0.2
bandwith_kernel: None
no_interact: False
avg_score: 0.6932912468910217
median_score: 0.6986749172210693
std_score: 0.025962375104427338
percentiles: 2%=0.6477471590042114, 5%=0.6526936888694763, 10%=0.658059298992157, 25%=0.6703369617462158, 50%=0.6986749172210693, 75%=0.7133501768112183, 90%=0.7270663380622864, 95%=0.7291858792304993, 98%=0.740872859954834
ranking_best_algo: Tabu
ranking_best_score: 0.7601875690625
ranking_my_rank: 308/504 (39.1%)
ranking_my_percent: 39.08730158730159
