ConfigName: kjsd__advperagentrankweighted__M3__L16__eps0p01__g0p003__ds0p05__dm0p2
Problem: NK
Kernel: jsd
Advantage: peragentrankweighted
M: 3
lambda: 16
epsilon_svgd: 0.01
gamma: 0.003
decay_start_ratio: 0.05
decay_min_factor: 0.2
bandwith_kernel: None
no_interact: False
avg_score: 0.7332902550697327
median_score: 0.7352805137634277
std_score: 0.0094536654651165
percentiles: 2%=0.7104294896125793, 5%=0.7144607305526733, 10%=0.7190559506416321, 25%=0.7277825474739075, 50%=0.7352805137634277, 75%=0.7403075098991394, 90%=0.744392454624176, 95%=0.7462232112884521, 98%=0.7475122809410095
ranking_best_algo: PBIL
ranking_best_score: 0.7248786399609374
ranking_my_rank: 1/504 (100.0%)
ranking_my_percent: 100.0
