Problem: NK
Kernel: rbf
Advantage: peragentrankweighted
M: 3
lambda: 7
epsilon_svgd: 0.8
gamma: 5e-05
bandwith_kernel: None
no_interact: True
avg_score: 0.7460253834724426
median_score: 0.7423104643821716
std_score: 0.027927223592996597
percentiles: 2%=0.7075571417808533, 5%=0.7102099657058716, 10%=0.7146338820457458, 25%=0.725959062576294, 50%=0.7423104643821716, 75%=0.7580187320709229, 90%=0.778337299823761, 95%=0.8118547797203064, 98%=0.8118547797203064
ranking_best_algo: CMApara
ranking_best_score: 0.7459277895312499
ranking_my_rank: 1/505 (100.0%)
