ConfigName: kjsd__advperagentrankweighted__M4__L12__eps0p005__g0p0003__ds0p05__dm0p05
Problem: QUBO
Kernel: jsd
Advantage: peragentrankweighted
M: 4
lambda: 12
epsilon_svgd: 0.005
gamma: 0.0003
decay_start_ratio: 0.05
decay_min_factor: 0.05
bandwith_kernel: None
no_interact: False
avg_score: -2648.419921875
median_score: -2635.5
std_score: 112.9328384399414
percentiles: 2%=-2865.10009765625, 5%=-2837.64990234375, 10%=-2788.0, 25%=-2733.25, 50%=-2635.5, 75%=-2566.75, 90%=-2503.89990234375, 95%=-2473.300048828125, 98%=-2437.56005859375
ranking_best_algo: DiscreteLengler2OnePlusOne
ranking_best_score: 2617.04
ranking_my_rank: 1/504 (100.0%)
ranking_my_percent: 100.0
