ConfigName: krbf__advnormalizedfitness__M4__L10__eps0p033__g0p007__ds0p01__dm0p01
Problem: QUBO
Kernel: rbf
Advantage: normalizedfitness
M: 4
lambda: 10
epsilon_svgd: 0.033
gamma: 0.007
decay_start_ratio: 0.01
decay_min_factor: 0.01
bandwith_kernel: None
no_interact: False
avg_score: -933.4000244140625
median_score: -928.0
std_score: 67.74024200439453
percentiles: 2%=-1074.0400390625, 5%=-1059.3499755859375, 10%=-1025.9000244140625, 25%=-983.0, 50%=-928.0, 75%=-882.5, 90%=-849.0, 95%=-834.9000244140625, 98%=-816.4798583984375
ranking_best_algo: CMApara
ranking_best_score: 964.9
ranking_my_rank: 19/504 (96.4%)
ranking_my_percent: 96.42857142857143
