ConfigName: krbf__advnormalizedfitness__M3__L12__eps0p033__g0p01__ds0p01__dm0p01
Problem: QUBO
Kernel: rbf
Advantage: normalizedfitness
M: 3
lambda: 12
epsilon_svgd: 0.033
gamma: 0.01
decay_start_ratio: 0.01
decay_min_factor: 0.01
bandwith_kernel: None
no_interact: False
avg_score: -578.3800048828125
median_score: -579.0
std_score: 29.351926803588867
percentiles: 2%=-633.0, 5%=-621.0, 10%=-616.0999755859375, 25%=-600.0, 50%=-579.0, 75%=-556.5, 90%=-538.0, 95%=-531.8500366210938, 98%=-523.8399658203125
ranking_best_algo: Tabu
ranking_best_score: 588.7199999999999
ranking_my_rank: 42/503 (91.8%)
ranking_my_percent: 91.84890656063618
