ConfigName: kjsd__advperagentrankweighted__M4__L24__eps0p01__g0p0005__ds0p4__dm0p05
Problem: NK
Kernel: jsd
Advantage: peragentrankweighted
M: 4
lambda: 24
epsilon_svgd: 0.01
gamma: 0.0005
decay_start_ratio: 0.4
decay_min_factor: 0.05
bandwith_kernel: None
no_interact: False
avg_score: 0.7330424785614014
median_score: 0.7327291369438171
std_score: 0.009115123189985752
percentiles: 2%=0.7181364297866821, 5%=0.7203397154808044, 10%=0.7217788696289062, 25%=0.7259292006492615, 50%=0.7327291369438171, 75%=0.7398539185523987, 90%=0.7447817921638489, 95%=0.7479768991470337, 98%=0.7496324777603149
ranking_best_algo: Tabu
ranking_best_score: 0.7429702712499999
ranking_my_rank: 2/504 (99.8%)
ranking_my_percent: 99.8015873015873
