ConfigName: krbf__advnormalizedfitness__M2__L8__eps0p015__g0p015__ds0p15__dm0p01
Problem: QUBO
Kernel: rbf
Advantage: normalizedfitness
M: 2
lambda: 8
epsilon_svgd: 0.015
gamma: 0.015
decay_start_ratio: 0.15
decay_min_factor: 0.01
bandwith_kernel: None
no_interact: False
avg_score: -441.5199890136719
median_score: -447.0
std_score: 26.818082809448242
percentiles: 2%=-482.1400146484375, 5%=-479.1000061035156, 10%=-472.0, 25%=-461.0, 50%=-447.0, 75%=-421.25, 90%=-402.6000061035156, 95%=-394.8500061035156, 98%=-383.9200134277344
ranking_best_algo: CMApara
ranking_best_score: 453.82
ranking_my_rank: 11/504 (98.0%)
ranking_my_percent: 98.01587301587301
