ConfigName: kjsd__advperagentrankweighted__M3__L16__eps0p007__g0p0007__ds0p05__dm0p05
Problem: QUBO
Kernel: jsd
Advantage: peragentrankweighted
M: 3
lambda: 16
epsilon_svgd: 0.007
gamma: 0.0007
decay_start_ratio: 0.05
decay_min_factor: 0.05
bandwith_kernel: None
no_interact: False
avg_score: -913.0399780273438
median_score: -913.0
std_score: 67.5210952758789
percentiles: 2%=-1022.4400024414062, 5%=-1015.1500244140625, 10%=-1003.2000122070312, 25%=-958.0, 50%=-913.0, 75%=-869.75, 90%=-820.5999755859375, 95%=-801.9000244140625, 98%=-785.5999755859375
ranking_best_algo: CMAL3
ranking_best_score: 928.5800000000002
ranking_my_rank: 19/504 (96.4%)
ranking_my_percent: 96.42857142857143
