ConfigName: krbf__advnormalizedfitness__M4__L10__eps0p025__g0p01__ds0p05__dm0p05
Problem: QUBO
Kernel: rbf
Advantage: normalizedfitness
M: 4
lambda: 10
epsilon_svgd: 0.025
gamma: 0.01
decay_start_ratio: 0.05
decay_min_factor: 0.05
bandwith_kernel: None
no_interact: False
avg_score: -424.1600036621094
median_score: -426.5
std_score: 26.85618019104004
percentiles: 2%=-473.0, 5%=-467.0, 10%=-456.29998779296875, 25%=-443.0, 50%=-426.5, 75%=-408.0, 90%=-389.0, 95%=-377.8500061035156, 98%=-372.8999938964844
ranking_best_algo: CMAL3
ranking_best_score: 435.36
ranking_my_rank: 31/504 (94.0%)
ranking_my_percent: 94.04761904761905
