ConfigName: kjsd__advperagentrankweighted__M3__L16__eps0p005__g0p003__ds0p2__dm0p1
Problem: QUBO
Kernel: jsd
Advantage: peragentrankweighted
M: 3
lambda: 16
epsilon_svgd: 0.005
gamma: 0.003
decay_start_ratio: 0.2
decay_min_factor: 0.1
bandwith_kernel: None
no_interact: False
avg_score: -560.1799926757812
median_score: -560.0
std_score: 36.523521423339844
percentiles: 2%=-632.02001953125, 5%=-623.2000122070312, 10%=-603.2000122070312, 25%=-585.0, 50%=-560.0, 75%=-536.75, 90%=-516.5999755859375, 95%=-500.54998779296875, 98%=-473.9599914550781
ranking_best_algo: Tabu
ranking_best_score: 588.7199999999999
ranking_my_rank: 101/503 (80.1%)
ranking_my_percent: 80.11928429423459
