ConfigName: krbf__advnormalizedfitness__M3__L10__eps0p033__g0p007__ds0p01__dm0p3
Problem: QUBO
Kernel: rbf
Advantage: normalizedfitness
M: 3
lambda: 10
epsilon_svgd: 0.033
gamma: 0.007
decay_start_ratio: 0.01
decay_min_factor: 0.3
bandwith_kernel: None
no_interact: False
avg_score: -306.5799865722656
median_score: -312.0
std_score: 40.458168029785156
percentiles: 2%=-388.0400085449219, 5%=-384.1000061035156, 10%=-355.5999755859375, 25%=-334.5, 50%=-312.0, 75%=-269.75, 90%=-258.79998779296875, 95%=-253.550048828125, 98%=-242.0
ranking_best_algo: CMApara
ranking_best_score: 319.29999999999995
ranking_my_rank: 112/504 (78.0%)
ranking_my_percent: 77.97619047619048
