ConfigName: kfr__advglobalrankweighted__M4__L12__eps0p02__g0p003__ds0p01__dm0p01
Problem: QUBO
Kernel: fr
Advantage: globalrankweighted
M: 4
lambda: 12
epsilon_svgd: 0.02
gamma: 0.003
decay_start_ratio: 0.01
decay_min_factor: 0.01
bandwith_kernel: None
no_interact: False
avg_score: -138.75999450683594
median_score: -141.0
std_score: 11.316466331481934
percentiles: 2%=-158.0, 5%=-158.0, 10%=-153.1999969482422, 25%=-146.0, 50%=-141.0, 75%=-130.75, 90%=-125.0, 95%=-120.90000915527344, 98%=-114.87997436523438
ranking_best_algo: DiscreteDE
ranking_best_score: 143.4
ranking_my_rank: 96/504 (81.2%)
ranking_my_percent: 81.15079365079364
