ConfigName: kjsd__advperagentrankweighted__M3__L18__eps0p01__g0p0007__ds0p05__dm0p2
Problem: QUBO
Kernel: jsd
Advantage: peragentrankweighted
M: 3
lambda: 18
epsilon_svgd: 0.01
gamma: 0.0007
decay_start_ratio: 0.05
decay_min_factor: 0.2
bandwith_kernel: None
no_interact: False
avg_score: -409.1600036621094
median_score: -413.5
std_score: 28.509197235107422
percentiles: 2%=-467.0799865722656, 5%=-454.04998779296875, 10%=-440.6000061035156, 25%=-426.25, 50%=-413.5, 75%=-392.0, 90%=-367.79998779296875, 95%=-361.8999938964844, 98%=-357.55999755859375
ranking_best_algo: Tabu
ranking_best_score: 438.12
ranking_my_rank: 112/504 (78.0%)
ranking_my_percent: 77.97619047619048
