ConfigName: krbf__advnormalizedfitness__M3__L8__eps0p025__g0p007__ds0p15__dm0p01
Problem: NK
Kernel: rbf
Advantage: normalizedfitness
M: 3
lambda: 8
epsilon_svgd: 0.025
gamma: 0.007
decay_start_ratio: 0.15
decay_min_factor: 0.01
bandwith_kernel: None
no_interact: False
avg_score: 0.7076762318611145
median_score: 0.7106409072875977
std_score: 0.011730299331247807
percentiles: 2%=0.6889285445213318, 5%=0.6899856925010681, 10%=0.6923379302024841, 25%=0.695958137512207, 50%=0.7106409072875977, 75%=0.718097984790802, 90%=0.7213536500930786, 95%=0.723475456237793, 98%=0.7251482605934143
ranking_best_algo: PBIL
ranking_best_score: 0.7013553837109374
ranking_my_rank: 1/504 (100.0%)
ranking_my_percent: 100.0
